  1.0000E-03  7.5323E+44  0.0000E+00  3.8104E+41  7.5285E+44
  1.1220E-03  8.1307E+44  0.0000E+00  5.0903E+41  8.1256E+44
  1.2590E-03  8.7523E+44  0.0000E+00  6.4933E+41  8.7459E+44
  1.4130E-03  9.4014E+44  0.0000E+00  7.9672E+41  9.3934E+44
  1.5850E-03  1.0146E+45  0.0000E+00  9.4761E+41  1.0137E+45
  1.7780E-03  1.1191E+45  0.0000E+00  1.2198E+42  1.1179E+45
  1.9950E-03  1.1669E+45  0.0000E+00  1.5683E+42  1.1654E+45
  2.2390E-03  1.2354E+45  0.0000E+00  1.7924E+42  1.2336E+45
  2.5120E-03  1.3455E+45  0.0000E+00  2.4500E+42  1.3430E+45
  2.8180E-03  1.3610E+45  0.0000E+00  3.1237E+42  1.3579E+45
  3.1620E-03  1.3912E+45  0.0000E+00  3.7374E+42  1.3874E+45
  3.5480E-03  1.4297E+45  0.0000E+00  4.3190E+42  1.4254E+45
  3.9810E-03  1.4814E+45  0.0000E+00  4.8452E+42  1.4766E+45
  4.4670E-03  2.3672E+45  0.0000E+00  5.3679E+42  2.3619E+45
  5.0120E-03  2.3656E+45  0.0000E+00  7.2946E+42  2.3583E+45
  5.6230E-03  2.3649E+45  0.0000E+00  9.3959E+42  2.3555E+45
  5.9570E-03  2.3706E+45  0.0000E+00  1.0478E+43  2.3601E+45
  6.6830E-03  2.4087E+45  0.0000E+00  1.2618E+43  2.3961E+45
  7.4990E-03  2.4945E+45  0.0000E+00  1.4830E+43  2.4797E+45
  8.4140E-03  2.5520E+45  0.0000E+00  1.7307E+43  2.5347E+45
  9.4410E-03  2.6546E+45  0.0000E+00  1.9640E+43  2.6349E+45
  1.0590E-02  2.8595E+45  0.0000E+00  2.1162E+43  2.8384E+45
  1.1890E-02  2.9539E+45  0.0000E+00  2.5121E+43  2.9287E+45
  1.3340E-02  3.1046E+45  0.0000E+00  2.8003E+43  3.0766E+45
  1.4960E-02  3.2140E+45  0.0000E+00  3.1741E+43  3.1823E+45
  1.6790E-02  3.3506E+45  0.0000E+00  3.5422E+43  3.3152E+45
  1.8840E-02  3.5203E+45  0.0000E+00  3.9008E+43  3.4813E+45
  2.1130E-02  3.6714E+45  0.0000E+00  4.3818E+43  3.6276E+45
  2.3710E-02  3.8199E+45  0.0000E+00  4.8807E+43  3.7710E+45
  2.6610E-02  3.9497E+45  0.0000E+00  5.4176E+43  3.8955E+45
  2.9850E-02  4.0844E+45  9.2243E-84  5.9739E+43  4.0247E+45
  3.3500E-02  4.2189E+45  5.5593E-69  6.5531E+43  4.1534E+45
  3.7580E-02  4.6353E+45  6.8534E-56  7.1842E+43  4.5635E+45
  4.2170E-02  4.7908E+45  2.8064E-44  8.6635E+43  4.7042E+45
  4.7320E-02  4.4092E+45  6.4746E-34  9.6328E+43  4.3129E+45
  5.3090E-02  3.6296E+45  9.9283E-25  9.8075E+43  3.5315E+45
  6.6830E-02  1.4113E+45  1.9482E-09  8.3533E+43  1.3277E+45
  7.4990E-02  7.7473E+44  4.4858E-03  6.8105E+43  7.0663E+44
  8.4140E-02  8.7631E+44  2.6164E+03  6.8474E+43  8.0783E+44
  9.4410E-02  9.5250E+44  3.4006E+08  7.0013E+43  8.8249E+44
  1.0590E-01  1.3168E+45  1.2814E+13  7.4714E+43  1.2421E+45
  1.1890E-01  1.7767E+45  1.3037E+17  6.9166E+43  1.7075E+45
  1.3340E-01  2.1175E+45  3.2189E+20  6.1888E+43  2.0556E+45
  1.4960E-01  2.2418E+45  4.2003E+23  5.1100E+43  2.1907E+45
  1.5850E-01  2.1412E+45  1.2723E+25  4.6823E+43  2.0944E+45
  1.7780E-01  1.6605E+45  6.3775E+27  4.0843E+43  1.6197E+45
  1.9950E-01  9.1747E+44  1.4666E+30  3.1676E+43  8.8580E+44
  2.2390E-01  5.9481E+44  1.5768E+32  2.5264E+43  5.6955E+44
  2.3710E-01  7.2826E+44  1.2778E+33  2.5626E+43  7.0263E+44
  2.5120E-01  9.0221E+44  8.9381E+33  2.4825E+43  8.7738E+44
  2.6610E-01  1.0141E+45  5.5011E+34  2.2969E+43  9.9116E+44
  2.8180E-01  1.0766E+45  2.9983E+35  2.0782E+43  1.0559E+45
  2.9850E-01  1.1078E+45  1.4601E+36  1.8725E+43  1.0890E+45
  3.1620E-01  1.1262E+45  6.3456E+36  1.6897E+43  1.1093E+45
  3.3500E-01  1.1348E+45  2.5063E+37  1.5218E+43  1.1196E+45
  3.5480E-01  1.1327E+45  9.0121E+37  1.3676E+43  1.1190E+45
  3.7580E-01  1.1282E+45  2.9986E+38  1.2235E+43  1.1159E+45
  3.9810E-01  1.1157E+45  9.1438E+38  1.0965E+43  1.1048E+45
  4.2170E-01  1.1091E+45  2.5762E+39  9.7644E+42  1.0994E+45
  4.4670E-01  1.0996E+45  6.7165E+39  8.7048E+42  1.0909E+45
  4.7320E-01  1.0879E+45  1.6458E+40  7.7302E+42  1.0801E+45
  5.0120E-01  1.0735E+45  3.7985E+40  6.8372E+42  1.0666E+45
  5.3090E-01  1.0593E+45  8.3230E+40  6.0084E+42  1.0532E+45
  5.6230E-01  1.0395E+45  1.7200E+41  5.2856E+42  1.0340E+45
  5.9570E-01  1.0162E+45  3.3818E+41  4.6408E+42  1.0112E+45
  6.3100E-01  9.9225E+44  6.3323E+41  4.0582E+42  9.8756E+44
  6.6830E-01  9.6765E+44  1.1311E+42  3.5314E+42  9.6298E+44
  7.0790E-01  9.4179E+44  1.9339E+42  3.0650E+42  9.3679E+44
  7.4990E-01  9.1362E+44  3.1667E+42  2.6561E+42  9.0779E+44
  7.9430E-01  8.8532E+44  4.9794E+42  2.2912E+42  8.7805E+44
  8.4140E-01  8.5726E+44  7.5541E+42  1.9660E+42  8.4774E+44
  8.9130E-01  8.3130E+44  1.1101E+43  1.6718E+42  8.1852E+44
  9.4410E-01  8.0564E+44  1.5789E+43  1.4142E+42  7.8844E+44
  1.0000E+00  7.7945E+44  2.1763E+43  1.1928E+42  7.5650E+44
  1.0590E+00  7.5377E+44  2.9135E+43  1.0040E+42  7.2364E+44
  1.1220E+00  7.2898E+44  3.8154E+43  8.4056E+41  6.8998E+44
  1.1890E+00  7.0593E+44  4.8952E+43  6.9867E+41  6.5627E+44
  1.2590E+00  6.8589E+44  6.1315E+43  5.7507E+41  6.2400E+44
  1.3340E+00  6.6698E+44  7.5440E+43  4.7103E+41  5.9106E+44
  1.4130E+00  6.4935E+44  9.0785E+43  3.8634E+41  5.5817E+44
  1.4960E+00  6.3346E+44  1.0716E+44  3.1667E+41  5.2598E+44
  1.5850E+00  6.1918E+44  1.2489E+44  2.5830E+41  4.9402E+44
  1.6790E+00  6.0661E+44  1.4311E+44  2.0917E+41  4.6328E+44
  1.7780E+00  5.9522E+44  1.6113E+44  1.6777E+41  4.3391E+44
  1.8840E+00  5.8454E+44  1.7909E+44  1.3307E+41  4.0532E+44
  1.9950E+00  5.7421E+44  1.9582E+44  1.0441E+41  3.7829E+44
  2.1130E+00  5.6355E+44  2.1118E+44  8.1048E+40  3.5229E+44
  2.2390E+00  5.5192E+44  2.2455E+44  6.2271E+40  3.2731E+44
  2.3710E+00  5.3898E+44  2.3506E+44  4.7418E+40  3.0387E+44
  2.5120E+00  5.2447E+44  2.4295E+44  3.5837E+40  2.8148E+44
  2.6610E+00  5.0809E+44  2.4760E+44  2.6903E+40  2.6046E+44
  2.8180E+00  4.8950E+44  2.4865E+44  2.0059E+40  2.4083E+44
  2.9850E+00  4.6888E+44  2.4648E+44  1.4866E+40  2.2238E+44
  3.1620E+00  4.4620E+44  2.4103E+44  1.0950E+40  2.0516E+44
  3.3500E+00  4.2247E+44  2.3339E+44  8.0326E+39  1.8907E+44
  3.5480E+00  3.9686E+44  2.2261E+44  5.8546E+39  1.7424E+44
  3.7580E+00  3.7038E+44  2.0992E+44  4.2444E+39  1.6045E+44
  3.9810E+00  3.4339E+44  1.9573E+44  3.0613E+39  1.4766E+44
  4.2170E+00  3.1624E+44  1.8039E+44  2.1969E+39  1.3585E+44
  4.4670E+00  2.8935E+44  1.6442E+44  1.5687E+39  1.2493E+44
  4.7320E+00  2.6336E+44  1.4851E+44  1.1152E+39  1.1485E+44
  5.0120E+00  2.3888E+44  1.3307E+44  7.9118E+38  1.0582E+44
  5.3090E+00  2.1267E+44  1.1835E+44  5.4995E+38  9.4323E+43
  5.6230E+00  1.8814E+44  1.0471E+44  3.7959E+38  8.3429E+43
  5.9570E+00  1.6557E+44  9.2363E+43  2.6037E+38  7.3204E+43
  6.3100E+00  1.4440E+44  8.0581E+43  1.7686E+38  6.3816E+43
  6.6830E+00  1.2578E+44  7.0484E+43  1.1960E+38  5.5293E+43
  7.0790E+00  1.0859E+44  6.0976E+43  7.9793E+37  4.7612E+43
  7.4990E+00  9.8383E+43  5.7655E+43  5.4935E+37  4.0728E+43
  7.9430E+00  1.1204E+44  7.7539E+43  4.6568E+37  3.4505E+43
  8.4140E+00  1.4712E+44  1.1821E+44  4.8613E+37  2.8906E+43
  8.9130E+00  1.7234E+44  1.4824E+44  4.9268E+37  2.4104E+43
  9.4410E+00  1.8671E+44  1.6668E+44  5.1602E+37  2.0029E+43
  1.0000E+01  1.4812E+44  1.3125E+44  3.4843E+37  1.6865E+43
  1.0590E+01  1.0992E+44  9.5722E+43  2.1390E+37  1.4196E+43
  1.1220E+01  7.6686E+43  6.4784E+43  1.1572E+37  1.1902E+43
  1.1890E+01  5.4194E+43  4.4275E+43  6.3898E+36  9.9195E+42
  1.2590E+01  3.8143E+43  2.9887E+43  3.4629E+36  8.2560E+42
  1.3340E+01  2.7168E+43  2.0338E+43  1.8806E+36  6.8295E+42
  1.4130E+01  2.0663E+43  1.5031E+43  1.0688E+36  5.6318E+42
  1.4960E+01  1.8404E+43  1.3777E+43  7.1798E+35  4.6272E+42
  1.5850E+01  1.7004E+43  1.3223E+43  5.1925E+35  3.7814E+42
  1.6790E+01  1.5723E+43  1.2638E+43  3.9095E+35  3.0852E+42
  1.7780E+01  1.4002E+43  1.1485E+43  2.9341E+35  2.5172E+42
  1.8840E+01  1.1636E+43  9.5867E+42  2.0763E+35  2.0488E+42
  1.9950E+01  9.0419E+42  7.3706E+42  1.3454E+35  1.6714E+42
  2.1130E+01  6.9063E+42  5.5456E+42  8.3343E+34  1.3606E+42
  2.2390E+01  5.3028E+42  4.1988E+42  5.1715E+34  1.1040E+42
  2.3710E+01  4.0960E+42  3.1996E+42  3.2139E+34  8.9643E+41
  2.5120E+01  3.1706E+42  2.4450E+42  2.0054E+34  7.2562E+41
  2.6610E+01  2.4566E+42  1.8697E+42  1.2495E+34  5.8694E+41
  2.8180E+01  1.9081E+42  1.4334E+42  7.8226E+33  4.7474E+41
  2.9850E+01  1.4808E+42  1.0975E+42  4.9030E+33  3.8325E+41
  3.1620E+01  1.1465E+42  8.3749E+41  3.0669E+33  3.0903E+41
  3.3500E+01  8.8535E+41  6.3651E+41  1.9153E+33  2.4884E+41
  3.5480E+01  6.8306E+41  4.8262E+41  1.1962E+33  2.0044E+41
  3.7580E+01  5.2484E+41  3.6355E+41  7.4463E+32  1.6129E+41
  3.9810E+01  4.0064E+41  2.7102E+41  4.6128E+32  1.2962E+41
  4.2170E+01  3.0464E+41  2.0051E+41  2.8471E+32  1.0412E+41
  4.4670E+01  2.3087E+41  1.4729E+41  1.7500E+32  8.3588E+40
  4.7320E+01  1.7458E+41  1.0753E+41  1.0728E+32  6.7049E+40
  5.0120E+01  1.3192E+41  7.8137E+40  6.5674E+31  5.3781E+40
  5.3090E+01  9.9594E+40  5.6493E+40  4.0156E+31  4.3101E+40
  5.6230E+01  7.5250E+40  4.0712E+40  2.4556E+31  3.4538E+40
  5.9570E+01  5.6843E+40  2.9207E+40  1.5005E+31  2.7636E+40
  6.3100E+01  4.3027E+40  2.0912E+40  9.1821E+30  2.2115E+40
  6.6830E+01  3.2645E+40  1.4947E+40  5.6284E+30  1.7698E+40
  7.0790E+01  2.4815E+40  1.0665E+40  3.4539E+30  1.4150E+40
  7.4990E+01  1.8901E+40  7.5956E+39  2.1226E+30  1.1306E+40
  7.9430E+01  1.4441E+40  5.4070E+39  1.3074E+30  9.0339E+39
  8.4140E+01  1.1059E+40  3.8455E+39  8.0645E+29  7.2139E+39
  8.9130E+01  8.4936E+39  2.7353E+39  4.9843E+29  5.7583E+39
  9.4410E+01  6.5417E+39  1.9454E+39  3.0869E+29  4.5962E+39
  1.0000E+02  5.0516E+39  1.3835E+39  1.9151E+29  3.6681E+39
  1.0590E+02  3.9137E+39  9.8496E+38  1.1912E+29  2.9287E+39
  1.1220E+02  3.0347E+39  7.0104E+38  7.4054E+28  2.3337E+39
  1.1890E+02  2.3574E+39  4.9983E+38  4.6081E+28  1.8575E+39
  1.2590E+02  1.8415E+39  3.5872E+38  2.8814E+28  1.4828E+39
  1.3340E+02  1.4384E+39  2.5803E+38  1.8028E+28  1.1803E+39
  1.4130E+02  1.1256E+39  1.8497E+38  1.1338E+28  9.4063E+38
  1.4960E+02  8.8181E+38  1.3099E+38  7.1300E+27  7.5083E+38
  1.5850E+02  6.8974E+38  9.2204E+37  4.4611E+27  5.9754E+38
  1.7780E+02  4.2538E+38  4.6098E+37  1.7538E+27  3.7929E+38
  1.9950E+02  2.6351E+38  2.3144E+37  6.9102E+26  2.4037E+38
  2.2390E+02  1.6376E+38  1.1635E+37  2.7283E+26  1.5212E+38
  2.5120E+02  1.0222E+38  5.8619E+36  1.0806E+26  9.6359E+37
  2.8180E+02  6.3990E+37  2.9549E+36  4.2881E+25  6.1035E+37
  3.1620E+02  4.0102E+37  1.4886E+36  1.7021E+25  3.8613E+37
  3.5480E+02  2.5169E+37  7.5007E+35  6.7596E+24  2.4419E+37
  3.9810E+02  1.5819E+37  3.7793E+35  2.6874E+24  1.5441E+37
  4.4670E+02  9.9501E+36  1.9037E+35  1.0687E+24  9.7597E+36
  5.0120E+02  6.2651E+36  9.5909E+34  4.2529E+23  6.1692E+36
  5.6230E+02  3.9485E+36  4.8330E+34  1.6931E+23  3.9002E+36
  6.3100E+02  2.4872E+36  2.4328E+34  6.7361E+22  2.4629E+36
  7.0790E+02  1.5690E+36  1.2257E+34  2.6835E+22  1.5568E+36
  7.9430E+02  9.8940E+35  6.1690E+33  1.0684E+22  9.8323E+35
  8.9130E+02  6.2387E+35  3.1034E+33  4.2525E+21  6.2076E+35
  1.0000E+03  3.9369E+35  1.5617E+33  1.6940E+21  3.9213E+35
