  1.0000E-03  4.4683E+43  0.0000E+00  5.3009E+41  4.4153E+43
  1.1220E-03  2.3913E+43  0.0000E+00  6.8730E+41  2.3226E+43
  1.2590E-03  1.2471E+43  0.0000E+00  8.4742E+41  1.1623E+43
  1.4130E-03  6.6016E+42  0.0000E+00  1.0009E+42  5.6007E+42
  1.5850E-03  4.1850E+42  0.0000E+00  1.1435E+42  3.0414E+42
  1.7780E-03  4.0338E+42  0.0000E+00  1.4278E+42  2.6060E+42
  1.9950E-03  2.4576E+42  0.0000E+00  1.7440E+42  7.1351E+41
  2.2390E-03  2.1561E+42  0.0000E+00  1.8871E+42  2.6902E+41
  2.5120E-03  2.6802E+42  0.0000E+00  2.4977E+42  1.8244E+41
  2.8180E-03  3.0393E+42  0.0000E+00  3.0118E+42  2.7572E+40
  3.1620E-03  3.4291E+42  0.0000E+00  3.4240E+42  5.1072E+39
  3.5480E-03  3.7808E+42  0.0000E+00  3.7797E+42  1.0513E+39
  3.9810E-03  4.0800E+42  0.0000E+00  4.0798E+42  2.5319E+38
  4.4670E-03  6.7658E+42  0.0000E+00  6.6098E+42  1.5602E+41
  5.0120E-03  8.0936E+42  0.0000E+00  8.0739E+42  1.9677E+40
  5.6230E-03  9.4248E+42  0.0000E+00  9.4222E+42  2.5205E+39
  5.9570E-03  1.0041E+43  0.0000E+00  1.0040E+43  9.4524E+38
  6.6830E-03  1.1166E+43  0.0000E+00  1.1166E+43  1.6543E+38
  7.4990E-03  1.2242E+43  0.0000E+00  1.2242E+43  4.2139E+37
  8.4140E-03  1.3390E+43  0.0000E+00  1.3390E+43  8.2698E+36
  9.4410E-03  1.4330E+43  0.0000E+00  1.4330E+43  2.2627E+36
  1.0590E-02  1.4622E+43  0.0000E+00  1.4622E+43  1.2786E+36
  1.1890E-02  1.6504E+43  0.0000E+00  1.6504E+43  2.9493E+35
  1.3340E-02  1.7467E+43  0.0000E+00  1.7467E+43  9.9292E+34
  1.4960E-02  1.8796E+43  0.0000E+00  1.8796E+43  2.4646E+34
  1.6790E-02  1.9912E+43  0.0000E+00  1.9912E+43  6.9712E+33
  1.8840E-02  2.0818E+43  0.0000E+00  2.0818E+43  2.3309E+33
  2.1130E-02  2.2224E+43  0.0000E+00  2.2224E+43  6.7268E+32
  2.3710E-02  2.3491E+43  0.0000E+00  2.3491E+43  1.8403E+32
  2.6610E-02  2.4676E+43  0.0000E+00  2.4676E+43  4.4419E+31
  2.9850E-02  2.5688E+43  2.1083E-88  2.5688E+43  1.0933E+31
  3.3500E-02  2.6557E+43  9.0326E-74  2.6557E+43  2.6216E+30
  3.7580E-02  2.8918E+43  1.0112E-60  2.8918E+43  1.9657E+30
  4.2170E-02  3.2753E+43  2.9190E-49  3.2753E+43  4.6264E+29
  4.7320E-02  3.1233E+43  3.0385E-39  3.1233E+43  1.3066E+28
  5.3090E-02  2.6659E+43  1.8200E-30  2.6659E+43  1.6738E+26
  6.6830E-02  1.2546E+43  9.6241E-17  1.2546E+43  5.0236E+18
  7.4990E-02  6.6016E+42  2.4109E-11  6.6016E+42  7.4814E+13
  8.4140E-02  7.6105E+42  2.4187E-05  7.6105E+42  1.1809E+15
  9.4410E-02  8.6736E+42  4.6266E+00  8.6736E+42  8.0627E+15
  1.0590E-01  1.3295E+43  8.5629E+05  1.3295E+43  1.7987E+19
  1.1890E-01  1.8405E+43  4.7973E+10  1.8405E+43  1.0474E+23
  1.3340E-01  2.2315E+43  3.8823E+14  2.2315E+43  5.4017E+25
  1.4960E-01  2.3132E+43  1.2188E+18  2.3132E+43  2.9127E+27
  1.5850E-01  2.2026E+43  4.4263E+19  2.2026E+43  5.6827E+27
  1.7780E-01  1.6903E+43  1.8078E+22  1.6903E+43  1.2768E+27
  1.9950E-01  8.4917E+42  9.6915E+23  8.4917E+42  5.9979E+23
  2.2390E-01  4.9911E+42  4.5659E+25  4.9911E+42  5.2131E+21
  2.3710E-01  6.1634E+42  1.1162E+27  6.1634E+42  1.1199E+24
  2.5120E-01  7.3646E+42  2.5014E+28  7.3646E+42  3.0374E+26
  2.6610E-01  7.8340E+42  3.4728E+29  7.8340E+42  1.3136E+28
  2.8180E-01  7.7905E+42  3.4695E+30  7.7905E+42  1.9431E+29
  2.9850E-01  7.5451E+42  2.7588E+31  7.5451E+42  1.5984E+30
  3.1620E-01  7.2509E+42  1.8804E+32  7.2509E+42  1.0473E+31
  3.3500E-01  6.9097E+42  1.1334E+33  6.9097E+42  5.8245E+31
  3.5480E-01  6.5234E+42  6.0029E+33  6.5234E+42  2.6835E+32
  3.7580E-01  6.1043E+42  2.9443E+34  6.1043E+42  1.2003E+33
  3.9810E-01  5.7074E+42  1.2856E+35  5.7074E+42  4.6752E+33
  4.2170E-01  5.3031E+42  5.3555E+35  5.3031E+42  2.0222E+34
  4.4670E-01  4.9309E+42  2.0458E+36  4.9309E+42  8.2614E+34
  4.7320E-01  4.5609E+42  7.3201E+36  4.5609E+42  3.2501E+35
  5.0120E-01  4.1942E+42  2.4478E+37  4.1942E+42  1.2123E+36
  5.3090E-01  3.8273E+42  7.8351E+37  3.8272E+42  4.5456E+36
  5.6230E-01  3.4903E+42  2.3070E+38  3.4901E+42  1.5198E+37
  5.9570E-01  3.1732E+42  6.3781E+38  3.1725E+42  4.7364E+37
  6.3100E-01  2.8732E+42  1.6761E+39  2.8714E+42  1.4341E+38
  6.6830E-01  2.5892E+42  4.1934E+39  2.5846E+42  4.2072E+38
  7.0790E-01  2.3341E+42  9.9813E+39  2.3230E+42  1.1809E+39
  7.4990E-01  2.1119E+42  2.2397E+40  2.0864E+42  3.0712E+39
  7.9430E-01  1.9250E+42  4.7996E+40  1.8693E+42  7.6663E+39
  8.4140E-01  1.7862E+42  9.8954E+40  1.6688E+42  1.8489E+40
  8.9130E-01  1.7251E+42  1.9921E+41  1.4813E+42  4.4532E+40
  9.4410E-01  1.7976E+42  3.8577E+41  1.3095E+42  1.0232E+41
  1.0000E+00  2.0844E+42  7.1216E+41  1.1542E+42  2.1800E+41
  1.0590E+00  2.7092E+42  1.2580E+42  1.0159E+42  4.3525E+41
  1.1220E+00  3.8664E+42  2.1498E+42  8.9063E+41  8.2591E+41
  1.1890E+00  5.8430E+42  3.5658E+42  7.7564E+41  1.5016E+42
  1.2590E+00  9.0599E+42  5.7405E+42  6.6872E+41  2.6507E+42
  1.3340E+00  1.3939E+43  8.9344E+42  5.7231E+41  4.4319E+42
  1.4130E+00  2.0727E+43  1.3294E+43  4.8812E+41  6.9444E+42
  1.4960E+00  2.9766E+43  1.9026E+43  4.1405E+41  1.0326E+43
  1.5850E+00  4.1514E+43  2.6451E+43  3.4805E+41  1.4715E+43
  1.6790E+00  5.6219E+43  3.5656E+43  2.8913E+41  2.0274E+43
  1.7780E+00  7.3874E+43  4.6581E+43  2.3673E+41  2.7056E+43
  1.8840E+00  9.4263E+43  5.9177E+43  1.9083E+41  3.4896E+43
  1.9950E+00  1.1657E+44  7.2855E+43  1.5150E+41  4.3563E+43
  2.1130E+00  1.3982E+44  8.7123E+43  1.1851E+41  5.2579E+43
  2.2390E+00  1.6275E+44  1.0123E+44  9.1442E+40  6.1430E+43
  2.3710E+00  1.8404E+44  1.1427E+44  6.9737E+40  6.9697E+43
  2.5120E+00  2.0275E+44  1.2584E+44  5.2680E+40  7.6860E+43
  2.6610E+00  2.1807E+44  1.3529E+44  3.9477E+40  8.2741E+43
  2.8180E+00  2.2952E+44  1.4223E+44  2.9366E+40  8.7266E+43
  2.9850E+00  2.3703E+44  1.4667E+44  2.1712E+40  9.0337E+43
  3.1620E+00  2.4067E+44  1.4856E+44  1.5963E+40  9.2095E+43
  3.3500E+00  2.4093E+44  1.4845E+44  1.1698E+40  9.2473E+43
  3.5480E+00  2.3792E+44  1.4597E+44  8.5284E+39  9.1946E+43
  3.7580E+00  2.3228E+44  1.4178E+44  6.1928E+39  9.0491E+43
  3.9810E+00  2.2445E+44  1.3616E+44  4.4797E+39  8.8278E+43
  4.2170E+00  2.1486E+44  1.2936E+44  3.2288E+39  8.5496E+43
  4.4670E+00  2.0396E+44  1.2168E+44  2.3185E+39  8.2281E+43
  4.7320E+00  1.9224E+44  1.1353E+44  1.6589E+39  7.8709E+43
  5.0120E+00  1.8023E+44  1.0515E+44  1.1851E+39  7.5076E+43
  5.3090E+00  1.6567E+44  9.6697E+43  8.3023E+38  6.8970E+43
  5.6230E+00  1.5104E+44  8.8433E+43  5.7766E+38  6.2603E+43
  5.9570E+00  1.3668E+44  8.0544E+43  3.9941E+38  5.6140E+43
  6.3100E+00  1.2246E+44  7.2545E+43  2.7345E+38  4.9913E+43
  6.6830E+00  1.0958E+44  6.5612E+43  1.8661E+38  4.3963E+43
  7.0790E+00  9.7117E+43  5.8686E+43  1.2558E+38  3.8431E+43
  7.4990E+00  8.7726E+43  5.5028E+43  8.6217E+37  3.2698E+43
  7.9430E+00  8.9039E+43  6.4002E+43  7.0040E+37  2.5038E+43
  8.4140E+00  9.9864E+43  8.3101E+43  6.9624E+37  1.6763E+43
  8.9130E+00  1.0690E+44  9.5798E+43  6.9245E+37  1.1103E+43
  9.4410E+00  1.0993E+44  1.0255E+44  7.2383E+37  7.3782E+42
  1.0000E+01  9.3029E+43  8.6133E+43  5.0437E+37  6.8960E+42
  1.0590E+01  7.5187E+43  6.8438E+43  3.2142E+37  6.7495E+42
  1.1220E+01  5.8146E+43  5.1457E+43  1.8131E+37  6.6896E+42
  1.1890E+01  4.5046E+43  3.8747E+43  1.0395E+37  6.2991E+42
  1.2590E+01  3.4740E+43  2.8948E+43  5.8469E+36  5.7922E+42
  1.3340E+01  2.6911E+43  2.1753E+43  3.2841E+36  5.1578E+42
  1.4130E+01  2.1769E+43  1.7350E+43  1.9151E+36  4.4184E+42
  1.4960E+01  1.9679E+43  1.6118E+43  1.3056E+36  3.5612E+42
  1.5850E+01  1.8321E+43  1.5514E+43  9.5981E+35  2.8067E+42
  1.6790E+01  1.7119E+43  1.4921E+43  7.3712E+35  2.1979E+42
  1.7780E+01  1.5585E+43  1.3841E+43  5.6674E+35  1.7433E+42
  1.8840E+01  1.3474E+43  1.2055E+43  4.1275E+35  1.4199E+42
  1.9950E+01  1.1067E+43  9.8731E+42  2.7595E+35  1.1935E+42
  2.1130E+01  8.9591E+42  7.9545E+42  1.7632E+35  1.0045E+42
  2.2390E+01  7.2705E+42  6.4331E+42  1.1276E+35  8.3736E+41
  2.3710E+01  5.9183E+42  5.2226E+42  7.2125E+34  6.9569E+41
  2.5120E+01  4.8127E+42  4.2386E+42  4.6261E+34  5.7415E+41
  2.6610E+01  3.9053E+42  3.4327E+42  2.9574E+34  4.7253E+41
  2.8180E+01  3.1637E+42  2.7756E+42  1.8951E+34  3.8808E+41
  2.9850E+01  2.5498E+42  2.2321E+42  1.2124E+34  3.1765E+41
  3.1620E+01  2.0412E+42  1.7817E+42  7.7166E+33  2.5951E+41
  3.3500E+01  1.6217E+42  1.4101E+42  4.8852E+33  2.1157E+41
  3.5480E+01  1.2802E+42  1.1078E+42  3.0805E+33  1.7243E+41
  3.7580E+01  1.0016E+42  8.6126E+41  1.9286E+33  1.4036E+41
  3.9810E+01  7.7519E+41  6.6106E+41  1.1970E+33  1.1413E+41
  4.2170E+01  5.9493E+41  5.0220E+41  7.3749E+32  9.2730E+40
  4.4670E+01  4.5316E+41  3.7789E+41  4.5089E+32  7.5264E+40
  4.7320E+01  3.4302E+41  2.8202E+41  2.7405E+32  6.1002E+40
  5.0120E+01  2.5844E+41  2.0903E+41  1.6586E+32  4.9407E+40
  5.3090E+01  1.9384E+41  1.5389E+41  9.9996E+31  3.9953E+40
  5.6230E+01  1.4501E+41  1.1273E+41  6.0159E+31  3.2279E+40
  5.9570E+01  1.0812E+41  8.2100E+40  3.6095E+31  2.6022E+40
  6.3100E+01  8.0558E+40  5.9594E+40  2.1655E+31  2.0964E+40
  6.6830E+01  6.0013E+40  4.3134E+40  1.2999E+31  1.6879E+40
  7.0790E+01  4.4700E+40  3.1132E+40  7.8062E+30  1.3568E+40
  7.4990E+01  3.3303E+40  2.2410E+40  4.6919E+30  1.0893E+40
  7.9430E+01  2.4850E+40  1.6109E+40  2.8262E+30  8.7411E+39
  8.4140E+01  1.8568E+40  1.1561E+40  1.7049E+30  7.0064E+39
  8.9130E+01  1.3904E+40  8.2928E+39  1.0311E+30  5.6112E+39
  9.4410E+01  1.0437E+40  5.9449E+39  6.2514E+29  4.4920E+39
  1.0000E+02  7.8534E+39  4.2591E+39  3.7994E+29  3.5942E+39
  1.0590E+02  5.9301E+39  3.0538E+39  2.3172E+29  2.8763E+39
  1.1220E+02  4.4851E+39  2.1886E+39  1.4143E+29  2.2965E+39
  1.1890E+02  3.4028E+39  1.5717E+39  8.6529E+28  1.8311E+39
  1.2590E+02  2.6008E+39  1.1369E+39  5.3286E+28  1.4638E+39
  1.3340E+02  1.9919E+39  8.2516E+38  3.2889E+28  1.1667E+39
  1.4130E+02  1.5266E+39  5.9570E+38  2.0397E+28  9.3088E+38
  1.4960E+02  1.1667E+39  4.2278E+38  1.2625E+28  7.4395E+38
  1.5850E+02  8.9078E+38  2.9806E+38  7.7821E+27  5.9272E+38
  1.7780E+02  5.2666E+38  1.4977E+38  2.9832E+27  3.7689E+38
  1.9950E+02  3.1481E+38  7.5637E+37  1.1516E+27  2.3917E+38
  2.2390E+02  1.8977E+38  3.8244E+37  4.4706E+26  1.5152E+38
  2.5120E+02  1.1543E+38  1.9370E+37  1.7461E+26  9.6058E+37
  2.8180E+02  7.0695E+37  9.8118E+36  6.8502E+25  6.0883E+37
  3.1620E+02  4.3502E+37  4.9647E+36  2.6936E+25  3.8537E+37
  3.5480E+02  2.6892E+37  2.5116E+36  1.0616E+25  2.4381E+37
  3.9810E+02  1.6692E+37  1.2701E+36  4.1942E+24  1.5422E+37
  4.4670E+02  1.0392E+37  6.4192E+35  1.6596E+24  9.7501E+36
  5.0120E+02  6.4887E+36  3.2438E+35  6.5771E+23  6.1643E+36
  5.6230E+02  4.0617E+36  1.6392E+35  2.6097E+23  3.8977E+36
  6.3100E+02  2.5444E+36  8.2723E+34  1.0356E+23  2.4616E+36
  7.0790E+02  1.5979E+36  4.1775E+34  4.1166E+22  1.5561E+36
  7.9430E+02  1.0040E+36  2.1072E+34  1.6361E+22  9.8292E+35
  8.9130E+02  6.3123E+35  1.0622E+34  6.5034E+21  6.2061E+35
  1.0000E+03  3.9741E+35  5.3546E+33  2.5878E+21  3.9205E+35
