  1.0000E-03  5.6614E+44  0.0000E+00  1.0103E+42  5.6513E+44
  1.1220E-03  5.6866E+44  0.0000E+00  1.2476E+42  5.6741E+44
  1.2590E-03  5.6722E+44  0.0000E+00  1.4815E+42  5.6573E+44
  1.4130E-03  5.6290E+44  0.0000E+00  1.7002E+42  5.6120E+44
  1.5850E-03  5.6859E+44  0.0000E+00  1.9038E+42  5.6668E+44
  1.7780E-03  6.1507E+44  0.0000E+00  2.3540E+42  6.1272E+44
  1.9950E-03  5.6244E+44  0.0000E+00  2.8019E+42  5.5964E+44
  2.2390E-03  5.3938E+44  0.0000E+00  2.9772E+42  5.3640E+44
  2.5120E-03  5.6488E+44  0.0000E+00  3.8939E+42  5.6098E+44
  2.8180E-03  4.7408E+44  0.0000E+00  4.5793E+42  4.6950E+44
  3.1620E-03  4.1010E+44  0.0000E+00  5.0919E+42  4.0501E+44
  3.5480E-03  3.6028E+44  0.0000E+00  5.5040E+42  3.5478E+44
  3.9810E-03  3.2376E+44  0.0000E+00  5.8275E+42  3.1794E+44
  4.4670E-03  8.8700E+44  0.0000E+00  1.0566E+43  8.7643E+44
  5.0120E-03  7.2901E+44  0.0000E+00  1.2521E+43  7.1649E+44
  5.6230E-03  6.0140E+44  0.0000E+00  1.4182E+43  5.8722E+44
  5.9570E-03  5.5025E+44  0.0000E+00  1.4894E+43  5.3535E+44
  6.6830E-03  4.7530E+44  0.0000E+00  1.6131E+43  4.5917E+44
  7.4990E-03  4.3355E+44  0.0000E+00  1.7288E+43  4.1626E+44
  8.4140E-03  3.8129E+44  0.0000E+00  1.8444E+43  3.6284E+44
  9.4410E-03  3.5147E+44  0.0000E+00  1.9319E+43  3.3215E+44
  1.0590E-02  3.5788E+44  0.0000E+00  1.9430E+43  3.3845E+44
  1.1890E-02  3.2358E+44  0.0000E+00  2.1431E+43  3.0215E+44
  1.3340E-02  3.0737E+44  0.0000E+00  2.2245E+43  2.8512E+44
  1.4960E-02  2.8048E+44  0.0000E+00  2.3401E+43  2.5708E+44
  1.6790E-02  2.6076E+44  0.0000E+00  2.4265E+43  2.3650E+44
  1.8840E-02  2.4787E+44  0.0000E+00  2.4868E+43  2.2300E+44
  2.1130E-02  2.3164E+44  0.0000E+00  2.5984E+43  2.0566E+44
  2.3710E-02  2.1513E+44  0.0000E+00  2.6863E+43  1.8826E+44
  2.6610E-02  1.9679E+44  0.0000E+00  2.7553E+43  1.6924E+44
  2.9850E-02  1.8057E+44  4.1763E-84  2.8002E+43  1.5257E+44
  3.3500E-02  1.6534E+44  2.3643E-69  2.8242E+43  1.3710E+44
  3.7580E-02  1.7557E+44  2.8742E-56  3.0588E+43  1.4499E+44
  4.2170E-02  1.6376E+44  1.1070E-44  3.3834E+43  1.2992E+44
  4.7320E-02  1.1630E+44  2.2139E-34  3.0381E+43  8.5921E+43
  5.3090E-02  7.1726E+43  2.8685E-25  2.4156E+43  4.7570E+43
  6.6830E-02  1.2541E+43  2.8134E-10  8.7892E+42  3.7518E+42
  7.4990E-02  4.6470E+42  4.0366E-04  3.9020E+42  7.4506E+41
  8.4140E-02  5.7945E+42  2.4704E+02  4.7127E+42  1.0818E+42
  9.4410E-02  6.9561E+42  3.2590E+07  5.5641E+42  1.3920E+42
  1.0590E-01  1.3586E+43  1.5095E+12  9.7252E+42  3.8611E+42
  1.1890E-01  2.7106E+43  2.2126E+16  1.5615E+43  1.1491E+43
  1.3340E-01  4.5332E+43  7.7556E+19  2.1151E+43  2.4182E+43
  1.4960E-01  6.0423E+43  1.2278E+23  2.3649E+43  3.6774E+43
  1.5850E-01  6.0370E+43  3.8275E+24  2.2797E+43  3.7574E+43
  1.7780E-01  4.3296E+43  1.7986E+27  1.6864E+43  2.6432E+43
  1.9950E-01  1.5032E+43  2.9436E+29  7.3204E+42  7.7119E+42
  2.2390E-01  7.3323E+42  2.4148E+31  3.9181E+42  3.4142E+42
  2.3710E-01  1.2144E+43  2.4719E+32  5.2654E+42  6.8782E+42
  2.5120E-01  2.1192E+43  2.2608E+33  6.8727E+42  1.4319E+43
  2.6610E-01  3.0654E+43  1.6702E+34  7.7554E+42  2.2898E+43
  2.8180E-01  3.9446E+43  1.0367E+35  8.0374E+42  3.1409E+43
  2.9850E-01  4.7617E+43  5.5874E+35  8.0382E+42  3.9579E+43
  3.1620E-01  5.6218E+43  2.6558E+36  7.9486E+42  4.8269E+43
  3.3500E-01  6.5260E+43  1.1364E+37  7.7736E+42  5.7486E+43
  3.5480E-01  7.4168E+43  4.3784E+37  7.5096E+42  6.6658E+43
  3.7580E-01  8.4176E+43  1.5572E+38  7.1828E+42  7.6994E+43
  3.9810E-01  9.3983E+43  5.0370E+38  6.8530E+42  8.7129E+43
  4.2170E-01  1.0666E+44  1.5125E+39  6.5038E+42  1.0016E+44
  4.4670E-01  1.2035E+44  4.1876E+39  6.1727E+42  1.1417E+44
  4.7320E-01  1.3526E+44  1.0867E+40  5.8238E+42  1.2943E+44
  5.0120E-01  1.5111E+44  2.6469E+40  5.4579E+42  1.4563E+44
  5.3090E-01  1.6914E+44  6.1185E+40  5.0737E+42  1.6401E+44
  5.6230E-01  1.8647E+44  1.3247E+41  4.7064E+42  1.8163E+44
  5.9570E-01  2.0367E+44  2.7154E+41  4.3472E+42  1.9905E+44
  6.3100E-01  2.2179E+44  5.2872E+41  3.9956E+42  2.1727E+44
  6.6830E-01  2.4074E+44  9.7937E+41  3.6494E+42  2.3611E+44
  7.0790E-01  2.5991E+44  1.7300E+42  3.3257E+42  2.5485E+44
  7.4990E-01  2.7793E+44  2.9097E+42  3.0249E+42  2.7199E+44
  7.9430E-01  2.9596E+44  4.6824E+42  2.7422E+42  2.8853E+44
  8.4140E-01  3.1423E+44  7.2456E+42  2.4746E+42  3.0451E+44
  8.9130E-01  3.3435E+44  1.0853E+43  2.2197E+42  3.2127E+44
  9.4410E-01  3.5432E+44  1.5673E+43  1.9811E+42  3.3666E+44
  1.0000E+00  3.7251E+44  2.1808E+43  1.7611E+42  3.4894E+44
  1.0590E+00  3.8922E+44  2.9323E+43  1.5627E+42  3.5833E+44
  1.1220E+00  4.0479E+44  3.8399E+43  1.3816E+42  3.6501E+44
  1.1890E+00  4.1969E+44  4.9104E+43  1.2148E+42  3.6937E+44
  1.2590E+00  4.3487E+44  6.1268E+43  1.0601E+42  3.7254E+44
  1.3340E+00  4.4815E+44  7.4759E+43  9.2056E+41  3.7247E+44
  1.4130E+00  4.5870E+44  8.8819E+43  7.9858E+41  3.6908E+44
  1.4960E+00  4.6706E+44  1.0320E+44  6.9105E+41  3.6317E+44
  1.5850E+00  4.7350E+44  1.1807E+44  5.9458E+41  3.5484E+44
  1.6790E+00  4.7836E+44  1.3277E+44  5.0759E+41  3.4509E+44
  1.7780E+00  4.8141E+44  1.4679E+44  4.2881E+41  3.3419E+44
  1.8840E+00  4.8230E+44  1.6014E+44  3.5777E+41  3.2180E+44
  1.9950E+00  4.8112E+44  1.7215E+44  2.9466E+41  3.0868E+44
  2.1130E+00  4.7746E+44  1.8266E+44  2.3940E+41  2.9456E+44
  2.2390E+00  4.7107E+44  1.9126E+44  1.9186E+41  2.7963E+44
  2.3710E+00  4.6227E+44  1.9758E+44  1.5183E+41  2.6454E+44
  2.5120E+00  4.5102E+44  2.0181E+44  1.1880E+41  2.4909E+44
  2.6610E+00  4.3760E+44  2.0372E+44  9.2006E+40  2.3378E+44
  2.8180E+00  4.2216E+44  2.0324E+44  7.0559E+40  2.1885E+44
  2.9850E+00  4.0503E+44  2.0071E+44  5.3646E+40  2.0426E+44
  3.1620E+00  3.8644E+44  1.9618E+44  4.0458E+40  1.9022E+44
  3.3500E+00  3.6719E+44  1.9045E+44  3.0328E+40  1.7672E+44
  3.5480E+00  3.4701E+44  1.8297E+44  2.2574E+40  1.6402E+44
  3.7580E+00  3.2650E+44  1.7449E+44  1.6700E+40  1.5198E+44
  3.9810E+00  3.0586E+44  1.6522E+44  1.2284E+40  1.4064E+44
  4.2170E+00  2.8536E+44  1.5534E+44  8.9894E+39  1.3001E+44
  4.4670E+00  2.6519E+44  1.4511E+44  6.5448E+39  1.2007E+44
  4.7320E+00  2.4567E+44  1.3487E+44  4.7419E+39  1.1080E+44
  5.0120E+00  2.2723E+44  1.2482E+44  3.4258E+39  1.0241E+44
  5.3090E+00  2.0658E+44  1.1503E+44  2.4277E+39  9.1546E+43
  5.6230E+00  1.8688E+44  1.0571E+44  1.7076E+39  8.1167E+43
  5.9570E+00  1.6838E+44  9.7016E+43  1.1930E+39  7.1364E+43
  6.3100E+00  1.5066E+44  8.8332E+43  8.2533E+38  6.2324E+43
  6.6830E+00  1.3509E+44  8.1003E+43  5.6923E+38  5.4083E+43
  7.0790E+00  1.2035E+44  7.3718E+43  3.8727E+38  4.6635E+43
  7.4990E+00  1.0962E+44  6.9759E+43  2.6680E+38  3.9863E+43
  7.9430E+00  1.1193E+44  7.8520E+43  2.0984E+38  3.3412E+43
  8.4140E+00  1.2453E+44  9.7193E+43  1.9483E+38  2.7339E+43
  8.9130E+00  1.3158E+44  1.0933E+44  1.8272E+38  2.2251E+43
  9.4410E+00  1.3371E+44  1.1565E+44  1.8218E+38  1.8061E+43
  1.0000E+01  1.1614E+44  1.0077E+44  1.3274E+38  1.5373E+43
  1.0590E+01  9.7141E+43  8.3996E+43  8.9806E+37  1.3145E+43
  1.1220E+01  7.8265E+43  6.7049E+43  5.4231E+37  1.1215E+43
  1.1890E+01  6.3024E+43  5.3557E+43  3.2894E+37  9.4666E+42
  1.2590E+01  5.0697E+43  4.2736E+43  1.9490E+37  7.9612E+42
  1.3340E+01  4.1046E+43  3.4409E+43  1.1455E+37  6.6364E+42
  1.4130E+01  3.4636E+43  2.9141E+43  6.9125E+36  5.4943E+42
  1.4960E+01  3.2310E+43  2.7804E+43  4.7866E+36  4.5051E+42
  1.5850E+01  3.1014E+43  2.7346E+43  3.5631E+36  3.6676E+42
  1.6790E+01  2.9940E+43  2.6961E+43  2.7728E+36  2.9796E+42
  1.7780E+01  2.8316E+43  2.5892E+43  2.1733E+36  2.4239E+42
  1.8840E+01  2.5656E+43  2.3683E+43  1.6312E+36  1.9730E+42
  1.9950E+01  2.2250E+43  2.0635E+43  1.1354E+36  1.6146E+42
  2.1130E+01  1.9081E+43  1.7762E+43  7.5700E+35  1.3190E+42
  2.2390E+01  1.6411E+43  1.5338E+43  5.0469E+35  1.0733E+42
  2.3710E+01  1.4147E+43  1.3273E+43  3.3615E+35  8.7364E+41
  2.5120E+01  1.2166E+43  1.1457E+43  2.2422E+35  7.0863E+41
  2.6610E+01  1.0416E+43  9.8422E+42  1.4884E+35  5.7425E+41
  2.8180E+01  8.8738E+42  8.4086E+42  9.8798E+34  4.6523E+41
  2.9850E+01  7.4933E+42  7.1172E+42  6.5312E+34  3.7611E+41
  3.1620E+01  6.2597E+42  5.9560E+42  4.2828E+34  3.0370E+41
  3.3500E+01  5.1661E+42  4.9213E+42  2.7843E+34  2.4486E+41
  3.5480E+01  4.2155E+42  4.0180E+42  1.7961E+34  1.9747E+41
  3.7580E+01  3.3942E+42  3.2351E+42  1.1464E+34  1.5909E+41
  3.9810E+01  2.6927E+42  2.5647E+42  7.2300E+33  1.2800E+41
  4.2170E+01  2.1100E+42  2.0071E+42  4.5106E+33  1.0294E+41
  4.4670E+01  1.6348E+42  1.5521E+42  2.7831E+33  8.2728E+40
  4.7320E+01  1.2543E+42  1.1879E+42  1.7015E+33  6.6428E+40
  5.0120E+01  9.5458E+41  9.0124E+41  1.0324E+33  5.3334E+40
  5.3090E+01  7.2076E+41  6.7798E+41  6.2206E+32  4.2780E+40
  5.6230E+01  5.4103E+41  5.0672E+41  3.7285E+32  3.4309E+40
  5.9570E+01  4.0352E+41  3.7605E+41  2.2223E+32  2.7473E+40
  6.3100E+01  2.9978E+41  2.7778E+41  1.3207E+32  2.1999E+40
  6.6830E+01  2.2199E+41  2.0438E+41  7.8320E+31  1.7615E+40
  7.0790E+01  1.6388E+41  1.4979E+41  4.6352E+31  1.4092E+40
  7.4990E+01  1.2066E+41  1.0939E+41  2.7396E+31  1.1265E+40
  7.9430E+01  8.8716E+40  7.9711E+40  1.6193E+31  9.0048E+39
  8.4140E+01  6.5135E+40  5.7942E+40  9.5690E+30  7.1933E+39
  8.9130E+01  4.7806E+40  4.2063E+40  5.6606E+30  5.7437E+39
  9.4410E+01  3.5084E+40  3.0498E+40  3.3530E+30  4.5859E+39
  1.0000E+02  2.5746E+40  2.2085E+40  1.9887E+30  3.6608E+39
  1.0590E+02  1.8920E+40  1.5996E+40  1.1829E+30  2.9235E+39
  1.1220E+02  1.3907E+40  1.1577E+40  7.0411E+29  2.3300E+39
  1.1890E+02  1.0248E+40  8.3927E+39  4.2038E+29  1.8549E+39
  1.2590E+02  7.6090E+39  6.1281E+39  2.5292E+29  1.4809E+39
  1.3340E+02  5.6689E+39  4.4899E+39  1.5279E+29  1.1790E+39
  1.4130E+02  4.2079E+39  3.2683E+39  9.2552E+28  9.3967E+38
  1.4960E+02  3.0835E+39  2.3333E+39  5.5660E+28  7.5015E+38
  1.5850E+02  2.2511E+39  1.6541E+39  3.3330E+28  5.9707E+38
  1.7780E+02  1.2194E+39  8.4030E+38  1.2122E+28  3.7905E+38
  1.9950E+02  6.6907E+38  4.2882E+38  4.4658E+27  2.4025E+38
  2.2390E+02  3.7094E+38  2.1888E+38  1.6629E+27  1.5207E+38
  2.5120E+02  2.0813E+38  1.1180E+38  6.2604E+26  9.6329E+37
  2.8180E+02  1.1808E+38  5.7062E+37  2.3784E+26  6.1020E+37
  3.1620E+02  6.7674E+37  2.9069E+37  9.0972E+25  3.8606E+37
  3.5480E+02  3.9210E+37  1.4794E+37  3.5019E+25  2.4415E+37
  3.9810E+02  2.2961E+37  7.5218E+36  1.3563E+25  1.5439E+37
  4.4670E+02  1.3579E+37  3.8200E+36  5.2785E+24  9.7588E+36
  5.0120E+02  8.1074E+36  1.9387E+36  2.0634E+24  6.1687E+36
  5.6230E+02  4.8835E+36  9.8351E+35  8.0947E+23  3.9000E+36
  6.3100E+02  2.9608E+36  4.9805E+35  3.1823E+23  2.4627E+36
  7.0790E+02  1.8090E+36  2.5230E+35  1.2555E+23  1.5567E+36
  7.9430E+02  1.1108E+36  1.2762E+35  4.9590E+22  9.8320E+35
  8.9130E+02  6.8524E+35  6.4490E+34  1.9613E+22  6.2075E+35
  1.0000E+03  4.2471E+35  3.2584E+34  7.7729E+21  3.9212E+35
