  1.0000E-03  4.7573E+42  0.0000E+00  4.7573E+42  1.2761E+32
  1.1220E-03  4.5736E+42  0.0000E+00  4.5736E+42  8.1252E+28
  1.2590E-03  4.1430E+42  0.0000E+00  4.1430E+42  3.2356E+25
  1.4130E-03  3.5646E+42  0.0000E+00  3.5646E+42  9.1272E+21
  1.5850E-03  3.0967E+42  0.0000E+00  3.0967E+42  9.0214E+18
  1.7780E-03  3.4845E+42  0.0000E+00  3.4845E+42  9.2341E+17
  1.9950E-03  2.6145E+42  0.0000E+00  2.6145E+42  1.0422E+12
  2.2390E-03  1.9031E+42  0.0000E+00  1.9031E+42  3.0579E+07
  2.5120E-03  2.1527E+42  0.0000E+00  2.1527E+42  3.3899E+05
  2.8180E-03  1.3720E+42  0.0000E+00  1.3720E+42  1.0803E-03
  3.1620E-03  8.8126E+41  0.0000E+00  8.8126E+41  2.6020E-11
  3.5480E-03  5.7006E+41  0.0000E+00  5.7006E+41  1.7576E-18
  3.9810E-03  3.7882E+41  0.0000E+00  3.7882E+41  5.4747E-25
  4.4670E-03  5.9280E+42  0.0000E+00  5.9280E+42  5.1155E+01
  5.0120E-03  3.6486E+42  0.0000E+00  3.6486E+42  3.6195E-08
  5.6230E-03  2.1978E+42  0.0000E+00  2.1978E+42  3.0844E-17
  5.9570E-03  1.7157E+42  0.0000E+00  1.7157E+42  1.4256E-21
  6.6830E-03  1.0999E+42  0.0000E+00  1.0999E+42  2.5687E-29
  7.4990E-03  7.7832E+41  0.0000E+00  7.7832E+41  1.9100E-35
  8.4140E-03  5.1983E+41  0.0000E+00  5.1983E+41  9.9290E-43
  9.4410E-03  3.6833E+41  0.0000E+00  3.6833E+41  1.3944E-48
  1.0590E-02  2.8757E+41  0.0000E+00  2.8757E+41  2.7924E-51
  1.1890E-02  2.2011E+41  0.0000E+00  2.2011E+41  6.8303E-58
  1.3340E-02  1.6404E+41  0.0000E+00  1.6404E+41  7.4598E-63
  1.4960E-02  1.1879E+41  0.0000E+00  1.1879E+41  3.8692E-69
  1.6790E-02  8.6422E+40  0.0000E+00  8.6422E+40  7.4101E-75
  1.8840E-02  6.3830E+40  0.0000E+00  6.3830E+40  7.6579E-80
  2.1130E-02  4.8220E+40  0.0000E+00  4.8220E+40  1.8201E-85
  2.3710E-02  3.5454E+40  0.0000E+00  3.5454E+40  2.5525E-91
  2.6610E-02  2.5238E+40  0.0000E+00  2.5238E+40  1.0452E-97
  2.9850E-02  1.7837E+40  0.0000E+00  1.7837E+40  5.3966-104
  3.3500E-02  1.2426E+40  0.0000E+00  1.2426E+40  2.1890-110
  3.7580E-02  1.1980E+40  0.0000E+00  1.1980E+40  4.6525-112
  4.2170E-02  1.0733E+40  0.0000E+00  1.0733E+40  1.5765-118
  4.7320E-02  4.5954E+39  0.0000E+00  4.5954E+39  8.8277-134
  5.3090E-02  1.5985E+39  0.0000E+00  1.5985E+39  4.6022-152
  6.6830E-02  4.7333E+37  0.0000E+00  4.7333E+37  1.9458-224
  7.4990E-02  6.9786E+36  0.0000E+00  6.9786E+36  0.0000E+00
  8.4140E-02  9.4052E+36  0.0000E+00  9.4052E+36  3.5708-259
  9.4410E-02  1.2963E+37  0.0000E+00  1.2963E+37  2.8395-251
  1.0590E-01  5.9432E+37  0.0000E+00  5.9432E+37  3.7672-219
  1.1890E-01  3.6643E+38  0.0000E+00  3.6643E+38  1.0414-182
  1.3340E-01  1.6586E+39  0.0000E+00  1.6586E+39  2.5359-156
  1.4960E-01  4.0269E+39  0.0000E+00  4.0269E+39  2.2701-139
  1.5850E-01  4.5389E+39  0.0000E+00  4.5389E+39  2.7970-136
  1.7780E-01  2.6821E+39  0.0000E+00  2.6821E+39  2.0692-141
  1.9950E-01  2.5157E+38  0.0000E+00  2.5157E+38  6.4467-172
  2.2390E-01  6.3255E+37  6.1606E-89  6.3255E+37  2.2784-190
  2.3710E-01  2.3479E+38  1.0030E-79  2.3479E+38  1.3085-167
  2.5120E-01  8.7184E+38  1.7757E-70  8.7184E+38  7.0220-144
  2.6610E-01  2.0067E+39  1.0757E-62  2.0067E+39  8.5577-128
  2.8180E-01  3.4590E+39  5.4697E-56  3.4590E+39  3.6867-116
  2.9850E-01  5.2282E+39  5.4913E-50  5.2282E+39  5.6831-107
  3.1620E-01  7.6249E+39  2.0692E-44  7.6249E+39  9.9232E-99
  3.3500E-01  1.0771E+40  3.4752E-39  1.0771E+40  3.6106E-91
  3.5480E-01  1.4565E+40  2.3790E-34  1.4565E+40  2.1416E-84
  3.7580E-01  1.9488E+40  9.8797E-30  1.9488E+40  9.9786E-78
  3.9810E-01  2.5608E+40  2.0677E-25  2.5608E+40  1.1923E-71
  4.2170E-01  3.4471E+40  3.4503E-21  3.4471E+40  4.0944E-65
  4.4670E-01  4.6507E+40  3.4589E-17  4.6507E+40  7.9651E-59
  4.7320E-01  6.2355E+40  2.2200E-13  6.2355E+40  1.0803E-52
  5.0120E-01  8.2609E+40  8.8898E-10  8.2609E+40  8.7593E-47
  5.3090E-01  1.0942E+41  2.5991E-06  1.0942E+41  7.6271E-41
  5.6230E-01  1.4208E+41  4.4058E-03  1.4208E+41  2.1408E-35
  5.9570E-01  1.8187E+41  4.9462E+00  1.8187E+41  3.0220E-30
  6.3100E-01  2.3145E+41  3.9467E+03  2.3145E+41  3.2123E-25
  6.6830E-01  2.9200E+41  2.2774E+06  2.9200E+41  2.5188E-20
  7.0790E-01  3.6628E+41  9.6071E+08  3.6628E+41  1.2683E-15
  7.4990E-01  4.5246E+41  2.7913E+11  4.5246E+41  2.9863E-11
  7.9430E-01  5.5442E+41  6.0360E+13  5.5442E+41  4.6371E-07
  8.4140E-01  6.7366E+41  1.0141E+16  6.7366E+41  5.1145E-03
  8.9130E-01  8.1844E+41  1.4510E+18  8.1844E+41  5.5159E+01
  9.4410E-01  9.8067E+41  1.6201E+20  9.8067E+41  3.7435E+05
  1.0000E+00  1.1488E+42  1.3325E+22  1.1488E+42  1.2156E+09
  1.0590E+00  1.3219E+42  8.2353E+23  1.3219E+42  2.0727E+12
  1.1220E+00  1.4969E+42  4.0930E+25  1.4969E+42  2.1439E+15
  1.1890E+00  1.6671E+42  1.6671E+27  1.6671E+42  1.4547E+18
  1.2590E+00  1.8264E+42  5.6744E+28  1.8264E+42  7.2771E+20
  1.3340E+00  1.9579E+42  1.5688E+30  1.9579E+42  2.1649E+23
  1.4130E+00  2.0504E+42  3.2752E+31  2.0504E+42  3.4244E+25
  1.4960E+00  2.1020E+42  5.3542E+32  2.1020E+42  3.2430E+27
  1.5850E+00  2.1107E+42  7.2851E+33  2.1107E+42  2.0546E+29
  1.6790E+00  2.0765E+42  8.3512E+34  2.0765E+42  9.3612E+30
  1.7780E+00  1.9975E+42  8.1111E+35  1.9975E+42  3.1189E+32
  1.8840E+00  1.8757E+42  6.7112E+36  1.8757E+42  7.5340E+33
  1.9950E+00  1.7196E+42  4.6403E+37  1.7196E+42  1.3182E+35
  2.1130E+00  1.5395E+42  2.6898E+38  1.5393E+42  1.6727E+36
  2.2390E+00  1.3484E+42  1.3079E+39  1.3470E+42  1.5616E+37
  2.3710E+00  1.1605E+42  5.3144E+39  1.1551E+42  1.0919E+38
  2.5120E+00  9.9218E+41  1.8326E+40  9.7327E+41  5.8517E+38
  2.6610E+00  8.6454E+41  5.4217E+40  8.0784E+41  2.4839E+39
  2.8180E+00  8.1032E+41  1.3989E+41  6.6179E+41  8.6356E+39
  2.9850E+00  8.8128E+41  3.1986E+41  5.3624E+41  2.5179E+40
  3.1620E+00  1.1525E+42  6.5858E+41  4.3041E+41  6.3457E+40
  3.3500E+00  1.7080E+42  1.2267E+42  3.4279E+41  1.3855E+41
  3.5480E+00  2.6611E+42  2.1157E+42  2.7109E+41  2.7429E+41
  3.7580E+00  4.1017E+42  3.3957E+42  2.1297E+41  4.9304E+41
  3.9810E+00  6.1001E+42  5.1179E+42  1.6628E+41  8.1595E+41
  4.2170E+00  8.6889E+42  7.3009E+42  1.2909E+41  1.2589E+42
  4.4670E+00  1.1857E+43  9.9288E+42  9.9651E+40  1.8290E+42
  4.7320E+00  1.5493E+43  1.2908E+43  7.6450E+40  2.5086E+42
  5.0120E+00  1.9451E+43  1.6116E+43  5.8367E+40  3.2764E+42
  5.3090E+00  2.3391E+43  1.9394E+43  4.3778E+40  3.9538E+42
  5.6230E+00  2.7122E+43  2.2556E+43  3.2553E+40  4.5331E+42
  5.9570E+00  3.0410E+43  2.5439E+43  2.4013E+40  4.9464E+42
  6.3100E+00  3.3278E+43  2.8010E+43  1.7537E+40  5.2500E+42
  6.6830E+00  3.5740E+43  3.0366E+43  1.2779E+40  5.3612E+42
  7.0790E+00  3.7719E+43  3.2341E+43  9.1910E+39  5.3685E+42
  7.4990E+00  3.5273E+43  3.0955E+43  6.4813E+39  4.3114E+42
  7.9430E+00  2.0367E+43  1.9108E+43  4.4987E+39  1.2539E+42
  8.4140E+00  8.1509E+42  8.0486E+42  3.2775E+39  9.8998E+40
  8.9130E+00  4.3609E+42  4.3510E+42  2.5601E+39  7.2951E+39
  9.4410E+00  2.9774E+42  2.9746E+42  2.2246E+39  5.7612E+38
  1.0000E+01  3.9780E+42  3.9747E+42  1.8342E+39  1.4485E+39
  1.0590E+01  5.8324E+42  5.8249E+42  1.4759E+39  5.9363E+39
  1.1220E+01  9.1480E+42  9.1181E+42  1.1039E+39  2.8826E+40
  1.1890E+01  1.2994E+43  1.2907E+43  8.0925E+38  8.6495E+40
  1.2590E+01  1.7705E+43  1.7499E+43  5.7890E+38  2.0494E+41
  1.3340E+01  2.2320E+43  2.1952E+43  4.0440E+38  3.6738E+41
  1.4130E+01  2.5139E+43  2.4687E+43  2.7776E+38  4.5176E+41
  1.4960E+01  2.4114E+43  2.3811E+43  1.9979E+38  3.0309E+41
  1.5850E+01  2.2667E+43  2.2498E+43  1.5163E+38  1.6917E+41
  1.6790E+01  2.1697E+43  2.1607E+43  1.2061E+38  8.9677E+40
  1.7780E+01  2.1745E+43  2.1691E+43  9.9191E+37  5.4384E+40
  1.8840E+01  2.2964E+43  2.2919E+43  8.1695E+37  4.4596E+40
  1.9950E+01  2.5030E+43  2.4980E+43  6.4985E+37  4.9906E+40
  2.1130E+01  2.7036E+43  2.6978E+43  4.9881E+37  5.7692E+40
  2.2390E+01  2.8567E+43  2.8505E+43  3.8009E+37  6.2280E+40
  2.3710E+01  2.9599E+43  2.9535E+43  2.8707E+37  6.4415E+40
  2.5120E+01  3.0039E+43  2.9975E+43  2.1548E+37  6.3996E+40
  2.6610E+01  2.9902E+43  2.9840E+43  1.5976E+37  6.2170E+40
  2.8180E+01  2.9173E+43  2.9114E+43  1.1741E+37  5.9083E+40
  2.9850E+01  2.7875E+43  2.7820E+43  8.5251E+36  5.5183E+40
  3.1620E+01  2.6092E+43  2.6041E+43  6.0947E+36  5.1062E+40
  3.3500E+01  2.3914E+43  2.3867E+43  4.2878E+36  4.6816E+40
  3.5480E+01  2.1480E+43  2.1437E+43  2.9702E+36  4.2620E+40
  3.7580E+01  1.8919E+43  1.8880E+43  2.0233E+36  3.8649E+40
  3.9810E+01  1.6344E+43  1.6309E+43  1.3551E+36  3.5057E+40
  4.2170E+01  1.3873E+43  1.3841E+43  8.9310E+35  3.1688E+40
  4.4670E+01  1.1583E+43  1.1554E+43  5.7918E+35  2.8493E+40
  4.7320E+01  9.5265E+42  9.5011E+42  3.7033E+35  2.5434E+40
  5.0120E+01  7.7300E+42  7.7075E+42  2.3384E+35  2.2541E+40
  5.3090E+01  6.1911E+42  6.1713E+42  1.4591E+35  1.9810E+40
  5.6230E+01  4.9041E+42  4.8868E+42  9.0136E+34  1.7269E+40
  5.9570E+01  3.8415E+42  3.8266E+42  5.5123E+34  1.4919E+40
  6.3100E+01  2.9829E+42  2.9701E+42  3.3456E+34  1.2792E+40
  6.6830E+01  2.2980E+42  2.2871E+42  2.0172E+34  1.0891E+40
  7.0790E+01  1.7573E+42  1.7481E+42  1.2087E+34  9.2018E+39
  7.4990E+01  1.3347E+42  1.3270E+42  7.2016E+33  7.7227E+39
  7.9430E+01  1.0083E+42  1.0019E+42  4.2732E+33  6.4459E+39
  8.4140E+01  7.5781E+41  7.5246E+41  2.5245E+33  5.3498E+39
  8.9130E+01  5.6732E+41  5.6290E+41  1.4874E+33  4.4178E+39
  9.4410E+01  4.2320E+41  4.1957E+41  8.7403E+32  3.6338E+39
  1.0000E+02  3.1464E+41  3.1166E+41  5.1232E+32  2.9780E+39
  1.0590E+02  2.3350E+41  2.3107E+41  3.0007E+32  2.4340E+39
  1.1220E+02  1.7287E+41  1.7089E+41  1.7539E+32  1.9794E+39
  1.1890E+02  1.2800E+41  1.2640E+41  1.0262E+32  1.6037E+39
  1.2590E+02  9.5304E+40  9.4004E+40  6.0435E+31  1.2998E+39
  1.3340E+02  7.1130E+40  7.0082E+40  3.5750E+31  1.0481E+39
  1.4130E+02  5.2669E+40  5.1823E+40  2.1065E+31  8.4554E+38
  1.4960E+02  3.8198E+40  3.7514E+40  1.2149E+31  6.8337E+38
  1.5850E+02  2.7492E+40  2.6942E+40  6.9398E+30  5.5000E+38
  1.7780E+02  1.4371E+40  1.4016E+40  2.2860E+30  3.5545E+38
  1.9950E+02  7.5303E+39  7.3019E+39  7.5693E+29  2.2838E+38
  2.2390E+02  3.9406E+39  3.7946E+39  2.5114E+29  1.4609E+38
  2.5120E+02  2.0618E+39  1.9684E+39  8.3566E+28  9.3317E+37
  2.8180E+02  1.0777E+39  1.0182E+39  2.7878E+28  5.9501E+37
  3.1620E+02  5.6265E+38  5.2481E+38  9.3221E+27  3.7840E+37
  3.5480E+02  2.9386E+38  2.6983E+38  3.1297E+27  2.4030E+37
  3.9810E+02  1.5366E+38  1.3841E+38  1.0567E+27  1.5245E+37
  4.4670E+02  8.0502E+37  7.0841E+37  3.5905E+26  9.6611E+36
  5.0120E+02  4.2318E+37  3.6198E+37  1.2299E+26  6.1195E+36
  5.6230E+02  2.2348E+37  1.8473E+37  4.2508E+25  3.8752E+36
  6.3100E+02  1.1854E+37  9.4042E+36  1.4827E+25  2.4503E+36
  7.0790E+02  6.3364E+36  4.7860E+36  5.2330E+24  1.5504E+36
  7.9430E+02  3.4108E+36  2.4308E+36  1.8662E+24  9.8004E+35
  8.9130E+02  1.8519E+36  1.2328E+36  6.7300E+23  6.1916E+35
  1.0000E+03  1.0162E+36  6.2485E+35  2.4564E+23  3.9132E+35
