  1.0000E-03  1.0419E+39  1.0115E-02  1.0419E+39  5.6948E+21
  1.1220E-03  7.0576E+37  6.9058E-03  7.0576E+37  7.4566E+15
  1.2590E-03  4.3798E+36  4.8687E-03  4.3798E+36  3.3620E+09
  1.4130E-03  2.6046E+35  3.5290E-03  2.6046E+35  6.1836E+02
  1.5850E-03  2.7047E+34  2.8218E-03  2.7047E+34  6.1139E-04
  1.7780E-03  2.8781E+34  2.9550E-03  2.8781E+34  8.4236E-07
  1.9950E-03  5.4571E+32  1.8341E-03  5.4571E+32  3.9867E-18
  2.2390E-03  2.1208E+31  1.3352E-03  2.1208E+31  2.9353E-27
  2.5120E-03  1.8458E+31  1.3208E-03  1.8458E+31  3.2635E-32
  2.8180E-03  1.0330E+29  7.1250E-04  1.0330E+29  3.6443E-48
  3.1620E-03  9.9321E+26  4.2586E-04  9.9321E+26  1.4077E-62
  3.5480E-03  1.2802E+25  2.6861E-04  1.2802E+25  3.9001E-76
  3.9810E-03  2.4469E+23  1.8044E-04  2.4469E+23  2.1363E-88
  4.4670E-03  4.1558E+30  1.5777E-03  4.1558E+30  3.6121E-31
  5.0120E-03  2.2657E+28  8.3679E-04  2.2657E+28  2.1506E-49
  5.6230E-03  1.3589E+26  4.6001E-04  1.3589E+26  1.3570E-67
  5.9570E-03  1.1897E+25  3.4894E-04  1.1897E+25  2.4927E-76
  6.6830E-03  1.5521E+23  2.1731E-04  1.5521E+23  5.3554E-92
  7.4990E-03  5.3802E+21  1.5460E-04  5.3802E+21  0.0000E+00
  8.4140E-03  9.4992E+19  1.0096E-04  9.4992E+19  0.0000E+00
  9.4410E-03  3.6517E+18  7.3671E-05  3.6517E+18  0.0000E+00
  1.0590E-02  7.2138E+17  6.7979E-05  7.2138E+17  0.0000E+00
  1.1890E-02  2.4131E+16  4.7441E-05  2.4131E+16  0.0000E+00
  1.3340E-02  1.5900E+15  3.7249E-05  1.5900E+15  0.0000E+00
  1.4960E-02  5.5246E+13  2.6626E-05  5.5246E+13  0.0000E+00
  1.6790E-02  2.5389E+12  1.9886E-05  2.5389E+12  0.0000E+00
  1.8840E-02  1.7046E+11  1.5687E-05  1.7046E+11  0.0000E+00
  2.1130E-02  9.0697E+09  1.1852E-05  9.0697E+09  0.0000E+00
  2.3710E-02  4.1895E+08  8.8225E-06  4.1895E+08  0.0000E+00
  2.6610E-02  1.4637E+07  6.3358E-06  1.4637E+07  0.0000E+00
  2.9850E-02  5.4275E+05  4.5929E-06  5.4275E+05  0.0000E+00
  3.3500E-02  1.9109E+04  3.3138E-06  1.9109E+04  0.0000E+00
  3.7580E-02  7.8232E+03  3.2904E-06  7.8232E+03  0.0000E+00
  4.2170E-02  4.0024E+02  2.3778E-06  4.0024E+02  0.0000E+00
  4.7320E-02  1.6895E-01  9.5085E-07  1.6895E-01  0.0000E+00
  5.3090E-02  1.4599E-05  2.9017E-07  1.4599E-05  0.0000E+00
  6.6830E-02  1.2077E-21  2.2240E-09  1.2077E-21  0.0000E+00
  7.4990E-02  6.0119E-32  1.0667E-10  6.0119E-32  0.0000E+00
  8.4140E-02  1.7887E-29  2.1659E-10  1.7887E-29  0.0000E+00
  9.4410E-02  9.9444E-28  3.5002E-10  9.9444E-28  0.0000E+00
  1.0590E-01  1.3757E-20  2.5608E-09  1.3757E-20  0.0000E+00
  1.1890E-01  1.3275E-12  2.3440E-08  1.3275E-12  0.0000E+00
  1.3340E-01  8.0220E-07  1.1252E-07  8.0220E-07  0.0000E+00
  1.4960E-01  3.2097E-03  2.8941E-07  3.2097E-03  0.0000E+00
  1.5850E-01  1.4687E-02  3.2713E-07  1.4687E-02  0.0000E+00
  1.7780E-01  1.3657E-03  2.0338E-07  1.3657E-03  0.0000E+00
  1.9950E-01  2.3733E-10  2.3719E-08  2.3733E-10  0.0000E+00
  2.2390E-01  2.0553E-14  6.1991E-09  2.0553E-14  0.0000E+00
  2.3710E-01  2.7810E-09  2.6067E-08  2.7810E-09  0.0000E+00
  2.5120E-01  5.6116E-04  1.1809E-07  5.6116E-04  0.0000E+00
  2.6610E-01  2.1145E+00  3.2314E-07  2.1145E+00  0.0000E+00
  2.8180E-01  7.9112E+02  6.5869E-07  7.9112E+02  0.0000E+00
  2.9850E-01  8.5596E+04  1.1401E-06  8.5596E+04  0.0000E+00
  3.1620E-01  5.9048E+06  1.8555E-06  5.9048E+06  0.0000E+00
  3.3500E-01  2.9306E+08  2.8889E-06  2.9306E+08  0.0000E+00
  3.5480E-01  9.7656E+09  4.2704E-06  9.7656E+09  0.0000E+00
  3.7580E-01  3.1431E+11  6.2882E-06  3.1431E+11  0.0000E+00
  3.9810E-01  7.5875E+12  8.8945E-06  7.5875E+12  0.0000E+00
  4.2170E-01  2.3886E+14  1.3043E-05  2.3886E+14  0.0000E+00
  4.4670E-01  6.8204E+15  1.8844E-05  6.8204E+15  0.0000E+00
  4.7320E-01  1.8210E+17  2.6998E-05  1.8210E+17  0.0000E+00
  5.0120E-01  4.3630E+18  3.8185E-05  4.3630E+18  0.0000E+00
  5.3090E-01  1.0788E+20  5.4333E-05  1.0788E+20  0.0000E+00
  5.6230E-01  2.0864E+21  7.4824E-05  2.0864E+21  0.0000E+00
  5.9570E-01  3.4822E+22  1.0112E-04  3.4822E+22  0.0000E+00
  6.3100E-01  5.5004E+23  1.3594E-04  5.5004E+23  1.4820E-95
  6.6830E-01  8.1629E+24  1.8177E-04  8.1629E+24  3.8231E-86
  7.0790E-01  1.1100E+26  2.4053E-04  1.1100E+26  4.7288E-77
  7.4990E-01  1.2713E+27  3.1167E-04  1.2713E+27  1.5694E-68
  7.9430E-01  1.3254E+28  4.0068E-04  1.3254E+28  2.6742E-60
  8.4140E-01  1.2827E+29  5.3872E-03  1.2827E+29  2.4960E-52
  8.9130E-01  1.2457E+30  3.9339E+01  1.2457E+30  2.4439E-44
  9.4410E-01  1.0922E+31  2.0239E+05  1.0922E+31  9.9779E-37
  1.0000E+00  8.0274E+31  5.2210E+08  8.0274E+31  9.9063E-30
  1.0590E+00  5.0804E+32  7.3542E+11  5.0804E+32  3.0342E-23
  1.1220E+00  2.8549E+33  6.5065E+14  2.8549E+33  3.8644E-17
  1.1890E+00  1.4449E+34  3.8820E+17  1.4449E+34  2.3314E-11
  1.2590E+00  6.7732E+34  1.7235E+20  6.7732E+34  8.2683E-06
  1.3340E+00  2.8217E+35  4.7444E+22  2.8217E+35  1.0674E+00
  1.4130E+00  1.0237E+36  7.2341E+24  1.0237E+36  3.8648E+04
  1.4960E+00  3.3296E+36  6.8112E+26  3.3296E+36  4.9992E+08
  1.5850E+00  9.9820E+36  4.4316E+28  9.9820E+36  2.9088E+12
  1.6790E+00  2.8230E+37  2.1191E+30  2.8230E+37  8.8003E+15
  1.7780E+00  7.5593E+37  7.5823E+31  7.5593E+37  1.4244E+19
  1.8840E+00  1.9113E+38  2.0328E+33  1.9113E+38  1.2058E+22
  1.9950E+00  4.5663E+38  4.0490E+34  4.5659E+38  5.2724E+24
  2.1130E+00  1.0358E+39  6.0054E+35  1.0352E+39  1.1893E+27
  2.2390E+00  2.2558E+39  6.6809E+36  2.2491E+39  1.4209E+29
  2.3710E+00  4.7700E+39  5.6051E+37  4.7140E+39  9.2889E+30
  2.5120E+00  9.9710E+39  3.6184E+38  9.6092E+39  3.4846E+32
  2.6610E+00  2.0898E+40  1.8408E+39  1.9057E+40  8.0272E+33
  2.8180E+00  4.4130E+40  7.5914E+39  3.6539E+40  1.2168E+35
  2.9850E+00  9.2783E+40  2.5972E+40  6.6810E+40  1.2753E+36
  3.1620E+00  1.9153E+41  7.5798E+40  1.1572E+41  9.8494E+36
  3.3500E+00  3.7509E+41  1.8941E+41  1.8563E+41  5.6272E+37
  3.5480E+00  7.0355E+41  4.2223E+41  2.8106E+41  2.6099E+38
  3.7580E+00  1.2420E+42  8.4364E+41  3.9739E+41  9.8726E+38
  3.9810E+00  2.0624E+42  1.5327E+42  5.2656E+41  3.1385E+39
  4.2170E+00  3.2286E+42  2.5631E+42  6.5696E+41  8.5986E+39
  4.4670E+00  4.7850E+42  3.9887E+42  7.7562E+41  2.0739E+40
  4.7320E+00  6.7114E+42  5.8013E+42  8.6571E+41  4.4372E+40
  5.0120E+00  8.9454E+42  7.9419E+42  9.1790E+41  8.5548E+40
  5.3090E+00  1.1358E+43  1.0293E+43  9.1968E+41  1.4524E+41
  5.6230E+00  1.3782E+43  1.2681E+43  8.7755E+41  2.2402E+41
  5.9570E+00  1.6015E+43  1.4901E+43  7.9889E+41  3.1534E+41
  6.3100E+00  1.8098E+43  1.6970E+43  7.0560E+41  4.2252E+41
  6.6830E+00  1.9817E+43  1.8694E+43  6.0084E+41  5.2188E+41
  7.0790E+00  2.1261E+43  2.0140E+43  4.9822E+41  6.2334E+41
  7.4990E+00  1.8974E+43  1.8126E+43  3.3493E+41  5.1257E+41
  7.9430E+00  7.0442E+42  6.8773E+42  8.9943E+40  7.6939E+40
  8.4140E+00  7.6794E+41  7.5846E+41  8.1686E+39  1.3059E+39
  8.9130E+00  7.6831E+40  7.5922E+40  8.8928E+38  1.9689E+37
  9.4410E+00  8.8010E+39  8.6522E+39  1.4850E+38  3.3214E+35
  1.0000E+01  2.3561E+40  2.3280E+40  2.7971E+38  1.8034E+36
  1.0590E+01  9.6341E+40  9.5562E+40  7.5637E+38  2.2076E+37
  1.1220E+01  4.4972E+41  4.4704E+41  2.3199E+39  3.5725E+38
  1.1890E+01  1.3379E+42  1.3302E+42  5.0435E+39  2.6011E+39
  1.2590E+01  3.1639E+42  3.1423E+42  8.9603E+39  1.2656E+40
  1.3340E+01  5.7808E+42  5.7297E+42  1.2412E+40  3.8687E+40
  1.4130E+01  7.7154E+42  7.6402E+42  1.2302E+40  6.2871E+40
  1.4960E+01  6.6139E+42  6.5691E+42  7.7966E+39  3.7040E+40
  1.5850E+01  5.1515E+42  5.1308E+42  4.6268E+39  1.6043E+40
  1.6790E+01  4.0603E+42  4.0511E+42  2.8719E+39  6.3624E+39
  1.7780E+01  3.6759E+42  3.6706E+42  2.1107E+39  3.1508E+39
  1.8840E+01  4.1507E+42  4.1462E+42  1.9615E+39  2.5817E+39
  1.9950E+01  5.5995E+42  5.5938E+42  2.1617E+39  3.5454E+39
  2.1130E+01  7.5738E+42  7.5664E+42  2.3374E+39  5.1375E+39
  2.2390E+01  9.7414E+42  9.7324E+42  2.3951E+39  6.6442E+39
  2.3710E+01  1.2055E+43  1.2045E+43  2.3526E+39  7.9865E+39
  2.5120E+01  1.4455E+43  1.4443E+43  2.2422E+39  8.9996E+39
  2.6610E+01  1.6904E+43  1.6892E+43  2.0797E+39  9.7855E+39
  2.8180E+01  1.9293E+43  1.9281E+43  1.8865E+39  1.0282E+40
  2.9850E+01  2.1578E+43  2.1566E+43  1.6792E+39  1.0546E+40
  3.1620E+01  2.3695E+43  2.3683E+43  1.4679E+39  1.0704E+40
  3.3500E+01  2.5567E+43  2.5555E+43  1.2614E+39  1.0763E+40
  3.5480E+01  2.7116E+43  2.7104E+43  1.0658E+39  1.0747E+40
  3.7580E+01  2.8297E+43  2.8285E+43  8.8655E+38  1.0716E+40
  3.9810E+01  2.9027E+43  2.9016E+43  7.2639E+38  1.0736E+40
  4.2170E+01  2.9251E+43  2.9239E+43  5.8467E+38  1.0724E+40
  4.4670E+01  2.8948E+43  2.8936E+43  4.6156E+38  1.0636E+40
  4.7320E+01  2.8141E+43  2.8130E+43  3.5750E+38  1.0431E+40
  5.0120E+01  2.6879E+43  2.6869E+43  2.7174E+38  1.0106E+40
  5.3090E+01  2.5235E+43  2.5225E+43  2.0279E+38  9.6520E+39
  5.6230E+01  2.3308E+43  2.3299E+43  1.4870E+38  9.0839E+39
  5.9570E+01  2.1183E+43  2.1175E+43  1.0717E+38  8.4185E+39
  6.3100E+01  1.8970E+43  1.8962E+43  7.6027E+37  7.6914E+39
  6.6830E+01  1.6749E+43  1.6742E+43  5.3138E+37  6.9338E+39
  7.0790E+01  1.4596E+43  1.4590E+43  3.6626E+37  6.1648E+39
  7.4990E+01  1.2558E+43  1.2553E+43  2.4912E+37  5.4150E+39
  7.9430E+01  1.0680E+43  1.0676E+43  1.6744E+37  4.7065E+39
  8.4140E+01  8.9837E+42  8.9797E+42  1.1124E+37  4.0488E+39
  8.9130E+01  7.4830E+42  7.4795E+42  7.3175E+36  3.4507E+39
  9.4410E+01  6.1731E+42  6.1702E+42  4.7668E+36  2.9187E+39
  1.0000E+02  5.0465E+42  5.0440E+42  3.0769E+36  2.4517E+39
  1.0590E+02  4.0931E+42  4.0910E+42  1.9709E+36  2.0478E+39
  1.1220E+02  3.2951E+42  3.2934E+42  1.2525E+36  1.6972E+39
  1.1890E+02  2.6378E+42  2.6364E+42  7.9150E+35  1.3977E+39
  1.2590E+02  2.1073E+42  2.1062E+42  4.9942E+35  1.1487E+39
  1.3340E+02  1.6785E+42  1.6776E+42  3.1464E+35  9.3720E+38
  1.4130E+02  1.3229E+42  1.3221E+42  1.9689E+35  7.6459E+38
  1.4960E+02  1.0220E+42  1.0214E+42  1.2068E+35  6.2531E+38
  1.5850E+02  7.8149E+41  7.8098E+41  7.3013E+34  5.0868E+38
  1.7780E+02  4.5408E+41  4.5374E+41  2.6529E+34  3.3440E+38
  1.9950E+02  2.6019E+41  2.5997E+41  9.5131E+33  2.1764E+38
  2.2390E+02  1.4689E+41  1.4675E+41  3.3652E+33  1.4062E+38
  2.5120E+02  8.1882E+40  8.1791E+40  1.1765E+33  9.0529E+37
  2.8180E+02  4.5097E+40  4.5039E+40  4.0672E+32  5.8082E+37
  3.1620E+02  2.4557E+40  2.4519E+40  1.3911E+32  3.7119E+37
  3.5480E+02  1.3249E+40  1.3225E+40  4.7160E+31  2.3663E+37
  3.9810E+02  7.0888E+39  7.0737E+39  1.5868E+31  1.5058E+37
  4.4670E+02  3.7649E+39  3.7554E+39  5.3025E+30  9.5661E+36
  5.0120E+02  1.9875E+39  1.9814E+39  1.7621E+30  6.0711E+36
  5.6230E+02  1.0438E+39  1.0399E+39  5.8268E+29  3.8505E+36
  6.3100E+02  5.4509E+38  5.4265E+38  1.9172E+29  2.4376E+36
  7.0790E+02  2.8374E+38  2.8220E+38  6.2913E+28  1.5439E+36
  7.9430E+02  1.4706E+38  1.4608E+38  2.0563E+28  9.7670E+35
  8.9130E+02  7.5956E+37  7.5338E+37  6.7017E+27  6.1743E+35
  1.0000E+03  3.9145E+37  3.8754E+37  2.1808E+27  3.9042E+35
