  1.0000E-03  8.6054E+44  0.0000E+00  1.7056E+41  8.6036E+44
  1.1220E-03  9.6100E+44  0.0000E+00  2.2507E+41  9.6077E+44
  1.2590E-03  1.0730E+45  0.0000E+00  2.8321E+41  1.0727E+45
  1.4130E-03  1.1979E+45  0.0000E+00  3.4248E+41  1.1975E+45
  1.5850E-03  1.3376E+45  0.0000E+00  4.0190E+41  1.3372E+45
  1.7780E-03  1.4982E+45  0.0000E+00  5.1580E+41  1.4976E+45
  1.9950E-03  1.6663E+45  0.0000E+00  6.5417E+41  1.6657E+45
  2.2390E-03  1.8576E+45  0.0000E+00  7.3733E+41  1.8568E+45
  2.5120E-03  2.0778E+45  0.0000E+00  1.0116E+42  2.0768E+45
  2.8180E-03  2.3021E+45  0.0000E+00  1.2748E+42  2.3008E+45
  3.1620E-03  2.5544E+45  0.0000E+00  1.5107E+42  2.5529E+45
  3.5480E-03  2.8362E+45  0.0000E+00  1.7332E+42  2.8345E+45
  3.9810E-03  3.1519E+45  0.0000E+00  1.9347E+42  3.1500E+45
  4.4670E-03  3.6765E+45  0.0000E+00  2.2392E+42  3.6743E+45
  5.0120E-03  4.0700E+45  0.0000E+00  2.9528E+42  4.0670E+45
  5.6230E-03  4.5055E+45  0.0000E+00  3.7241E+42  4.5018E+45
  5.9570E-03  4.7427E+45  0.0000E+00  4.1206E+42  4.7386E+45
  6.6830E-03  5.2601E+45  0.0000E+00  4.9072E+42  5.2552E+45
  7.4990E-03  5.8487E+45  0.0000E+00  5.7298E+42  5.8430E+45
  8.4140E-03  6.4919E+45  0.0000E+00  6.6523E+42  6.4853E+45
  9.4410E-03  7.2210E+45  0.0000E+00  7.5266E+42  7.2135E+45
  1.0590E-02  8.0657E+45  0.0000E+00  8.0959E+42  8.0576E+45
  1.1890E-02  8.9679E+45  0.0000E+00  9.6178E+42  8.9583E+45
  1.3340E-02  9.9869E+45  0.0000E+00  1.0724E+43  9.9762E+45
  1.4960E-02  1.1096E+46  0.0000E+00  1.2171E+43  1.1083E+46
  1.6790E-02  1.2347E+46  0.0000E+00  1.3606E+43  1.2334E+46
  1.8840E-02  1.3751E+46  0.0000E+00  1.5014E+43  1.3736E+46
  2.1130E-02  1.5294E+46  0.0000E+00  1.6919E+43  1.5278E+46
  2.3710E-02  1.7012E+46  0.0000E+00  1.8913E+43  1.6993E+46
  2.6610E-02  1.8911E+46  0.0000E+00  2.1083E+43  1.8890E+46
  2.9850E-02  2.1016E+46  1.8033E-83  2.3360E+43  2.0992E+46
  3.3500E-02  2.3361E+46  1.1609E-68  2.5767E+43  2.3336E+46
  3.7580E-02  2.6139E+46  1.4546E-55  2.8298E+43  2.6111E+46
  4.2170E-02  2.9054E+46  6.3536E-44  3.4252E+43  2.9019E+46
  4.7320E-02  3.1870E+46  1.7065E-33  3.8685E+43  3.1831E+46
  5.3090E-02  3.2310E+46  3.1174E-24  4.0243E+43  3.2269E+46
  6.6830E-02  2.7726E+46  1.1463E-08  3.7689E+43  2.7688E+46
  7.4990E-02  2.5298E+46  3.8195E-02  3.3007E+43  2.5265E+46
  8.4140E-02  2.5148E+46  2.0023E+04  3.2530E+43  2.5115E+46
  9.4410E-02  2.4870E+46  2.4035E+09  3.2773E+43  2.4837E+46
  1.0590E-01  2.3754E+46  6.7794E+13  3.3143E+43  2.3721E+46
  1.1890E-01  2.1086E+46  4.9783E+17  2.9037E+43  2.1057E+46
  1.3340E-01  1.8458E+46  9.6635E+20  2.5049E+43  1.8433E+46
  1.4960E-01  1.5943E+46  1.0677E+24  2.0278E+43  1.5922E+46
  1.5850E-01  1.4687E+46  3.1350E+25  1.8553E+43  1.4669E+46
  1.7780E-01  1.2266E+46  1.6665E+28  1.6389E+43  1.2249E+46
  1.9950E-01  9.8574E+45  5.1632E+30  1.3317E+43  9.8441E+45
  2.2390E-01  8.0629E+45  6.5753E+32  1.0959E+43  8.0520E+45
  2.3710E-01  7.6537E+45  4.3623E+33  1.0779E+43  7.6429E+45
  2.5120E-01  7.2700E+45  2.4634E+34  1.0152E+43  7.2599E+45
  2.6610E-01  6.8288E+45  1.3059E+35  9.2452E+42  6.8196E+45
  2.8180E-01  6.3749E+45  6.3787E+35  8.2874E+42  6.3666E+45
  2.9850E-01  5.9274E+45  2.8451E+36  7.4216E+42  5.9199E+45
  3.1620E-01  5.5033E+45  1.1417E+37  6.6653E+42  5.4966E+45
  3.3500E-01  5.1033E+45  4.1873E+37  5.9818E+42  5.0973E+45
  3.5480E-01  4.7290E+45  1.4078E+38  5.3621E+42  4.7237E+45
  3.7580E-01  4.3811E+45  4.3837E+38  4.7893E+42  4.3763E+45
  3.9810E-01  4.0544E+45  1.2571E+39  4.2871E+42  4.0501E+45
  4.2170E-01  3.7547E+45  3.3153E+39  3.8156E+42  3.7509E+45
  4.4670E-01  3.4761E+45  8.1037E+39  3.4015E+42  3.4727E+45
  4.7320E-01  3.2172E+45  1.8637E+40  3.0224E+42  3.2141E+45
  5.0120E-01  2.9771E+45  4.0443E+40  2.6763E+42  2.9744E+45
  5.3090E-01  2.7549E+45  8.3270E+40  2.3558E+42  2.7524E+45
  5.6230E-01  2.5477E+45  1.6241E+41  2.0766E+42  2.5455E+45
  5.9570E-01  2.3544E+45  3.0218E+41  1.8273E+42  2.3523E+45
  6.3100E-01  2.1760E+45  5.3594E+41  1.6018E+42  2.1739E+45
  6.6830E-01  2.0113E+45  9.0779E+41  1.3973E+42  2.0090E+45
  7.0790E-01  1.8583E+45  1.4741E+42  1.2159E+42  1.8556E+45
  7.4990E-01  1.7164E+45  2.2995E+42  1.0562E+42  1.7131E+45
  7.9430E-01  1.5856E+45  3.4500E+42  9.1318E+41  1.5812E+45
  8.4140E-01  1.4648E+45  5.0009E+42  7.8497E+41  1.4590E+45
  8.9130E-01  1.3540E+45  7.0212E+42  6.6836E+41  1.3463E+45
  9.4410E-01  1.2522E+45  9.5609E+42  5.6551E+41  1.2420E+45
  1.0000E+00  1.1585E+45  1.2662E+43  4.7641E+41  1.1453E+45
  1.0590E+00  1.0728E+45  1.6335E+43  3.9993E+41  1.0560E+45
  1.1220E+00  9.9374E+44  2.0664E+43  3.3345E+41  9.7275E+44
  1.1890E+00  9.2142E+44  2.5665E+43  2.7555E+41  8.9548E+44
  1.2590E+00  8.5658E+44  3.1174E+43  2.2518E+41  8.2518E+44
  1.3340E+00  7.9689E+44  3.7303E+43  1.8272E+41  7.5940E+44
  1.4130E+00  7.4289E+44  4.3817E+43  1.4817E+41  6.9892E+44
  1.4960E+00  6.9426E+44  5.0642E+43  1.1986E+41  6.4350E+44
  1.5850E+00  6.4973E+44  5.7953E+43  9.6310E+40  5.9168E+44
  1.6790E+00  6.0950E+44  6.5370E+43  7.6770E+40  5.4406E+44
  1.7780E+00  5.7311E+44  7.2642E+43  6.0603E+40  5.0041E+44
  1.8840E+00  5.3972E+44  7.9917E+43  4.7304E+40  4.5975E+44
  1.9950E+00  5.0951E+44  8.6747E+43  3.6560E+40  4.2273E+44
  2.1130E+00  4.8166E+44  9.3169E+43  2.7982E+40  3.8847E+44
  2.2390E+00  4.5570E+44  9.8992E+43  2.1232E+40  3.5668E+44
  2.3710E+00  4.3164E+44  1.0388E+44  1.6005E+40  3.2774E+44
  2.5120E+00  4.0889E+44  1.0800E+44  1.2001E+40  3.0088E+44
  2.6610E+00  3.8735E+44  1.1110E+44  8.9648E+39  2.7624E+44
  2.8180E+00  3.6669E+44  1.1299E+44  6.6731E+39  2.5369E+44
  2.9850E+00  3.4674E+44  1.1385E+44  4.9530E+39  2.3289E+44
  3.1620E+00  3.2733E+44  1.1359E+44  3.6663E+39  2.1374E+44
  3.3500E+00  3.0879E+44  1.1267E+44  2.7107E+39  1.9612E+44
  3.5480E+00  2.9053E+44  1.1051E+44  1.9988E+39  1.8002E+44
  3.7580E+00  2.7285E+44  1.0763E+44  1.4706E+39  1.6521E+44
  3.9810E+00  2.5572E+44  1.0414E+44  1.0797E+39  1.5159E+44
  4.2170E+00  2.3915E+44  1.0006E+44  7.9106E+38  1.3909E+44
  4.4670E+00  2.2317E+44  9.5553E+43  5.7824E+38  1.2761E+44
  4.7320E+00  2.0796E+44  9.0883E+43  4.2173E+38  1.1708E+44
  5.0120E+00  1.9384E+44  8.6165E+43  3.0751E+38  1.0767E+44
  5.3090E+00  1.7728E+44  8.1449E+43  2.1962E+38  9.5827E+43
  5.6230E+00  1.6154E+44  7.6894E+43  1.5597E+38  8.4645E+43
  5.9570E+00  1.4682E+44  7.2637E+43  1.1025E+38  7.4187E+43
  6.3100E+00  1.3258E+44  6.7977E+43  7.7257E+37  6.4605E+43
  6.6830E+00  1.2012E+44  6.4195E+43  5.4068E+37  5.5929E+43
  7.0790E+00  1.0816E+44  6.0041E+43  3.7362E+37  4.8122E+43
  7.4990E+00  1.0130E+44  6.0135E+43  2.6521E+37  4.1170E+43
  7.9430E+00  1.1480E+44  7.9766E+43  2.2846E+37  3.5035E+43
  8.4140E+00  1.5046E+44  1.2081E+44  2.4446E+37  2.9645E+43
  8.9130E+00  1.8218E+44  1.5721E+44  2.5914E+37  2.4975E+43
  9.4410E+00  2.0749E+44  1.8653E+44  2.8713E+37  2.0962E+43
  1.0000E+01  1.7603E+44  1.5847E+44  2.0725E+37  1.7566E+43
  1.0590E+01  1.4045E+44  1.2577E+44  1.3621E+37  1.4685E+43
  1.1220E+01  1.0623E+44  9.4006E+43  7.8912E+36  1.2220E+43
  1.1890E+01  8.1461E+43  7.1332E+43  4.6492E+36  1.0129E+43
  1.2590E+01  6.2534E+43  5.4142E+43  2.6840E+36  8.3922E+42
  1.3340E+01  4.8723E+43  4.1804E+43  1.5492E+36  6.9191E+42
  1.4130E+01  4.0407E+43  3.4712E+43  9.3461E+35  5.6958E+42
  1.4960E+01  3.8739E+43  3.4056E+43  6.7128E+35  4.6838E+42
  1.5850E+01  3.8570E+43  3.4736E+43  5.2281E+35  3.8339E+42
  1.6790E+01  3.8540E+43  3.5406E+43  4.2537E+35  3.1338E+42
  1.7780E+01  3.7266E+43  3.4706E+43  3.4522E+35  2.5601E+42
  1.8840E+01  3.3877E+43  3.1793E+43  2.6410E+35  2.0837E+42
  1.9950E+01  2.8966E+43  2.7269E+43  1.8446E+35  1.6975E+42
  2.1130E+01  2.4431E+43  2.3051E+43  1.2307E+35  1.3799E+42
  2.2390E+01  2.0743E+43  1.9625E+43  8.2308E+34  1.1183E+42
  2.3710E+01  1.7704E+43  1.6797E+43  5.5072E+34  9.0712E+41
  2.5120E+01  1.5126E+43  1.4392E+43  3.6966E+34  7.3366E+41
  2.6610E+01  1.2899E+43  1.2306E+43  2.4710E+34  5.9299E+41
  2.8180E+01  1.0975E+43  1.0496E+43  1.6532E+34  4.7931E+41
  2.9850E+01  9.2798E+42  8.8931E+42  1.1023E+34  3.8669E+41
  3.1620E+01  7.7772E+42  7.4656E+42  7.2922E+33  3.1163E+41
  3.3500E+01  6.4508E+42  6.2000E+42  4.7832E+33  2.5079E+41
  3.5480E+01  5.2978E+42  5.0959E+42  3.1129E+33  2.0190E+41
  3.7580E+01  4.2972E+42  4.1348E+42  2.0035E+33  1.6238E+41
  3.9810E+01  3.4355E+42  3.3051E+42  1.2730E+33  1.3043E+41
  4.2170E+01  2.7136E+42  2.6088E+42  7.9948E+32  1.0471E+41
  4.4670E+01  2.1196E+42  2.0355E+42  4.9615E+32  8.4016E+40
  4.7320E+01  1.6395E+42  1.5722E+42  3.0482E+32  6.7358E+40
  5.0120E+01  1.2578E+42  1.2038E+42  1.8570E+32  5.4004E+40
  5.3090E+01  9.5737E+41  9.1411E+41  1.1224E+32  4.3260E+40
  5.6230E+01  7.2425E+41  6.8960E+41  6.7420E+31  3.4652E+40
  5.9570E+01  5.4426E+41  5.1654E+41  4.0232E+31  2.7717E+40
  6.3100E+01  4.0725E+41  3.8508E+41  2.3911E+31  2.2173E+40
  6.6830E+01  3.0361E+41  2.8587E+41  1.4165E+31  1.7739E+40
  7.0790E+01  2.2555E+41  2.1137E+41  8.3653E+30  1.4179E+40
  7.4990E+01  1.6701E+41  1.5568E+41  4.9273E+30  1.1326E+40
  7.9430E+01  1.2343E+41  1.1438E+41  2.8990E+30  9.0485E+39
  8.4140E+01  9.1029E+40  8.3805E+40  1.7030E+30  7.2242E+39
  8.9130E+01  6.7070E+40  6.1305E+40  1.0003E+30  5.7655E+39
  9.4410E+01  4.9375E+40  4.4773E+40  5.8757E+29  4.6014E+39
  1.0000E+02  3.6319E+40  3.2647E+40  3.4515E+29  3.6717E+39
  1.0590E+02  2.6732E+40  2.3800E+40  2.0310E+29  2.9313E+39
  1.1220E+02  1.9666E+40  1.7331E+40  1.1949E+29  2.3355E+39
  1.1890E+02  1.4493E+40  1.2634E+40  7.0461E+28  1.8588E+39
  1.2590E+02  1.0752E+40  9.2684E+39  4.1850E+28  1.4837E+39
  1.3340E+02  7.9974E+39  6.8164E+39  2.4956E+28  1.1810E+39
  1.4130E+02  5.9240E+39  4.9829E+39  1.4901E+28  9.4111E+38
  1.4960E+02  4.3305E+39  3.5794E+39  8.8056E+27  7.5116E+38
  1.5850E+02  3.1504E+39  2.5526E+39  5.1736E+27  5.9778E+38
  1.7780E+02  1.6887E+39  1.3093E+39  1.8095E+27  3.7940E+38
  1.9950E+02  9.1384E+38  6.7341E+38  6.4081E+26  2.4043E+38
  2.2390E+02  4.9822E+38  3.4607E+38  2.2944E+26  1.5215E+38
  2.5120E+02  2.7419E+38  1.7782E+38  8.3136E+25  9.6374E+37
  2.8180E+02  1.5227E+38  9.1232E+37  3.0455E+25  6.1042E+37
  3.1620E+02  8.5309E+37  4.6692E+37  1.1261E+25  3.8617E+37
  3.5480E+02  4.8282E+37  2.3861E+37  4.2032E+24  2.4421E+37
  3.9810E+02  2.7617E+37  1.2175E+37  1.5836E+24  1.5442E+37
  4.4670E+02  1.5963E+37  6.2028E+36  6.0150E+23  9.7602E+36
  5.0120E+02  9.3261E+36  3.1567E+36  2.3022E+23  6.1694E+36
  5.6230E+02  5.5056E+36  1.6052E+36  8.8700E+22  3.9003E+36
  6.3100E+02  3.2776E+36  8.1462E+35  3.4343E+22  2.4629E+36
  7.0790E+02  1.9702E+36  4.1342E+35  1.3376E+22  1.5568E+36
  7.9430E+02  1.1927E+36  2.0946E+35  5.2274E+21  9.8325E+35
  8.9130E+02  7.2676E+35  1.0599E+35  2.0494E+21  6.2077E+35
  1.0000E+03  4.4575E+35  5.3619E+34  8.0633E+20  3.9213E+35
