  1.0000E-03  9.8352E+43  0.0000E+00  5.7512E+42  9.2601E+43
  1.1220E-03  6.4577E+43  0.0000E+00  5.7257E+42  5.8852E+43
  1.2590E-03  4.1399E+43  0.0000E+00  5.3048E+42  3.6094E+43
  1.4130E-03  2.6173E+43  0.0000E+00  4.6060E+42  2.1567E+43
  1.5850E-03  1.8099E+43  0.0000E+00  3.9301E+42  1.4168E+43
  1.7780E-03  1.7346E+43  0.0000E+00  4.0993E+42  1.3246E+43
  1.9950E-03  8.2441E+42  0.0000E+00  3.0442E+42  5.1999E+42
  2.2390E-03  4.7360E+42  0.0000E+00  2.1204E+42  2.6156E+42
  2.5120E-03  4.2174E+42  0.0000E+00  2.1522E+42  2.0652E+42
  2.8180E-03  1.8641E+42  0.0000E+00  1.3454E+42  5.1872E+41
  3.1620E-03  9.9268E+41  0.0000E+00  8.4070E+41  1.5198E+41
  3.5480E-03  5.7775E+41  0.0000E+00  5.2959E+41  4.8163E+40
  3.9810E-03  3.6181E+41  0.0000E+00  3.4467E+41  1.7143E+40
  4.4670E-03  1.2634E+43  0.0000E+00  1.0832E+43  1.8022E+42
  5.0120E-03  6.3675E+42  0.0000E+00  5.9638E+42  4.0370E+41
  5.6230E-03  3.2549E+42  0.0000E+00  3.1632E+42  9.1714E+40
  5.9570E-03  2.3588E+42  0.0000E+00  2.3135E+42  4.5276E+40
  6.6830E-03  1.3252E+42  0.0000E+00  1.3122E+42  1.2972E+40
  7.4990E-03  8.2214E+41  0.0000E+00  8.1721E+41  4.9327E+39
  8.4140E-03  4.9264E+41  0.0000E+00  4.9111E+41  1.5321E+39
  9.4410E-03  3.1399E+41  0.0000E+00  3.1338E+41  6.1145E+38
  1.0590E-02  2.1843E+41  0.0000E+00  2.1801E+41  4.2379E+38
  1.1890E-02  1.5067E+41  0.0000E+00  1.5052E+41  1.4817E+38
  1.3340E-02  1.0169E+41  0.0000E+00  1.0162E+41  6.9112E+37
  1.4960E-02  6.7098E+40  0.0000E+00  6.7073E+40  2.5558E+37
  1.6790E-02  4.4632E+40  0.0000E+00  4.4621E+40  1.0446E+37
  1.8840E-02  3.0238E+40  0.0000E+00  3.0233E+40  4.8524E+36
  2.1130E-02  2.1091E+40  0.0000E+00  2.1088E+40  2.0149E+36
  2.3710E-02  1.4521E+40  0.0000E+00  1.4521E+40  8.0404E+35
  2.6610E-02  9.8460E+39  0.0000E+00  9.8457E+39  2.9224E+35
  2.9850E-02  6.7545E+39  0.0000E+00  6.7544E+39  1.0806E+35
  3.3500E-02  4.6889E+39  9.2434E-78  4.6889E+39  3.9245E+34
  3.7580E-02  4.5140E+39  9.1478E-65  4.5140E+39  3.2561E+34
  4.2170E-02  4.4005E+39  1.6014E-53  4.4005E+39  1.1664E+34
  4.7320E-02  2.5287E+39  5.0247E-44  2.5287E+39  8.9745E+32
  5.3090E-02  1.4800E+39  7.1478E-36  1.4800E+39  3.7914E+31
  6.6830E-02  2.6875E+38  1.1764E-24  2.6875E+38  1.1370E+26
  7.4990E-02  8.2969E+37  6.6749E-21  8.2969E+37  3.4445E+22
  8.4140E-02  9.4401E+37  1.6009E-14  9.4401E+37  2.4846E+23
  9.4410E-02  1.1168E+38  5.4408E-09  1.1168E+38  9.7053E+23
  1.0590E-01  2.4168E+38  1.1928E-02  2.4168E+38  2.4700E+26
  1.1890E-01  4.2638E+38  1.4373E+04  4.2638E+38  1.2443E+29
  1.3340E-01  8.7876E+38  1.2609E+09  8.7876E+38  1.0783E+31
  1.4960E-01  2.0307E+39  1.5934E+13  2.0307E+39  1.7917E+32
  1.5850E-01  2.3442E+39  7.2670E+14  2.3442E+39  2.8416E+32
  1.7780E-01  1.0809E+39  1.8233E+17  1.0809E+39  9.8615E+31
  1.9950E-01  1.9765E+38  7.3623E+17  1.9765E+38  4.0174E+29
  2.2390E-01  1.4271E+38  6.4380E+18  1.4271E+38  1.3513E+28
  2.3710E-01  2.9427E+38  1.0295E+21  2.9427E+38  6.7189E+29
  2.5120E-01  5.5223E+38  1.6690E+23  5.5223E+38  3.9571E+31
  2.6610E-01  8.5336E+38  8.7045E+24  8.5336E+38  6.1116E+32
  2.8180E-01  1.2117E+39  2.2271E+26  1.2117E+39  4.3303E+33
  2.9850E-01  1.6862E+39  3.6817E+27  1.6862E+39  1.9983E+34
  3.1620E-01  2.4066E+39  4.7890E+28  2.4065E+39  7.8134E+34
  3.3500E-01  3.4474E+39  5.1653E+29  3.4472E+39  2.7110E+35
  3.5480E-01  4.8207E+39  4.5600E+30  4.8199E+39  8.1974E+35
  3.7580E-01  6.7168E+39  3.6696E+31  6.7144E+39  2.4334E+36
  3.9810E-01  9.2729E+39  2.5017E+32  9.2664E+39  6.5121E+36
  4.2170E-01  1.3156E+40  1.6750E+33  1.3137E+40  1.8885E+37
  4.4670E-01  1.8796E+40  1.0045E+34  1.8744E+40  5.2451E+37
  4.7320E-01  2.6709E+40  5.5432E+34  2.6568E+40  1.4172E+38
  5.0120E-01  3.7499E+40  2.7961E+35  3.7131E+40  3.6832E+38
  5.3090E-01  5.2628E+40  1.3446E+36  5.1664E+40  9.6231E+38
  5.6230E-01  7.2705E+40  5.7067E+36  7.0392E+40  2.3070E+39
  5.9570E-01  9.9693E+40  2.2124E+37  9.4423E+40  5.2477E+39
  6.3100E-01  1.3761E+41  8.0298E+37  1.2585E+41  1.1685E+40
  6.6830E-01  1.9169E+41  2.7293E+38  1.6600E+41  2.5426E+40
  7.0790E-01  2.7257E+41  8.6449E+38  2.1823E+41  5.3484E+40
  7.4990E-01  3.9186E+41  2.5040E+39  2.8318E+41  1.0618E+41
  7.9430E-01  5.7646E+41  6.7878E+39  3.6543E+41  2.0424E+41
  8.4140E-01  8.6759E+41  1.7371E+40  4.6746E+41  3.8276E+41
  8.9130E-01  1.3570E+42  4.2980E+40  5.9795E+41  7.1609E+41
  9.4410E-01  2.1447E+42  9.9963E+40  7.5133E+41  1.2934E+42
  1.0000E+00  3.3420E+42  2.1505E+41  9.1798E+41  2.2090E+42
  1.0590E+00  5.1213E+42  4.3129E+41  1.0968E+42  3.5932E+42
  1.1220E+00  7.7266E+42  8.1880E+41  1.2846E+42  5.6232E+42
  1.1890E+00  1.1474E+43  1.4815E+42  1.4724E+42  8.5199E+42
  1.2590E+00  1.6847E+43  2.5693E+42  1.6508E+42  1.2627E+43
  1.3340E+00  2.3998E+43  4.2276E+42  1.7985E+42  1.7972E+43
  1.4130E+00  3.2822E+43  6.5309E+42  1.9003E+42  2.4391E+43
  1.4960E+00  4.3387E+43  9.5775E+42  1.9534E+42  3.1857E+43
  1.5850E+00  5.5773E+43  1.3502E+43  1.9563E+42  4.0314E+43
  1.6790E+00  7.0028E+43  1.8352E+43  1.9102E+42  4.9766E+43
  1.7780E+00  8.5916E+43  2.4084E+43  1.8167E+42  6.0015E+43
  1.8840E+00  1.0286E+44  3.0610E+43  1.6812E+42  7.0568E+43
  1.9950E+00  1.2022E+44  3.7662E+43  1.5160E+42  8.1039E+43
  2.1130E+00  1.3707E+44  4.4947E+43  1.3338E+42  9.0788E+43
  2.2390E+00  1.5254E+44  5.2088E+43  1.1476E+42  9.9303E+43
  2.3710E+00  1.6607E+44  5.8754E+43  9.6911E+41  1.0635E+44
  2.5120E+00  1.7710E+44  6.4763E+43  8.0572E+41  1.1153E+44
  2.6610E+00  1.8556E+44  6.9950E+43  6.6152E+41  1.1494E+44
  2.8180E+00  1.9150E+44  7.4248E+43  5.3745E+41  1.1672E+44
  2.9850E+00  1.9507E+44  7.7728E+43  4.3277E+41  1.1691E+44
  3.1620E+00  1.9655E+44  8.0404E+43  3.4585E+41  1.1580E+44
  3.3500E+00  1.9616E+44  8.2457E+43  2.7446E+41  1.1343E+44
  3.5480E+00  1.9435E+44  8.3797E+43  2.1653E+41  1.1034E+44
  3.7580E+00  1.9125E+44  8.4543E+43  1.6974E+41  1.0653E+44
  3.9810E+00  1.8701E+44  8.4684E+43  1.3223E+41  1.0220E+44
  4.2170E+00  1.8186E+44  8.4236E+43  1.0240E+41  9.7520E+43
  4.4670E+00  1.7593E+44  8.3223E+43  7.8810E+40  9.2633E+43
  4.7320E+00  1.6933E+44  8.1665E+43  6.0232E+40  8.7602E+43
  5.0120E+00  1.6238E+44  7.9607E+43  4.5785E+40  8.2726E+43
  5.3090E+00  1.5244E+44  7.7064E+43  3.4024E+40  7.5337E+43
  5.6230E+00  1.4202E+44  7.4124E+43  2.5017E+40  6.7869E+43
  5.9570E+00  1.3140E+44  7.0904E+43  1.8210E+40  6.0475E+43
  6.3100E+00  1.2069E+44  6.7219E+43  1.3113E+40  5.3457E+43
  6.6830E+00  1.1084E+44  6.3974E+43  9.3936E+39  4.6859E+43
  7.0790E+00  1.0121E+44  6.0417E+43  6.6387E+39  4.0782E+43
  7.4990E+00  9.1388E+43  5.6659E+43  4.5662E+39  3.4724E+43
  7.9430E+00  7.9270E+43  5.2016E+43  2.9985E+39  2.7250E+43
  8.4140E+00  6.4963E+43  4.5681E+43  2.0215E+39  1.9279E+43
  8.9130E+00  5.2989E+43  3.9473E+43  1.4955E+39  1.3515E+43
  9.4410E+00  4.3489E+43  3.3998E+43  1.2586E+39  9.4899E+42
  1.0000E+01  4.2468E+43  3.3827E+43  1.0241E+39  8.6402E+42
  1.0590E+01  4.2255E+43  3.4111E+43  8.1661E+38  8.1438E+42
  1.1220E+01  4.2084E+43  3.4341E+43  6.0899E+38  7.7416E+42
  1.1890E+01  4.0468E+43  3.3397E+43  4.4540E+38  7.0707E+42
  1.2590E+01  3.8598E+43  3.2255E+43  3.1792E+38  6.3419E+42
  1.3340E+01  3.6349E+43  3.0805E+43  2.2110E+38  5.5442E+42
  1.4130E+01  3.4130E+43  2.9426E+43  1.5018E+38  4.7044E+42
  1.4960E+01  3.2355E+43  2.8546E+43  1.0529E+38  3.8096E+42
  1.5850E+01  3.1031E+43  2.8002E+43  7.7634E+37  3.0295E+42
  1.6790E+01  3.0097E+43  2.7700E+43  6.0063E+37  2.3967E+42
  1.7780E+01  2.9472E+43  2.7558E+43  4.8275E+37  1.9144E+42
  1.8840E+01  2.9034E+43  2.7475E+43  3.9134E+37  1.5590E+42
  1.9950E+01  2.8597E+43  2.7296E+43  3.0887E+37  1.3009E+42
  2.1130E+01  2.8096E+43  2.7010E+43  2.3606E+37  1.0859E+42
  2.2390E+01  2.7522E+43  2.6622E+43  1.7936E+37  8.9929E+41
  2.3710E+01  2.6839E+43  2.6096E+43  1.3530E+37  7.4300E+41
  2.5120E+01  2.5956E+43  2.5346E+43  1.0158E+37  6.1032E+41
  2.6610E+01  2.4848E+43  2.4347E+43  7.5460E+36  5.0019E+41
  2.8180E+01  2.3499E+43  2.3090E+43  5.5630E+36  4.0927E+41
  2.9850E+01  2.1896E+43  2.1562E+43  4.0565E+36  3.3386E+41
  3.1620E+01  2.0069E+43  1.9797E+43  2.9156E+36  2.7187E+41
  3.3500E+01  1.8071E+43  1.7851E+43  2.0640E+36  2.2095E+41
  3.5480E+01  1.5992E+43  1.5813E+43  1.4395E+36  1.7954E+41
  3.7580E+01  1.3900E+43  1.3754E+43  9.8792E+35  1.4571E+41
  3.9810E+01  1.1857E+43  1.1739E+43  6.6706E+35  1.1812E+41
  4.2170E+01  9.9472E+42  9.8515E+42  4.4336E+35  9.5682E+40
  4.4670E+01  8.2164E+42  8.1390E+42  2.9002E+35  7.7432E+40
  4.7320E+01  6.6925E+42  6.6299E+42  1.8706E+35  6.2585E+40
  5.0120E+01  5.3834E+42  5.3329E+42  1.1914E+35  5.0558E+40
  5.3090E+01  4.2787E+42  4.2379E+42  7.4968E+34  4.0784E+40
  5.6230E+01  3.3668E+42  3.3339E+42  4.6693E+34  3.2878E+40
  5.9570E+01  2.6224E+42  2.5959E+42  2.8784E+34  2.6451E+40
  6.3100E+01  2.0266E+42  2.0053E+42  1.7605E+34  2.1271E+40
  6.6830E+01  1.5553E+42  1.5382E+42  1.0693E+34  1.7098E+40
  7.0790E+01  1.1857E+42  1.1720E+42  6.4525E+33  1.3724E+40
  7.4990E+01  8.9854E+41  8.8753E+41  3.8709E+33  1.1004E+40
  7.9430E+01  6.7768E+41  6.6886E+41  2.3119E+33  8.8199E+39
  8.4140E+01  5.0876E+41  5.0170E+41  1.3745E+33  7.0623E+39
  8.9130E+01  3.8067E+41  3.7502E+41  8.1475E+32  5.6509E+39
  9.4410E+01  2.8394E+41  2.7942E+41  4.8162E+32  4.5201E+39
  1.0000E+02  2.1115E+41  2.0754E+41  2.8393E+32  3.6142E+39
  1.0590E+02  1.5679E+41  1.5390E+41  1.6724E+32  2.8905E+39
  1.1220E+02  1.1618E+41  1.1387E+41  9.8290E+31  2.3065E+39
  1.1890E+02  8.6124E+40  8.4285E+40  5.7816E+31  1.8382E+39
  1.2590E+02  6.4210E+40  6.2741E+40  3.4224E+31  1.4690E+39
  1.3340E+02  4.7997E+40  4.6827E+40  2.0345E+31  1.1704E+39
  1.4130E+02  3.5595E+40  3.4661E+40  1.2049E+31  9.3354E+38
  1.4960E+02  2.5853E+40  2.5108E+40  6.9897E+30  7.4582E+38
  1.5850E+02  1.8640E+40  1.8046E+40  4.0172E+30  5.9403E+38
  1.7780E+02  9.7831E+39  9.4056E+39  1.3401E+30  3.7754E+38
  1.9950E+02  5.1499E+39  4.9104E+39  4.4973E+29  2.3950E+38
  2.2390E+02  2.7088E+39  2.5571E+39  1.5141E+29  1.5169E+38
  2.5120E+02  1.4253E+39  1.3291E+39  5.1199E+28  9.6140E+37
  2.8180E+02  7.4976E+38  6.8884E+38  1.7390E+28  6.0925E+37
  3.1620E+02  3.9422E+38  3.5566E+38  5.9320E+27  3.8558E+37
  3.5480E+02  2.0756E+38  1.8317E+38  2.0361E+27  2.4391E+37
  3.9810E+02  1.0952E+38  9.4098E+37  7.0435E+26  1.5427E+37
  4.4670E+02  5.7981E+37  4.8228E+37  2.4574E+26  9.7527E+36
  5.0120E+02  3.0840E+37  2.4675E+37  8.6587E+25  6.1657E+36
  5.6230E+02  1.6505E+37  1.2607E+37  3.0829E+25  3.8984E+36
  6.3100E+02  8.8864E+36  6.4244E+36  1.1087E+25  2.4620E+36
  7.0790E+02  4.8289E+36  3.2726E+36  4.0351E+24  1.5563E+36
  7.9430E+02  2.6466E+36  1.6635E+36  1.4833E+24  9.8301E+35
  8.9130E+02  1.4650E+36  8.4432E+35  5.5078E+23  6.2065E+35
  1.0000E+03  8.2032E+35  4.2825E+35  2.0665E+23  3.9207E+35
