  1.0000E-03  6.8898E+44  0.0000E+00  5.1370E+42  6.8384E+44
  1.1220E-03  7.2681E+44  0.0000E+00  6.3898E+42  7.2042E+44
  1.2590E-03  7.6337E+44  0.0000E+00  7.5497E+42  7.5582E+44
  1.4130E-03  7.9906E+44  0.0000E+00  8.5449E+42  7.9051E+44
  1.5850E-03  8.4390E+44  0.0000E+00  9.4509E+42  8.3445E+44
  1.7780E-03  9.2624E+44  0.0000E+00  1.1757E+43  9.1449E+44
  1.9950E-03  9.2554E+44  0.0000E+00  1.3387E+43  9.1216E+44
  2.2390E-03  9.4808E+44  0.0000E+00  1.3821E+43  9.3426E+44
  2.5120E-03  1.0220E+45  0.0000E+00  1.8016E+43  1.0040E+45
  2.8180E-03  9.7269E+44  0.0000E+00  1.9712E+43  9.5298E+44
  3.1620E-03  9.4079E+44  0.0000E+00  2.0620E+43  9.2017E+44
  3.5480E-03  9.1744E+44  0.0000E+00  2.1085E+43  8.9635E+44
  3.9810E-03  9.0588E+44  0.0000E+00  2.1241E+43  8.8464E+44
  4.4670E-03  1.7346E+45  0.0000E+00  4.2410E+43  1.6922E+45
  5.0120E-03  1.6289E+45  0.0000E+00  4.7921E+43  1.5809E+45
  5.6230E-03  1.5306E+45  0.0000E+00  5.1926E+43  1.4787E+45
  5.9570E-03  1.4893E+45  0.0000E+00  5.3457E+43  1.4359E+45
  6.6830E-03  1.4344E+45  0.0000E+00  5.5983E+43  1.3784E+45
  7.4990E-03  1.4242E+45  0.0000E+00  5.8782E+43  1.3654E+45
  8.4140E-03  1.3845E+45  0.0000E+00  6.0763E+43  1.3237E+45
  9.4410E-03  1.3816E+45  0.0000E+00  6.2311E+43  1.3193E+45
  1.0590E-02  1.4586E+45  0.0000E+00  6.2820E+43  1.3957E+45
  1.1890E-02  1.4400E+45  0.0000E+00  6.7461E+43  1.3725E+45
  1.3340E-02  1.4606E+45  0.0000E+00  6.8991E+43  1.3916E+45
  1.4960E-02  1.4461E+45  0.0000E+00  7.0890E+43  1.3752E+45
  1.6790E-02  1.4469E+45  0.0000E+00  7.2117E+43  1.3748E+45
  1.8840E-02  1.4661E+45  0.0000E+00  7.2919E+43  1.3932E+45
  2.1130E-02  1.4691E+45  0.0000E+00  7.4920E+43  1.3942E+45
  2.3710E-02  1.4656E+45  0.0000E+00  7.6080E+43  1.3895E+45
  2.6610E-02  1.4472E+45  0.0000E+00  7.6477E+43  1.3707E+45
  2.9850E-02  1.4300E+45  7.8616E-84  7.6333E+43  1.3537E+45
  3.3500E-02  1.4100E+45  4.4765E-69  7.5621E+43  1.3344E+45
  3.7580E-02  1.5285E+45  5.4389E-56  8.0951E+43  1.4475E+45
  4.2170E-02  1.5136E+45  2.0999E-44  8.9061E+43  1.4245E+45
  4.7320E-02  1.2503E+45  4.2149E-34  7.7893E+43  1.1724E+45
  5.3090E-02  9.0336E+44  5.4540E-25  5.9852E+43  8.4350E+44
  6.6830E-02  2.0715E+44  5.3095E-10  1.8207E+43  1.8895E+44
  7.4990E-02  8.0035E+43  7.5839E-04  7.4396E+42  7.2595E+43
  8.4140E-02  9.8739E+43  4.8854E+02  8.9689E+42  8.9770E+43
  9.4410E-02  1.1400E+44  6.7684E+07  1.0544E+43  1.0346E+44
  1.0590E-01  2.0107E+44  3.4419E+12  1.9023E+43  1.8204E+44
  1.1890E-01  3.5433E+44  5.0600E+16  3.1571E+43  3.2276E+44
  1.3340E-01  5.1067E+44  1.6573E+20  4.3696E+43  4.6698E+44
  1.4960E-01  6.0766E+44  2.5629E+23  4.8448E+43  5.5921E+44
  1.5850E-01  5.9324E+44  7.9829E+24  4.6754E+43  5.4648E+44
  1.7780E-01  4.4616E+44  3.7722E+27  3.5971E+43  4.1019E+44
  1.9950E-01  1.9861E+44  6.3464E+29  1.5911E+43  1.8270E+44
  2.2390E-01  1.1294E+44  5.5340E+31  8.8846E+42  1.0406E+44
  2.3710E-01  1.6372E+44  5.6168E+32  1.2705E+43  1.5102E+44
  2.5120E-01  2.4090E+44  4.9724E+33  1.7538E+43  2.2336E+44
  2.6610E-01  3.0368E+44  3.5786E+34  2.0550E+43  2.8313E+44
  2.8180E-01  3.4997E+44  2.1784E+35  2.1948E+43  3.2802E+44
  2.9850E-01  3.8413E+44  1.1559E+36  2.2526E+43  3.6160E+44
  3.1620E-01  4.1390E+44  5.4179E+36  2.2851E+43  3.9105E+44
  3.3500E-01  4.3992E+44  2.2903E+37  2.2915E+43  4.1701E+44
  3.5480E-01  4.6058E+44  8.7400E+37  2.2671E+43  4.3791E+44
  3.7580E-01  4.8087E+44  3.0799E+38  2.2262E+43  4.5861E+44
  3.9810E-01  4.9645E+44  9.8879E+38  2.1762E+43  4.7469E+44
  4.2170E-01  5.1690E+44  2.9424E+39  2.1257E+43  4.9564E+44
  4.4670E-01  5.3584E+44  8.0788E+39  2.0761E+43  5.1508E+44
  4.7320E-01  5.5373E+44  2.0802E+40  2.0172E+43  5.3354E+44
  5.0120E-01  5.6983E+44  5.0306E+40  1.9477E+43  5.5030E+44
  5.3090E-01  5.8657E+44  1.1542E+41  1.8703E+43  5.6775E+44
  5.6230E-01  5.9839E+44  2.4848E+41  1.7891E+43  5.8025E+44
  5.9570E-01  6.0693E+44  5.0713E+41  1.7038E+43  5.8939E+44
  6.3100E-01  6.1451E+44  9.8352E+41  1.6158E+43  5.9737E+44
  6.6830E-01  6.2100E+44  1.8152E+42  1.5245E+43  6.0394E+44
  7.0790E-01  6.2578E+44  3.1969E+42  1.4347E+43  6.0823E+44
  7.4990E-01  6.2749E+44  5.3686E+42  1.3457E+43  6.0866E+44
  7.9430E-01  6.2830E+44  8.6287E+42  1.2574E+43  6.0710E+44
  8.4140E-01  6.2880E+44  1.3335E+43  1.1699E+43  6.0376E+44
  8.9130E-01  6.3115E+44  1.9916E+43  1.0831E+43  6.0040E+44
  9.4410E-01  6.3340E+44  2.8664E+43  9.9782E+42  5.9476E+44
  1.0000E+00  6.3440E+44  3.9759E+43  9.1467E+42  5.8549E+44
  1.0590E+00  6.3506E+44  5.3279E+43  8.3556E+42  5.7342E+44
  1.1220E+00  6.3595E+44  6.9482E+43  7.5915E+42  5.5888E+44
  1.1890E+00  6.3781E+44  8.8351E+43  6.8454E+42  5.4261E+44
  1.2590E+00  6.4150E+44  1.0928E+44  6.1077E+42  5.2611E+44
  1.3340E+00  6.4481E+44  1.3206E+44  5.4043E+42  5.0735E+44
  1.4130E+00  6.4691E+44  1.5534E+44  4.7576E+42  4.8681E+44
  1.4960E+00  6.4807E+44  1.7856E+44  4.1599E+42  4.6535E+44
  1.5850E+00  6.4836E+44  2.0193E+44  3.6012E+42  4.4283E+44
  1.6790E+00  6.4743E+44  2.2405E+44  3.0778E+42  4.2030E+44
  1.7780E+00  6.4456E+44  2.4394E+44  2.5895E+42  3.9803E+44
  1.8840E+00  6.3950E+44  2.6180E+44  2.1425E+42  3.7555E+44
  1.9950E+00  6.3194E+44  2.7650E+44  1.7429E+42  3.5369E+44
  2.1130E+00  6.2159E+44  2.8814E+44  1.3950E+42  3.3205E+44
  2.2390E+00  6.0812E+44  2.9631E+44  1.0996E+42  3.1071E+44
  2.3710E+00  5.9178E+44  3.0067E+44  8.5521E+41  2.9026E+44
  2.5120E+00  5.7288E+44  3.0189E+44  6.5791E+41  2.7033E+44
  2.6610E+00  5.5162E+44  2.9980E+44  5.0134E+41  2.5132E+44
  2.8180E+00  5.2813E+44  2.9442E+44  3.7869E+41  2.3332E+44
  2.9850E+00  5.0299E+44  2.8649E+44  2.8401E+41  2.1622E+44
  3.1620E+00  4.7644E+44  2.7614E+44  2.1159E+41  2.0009E+44
  3.3500E+00  4.4980E+44  2.6475E+44  1.5703E+41  1.8489E+44
  3.5480E+00  4.2222E+44  2.5131E+44  1.1585E+41  1.7079E+44
  3.7580E+00  3.9474E+44  2.3705E+44  8.5087E+40  1.5760E+44
  3.9810E+00  3.6760E+44  2.2224E+44  6.2244E+40  1.4530E+44
  4.2170E+00  3.4101E+44  2.0708E+44  4.5361E+40  1.3389E+44
  4.4670E+00  3.1522E+44  1.9189E+44  3.2934E+40  1.2330E+44
  4.7320E+00  2.9066E+44  1.7715E+44  2.3833E+40  1.1349E+44
  5.0120E+00  2.6777E+44  1.6308E+44  1.7222E+40  1.0468E+44
  5.3090E+00  2.4313E+44  1.4972E+44  1.2256E+40  9.3393E+43
  5.6230E+00  2.2002E+44  1.3734E+44  8.6786E+39  8.2672E+43
  5.9570E+00  1.9869E+44  1.2610E+44  6.1220E+39  7.2588E+43
  6.3100E+00  1.7821E+44  1.1489E+44  4.2796E+39  6.3316E+43
  6.6830E+00  1.6061E+44  1.0572E+44  2.9944E+39  5.4888E+43
  7.0790E+00  1.4381E+44  9.6521E+43  2.0682E+39  4.7285E+43
  7.4990E+00  1.3410E+44  9.3658E+43  1.4732E+39  4.0438E+43
  7.9430E+00  1.5106E+44  1.1692E+44  1.2848E+39  3.4135E+43
  8.4140E+00  1.9394E+44  1.6556E+44  1.3746E+39  2.8370E+43
  8.9130E+00  2.2806E+44  2.0459E+44  1.4346E+39  2.3464E+43
  9.4410E+00  2.5158E+44  2.3223E+44  1.5553E+39  1.9344E+43
  1.0000E+01  2.1239E+44  1.9604E+44  1.1218E+39  1.6347E+43
  1.0590E+01  1.6954E+44  1.5571E+44  7.3959E+38  1.3833E+43
  1.1220E+01  1.2884E+44  1.1717E+44  4.3091E+38  1.1667E+43
  1.1890E+01  9.9111E+43  8.9346E+43  2.5473E+38  9.7648E+42
  1.2590E+01  7.6507E+43  6.8351E+43  1.4769E+38  8.1557E+42
  1.3340E+01  5.9999E+43  5.3235E+43  8.5646E+37  6.7640E+42
  1.4130E+01  4.9939E+43  4.4354E+43  5.1866E+37  5.5852E+42
  1.4960E+01  4.7461E+43  4.2875E+43  3.7200E+37  4.5858E+42
  1.5850E+01  4.6693E+43  4.2951E+43  2.8868E+37  3.7428E+42
  1.6790E+01  4.6129E+43  4.3080E+43  2.3388E+37  3.0493E+42
  1.7780E+01  4.4292E+43  4.1807E+43  1.8937E+37  2.4854E+42
  1.8840E+01  4.0270E+43  3.8247E+43  1.4516E+37  2.0230E+42
  1.9950E+01  3.4691E+43  3.3038E+43  1.0206E+37  1.6521E+42
  2.1130E+01  2.9539E+43  2.8192E+43  6.8651E+36  1.3465E+42
  2.2390E+01  2.5302E+43  2.4208E+43  4.6271E+36  1.0936E+42
  2.3710E+01  2.1767E+43  2.0878E+43  3.1183E+36  8.8872E+41
  2.5120E+01  1.8717E+43  1.7998E+43  2.1061E+36  7.1988E+41
  2.6610E+01  1.6042E+43  1.5460E+43  1.4152E+36  5.8266E+41
  2.8180E+01  1.3694E+43  1.3223E+43  9.5044E+35  4.7153E+41
  2.9850E+01  1.1595E+43  1.1214E+43  6.3522E+35  3.8084E+41
  3.1620E+01  9.7153E+42  9.4080E+42  4.2063E+35  3.0724E+41
  3.3500E+01  8.0435E+42  7.7960E+42  2.7579E+35  2.4750E+41
  3.5480E+01  6.5842E+42  6.3848E+42  1.7916E+35  1.9944E+41
  3.7580E+01  5.3174E+42  5.1568E+42  1.1498E+35  1.6055E+41
  3.9810E+01  4.2296E+42  4.1005E+42  7.2794E+34  1.2908E+41
  4.2170E+01  3.3219E+42  3.2182E+42  4.5517E+34  1.0373E+41
  4.4670E+01  2.5790E+42  2.4957E+42  2.8108E+34  8.3300E+40
  4.7320E+01  1.9821E+42  1.9153E+42  1.7175E+34  6.6841E+40
  5.0120E+01  1.5106E+42  1.4570E+42  1.0402E+34  5.3631E+40
  5.3090E+01  1.1420E+42  1.0990E+42  6.2477E+33  4.2994E+40
  5.6230E+01  8.5799E+41  8.2353E+41  3.7283E+33  3.4461E+40
  5.9570E+01  6.4034E+41  6.1275E+41  2.2096E+33  2.7581E+40
  6.3100E+01  4.7587E+41  4.5380E+41  1.3041E+33  2.2076E+40
  6.6830E+01  3.5239E+41  3.3472E+41  7.6698E+32  1.7670E+40
  7.0790E+01  2.6006E+41  2.4593E+41  4.4960E+32  1.4131E+40
  7.4990E+01  1.9133E+41  1.8004E+41  2.6284E+32  1.1292E+40
  7.9430E+01  1.4051E+41  1.3149E+41  1.5347E+32  9.0242E+39
  8.4140E+01  1.0300E+41  9.5795E+40  8.9456E+31  7.2070E+39
  8.9130E+01  7.5446E+40  6.9693E+40  5.2135E+31  5.7534E+39
  9.4410E+01  5.5228E+40  5.0636E+40  3.0382E+31  4.5928E+39
  1.0000E+02  4.0405E+40  3.6739E+40  1.7705E+31  3.6657E+39
  1.0590E+02  2.9586E+40  2.6659E+40  1.0334E+31  2.9270E+39
  1.1220E+02  2.1660E+40  1.9327E+40  6.0314E+30  2.3324E+39
  1.1890E+02  1.5890E+40  1.4033E+40  3.5289E+30  1.8567E+39
  1.2590E+02  1.1741E+40  1.0259E+40  2.0804E+30  1.4821E+39
  1.3340E+02  8.7025E+39  7.5226E+39  1.2320E+30  1.1799E+39
  1.4130E+02  6.4221E+39  5.4818E+39  7.2998E+29  9.4031E+38
  1.4960E+02  4.6722E+39  3.9216E+39  4.2726E+29  7.5060E+38
  1.5850E+02  3.3828E+39  2.7854E+39  2.4853E+29  5.9738E+38
  1.7780E+02  1.7984E+39  1.4192E+39  8.5262E+28  3.7921E+38
  1.9950E+02  9.6622E+38  7.2589E+38  2.9634E+28  2.4033E+38
  2.2390E+02  5.2334E+38  3.7123E+38  1.0417E+28  1.5210E+38
  2.5120E+02  2.8629E+38  1.8994E+38  3.7076E+27  9.6349E+37
  2.8180E+02  1.5812E+38  9.7088E+37  1.3350E+27  6.1030E+37
  3.1620E+02  8.8135E+37  4.9524E+37  4.8567E+26  3.8610E+37
  3.5480E+02  4.9652E+37  2.5234E+37  1.7856E+26  2.4418E+37
  3.9810E+02  2.8283E+37  1.2843E+37  6.6358E+25  1.5440E+37
  4.4670E+02  1.6288E+37  6.5281E+36  2.4896E+25  9.7594E+36
  5.0120E+02  9.4847E+36  3.3156E+36  9.4260E+24  6.1690E+36
  5.6230E+02  5.5832E+36  1.6831E+36  3.5977E+24  3.9001E+36
  6.3100E+02  3.3157E+36  8.5284E+35  1.3818E+24  2.4628E+36
  7.0790E+02  1.9890E+36  4.3223E+35  5.3452E+23  1.5567E+36
  7.9430E+02  1.2020E+36  2.1873E+35  2.0770E+23  9.8322E+35
  8.9130E+02  7.3133E+35  1.1057E+35  8.1039E+22  6.2076E+35
  1.0000E+03  4.4801E+35  5.5883E+34  3.1760E+22  3.9213E+35
