  1.0000E-03  4.7871E+42  1.3669E-01  4.2717E+42  5.1546E+41
  1.1220E-03  4.2787E+42  1.0978E-01  4.1905E+42  8.8171E+40
  1.2590E-03  3.9387E+42  9.1566E-02  3.9253E+42  1.3405E+40
  1.4130E-03  3.5371E+42  7.8726E-02  3.5352E+42  1.8693E+39
  1.5850E-03  3.2417E+42  7.1855E-02  3.2413E+42  3.5742E+38
  1.7780E-03  3.8196E+42  7.4290E-02  3.8194E+42  2.1991E+38
  1.9950E-03  3.1182E+42  6.0369E-02  3.1182E+42  7.6444E+36
  2.2390E-03  2.4890E+42  5.3912E-02  2.4890E+42  6.0381E+35
  2.5120E-03  2.9956E+42  5.4488E-02  2.9956E+42  2.1250E+35
  2.8180E-03  2.1375E+42  4.4462E-02  2.1375E+42  1.6860E+33
  3.1620E-03  1.5313E+42  3.8750E-02  1.5313E+42  2.2261E+31
  3.5480E-03  1.0994E+42  3.4979E-02  1.0994E+42  3.8098E+29
  3.9810E-03  8.0338E+41  3.2613E-02  8.0338E+41  9.5769E+27
  4.4670E-03  6.0681E+42  1.0361E-01  6.0681E+42  3.5163E+34
  5.0120E-03  4.3562E+42  8.3150E-02  4.3562E+42  1.9145E+32
  5.6230E-03  3.0693E+42  6.9360E-02  3.0693E+42  1.0925E+30
  5.9570E-03  2.5855E+42  6.4301E-02  2.5855E+42  9.2656E+28
  6.6830E-03  1.9037E+42  5.7333E-02  1.9037E+42  1.1392E+27
  7.4990E-03  1.5238E+42  5.3560E-02  1.5238E+42  3.5731E+25
  8.4140E-03  1.1496E+42  4.9419E-02  1.1496E+42  5.7333E+23
  9.4410E-03  9.1244E+41  4.7120E-02  9.1244E+41  2.1091E+22
  1.0590E-02  7.9356E+41  4.7390E-02  7.9356E+41  4.8277E+21
  1.1890E-02  6.6869E+41  4.5402E-02  6.6869E+41  1.1441E+20
  1.3340E-02  5.5361E+41  4.4388E-02  5.5361E+41  7.0518E+18
  1.4960E-02  4.4560E+41  4.2657E-02  4.4560E+41  2.0176E+17
  1.6790E-02  3.6087E+41  4.1395E-02  3.6087E+41  8.0253E+15
  1.8840E-02  2.9679E+41  4.0602E-02  2.9679E+41  4.8792E+14
  2.1130E-02  2.4867E+41  3.9645E-02  2.4867E+41  2.0483E+13
  2.3710E-02  2.0368E+41  3.8562E-02  2.0368E+41  7.5325E+11
  2.6610E-02  1.6253E+41  3.7177E-02  1.6253E+41  2.0325E+10
  2.9850E-02  1.2933E+41  3.5811E-02  1.2933E+41  5.8131E+08
  3.3500E-02  1.0185E+41  3.4411E-02  1.0185E+41  1.5654E+07
  3.7580E-02  1.0050E+41  3.7249E-02  1.0050E+41  6.4731E+06
  4.2170E-02  9.9297E+40  3.6552E-02  9.9297E+40  1.6659E+05
  4.7320E-02  5.6845E+40  2.8616E-02  5.6845E+40  2.6573E+01
  5.3090E-02  2.7288E+40  1.9649E-02  2.7288E+40  6.9312E-04
  6.6830E-02  1.7272E+39  4.3183E-03  1.7272E+39  4.2183E-22
  7.4990E-02  2.5877E+38  1.5771E-03  2.5877E+38  1.0398E-33
  8.4140E-02  3.7035E+38  2.0086E-03  3.7035E+38  7.5031E-31
  9.4410E-02  5.1905E+38  2.4150E-03  5.1905E+38  7.1265E-29
  1.0590E-01  1.9823E+39  4.7270E-03  1.9823E+39  7.8839E-21
  1.1890E-01  7.1128E+39  9.3192E-03  7.1128E+39  1.0019E-11
  1.3340E-01  1.8345E+40  1.4938E-02  1.8345E+40  3.7789E-05
  1.4960E-01  2.9135E+40  1.9515E-02  2.9135E+40  6.0486E-01
  1.5850E-01  3.0741E+40  1.9286E-02  3.0741E+40  3.3921E+00
  1.7780E-01  2.3328E+40  1.3324E-02  2.3328E+40  1.5404E-01
  1.9950E-01  5.0675E+39  4.7613E-03  5.0675E+39  2.9282E-09
  2.2390E-01  1.9597E+39  2.3232E-03  1.9597E+39  5.9673E-14
  2.3710E-01  5.1974E+39  4.0213E-03  5.1974E+39  2.9577E-08
  2.5120E-01  1.3066E+40  2.9942E+01  1.3066E+40  2.5699E-02
  2.6610E-01  2.2920E+40  8.5108E+04  2.2920E+40  2.6731E+02
  2.8180E-01  3.2834E+40  3.9731E+07  3.2834E+40  2.1139E+05
  2.9850E-01  4.3101E+40  6.5671E+09  4.3101E+40  4.0540E+07
  3.1620E-01  5.5527E+40  6.8076E+11  5.5527E+40  4.4962E+09
  3.3500E-01  7.0222E+40  4.9883E+13  7.0222E+40  3.3612E+11
  3.5480E-01  8.6267E+40  2.4807E+15  8.6267E+40  1.5929E+13
  3.7580E-01  1.0579E+41  1.1036E+17  1.0579E+41  7.1063E+14
  3.9810E-01  1.2800E+41  3.6045E+18  1.2800E+41  2.2505E+16
  4.2170E-01  1.5853E+41  1.3049E+20  1.5853E+41  9.2986E+17
  4.4670E-01  1.9677E+41  3.9978E+21  1.9677E+41  3.3299E+19
  4.7320E-01  2.4330E+41  1.0901E+23  2.4330E+41  1.0890E+21
  5.0120E-01  2.9823E+41  2.5819E+24  2.9823E+41  3.1297E+22
  5.3090E-01  3.6613E+41  5.9070E+25  3.6613E+41  9.1581E+23
  5.6230E-01  4.4175E+41  1.0594E+27  4.4175E+41  2.0156E+25
  5.9570E-01  5.2641E+41  1.6190E+28  5.2641E+41  3.7308E+26
  6.3100E-01  6.2366E+41  2.2571E+29  6.2366E+41  6.4312E+27
  6.6830E-01  7.3294E+41  2.8655E+30  7.3294E+41  1.0271E+29
  7.0790E-01  8.5475E+41  3.2476E+31  8.5475E+41  1.4669E+30
  7.4990E-01  9.8105E+41  3.1152E+32  9.8105E+41  1.7302E+31
  7.9430E-01  1.1143E+42  2.6853E+33  1.1143E+42  1.8377E+32
  8.4140E-01  1.2530E+42  2.1160E+34  1.2530E+42  1.7908E+33
  8.9130E-01  1.4033E+42  1.6145E+35  1.4033E+42  1.7352E+34
  9.4410E-01  1.5507E+42  1.1058E+36  1.5507E+42  1.4964E+35
  1.0000E+00  1.6803E+42  6.4959E+36  1.6802E+42  1.0721E+36
  1.0590E+00  1.7927E+42  3.3277E+37  1.7927E+42  6.5326E+36
  1.1220E+00  1.8864E+42  1.5345E+38  1.8862E+42  3.5083E+37
  1.1890E+00  1.9591E+42  6.4584E+38  1.9583E+42  1.6940E+38
  1.2590E+00  2.0132E+42  2.5192E+39  2.0099E+42  7.5820E+38
  1.3340E+00  2.0463E+42  8.8409E+39  2.0344E+42  2.9755E+39
  1.4130E+00  2.0712E+42  2.7204E+40  2.0341E+42  9.9658E+39
  1.4960E+00  2.1175E+42  7.5073E+40  2.0131E+42  2.9353E+40
  1.5850E+00  2.2420E+42  1.9083E+41  1.9731E+42  7.8079E+40
  1.6790E+00  2.5591E+42  4.5042E+41  1.9175E+42  1.9120E+41
  1.7780E+00  3.2681E+42  9.8997E+41  1.8452E+42  4.3293E+41
  1.8840E+00  4.6938E+42  2.0342E+42  1.7561E+42  9.0349E+41
  1.9950E+00  7.2856E+42  3.8937E+42  1.6520E+42  1.7399E+42
  2.1130E+00  1.1593E+43  6.9681E+42  1.5355E+42  3.0899E+42
  2.2390E+00  1.8177E+43  1.1690E+43  1.4099E+42  5.0771E+42
  2.3710E+00  2.7450E+43  1.8409E+43  1.2780E+42  7.7633E+42
  2.5120E+00  3.9653E+43  2.7412E+43  1.1448E+42  1.1096E+43
  2.6610E+00  5.4728E+43  3.8755E+43  1.0128E+42  1.4960E+43
  2.8180E+00  7.2359E+43  5.2287E+43  8.8430E+41  1.9188E+43
  2.9850E+00  9.2001E+43  6.7698E+43  7.6213E+41  2.3541E+43
  3.1620E+00  1.1297E+44  8.4480E+43  6.4810E+41  2.7839E+43
  3.3500E+00  1.3417E+44  1.0187E+44  5.4391E+41  3.1751E+43
  3.5480E+00  1.5500E+44  1.1921E+44  4.5015E+41  3.5345E+43
  3.7580E+00  1.7449E+44  1.3572E+44  3.6748E+41  3.8398E+43
  3.9810E+00  1.9183E+44  1.5068E+44  2.9597E+41  4.0851E+43
  4.2170E+00  2.0639E+44  1.6345E+44  2.3524E+41  4.2704E+43
  4.4670E+00  2.1776E+44  1.7361E+44  1.8456E+41  4.3971E+43
  4.7320E+00  2.2557E+44  1.8080E+44  1.4295E+41  4.4623E+43
  5.0120E+00  2.2988E+44  1.8496E+44  1.0947E+41  4.4815E+43
  5.3090E+00  2.2918E+44  1.8605E+44  8.2361E+40  4.3052E+43
  5.6230E+00  2.2503E+44  1.8437E+44  6.1216E+40  4.0600E+43
  5.9570E+00  2.1798E+44  1.8034E+44  4.5013E+40  3.7595E+43
  6.3100E+00  2.0827E+44  1.7383E+44  3.2648E+40  3.4405E+43
  6.6830E+00  1.9816E+44  1.6710E+44  2.3574E+40  3.1045E+43
  7.0790E+00  1.8645E+44  1.5869E+44  1.6745E+40  2.7748E+43
  7.4990E+00  1.7280E+44  1.4942E+44  1.1895E+40  2.3363E+43
  7.9430E+00  1.4943E+44  1.3424E+44  8.9872E+39  1.5180E+43
  8.4140E+00  1.0782E+44  1.0074E+44  7.0895E+39  7.0765E+42
  8.9130E+00  7.3276E+43  7.0039E+43  5.6142E+39  3.2318E+42
  9.4410E+00  4.9788E+43  4.8285E+43  4.8143E+39  1.4976E+42
  1.0000E+01  5.3690E+43  5.2032E+43  3.8897E+39  1.6540E+42
  1.0590E+01  6.1310E+43  5.9246E+43  3.0456E+39  2.0618E+42
  1.1220E+01  7.0513E+43  6.7838E+43  2.1831E+39  2.6727E+42
  1.1890E+01  7.4588E+43  7.1526E+43  1.5228E+39  3.0607E+42
  1.2590E+01  7.5579E+43  7.2275E+43  1.0225E+39  3.3023E+42
  1.3340E+01  7.3234E+43  6.9924E+43  6.6683E+38  3.3094E+42
  1.4130E+01  6.8969E+43  6.5955E+43  4.3262E+38  3.0134E+42
  1.4960E+01  6.4246E+43  6.1891E+43  3.0519E+38  2.3544E+42
  1.5850E+01  5.9897E+43  5.8147E+43  2.2793E+38  1.7504E+42
  1.6790E+01  5.6150E+43  5.4867E+43  1.7750E+38  1.2832E+42
  1.7780E+01  5.3558E+43  5.2585E+43  1.4169E+38  9.7269E+41
  1.8840E+01  5.2464E+43  5.1670E+43  1.1238E+38  7.9317E+41
  1.9950E+01  5.2453E+43  5.1753E+43  8.5756E+37  6.9985E+41
  2.1130E+01  5.2585E+43  5.1964E+43  6.3344E+37  6.2154E+41
  2.2390E+01  5.2657E+43  5.2116E+43  4.6777E+37  5.4133E+41
  2.3710E+01  5.2668E+43  5.2201E+43  3.4501E+37  4.6678E+41
  2.5120E+01  5.2468E+43  5.2071E+43  2.5494E+37  3.9755E+41
  2.6610E+01  5.1955E+43  5.1619E+43  1.8748E+37  3.3653E+41
  2.8180E+01  5.1010E+43  5.0727E+43  1.3766E+37  2.8331E+41
  2.9850E+01  4.9514E+43  4.9277E+43  1.0052E+37  2.3714E+41
  3.1620E+01  4.7401E+43  4.7203E+43  7.2671E+36  1.9786E+41
  3.3500E+01  4.4672E+43  4.4507E+43  5.1950E+36  1.6453E+41
  3.5480E+01  4.1413E+43  4.1276E+43  3.6706E+36  1.3661E+41
  3.7580E+01  3.7729E+43  3.7615E+43  2.5578E+36  1.1324E+41
  3.9810E+01  3.3732E+43  3.3638E+43  1.7559E+36  9.3775E+40
  4.2170E+01  2.9636E+43  2.9558E+43  1.1876E+36  7.7562E+40
  4.4670E+01  2.5608E+43  2.5544E+43  7.9110E+35  6.4038E+40
  4.7320E+01  2.1791E+43  2.1738E+43  5.1980E+35  5.2745E+40
  5.0120E+01  1.8280E+43  1.8237E+43  3.3728E+35  4.3365E+40
  5.3090E+01  1.5127E+43  1.5091E+43  2.1623E+35  3.5556E+40
  5.6230E+01  1.2369E+43  1.2340E+43  1.3718E+35  2.9092E+40
  5.9570E+01  9.9942E+42  9.9705E+42  8.6111E+34  2.3725E+40
  6.3100E+01  7.9962E+42  7.9769E+42  5.3603E+34  1.9313E+40
  6.6830E+01  6.3404E+42  6.3247E+42  3.3117E+34  1.5694E+40
  7.0790E+01  4.9856E+42  4.9729E+42  2.0314E+34  1.2720E+40
  7.4990E+01  3.8895E+42  3.8792E+42  1.2379E+34  1.0288E+40
  7.9430E+01  3.0145E+42  3.0062E+42  7.5037E+33  8.3098E+39
  8.4140E+01  2.3216E+42  2.3149E+42  4.5241E+33  6.6994E+39
  8.9130E+01  1.7791E+42  1.7737E+42  2.7172E+33  5.3927E+39
  9.4410E+01  1.3568E+42  1.3524E+42  1.6258E+33  4.3366E+39
  1.0000E+02  1.0300E+42  1.0265E+42  9.6926E+32  3.4837E+39
  1.0590E+02  7.7949E+41  7.7669E+41  5.7671E+32  2.7976E+39
  1.1220E+02  5.8793E+41  5.8569E+41  3.4210E+32  2.2405E+39
  1.1890E+02  4.4300E+41  4.4121E+41  2.0291E+32  1.7912E+39
  1.2590E+02  3.3513E+41  3.3369E+41  1.2096E+32  1.4352E+39
  1.3340E+02  2.5387E+41  2.5273E+41  7.2359E+31  1.1461E+39
  1.4130E+02  1.9061E+41  1.8969E+41  4.3079E+31  9.1614E+38
  1.4960E+02  1.4009E+41  1.3935E+41  2.5092E+31  7.3354E+38
  1.5850E+02  1.0211E+41  1.0152E+41  1.4463E+31  5.8540E+38
  1.7780E+02  5.4560E+40  5.4186E+40  4.8345E+30  3.7324E+38
  1.9950E+02  2.9111E+40  2.8874E+40  1.6176E+30  2.3734E+38
  2.2390E+02  1.5457E+40  1.5306E+40  5.4020E+29  1.5061E+38
  2.5120E+02  8.1755E+39  8.0799E+39  1.8018E+29  9.5597E+37
  2.8180E+02  4.3050E+39  4.2444E+39  5.9998E+28  6.0652E+37
  3.1620E+02  2.2560E+39  2.2176E+39  1.9939E+28  3.8420E+37
  3.5480E+02  1.1783E+39  1.1540E+39  6.6227E+27  2.4322E+37
  3.9810E+02  6.1363E+38  5.9823E+38  2.2015E+27  1.5392E+37
  4.4670E+02  3.1880E+38  3.0907E+38  7.3288E+26  9.7352E+36
  5.0120E+02  1.6539E+38  1.5924E+38  2.4469E+26  6.1569E+36
  5.6230E+02  8.5751E+37  8.1857E+37  8.2023E+25  3.8940E+36
  6.3100E+02  4.4401E+37  4.1941E+37  2.7616E+25  2.4597E+36
  7.0790E+02  2.3021E+37  2.1466E+37  9.3667E+24  1.5552E+36
  7.9430E+02  1.1940E+37  1.0958E+37  3.1985E+24  9.8244E+35
  8.9130E+02  6.2024E+36  5.5820E+36  1.1015E+24  6.2037E+35
  1.0000E+03  3.2325E+36  2.8405E+36  3.8329E+23  3.9193E+35
