  1.0000E-03  4.5197E+43  0.0000E+00  7.1009E+42  3.8096E+43
  1.1220E-03  2.5502E+43  0.0000E+00  6.1641E+42  1.9338E+43
  1.2590E-03  1.4398E+43  0.0000E+00  5.0609E+42  9.3374E+42
  1.4130E-03  8.3209E+42  0.0000E+00  3.9750E+42  4.3459E+42
  1.5850E-03  5.5606E+42  0.0000E+00  3.2529E+42  2.3078E+42
  1.7780E-03  5.8153E+42  0.0000E+00  3.8131E+42  2.0022E+42
  1.9950E-03  3.1296E+42  0.0000E+00  2.6114E+42  5.1827E+41
  2.2390E-03  1.9749E+42  0.0000E+00  1.7856E+42  1.8940E+41
  2.5120E-03  2.3142E+42  0.0000E+00  2.1845E+42  1.2969E+41
  2.8180E-03  1.3050E+42  0.0000E+00  1.2870E+42  1.8005E+40
  3.1620E-03  7.7872E+41  0.0000E+00  7.7563E+41  3.0982E+39
  3.5480E-03  4.7475E+41  0.0000E+00  4.7415E+41  5.9484E+38
  3.9810E-03  2.9951E+41  0.0000E+00  2.9937E+41  1.3434E+38
  4.4670E-03  4.7212E+42  0.0000E+00  4.6339E+42  8.7283E+40
  5.0120E-03  2.8419E+42  0.0000E+00  2.8316E+42  1.0299E+40
  5.6230E-03  1.7212E+42  0.0000E+00  1.7200E+42  1.2390E+39
  5.9570E-03  1.3527E+42  0.0000E+00  1.3523E+42  4.5128E+38
  6.6830E-03  8.8085E+41  0.0000E+00  8.8077E+41  7.5069E+37
  7.4990E-03  6.4315E+41  0.0000E+00  6.4313E+41  1.8532E+37
  8.4140E-03  4.3632E+41  0.0000E+00  4.3631E+41  3.4525E+36
  9.4410E-03  3.1533E+41  0.0000E+00  3.1533E+41  9.1243E+35
  1.0590E-02  2.5321E+41  0.0000E+00  2.5321E+41  5.2045E+35
  1.1890E-02  2.0180E+41  0.0000E+00  2.0180E+41  1.1440E+35
  1.3340E-02  1.5489E+41  0.0000E+00  1.5489E+41  3.7581E+34
  1.4960E-02  1.1563E+41  0.0000E+00  1.1563E+41  8.9352E+33
  1.6790E-02  8.6925E+40  0.0000E+00  8.6925E+40  2.4414E+33
  1.8840E-02  6.6696E+40  0.0000E+00  6.6696E+40  7.9732E+32
  2.1130E-02  5.2493E+40  0.0000E+00  5.2493E+40  2.2275E+32
  2.3710E-02  4.0217E+40  0.0000E+00  4.0217E+40  5.8860E+31
  2.6610E-02  2.9888E+40  0.0000E+00  2.9888E+40  1.3650E+31
  2.9850E-02  2.2173E+40  0.0000E+00  2.2173E+40  3.2419E+30
  3.3500E-02  1.6270E+40  5.1455E-84  1.6270E+40  7.5064E+29
  3.7580E-02  1.5693E+40  4.3345E-71  1.5693E+40  5.5272E+29
  4.2170E-02  1.4796E+40  4.1880E-60  1.4796E+40  1.2554E+29
  4.7320E-02  7.1895E+39  3.2904E-51  7.1895E+39  3.3101E+27
  5.3090E-02  2.8149E+39  8.8558E-44  2.8149E+39  3.8870E+25
  6.6830E-02  7.8209E+37  1.8512E-35  7.8209E+37  7.4698E+17
  7.4990E-02  7.8131E+36  1.4616E-33  7.8131E+36  8.9734E+12
  8.4140E-02  1.2506E+37  9.8944E-27  1.2506E+37  1.4440E+14
  9.4410E-02  1.8513E+37  7.4600E-21  1.8513E+37  9.8527E+14
  1.0590E-01  9.4443E+37  2.9145E-13  9.4443E+37  2.3973E+18
  1.1890E-01  5.1477E+38  8.9853E-06  5.1477E+38  1.5645E+22
  1.3340E-01  1.8406E+39  8.8655E+00  1.8406E+39  8.6848E+24
  1.4960E-01  3.6319E+39  5.5841E+05  3.6319E+39  4.7814E+26
  1.5850E-01  3.9390E+39  3.8549E+07  3.9390E+39  9.4417E+26
  1.7780E-01  2.6509E+39  2.5431E+10  2.6509E+39  2.2759E+26
  1.9950E-01  3.6728E+38  1.0852E+12  3.6728E+38  1.0833E+23
  2.2390E-01  1.1338E+38  7.4307E+13  1.1338E+38  9.9157E+20
  2.3710E-01  3.9413E+38  1.7314E+16  3.9413E+38  2.4236E+23
  2.5120E-01  1.3433E+39  3.9522E+18  1.3433E+39  7.5102E+25
  2.6610E-01  2.9032E+39  3.1909E+20  2.9032E+39  3.5755E+27
  2.8180E-01  4.8098E+39  1.3113E+22  4.8098E+39  5.7175E+28
  2.9850E-01  7.0382E+39  3.5136E+23  7.0382E+39  5.0187E+29
  3.1620E-01  9.9595E+39  7.2661E+24  9.9595E+39  3.4936E+30
  3.3500E-01  1.3681E+40  1.2186E+26  1.3681E+40  2.0576E+31
  3.5480E-01  1.8041E+40  1.6339E+27  1.8041E+40  9.9960E+31
  3.7580E-01  2.3648E+40  1.9433E+28  2.3648E+40  4.7303E+32
  3.9810E-01  3.0422E+40  1.9261E+29  3.0422E+40  1.9370E+33
  4.2170E-01  4.0198E+40  1.8145E+30  4.0198E+40  8.8709E+33
  4.4670E-01  5.3285E+40  1.5023E+31  5.3285E+40  3.8250E+34
  4.7320E-01  7.0357E+40  1.1247E+32  7.0357E+40  1.5871E+35
  5.0120E-01  9.2032E+40  7.5838E+32  9.2032E+40  6.2355E+35
  5.3090E-01  1.2089E+41  4.8101E+33  1.2088E+41  2.4678E+36
  5.6230E-01  1.5611E+41  2.6772E+34  1.5610E+41  8.6616E+36
  5.9570E-01  1.9940E+41  1.3549E+35  1.9938E+41  2.8254E+37
  6.3100E-01  2.5401E+41  6.3781E+35  2.5392E+41  8.9447E+37
  6.6830E-01  3.2194E+41  2.8023E+36  3.2166E+41  2.7419E+38
  7.0790E-01  4.0687E+41  1.1469E+37  4.0606E+41  8.0183E+38
  7.4990E-01  5.0745E+41  4.2890E+37  5.0524E+41  2.1632E+39
  7.9430E-01  6.2976E+41  1.4997E+38  6.2402E+41  5.5847E+39
  8.4140E-01  7.8036E+41  4.9553E+38  7.6596E+41  1.3904E+40
  8.9130E-01  9.7868E+41  1.5895E+39  9.4256E+41  3.4536E+40
  9.4410E-01  1.2349E+42  4.7982E+39  1.1485E+42  8.1673E+40
  1.0000E+00  1.5650E+42  1.3348E+40  1.3730E+42  1.7861E+41
  1.0590E+00  2.0174E+42  3.4413E+40  1.6182E+42  3.6487E+41
  1.1220E+00  2.6744E+42  8.3627E+40  1.8842E+42  7.0649E+41
  1.1890E+00  3.6683E+42  1.9275E+41  2.1678E+42  1.3077E+42
  1.2590E+00  5.2368E+42  4.2374E+41  2.4668E+42  2.3462E+42
  1.3340E+00  7.6204E+42  8.7764E+41  2.7631E+42  3.9796E+42
  1.4130E+00  1.1038E+43  1.6852E+42  3.0384E+42  6.3144E+42
  1.4960E+00  1.5815E+43  3.0373E+42  3.2847E+42  9.4930E+42
  1.5850E+00  2.2378E+43  5.2229E+42  3.4937E+42  1.3661E+43
  1.6790E+00  3.1237E+43  8.5954E+42  3.6544E+42  1.8988E+43
  1.7780E+00  4.2849E+43  1.3563E+43  3.7487E+42  2.5537E+43
  1.8840E+00  5.7528E+43  2.0599E+43  3.7636E+42  3.3165E+43
  1.9950E+00  7.5387E+43  3.0040E+43  3.6921E+42  4.1655E+43
  2.1130E+00  9.6264E+43  4.2181E+43  3.5389E+42  5.0544E+43
  2.2390E+00  1.1974E+44  5.7103E+43  3.3165E+42  5.9325E+43
  2.3710E+00  1.4515E+44  7.4529E+43  3.0419E+42  6.7578E+43
  2.5120E+00  1.7170E+44  9.4175E+43  2.7387E+42  7.4781E+43
  2.6610E+00  1.9850E+44  1.1533E+44  2.4243E+42  8.0741E+43
  2.8180E+00  2.2465E+44  1.3716E+44  2.1126E+42  8.5375E+43
  2.9850E+00  2.4925E+44  1.5886E+44  1.8156E+42  8.8575E+43
  3.1620E+00  2.7146E+44  1.7945E+44  1.5399E+42  9.0471E+43
  3.3500E+00  2.9032E+44  1.9804E+44  1.2895E+42  9.0991E+43
  3.5480E+00  3.0549E+44  2.1382E+44  1.0670E+42  9.0605E+43
  3.7580E+00  3.1641E+44  2.2626E+44  8.7204E+41  8.9286E+43
  3.9810E+00  3.2279E+44  2.3489E+44  7.0396E+41  8.7201E+43
  4.2170E+00  3.2464E+44  2.3955E+44  5.6147E+41  8.4538E+43
  4.4670E+00  3.2218E+44  2.4031E+44  4.4245E+41  8.1431E+43
  4.7320E+00  3.1565E+44  2.3735E+44  3.4416E+41  7.7957E+43
  5.0120E+00  3.0577E+44  2.3110E+44  2.6456E+41  7.4408E+43
  5.3090E+00  2.9057E+44  2.2198E+44  1.9944E+41  6.8393E+43
  5.6230E+00  2.7289E+44  2.1064E+44  1.4822E+41  6.2104E+43
  5.9570E+00  2.5358E+44  1.9776E+44  1.0864E+41  5.5710E+43
  6.3100E+00  2.3304E+44  1.8342E+44  7.8521E+40  4.9542E+43
  6.6830E+00  2.1363E+44  1.6992E+44  5.6288E+40  4.3646E+43
  7.0790E+00  1.9403E+44  1.5582E+44  3.9688E+40  3.8162E+43
  7.4990E+00  1.7465E+44  1.4219E+44  2.7082E+40  3.2434E+43
  7.9430E+00  1.5376E+44  1.2910E+44  1.7340E+40  2.4651E+43
  8.4140E+00  1.2711E+44  1.1085E+44  1.1097E+40  1.6247E+43
  8.9130E+00  1.0377E+44  9.3172E+43  7.8862E+39  1.0589E+43
  9.4410E+00  8.6091E+43  7.9156E+43  6.4817E+39  6.9286E+42
  1.0000E+01  8.4917E+43  7.8392E+43  5.3199E+39  6.5191E+42
  1.0590E+01  8.4584E+43  7.8136E+43  4.2862E+39  6.4440E+42
  1.1220E+01  8.2963E+43  7.6502E+43  3.2259E+39  6.4578E+42
  1.1890E+01  7.7504E+43  7.1372E+43  2.3646E+39  6.1297E+42
  1.2590E+01  7.0228E+43  6.4553E+43  1.6680E+39  5.6735E+42
  1.3340E+01  6.1771E+43  5.6693E+43  1.1289E+39  5.0765E+42
  1.4130E+01  5.4188E+43  4.9828E+43  7.3802E+38  4.3596E+42
  1.4960E+01  4.9681E+43  4.6171E+43  4.9922E+38  3.5090E+42
  1.5850E+01  4.6117E+43  4.3358E+43  3.5282E+38  2.7586E+42
  1.6790E+01  4.2826E+43  4.0671E+43  2.5922E+38  2.1544E+42
  1.7780E+01  3.9358E+43  3.7652E+43  1.9612E+38  1.7056E+42
  1.8840E+01  3.5467E+43  3.4078E+43  1.4849E+38  1.3893E+42
  1.9950E+01  3.1257E+43  3.0086E+43  1.0886E+38  1.1703E+42
  2.1130E+01  2.7189E+43  2.6201E+43  7.6765E+37  9.8725E+41
  2.2390E+01  2.3506E+43  2.2682E+43  5.3538E+37  8.2458E+41
  2.3710E+01  2.0242E+43  1.9556E+43  3.6999E+37  6.8623E+41
  2.5120E+01  1.7311E+43  1.6743E+43  2.5428E+37  5.6716E+41
  2.6610E+01  1.4702E+43  1.4234E+43  1.7313E+37  4.6738E+41
  2.8180E+01  1.2404E+43  1.2020E+43  1.1740E+37  3.8427E+41
  2.9850E+01  1.0370E+43  1.0055E+43  7.9054E+36  3.1484E+41
  3.1620E+01  8.5801E+42  8.3226E+42  5.2736E+36  2.5745E+41
  3.3500E+01  7.0208E+42  6.8107E+42  3.4844E+36  2.1005E+41
  3.5480E+01  5.6881E+42  5.5168E+42  2.2830E+36  1.7131E+41
  3.7580E+01  4.5539E+42  4.4144E+42  1.4800E+36  1.3953E+41
  3.9810E+01  3.5969E+42  3.4834E+42  9.4858E+35  1.1352E+41
  4.2170E+01  2.8089E+42  2.7166E+42  6.0126E+35  9.2291E+40
  4.4670E+01  2.1702E+42  2.0953E+42  3.7662E+35  7.4945E+40
  4.7320E+01  1.6610E+42  1.6002E+42  2.3344E+35  6.0771E+40
  5.0120E+01  1.2611E+42  1.2119E+42  1.4337E+35  4.9241E+40
  5.3090E+01  9.4989E+41  9.1006E+41  8.7267E+34  3.9833E+40
  5.6230E+01  7.1117E+41  6.7898E+41  5.2726E+34  3.2193E+40
  5.9570E+01  5.2886E+41  5.0290E+41  3.1607E+34  2.5961E+40
  6.3100E+01  3.9163E+41  3.7071E+41  1.8847E+34  2.0921E+40
  6.6830E+01  2.8898E+41  2.7213E+41  1.1189E+34  1.6848E+40
  7.0790E+01  2.1250E+41  1.9895E+41  6.6134E+33  1.3546E+40
  7.4990E+01  1.5579E+41  1.4491E+41  3.8952E+33  1.0877E+40
  7.9430E+01  1.1402E+41  1.0529E+41  2.2896E+33  8.7300E+39
  8.4140E+01  8.3307E+40  7.6309E+40  1.3427E+33  6.9985E+39
  8.9130E+01  6.0833E+40  5.5227E+40  7.8686E+32  5.6056E+39
  9.4410E+01  4.4405E+40  3.9917E+40  4.6092E+32  4.4880E+39
  1.0000E+02  3.2406E+40  2.8814E+40  2.6992E+32  3.5914E+39
  1.0590E+02  2.3677E+40  2.0803E+40  1.5830E+32  2.8743E+39
  1.1220E+02  1.7300E+40  1.5005E+40  9.2805E+31  2.2950E+39
  1.1890E+02  1.2671E+40  1.0841E+40  5.4535E+31  1.8301E+39
  1.2590E+02  9.3508E+39  7.8877E+39  3.2289E+31  1.4631E+39
  1.3340E+02  6.9240E+39  5.7578E+39  1.9201E+31  1.1662E+39
  1.4130E+02  5.1079E+39  4.1773E+39  1.1429E+31  9.3052E+38
  1.4960E+02  3.7185E+39  2.9748E+39  6.7258E+30  7.4369E+38
  1.5850E+02  2.6963E+39  2.1037E+39  3.9358E+30  5.9254E+38
  1.7780E+02  1.4405E+39  1.0637E+39  1.3679E+30  3.7680E+38
  1.9950E+02  7.7943E+38  5.4030E+38  4.8204E+29  2.3912E+38
  2.2390E+02  4.2609E+38  2.7459E+38  1.7193E+29  1.5150E+38
  2.5120E+02  2.3574E+38  1.3969E+38  6.2118E+28  9.6046E+37
  2.8180E+02  1.3191E+38  7.1034E+37  2.2710E+28  6.0877E+37
  3.1620E+02  7.4598E+37  3.6064E+37  8.3866E+27  3.8534E+37
  3.5480E+02  4.2678E+37  1.8298E+37  3.1282E+27  2.4379E+37
  3.9810E+02  2.4698E+37  9.2774E+36  1.1784E+27  1.5421E+37
  4.4670E+02  1.4449E+37  4.6997E+36  4.4765E+26  9.7497E+36
  5.0120E+02  8.5439E+36  2.3797E+36  1.7140E+26  6.1641E+36
  5.6230E+02  5.1024E+36  1.2047E+36  6.6073E+25  3.8977E+36
  6.3100E+02  3.0705E+36  6.0896E+35  2.5597E+25  2.4616E+36
  7.0790E+02  1.8641E+36  3.0797E+35  9.9759E+24  1.5561E+36
  7.9430E+02  1.1385E+36  1.5555E+35  3.9009E+24  9.8291E+35
  8.9130E+02  6.9910E+35  7.8495E+34  1.5301E+24  6.2060E+35
  1.0000E+03  4.3166E+35  3.9613E+34  6.0231E+23  3.9205E+35
