  1.0000E-03  7.0756E+44  0.0000E+00  2.0826E+42  7.0548E+44
  1.1220E-03  7.5156E+44  0.0000E+00  2.6899E+42  7.4887E+44
  1.2590E-03  7.9501E+44  0.0000E+00  3.3026E+42  7.9171E+44
  1.4130E-03  8.3820E+44  0.0000E+00  3.8822E+42  8.3432E+44
  1.5850E-03  8.8963E+44  0.0000E+00  4.4171E+42  8.8521E+44
  1.7780E-03  9.7378E+44  0.0000E+00  5.4628E+42  9.6832E+44
  1.9950E-03  9.8427E+44  0.0000E+00  6.5172E+42  9.7775E+44
  2.2390E-03  1.0157E+45  0.0000E+00  6.9500E+42  1.0088E+45
  2.5120E-03  1.0919E+45  0.0000E+00  8.9196E+42  1.0830E+45
  2.8180E-03  1.0572E+45  0.0000E+00  1.0260E+43  1.0470E+45
  3.1620E-03  1.0384E+45  0.0000E+00  1.1160E+43  1.0272E+45
  3.5480E-03  1.0277E+45  0.0000E+00  1.1788E+43  1.0159E+45
  3.9810E-03  1.0288E+45  0.0000E+00  1.2191E+43  1.0167E+45
  4.4670E-03  1.9322E+45  0.0000E+00  2.3881E+43  1.9083E+45
  5.0120E-03  1.8387E+45  0.0000E+00  2.8318E+43  1.8103E+45
  5.6230E-03  1.7499E+45  0.0000E+00  3.1790E+43  1.7181E+45
  5.9570E-03  1.7129E+45  0.0000E+00  3.3176E+43  1.6798E+45
  6.6830E-03  1.6674E+45  0.0000E+00  3.5451E+43  1.6319E+45
  7.4990E-03  1.6668E+45  0.0000E+00  3.7521E+43  1.6293E+45
  8.4140E-03  1.6380E+45  0.0000E+00  3.9350E+43  1.5986E+45
  9.4410E-03  1.6473E+45  0.0000E+00  4.0650E+43  1.6067E+45
  1.0590E-02  1.7394E+45  0.0000E+00  4.0801E+43  1.6986E+45
  1.1890E-02  1.7329E+45  0.0000E+00  4.3918E+43  1.6889E+45
  1.3340E-02  1.7680E+45  0.0000E+00  4.4975E+43  1.7231E+45
  1.4960E-02  1.7664E+45  0.0000E+00  4.6384E+43  1.7200E+45
  1.6790E-02  1.7811E+45  0.0000E+00  4.7294E+43  1.7338E+45
  1.8840E-02  1.8155E+45  0.0000E+00  4.7833E+43  1.7677E+45
  2.1130E-02  1.8320E+45  0.0000E+00  4.9071E+43  1.7829E+45
  2.3710E-02  1.8417E+45  0.0000E+00  4.9839E+43  1.7919E+45
  2.6610E-02  1.8347E+45  0.0000E+00  5.0174E+43  1.7846E+45
  2.9850E-02  1.8278E+45  1.1616E-83  5.0103E+43  1.7777E+45
  3.3500E-02  1.8172E+45  6.7414E-69  4.9638E+43  1.7676E+45
  3.7580E-02  1.9781E+45  8.2311E-56  5.3265E+43  1.9249E+45
  4.2170E-02  1.9697E+45  3.2385E-44  5.8746E+43  1.9110E+45
  4.7320E-02  1.6525E+45  6.7968E-34  5.1309E+43  1.6011E+45
  5.3090E-02  1.2174E+45  9.2820E-25  3.9548E+43  1.1779E+45
  6.6830E-02  3.0662E+44  1.1332E-09  1.3189E+43  2.9343E+44
  7.4990E-02  1.2548E+44  1.8776E-03  6.3301E+42  1.1915E+44
  8.4140E-02  1.5350E+44  1.1709E+03  7.2804E+42  1.4622E+44
  9.4410E-02  1.7634E+44  1.5880E+08  8.2779E+42  1.6806E+44
  1.0590E-01  3.0165E+44  7.3469E+12  1.3885E+43  2.8776E+44
  1.1890E-01  5.1592E+44  9.6202E+16  2.2626E+43  4.9329E+44
  1.3340E-01  7.2980E+44  2.8886E+20  3.2183E+43  6.9762E+44
  1.4960E-01  8.6429E+44  4.2444E+23  3.7115E+43  8.2718E+44
  1.5850E-01  8.4138E+44  1.3095E+25  3.5696E+43  8.0568E+44
  1.7780E-01  6.2355E+44  6.2566E+27  2.5292E+43  5.9825E+44
  1.9950E-01  2.7872E+44  1.1497E+30  9.9426E+42  2.6878E+44
  2.2390E-01  1.5813E+44  1.0609E+32  5.4478E+42  1.5269E+44
  2.3710E-01  2.2246E+44  9.9997E+32  7.7294E+42  2.1473E+44
  2.5120E-01  3.1804E+44  8.1947E+33  1.0617E+43  3.0743E+44
  2.6610E-01  3.9321E+44  5.6004E+34  1.2410E+43  3.8080E+44
  2.8180E-01  4.4641E+44  3.2846E+35  1.3212E+43  4.3320E+44
  2.9850E-01  4.8395E+44  1.6926E+36  1.3512E+43  4.7044E+44
  3.1620E-01  5.1540E+44  7.7292E+36  1.3656E+43  5.0174E+44
  3.3500E-01  5.4175E+44  3.1905E+37  1.3634E+43  5.2811E+44
  3.5480E-01  5.6140E+44  1.1920E+38  1.3426E+43  5.4797E+44
  3.7580E-01  5.7981E+44  4.1134E+38  1.3095E+43  5.6672E+44
  3.9810E-01  5.9279E+44  1.2959E+39  1.2724E+43  5.8006E+44
  4.2170E-01  6.1038E+44  3.7781E+39  1.2327E+43  5.9805E+44
  4.4670E-01  6.2605E+44  1.0172E+40  1.1937E+43  6.1410E+44
  4.7320E-01  6.4017E+44  2.5697E+40  1.1489E+43  6.2866E+44
  5.0120E-01  6.5205E+44  6.1014E+40  1.0979E+43  6.4101E+44
  5.3090E-01  6.6409E+44  1.3741E+41  1.0413E+43  6.5354E+44
  5.6230E-01  6.7094E+44  2.9083E+41  9.8415E+42  6.6081E+44
  5.9570E-01  6.7432E+44  5.8409E+41  9.2563E+42  6.6448E+44
  6.3100E-01  6.7666E+44  1.1150E+42  8.6628E+42  6.6688E+44
  6.6830E-01  6.7782E+44  2.0259E+42  8.0584E+42  6.6773E+44
  7.0790E-01  6.7739E+44  3.5142E+42  7.4755E+42  6.6640E+44
  7.4990E-01  6.7417E+44  5.8168E+42  6.9138E+42  6.6144E+44
  7.9430E-01  6.7034E+44  9.2165E+42  6.3689E+42  6.5475E+44
  8.4140E-01  6.6637E+44  1.4041E+43  5.8402E+42  6.4649E+44
  8.9130E-01  6.6438E+44  2.0654E+43  5.3229E+42  6.3841E+44
  9.4410E-01  6.6236E+44  2.9273E+43  4.8255E+42  6.2826E+44
  1.0000E+00  6.5913E+44  3.9985E+43  4.3531E+42  6.1480E+44
  1.0590E+00  6.5559E+44  5.2749E+43  3.9126E+42  5.9893E+44
  1.1220E+00  6.5215E+44  6.7670E+43  3.4947E+42  5.8099E+44
  1.1890E+00  6.4933E+44  8.4553E+43  3.0938E+42  5.6168E+44
  1.2590E+00  6.4781E+44  1.0263E+44  2.7048E+42  5.4248E+44
  1.3340E+00  6.4517E+44  1.2152E+44  2.3418E+42  5.2130E+44
  1.4130E+00  6.4057E+44  1.3988E+44  2.0157E+42  4.9867E+44
  1.4960E+00  6.3424E+44  1.5712E+44  1.7213E+42  4.7540E+44
  1.5850E+00  6.2602E+44  1.7327E+44  1.4530E+42  4.5129E+44
  1.6790E+00  6.1572E+44  1.8711E+44  1.2088E+42  4.2740E+44
  1.7780E+00  6.0284E+44  1.9789E+44  9.8854E+41  4.0396E+44
  1.8840E+00  5.8710E+44  2.0582E+44  7.9374E+41  3.8048E+44
  1.9950E+00  5.6876E+44  2.1036E+44  6.2614E+41  3.5778E+44
  2.1130E+00  5.4772E+44  2.1180E+44  4.8563E+41  3.3543E+44
  2.2390E+00  5.2399E+44  2.1013E+44  3.7077E+41  3.1349E+44
  2.3710E+00  4.9844E+44  2.0560E+44  2.7940E+41  2.9256E+44
  2.5120E+00  4.7138E+44  1.9894E+44  2.0830E+41  2.7223E+44
  2.6610E+00  4.4343E+44  1.9039E+44  1.5394E+41  2.5289E+44
  2.8180E+00  4.1500E+44  1.8026E+44  1.1291E+41  2.3462E+44
  2.9850E+00  3.8661E+44  1.6923E+44  8.2320E+40  2.1730E+44
  3.1620E+00  3.5857E+44  1.5752E+44  5.9709E+40  2.0099E+44
  3.3500E+00  3.3176E+44  1.4607E+44  4.3200E+40  1.8564E+44
  3.5480E+00  3.0585E+44  1.3441E+44  3.1145E+40  1.7141E+44
  3.7580E+00  2.8130E+44  1.2315E+44  2.2399E+40  1.5812E+44
  3.9810E+00  2.5814E+44  1.1238E+44  1.6075E+40  1.4574E+44
  4.2170E+00  2.3644E+44  1.0217E+44  1.1518E+40  1.3426E+44
  4.4670E+00  2.1620E+44  9.2573E+43  8.2399E+39  1.2361E+44
  4.7320E+00  1.9747E+44  8.3708E+43  5.8850E+39  1.1376E+44
  5.0120E+00  1.8050E+44  7.5591E+43  4.2053E+39  1.0490E+44
  5.3090E+00  1.6172E+44  6.8138E+43  2.9424E+39  9.3581E+43
  5.6230E+00  1.4423E+44  6.1404E+43  2.0461E+39  8.2829E+43
  5.9570E+00  1.2812E+44  5.5400E+43  1.4148E+39  7.2719E+43
  6.3100E+00  1.1303E+44  4.9607E+43  9.6977E+38  6.3426E+43
  6.6830E+00  9.9912E+43  4.4931E+43  6.6344E+38  5.4980E+43
  7.0790E+00  8.7720E+43  4.0358E+43  4.4829E+38  4.7361E+43
  7.4990E+00  7.8769E+43  3.8257E+43  3.0653E+38  4.0511E+43
  7.9430E+00  8.0342E+43  4.6093E+43  2.3880E+38  3.4249E+43
  8.4140E+00  9.2761E+43  6.4205E+43  2.2478E+38  2.8555E+43
  8.9130E+00  1.0326E+44  7.9561E+43  2.1819E+38  2.3695E+43
  9.4410E+00  1.1073E+44  9.1132E+43  2.2639E+38  1.9596E+43
  1.0000E+01  9.3098E+43  7.6561E+43  1.6077E+38  1.6537E+43
  1.0590E+01  7.4127E+43  6.0161E+43  1.0477E+38  1.3965E+43
  1.1220E+01  5.6233E+43  4.4481E+43  6.0701E+37  1.1752E+43
  1.1890E+01  4.3028E+43  3.3208E+43  3.5688E+37  9.8201E+42
  1.2590E+01  3.2901E+43  2.4710E+43  2.0584E+37  8.1909E+42
  1.3340E+01  2.5397E+43  1.8611E+43  1.1844E+37  6.7864E+42
  1.4130E+01  2.0607E+43  1.5006E+43  7.0462E+36  5.6009E+42
  1.4960E+01  1.8875E+43  1.4275E+43  4.8486E+36  4.6000E+42
  1.5850E+01  1.7881E+43  1.4125E+43  3.5902E+36  3.7562E+42
  1.6790E+01  1.7037E+43  1.3975E+43  2.7787E+36  3.0620E+42
  1.7780E+01  1.5788E+43  1.3291E+43  2.1568E+36  2.4967E+42
  1.8840E+01  1.3816E+43  1.1784E+43  1.5888E+36  2.0322E+42
  1.9950E+01  1.1410E+43  9.7512E+42  1.0757E+36  1.6588E+42
  2.1130E+01  9.2821E+42  7.9307E+42  6.9621E+35  1.3514E+42
  2.2390E+01  7.5807E+42  6.4836E+42  4.5080E+35  1.0971E+42
  2.3710E+01  6.2151E+42  5.3238E+42  2.9178E+35  8.9127E+41
  2.5120E+01  5.0938E+42  4.3720E+42  1.8927E+35  7.2175E+41
  2.6610E+01  4.1662E+42  3.5821E+42  1.2229E+35  5.8401E+41
  2.8180E+01  3.4016E+42  2.9291E+42  7.9138E+34  4.7252E+41
  2.9850E+01  2.7625E+42  2.3809E+42  5.1095E+34  3.8157E+41
  3.1620E+01  2.2272E+42  1.9195E+42  3.2793E+34  3.0776E+41
  3.3500E+01  1.7809E+42  1.5330E+42  2.0918E+34  2.4789E+41
  3.5480E+01  1.4138E+42  1.2141E+42  1.3278E+34  1.9972E+41
  3.7580E+01  1.1115E+42  9.5077E+41  8.3615E+33  1.6076E+41
  3.9810E+01  8.6368E+41  7.3445E+41  5.2155E+33  1.2923E+41
  4.2170E+01  6.6498E+41  5.6114E+41  3.2265E+33  1.0384E+41
  4.4670E+01  5.0780E+41  4.2442E+41  1.9794E+33  8.3378E+40
  4.7320E+01  3.8512E+41  3.1823E+41  1.2062E+33  6.6896E+40
  5.0120E+01  2.9057E+41  2.3690E+41  7.3149E+32  5.3671E+40
  5.3090E+01  2.1814E+41  1.7512E+41  4.4160E+32  4.3022E+40
  5.6230E+01  1.6327E+41  1.2879E+41  2.6587E+32  3.4481E+40
  5.9570E+01  1.2175E+41  9.4151E+40  1.5955E+32  2.7595E+40
  6.3100E+01  9.0677E+40  6.8591E+40  9.5692E+31  2.2086E+40
  6.6830E+01  6.7498E+40  4.9821E+40  5.7394E+31  1.7677E+40
  7.0790E+01  5.0217E+40  3.6081E+40  3.4422E+31  1.4136E+40
  7.4990E+01  3.7354E+40  2.6059E+40  2.0655E+31  1.1296E+40
  7.9430E+01  2.7819E+40  1.8792E+40  1.2417E+31  9.0267E+39
  8.4140E+01  2.0738E+40  1.3529E+40  7.4734E+30  7.2088E+39
  8.9130E+01  1.5488E+40  9.7334E+39  4.5081E+30  5.7547E+39
  9.4410E+01  1.1591E+40  6.9977E+39  2.7259E+30  4.5937E+39
  1.0000E+02  8.6936E+39  5.0273E+39  1.6519E+30  3.6663E+39
  1.0590E+02  6.5415E+39  3.6140E+39  1.0045E+30  2.9274E+39
  1.1220E+02  4.9295E+39  2.5968E+39  6.1125E+29  2.3328E+39
  1.1890E+02  3.7261E+39  1.8692E+39  3.7287E+29  1.8569E+39
  1.2590E+02  2.8373E+39  1.3550E+39  2.2897E+29  1.4823E+39
  1.3340E+02  2.1652E+39  9.8517E+38  1.4095E+29  1.1800E+39
  1.4130E+02  1.6530E+39  7.1257E+38  8.7190E+28  9.4039E+38
  1.4960E+02  1.2576E+39  5.0698E+38  5.3810E+28  7.5066E+38
  1.5850E+02  9.5569E+38  3.5827E+38  3.3069E+28  5.9742E+38
  1.7780E+02  5.5994E+38  1.8072E+38  1.2606E+28  3.7923E+38
  1.9950E+02  3.3190E+38  9.1565E+37  4.8423E+27  2.4034E+38
  2.2390E+02  1.9854E+38  4.6430E+37  1.8718E+27  1.5211E+38
  2.5120E+02  1.1993E+38  2.3576E+37  7.2842E+26  9.6352E+37
  2.8180E+02  7.3001E+37  1.1970E+37  2.8487E+26  6.1031E+37
  3.1620E+02  4.4680E+37  6.0689E+36  1.1172E+26  3.8611E+37
  3.5480E+02  2.7494E+37  3.0758E+36  4.3934E+25  2.4418E+37
  3.9810E+02  1.6998E+37  1.5579E+36  1.7326E+25  1.5440E+37
  4.4670E+02  1.0548E+37  7.8852E+35  6.8454E+24  9.7595E+36
  5.0120E+02  6.5680E+36  3.9896E+35  2.7096E+24  6.1691E+36
  5.6230E+02  4.1020E+36  2.0184E+35  1.0740E+24  3.9001E+36
  6.3100E+02  2.5648E+36  1.0196E+35  4.2585E+23  2.4628E+36
  7.0790E+02  1.6083E+36  5.1533E+34  1.6917E+23  1.5567E+36
  7.9430E+02  1.0092E+36  2.6014E+34  6.7199E+22  9.8323E+35
  8.9130E+02  6.3388E+35  1.3121E+34  2.6700E+22  6.2076E+35
  1.0000E+03  3.9875E+35  6.6188E+33  1.0621E+22  3.9213E+35
