  1.0000E-03  1.0420E+45  0.0000E+00  1.6541E+44  8.7662E+44
  1.1220E-03  1.1419E+45  0.0000E+00  1.5831E+44  9.8357E+44
  1.2590E-03  1.2527E+45  0.0000E+00  1.4904E+44  1.1037E+45
  1.4130E-03  1.3788E+45  0.0000E+00  1.4015E+44  1.2387E+45
  1.5850E-03  1.5278E+45  0.0000E+00  1.3833E+44  1.3894E+45
  1.7780E-03  1.7377E+45  0.0000E+00  1.7914E+44  1.5586E+45
  1.9950E-03  1.9262E+45  0.0000E+00  1.7735E+44  1.7488E+45
  2.2390E-03  2.1300E+45  0.0000E+00  1.6726E+44  1.9627E+45
  2.5120E-03  2.4328E+45  0.0000E+00  2.3082E+44  2.2020E+45
  2.8180E-03  2.6985E+45  0.0000E+00  2.2829E+44  2.4702E+45
  3.1620E-03  2.9928E+45  0.0000E+00  2.2100E+44  2.7718E+45
  3.5480E-03  3.3216E+45  0.0000E+00  2.1132E+44  3.1103E+45
  3.9810E-03  3.6897E+45  0.0000E+00  1.9984E+44  3.4898E+45
  4.4670E-03  4.3924E+45  0.0000E+00  4.7659E+44  3.9158E+45
  5.0120E-03  4.9330E+45  0.0000E+00  5.3945E+44  4.3936E+45
  5.6230E-03  5.5268E+45  0.0000E+00  5.9757E+44  4.9292E+45
  5.9570E-03  5.8463E+45  0.0000E+00  6.2427E+44  5.2220E+45
  6.6830E-03  6.5325E+45  0.0000E+00  6.7394E+44  5.8585E+45
  7.4990E-03  7.3092E+45  0.0000E+00  7.3542E+44  6.5738E+45
  8.4140E-03  8.1580E+45  0.0000E+00  7.8211E+44  7.3758E+45
  9.4410E-03  9.1013E+45  0.0000E+00  8.2520E+44  8.2761E+45
  1.0590E-02  1.0142E+46  0.0000E+00  8.5897E+44  9.2833E+45
  1.1890E-02  1.1370E+46  0.0000E+00  9.4666E+44  1.0423E+46
  1.3340E-02  1.2690E+46  0.0000E+00  9.9561E+44  1.1694E+46
  1.4960E-02  1.4167E+46  0.0000E+00  1.0525E+45  1.3114E+46
  1.6790E-02  1.5824E+46  0.0000E+00  1.1056E+45  1.4718E+46
  1.8840E-02  1.7674E+46  0.0000E+00  1.1591E+45  1.6515E+46
  2.1130E-02  1.9755E+46  0.0000E+00  1.2316E+45  1.8524E+46
  2.3710E-02  2.2085E+46  0.0000E+00  1.3006E+45  2.0785E+46
  2.6610E-02  2.4695E+46  0.0000E+00  1.3684E+45  2.3326E+46
  2.9850E-02  2.7603E+46  1.2826E-82  1.4368E+45  2.6166E+46
  3.3500E-02  3.0867E+46  8.1153E-68  1.5001E+45  2.9367E+46
  3.7580E-02  3.4533E+46  1.0143E-54  1.5904E+45  3.2942E+46
  4.2170E-02  3.8963E+46  4.3600E-43  1.9962E+45  3.6967E+46
  4.7320E-02  4.3590E+46  1.1288E-32  2.1083E+45  4.1482E+46
  5.3090E-02  4.5222E+46  1.9867E-23  2.0099E+45  4.3212E+46
  6.6830E-02  4.2713E+46  6.6558E-08  1.4451E+45  4.1268E+46
  7.4990E-02  4.1501E+46  2.0601E-01  1.1722E+45  4.0328E+46
  8.4140E-02  4.0584E+46  1.0736E+05  1.1738E+45  3.9410E+46
  9.4410E-02  3.9708E+46  1.2710E+10  1.1959E+45  3.8513E+46
  1.0590E-01  3.6377E+46  3.6187E+14  1.3213E+45  3.5055E+46
  1.1890E-01  3.0696E+46  2.9123E+18  1.2283E+45  2.9467E+46
  1.3340E-01  2.5906E+46  6.4102E+21  1.1105E+45  2.4795E+46
  1.4960E-01  2.1687E+46  7.6344E+24  8.0850E+44  2.0878E+46
  1.5850E-01  1.9821E+46  2.2533E+26  6.7603E+44  1.9145E+46
  1.7780E-01  1.6658E+46  1.1239E+29  5.4324E+44  1.6114E+46
  1.9950E-01  1.3941E+46  2.9891E+31  3.8341E+44  1.3558E+46
  2.2390E-01  1.1739E+46  3.3618E+33  3.3614E+44  1.1403E+46
  2.3710E-01  1.0854E+46  2.3284E+34  3.8975E+44  1.0464E+46
  2.5120E-01  1.0017E+46  1.3978E+35  4.2130E+44  9.5958E+45
  2.6610E-01  9.2179E+45  7.7358E+35  4.1670E+44  8.8012E+45
  2.8180E-01  8.4718E+45  3.8882E+36  3.9572E+44  8.0761E+45
  2.9850E-01  7.7807E+45  1.7720E+37  3.7285E+44  7.4079E+45
  3.1620E-01  7.1489E+45  7.2397E+37  3.5427E+44  6.7947E+45
  3.3500E-01  6.5676E+45  2.6944E+38  3.3676E+44  6.2308E+45
  3.5480E-01  6.0358E+45  9.1598E+38  3.1928E+44  5.7165E+45
  3.7580E-01  5.5472E+45  2.8765E+39  3.0300E+44  5.2442E+45
  3.9810E-01  5.0979E+45  8.3132E+39  2.8819E+44  4.8097E+45
  4.2170E-01  4.6872E+45  2.2079E+40  2.7554E+44  4.4116E+45
  4.4670E-01  4.3114E+45  5.4338E+40  2.6472E+44  4.0466E+45
  4.7320E-01  3.9657E+45  1.2572E+41  2.5407E+44  3.7115E+45
  5.0120E-01  3.6483E+45  2.7420E+41  2.4321E+44  3.4048E+45
  5.3090E-01  3.3563E+45  5.6700E+41  2.3253E+44  3.1232E+45
  5.6230E-01  3.0885E+45  1.1099E+42  2.2228E+44  2.8651E+45
  5.9570E-01  2.8419E+45  2.0708E+42  2.1228E+44  2.6276E+45
  6.3100E-01  2.6166E+45  3.6808E+42  2.0256E+44  2.4103E+45
  6.6830E-01  2.4107E+45  6.2431E+42  1.9304E+44  2.2114E+45
  7.0790E-01  2.2228E+45  1.0148E+43  1.8419E+44  2.0284E+45
  7.4990E-01  2.0520E+45  1.5831E+43  1.7571E+44  1.8605E+45
  7.9430E-01  1.8980E+45  2.3740E+43  1.6762E+44  1.7066E+45
  8.4140E-01  1.7599E+45  3.4362E+43  1.6023E+44  1.5653E+45
  8.9130E-01  1.6375E+45  4.8161E+43  1.5359E+44  1.4357E+45
  9.4410E-01  1.5303E+45  6.5380E+43  1.4791E+44  1.3170E+45
  1.0000E+00  1.4373E+45  8.6144E+43  1.4303E+44  1.2081E+45
  1.0590E+00  1.3581E+45  1.1039E+44  1.3916E+44  1.1086E+45
  1.1220E+00  1.2911E+45  1.3851E+44  1.3606E+44  1.0165E+45
  1.1890E+00  1.2358E+45  1.7044E+44  1.3349E+44  9.3183E+44
  1.2590E+00  1.1914E+45  2.0511E+44  1.3108E+44  8.5520E+44
  1.3340E+00  1.1563E+45  2.4283E+44  1.2933E+44  7.8411E+44
  1.4130E+00  1.1294E+45  2.8189E+44  1.2823E+44  7.1927E+44
  1.4960E+00  1.1096E+45  3.2194E+44  1.2743E+44  6.6026E+44
  1.5850E+00  1.0962E+45  3.6413E+44  1.2664E+44  6.0543E+44
  1.6790E+00  1.0872E+45  4.0667E+44  1.2527E+44  5.5530E+44
  1.7780E+00  1.0809E+45  4.4858E+44  1.2272E+44  5.0957E+44
  1.8840E+00  1.0768E+45  4.9085E+44  1.1875E+44  4.6719E+44
  1.9950E+00  1.0732E+45  5.3145E+44  1.1296E+44  4.2875E+44
  2.1130E+00  1.0691E+45  5.7030E+44  1.0545E+44  3.9333E+44
  2.2390E+00  1.0629E+45  6.0584E+44  9.6423E+43  3.6061E+44
  2.3710E+00  1.0531E+45  6.3599E+44  8.6212E+43  3.3092E+44
  2.5120E+00  1.0397E+45  6.6069E+44  7.5521E+43  3.0344E+44
  2.6610E+00  1.0212E+45  6.7807E+44  6.4815E+43  2.7832E+44
  2.8180E+00  9.9679E+44  6.8688E+44  5.4526E+43  2.5538E+44
  2.9850E+00  9.6695E+44  6.8763E+44  4.5054E+43  2.3426E+44
  3.1620E+00  9.3143E+44  6.7996E+44  3.6604E+43  2.1487E+44
  3.3500E+00  8.9268E+44  6.6632E+44  2.9317E+43  1.9704E+44
  3.5480E+00  8.4857E+44  6.4466E+44  2.3133E+43  1.8078E+44
  3.7580E+00  8.0159E+44  6.1773E+44  1.8020E+43  1.6583E+44
  3.9810E+00  7.5247E+44  5.8650E+44  1.3873E+43  1.5210E+44
  4.2170E+00  7.0196E+44  5.5189E+44  1.0565E+43  1.3951E+44
  4.4670E+00  6.5102E+44  5.1510E+44  7.9660E+42  1.2796E+44
  4.7320E+00  6.0105E+44  4.7773E+44  5.9519E+42  1.1737E+44
  5.0120E+00  5.5312E+44  4.4079E+44  4.4152E+42  1.0791E+44
  5.3090E+00  5.0404E+44  4.0478E+44  3.2351E+42  9.6024E+43
  5.6230E+00  4.5780E+44  3.7064E+44  2.3528E+42  8.4805E+43
  5.9570E+00  4.1501E+44  3.3899E+44  1.7010E+42  7.4316E+43
  6.3100E+00  3.7357E+44  3.0764E+44  1.2168E+42  6.4710E+43
  6.6830E+00  3.3812E+44  2.8123E+44  8.7082E+41  5.6014E+43
  7.0790E+00  3.0407E+44  2.5526E+44  6.1472E+41  4.8190E+43
  7.4990E+00  2.8418E+44  2.4251E+44  4.4037E+41  4.1229E+43
  7.9430E+00  3.1245E+44  2.7698E+44  3.5284E+41  3.5109E+43
  8.4140E+00  3.7026E+44  3.4020E+44  3.0608E+41  2.9752E+43
  8.9130E+00  3.9783E+44  3.7247E+44  2.5812E+41  2.5104E+43
  9.4410E+00  4.0272E+44  3.8139E+44  2.2963E+41  2.1101E+43
  1.0000E+01  3.4457E+44  3.2672E+44  1.7946E+41  1.7671E+43
  1.0590E+01  2.8505E+44  2.7016E+44  1.3474E+41  1.4758E+43
  1.1220E+01  2.2888E+44  2.1652E+44  9.2332E+40  1.2267E+43
  1.1890E+01  1.8511E+44  1.7489E+44  6.2415E+40  1.0159E+43
  1.2590E+01  1.5114E+44  1.4268E+44  4.1240E+40  8.4119E+42
  1.3340E+01  1.2563E+44  1.1867E+44  2.6954E+40  6.9319E+42
  1.4130E+01  1.0959E+44  1.0387E+44  1.7791E+40  5.7050E+42
  1.4960E+01  1.0454E+44  9.9835E+43  1.2793E+40  4.6919E+42
  1.5850E+01  1.0223E+44  9.8375E+43  9.7568E+39  3.8414E+42
  1.6790E+01  1.0068E+44  9.7534E+43  7.7817E+39  3.1409E+42
  1.7780E+01  9.8327E+43  9.5754E+43  6.3873E+39  2.5663E+42
  1.8840E+01  9.4263E+43  9.2169E+43  5.2390E+39  2.0888E+42
  1.9950E+01  8.8916E+43  8.7211E+43  4.1643E+39  1.7013E+42
  2.1130E+01  8.4220E+43  8.2834E+43  3.2225E+39  1.3827E+42
  2.2390E+01  8.0553E+43  7.9430E+43  2.4982E+39  1.1203E+42
  2.3710E+01  7.7476E+43  7.6566E+43  1.9328E+39  9.0864E+41
  2.5120E+01  7.4489E+43  7.3752E+43  1.4943E+39  7.3479E+41
  2.6610E+01  7.1297E+43  7.0702E+43  1.1456E+39  5.9383E+41
  2.8180E+01  6.7717E+43  6.7237E+43  8.7245E+38  4.7994E+41
  2.9850E+01  6.3570E+43  6.3182E+43  6.5745E+38  3.8717E+41
  3.1620E+01  5.8822E+43  5.8510E+43  4.8808E+38  3.1199E+41
  3.3500E+01  5.3551E+43  5.3300E+43  3.5657E+38  2.5106E+41
  3.5480E+01  4.7950E+43  4.7747E+43  2.5629E+38  2.0210E+41
  3.7580E+01  4.2188E+43  4.2026E+43  1.8102E+38  1.6253E+41
  3.9810E+01  3.6437E+43  3.6306E+43  1.2561E+38  1.3054E+41
  4.2170E+01  3.0950E+43  3.0845E+43  8.5664E+37  1.0479E+41
  4.4670E+01  2.5885E+43  2.5801E+43  5.7420E+37  8.4074E+40
  4.7320E+01  2.1348E+43  2.1281E+43  3.7900E+37  6.7400E+40
  5.0120E+01  1.7385E+43  1.7331E+43  2.4668E+37  5.4034E+40
  5.3090E+01  1.3986E+43  1.3943E+43  1.5845E+37  4.3282E+40
  5.6230E+01  1.1136E+43  1.1102E+43  1.0062E+37  3.4667E+40
  5.9570E+01  8.7757E+42  8.7480E+42  6.3168E+36  2.7728E+40
  6.3100E+01  6.8588E+42  6.8366E+42  3.9300E+36  2.2180E+40
  6.6830E+01  5.3210E+42  5.3032E+42  2.4254E+36  1.7744E+40
  7.0790E+01  4.0993E+42  4.0851E+42  1.4854E+36  1.4183E+40
  7.4990E+01  3.1376E+42  3.1262E+42  9.0345E+35  1.1329E+40
  7.9430E+01  2.3888E+42  2.3798E+42  5.4646E+35  9.0505E+39
  8.4140E+01  1.8095E+42  1.8023E+42  3.2866E+35  7.2256E+39
  8.9130E+01  1.3654E+42  1.3596E+42  1.9687E+35  5.7665E+39
  9.4410E+01  1.0264E+42  1.0218E+42  1.1747E+35  4.6021E+39
  1.0000E+02  7.6887E+41  7.6520E+41  6.9833E+34  3.6722E+39
  1.0590E+02  5.7475E+41  5.7182E+41  4.1429E+34  2.9317E+39
  1.1220E+02  4.2854E+41  4.2620E+41  2.4503E+34  2.3358E+39
  1.1890E+02  3.1950E+41  3.1764E+41  1.4492E+34  1.8590E+39
  1.2590E+02  2.3943E+41  2.3794E+41  8.6169E+33  1.4838E+39
  1.3340E+02  1.7982E+41  1.7864E+41  5.1426E+33  1.1811E+39
  1.4130E+02  1.3391E+41  1.3296E+41  3.0534E+33  9.4117E+38
  1.4960E+02  9.7583E+40  9.6832E+40  1.7717E+33  7.5121E+38
  1.5850E+02  7.0551E+40  6.9953E+40  1.0171E+33  5.9781E+38
  1.7780E+02  3.7174E+40  3.6795E+40  3.3740E+32  3.7942E+38
  1.9950E+02  1.9603E+40  1.9363E+40  1.1206E+32  2.4043E+38
  2.2390E+02  1.0306E+40  1.0153E+40  3.7132E+31  1.5216E+38
  2.5120E+02  5.4060E+39  5.3096E+39  1.2283E+31  9.6376E+37
  2.8180E+02  2.8274E+39  2.7663E+39  4.0536E+30  6.1043E+37
  3.1620E+02  1.4736E+39  1.4349E+39  1.3337E+30  3.8617E+37
  3.5480E+02  7.6641E+38  7.4199E+38  4.3801E+29  2.4421E+37
  3.9810E+02  3.9798E+38  3.8253E+38  1.4374E+29  1.5442E+37
  4.4670E+02  2.0643E+38  1.9667E+38  4.7147E+28  9.7603E+36
  5.0120E+02  1.0706E+38  1.0090E+38  1.5474E+28  6.1695E+36
  5.6230E+02  5.5572E+37  5.1672E+37  5.0859E+27  3.9003E+36
  6.3100E+02  2.8851E+37  2.6388E+37  1.6739E+27  2.4629E+36
  7.0790E+02  1.5023E+37  1.3467E+37  5.5316E+26  1.5568E+36
  7.9430E+02  7.8399E+36  6.8566E+36  1.8341E+26  9.8325E+35
  8.9130E+02  4.1058E+36  3.4850E+36  6.1108E+25  6.2077E+35
  1.0000E+03  2.1620E+36  1.7699E+36  2.0503E+25  3.9214E+35
