  1.0000E-03  9.8040E+44  0.0000E+00  1.0378E+44  8.7662E+44
  1.1220E-03  1.0762E+45  0.0000E+00  9.2649E+43  9.8357E+44
  1.2590E-03  1.1854E+45  0.0000E+00  8.1690E+43  1.1037E+45
  1.4130E-03  1.3110E+45  0.0000E+00  7.2336E+43  1.2387E+45
  1.5850E-03  1.4580E+45  0.0000E+00  6.8527E+43  1.3894E+45
  1.7780E-03  1.6410E+45  0.0000E+00  8.2418E+43  1.5586E+45
  1.9950E-03  1.8204E+45  0.0000E+00  7.1541E+43  1.7488E+45
  2.2390E-03  2.0278E+45  0.0000E+00  6.5074E+43  1.9627E+45
  2.5120E-03  2.2762E+45  0.0000E+00  7.4211E+43  2.2020E+45
  2.8180E-03  2.5326E+45  0.0000E+00  6.2380E+43  2.4702E+45
  3.1620E-03  2.8264E+45  0.0000E+00  5.4550E+43  2.7718E+45
  3.5480E-03  3.1585E+45  0.0000E+00  4.8235E+43  3.1103E+45
  3.9810E-03  3.5322E+45  0.0000E+00  4.2407E+43  3.4898E+45
  4.4670E-03  4.0326E+45  0.0000E+00  1.1677E+44  3.9158E+45
  5.0120E-03  4.5434E+45  0.0000E+00  1.4982E+44  4.3936E+45
  5.6230E-03  5.1104E+45  0.0000E+00  1.8117E+44  4.9292E+45
  5.9570E-03  5.4182E+45  0.0000E+00  1.9613E+44  5.2220E+45
  6.6830E-03  6.0828E+45  0.0000E+00  2.2429E+44  5.8585E+45
  7.4990E-03  6.8275E+45  0.0000E+00  2.5370E+44  6.5738E+45
  8.4140E-03  7.6530E+45  0.0000E+00  2.7718E+44  7.3758E+45
  9.4410E-03  8.5762E+45  0.0000E+00  3.0007E+44  8.2761E+45
  1.0590E-02  9.6085E+45  0.0000E+00  3.2521E+44  9.2833E+45
  1.1890E-02  1.0767E+46  0.0000E+00  3.4435E+44  1.0423E+46
  1.3340E-02  1.2058E+46  0.0000E+00  3.6394E+44  1.1694E+46
  1.4960E-02  1.3496E+46  0.0000E+00  3.8149E+44  1.3114E+46
  1.6790E-02  1.5119E+46  0.0000E+00  4.0021E+44  1.4718E+46
  1.8840E-02  1.6936E+46  0.0000E+00  4.2055E+44  1.6515E+46
  2.1130E-02  1.8965E+46  0.0000E+00  4.4114E+44  1.8524E+46
  2.3710E-02  2.1247E+46  0.0000E+00  4.6261E+44  2.0785E+46
  2.6610E-02  2.3811E+46  0.0000E+00  4.8423E+44  2.3326E+46
  2.9850E-02  2.6672E+46  1.0997E-82  5.0555E+44  2.6166E+46
  3.3500E-02  2.9890E+46  6.8712E-68  5.2338E+44  2.9367E+46
  3.7580E-02  3.3491E+46  8.5963E-55  5.4894E+44  3.2942E+46
  4.2170E-02  3.7679E+46  3.6563E-43  7.1231E+44  3.6967E+46
  4.7320E-02  4.2224E+46  9.2825E-33  7.4173E+44  4.1482E+46
  5.3090E-02  4.3896E+46  1.6088E-23  6.8365E+44  4.3212E+46
  6.6830E-02  4.1696E+46  5.1419E-08  4.2731E+44  4.1268E+46
  7.4990E-02  4.0636E+46  1.5118E-01  3.0736E+44  4.0328E+46
  8.4140E-02  3.9731E+46  7.7036E+04  3.2105E+44  3.9410E+46
  9.4410E-02  3.8851E+46  8.8137E+09  3.3827E+44  3.8513E+46
  1.0590E-01  3.5474E+46  2.3557E+14  4.1806E+44  3.5055E+46
  1.1890E-01  2.9894E+46  1.9350E+18  4.2698E+44  2.9467E+46
  1.3340E-01  2.5197E+46  4.7365E+21  4.0149E+44  2.4795E+46
  1.4960E-01  2.1148E+46  6.1307E+24  2.6964E+44  2.0878E+46
  1.5850E-01  1.9352E+46  1.8423E+26  2.0724E+44  1.9145E+46
  1.7780E-01  1.6267E+46  8.9106E+28  1.5253E+44  1.6114E+46
  1.9950E-01  1.3666E+46  2.1652E+31  1.0793E+44  1.3558E+46
  2.2390E-01  1.1498E+46  2.2037E+33  9.4900E+43  1.1403E+46
  2.3710E-01  1.0578E+46  1.5553E+34  1.1382E+44  1.0464E+46
  2.5120E-01  9.7201E+45  9.7638E+34  1.2431E+44  9.5958E+45
  2.6610E-01  8.9223E+45  5.6104E+35  1.2109E+44  8.8012E+45
  2.8180E-01  8.1884E+45  2.9046E+36  1.1237E+44  8.0761E+45
  2.9850E-01  7.5113E+45  1.3588E+37  1.0344E+44  7.4079E+45
  3.1620E-01  6.8909E+45  5.6954E+37  9.6255E+43  6.7947E+45
  3.3500E-01  6.3205E+45  2.1738E+38  8.9639E+43  6.2308E+45
  3.5480E-01  5.8000E+45  7.5669E+38  8.3492E+43  5.7165E+45
  3.7580E-01  5.3222E+45  2.4329E+39  7.8006E+43  5.2442E+45
  3.9810E-01  4.8830E+45  7.1993E+39  7.3246E+43  4.8097E+45
  4.2170E-01  4.4811E+45  1.9635E+40  6.9443E+43  4.4116E+45
  4.4670E-01  4.1129E+45  4.9720E+40  6.6285E+43  4.0466E+45
  4.7320E-01  3.7751E+45  1.1855E+41  6.3450E+43  3.7115E+45
  5.0120E-01  3.4659E+45  2.6686E+41  6.0845E+43  3.4048E+45
  5.3090E-01  3.1824E+45  5.7101E+41  5.8656E+43  3.1232E+45
  5.6230E-01  2.9231E+45  1.1573E+42  5.6792E+43  2.8651E+45
  5.9570E-01  2.6851E+45  2.2385E+42  5.5336E+43  2.6276E+45
  6.3100E-01  2.4688E+45  4.1344E+42  5.4365E+43  2.4103E+45
  6.6830E-01  2.2727E+45  7.3020E+42  5.3994E+43  2.2114E+45
  7.0790E-01  2.0951E+45  1.2390E+43  5.4331E+43  2.0284E+45
  7.4990E-01  1.9360E+45  2.0196E+43  5.5339E+43  1.8605E+45
  7.9430E-01  1.7955E+45  3.1718E+43  5.7221E+43  1.7066E+45
  8.4140E-01  1.6739E+45  4.8172E+43  6.0368E+43  1.5653E+45
  8.9130E-01  1.5719E+45  7.1155E+43  6.5037E+43  1.4357E+45
  9.4410E-01  1.4902E+45  1.0183E+44  7.1382E+43  1.3170E+45
  1.0000E+00  1.4283E+45  1.4104E+44  7.9179E+43  1.2081E+45
  1.0590E+00  1.3864E+45  1.8953E+44  8.8285E+43  1.1086E+45
  1.1220E+00  1.3639E+45  2.4887E+44  9.8445E+43  1.0165E+45
  1.1890E+00  1.3608E+45  3.1978E+44  1.0919E+44  9.3183E+44
  1.2590E+00  1.3762E+45  4.0133E+44  1.1965E+44  8.5520E+44
  1.3340E+00  1.4063E+45  4.9243E+44  1.2976E+44  7.8411E+44
  1.4130E+00  1.4455E+45  5.8740E+44  1.3882E+44  7.1927E+44
  1.4960E+00  1.4904E+45  6.8388E+44  1.4624E+44  6.6026E+44
  1.5850E+00  1.5392E+45  7.8211E+44  1.5169E+44  6.0543E+44
  1.6790E+00  1.5865E+45  8.7690E+44  1.5434E+44  5.5530E+44
  1.7780E+00  1.6270E+45  9.6387E+44  1.5360E+44  5.0957E+44
  1.8840E+00  1.6588E+45  1.0420E+45  1.4959E+44  4.6719E+44
  1.9950E+00  1.6775E+45  1.1064E+45  1.4231E+44  4.2875E+44
  2.1130E+00  1.6817E+45  1.1559E+45  1.3244E+44  3.9333E+44
  2.2390E+00  1.6693E+45  1.1881E+45  1.2068E+44  3.6061E+44
  2.3710E+00  1.6407E+45  1.2020E+45  1.0775E+44  3.3092E+44
  2.5120E+00  1.5980E+45  1.2000E+45  9.4608E+43  3.0344E+44
  2.6610E+00  1.5424E+45  1.1823E+45  8.1791E+43  2.7832E+44
  2.8180E+00  1.4755E+45  1.1504E+45  6.9722E+43  2.5538E+44
  2.9850E+00  1.4007E+45  1.1077E+45  5.8741E+43  2.3426E+44
  3.1620E+00  1.3196E+45  1.0558E+45  4.8980E+43  2.1487E+44
  3.3500E+00  1.2375E+45  9.9993E+44  4.0484E+43  1.9704E+44
  3.5480E+00  1.1527E+45  9.3869E+44  3.3215E+43  1.8078E+44
  3.7580E+00  1.0688E+45  8.7585E+44  2.7069E+43  1.6583E+44
  3.9810E+00  9.8654E+44  8.1252E+44  2.1929E+43  1.5210E+44
  4.2170E+00  9.0706E+44  7.4988E+44  1.7675E+43  1.3951E+44
  4.4670E+00  8.3104E+44  6.8889E+44  1.4181E+43  1.2796E+44
  4.7320E+00  7.5921E+44  6.3054E+44  1.1312E+43  1.1737E+44
  5.0120E+00  6.9227E+44  5.7538E+44  8.9736E+42  1.0791E+44
  5.3090E+00  6.2640E+44  5.2333E+44  7.0417E+42  9.6024E+43
  5.6230E+00  5.6518E+44  4.7491E+44  5.4733E+42  8.4805E+43
  5.9570E+00  5.0884E+44  4.3031E+44  4.2093E+42  7.4316E+43
  6.3100E+00  4.5543E+44  3.8752E+44  3.2050E+42  6.4710E+43
  6.6830E+00  4.1006E+44  3.5162E+44  2.4289E+42  5.6014E+43
  7.0790E+00  3.6732E+44  3.1731E+44  1.8171E+42  4.8190E+43
  7.4990E+00  3.3192E+44  2.8945E+44  1.2428E+42  4.1229E+43
  7.9430E+00  3.1456E+44  2.7881E+44  6.4381E+41  3.5109E+43
  8.4140E+00  3.1105E+44  2.8097E+44  3.3230E+41  2.9752E+43
  8.9130E+00  3.0013E+44  2.7481E+44  2.1491E+41  2.5104E+43
  9.4410E+00  2.8239E+44  2.6113E+44  1.6475E+41  2.1101E+43
  1.0000E+01  2.5128E+44  2.3346E+44  1.4082E+41  1.7671E+43
  1.0590E+01  2.2151E+44  2.0663E+44  1.2337E+41  1.4758E+43
  1.1220E+01  1.9389E+44  1.8152E+44  1.0685E+41  1.2267E+43
  1.1890E+01  1.7050E+44  1.6025E+44  9.2714E+40  1.0159E+43
  1.2590E+01  1.5197E+44  1.4347E+44  8.1262E+40  8.4119E+42
  1.3340E+01  1.3725E+44  1.3024E+44  7.0473E+40  6.9319E+42
  1.4130E+01  1.2710E+44  1.2134E+44  5.6854E+40  5.7050E+42
  1.4960E+01  1.2239E+44  1.1765E+44  4.0523E+40  4.6919E+42
  1.5850E+01  1.1914E+44  1.1527E+44  2.9202E+40  3.8414E+42
  1.6790E+01  1.1616E+44  1.1299E+44  2.1966E+40  3.1409E+42
  1.7780E+01  1.1304E+44  1.1045E+44  1.7734E+40  2.5663E+42
  1.8840E+01  1.1010E+44  1.0799E+44  1.5442E+40  2.0888E+42
  1.9950E+01  1.0792E+44  1.0621E+44  1.4095E+40  1.7013E+42
  2.1130E+01  1.0646E+44  1.0506E+44  1.2678E+40  1.3827E+42
  2.2390E+01  1.0531E+44  1.0418E+44  1.1214E+40  1.1203E+42
  2.3710E+01  1.0420E+44  1.0329E+44  9.7468E+39  9.0864E+41
  2.5120E+01  1.0275E+44  1.0201E+44  8.3597E+39  7.3479E+41
  2.6610E+01  1.0079E+44  1.0019E+44  7.0547E+39  5.9383E+41
  2.8180E+01  9.8160E+43  9.7675E+43  5.8744E+39  4.7994E+41
  2.9850E+01  9.4744E+43  9.4352E+43  4.8266E+39  3.8717E+41
  3.1620E+01  9.0541E+43  9.0225E+43  3.9106E+39  3.1199E+41
  3.3500E+01  8.5587E+43  8.5333E+43  3.1247E+39  2.5106E+41
  3.5480E+01  8.0024E+43  7.9819E+43  2.4628E+39  2.0210E+41
  3.7580E+01  7.3952E+43  7.3788E+43  1.9159E+39  1.6253E+41
  3.9810E+01  6.7479E+43  6.7347E+43  1.4732E+39  1.3054E+41
  4.2170E+01  6.0801E+43  6.0695E+43  1.1167E+39  1.0479E+41
  4.4670E+01  5.4080E+43  5.3995E+43  8.3299E+38  8.4074E+40
  4.7320E+01  4.7481E+43  4.7413E+43  6.1130E+38  6.7400E+40
  5.0120E+01  4.1159E+43  4.1105E+43  4.4137E+38  5.4034E+40
  5.3090E+01  3.5214E+43  3.5170E+43  3.1343E+38  4.3282E+40
  5.6230E+01  2.9758E+43  2.9723E+43  2.1900E+38  3.4667E+40
  5.9570E+01  2.4823E+43  2.4795E+43  1.5050E+38  2.7728E+40
  6.3100E+01  2.0470E+43  2.0448E+43  1.0188E+38  2.2180E+40
  6.6830E+01  1.6696E+43  1.6678E+43  6.7988E+37  1.7744E+40
  7.0790E+01  1.3473E+43  1.3459E+43  4.4738E+37  1.4183E+40
  7.4990E+01  1.0761E+43  1.0750E+43  2.9056E+37  1.1329E+40
  7.9430E+01  8.5188E+42  8.5097E+42  1.8654E+37  9.0505E+39
  8.4140E+01  6.6853E+42  6.6781E+42  1.1841E+37  7.2256E+39
  8.9130E+01  5.2078E+42  5.2021E+42  7.4447E+36  5.7665E+39
  9.4410E+01  4.0287E+42  4.0241E+42  4.6390E+36  4.6021E+39
  1.0000E+02  3.0963E+42  3.0927E+42  2.8669E+36  3.6722E+39
  1.0590E+02  2.3679E+42  2.3649E+42  1.7604E+36  2.9317E+39
  1.1220E+02  1.8009E+42  1.7986E+42  1.0730E+36  2.3358E+39
  1.1890E+02  1.3652E+42  1.3634E+42  6.5107E+35  1.8590E+39
  1.2590E+02  1.0366E+42  1.0351E+42  3.9528E+35  1.4838E+39
  1.3340E+02  7.8617E+41  7.8499E+41  2.3980E+35  1.1811E+39
  1.4130E+02  5.9169E+41  5.9075E+41  1.4480E+35  9.4117E+38
  1.4960E+02  4.3773E+41  4.3698E+41  8.5833E+34  7.5121E+38
  1.5850E+02  3.2102E+41  3.2042E+41  5.0266E+34  5.9781E+38
  1.7780E+02  1.7278E+41  1.7240E+41  1.7188E+34  3.7942E+38
  1.9950E+02  9.2476E+40  9.2235E+40  5.8330E+33  2.4043E+38
  2.2390E+02  4.9137E+40  4.8985E+40  1.9636E+33  1.5216E+38
  2.5120E+02  2.5970E+40  2.5873E+40  6.5683E+32  9.6376E+37
  2.8180E+02  1.3648E+40  1.3587E+40  2.1836E+32  6.1043E+37
  3.1620E+02  7.1305E+39  7.0919E+39  7.2131E+31  3.8617E+37
  3.5480E+02  3.7100E+39  3.6856E+39  2.3712E+31  2.4421E+37
  3.9810E+02  1.9231E+39  1.9077E+39  7.7659E+30  1.5442E+37
  4.4670E+02  9.9360E+38  9.8384E+38  2.5345E+30  9.7603E+36
  5.0120E+02  5.1215E+38  5.0598E+38  8.2514E+29  6.1695E+36
  5.6230E+02  2.6353E+38  2.5963E+38  2.6808E+29  3.9003E+36
  6.3100E+02  1.3525E+38  1.3279E+38  8.6894E+28  2.4629E+36
  7.0790E+02  6.9403E+37  6.7846E+37  2.8161E+28  1.5568E+36
  7.9430E+02  3.5558E+37  3.4575E+37  9.1127E+27  9.8325E+35
  8.9130E+02  1.8206E+37  1.7585E+37  2.9474E+27  6.2077E+35
  1.0000E+03  9.3276E+36  8.9355E+36  9.5418E+26  3.9214E+35
