  1.0000E-03  1.1880E+44  0.0000E+00  7.4702E+43  4.4097E+43
  1.1220E-03  7.2694E+43  0.0000E+00  4.9506E+43  2.3188E+43
  1.2590E-03  4.0844E+43  0.0000E+00  2.9246E+43  1.1599E+43
  1.4130E-03  2.1254E+43  0.0000E+00  1.5668E+43  5.5856E+42
  1.5850E-03  1.2056E+43  0.0000E+00  9.0246E+42  3.0310E+42
  1.7780E-03  1.3124E+43  0.0000E+00  1.0529E+43  2.5947E+42
  1.9950E-03  4.9673E+42  0.0000E+00  4.2577E+42  7.0967E+41
  2.2390E-03  1.9710E+42  0.0000E+00  1.7038E+42  2.6726E+41
  2.5120E-03  2.5234E+42  0.0000E+00  2.3424E+42  1.8101E+41
  2.8180E-03  8.0401E+41  0.0000E+00  7.7669E+41  2.7320E+40
  3.1620E-03  2.7577E+41  0.0000E+00  2.7072E+41  5.0541E+39
  3.5480E-03  9.8772E+40  0.0000E+00  9.7733E+40  1.0391E+39
  3.9810E-03  3.7753E+40  0.0000E+00  3.7503E+40  2.5001E+38
  4.4670E-03  9.0716E+42  0.0000E+00  8.9158E+42  1.5576E+41
  5.0120E-03  3.4186E+42  0.0000E+00  3.3990E+42  1.9600E+40
  5.6230E-03  1.3247E+42  0.0000E+00  1.3222E+42  2.5047E+39
  5.9570E-03  8.4441E+41  0.0000E+00  8.4348E+41  9.3823E+38
  6.6830E-03  3.7884E+41  0.0000E+00  3.7867E+41  1.6386E+38
  7.4990E-03  2.1035E+41  0.0000E+00  2.1031E+41  4.1657E+37
  8.4140E-03  1.0324E+41  0.0000E+00  1.0323E+41  8.1603E+36
  9.4410E-03  5.5658E+40  0.0000E+00  5.5656E+40  2.2289E+36
  1.0590E-02  3.4791E+40  0.0000E+00  3.4790E+40  1.2574E+36
  1.1890E-02  2.3147E+40  0.0000E+00  2.3147E+40  2.8957E+35
  1.3340E-02  1.3777E+40  0.0000E+00  1.3777E+40  9.7329E+34
  1.4960E-02  7.9218E+39  0.0000E+00  7.9218E+39  2.4119E+34
  1.6790E-02  4.5685E+39  0.0000E+00  4.5685E+39  6.8110E+33
  1.8840E-02  2.7206E+39  0.0000E+00  2.7206E+39  2.2736E+33
  2.1130E-02  1.7117E+39  0.0000E+00  1.7117E+39  6.5502E+32
  2.3710E-02  1.0264E+39  0.0000E+00  1.0264E+39  1.7889E+32
  2.6610E-02  5.8538E+38  0.0000E+00  5.8538E+38  4.3101E+31
  2.9850E-02  3.3333E+38  0.0000E+00  3.3333E+38  1.0588E+31
  3.3500E-02  1.8523E+38  4.7685E-83  1.8523E+38  2.5340E+30
  3.7580E-02  1.5223E+38  3.9849E-70  1.5223E+38  1.8996E+30
  4.2170E-02  1.6376E+38  3.6323E-59  1.6376E+38  4.4620E+29
  4.7320E-02  5.3422E+37  2.4593E-50  5.3422E+37  1.2536E+28
  5.3090E-02  1.2570E+37  5.5994E-43  1.2570E+37  1.5963E+26
  6.6830E-02  5.0134E+34  7.0118E-35  5.0134E+34  4.6947E+18
  7.4990E-02  1.3163E+33  3.8033E-33  1.3163E+33  6.8853E+13
  8.4140E-02  2.7419E+33  2.9089E-26  2.7419E+33  1.0922E+15
  9.4410E-02  5.1651E+33  2.1931E-20  5.1651E+33  7.4863E+15
  1.0590E-01  7.1848E+34  1.2059E-12  7.1848E+34  1.6917E+19
  1.1890E-01  9.2125E+35  5.8153E-05  9.2125E+35  9.9900E+22
  1.3340E-01  5.9470E+36  7.8958E+01  5.9470E+36  5.2066E+25
  1.4960E-01  1.1903E+37  5.9482E+06  1.1903E+37  2.8290E+27
  1.5850E-01  1.1958E+37  3.7201E+08  1.1958E+37  5.5257E+27
  1.7780E-01  7.5686E+36  5.0805E+10  7.5686E+36  1.2355E+27
  1.9950E-01  5.3877E+35  8.3068E+09  5.3877E+35  5.7150E+23
  2.2390E-01  1.3852E+35  1.0030E+10  1.3852E+35  4.9139E+21
  2.3710E-01  1.1359E+36  1.5286E+13  1.1359E+36  1.0628E+24
  2.5120E-01  8.1122E+36  2.6245E+16  8.1122E+36  2.9032E+26
  2.6610E-01  2.6778E+37  6.7809E+18  2.6778E+37  1.2614E+28
  2.8180E-01  5.7662E+37  5.4957E+20  5.7662E+37  1.8717E+29
  2.9850E-01  1.0378E+38  2.2570E+22  1.0378E+38  1.5432E+30
  3.1620E-01  1.8138E+38  6.6313E+23  1.8138E+38  1.0132E+31
  3.3500E-01  3.0532E+38  1.5067E+25  3.0532E+38  5.6446E+31
  3.5480E-01  4.8451E+38  2.5850E+26  4.8451E+38  2.6046E+32
  3.7580E-01  7.6734E+38  3.9751E+27  7.6734E+38  1.1666E+33
  3.9810E-01  1.1879E+39  4.8937E+28  1.1879E+39  4.5499E+33
  4.2170E-01  1.9312E+39  6.1471E+29  1.9312E+39  1.9705E+34
  4.4670E-01  3.1755E+39  6.7479E+30  3.1754E+39  8.0603E+34
  4.7320E-01  5.1917E+39  6.6958E+31  5.1913E+39  3.1748E+35
  5.0120E-01  8.3531E+39  5.9310E+32  8.3519E+39  1.1856E+36
  5.3090E-01  1.3542E+40  5.0039E+33  1.3537E+40  4.4502E+36
  5.6230E-01  2.1514E+40  3.5583E+34  2.1499E+40  1.4895E+37
  5.9570E-01  3.3884E+40  2.2460E+35  3.3837E+40  4.6464E+37
  6.3100E-01  5.3649E+40  1.3103E+36  5.3507E+40  1.4082E+38
  6.6830E-01  8.5434E+40  7.0590E+36  8.5013E+40  4.1351E+38
  7.0790E-01  1.3836E+41  3.4817E+37  1.3716E+41  1.1617E+39
  7.4990E-01  2.2427E+41  1.5243E+38  2.2109E+41  3.0241E+39
  7.9430E-01  3.6767E+41  6.1443E+38  3.5950E+41  7.5559E+39
  8.4140E-01  6.1155E+41  2.3047E+39  5.9101E+41  1.8239E+40
  8.9130E-01  1.0445E+42  8.3415E+39  9.9214E+41  4.3972E+40
  9.4410E-01  1.7905E+42  2.7816E+40  1.6615E+42  1.0112E+41
  1.0000E+00  3.0147E+42  8.3225E+40  2.7158E+42  2.1564E+41
  1.0590E+00  4.9999E+42  2.2615E+41  4.3428E+42  4.3090E+41
  1.1220E+00  8.1900E+42  5.7011E+41  6.8016E+42  8.1830E+41
  1.1890E+00  1.3226E+43  1.3456E+42  1.0392E+43  1.4890E+42
  1.2590E+00  2.1091E+43  3.0010E+42  1.5459E+43  2.6304E+42
  1.3340E+00  3.2850E+43  6.2118E+42  2.2237E+43  4.4014E+42
  1.4130E+00  4.9250E+43  1.1756E+43  3.0593E+43  6.9011E+42
  1.4960E+00  7.1247E+43  2.0657E+43  4.0322E+43  1.0268E+43
  1.5850E+00  1.0004E+44  3.4281E+43  5.1116E+43  1.4641E+43
  1.6790E+00  1.3642E+44  5.3991E+43  6.2248E+43  2.0182E+43
  1.7780E+00  1.8037E+44  8.0847E+43  7.2580E+43  2.6947E+43
  1.8840E+00  2.3111E+44  1.1541E+44  8.0924E+43  3.4771E+43
  1.9950E+00  2.8643E+44  1.5690E+44  8.6105E+43  4.3427E+43
  2.1130E+00  3.4354E+44  2.0357E+44  8.7537E+43  5.2434E+43
  2.2390E+00  3.9892E+44  2.5247E+44  8.5164E+43  6.1281E+43
  2.3710E+00  4.4909E+44  3.0005E+44  7.9494E+43  6.9549E+43
  2.5120E+00  4.9159E+44  3.4333E+44  7.1551E+43  7.6717E+43
  2.6610E+00  5.2448E+44  3.7954E+44  6.2332E+43  8.2605E+43
  2.8180E+00  5.4685E+44  4.0696E+44  5.2752E+43  8.7139E+43
  2.9850E+00  5.5885E+44  4.2508E+44  4.3550E+43  9.0222E+43
  3.1620E+00  5.6106E+44  4.3389E+44  3.5183E+43  9.1991E+43
  3.3500E+00  5.5503E+44  4.3473E+44  2.7911E+43  9.2381E+43
  3.5480E+00  5.4187E+44  4.2821E+44  2.1796E+43  9.1865E+43
  3.7580E+00  5.2318E+44  4.1598E+44  1.6787E+43  9.0420E+43
  3.9810E+00  5.0015E+44  3.9917E+44  1.2771E+43  8.8217E+43
  4.2170E+00  4.7413E+44  3.7907E+44  9.6158E+42  8.5443E+43
  4.4670E+00  4.4620E+44  3.5679E+44  7.1728E+42  8.2235E+43
  4.7320E+00  4.1722E+44  3.3324E+44  5.3021E+42  7.8670E+43
  5.0120E+00  3.8818E+44  3.0925E+44  3.8913E+42  7.5043E+43
  5.3090E+00  3.5696E+44  2.8520E+44  2.8176E+42  6.8943E+43
  5.6230E+00  3.2633E+44  2.6173E+44  2.0223E+42  6.2580E+43
  5.9570E+00  2.9687E+44  2.3930E+44  1.4402E+42  5.6122E+43
  6.3100E+00  2.6811E+44  2.1720E+44  1.0150E+42  4.9899E+43
  6.6830E+00  2.4316E+44  1.9850E+44  7.1517E+41  4.3951E+43
  7.0790E+00  2.1919E+44  1.8027E+44  4.9727E+41  3.8422E+43
  7.4990E+00  1.9693E+44  1.6389E+44  3.3983E+41  3.2692E+43
  7.9430E+00  1.7576E+44  1.5049E+44  2.2949E+41  2.5033E+43
  8.4140E+00  1.5238E+44  1.3546E+44  1.5881E+41  1.6761E+43
  8.9130E+00  1.2953E+44  1.1831E+44  1.1495E+41  1.1101E+43
  9.4410E+00  1.0927E+44  1.0180E+44  9.1671E+40  7.3775E+42
  1.0000E+01  1.0559E+44  9.8617E+43  7.6337E+40  6.8954E+42
  1.0590E+01  1.0252E+44  9.5711E+43  6.2279E+40  6.7490E+42
  1.1220E+01  9.8159E+43  9.1423E+43  4.6749E+40  6.6890E+42
  1.1890E+01  9.0503E+43  8.4170E+43  3.3700E+40  6.2986E+42
  1.2590E+01  8.2622E+43  7.6807E+43  2.3464E+40  5.7917E+42
  1.3340E+01  7.4574E+43  6.9401E+43  1.5852E+40  5.1573E+42
  1.4130E+01  6.7773E+43  6.3344E+43  1.0540E+40  4.4181E+42
  1.4960E+01  6.3676E+43  6.0107E+43  7.3997E+39  3.5609E+42
  1.5850E+01  6.0786E+43  5.7974E+43  5.4885E+39  2.8064E+42
  1.6790E+01  5.8577E+43  5.6375E+43  4.2648E+39  2.1978E+42
  1.7780E+01  5.6473E+43  5.4726E+43  3.4194E+39  1.7432E+42
  1.8840E+01  5.3915E+43  5.2492E+43  2.7367E+39  1.4198E+42
  1.9950E+01  5.0697E+43  4.9501E+43  2.1099E+39  1.1934E+42
  2.1130E+01  4.7358E+43  4.6352E+43  1.5688E+39  1.0044E+42
  2.2390E+01  4.4137E+43  4.3299E+43  1.1592E+39  8.3728E+41
  2.3710E+01  4.1013E+43  4.0316E+43  8.5035E+38  6.9563E+41
  2.5120E+01  3.7828E+43  3.7254E+43  6.2074E+38  5.7409E+41
  2.6610E+01  3.4580E+43  3.4107E+43  4.4828E+38  4.7248E+41
  2.8180E+01  3.1280E+43  3.0892E+43  3.2139E+38  3.8803E+41
  2.9850E+01  2.7913E+43  2.7595E+43  2.2794E+38  3.1761E+41
  3.1620E+01  2.4533E+43  2.4273E+43  1.5936E+38  2.5948E+41
  3.3500E+01  2.1210E+43  2.0998E+43  1.0975E+38  2.1155E+41
  3.5480E+01  1.8048E+43  1.7875E+43  7.4501E+37  1.7241E+41
  3.7580E+01  1.5102E+43  1.4961E+43  4.9774E+37  1.4034E+41
  3.9810E+01  1.2417E+43  1.2303E+43  3.2722E+37  1.1412E+41
  4.2170E+01  1.0055E+43  9.9625E+42  2.1186E+37  9.2722E+40
  4.4670E+01  8.0305E+42  7.9553E+42  1.3509E+37  7.5258E+40
  4.7320E+01  6.3354E+42  6.2744E+42  8.5015E+36  6.0997E+40
  5.0120E+01  4.9450E+42  4.8955E+42  5.2885E+36  4.9404E+40
  5.3090E+01  3.8204E+42  3.7804E+42  3.2540E+36  3.9950E+40
  5.6230E+01  2.9275E+42  2.8952E+42  1.9841E+36  3.2277E+40
  5.9570E+01  2.2243E+42  2.1983E+42  1.1988E+36  2.6021E+40
  6.3100E+01  1.6798E+42  1.6588E+42  7.1951E+35  2.0963E+40
  6.6830E+01  1.2619E+42  1.2450E+42  4.2941E+35  1.6878E+40
  7.0790E+01  9.4315E+41  9.2958E+41  2.5488E+35  1.3567E+40
  7.4990E+01  7.0171E+41  6.9081E+41  1.5057E+35  1.0893E+40
  7.9430E+01  5.2035E+41  5.1161E+41  8.8652E+34  8.7409E+39
  8.4140E+01  3.8459E+41  3.7759E+41  5.2008E+34  7.0062E+39
  8.9130E+01  2.8366E+41  2.7804E+41  3.0449E+34  5.6111E+39
  9.4410E+01  2.0881E+41  2.0432E+41  1.7794E+34  4.4919E+39
  1.0000E+02  1.5342E+41  1.4982E+41  1.0379E+34  3.5942E+39
  1.0590E+02  1.1268E+41  1.0980E+41  6.0534E+33  2.8762E+39
  1.1220E+02  8.2657E+40  8.0361E+40  3.5254E+33  2.2964E+39
  1.1890E+02  6.0724E+40  5.8893E+40  2.0565E+33  1.8311E+39
  1.2590E+02  4.4920E+40  4.3456E+40  1.2084E+33  1.4638E+39
  1.3340E+02  3.3346E+40  3.2179E+40  7.1355E+32  1.1667E+39
  1.4130E+02  2.4570E+40  2.3639E+40  4.1987E+32  9.3088E+38
  1.4960E+02  1.7731E+40  1.6987E+40  2.4190E+32  7.4395E+38
  1.5850E+02  1.2708E+40  1.2115E+40  1.3810E+32  5.9272E+38
  1.7780E+02  6.6074E+39  6.2305E+39  4.5534E+31  3.7689E+38
  1.9950E+02  3.4555E+39  3.2163E+39  1.5128E+31  2.3917E+38
  2.2390E+02  1.8103E+39  1.6588E+39  5.0484E+30  1.5152E+38
  2.5120E+02  9.5116E+38  8.5510E+38  1.6940E+30  9.6057E+37
  2.8180E+02  5.0088E+38  4.4000E+38  5.7138E+29  6.0883E+37
  3.1620E+02  2.6431E+38  2.2577E+38  1.9371E+29  3.8537E+37
  3.5480E+02  1.4002E+38  1.1564E+38  6.6115E+28  2.4381E+37
  3.9810E+02  7.4549E+37  5.9127E+37  2.2756E+28  1.5422E+37
  4.4670E+02  3.9930E+37  3.0180E+37  7.9035E+27  9.7500E+36
  5.0120E+02  2.1550E+37  1.5385E+37  2.7734E+27  6.1643E+36
  5.6230E+02  1.1734E+37  7.8360E+36  9.8381E+26  3.8977E+36
  6.3100E+02  6.4439E+36  3.9823E+36  3.5265E+26  2.4616E+36
  7.0790E+02  3.5798E+36  2.0237E+36  1.2798E+26  1.5561E+36
  7.9430E+02  2.0095E+36  1.0265E+36  4.6927E+25  9.8292E+35
  8.9130E+02  1.1407E+36  5.2005E+35  1.7387E+25  6.2061E+35
  1.0000E+03  6.5540E+35  2.6335E+35  6.5113E+24  3.9205E+35
