  1.0000E-03  7.7494E+44  0.0000E+00  7.9167E+41  7.7415E+44
  1.1220E-03  8.4269E+44  0.0000E+00  9.9107E+41  8.4170E+44
  1.2590E-03  9.1460E+44  0.0000E+00  1.1900E+42  9.1341E+44
  1.4130E-03  9.9132E+44  0.0000E+00  1.3801E+42  9.8994E+44
  1.5850E-03  1.0794E+45  0.0000E+00  1.5626E+42  1.0779E+45
  1.7780E-03  1.1986E+45  0.0000E+00  1.9523E+42  1.1967E+45
  1.9950E-03  1.2691E+45  0.0000E+00  2.3651E+42  1.2667E+45
  2.2390E-03  1.3622E+45  0.0000E+00  2.5626E+42  1.3596E+45
  2.5120E-03  1.4989E+45  0.0000E+00  3.4036E+42  1.4955E+45
  2.8180E-03  1.5483E+45  0.0000E+00  4.1244E+42  1.5441E+45
  3.1620E-03  1.6131E+45  0.0000E+00  4.7276E+42  1.6084E+45
  3.5480E-03  1.6879E+45  0.0000E+00  5.2652E+42  1.6826E+45
  3.9810E-03  1.7773E+45  0.0000E+00  5.7293E+42  1.7716E+45
  4.4670E-03  2.5712E+45  0.0000E+00  8.7353E+42  2.5624E+45
  5.0120E-03  2.6396E+45  0.0000E+00  1.0829E+43  2.6288E+45
  5.6230E-03  2.7115E+45  0.0000E+00  1.2863E+43  2.6986E+45
  5.9570E-03  2.7539E+45  0.0000E+00  1.3827E+43  2.7401E+45
  6.6830E-03  2.8649E+45  0.0000E+00  1.5625E+43  2.8492E+45
  7.4990E-03  3.0274E+45  0.0000E+00  1.7370E+43  3.0100E+45
  8.4140E-03  3.1638E+45  0.0000E+00  1.9257E+43  3.1445E+45
  9.4410E-03  3.3518E+45  0.0000E+00  2.0852E+43  3.3310E+45
  1.0590E-02  3.6580E+45  0.0000E+00  2.1488E+43  3.6365E+45
  1.1890E-02  3.8510E+45  0.0000E+00  2.4510E+43  3.8265E+45
  1.3340E-02  4.1144E+45  0.0000E+00  2.6201E+43  4.0882E+45
  1.4960E-02  4.3388E+45  0.0000E+00  2.8483E+43  4.3103E+45
  1.6790E-02  4.6036E+45  0.0000E+00  3.0474E+43  4.5731E+45
  1.8840E-02  4.9174E+45  0.0000E+00  3.2165E+43  4.8852E+45
  2.1130E-02  5.2189E+45  0.0000E+00  3.4662E+43  5.1843E+45
  2.3710E-02  5.5287E+45  0.0000E+00  3.6986E+43  5.4917E+45
  2.6610E-02  5.8277E+45  0.0000E+00  3.9236E+43  5.7884E+45
  2.9850E-02  6.1453E+45  1.9582E-83  4.1258E+43  6.1040E+45
  3.3500E-02  6.4764E+45  1.1889E-68  4.3088E+43  6.4333E+45
  3.7580E-02  7.1441E+45  1.4703E-55  4.6962E+43  7.0971E+45
  4.2170E-02  7.5272E+45  6.0597E-44  5.3807E+43  7.4734E+45
  4.7320E-02  7.2746E+45  1.4161E-33  5.2654E+43  7.2220E+45
  5.3090E-02  6.3385E+45  2.1972E-24  4.6246E+43  6.2923E+45
  6.6830E-02  2.9922E+45  4.3444E-09  2.3742E+43  2.9685E+45
  7.4990E-02  1.8621E+45  9.7918E-03  1.3285E+43  1.8489E+45
  8.4140E-02  2.0356E+45  5.6345E+03  1.5008E+43  2.0206E+45
  9.4410E-02  2.1509E+45  7.2090E+08  1.6826E+43  2.1341E+45
  1.0590E-01  2.6857E+45  2.6555E+13  2.4469E+43  2.6612E+45
  1.1890E-01  3.2295E+45  2.7247E+17  3.1887E+43  3.1976E+45
  1.3340E-01  3.5229E+45  6.8928E+20  3.6883E+43  3.4860E+45
  1.4960E-01  3.5055E+45  8.9875E+23  3.6847E+43  3.4686E+45
  1.5850E-01  3.3143E+45  2.7164E+25  3.4863E+43  3.2794E+45
  1.7780E-01  2.6517E+45  1.3600E+28  2.7312E+43  2.6244E+45
  1.9950E-01  1.6521E+45  3.1237E+30  1.4689E+43  1.6374E+45
  2.2390E-01  1.1582E+45  3.2947E+32  9.0664E+42  1.1491E+45
  2.3710E-01  1.3279E+45  2.6817E+33  1.0882E+43  1.3170E+45
  2.5120E-01  1.5354E+45  1.8856E+34  1.2586E+43  1.5228E+45
  2.6610E-01  1.6475E+45  1.1612E+35  1.3085E+43  1.6345E+45
  2.8180E-01  1.6932E+45  6.3190E+35  1.2804E+43  1.6804E+45
  2.9850E-01  1.6985E+45  3.0697E+36  1.2244E+43  1.6862E+45
  3.1620E-01  1.6881E+45  1.3296E+37  1.1634E+43  1.6764E+45
  3.3500E-01  1.6663E+45  5.2284E+37  1.0971E+43  1.6553E+45
  3.5480E-01  1.6329E+45  1.8704E+38  1.0261E+43  1.6227E+45
  3.7580E-01  1.5984E+45  6.1866E+38  9.5178E+42  1.5889E+45
  3.9810E-01  1.5553E+45  1.8746E+39  8.8242E+42  1.5465E+45
  4.2170E-01  1.5202E+45  5.2430E+39  8.1279E+42  1.5121E+45
  4.4670E-01  1.4824E+45  1.3560E+40  7.4915E+42  1.4749E+45
  4.7320E-01  1.4433E+45  3.2932E+40  6.8695E+42  1.4364E+45
  5.0120E-01  1.4024E+45  7.5272E+40  6.2640E+42  1.3960E+45
  5.3090E-01  1.3630E+45  1.6315E+41  5.6682E+42  1.3571E+45
  5.6230E-01  1.3186E+45  3.3324E+41  5.1275E+42  1.3131E+45
  5.9570E-01  1.2718E+45  6.4685E+41  4.6247E+42  1.2665E+45
  6.3100E-01  1.2257E+45  1.1940E+42  4.1532E+42  1.2204E+45
  6.6830E-01  1.1804E+45  2.0991E+42  3.7098E+42  1.1746E+45
  7.0790E-01  1.1351E+45  3.5258E+42  3.3081E+42  1.1282E+45
  7.4990E-01  1.0887E+45  5.6606E+42  2.9475E+42  1.0801E+45
  7.9430E-01  1.0437E+45  8.7074E+42  2.6189E+42  1.0324E+45
  8.4140E-01  1.0005E+45  1.2889E+43  2.3180E+42  9.8526E+44
  8.9130E-01  9.6068E+44  1.8429E+43  2.0393E+42  9.4021E+44
  9.4410E-01  9.2275E+44  2.5428E+43  1.7871E+42  8.9554E+44
  1.0000E+00  8.8585E+44  3.3900E+43  1.5623E+42  8.5038E+44
  1.0590E+00  8.5068E+44  4.3761E+43  1.3647E+42  8.0555E+44
  1.1220E+00  8.1722E+44  5.5068E+43  1.1881E+42  7.6096E+44
  1.1890E+00  7.8603E+44  6.7666E+43  1.0287E+42  7.1734E+44
  1.2590E+00  7.5801E+44  8.0979E+43  8.8358E+41  6.7615E+44
  1.3340E+00  7.3094E+44  9.4877E+43  7.5490E+41  6.3531E+44
  1.4130E+00  7.0477E+44  1.0849E+44  6.4415E+41  5.9563E+44
  1.4960E+00  6.7967E+44  1.2152E+44  5.4786E+41  5.5761E+44
  1.5850E+00  6.5517E+44  1.3415E+44  4.6264E+41  5.2057E+44
  1.6790E+00  6.3136E+44  1.4554E+44  3.8700E+41  4.8543E+44
  1.7780E+00  6.0783E+44  1.5522E+44  3.1984E+41  4.5229E+44
  1.8840E+00  5.8418E+44  1.6346E+44  2.6069E+41  4.2046E+44
  1.9950E+00  5.6064E+44  1.6971E+44  2.0957E+41  3.9072E+44
  2.1130E+00  5.3680E+44  1.7417E+44  1.6615E+41  3.6246E+44
  2.2390E+00  5.1243E+44  1.7670E+44  1.3000E+41  3.3559E+44
  2.3710E+00  4.8793E+44  1.7720E+44  1.0055E+41  3.1062E+44
  2.5120E+00  4.6317E+44  1.7612E+44  7.7023E+40  2.8698E+44
  2.6610E+00  4.3838E+44  1.7338E+44  5.8514E+40  2.6493E+44
  2.8180E+00  4.1355E+44  1.6903E+44  4.4121E+40  2.4448E+44
  2.9850E+00  3.8886E+44  1.6347E+44  3.3060E+40  2.2536E+44
  3.1620E+00  3.6440E+44  1.5678E+44  2.4633E+40  2.0759E+44
  3.3500E+00  3.4083E+44  1.4974E+44  1.8289E+40  1.9107E+44
  3.5480E+00  3.1764E+44  1.4175E+44  1.3517E+40  1.7587E+44
  3.7580E+00  2.9529E+44  1.3348E+44  9.9536E+39  1.6180E+44
  3.9810E+00  2.7384E+44  1.2507E+44  7.3061E+39  1.4876E+44
  4.2170E+00  2.5336E+44  1.1660E+44  5.3475E+39  1.3675E+44
  4.4670E+00  2.3392E+44  1.0823E+44  3.9033E+39  1.2568E+44
  4.7320E+00  2.1569E+44  1.0022E+44  2.8419E+39  1.1547E+44
  5.0120E+00  1.9899E+44  9.2660E+43  2.0683E+39  1.0633E+44
  5.3090E+00  1.8030E+44  8.5558E+43  1.4767E+39  9.4736E+43
  5.6230E+00  1.6280E+44  7.9038E+43  1.0486E+39  8.3760E+43
  5.9570E+00  1.4665E+44  7.3179E+43  7.4144E+38  7.3469E+43
  6.3100E+00  1.3136E+44  6.7329E+43  5.2003E+38  6.4026E+43
  6.6830E+00  1.1811E+44  6.2653E+43  3.6472E+38  5.5461E+43
  7.0790E+00  1.0568E+44  5.7939E+43  2.5284E+38  4.7745E+43
  7.4990E+00  9.7567E+43  5.6729E+43  1.7853E+38  4.0838E+43
  7.9430E+00  1.0469E+44  7.0068E+43  1.4654E+38  3.4620E+43
  8.4140E+00  1.2674E+44  9.7688E+43  1.4459E+38  2.9048E+43
  8.9130E+00  1.4439E+44  1.2013E+44  1.4371E+38  2.4261E+43
  9.4410E+00  1.5655E+44  1.3636E+44  1.5123E+38  2.0191E+43
  1.0000E+01  1.3370E+44  1.1672E+44  1.1170E+38  1.6987E+43
  1.0590E+01  1.0895E+44  9.4670E+43  7.6358E+37  1.4282E+43
  1.1220E+01  8.5498E+43  7.3538E+43  4.6709E+37  1.1960E+43
  1.1890E+01  6.8180E+43  5.8222E+43  2.8968E+37  9.9580E+42
  1.2590E+01  5.4990E+43  4.6708E+43  1.7703E+37  8.2817E+42
  1.3340E+01  4.5288E+43  3.8441E+43  1.0831E+37  6.8469E+42
  1.4130E+01  3.9418E+43  3.3774E+43  6.8519E+36  5.6445E+42
  1.4960E+01  3.8324E+43  3.3685E+43  4.9860E+36  4.6382E+42
  1.5850E+01  3.8536E+43  3.4744E+43  3.9120E+36  3.7914E+42
  1.6790E+01  3.9120E+43  3.6025E+43  3.2175E+36  3.0943E+42
  1.7780E+01  3.9044E+43  3.6519E+43  2.6735E+36  2.5252E+42
  1.8840E+01  3.7515E+43  3.5459E+43  2.1375E+36  2.0553E+42
  1.9950E+01  3.4674E+43  3.2998E+43  1.5918E+36  1.6763E+42
  2.1130E+01  3.1885E+43  3.0521E+43  1.1406E+36  1.3643E+42
  2.2390E+01  2.9537E+43  2.8430E+43  8.1965E+35  1.1068E+42
  2.3710E+01  2.7462E+43  2.6563E+43  5.8877E+35  8.9859E+41
  2.5120E+01  2.5496E+43  2.4768E+43  4.2360E+35  7.2729E+41
  2.6610E+01  2.3542E+43  2.2954E+43  3.0281E+35  5.8822E+41
  2.8180E+01  2.1578E+43  2.1102E+43  2.1583E+35  4.7573E+41
  2.9850E+01  1.9555E+43  1.9171E+43  1.5272E+35  3.8401E+41
  3.1620E+01  1.7476E+43  1.7167E+43  1.0678E+35  3.0962E+41
  3.3500E+01  1.5378E+43  1.5128E+43  7.3709E+34  2.4929E+41
  3.5480E+01  1.3323E+43  1.3123E+43  5.0236E+34  2.0078E+41
  3.7580E+01  1.1351E+43  1.1189E+43  3.3729E+34  1.6155E+41
  3.9810E+01  9.4966E+42  9.3668E+42  2.2288E+34  1.2981E+41
  4.2170E+01  7.8207E+42  7.7164E+42  1.4508E+34  1.0427E+41
  4.4670E+01  6.3474E+42  6.2638E+42  9.3036E+33  8.3691E+40
  4.7320E+01  5.0856E+42  5.0185E+42  5.8890E+33  6.7123E+40
  5.0120E+01  4.0286E+42  3.9748E+42  3.6853E+33  5.3835E+40
  5.3090E+01  3.1572E+42  3.1140E+42  2.2818E+33  4.3139E+40
  5.6230E+01  2.4525E+42  2.4179E+42  1.4002E+33  3.4565E+40
  5.9570E+01  1.8879E+42  1.8602E+42  8.5152E+32  2.7655E+40
  6.3100E+01  1.4435E+42  1.4214E+42  5.1445E+32  2.2129E+40
  6.6830E+01  1.0972E+42  1.0795E+42  3.0904E+32  1.7708E+40
  7.0790E+01  8.2927E+41  8.1511E+41  1.8464E+32  1.4157E+40
  7.4990E+01  6.2352E+41  6.1221E+41  1.0979E+32  1.1311E+40
  7.9430E+01  4.6699E+41  4.5795E+41  6.5056E+31  9.0375E+39
  8.4140E+01  3.4841E+41  3.4119E+41  3.8408E+31  7.2164E+39
  8.9130E+01  2.5924E+41  2.5348E+41  2.2627E+31  5.7600E+39
  9.4410E+01  1.9240E+41  1.8780E+41  1.3302E+31  4.5975E+39
  1.0000E+02  1.4244E+41  1.3878E+41  7.8047E+30  3.6690E+39
  1.0590E+02  1.0536E+41  1.0243E+41  4.5778E+30  2.9294E+39
  1.1220E+02  7.7789E+40  7.5455E+40  2.6805E+30  2.3341E+39
  1.1890E+02  5.7473E+40  5.5615E+40  1.5713E+30  1.8579E+39
  1.2590E+02  4.2707E+40  4.1224E+40  9.2692E+29  1.4830E+39
  1.3340E+02  3.1810E+40  3.0629E+40  5.4898E+29  1.1805E+39
  1.4130E+02  2.3533E+40  2.2592E+40  3.2435E+29  9.4075E+38
  1.4960E+02  1.7091E+40  1.6340E+40  1.8822E+29  7.5091E+38
  1.5850E+02  1.2327E+40  1.1729E+40  1.0827E+29  5.9760E+38
  1.7780E+02  6.4720E+39  6.0927E+39  3.6170E+28  3.7931E+38
  1.9950E+02  3.4102E+39  3.1698E+39  1.2163E+28  2.4038E+38
  2.2390E+02  1.7976E+39  1.6455E+39  4.1085E+27  1.5213E+38
  2.5120E+02  9.4937E+38  8.5301E+38  1.3960E+27  9.6363E+37
  2.8180E+02  5.0208E+38  4.4105E+38  4.7712E+26  6.1037E+37
  3.1620E+02  2.6588E+38  2.2726E+38  1.6402E+26  3.8614E+37
  3.5480E+02  1.4125E+38  1.1683E+38  5.6807E+25  2.4419E+37
  3.9810E+02  7.5369E+37  5.9928E+37  1.9853E+25  1.5441E+37
  4.4670E+02  4.0433E+37  3.0673E+37  7.0047E+24  9.7598E+36
  5.0120E+02  2.1844E+37  1.5674E+37  2.4976E+24  6.1693E+36
  5.6230E+02  1.1900E+37  7.9997E+36  9.0027E+23  3.9002E+36
  6.3100E+02  6.5357E+36  4.0728E+36  3.2780E+23  2.4629E+36
  7.0790E+02  3.6297E+36  2.0729E+36  1.2076E+23  1.5568E+36
  7.9430E+02  2.0361E+36  1.0529E+36  4.4911E+22  9.8324E+35
  8.9130E+02  1.1548E+36  5.3401E+35  1.6858E+22  6.2076E+35
  1.0000E+03  6.6282E+35  2.7069E+35  6.3882E+21  3.9213E+35
