  1.0000E-03  1.0868E+45  1.6046E+01  2.1020E+44  8.7662E+44
  1.1220E-03  1.1948E+45  1.5126E+01  2.1124E+44  9.8357E+44
  1.2590E-03  1.3031E+45  1.4205E+01  1.9938E+44  1.1037E+45
  1.4130E-03  1.4184E+45  1.3321E+01  1.7971E+44  1.2387E+45
  1.5850E-03  1.5560E+45  1.2864E+01  1.6656E+44  1.3894E+45
  1.7780E-03  1.7706E+45  1.3813E+01  2.1199E+44  1.5586E+45
  1.9950E-03  1.9329E+45  1.1916E+01  1.8404E+44  1.7488E+45
  2.2390E-03  2.1161E+45  1.0853E+01  1.5336E+44  1.9627E+45
  2.5120E-03  2.4111E+45  1.1303E+01  2.0908E+44  2.2020E+45
  2.8180E-03  2.6436E+45  9.0995E+00  1.7336E+44  2.4702E+45
  3.1620E-03  2.9158E+45  7.6338E+00  1.4395E+44  2.7718E+45
  3.5480E-03  3.2305E+45  6.5563E+00  1.2024E+44  3.1103E+45
  3.9810E-03  3.5910E+45  5.7924E+00  1.0119E+44  3.4898E+45
  4.4670E-03  4.3627E+45  2.0501E+01  4.4685E+44  3.9158E+45
  5.0120E-03  4.8263E+45  1.7208E+01  4.3269E+44  4.3936E+45
  5.6230E-03  5.3490E+45  1.4754E+01  4.1975E+44  4.9292E+45
  5.9570E-03  5.6369E+45  1.3818E+01  4.1488E+44  5.2220E+45
  6.6830E-03  6.2695E+45  1.2516E+01  4.1097E+44  5.8585E+45
  7.4990E-03  6.9990E+45  1.1910E+01  4.2518E+44  6.5738E+45
  8.4140E-03  7.8034E+45  1.1057E+01  4.2754E+44  7.3758E+45
  9.4410E-03  8.7105E+45  1.0607E+01  4.3436E+44  8.2761E+45
  1.0590E-02  9.7297E+45  1.0799E+01  4.4642E+44  9.2833E+45
  1.1890E-02  1.0895E+46  1.0340E+01  4.7214E+44  1.0423E+46
  1.3340E-02  1.2178E+46  1.0135E+01  4.8437E+44  1.1694E+46
  1.4960E-02  1.3611E+46  9.7582E+00  4.9707E+44  1.3114E+46
  1.6790E-02  1.5229E+46  9.5265E+00  5.1047E+44  1.4718E+46
  1.8840E-02  1.7042E+46  9.4447E+00  5.2673E+44  1.6515E+46
  2.1130E-02  1.9072E+46  9.3473E+00  5.4836E+44  1.8524E+46
  2.3710E-02  2.1354E+46  9.2665E+00  5.6961E+44  2.0785E+46
  2.6610E-02  2.3917E+46  9.1715E+00  5.9089E+44  2.3326E+46
  2.9850E-02  2.6779E+46  9.1260E+00  6.1294E+44  2.6166E+46
  3.3500E-02  2.9997E+46  9.0814E+00  6.3072E+44  2.9367E+46
  3.7580E-02  3.3593E+46  9.6166E+00  6.5024E+44  3.2942E+46
  4.2170E-02  3.7870E+46  1.1204E+01  9.0268E+44  3.6967E+46
  4.7320E-02  4.2480E+46  1.0809E+01  9.9822E+44  4.1482E+46
  5.3090E-02  4.4200E+46  9.5521E+00  9.8775E+44  4.3212E+46
  6.6830E-02  4.2091E+46  6.1705E+00  8.2319E+44  4.1268E+46
  7.4990E-02  4.1069E+46  5.2548E+00  7.4015E+44  4.0328E+46
  8.4140E-02  4.0102E+46  5.6671E+04  6.9169E+44  3.9410E+46
  9.4410E-02  3.9203E+46  6.6279E+09  6.9079E+44  3.8513E+46
  1.0590E-01  3.5807E+46  1.9018E+14  7.5178E+44  3.5055E+46
  1.1890E-01  3.0060E+46  1.7276E+18  5.9212E+44  2.9467E+46
  1.3340E-01  2.5272E+46  4.2935E+21  4.7670E+44  2.4795E+46
  1.4960E-01  2.1162E+46  5.2474E+24  2.8338E+44  2.0878E+46
  1.5850E-01  1.9362E+46  1.5316E+26  2.1697E+44  1.9145E+46
  1.7780E-01  1.6280E+46  7.1888E+28  1.6598E+44  1.6114E+46
  1.9950E-01  1.3682E+46  1.7351E+31  1.2448E+44  1.3558E+46
  2.2390E-01  1.1530E+46  1.9063E+33  1.2659E+44  1.1403E+46
  2.3710E-01  1.0618E+46  1.3983E+34  1.5321E+44  1.0464E+46
  2.5120E-01  9.7580E+45  8.9563E+34  1.6216E+44  9.5958E+45
  2.6610E-01  8.9555E+45  5.2040E+35  1.5432E+44  8.8012E+45
  2.8180E-01  8.2182E+45  2.7178E+36  1.4216E+44  8.0761E+45
  2.9850E-01  7.5396E+45  1.2792E+37  1.3169E+44  7.4079E+45
  3.1620E-01  6.9194E+45  5.3797E+37  1.2470E+44  6.7947E+45
  3.3500E-01  6.3498E+45  2.0541E+38  1.1903E+44  6.2308E+45
  3.5480E-01  5.8305E+45  7.1401E+38  1.1404E+44  5.7165E+45
  3.7580E-01  5.3543E+45  2.2911E+39  1.1014E+44  5.2442E+45
  3.9810E-01  4.9169E+45  6.7649E+39  1.0716E+44  4.8097E+45
  4.2170E-01  4.5175E+45  1.8396E+40  1.0584E+44  4.4116E+45
  4.4670E-01  4.1523E+45  4.6409E+40  1.0565E+44  4.0466E+45
  4.7320E-01  3.8175E+45  1.1016E+41  1.0593E+44  3.7115E+45
  5.0120E-01  3.5114E+45  2.4671E+41  1.0637E+44  3.4048E+45
  5.3090E-01  3.2311E+45  5.2476E+41  1.0740E+44  3.1232E+45
  5.6230E-01  2.9749E+45  1.0568E+42  1.0869E+44  2.8651E+45
  5.9570E-01  2.7400E+45  2.0299E+42  1.1038E+44  2.6276E+45
  6.3100E-01  2.5267E+45  3.7188E+42  1.1270E+44  2.4103E+45
  6.6830E-01  2.3337E+45  6.5075E+42  1.1575E+44  2.2114E+45
  7.0790E-01  2.1594E+45  1.0926E+43  1.2005E+44  2.0284E+45
  7.4990E-01  2.0035E+45  1.7608E+43  1.2539E+44  1.8605E+45
  7.9430E-01  1.8661E+45  2.7309E+43  1.3219E+44  1.7066E+45
  8.4140E-01  1.7473E+45  4.0915E+43  1.4106E+44  1.5653E+45
  8.9130E-01  1.6478E+45  5.9515E+43  1.5255E+44  1.4357E+45
  9.4410E-01  1.5675E+45  8.3882E+43  1.6662E+44  1.3170E+45
  1.0000E+00  1.5053E+45  1.1460E+44  1.8262E+44  1.2081E+45
  1.0590E+00  1.4612E+45  1.5220E+44  2.0046E+44  1.1086E+45
  1.1220E+00  1.4341E+45  1.9796E+44  2.1958E+44  1.0165E+45
  1.1890E+00  1.4233E+45  2.5266E+44  2.3885E+44  9.3183E+44
  1.2590E+00  1.4275E+45  3.1599E+44  2.5633E+44  8.5520E+44
  1.3340E+00  1.4444E+45  3.8829E+44  2.7197E+44  7.8411E+44
  1.4130E+00  1.4700E+45  4.6625E+44  2.8448E+44  7.1927E+44
  1.4960E+00  1.5019E+45  5.4895E+44  2.9268E+44  6.6026E+44
  1.5850E+00  1.5391E+45  6.3766E+44  2.9598E+44  6.0543E+44
  1.6790E+00  1.5769E+45  7.2883E+44  2.9281E+44  5.5530E+44
  1.7780E+00  1.6110E+45  8.1914E+44  2.8233E+44  5.0957E+44
  1.8840E+00  1.6399E+45  9.0757E+44  2.6519E+44  4.6719E+44
  1.9950E+00  1.6595E+45  9.8861E+44  2.4210E+44  4.2875E+44
  2.1130E+00  1.6679E+45  1.0596E+45  2.1503E+44  3.9333E+44
  2.2390E+00  1.6626E+45  1.1161E+45  1.8590E+44  3.6061E+44
  2.3710E+00  1.6423E+45  1.1548E+45  1.5659E+44  3.3092E+44
  2.5120E+00  1.6081E+45  1.1757E+45  1.2899E+44  3.0344E+44
  2.6610E+00  1.5600E+45  1.1776E+45  1.0405E+44  2.7832E+44
  2.8180E+00  1.4984E+45  1.1607E+45  8.2319E+43  2.5538E+44
  2.9850E+00  1.4264E+45  1.1281E+45  6.4041E+43  2.3426E+44
  3.1620E+00  1.3452E+45  1.0813E+45  4.9053E+43  2.1487E+44
  3.3500E+00  1.2603E+45  1.0261E+45  3.7125E+43  1.9704E+44
  3.5480E+00  1.1702E+45  9.6170E+44  2.7735E+43  1.8078E+44
  3.7580E+00  1.0791E+45  8.9281E+44  2.0499E+43  1.6583E+44
  3.9810E+00  9.8857E+44  8.2147E+44  1.5003E+43  1.5210E+44
  4.2170E+00  9.0006E+44  7.4967E+44  1.0883E+43  1.3951E+44
  4.4670E+00  8.1491E+44  6.7912E+44  7.8307E+42  1.2796E+44
  4.7320E+00  7.3456E+44  6.1160E+44  5.5923E+42  1.1737E+44
  5.0120E+00  6.6010E+44  5.4821E+44  3.9709E+42  1.0791E+44
  5.3090E+00  5.8799E+44  4.8917E+44  2.7902E+42  9.6024E+43
  5.6230E+00  5.2204E+44  4.3528E+44  1.9480E+42  8.4805E+43
  5.9570E+00  4.6248E+44  3.8681E+44  1.3529E+42  7.4316E+43
  6.3100E+00  4.0700E+44  3.4136E+44  9.3033E+41  6.4710E+43
  6.6830E+00  3.6029E+44  3.0364E+44  6.4065E+41  5.6014E+43
  7.0790E+00  3.1703E+44  2.6841E+44  4.3534E+41  4.8190E+43
  7.4990E+00  2.8712E+44  2.4559E+44  3.0041E+41  4.1229E+43
  7.9430E+00  2.9662E+44  2.6128E+44  2.3557E+41  3.5109E+43
  8.4140E+00  3.3211E+44  3.0215E+44  2.0980E+41  2.9752E+43
  8.9130E+00  3.4607E+44  3.2079E+44  1.8441E+41  2.5104E+43
  9.4410E+00  3.4327E+44  3.2200E+44  1.7081E+41  2.1101E+43
  1.0000E+01  2.9311E+44  2.7531E+44  1.2740E+41  1.7671E+43
  1.0590E+01  2.4204E+44  2.2719E+44  8.9670E+40  1.4758E+43
  1.1220E+01  1.9372E+44  1.8139E+44  5.6893E+40  1.2267E+43
  1.1890E+01  1.5550E+44  1.4531E+44  3.5869E+40  1.0159E+43
  1.2590E+01  1.2586E+44  1.1742E+44  2.2129E+40  8.4119E+42
  1.3340E+01  1.0338E+44  9.6437E+43  1.3542E+40  6.9319E+42
  1.4130E+01  8.8830E+43  8.3117E+43  8.4661E+39  5.7050E+42
  1.4960E+01  8.3385E+43  7.8687E+43  5.9416E+39  4.6919E+42
  1.5850E+01  8.0337E+43  7.6491E+43  4.4564E+39  3.8414E+42
  1.6790E+01  7.8034E+43  7.4890E+43  3.4959E+39  3.1409E+42
  1.7780E+01  7.5046E+43  7.2477E+43  2.7918E+39  2.5663E+42
  1.8840E+01  7.0488E+43  6.8397E+43  2.1813E+39  2.0888E+42
  1.9950E+01  6.4774E+43  6.3071E+43  1.6181E+39  1.7013E+42
  2.1130E+01  5.9646E+43  5.8262E+43  1.1629E+39  1.3827E+42
  2.2390E+01  5.5476E+43  5.4355E+43  8.3927E+38  1.1203E+42
  2.3710E+01  5.1961E+43  5.1052E+43  6.0687E+38  9.0864E+41
  2.5120E+01  4.8716E+43  4.7981E+43  4.4018E+38  7.3479E+41
  2.6610E+01  4.5554E+43  4.4960E+43  3.1789E+38  5.9383E+41
  2.8180E+01  4.2350E+43  4.1869E+43  2.2914E+38  4.7994E+41
  2.9850E+01  3.8969E+43  3.8582E+43  1.6408E+38  3.8717E+41
  3.1620E+01  3.5391E+43  3.5079E+43  1.1617E+38  3.1199E+41
  3.3500E+01  3.1652E+43  3.1400E+43  8.1199E+37  2.5106E+41
  3.5480E+01  2.7862E+43  2.7660E+43  5.6015E+37  2.0210E+41
  3.7580E+01  2.4114E+43  2.3952E+43  3.8064E+37  1.6253E+41
  3.9810E+01  2.0500E+43  2.0369E+43  2.5463E+37  1.3054E+41
  4.2170E+01  1.7152E+43  1.7047E+43  1.6780E+37  1.0479E+41
  4.4670E+01  1.4141E+43  1.4057E+43  1.0892E+37  8.4074E+40
  4.7320E+01  1.1506E+43  1.1438E+43  6.9769E+36  6.7400E+40
  5.0120E+01  9.2517E+42  9.1977E+42  4.4170E+36  5.4034E+40
  5.3090E+01  7.3556E+42  7.3123E+42  2.7652E+36  4.3282E+40
  5.6230E+01  5.7933E+42  5.7587E+42  1.7150E+36  3.4667E+40
  5.9570E+01  4.5196E+42  4.4918E+42  1.0536E+36  2.7728E+40
  6.3100E+01  3.5000E+42  3.4778E+42  6.4263E+35  2.2180E+40
  6.6830E+01  2.6928E+42  2.6750E+42  3.8955E+35  1.7744E+40
  7.0790E+01  2.0590E+42  2.0448E+42  2.3473E+35  1.4183E+40
  7.4990E+01  1.5653E+42  1.5540E+42  1.4068E+35  1.1329E+40
  7.9430E+01  1.1846E+42  1.1755E+42  8.3978E+34  9.0505E+39
  8.4140E+01  8.9251E+41  8.8528E+41  4.9916E+34  7.2256E+39
  8.9130E+01  6.7026E+41  6.6450E+41  2.9589E+34  5.7665E+39
  9.4410E+01  5.0182E+41  4.9722E+41  1.7494E+34  4.6021E+39
  1.0000E+02  3.7458E+41  3.7090E+41  1.0316E+34  3.6722E+39
  1.0590E+02  2.7917E+41  2.7624E+41  6.0777E+33  2.9317E+39
  1.1220E+02  2.0765E+41  2.0531E+41  3.5734E+33  2.3358E+39
  1.1890E+02  1.5454E+41  1.5268E+41  2.1032E+33  1.8590E+39
  1.2590E+02  1.1570E+41  1.1421E+41  1.2460E+33  1.4838E+39
  1.3340E+02  8.6869E+40  8.5688E+40  7.4160E+32  1.1811E+39
  1.4130E+02  6.4652E+40  6.3710E+40  4.3929E+32  9.4117E+38
  1.4960E+02  4.7034E+40  4.6283E+40  2.5429E+32  7.5121E+38
  1.5850E+02  3.3951E+40  3.3353E+40  1.4573E+32  5.9781E+38
  1.7780E+02  1.7862E+40  1.7483E+40  4.8318E+31  3.7942E+38
  1.9950E+02  9.4199E+39  9.1794E+39  1.6092E+31  2.4043E+38
  2.2390E+02  4.9581E+39  4.8060E+39  5.3645E+30  1.5216E+38
  2.5120E+02  2.6068E+39  2.5104E+39  1.7913E+30  9.6376E+37
  2.8180E+02  1.3680E+39  1.3069E+39  5.9891E+29  6.1043E+37
  3.1620E+02  7.1617E+38  6.7756E+38  2.0043E+29  3.8617E+37
  3.5480E+02  3.7464E+38  3.5022E+38  6.7254E+28  2.4421E+37
  3.9810E+02  1.9596E+38  1.8051E+38  2.2662E+28  1.5442E+37
  4.4670E+02  1.0255E+38  9.2794E+37  7.6743E+27  9.7603E+36
  5.0120E+02  5.3772E+37  4.7603E+37  2.6162E+27  6.1695E+36
  5.6230E+02  2.8280E+37  2.4379E+37  8.9877E+26  3.9003E+36
  6.3100E+02  1.4914E+37  1.2451E+37  3.1124E+26  2.4629E+36
  7.0790E+02  7.9113E+36  6.3545E+36  1.0895E+26  1.5568E+36
  7.9430E+02  4.2190E+36  3.2358E+36  3.8512E+25  9.8325E+35
  8.9130E+02  2.2656E+36  1.6448E+36  1.3760E+25  6.2077E+35
  1.0000E+03  1.2276E+36  8.3543E+35  4.9752E+24  3.9214E+35
