  1.0000E-03  9.6071E+44  0.0000E+00  8.4087E+43  8.7662E+44
  1.1220E-03  1.0875E+45  0.0000E+00  1.0392E+44  9.8357E+44
  1.2590E-03  1.2255E+45  0.0000E+00  1.2186E+44  1.1037E+45
  1.4130E-03  1.3755E+45  0.0000E+00  1.3677E+44  1.2387E+45
  1.5850E-03  1.5405E+45  0.0000E+00  1.5106E+44  1.3894E+45
  1.7780E-03  1.7516E+45  0.0000E+00  1.9297E+44  1.5586E+45
  1.9950E-03  1.9650E+45  0.0000E+00  2.1621E+44  1.7488E+45
  2.2390E-03  2.1833E+45  0.0000E+00  2.2056E+44  1.9627E+45
  2.5120E-03  2.4975E+45  0.0000E+00  2.9554E+44  2.2020E+45
  2.8180E-03  2.7823E+45  0.0000E+00  3.1207E+44  2.4702E+45
  3.1620E-03  3.0852E+45  0.0000E+00  3.1334E+44  2.7718E+45
  3.5480E-03  3.4157E+45  0.0000E+00  3.0541E+44  3.1103E+45
  3.9810E-03  3.7811E+45  0.0000E+00  2.9125E+44  3.4898E+45
  4.4670E-03  4.5284E+45  0.0000E+00  6.1256E+44  3.9158E+45
  5.0120E-03  5.1243E+45  0.0000E+00  7.3075E+44  4.3936E+45
  5.6230E-03  5.7571E+45  0.0000E+00  8.2784E+44  4.9292E+45
  5.9570E-03  6.0902E+45  0.0000E+00  8.6821E+44  5.2220E+45
  6.6830E-03  6.7947E+45  0.0000E+00  9.3618E+44  5.8585E+45
  7.4990E-03  7.5863E+45  0.0000E+00  1.0125E+45  6.5738E+45
  8.4140E-03  8.4388E+45  0.0000E+00  1.0629E+45  7.3758E+45
  9.4410E-03  9.3813E+45  0.0000E+00  1.1052E+45  8.2761E+45
  1.0590E-02  1.0419E+46  0.0000E+00  1.1359E+45  9.2833E+45
  1.1890E-02  1.1655E+46  0.0000E+00  1.2320E+45  1.0423E+46
  1.3340E-02  1.2968E+46  0.0000E+00  1.2740E+45  1.1694E+46
  1.4960E-02  1.4435E+46  0.0000E+00  1.3212E+45  1.3114E+46
  1.6790E-02  1.6079E+46  0.0000E+00  1.3610E+45  1.4718E+46
  1.8840E-02  1.7915E+46  0.0000E+00  1.3999E+45  1.6515E+46
  2.1130E-02  1.9985E+46  0.0000E+00  1.4615E+45  1.8524E+46
  2.3710E-02  2.2299E+46  0.0000E+00  1.5146E+45  2.0785E+46
  2.6610E-02  2.4888E+46  0.0000E+00  1.5618E+45  2.3326E+46
  2.9850E-02  2.7774E+46  1.1977E-82  1.6081E+45  2.6166E+46
  3.3500E-02  3.1014E+46  7.5253E-68  1.6477E+45  2.9367E+46
  3.7580E-02  3.4683E+46  9.3987E-55  1.7404E+45  3.2942E+46
  4.2170E-02  3.9113E+46  4.0204E-43  2.1459E+45  3.6967E+46
  4.7320E-02  4.3667E+46  1.0295E-32  2.1851E+45  4.1482E+46
  5.3090E-02  4.5226E+46  1.7958E-23  2.0139E+45  4.3212E+46
  6.6830E-02  4.2621E+46  5.9298E-08  1.3523E+45  4.1268E+46
  7.4990E-02  4.1403E+46  1.8306E-01  1.0746E+45  4.0328E+46
  8.4140E-02  4.0492E+46  9.6002E+04  1.0820E+45  3.9410E+46
  9.4410E-02  3.9620E+46  1.1425E+10  1.1071E+45  3.8513E+46
  1.0590E-01  3.6301E+46  3.2856E+14  1.2457E+45  3.5055E+46
  1.1890E-01  3.0669E+46  2.6840E+18  1.2013E+45  2.9467E+46
  1.3340E-01  2.5930E+46  5.9995E+21  1.1343E+45  2.4795E+46
  1.4960E-01  2.1744E+46  7.2357E+24  8.6584E+44  2.0878E+46
  1.5850E-01  1.9881E+46  2.1423E+26  7.3615E+44  1.9145E+46
  1.7780E-01  1.6702E+46  1.0647E+29  5.8793E+44  1.6114E+46
  1.9950E-01  1.3945E+46  2.7890E+31  3.8687E+44  1.3558E+46
  2.2390E-01  1.1730E+46  3.1190E+33  3.2702E+44  1.1403E+46
  2.3710E-01  1.0855E+46  2.1780E+34  3.9017E+44  1.0464E+46
  2.5120E-01  1.0036E+46  1.3220E+35  4.4044E+44  9.5958E+45
  2.6610E-01  9.2535E+45  7.3902E+35  4.5229E+44  8.8012E+45
  2.8180E-01  8.5188E+45  3.7480E+36  4.4269E+44  8.0761E+45
  2.9850E-01  7.8358E+45  1.7228E+37  4.2795E+44  7.4079E+45
  3.1620E-01  7.2111E+45  7.1020E+37  4.1648E+44  6.7947E+45
  3.3500E-01  6.6357E+45  2.6685E+38  4.0492E+44  6.2308E+45
  3.5480E-01  6.1082E+45  9.1622E+38  3.9175E+44  5.7165E+45
  3.7580E-01  5.6232E+45  2.9090E+39  3.7903E+44  5.2442E+45
  3.9810E-01  5.1767E+45  8.5042E+39  3.6691E+44  4.8097E+45
  4.2170E-01  4.7687E+45  2.2897E+40  3.5704E+44  4.4116E+45
  4.4670E-01  4.3953E+45  5.7203E+40  3.4867E+44  4.0466E+45
  4.7320E-01  4.0512E+45  1.3454E+41  3.3960E+44  3.7115E+45
  5.0120E-01  3.7343E+45  2.9871E+41  3.2924E+44  3.4048E+45
  5.3090E-01  3.4420E+45  6.3004E+41  3.1822E+44  3.1232E+45
  5.6230E-01  3.1731E+45  1.2586E+42  3.0666E+44  2.8651E+45
  5.9570E-01  2.9245E+45  2.3988E+42  2.9449E+44  2.6276E+45
  6.3100E-01  2.6965E+45  4.3616E+42  2.8183E+44  2.4103E+45
  6.6830E-01  2.4876E+45  7.5776E+42  2.6862E+44  2.2114E+45
  7.0790E-01  2.2966E+45  1.2629E+43  2.5555E+44  2.0284E+45
  7.4990E-01  2.1230E+45  2.0207E+43  2.4234E+44  1.8605E+45
  7.9430E-01  1.9668E+45  3.1101E+43  2.2908E+44  1.7066E+45
  8.4140E-01  1.8278E+45  4.6232E+43  2.1624E+44  1.5653E+45
  8.9130E-01  1.7061E+45  6.6635E+43  2.0378E+44  1.4357E+45
  9.4410E-01  1.6021E+45  9.3015E+43  1.9208E+44  1.3170E+45
  1.0000E+00  1.5151E+45  1.2586E+44  1.8113E+44  1.2081E+45
  1.0590E+00  1.4451E+45  1.6542E+44  1.7111E+44  1.1086E+45
  1.1220E+00  1.3907E+45  2.1259E+44  1.6158E+44  1.0165E+45
  1.1890E+00  1.3515E+45  2.6753E+44  1.5217E+44  9.3183E+44
  1.2590E+00  1.3261E+45  3.2868E+44  1.4219E+44  8.5520E+44
  1.3340E+00  1.3125E+45  3.9607E+44  1.3233E+44  7.8411E+44
  1.4130E+00  1.3082E+45  4.6616E+44  1.2281E+44  7.1927E+44
  1.4960E+00  1.3111E+45  5.3757E+44  1.1329E+44  6.6026E+44
  1.5850E+00  1.3203E+45  6.1126E+44  1.0358E+44  6.0543E+44
  1.6790E+00  1.3316E+45  6.8298E+44  9.3349E+43  5.5530E+44
  1.7780E+00  1.3418E+45  7.4967E+44  8.2585E+43  5.0957E+44
  1.8840E+00  1.3506E+45  8.1172E+44  7.1701E+43  4.6719E+44
  1.9950E+00  1.3547E+45  8.6497E+44  6.0967E+43  4.2875E+44
  2.1130E+00  1.3533E+45  9.0919E+44  5.0834E+43  3.9333E+44
  2.2390E+00  1.3447E+45  9.4247E+44  4.1587E+43  3.6061E+44
  2.3710E+00  1.3272E+45  9.6285E+44  3.3408E+43  3.3092E+44
  2.5120E+00  1.3019E+45  9.7197E+44  2.6442E+43  3.0344E+44
  2.6610E+00  1.2677E+45  9.6874E+44  2.0635E+43  2.7832E+44
  2.8180E+00  1.2242E+45  9.5298E+44  1.5884E+43  2.5538E+44
  2.9850E+00  1.1732E+45  9.2684E+44  1.2085E+43  2.3426E+44
  3.1620E+00  1.1148E+45  8.9080E+44  9.0908E+42  2.1487E+44
  3.3500E+00  1.0531E+45  8.4925E+44  6.7844E+42  1.9704E+44
  3.5480E+00  9.8522E+44  7.9943E+44  5.0068E+42  1.8078E+44
  3.7580E+00  9.1493E+44  7.4544E+44  3.6625E+42  1.6583E+44
  3.9810E+00  8.4327E+44  6.8851E+44  2.6563E+42  1.5210E+44
  4.2170E+00  7.7122E+44  6.2980E+44  1.9105E+42  1.3951E+44
  4.4670E+00  6.9999E+44  5.7067E+44  1.3628E+42  1.2796E+44
  4.7320E+00  6.3135E+44  5.1302E+44  9.6489E+41  1.1737E+44
  5.0120E+00  5.6653E+44  4.5793E+44  6.7918E+41  1.0791E+44
  5.3090E+00  5.0238E+44  4.0588E+44  4.7236E+41  9.6024E+43
  5.6230E+00  4.4303E+44  3.5790E+44  3.2628E+41  8.4805E+43
  5.9570E+00  3.8901E+44  3.1447E+44  2.2413E+41  7.4316E+43
  6.3100E+00  3.3821E+44  2.7335E+44  1.5218E+41  6.4710E+43
  6.6830E+00  2.9465E+44  2.3853E+44  1.0324E+41  5.6014E+43
  7.0790E+00  2.5418E+44  2.0592E+44  6.8959E+40  4.8190E+43
  7.4990E+00  2.3189E+44  1.9061E+44  4.8274E+40  4.1229E+43
  7.9430E+00  2.7234E+44  2.3719E+44  4.3852E+40  3.5109E+43
  8.4140E+00  3.6603E+44  3.3623E+44  4.8477E+40  2.9752E+43
  8.9130E+00  4.3102E+44  4.0587E+44  4.9861E+40  2.5104E+43
  9.4410E+00  4.6672E+44  4.4556E+44  5.2146E+40  2.1101E+43
  1.0000E+01  3.7504E+44  3.5734E+44  3.6003E+40  1.7671E+43
  1.0590E+01  2.8214E+44  2.6736E+44  2.2615E+40  1.4758E+43
  1.1220E+01  1.9904E+44  1.8676E+44  1.2432E+40  1.2267E+43
  1.1890E+01  1.4142E+44  1.3125E+44  6.8976E+39  1.0159E+43
  1.2590E+01  9.9592E+43  9.1177E+43  3.7173E+39  8.4119E+42
  1.3340E+01  7.0687E+43  6.3753E+43  1.9912E+39  6.9319E+42
  1.4130E+01  5.3732E+43  4.8026E+43  1.1222E+39  5.7050E+42
  1.4960E+01  4.8655E+43  4.3962E+43  7.7306E+38  4.6919E+42
  1.5850E+01  4.5841E+43  4.1999E+43  5.7724E+38  3.8414E+42
  1.6790E+01  4.3140E+43  3.9999E+43  4.4750E+38  3.1409E+42
  1.7780E+01  3.8951E+43  3.6384E+43  3.4334E+38  2.5663E+42
  1.8840E+01  3.2699E+43  3.0610E+43  2.4646E+38  2.0888E+42
  1.9950E+01  2.5578E+43  2.3876E+43  1.6069E+38  1.7013E+42
  2.1130E+01  1.9637E+43  1.8254E+43  9.9809E+37  1.3827E+42
  2.2390E+01  1.5154E+43  1.4033E+43  6.2075E+37  1.1203E+42
  2.3710E+01  1.1760E+43  1.0851E+43  3.8638E+37  9.0864E+41
  2.5120E+01  9.1418E+42  8.4070E+42  2.4138E+37  7.3479E+41
  2.6610E+01  7.1081E+42  6.5143E+42  1.5040E+37  5.9383E+41
  2.8180E+01  5.5356E+42  5.0557E+42  9.4059E+36  4.7994E+41
  2.9850E+01  4.3021E+42  3.9149E+42  5.8805E+36  3.8717E+41
  3.1620E+01  3.3303E+42  3.0183E+42  3.6611E+36  3.1199E+41
  3.3500E+01  2.5662E+42  2.3152E+42  2.2699E+36  2.5106E+41
  3.5480E+01  1.9715E+42  1.7694E+42  1.4037E+36  2.0210E+41
  3.7580E+01  1.5047E+42  1.3421E+42  8.6233E+35  1.6253E+41
  3.9810E+01  1.1375E+42  1.0070E+42  5.2498E+35  1.3054E+41
  4.2170E+01  8.5411E+41  7.4931E+41  3.1719E+35  1.0479E+41
  4.4670E+01  6.3737E+41  5.5329E+41  1.9011E+35  8.4074E+40
  4.7320E+01  4.7327E+41  4.0587E+41  1.1322E+35  6.7400E+40
  5.0120E+01  3.5019E+41  2.9615E+41  6.7103E+34  5.4034E+40
  5.3090E+01  2.5821E+41  2.1493E+41  3.9592E+34  4.3282E+40
  5.6230E+01  1.9007E+41  1.5541E+41  2.3297E+34  3.4667E+40
  5.9570E+01  1.3956E+41  1.1183E+41  1.3661E+34  2.7728E+40
  6.3100E+01  1.0246E+41  8.0284E+40  8.0048E+33  2.2180E+40
  6.6830E+01  7.5267E+40  5.7523E+40  4.6903E+33  1.7744E+40
  7.0790E+01  5.5314E+40  4.1131E+40  2.7481E+33  1.4183E+40
  7.4990E+01  4.0681E+40  2.9351E+40  1.6109E+33  1.1329E+40
  7.9430E+01  2.9981E+40  2.0931E+40  9.4607E+32  9.0505E+39
  8.4140E+01  2.2136E+40  1.4910E+40  5.5639E+32  7.2256E+39
  8.9130E+01  1.6387E+40  1.0621E+40  3.2808E+32  5.7665E+39
  9.4410E+01  1.2166E+40  7.5643E+39  1.9398E+32  4.6021E+39
  1.0000E+02  9.0584E+39  5.3861E+39  1.1500E+32  3.6722E+39
  1.0590E+02  6.7710E+39  3.8394E+39  6.8451E+31  2.9317E+39
  1.1220E+02  5.0718E+39  2.7361E+39  4.0807E+31  2.3358E+39
  1.1890E+02  3.8125E+39  1.9535E+39  2.4413E+31  1.8590E+39
  1.2590E+02  2.8883E+39  1.4044E+39  1.4720E+31  1.4838E+39
  1.3340E+02  2.1935E+39  1.0124E+39  8.9093E+30  1.1811E+39
  1.4130E+02  1.6681E+39  7.2691E+38  5.4194E+30  9.4117E+38
  1.4960E+02  1.2659E+39  5.1468E+38  3.2860E+30  7.5121E+38
  1.5850E+02  9.5998E+38  3.6217E+38  1.9852E+30  5.9781E+38
  1.7780E+02  5.6052E+38  1.8110E+38  7.3405E+29  3.7942E+38
  1.9950E+02  3.3142E+38  9.0982E+37  2.7473E+29  2.4043E+38
  2.2390E+02  1.9793E+38  4.5774E+37  1.0387E+29  1.5216E+38
  2.5120E+02  1.1945E+38  2.3078E+37  3.9670E+28  9.6376E+37
  2.8180E+02  7.2685E+37  1.1642E+37  1.5272E+28  6.1043E+37
  3.1620E+02  4.4486E+37  5.8688E+36  5.9119E+27  3.8617E+37
  3.5480E+02  2.7380E+37  2.9590E+36  2.2999E+27  2.4421E+37
  3.9810E+02  1.6934E+37  1.4918E+36  8.9905E+26  1.5442E+37
  4.4670E+02  1.0512E+37  7.5186E+35  3.5266E+26  9.7603E+36
  5.0120E+02  6.5484E+36  3.7898E+35  1.3878E+26  6.1695E+36
  5.6230E+02  4.0914E+36  1.9107E+35  5.4753E+25  3.9003E+36
  6.3100E+02  2.5592E+36  9.6224E+34  2.1627E+25  2.4629E+36
  7.0790E+02  1.6053E+36  4.8500E+34  8.5653E+24  1.5568E+36
  7.9430E+02  1.0077E+36  2.4421E+34  3.3940E+24  9.8325E+35
  8.9130E+02  6.3306E+35  1.2290E+34  1.3459E+24  6.2077E+35
  1.0000E+03  3.9832E+35  6.1870E+33  5.3452E+23  3.9214E+35
