  1.0000E-03  8.6840E+44  0.0000E+00  3.3276E+41  8.6806E+44
  1.1220E-03  9.7200E+44  0.0000E+00  4.3710E+41  9.7156E+44
  1.2590E-03  1.0879E+45  0.0000E+00  5.4737E+41  1.0873E+45
  1.4130E-03  1.2176E+45  0.0000E+00  6.5865E+41  1.2170E+45
  1.5850E-03  1.3626E+45  0.0000E+00  7.6913E+41  1.3619E+45
  1.7780E-03  1.5274E+45  0.0000E+00  9.8341E+41  1.5264E+45
  1.9950E-03  1.7061E+45  0.0000E+00  1.2399E+42  1.7048E+45
  2.2390E-03  1.9080E+45  0.0000E+00  1.3894E+42  1.9066E+45
  2.5120E-03  2.1376E+45  0.0000E+00  1.8990E+42  2.1357E+45
  2.8180E-03  2.3826E+45  0.0000E+00  2.3826E+42  2.3802E+45
  3.1620E-03  2.6580E+45  0.0000E+00  2.8140E+42  2.6552E+45
  3.5480E-03  2.9662E+45  0.0000E+00  3.2202E+42  2.9629E+45
  3.9810E-03  3.3114E+45  0.0000E+00  3.5887E+42  3.3079E+45
  4.4670E-03  3.7914E+45  0.0000E+00  4.3080E+42  3.7871E+45
  5.0120E-03  4.2248E+45  0.0000E+00  5.6286E+42  4.2191E+45
  5.6230E-03  4.7074E+45  0.0000E+00  7.0433E+42  4.7004E+45
  5.9570E-03  4.9707E+45  0.0000E+00  7.7663E+42  4.9629E+45
  6.6830E-03  5.5437E+45  0.0000E+00  9.1950E+42  5.5345E+45
  7.4990E-03  6.1913E+45  0.0000E+00  1.0679E+43  6.1806E+45
  8.4140E-03  6.9080E+45  0.0000E+00  1.2346E+43  6.8957E+45
  9.4410E-03  7.7161E+45  0.0000E+00  1.3909E+43  7.7021E+45
  1.0590E-02  8.6358E+45  0.0000E+00  1.4879E+43  8.6209E+45
  1.1890E-02  9.6474E+45  0.0000E+00  1.7624E+43  9.6297E+45
  1.3340E-02  1.0782E+46  0.0000E+00  1.9570E+43  1.0762E+46
  1.4960E-02  1.2033E+46  0.0000E+00  2.2134E+43  1.2010E+46
  1.6790E-02  1.3445E+46  0.0000E+00  2.4646E+43  1.3420E+46
  1.8840E-02  1.5027E+46  0.0000E+00  2.7078E+43  1.5000E+46
  2.1130E-02  1.6781E+46  0.0000E+00  3.0390E+43  1.6750E+46
  2.3710E-02  1.8743E+46  0.0000E+00  3.3827E+43  1.8710E+46
  2.6610E-02  2.0931E+46  0.0000E+00  3.7536E+43  2.0894E+46
  2.9850E-02  2.3364E+46  2.7478E-83  4.1381E+43  2.3323E+46
  3.3500E-02  2.6091E+46  1.7741E-68  4.5400E+43  2.6046E+46
  3.7580E-02  2.9228E+46  2.2244E-55  4.9838E+43  2.9179E+46
  4.2170E-02  3.2639E+46  9.7397E-44  5.9987E+43  3.2579E+46
  4.7320E-02  3.6195E+46  2.6317E-33  6.6736E+43  3.6128E+46
  5.3090E-02  3.7175E+46  4.8427E-24  6.8183E+43  3.7107E+46
  6.6830E-02  3.3574E+46  1.8377E-08  5.9849E+43  3.3514E+46
  7.4990E-02  3.1654E+46  6.2352E-02  4.9821E+43  3.1604E+46
  8.4140E-02  3.1209E+46  3.2511E+04  4.9891E+43  3.1159E+46
  9.4410E-02  3.0689E+46  3.8892E+09  5.0905E+43  3.0638E+46
  1.0590E-01  2.8646E+46  1.0811E+14  5.3714E+43  2.8592E+46
  1.1890E-01  2.4774E+46  7.8177E+17  4.9283E+43  2.4724E+46
  1.3340E-01  2.1280E+46  1.5040E+21  4.3988E+43  2.1236E+46
  1.4960E-01  1.8156E+46  1.6508E+24  3.6514E+43  1.8119E+46
  1.5850E-01  1.6689E+46  4.8399E+25  3.3542E+43  1.6655E+46
  1.7780E-01  1.3991E+46  2.5701E+28  2.9180E+43  1.3962E+46
  1.9950E-01  1.1494E+46  8.0227E+30  2.2557E+43  1.1472E+46
  2.2390E-01  9.5288E+45  1.0241E+33  1.7916E+43  9.5109E+45
  2.3710E-01  8.9007E+45  6.7263E+33  1.8014E+43  8.8827E+45
  2.5120E-01  8.3136E+45  3.7601E+34  1.7346E+43  8.2962E+45
  2.6610E-01  7.7205E+45  1.9792E+35  1.6014E+43  7.7044E+45
  2.8180E-01  7.1480E+45  9.6145E+35  1.4478E+43  7.1335E+45
  2.9850E-01  6.6030E+45  4.2694E+36  1.3045E+43  6.5900E+45
  3.1620E-01  6.0948E+45  1.7062E+37  1.1774E+43  6.0831E+45
  3.3500E-01  5.6216E+45  6.2335E+37  1.0611E+43  5.6110E+45
  3.5480E-01  5.1844E+45  2.0883E+38  9.5445E+42  5.1748E+45
  3.7580E-01  4.7803E+45  6.4785E+38  8.5481E+42  4.7718E+45
  3.9810E-01  4.4048E+45  1.8516E+39  7.6713E+42  4.3971E+45
  4.2170E-01  4.0604E+45  4.8649E+39  6.8425E+42  4.0536E+45
  4.4670E-01  3.7424E+45  1.1848E+40  6.1131E+42  3.7363E+45
  4.7320E-01  3.4486E+45  2.7151E+40  5.4426E+42  3.4431E+45
  5.0120E-01  3.1779E+45  5.8707E+40  4.8279E+42  3.1731E+45
  5.3090E-01  2.9284E+45  1.2042E+41  4.2566E+42  2.9240E+45
  5.6230E-01  2.6977E+45  2.3403E+41  3.7580E+42  2.6937E+45
  5.9570E-01  2.4840E+45  4.3387E+41  3.3124E+42  2.4802E+45
  6.3100E-01  2.2877E+45  7.6662E+41  2.9085E+42  2.2840E+45
  6.6830E-01  2.1073E+45  1.2934E+42  2.5419E+42  2.1035E+45
  7.0790E-01  1.9408E+45  2.0917E+42  2.2164E+42  1.9365E+45
  7.4990E-01  1.7873E+45  3.2491E+42  1.9301E+42  1.7821E+45
  7.9430E-01  1.6466E+45  4.8524E+42  1.6735E+42  1.6401E+45
  8.4140E-01  1.5175E+45  6.9990E+42  1.4432E+42  1.5090E+45
  8.9130E-01  1.3994E+45  9.7728E+42  1.2336E+42  1.3884E+45
  9.4410E-01  1.2917E+45  1.3229E+43  1.0482E+42  1.2774E+45
  1.0000E+00  1.1933E+45  1.7406E+43  8.8711E+41  1.1750E+45
  1.0590E+00  1.1040E+45  2.2300E+43  7.4847E+41  1.0809E+45
  1.1220E+00  1.0221E+45  2.7997E+43  6.2757E+41  9.9351E+44
  1.1890E+00  9.4774E+44  3.4488E+43  5.2182E+41  9.1273E+44
  1.2590E+00  8.8141E+44  4.1528E+43  4.2929E+41  8.3945E+44
  1.3340E+00  8.2074E+44  4.9232E+43  3.5079E+41  7.7116E+44
  1.4130E+00  7.6617E+44  5.7269E+43  2.8646E+41  7.0861E+44
  1.4960E+00  7.1725E+44  6.5530E+43  2.3337E+41  6.5148E+44
  1.5850E+00  6.7264E+44  7.4215E+43  1.8887E+41  5.9824E+44
  1.6790E+00  6.3241E+44  8.2834E+43  1.5162E+41  5.4942E+44
  1.7780E+00  5.9599E+44  9.1080E+43  1.2052E+41  5.0479E+44
  1.8840E+00  5.6254E+44  9.9136E+43  9.4705E+40  4.6331E+44
  1.9950E+00  5.3217E+44  1.0649E+44  7.3655E+40  4.2561E+44
  2.1130E+00  5.0405E+44  1.1320E+44  5.6704E+40  3.9079E+44
  2.2390E+00  4.7768E+44  1.1907E+44  4.3255E+40  3.5856E+44
  2.3710E+00  4.5304E+44  1.2375E+44  3.2760E+40  3.2926E+44
  2.5120E+00  4.2959E+44  1.2746E+44  2.4667E+40  3.0211E+44
  2.6610E+00  4.0720E+44  1.2994E+44  1.8491E+40  2.7724E+44
  2.8180E+00  3.8554E+44  1.3102E+44  1.3805E+40  2.5450E+44
  2.9850E+00  3.6449E+44  1.3093E+44  1.0271E+40  2.3355E+44
  3.1620E+00  3.4387E+44  1.2958E+44  7.6179E+39  2.1428E+44
  3.3500E+00  3.2411E+44  1.2755E+44  5.6415E+39  1.9656E+44
  3.5480E+00  3.0457E+44  1.2418E+44  4.1646E+39  1.8038E+44
  3.7580E+00  2.8560E+44  1.2009E+44  3.0668E+39  1.6551E+44
  3.9810E+00  2.6722E+44  1.1538E+44  2.2532E+39  1.5183E+44
  4.2170E+00  2.4942E+44  1.1013E+44  1.6517E+39  1.3929E+44
  4.4670E+00  2.3227E+44  1.0449E+44  1.2078E+39  1.2778E+44
  4.7320E+00  2.1599E+44  9.8771E+43  8.8129E+38  1.1721E+44
  5.0120E+00  2.0088E+44  9.3096E+43  6.4288E+38  1.0779E+44
  5.3090E+00  1.8344E+44  8.7523E+43  4.5992E+38  9.5921E+43
  5.6230E+00  1.6694E+44  8.2220E+43  3.2734E+38  8.4722E+43
  5.9570E+00  1.5158E+44  7.7329E+43  2.3203E+38  7.4249E+43
  6.3100E+00  1.3677E+44  7.2113E+43  1.6310E+38  6.4655E+43
  6.6830E+00  1.2388E+44  6.7914E+43  1.1463E+38  5.5970E+43
  7.0790E+00  1.1157E+44  6.3411E+43  7.9587E+37  4.8155E+43
  7.4990E+00  1.0458E+44  6.3378E+43  5.6837E+37  4.1198E+43
  7.9430E+00  1.1858E+44  8.3508E+43  4.9349E+37  3.5070E+43
  8.4140E+00  1.5527E+44  1.2558E+44  5.3110E+37  2.9696E+43
  8.9130E+00  1.8779E+44  1.6275E+44  5.6491E+37  2.5036E+43
  9.4410E+00  2.1367E+44  1.9265E+44  6.2774E+37  2.1028E+43
  1.0000E+01  1.8145E+44  1.6383E+44  4.5636E+37  1.7616E+43
  1.0590E+01  1.4520E+44  1.3048E+44  3.0276E+37  1.4720E+43
  1.1220E+01  1.1049E+44  9.8245E+43  1.7756E+37  1.2243E+43
  1.1890E+01  8.5449E+43  7.5306E+43  1.0603E+37  1.0143E+43
  1.2590E+01  6.6401E+43  5.7999E+43  6.2220E+36  8.4016E+42
  1.3340E+01  5.2546E+43  4.5620E+43  3.6591E+36  6.9252E+42
  1.4130E+01  4.4306E+43  3.8606E+43  2.2502E+36  5.7002E+42
  1.4960E+01  4.2988E+43  3.8301E+43  1.6411E+36  4.6877E+42
  1.5850E+01  4.3324E+43  3.9487E+43  1.2978E+36  3.8375E+42
  1.6790E+01  4.3903E+43  4.0766E+43  1.0734E+36  3.1372E+42
  1.7780E+01  4.3218E+43  4.0655E+43  8.8788E+35  2.5631E+42
  1.8840E+01  4.0234E+43  3.8148E+43  6.9544E+35  2.0861E+42
  1.9950E+01  3.5447E+43  3.3747E+43  4.9956E+35  1.6993E+42
  2.1130E+01  3.0927E+43  2.9546E+43  3.4373E+35  1.3812E+42
  2.2390E+01  2.7227E+43  2.6108E+43  2.3742E+35  1.1192E+42
  2.3710E+01  2.4129E+43  2.3222E+43  1.6417E+35  9.0785E+41
  2.5120E+01  2.1431E+43  2.0697E+43  1.1394E+35  7.3420E+41
  2.6610E+01  1.9007E+43  1.8414E+43  7.8752E+34  5.9339E+41
  2.8180E+01  1.6813E+43  1.6334E+43  5.4438E+34  4.7961E+41
  2.9850E+01  1.4771E+43  1.4384E+43  3.7471E+34  3.8692E+41
  3.1620E+01  1.2850E+43  1.2539E+43  2.5560E+34  3.1180E+41
  3.3500E+01  1.1050E+43  1.0799E+43  1.7262E+34  2.5092E+41
  3.5480E+01  9.3912E+42  9.1892E+42  1.1545E+34  2.0199E+41
  3.7580E+01  7.8711E+42  7.7086E+42  7.6243E+33  1.6245E+41
  3.9810E+01  6.4934E+42  6.3629E+42  4.9639E+33  1.3048E+41
  4.2170E+01  5.2842E+42  5.1794E+42  3.1893E+33  1.0475E+41
  4.4670E+01  4.2459E+42  4.1619E+42  2.0218E+33  8.4043E+40
  4.7320E+01  3.3734E+42  3.3060E+42  1.2670E+33  6.7378E+40
  5.0120E+01  2.6538E+42  2.5998E+42  7.8605E+32  5.4018E+40
  5.3090E+01  2.0681E+42  2.0248E+42  4.8309E+32  4.3271E+40
  5.6230E+01  1.5992E+42  1.5646E+42  2.9461E+32  3.4659E+40
  5.9570E+01  1.2267E+42  1.1990E+42  1.7822E+32  2.7722E+40
  6.3100E+01  9.3541E+41  9.1323E+41  1.0721E+32  2.2176E+40
  6.6830E+01  7.0957E+41  6.9183E+41  6.4182E+31  1.7741E+40
  7.0790E+01  5.3558E+41  5.2140E+41  3.8244E+31  1.4181E+40
  7.4990E+01  4.0237E+41  3.9105E+41  2.2694E+31  1.1328E+40
  7.9430E+01  3.0126E+41  2.9221E+41  1.3430E+31  9.0494E+39
  8.4140E+01  2.2477E+41  2.1755E+41  7.9225E+30  7.2249E+39
  8.9130E+01  1.6731E+41  1.6155E+41  4.6660E+30  5.7660E+39
  9.4410E+01  1.2426E+41  1.1966E+41  2.7437E+30  4.6017E+39
  1.0000E+02  9.2086E+40  8.8414E+40  1.6109E+30  3.6720E+39
  1.0590E+02  6.8191E+40  6.5260E+40  9.4588E+29  2.9315E+39
  1.1220E+02  5.0418E+40  4.8082E+40  5.5462E+29  2.3356E+39
  1.1890E+02  3.7304E+40  3.5445E+40  3.2563E+29  1.8589E+39
  1.2590E+02  2.7759E+40  2.6276E+40  1.9240E+29  1.4838E+39
  1.3340E+02  2.0702E+40  1.9521E+40  1.1412E+29  1.1810E+39
  1.4130E+02  1.5343E+40  1.4402E+40  6.7583E+28  9.4114E+38
  1.4960E+02  1.1178E+40  1.0427E+40  3.9398E+28  7.5119E+38
  1.5850E+02  8.0891E+39  7.4913E+39  2.2780E+28  5.9779E+38
  1.7780E+02  4.2760E+39  3.8966E+39  7.6913E+27  3.7941E+38
  1.9950E+02  2.2699E+39  2.0295E+39  2.6173E+27  2.4043E+38
  2.2390E+02  1.2068E+39  1.0546E+39  8.9614E+26  1.5216E+38
  2.5120E+02  6.4357E+38  5.4719E+38  3.0920E+26  9.6375E+37
  2.8180E+02  3.4421E+38  2.8317E+38  1.0751E+26  6.1043E+37
  3.1620E+02  1.8464E+38  1.4603E+38  3.7662E+25  3.8617E+37
  3.5480E+02  9.9546E+37  7.5125E+37  1.3311E+25  2.4421E+37
  3.9810E+02  5.4002E+37  3.8560E+37  4.7521E+24  1.5442E+37
  4.4670E+02  2.9508E+37  1.9748E+37  1.7138E+24  9.7602E+36
  5.0120E+02  1.6266E+37  1.0097E+37  6.2473E+23  6.1694E+36
  5.6230E+02  9.0557E+36  5.1553E+36  2.3012E+23  3.9003E+36
  6.3100E+02  5.0887E+36  2.6257E+36  8.5551E+22  2.4629E+36
  7.0790E+02  2.8937E+36  1.3369E+36  3.2140E+22  1.5568E+36
  7.9430E+02  1.6625E+36  6.7925E+35  1.2170E+22  9.8325E+35
  8.9130E+02  9.6537E+35  3.4460E+35  4.6427E+21  6.2077E+35
  1.0000E+03  5.6685E+35  1.7472E+35  1.7847E+21  3.9214E+35
