  1.0000E-03  1.7969E+44  0.0000E+00  9.2289E+42  1.7046E+44
  1.1220E-03  1.3535E+44  0.0000E+00  8.9973E+42  1.2636E+44
  1.2590E-03  9.9532E+43  0.0000E+00  8.3158E+42  9.1217E+43
  1.4130E-03  7.1904E+43  0.0000E+00  7.3351E+42  6.4569E+43
  1.5850E-03  5.5431E+43  0.0000E+00  6.5358E+42  4.8895E+43
  1.7780E-03  5.5218E+43  0.0000E+00  7.4777E+42  4.7740E+43
  1.9950E-03  3.0687E+43  0.0000E+00  5.8432E+42  2.4844E+43
  2.2390E-03  1.9867E+43  0.0000E+00  4.4103E+42  1.5456E+43
  2.5120E-03  1.8419E+43  0.0000E+00  5.1020E+42  1.3317E+43
  2.8180E-03  8.4114E+42  0.0000E+00  3.4068E+42  5.0045E+42
  3.1620E-03  4.3821E+42  0.0000E+00  2.2784E+42  2.1037E+42
  3.5480E-03  2.4650E+42  0.0000E+00  1.5285E+42  9.3653E+41
  3.9810E-03  1.5027E+42  0.0000E+00  1.0487E+42  4.5401E+41
  4.4670E-03  2.7843E+43  0.0000E+00  1.3055E+43  1.4788E+43
  5.0120E-03  1.3614E+43  0.0000E+00  8.5336E+42  5.0805E+42
  5.6230E-03  7.2071E+42  0.0000E+00  5.4450E+42  1.7621E+42
  5.9570E-03  5.4327E+42  0.0000E+00  4.3680E+42  1.0647E+42
  6.6830E-03  3.3782E+42  0.0000E+00  2.9405E+42  4.3766E+41
  7.4990E-03  2.3927E+42  0.0000E+00  2.1716E+42  2.2106E+41
  8.4140E-03  1.6116E+42  0.0000E+00  1.5151E+42  9.6529E+40
  9.4410E-03  1.1667E+42  0.0000E+00  1.1161E+42  5.0586E+40
  1.0590E-02  9.3892E+41  0.0000E+00  8.9936E+41  3.9553E+40
  1.1890E-02  7.3398E+41  0.0000E+00  7.1513E+41  1.8849E+40
  1.3340E-02  5.6339E+41  0.0000E+00  5.5232E+41  1.1066E+40
  1.4960E-02  4.2120E+41  0.0000E+00  4.1571E+41  5.4896E+39
  1.6790E-02  3.1700E+41  0.0000E+00  3.1407E+41  2.9285E+39
  1.8840E-02  2.4234E+41  0.0000E+00  2.4062E+41  1.7137E+39
  2.1130E-02  1.8966E+41  0.0000E+00  1.8873E+41  9.2437E+38
  2.3710E-02  1.4475E+41  0.0000E+00  1.4426E+41  4.8439E+38
  2.6610E-02  1.0727E+41  0.0000E+00  1.0704E+41  2.3709E+38
  2.9850E-02  7.9062E+40  2.2705E-90  7.8945E+40  1.1740E+38
  3.3500E-02  5.7526E+40  6.6488E-76  5.7469E+40  5.7360E+37
  3.7580E-02  5.5831E+40  6.7799E-63  5.5779E+40  5.1630E+37
  4.2170E-02  5.2396E+40  1.3389E-51  5.2371E+40  2.4971E+37
  4.7320E-02  2.5163E+40  5.5767E-42  2.5160E+40  3.8727E+36
  5.3090E-02  1.0004E+40  1.1083E-33  1.0004E+40  3.7878E+35
  6.6830E-02  4.3078E+38  6.8153E-22  4.3078E+38  3.2187E+31
  7.4990E-02  6.8381E+37  8.9749E-18  6.8381E+37  8.0830E+28
  8.4140E-02  9.2086E+37  1.8127E-11  9.2086E+37  3.4841E+29
  9.4410E-02  1.2589E+38  5.5176E-06  1.2589E+38  9.5574E+29
  1.0590E-01  5.1453E+38  7.1911E+00  5.1453E+38  5.6538E+31
  1.1890E-01  2.4414E+39  4.4277E+06  2.4414E+39  5.4131E+33
  1.3340E-01  8.8232E+39  2.2534E+11  8.8230E+39  1.4116E+35
  1.4960E-01  1.8288E+40  2.0342E+15  1.8287E+40  1.0900E+36
  1.5850E-01  2.0087E+40  8.7468E+16  2.0085E+40  1.4988E+36
  1.7780E-01  1.2827E+40  2.4229E+19  1.2827E+40  6.4083E+35
  1.9950E-01  1.6174E+39  1.7566E+20  1.6174E+39  1.0141E+34
  2.2390E-01  4.9336E+38  2.2821E+21  4.9336E+38  7.6577E+32
  2.3710E-01  1.6071E+39  2.3843E+23  1.6071E+39  1.3313E+34
  2.5120E-01  5.1054E+39  2.4305E+25  5.1051E+39  2.6224E+35
  2.6610E-01  1.0552E+40  9.2341E+26  1.0550E+40  1.9239E+36
  2.8180E-01  1.6899E+40  1.8793E+28  1.6891E+40  7.9364E+36
  2.9850E-01  2.4163E+40  2.5938E+29  2.4139E+40  2.3863E+37
  3.1620E-01  3.3597E+40  2.8708E+30  3.3533E+40  6.3487E+37
  3.3500E-01  4.5509E+40  2.6721E+31  4.5354E+40  1.5464E+38
  3.5480E-01  5.9379E+40  2.0699E+32  5.9039E+40  3.4039E+38
  3.7580E-01  7.6992E+40  1.4650E+33  7.6254E+40  7.3842E+38
  3.9810E-01  9.8450E+40  8.8935E+33  9.6965E+40  1.4850E+39
  4.2170E-01  1.2938E+41  5.2524E+34  1.2621E+41  3.1653E+39
  4.4670E-01  1.7132E+41  2.7929E+35  1.6478E+41  6.5381E+39
  4.7320E-01  2.2727E+41  1.3713E+36  2.1404E+41  1.3233E+40
  5.0120E-01  3.0117E+41  6.1836E+36  2.7513E+41  2.6028E+40
  5.3090E-01  4.0533E+41  2.6561E+37  3.5393E+41  5.1371E+40
  5.6230E-01  5.4258E+41  1.0176E+38  4.4725E+41  9.5228E+40
  5.9570E-01  7.2836E+41  3.5842E+38  5.5815E+41  1.6986E+41
  6.3100E-01  9.9283E+41  1.1849E+39  6.9334E+41  2.9830E+41
  6.6830E-01  1.3741E+42  3.6779E+39  8.5534E+41  5.1508E+41
  7.0790E-01  1.9294E+42  1.0682E+40  1.0509E+42  8.6780E+41
  7.4990E-01  2.7056E+42  2.8577E+40  1.2751E+42  1.4019E+42
  7.9430E-01  3.8242E+42  7.1812E+40  1.5387E+42  2.2137E+42
  8.4140E-01  5.4482E+42  1.7084E+41  1.8474E+42  3.4300E+42
  8.9130E-01  7.9251E+42  3.9261E+41  2.2235E+42  5.3090E+42
  9.4410E-01  1.1510E+43  8.5093E+41  2.6503E+42  8.0092E+42
  1.0000E+00  1.6417E+43  1.7163E+42  3.1034E+42  1.1597E+43
  1.0590E+00  2.3033E+43  3.2432E+42  3.5825E+42  1.6208E+43
  1.1220E+00  3.1923E+43  5.8219E+42  4.0820E+42  2.2019E+43
  1.1890E+00  4.3782E+43  9.9819E+42  4.5833E+42  2.9217E+43
  1.2590E+00  5.9626E+43  1.6402E+43  5.0614E+42  3.8162E+43
  1.3340E+00  7.9498E+43  2.5645E+43  5.4750E+42  4.8378E+43
  1.4130E+00  1.0281E+44  3.7796E+43  5.7877E+42  5.9227E+43
  1.4960E+00  1.2951E+44  5.3016E+43  5.9856E+42  7.0504E+43
  1.5850E+00  1.5964E+44  7.1597E+43  6.0596E+42  8.1982E+43
  1.6790E+00  1.9281E+44  9.3199E+43  5.9943E+42  9.3611E+43
  1.7780E+00  2.2792E+44  1.1706E+44  5.7784E+42  1.0508E+44
  1.8840E+00  2.6354E+44  1.4236E+44  5.4209E+42  1.1576E+44
  1.9950E+00  2.9778E+44  1.6748E+44  4.9440E+42  1.2536E+44
  2.1130E+00  3.2875E+44  1.9108E+44  4.3847E+42  1.3328E+44
  2.2390E+00  3.5461E+44  2.1162E+44  3.7838E+42  1.3920E+44
  2.3710E+00  3.7428E+44  2.2792E+44  3.1835E+42  1.4317E+44
  2.5120E+00  3.8723E+44  2.3964E+44  2.6196E+42  1.4497E+44
  2.6610E+00  3.9347E+44  2.4644E+44  2.1133E+42  1.4492E+44
  2.8180E+00  3.9340E+44  2.4841E+44  1.6750E+42  1.4331E+44
  2.9850E+00  3.8787E+44  2.4628E+44  1.3079E+42  1.4028E+44
  3.1620E+00  3.7773E+44  2.4054E+44  1.0080E+42  1.3618E+44
  3.3500E+00  3.6442E+44  2.3253E+44  7.6932E+41  1.3112E+44
  3.5480E+00  3.4840E+44  2.2221E+44  5.8163E+41  1.2561E+44
  3.7580E+00  3.3074E+44  2.1064E+44  4.3635E+41  1.1967E+44
  3.9810E+00  3.1204E+44  1.9826E+44  3.2518E+41  1.1345E+44
  4.2170E+00  2.9290E+44  1.8551E+44  2.4100E+41  1.0715E+44
  4.4670E+00  2.7377E+44  1.7274E+44  1.7774E+41  1.0085E+44
  4.7320E+00  2.5503E+44  1.6028E+44  1.3047E+41  9.4616E+43
  5.0120E+00  2.3719E+44  1.4837E+44  9.5512E+40  8.8729E+43
  5.3090E+00  2.1739E+44  1.3701E+44  6.8838E+40  8.0317E+43
  5.6230E+00  1.9842E+44  1.2639E+44  4.9306E+40  7.1982E+43
  5.9570E+00  1.8053E+44  1.1663E+44  3.5127E+40  6.3863E+43
  6.3100E+00  1.6331E+44  1.0705E+44  2.4815E+40  5.6232E+43
  6.6830E+00  1.4841E+44  9.9258E+43  1.7541E+40  4.9130E+43
  7.0790E+00  1.3422E+44  9.1572E+43  1.2254E+40  4.2631E+43
  7.4990E+00  1.2255E+44  8.6187E+43  8.5435E+39  3.6352E+43
  7.9430E+00  1.1746E+44  8.8274E+43  6.2946E+39  2.9183E+43
  8.4140E+00  1.1561E+44  9.3896E+43  5.1123E+39  2.1704E+43
  8.9130E+00  1.0989E+44  9.3870E+43  4.2948E+39  1.6015E+43
  9.4410E+00  1.0175E+44  8.9929E+43  3.9115E+39  1.1819E+43
  1.0000E+01  9.3198E+43  8.2679E+43  3.0549E+39  1.0516E+43
  1.0590E+01  8.4463E+43  7.4873E+43  2.2843E+39  9.5875E+42
  1.1220E+01  7.5420E+43  6.6635E+43  1.5653E+39  8.7830E+42
  1.1890E+01  6.6599E+43  5.8790E+43  1.0639E+39  7.8084E+42
  1.2590E+01  5.9133E+43  5.2281E+43  7.1089E+38  6.8510E+42
  1.3340E+01  5.2807E+43  4.6914E+43  4.7012E+38  5.8926E+42
  1.4130E+01  4.8243E+43  4.3285E+43  3.1216E+38  4.9581E+42
  1.4960E+01  4.6123E+43  4.2090E+43  2.2340E+38  4.0323E+42
  1.5850E+01  4.4898E+43  4.1665E+43  1.6970E+38  3.2325E+42
  1.6790E+01  4.4138E+43  4.1557E+43  1.3520E+38  2.5807E+42
  1.7780E+01  4.3430E+43  4.1356E+43  1.1088E+38  2.0743E+42
  1.8840E+01  4.2426E+43  4.0737E+43  9.0426E+37  1.6890E+42
  1.9950E+01  4.1031E+43  3.9631E+43  7.0935E+37  1.3999E+42
  2.1130E+01  3.9667E+43  3.8507E+43  5.3932E+37  1.1600E+42
  2.2390E+01  3.8431E+43  3.7476E+43  4.0963E+37  9.5479E+41
  2.3710E+01  3.7212E+43  3.6427E+43  3.0989E+37  7.8481E+41
  2.5120E+01  3.5823E+43  3.5181E+43  2.3384E+37  6.4187E+41
  2.6610E+01  3.4191E+43  3.3667E+43  1.7474E+37  5.2400E+41
  2.8180E+01  3.2270E+43  3.1842E+43  1.2962E+37  4.2729E+41
  2.9850E+01  3.0015E+43  2.9668E+43  9.5074E+36  3.4748E+41
  3.1620E+01  2.7458E+43  2.7175E+43  6.8670E+36  2.8215E+41
  3.3500E+01  2.4666E+43  2.4437E+43  4.8794E+36  2.2868E+41
  3.5480E+01  2.1760E+43  2.1575E+43  3.4111E+36  1.8534E+41
  3.7580E+01  1.8843E+43  1.8693E+43  2.3433E+36  1.5005E+41
  3.9810E+01  1.6007E+43  1.5886E+43  1.5817E+36  1.2133E+41
  4.2170E+01  1.3369E+43  1.3271E+43  1.0499E+36  9.8044E+40
  4.4670E+01  1.0993E+43  1.0914E+43  6.8543E+35  7.9159E+40
  4.7320E+01  8.9150E+42  8.8512E+42  4.4105E+35  6.3840E+40
  5.0120E+01  7.1410E+42  7.0895E+42  2.8016E+35  5.1466E+40
  5.3090E+01  5.6531E+42  5.6117E+42  1.7582E+35  4.1438E+40
  5.6230E+01  4.4321E+42  4.3987E+42  1.0921E+35  3.3347E+40
  5.9570E+01  3.4409E+42  3.4141E+42  6.7153E+34  2.6787E+40
  6.3100E+01  2.6514E+42  2.6299E+42  4.0973E+34  2.1511E+40
  6.6830E+01  2.0296E+42  2.0123E+42  2.4832E+34  1.7268E+40
  7.0790E+01  1.5440E+42  1.5301E+42  1.4954E+34  1.3845E+40
  7.4990E+01  1.1678E+42  1.1567E+42  8.9543E+33  1.1090E+40
  7.9430E+01  8.7940E+41  8.7052E+41  5.3388E+33  8.8809E+39
  8.4140E+01  6.5933E+41  6.5222E+41  3.1690E+33  7.1056E+39
  8.9130E+01  4.9279E+41  4.8711E+41  1.8756E+33  5.6816E+39
  9.4410E+01  3.6726E+41  3.6271E+41  1.1071E+33  4.5419E+39
  1.0000E+02  2.7292E+41  2.6929E+41  6.5172E+32  3.6296E+39
  1.0590E+02  2.0255E+41  1.9965E+41  3.8331E+32  2.9014E+39
  1.1220E+02  1.5004E+41  1.4773E+41  2.2497E+32  2.3143E+39
  1.1890E+02  1.1122E+41  1.0938E+41  1.3217E+32  1.8438E+39
  1.2590E+02  8.2953E+40  8.1480E+40  7.8162E+31  1.4729E+39
  1.3340E+02  6.2052E+40  6.0879E+40  4.6437E+31  1.1733E+39
  1.4130E+02  4.6030E+40  4.5094E+40  2.7462E+31  9.3557E+38
  1.4960E+02  3.3401E+40  3.2653E+40  1.5875E+31  7.4726E+38
  1.5850E+02  2.4054E+40  2.3459E+40  9.0865E+30  5.9504E+38
  1.7780E+02  1.2603E+40  1.2225E+40  3.0057E+30  3.7804E+38
  1.9950E+02  6.6242E+39  6.3845E+39  9.9907E+29  2.3975E+38
  2.2390E+02  3.4784E+39  3.3266E+39  3.3255E+29  1.5181E+38
  2.5120E+02  1.8264E+39  1.7302E+39  1.1093E+29  9.6203E+37
  2.8180E+02  9.5826E+38  8.9730E+38  3.7073E+28  6.0956E+37
  3.1620E+02  5.0218E+38  4.6361E+38  1.2408E+28  3.8574E+37
  3.5480E+02  2.6331E+38  2.3891E+38  4.1664E+27  2.4399E+37
  3.9810E+02  1.3824E+38  1.2281E+38  1.4057E+27  1.5431E+37
  4.4670E+02  7.2735E+37  6.2980E+37  4.7698E+26  9.7547E+36
  5.0120E+02  3.8406E+37  3.2240E+37  1.6302E+26  6.1667E+36
  5.6230E+02  2.0379E+37  1.6480E+37  5.6179E+25  3.8989E+36
  6.3100E+02  1.0865E+37  8.4024E+36  1.9526E+25  2.4622E+36
  7.0790E+02  5.8385E+36  4.2820E+36  6.8632E+24  1.5564E+36
  7.9430E+02  3.1607E+36  2.1776E+36  2.4367E+24  9.8307E+35
  8.9130E+02  1.7263E+36  1.1056E+36  8.7459E+23  6.2068E+35
  1.0000E+03  9.5307E+35  5.6098E+35  3.1770E+23  3.9209E+35
