  1.0000E-03  1.5698E+43  0.0000E+00  1.3355E+43  2.3430E+42
  1.1220E-03  5.7705E+42  0.0000E+00  5.1832E+42  5.8724E+41
  1.2590E-03  1.9423E+42  0.0000E+00  1.8085E+42  1.3385E+41
  1.4130E-03  6.1636E+41  0.0000E+00  5.8792E+41  2.8441E+40
  1.5850E-03  2.4543E+41  0.0000E+00  2.3768E+41  7.7466E+39
  1.7780E-03  3.2577E+41  0.0000E+00  3.2045E+41  5.3214E+39
  1.9950E-03  7.4596E+40  0.0000E+00  7.4223E+40  3.7282E+38
  2.2390E-03  1.9218E+40  0.0000E+00  1.9168E+40  5.0010E+37
  2.5120E-03  3.1010E+40  0.0000E+00  3.0988E+40  2.1927E+37
  2.8180E-03  5.0005E+39  0.0000E+00  5.0000E+39  4.7349E+35
  3.1620E-03  9.1016E+38  0.0000E+00  9.1015E+38  1.5332E+34
  3.5480E-03  1.7786E+38  0.0000E+00  1.7786E+38  6.1075E+32
  3.9810E-03  3.8868E+37  0.0000E+00  3.8868E+37  3.3082E+31
  4.4670E-03  4.4882E+40  0.0000E+00  4.4876E+40  6.4714E+36
  5.0120E-03  8.9454E+39  0.0000E+00  8.9453E+39  1.0222E+35
  5.6230E-03  1.7791E+39  0.0000E+00  1.7791E+39  1.6739E+33
  5.9570E-03  8.1306E+38  0.0000E+00  8.1306E+38  2.3491E+32
  6.6830E-03  1.9653E+38  0.0000E+00  1.9653E+38  7.1009E+30
  7.4990E-03  6.6775E+37  0.0000E+00  6.6775E+37  4.5232E+29
  8.4140E-03  1.7413E+37  0.0000E+00  1.7413E+37  1.6957E+28
  9.4410E-03  5.5976E+36  0.0000E+00  5.5976E+36  1.2304E+27
  1.0590E-02  2.7403E+36  0.0000E+00  2.7403E+36  3.8140E+26
  1.1890E-02  1.0465E+36  0.0000E+00  1.0465E+36  1.9546E+25
  1.3340E-02  3.9838E+35  0.0000E+00  3.9838E+35  2.1394E+24
  1.4960E-02  1.3016E+35  0.0000E+00  1.3016E+35  1.2727E+23
  1.6790E-02  4.4444E+34  0.0000E+00  4.4444E+34  9.8356E+21
  1.8840E-02  1.6643E+34  0.0000E+00  1.6643E+34  1.0642E+21
  2.1130E-02  6.2975E+33  0.0000E+00  6.2975E+33  8.5796E+19
  2.3710E-02  2.1965E+33  0.0000E+00  2.1965E+33  6.2238E+18
  2.6610E-02  6.8807E+32  0.0000E+00  6.8807E+32  3.5267E+17
  2.9850E-02  2.1662E+32  0.0000E+00  2.1662E+32  2.0899E+16
  3.3500E-02  6.6016E+31  0.0000E+00  6.6016E+31  1.1795E+15
  3.7580E-02  4.7241E+31  9.2182E-86  4.7241E+31  5.9709E+14
  4.2170E-02  2.4772E+31  1.9504E-75  2.4772E+31  3.2497E+13
  4.7320E-02  1.8278E+30  4.2823E-68  1.8278E+30  2.9834E+10
  5.3090E-02  7.4437E+28  1.5961E-62  7.4437E+28  6.3267E+06
  6.6830E-02  2.9135E+23  1.5788E-61  2.9135E+23  1.6081E-08
  7.4990E-02  9.2984E+19  2.5755E-64  9.2984E+19  7.7829E-18
  8.4140E-02  5.6381E+20  2.6318E-56  5.6381E+20  1.5476E-15
  9.4410E-02  2.2348E+21  1.2028E-49  2.2348E+21  6.0585E-14
  1.0590E-01  6.4030E+23  9.8203E-39  6.4030E+23  1.7433E-07
  1.1890E-01  2.7975E+26  1.7496E-27  2.7975E+26  3.4887E+00
  1.3340E-01  2.4089E+28  8.2998E-19  2.4089E+28  6.5286E+05
  1.4960E-01  3.0294E+29  2.6515E-12  3.0294E+29  1.5336E+09
  1.5850E-01  4.7569E+29  3.3276E-10  4.7569E+29  6.0197E+09
  1.7780E-01  2.3250E+29  1.5723E-08  2.3250E+29  4.6480E+08
  1.9950E-01  9.2368E+26  3.1065E-12  9.2368E+26  2.6583E+02
  2.2390E-01  3.4892E+25  6.7808E-14  3.4892E+25  4.1382E-02
  2.3710E-01  2.4056E+27  1.7886E-08  2.4056E+27  1.4919E+03
  2.5120E-01  1.6821E+29  6.4335E-03  1.6821E+29  8.4377E+07
  2.6610E-01  2.6961E+30  6.1967E+01  2.6961E+30  1.3715E+11
  2.8180E-01  1.8437E+31  6.8948E+04  1.8437E+31  2.8174E+13
  2.9850E-01  8.2579E+31  2.2417E+07  8.2579E+31  1.8586E+15
  3.1620E-01  3.2359E+32  4.2145E+09  3.2359E+32  7.9015E+16
  3.3500E-01  1.1364E+33  5.2614E+11  1.1364E+33  2.4477E+18
  3.5480E-01  3.4637E+33  4.1630E+13  3.4637E+33  5.2624E+19
  3.7580E-01  1.0367E+34  2.8942E+15  1.0367E+34  1.0758E+21
  3.9810E-01  2.8450E+34  1.4090E+17  2.8450E+34  1.6735E+22
  4.2170E-01  8.4848E+34  7.7805E+18  8.4848E+34  3.2146E+23
  4.4670E-01  2.4839E+35  3.5504E+20  2.4839E+35  5.5108E+24
  4.7320E-01  7.0809E+35  1.4155E+22  7.0809E+35  8.7837E+25
  5.0120E-01  1.9342E+36  4.7951E+23  1.9342E+36  1.2624E+27
  5.3090E-01  5.3036E+36  1.5605E+25  5.3036E+36  1.8389E+28
  5.6230E-01  1.3517E+37  3.8294E+26  1.3517E+37  2.1349E+29
  5.9570E-01  3.2902E+37  7.8005E+27  3.2902E+37  2.1585E+30
  6.3100E-01  7.8598E+37  1.4288E+29  7.8598E+37  2.0618E+31
  6.6830E-01  1.8364E+38  2.3473E+30  1.8364E+38  1.8525E+32
  7.0790E-01  4.2045E+38  3.3789E+31  4.2044E+38  1.5233E+33
  7.4990E-01  9.1528E+38  4.0058E+32  9.1526E+38  1.0757E+34
  7.9430E-01  1.9382E+39  4.1952E+33  1.9381E+39  6.9917E+34
  8.4140E-01  4.0270E+39  3.9548E+34  4.0266E+39  4.2432E+35
  8.9130E-01  8.4295E+39  3.5879E+35  8.4266E+39  2.5646E+36
  9.4410E-01  1.7235E+40  2.8684E+36  1.7218E+40  1.4125E+37
  1.0000E+00  3.3584E+40  1.9171E+37  3.3498E+40  6.7087E+37
  1.0590E+00  6.3288E+40  1.0934E+38  6.2899E+40  2.8009E+38
  1.1220E+00  1.1682E+41  5.5132E+38  1.1521E+41  1.0574E+39
  1.1890E+00  2.1314E+41  2.4996E+39  2.0697E+41  3.6678E+39
  1.2590E+00  3.9136E+41  1.0396E+40  3.6898E+41  1.1981E+40
  1.3340E+00  7.2256E+41  3.8219E+40  6.4912E+41  3.5225E+40
  1.4130E+00  1.3264E+42  1.2103E+41  1.1141E+42  9.1231E+40
  1.4960E+00  2.4205E+42  3.3910E+41  1.8682E+42  2.1322E+41
  1.5850E+00  4.3890E+42  8.6472E+41  3.0650E+42  4.5920E+41
  1.6790E+00  7.8541E+42  2.0291E+42  4.8993E+42  9.2567E+41
  1.7780E+00  1.3694E+43  4.3954E+42  7.5457E+42  1.7527E+42
  1.8840E+00  2.3007E+43  8.8136E+42  1.1085E+43  3.1084E+42
  1.9950E+00  3.6880E+43  1.6323E+43  1.5387E+43  5.1699E+42
  2.1130E+00  5.6164E+43  2.8005E+43  2.0102E+43  8.0571E+42
  2.2390E+00  8.1116E+43  4.4632E+43  2.4686E+43  1.1797E+43
  2.3710E+00  1.1110E+44  6.6292E+43  2.8503E+43  1.6308E+43
  2.5120E+00  1.4490E+44  9.2445E+43  3.1107E+43  2.1352E+43
  2.6610E+00  1.8066E+44  1.2174E+44  3.2237E+43  2.6678E+43
  2.8180E+00  2.1633E+44  1.5241E+44  3.1892E+43  3.2028E+43
  2.9850E+00  2.4996E+44  1.8257E+44  3.0287E+43  3.7100E+43
  3.1620E+00  2.7995E+44  2.1047E+44  2.7756E+43  4.1726E+43
  3.3500E+00  3.0479E+44  2.3458E+44  2.4621E+43  4.5584E+43
  3.5480E+00  3.2411E+44  2.5400E+44  2.1266E+43  4.8843E+43
  3.7580E+00  3.3744E+44  2.6820E+44  1.7924E+43  5.1318E+43
  3.9810E+00  3.4483E+44  2.7703E+44  1.4785E+43  5.3020E+43
  4.2170E+00  3.4668E+44  2.8070E+44  1.1970E+43  5.4012E+43
  4.4670E+00  3.4364E+44  2.7975E+44  9.5314E+42  5.4359E+43
  4.7320E+00  3.3639E+44  2.7484E+44  7.4731E+42  5.4074E+43
  5.0120E+00  3.2592E+44  2.6677E+44  5.7846E+42  5.3368E+43
  5.3090E+00  3.1103E+44  2.5613E+44  4.4004E+42  5.0500E+43
  5.6230E+00  2.9410E+44  2.4378E+44  3.3063E+42  4.7012E+43
  5.9570E+00  2.7596E+44  2.3043E+44  2.4574E+42  4.3064E+43
  6.3100E+00  2.5658E+44  2.1574E+44  1.8045E+42  3.9028E+43
  6.6830E+00  2.3891E+44  2.0266E+44  1.3211E+42  3.4930E+43
  7.0790E+00  2.2084E+44  1.8890E+44  9.5350E+41  3.0987E+43
  7.4990E+00  2.0281E+44  1.7596E+44  6.7059E+41  2.6186E+43
  7.9430E+00  1.7897E+44  1.6053E+44  4.3936E+41  1.7995E+43
  8.4140E+00  1.3734E+44  1.2759E+44  2.5852E+41  9.4923E+42
  8.9130E+00  9.6950E+43  9.1877E+43  1.5122E+41  4.9214E+42
  9.4410E+00  6.5904E+43  6.3229E+43  9.5819E+40  2.5792E+42
  1.0000E+01  6.9162E+43  6.6382E+43  8.8794E+40  2.6910E+42
  1.0590E+01  7.6388E+43  7.3214E+43  8.5095E+40  3.0888E+42
  1.1220E+01  8.4551E+43  8.0820E+43  7.6821E+40  3.6537E+42
  1.1890E+01  8.6897E+43  8.2919E+43  6.3991E+40  3.9140E+42
  1.2590E+01  8.6948E+43  8.2898E+43  5.0622E+40  3.9989E+42
  1.3340E+01  8.4597E+43  8.0710E+43  3.8102E+40  3.8492E+42
  1.4130E+01  8.0889E+43  7.7429E+43  2.7308E+40  3.4327E+42
  1.4960E+01  7.6451E+43  7.3721E+43  1.9403E+40  2.7107E+42
  1.5850E+01  7.2658E+43  7.0588E+43  1.4338E+40  2.0558E+42
  1.6790E+01  6.9875E+43  6.8323E+43  1.1105E+40  1.5414E+42
  1.7780E+01  6.8680E+43  6.7485E+43  9.0899E+39  1.1866E+42
  1.8840E+01  6.9406E+43  6.8431E+43  7.7644E+39  9.6721E+41
  1.9950E+01  7.1404E+43  7.0558E+43  6.6570E+39  8.3940E+41
  2.1130E+01  7.3469E+43  7.2732E+43  5.5497E+39  7.3192E+41
  2.2390E+01  7.5226E+43  7.4594E+43  4.5767E+39  6.2800E+41
  2.3710E+01  7.6535E+43  7.5997E+43  3.7288E+39  5.3468E+41
  2.5120E+01  7.7152E+43  7.6699E+43  3.0126E+39  4.5051E+41
  2.6610E+01  7.6907E+43  7.6527E+43  2.3996E+39  3.7771E+41
  2.8180E+01  7.5665E+43  7.5347E+43  1.8899E+39  3.1530E+41
  2.9850E+01  7.3324E+43  7.3061E+43  1.4684E+39  2.6191E+41
  3.1620E+01  6.9872E+43  6.9654E+43  1.1218E+39  2.1696E+41
  3.3500E+01  6.5407E+43  6.5227E+43  8.4235E+38  1.7921E+41
  3.5480E+01  6.0151E+43  6.0002E+43  6.2176E+38  1.4786E+41
  3.7580E+01  5.4313E+43  5.4191E+43  4.5079E+38  1.2180E+41
  3.9810E+01  4.8095E+43  4.7994E+43  3.2095E+38  1.0024E+41
  4.2170E+01  4.1840E+43  4.1757E+43  2.2442E+38  8.2412E+40
  4.4670E+01  3.5792E+43  3.5725E+43  1.5407E+38  6.7647E+40
  4.7320E+01  3.0153E+43  3.0097E+43  1.0404E+38  5.5414E+40
  5.0120E+01  2.5046E+43  2.5001E+43  6.9191E+37  4.5329E+40
  5.3090E+01  2.0525E+43  2.0488E+43  4.5349E+37  3.6991E+40
  5.6230E+01  1.6625E+43  1.6595E+43  2.9341E+37  3.0137E+40
  5.9570E+01  1.3309E+43  1.3284E+43  1.8744E+37  2.4481E+40
  6.3100E+01  1.0553E+43  1.0533E+43  1.1849E+37  1.9858E+40
  6.6830E+01  8.2951E+42  8.2790E+42  7.4205E+36  1.6086E+40
  7.0790E+01  6.4682E+42  6.4552E+42  4.6062E+36  1.3002E+40
  7.4990E+01  5.0055E+42  4.9950E+42  2.8361E+36  1.0489E+40
  7.9430E+01  3.8494E+42  3.8410E+42  1.7347E+36  8.4538E+39
  8.4140E+01  2.9427E+42  2.9359E+42  1.0540E+36  6.8020E+39
  8.9130E+01  2.2390E+42  2.2336E+42  6.3724E+35  5.4659E+39
  9.4410E+01  1.6960E+42  1.6916E+42  3.8345E+35  4.3887E+39
  1.0000E+02  1.2792E+42  1.2757E+42  2.2969E+35  3.5208E+39
  1.0590E+02  9.6218E+41  9.5935E+41  1.3720E+35  2.8241E+39
  1.1220E+02  7.2142E+41  7.1916E+41  8.1646E+34  2.2593E+39
  1.1890E+02  5.4047E+41  5.3866E+41  4.8547E+34  1.8046E+39
  1.2590E+02  4.0660E+41  4.0515E+41  2.8992E+34  1.4449E+39
  1.3340E+02  3.0633E+41  3.0518E+41  1.7363E+34  1.1531E+39
  1.4130E+02  2.2886E+41  2.2794E+41  1.0347E+34  9.2112E+38
  1.4960E+02  1.6752E+41  1.6678E+41  6.0318E+33  7.3705E+38
  1.5850E+02  1.2164E+41  1.2105E+41  3.4784E+33  5.8788E+38
  1.7780E+02  6.4533E+40  6.4159E+40  1.1621E+33  3.7448E+38
  1.9950E+02  3.4206E+40  3.3968E+40  3.8799E+32  2.3796E+38
  2.2390E+02  1.8054E+40  1.7903E+40  1.2907E+32  1.5092E+38
  2.5120E+02  9.4983E+39  9.4026E+39  4.2813E+31  9.5753E+37
  2.8180E+02  4.9775E+39  4.9168E+39  1.4152E+31  6.0730E+37
  3.1620E+02  2.5970E+39  2.5586E+39  4.6587E+30  3.8460E+37
  3.5480E+02  1.3510E+39  1.3267E+39  1.5292E+30  2.4342E+37
  3.9810E+02  7.0102E+38  6.8562E+38  5.0099E+29  1.5402E+37
  4.4670E+02  3.6296E+38  3.5322E+38  1.6384E+29  9.7403E+36
  5.0120E+02  1.8770E+38  1.8154E+38  5.3540E+28  6.1594E+36
  5.6230E+02  9.7011E+37  9.3116E+37  1.7492E+28  3.8953E+36
  6.3100E+02  5.0078E+37  4.7617E+37  5.7125E+27  2.4604E+36
  7.0790E+02  2.5885E+37  2.4329E+37  1.8694E+27  1.5555E+36
  7.9430E+02  1.3383E+37  1.2400E+37  6.1240E+26  9.8261E+35
  8.9130E+02  6.9287E+36  6.3082E+36  2.0109E+26  6.2045E+35
  1.0000E+03  3.5982E+36  3.2062E+36  6.6314E+25  3.9197E+35
