  1.0000E-03  8.7957E+44  0.0000E+00  2.9514E+42  8.7662E+44
  1.1220E-03  9.8637E+44  0.0000E+00  2.7912E+42  9.8357E+44
  1.2590E-03  1.1064E+45  0.0000E+00  2.7531E+42  1.1037E+45
  1.4130E-03  1.2415E+45  0.0000E+00  2.7786E+42  1.2387E+45
  1.5850E-03  1.3924E+45  0.0000E+00  2.9321E+42  1.3894E+45
  1.7780E-03  1.5620E+45  0.0000E+00  3.4304E+42  1.5586E+45
  1.9950E-03  1.7522E+45  0.0000E+00  3.3405E+42  1.7488E+45
  2.2390E-03  1.9661E+45  0.0000E+00  3.3616E+42  1.9627E+45
  2.5120E-03  2.2056E+45  0.0000E+00  3.5696E+42  2.2020E+45
  2.8180E-03  2.4736E+45  0.0000E+00  3.3485E+42  2.4702E+45
  3.1620E-03  2.7750E+45  0.0000E+00  3.1877E+42  2.7718E+45
  3.5480E-03  3.1133E+45  0.0000E+00  3.0057E+42  3.1103E+45
  3.9810E-03  3.4926E+45  0.0000E+00  2.7730E+42  3.4898E+45
  4.4670E-03  3.9209E+45  0.0000E+00  5.0269E+42  3.9158E+45
  5.0120E-03  4.4027E+45  0.0000E+00  9.1053E+42  4.3936E+45
  5.6230E-03  4.9413E+45  0.0000E+00  1.2017E+43  4.9292E+45
  5.9570E-03  5.2351E+45  0.0000E+00  1.3049E+43  5.2220E+45
  6.6830E-03  5.8730E+45  0.0000E+00  1.4494E+43  5.8585E+45
  7.4990E-03  6.5892E+45  0.0000E+00  1.5431E+43  6.5738E+45
  8.4140E-03  7.3918E+45  0.0000E+00  1.5993E+43  7.3758E+45
  9.4410E-03  8.2924E+45  0.0000E+00  1.6331E+43  8.2761E+45
  1.0590E-02  9.2998E+45  0.0000E+00  1.6504E+43  9.2833E+45
  1.1890E-02  1.0439E+46  0.0000E+00  1.6508E+43  1.0423E+46
  1.3340E-02  1.1710E+46  0.0000E+00  1.6425E+43  1.1694E+46
  1.4960E-02  1.3130E+46  0.0000E+00  1.6227E+43  1.3114E+46
  1.6790E-02  1.4734E+46  0.0000E+00  1.5984E+43  1.4718E+46
  1.8840E-02  1.6531E+46  0.0000E+00  1.5693E+43  1.6515E+46
  2.1130E-02  1.8539E+46  0.0000E+00  1.5352E+43  1.8524E+46
  2.3710E-02  2.0800E+46  0.0000E+00  1.4967E+43  2.0785E+46
  2.6610E-02  2.3341E+46  0.0000E+00  1.4486E+43  2.3326E+46
  2.9850E-02  2.6180E+46  0.0000E+00  1.3887E+43  2.6166E+46
  3.3500E-02  2.9380E+46  0.0000E+00  1.3156E+43  2.9367E+46
  3.7580E-02  3.2956E+46  1.1371E-88  1.3925E+43  3.2942E+46
  4.2170E-02  3.6982E+46  1.7182E-73  1.5283E+43  3.6967E+46
  4.7320E-02  4.1494E+46  6.2341E-60  1.1911E+43  4.1482E+46
  5.3090E-02  4.3220E+46  6.7339E-48  7.8850E+42  4.3212E+46
  6.6830E-02  4.1270E+46  8.2846E-28  1.5498E+42  4.1268E+46
  7.4990E-02  4.0329E+46  1.5502E-19  4.4890E+41  4.0328E+46
  8.4140E-02  3.9411E+46  4.9767E-12  6.3592E+41  3.9410E+46
  9.4410E-02  3.8513E+46  2.3584E-05  8.4513E+41  3.8513E+46
  1.0590E-01  3.5058E+46  2.0384E+01  2.1810E+42  3.5055E+46
  1.1890E-01  2.9473E+46  4.4486E+06  5.1272E+42  2.9467E+46
  1.3340E-01  2.4804E+46  2.2651E+11  8.9642E+42  2.4795E+46
  1.4960E-01  2.0889E+46  4.2274E+15  1.0227E+43  2.0878E+46
  1.5850E-01  1.9154E+46  4.0148E+17  8.7353E+42  1.9145E+46
  1.7780E-01  1.6119E+46  1.3049E+21  4.9350E+42  1.6114E+46
  1.9950E-01  1.3559E+46  1.2407E+24  1.4280E+42  1.3558E+46
  2.2390E-01  1.1404E+46  4.2211E+26  6.3479E+41  1.1403E+46
  2.3710E-01  1.0465E+46  7.2853E+27  1.0843E+42  1.0464E+46
  2.5120E-01  9.5976E+45  1.1125E+29  1.7467E+42  9.5958E+45
  2.6610E-01  8.8034E+45  1.3984E+30  2.2121E+42  8.8012E+45
  2.8180E-01  8.0785E+45  1.4566E+31  2.4522E+42  8.0761E+45
  2.9850E-01  7.4105E+45  1.3005E+32  2.5754E+42  7.4079E+45
  3.1620E-01  6.7973E+45  9.9682E+32  2.6697E+42  6.7947E+45
  3.3500E-01  6.2335E+45  6.6858E+33  2.7262E+42  6.2308E+45
  3.5480E-01  5.7192E+45  3.9127E+34  2.7420E+42  5.7165E+45
  3.7580E-01  5.2469E+45  2.0367E+35  2.7310E+42  5.2442E+45
  3.9810E-01  4.8125E+45  9.4565E+35  2.7151E+42  4.8097E+45
  4.2170E-01  4.4143E+45  3.9173E+36  2.7066E+42  4.4116E+45
  4.4670E-01  4.0493E+45  1.4639E+37  2.7031E+42  4.0466E+45
  4.7320E-01  3.7142E+45  5.0079E+37  2.6895E+42  3.7115E+45
  5.0120E-01  3.4075E+45  1.5736E+38  2.6622E+42  3.4048E+45
  5.3090E-01  3.1258E+45  4.5810E+38  2.6260E+42  3.1232E+45
  5.6230E-01  2.8677E+45  1.2347E+39  2.5834E+42  2.8651E+45
  5.9570E-01  2.6301E+45  3.1121E+39  2.5364E+42  2.6276E+45
  6.3100E-01  2.4128E+45  7.3340E+39  2.4871E+42  2.4103E+45
  6.6830E-01  2.2138E+45  1.6199E+40  2.4349E+42  2.2114E+45
  7.0790E-01  2.0308E+45  3.3814E+40  2.3849E+42  2.0284E+45
  7.4990E-01  1.8629E+45  6.6825E+40  2.3310E+42  1.8605E+45
  7.9430E-01  1.7090E+45  1.2544E+41  2.2759E+42  1.7066E+45
  8.4140E-01  1.5678E+45  2.2488E+41  2.2252E+42  1.5653E+45
  8.9130E-01  1.4383E+45  3.8767E+41  2.1842E+42  1.4357E+45
  9.4410E-01  1.3198E+45  6.4178E+41  2.1552E+42  1.3170E+45
  1.0000E+00  1.2113E+45  1.0215E+42  2.1352E+42  1.2081E+45
  1.0590E+00  1.1123E+45  1.5686E+42  2.1295E+42  1.1086E+45
  1.1220E+00  1.0210E+45  2.3458E+42  2.1388E+42  1.0165E+45
  1.1890E+00  9.3742E+44  3.4217E+42  2.1666E+42  9.3183E+44
  1.2590E+00  8.6228E+44  4.8556E+42  2.2165E+42  8.5520E+44
  1.3340E+00  7.9313E+44  6.7286E+42  2.2924E+42  7.8411E+44
  1.4130E+00  7.3070E+44  9.0315E+42  2.3933E+42  7.1927E+44
  1.4960E+00  6.7455E+44  1.1786E+43  2.5120E+42  6.6026E+44
  1.5850E+00  6.2315E+44  1.5075E+43  2.6405E+42  6.0543E+44
  1.6790E+00  5.7691E+44  1.8845E+43  2.7650E+42  5.5530E+44
  1.7780E+00  5.3546E+44  2.3022E+43  2.8686E+42  5.0957E+44
  1.8840E+00  4.9772E+44  2.7593E+43  2.9422E+42  4.6719E+44
  1.9950E+00  4.6409E+44  3.2362E+43  2.9785E+42  4.2875E+44
  2.1130E+00  4.3355E+44  3.7232E+43  2.9851E+42  3.9333E+44
  2.2390E+00  4.0561E+44  4.2025E+43  2.9743E+42  3.6061E+44
  2.3710E+00  3.8044E+44  4.6564E+43  2.9584E+42  3.3092E+44
  2.5120E+00  3.5723E+44  5.0829E+43  2.9543E+42  3.0344E+44
  2.6610E+00  3.3603E+44  5.4738E+43  2.9661E+42  2.7832E+44
  2.8180E+00  3.1667E+44  5.8291E+43  2.9921E+42  2.5538E+44
  2.9850E+00  2.9886E+44  6.1574E+43  3.0248E+42  2.3426E+44
  3.1620E+00  2.8255E+44  6.4630E+43  3.0547E+42  2.1487E+44
  3.3500E+00  2.6762E+44  6.7524E+43  3.0561E+42  1.9704E+44
  3.5480E+00  2.5409E+44  7.0277E+43  3.0369E+42  1.8078E+44
  3.7580E+00  2.4167E+44  7.2859E+43  2.9788E+42  1.6583E+44
  3.9810E+00  2.3014E+44  7.5163E+43  2.8783E+42  1.5210E+44
  4.2170E+00  2.1936E+44  7.7116E+43  2.7382E+42  1.3951E+44
  4.4670E+00  2.0917E+44  7.8644E+43  2.5635E+42  1.2796E+44
  4.7320E+00  1.9929E+44  7.9574E+43  2.3534E+42  1.1737E+44
  5.0120E+00  1.8989E+44  7.9852E+43  2.1196E+42  1.0791E+44
  5.3090E+00  1.7727E+44  7.9387E+43  1.8588E+42  9.6024E+43
  5.6230E+00  1.6461E+44  7.8210E+43  1.5924E+42  8.4805E+43
  5.9570E+00  1.5202E+44  7.6372E+43  1.3321E+42  7.4316E+43
  6.3100E+00  1.3990E+44  7.4092E+43  1.0977E+42  6.4710E+43
  6.6830E+00  1.2882E+44  7.1918E+43  8.8952E+41  5.6014E+43
  7.0790E+00  1.1842E+44  6.9517E+43  7.0983E+41  4.8190E+43
  7.4990E+00  1.0579E+44  6.4066E+43  4.9244E+41  4.1229E+43
  7.9430E+00  8.3542E+43  4.8225E+43  2.0773E+41  3.5109E+43
  8.4140E+00  6.1521E+43  3.1698E+43  7.0725E+40  2.9752E+43
  8.9130E+00  4.9453E+43  2.4315E+43  3.4233E+40  2.5104E+43
  9.4410E+00  4.1804E+43  2.0682E+43  2.1681E+40  2.1101E+43
  1.0000E+01  3.9580E+43  2.1887E+43  2.2430E+40  1.7671E+43
  1.0590E+01  3.8984E+43  2.4201E+43  2.5419E+40  1.4758E+43
  1.1220E+01  4.0155E+43  2.7858E+43  2.9640E+40  1.2267E+43
  1.1890E+01  4.1535E+43  3.1344E+43  3.2599E+40  1.0159E+43
  1.2590E+01  4.3181E+43  3.4734E+43  3.4170E+40  8.4119E+42
  1.3340E+01  4.4025E+43  3.7060E+43  3.2913E+40  6.9319E+42
  1.4130E+01  4.3026E+43  3.7294E+43  2.7149E+40  5.7050E+42
  1.4960E+01  3.9442E+43  3.4732E+43  1.8183E+40  4.6919E+42
  1.5850E+01  3.5473E+43  3.1620E+43  1.1933E+40  3.8414E+42
  1.6790E+01  3.1768E+43  2.8619E+43  8.0690E+39  3.1409E+42
  1.7780E+01  2.8819E+43  2.6247E+43  5.9019E+39  2.5663E+42
  1.8840E+01  2.6748E+43  2.4654E+43  4.7390E+39  2.0888E+42
  1.9950E+01  2.5358E+43  2.3652E+43  4.0384E+39  1.7013E+42
  2.1130E+01  2.3935E+43  2.2549E+43  3.3540E+39  1.3827E+42
  2.2390E+01  2.2281E+43  2.1158E+43  2.7008E+39  1.1203E+42
  2.3710E+01  2.0524E+43  1.9613E+43  2.1223E+39  9.0864E+41
  2.5120E+01  1.8675E+43  1.7938E+43  1.6370E+39  7.3479E+41
  2.6610E+01  1.6822E+43  1.6227E+43  1.2408E+39  5.9383E+41
  2.8180E+01  1.5007E+43  1.4526E+43  9.2869E+38  4.7994E+41
  2.9850E+01  1.3246E+43  1.2858E+43  6.8660E+38  3.8717E+41
  3.1620E+01  1.1576E+43  1.1264E+43  5.0168E+38  3.1199E+41
  3.3500E+01  1.0012E+43  9.7608E+42  3.6241E+38  2.5106E+41
  3.5480E+01  8.5805E+42  8.3781E+42  2.5916E+38  2.0210E+41
  3.7580E+01  7.2785E+42  7.1158E+42  1.8343E+38  1.6253E+41
  3.9810E+01  6.1062E+42  5.9756E+42  1.2866E+38  1.3054E+41
  4.2170E+01  5.0686E+42  4.9637E+42  8.9239E+37  1.0479E+41
  4.4670E+01  4.1617E+42  4.0776E+42  6.1083E+37  8.4074E+40
  4.7320E+01  3.3803E+42  3.3128E+42  4.1256E+37  6.7400E+40
  5.0120E+01  2.7178E+42  2.6637E+42  2.7506E+37  5.4034E+40
  5.3090E+01  2.1621E+42  2.1188E+42  1.8094E+37  4.3282E+40
  5.6230E+01  1.7038E+42  1.6692E+42  1.1752E+37  3.4667E+40
  5.9570E+01  1.3290E+42  1.3013E+42  7.5323E+36  2.7728E+40
  6.3100E+01  1.0282E+42  1.0060E+42  4.7734E+36  2.2180E+40
  6.6830E+01  7.8945E+41  7.7170E+41  2.9935E+36  1.7744E+40
  7.0790E+01  6.0162E+41  5.8743E+41  1.8578E+36  1.4183E+40
  7.4990E+01  4.5531E+41  4.4398E+41  1.1421E+36  1.1329E+40
  7.9430E+01  3.4270E+41  3.3365E+41  6.9674E+35  9.0505E+39
  8.4140E+01  2.5655E+41  2.4932E+41  4.2172E+35  7.2256E+39
  8.9130E+01  1.9126E+41  1.8550E+41  2.5371E+35  5.7665E+39
  9.4410E+01  1.4206E+41  1.3746E+41  1.5180E+35  4.6021E+39
  1.0000E+02  1.0516E+41  1.0148E+41  9.0375E+34  3.6722E+39
  1.0590E+02  7.7690E+40  7.4759E+40  5.3634E+34  2.9317E+39
  1.1220E+02  5.7234E+40  5.4898E+40  3.1684E+34  2.3358E+39
  1.1890E+02  4.2141E+40  4.0282E+40  1.8685E+34  1.8590E+39
  1.2590E+02  3.1174E+40  2.9690E+40  1.1061E+34  1.4838E+39
  1.3340E+02  2.3084E+40  2.1903E+40  6.5568E+33  1.1811E+39
  1.4130E+02  1.7002E+40  1.6061E+40  3.8786E+33  9.4117E+38
  1.4960E+02  1.2338E+40  1.1587E+40  2.2584E+33  7.5121E+38
  1.5850E+02  8.8944E+39  8.2966E+39  1.3023E+33  5.9781E+38
  1.7780E+02  4.6592E+39  4.2797E+39  4.3502E+32  3.7942E+38
  1.9950E+02  2.4483E+39  2.2078E+39  1.4559E+32  2.4043E+38
  2.2390E+02  1.2882E+39  1.1361E+39  4.8788E+31  1.5216E+38
  2.5120E+02  6.8022E+38  5.8385E+38  1.6407E+31  9.6376E+37
  2.8180E+02  3.6041E+38  2.9937E+38  5.5390E+30  6.1043E+37
  3.1620E+02  1.9165E+38  1.5304E+38  1.8779E+30  3.8617E+37
  3.5480E+02  1.0252E+38  7.8095E+37  6.4067E+29  2.4421E+37
  3.9810E+02  5.5224E+37  3.9782E+37  2.2036E+29  1.5442E+37
  4.4670E+02  2.9992E+37  2.0232E+37  7.6470E+28  9.7603E+36
  5.0120E+02  1.6448E+37  1.0278E+37  2.6813E+28  6.1695E+36
  5.6230E+02  9.1179E+36  5.2176E+36  9.5058E+27  3.9003E+36
  6.3100E+02  5.1063E+36  2.6434E+36  3.4059E+27  2.4629E+36
  7.0790E+02  2.8962E+36  1.3394E+36  1.2358E+27  1.5568E+36
  7.9430E+02  1.6608E+36  6.7755E+35  4.5313E+26  9.8325E+35
  8.9130E+02  9.6315E+35  3.4238E+35  1.6791E+26  6.2077E+35
  1.0000E+03  5.6511E+35  1.7298E+35  6.2900E+25  3.9214E+35
