  1.0000E-03  8.7714E+44  0.0000E+00  5.2194E+41  8.7662E+44
  1.1220E-03  9.8425E+44  0.0000E+00  6.7321E+41  9.8357E+44
  1.2590E-03  1.1045E+45  0.0000E+00  8.2487E+41  1.1037E+45
  1.4130E-03  1.2397E+45  0.0000E+00  9.6730E+41  1.2387E+45
  1.5850E-03  1.3905E+45  0.0000E+00  1.0958E+42  1.3894E+45
  1.7780E-03  1.5600E+45  0.0000E+00  1.3504E+42  1.5586E+45
  1.9950E-03  1.7504E+45  0.0000E+00  1.6265E+42  1.7488E+45
  2.2390E-03  1.9645E+45  0.0000E+00  1.7372E+42  1.9627E+45
  2.5120E-03  2.2042E+45  0.0000E+00  2.2484E+42  2.2020E+45
  2.8180E-03  2.4729E+45  0.0000E+00  2.6585E+42  2.4702E+45
  3.1620E-03  2.7748E+45  0.0000E+00  2.9694E+42  2.7718E+45
  3.5480E-03  3.1135E+45  0.0000E+00  3.2252E+42  3.1103E+45
  3.9810E-03  3.4933E+45  0.0000E+00  3.4310E+42  3.4898E+45
  4.4670E-03  3.9222E+45  0.0000E+00  6.3919E+42  3.9158E+45
  5.0120E-03  4.4012E+45  0.0000E+00  7.6169E+42  4.3936E+45
  5.6230E-03  4.9379E+45  0.0000E+00  8.6761E+42  4.9292E+45
  5.9570E-03  5.2312E+45  0.0000E+00  9.1418E+42  5.2220E+45
  6.6830E-03  5.8685E+45  0.0000E+00  9.9725E+42  5.8585E+45
  7.4990E-03  6.5846E+45  0.0000E+00  1.0746E+43  6.5738E+45
  8.4140E-03  7.3874E+45  0.0000E+00  1.1582E+43  7.3758E+45
  9.4410E-03  8.2883E+45  0.0000E+00  1.2242E+43  8.2761E+45
  1.0590E-02  9.2957E+45  0.0000E+00  1.2374E+43  9.2833E+45
  1.1890E-02  1.0437E+46  0.0000E+00  1.3755E+43  1.0423E+46
  1.3340E-02  1.1708E+46  0.0000E+00  1.4415E+43  1.1694E+46
  1.4960E-02  1.3129E+46  0.0000E+00  1.5352E+43  1.3114E+46
  1.6790E-02  1.4735E+46  0.0000E+00  1.6129E+43  1.4718E+46
  1.8840E-02  1.6532E+46  0.0000E+00  1.6753E+43  1.6515E+46
  2.1130E-02  1.8541E+46  0.0000E+00  1.7739E+43  1.8524E+46
  2.3710E-02  2.0803E+46  0.0000E+00  1.8639E+43  2.0785E+46
  2.6610E-02  2.3346E+46  0.0000E+00  1.9500E+43  2.3326E+46
  2.9850E-02  2.6187E+46  9.5167E-83  2.0249E+43  2.6166E+46
  3.3500E-02  2.9387E+46  6.1345E-68  2.0910E+43  2.9367E+46
  3.7580E-02  3.2965E+46  7.7071E-55  2.2712E+43  3.2942E+46
  4.2170E-02  3.6993E+46  3.3721E-43  2.6057E+43  3.6967E+46
  4.7320E-02  4.1507E+46  9.0600E-33  2.5355E+43  4.1482E+46
  5.3090E-02  4.3235E+46  1.6581E-23  2.2539E+43  4.3212E+46
  6.6830E-02  4.1283E+46  6.2323E-08  1.4613E+43  4.1268E+46
  7.4990E-02  4.0340E+46  2.0854E-01  1.2004E+43  4.0328E+46
  8.4140E-02  3.9422E+46  1.0915E+05  1.1969E+43  3.9410E+46
  9.4410E-02  3.8525E+46  1.3088E+10  1.2205E+43  3.8513E+46
  1.0590E-01  3.5069E+46  3.6675E+14  1.3948E+43  3.5055E+46
  1.1890E-01  2.9483E+46  2.7288E+18  1.5756E+43  2.9467E+46
  1.3340E-01  2.4814E+46  5.4391E+21  1.8020E+43  2.4795E+46
  1.4960E-01  2.0897E+46  6.0808E+24  1.8410E+43  2.0878E+46
  1.5850E-01  1.9163E+46  1.7859E+26  1.7329E+43  1.9145E+46
  1.7780E-01  1.6127E+46  9.3342E+28  1.2657E+43  1.6114E+46
  1.9950E-01  1.3564E+46  2.8085E+31  6.2366E+42  1.3558E+46
  2.2390E-01  1.1407E+46  3.4747E+33  4.1524E+42  1.1403E+46
  2.3710E-01  1.0469E+46  2.3047E+34  4.8457E+42  1.0464E+46
  2.5120E-01  9.6014E+45  1.3050E+35  5.5367E+42  9.5958E+45
  2.6610E-01  8.8070E+45  6.9260E+35  5.7866E+42  8.8012E+45
  2.8180E-01  8.0818E+45  3.3809E+36  5.7178E+42  8.0761E+45
  2.9850E-01  7.4134E+45  1.5064E+37  5.5301E+42  7.4079E+45
  3.1620E-01  6.8000E+45  6.0351E+37  5.3249E+42  6.7947E+45
  3.3500E-01  6.2359E+45  2.2086E+38  5.0927E+42  6.2308E+45
  3.5480E-01  5.7213E+45  7.4060E+38  4.8305E+42  5.7165E+45
  3.7580E-01  5.2487E+45  2.2976E+39  4.5439E+42  5.2442E+45
  3.9810E-01  4.8140E+45  6.5657E+39  4.2750E+42  4.8097E+45
  4.2170E-01  4.4157E+45  1.7235E+40  4.0017E+42  4.4116E+45
  4.4670E-01  4.0504E+45  4.1921E+40  3.7518E+42  4.0466E+45
  4.7320E-01  3.7151E+45  9.5871E+40  3.5012E+42  3.7115E+45
  5.0120E-01  3.4083E+45  2.0671E+41  3.2496E+42  3.4048E+45
  5.3090E-01  3.1266E+45  4.2235E+41  2.9942E+42  3.1232E+45
  5.6230E-01  2.8687E+45  8.1683E+41  2.7573E+42  2.8651E+45
  5.9570E-01  2.6316E+45  1.5051E+42  2.5316E+42  2.6276E+45
  6.3100E-01  2.4153E+45  2.6394E+42  2.3151E+42  2.4103E+45
  6.6830E-01  2.2179E+45  4.4117E+42  2.1057E+42  2.2114E+45
  7.0790E-01  2.0374E+45  7.0549E+42  1.9126E+42  2.0284E+45
  7.4990E-01  1.8730E+45  1.0812E+43  1.7354E+42  1.8605E+45
  7.9430E-01  1.7241E+45  1.5895E+43  1.5704E+42  1.7066E+45
  8.4140E-01  1.5892E+45  2.2502E+43  1.4153E+42  1.5653E+45
  8.9130E-01  1.4677E+45  3.0741E+43  1.2679E+42  1.4357E+45
  9.4410E-01  1.3587E+45  4.0570E+43  1.1299E+42  1.3170E+45
  1.0000E+00  1.2610E+45  5.1846E+43  1.0022E+42  1.2081E+45
  1.0590E+00  1.1737E+45  6.4260E+43  8.8614E+41  1.1086E+45
  1.1220E+00  1.0950E+45  7.7701E+43  7.7900E+41  1.0165E+45
  1.1890E+00  1.0243E+45  9.1776E+43  6.7903E+41  9.3183E+44
  1.2590E+00  9.6135E+44  1.0556E+44  5.8501E+41  8.5520E+44
  1.3340E+00  9.0352E+44  1.1891E+44  4.9926E+41  7.8411E+44
  1.4130E+00  8.5059E+44  1.3090E+44  4.2379E+41  7.1927E+44
  1.4960E+00  8.0184E+44  1.4122E+44  3.5717E+41  6.6026E+44
  1.5850E+00  7.5587E+44  1.5014E+44  2.9775E+41  6.0543E+44
  1.6790E+00  7.1239E+44  1.5684E+44  2.4498E+41  5.5530E+44
  1.7780E+00  6.7077E+44  1.6100E+44  1.9849E+41  5.0957E+44
  1.8840E+00  6.3046E+44  1.6311E+44  1.5815E+41  4.6719E+44
  1.9950E+00  5.9184E+44  1.6297E+44  1.2402E+41  4.2875E+44
  2.1130E+00  5.5442E+44  1.6099E+44  9.5780E+40  3.9333E+44
  2.2390E+00  5.1795E+44  1.5727E+44  7.2932E+40  3.6061E+44
  2.3710E+00  4.8299E+44  1.5202E+44  5.4905E+40  3.3092E+44
  2.5120E+00  4.4924E+44  1.4575E+44  4.0943E+40  3.0344E+44
  2.6610E+00  4.1695E+44  1.3859E+44  3.0306E+40  2.7832E+44
  2.8180E+00  3.8610E+44  1.3069E+44  2.2292E+40  2.5538E+44
  2.9850E+00  3.5671E+44  1.2243E+44  1.6315E+40  2.3426E+44
  3.1620E+00  3.2880E+44  1.1392E+44  1.1891E+40  2.1487E+44
  3.3500E+00  3.0278E+44  1.0574E+44  8.6479E+39  1.9704E+44
  3.5480E+00  2.7825E+44  9.7465E+43  6.2721E+39  1.8078E+44
  3.7580E+00  2.5536E+44  8.9527E+43  4.5393E+39  1.6583E+44
  3.9810E+00  2.3405E+44  8.1954E+43  3.2796E+39  1.5210E+44
  4.2170E+00  2.1429E+44  7.4774E+43  2.3663E+39  1.3951E+44
  4.4670E+00  1.9599E+44  6.8029E+43  1.7050E+39  1.2796E+44
  4.7320E+00  1.7918E+44  6.1810E+43  1.2267E+39  1.1737E+44
  5.0120E+00  1.6405E+44  5.6132E+43  8.8335E+38  1.0791E+44
  5.3090E+00  1.4697E+44  5.0945E+43  6.2176E+38  9.6024E+43
  5.6230E+00  1.3109E+44  4.6289E+43  4.3494E+38  8.4805E+43
  5.9570E+00  1.1649E+44  4.2172E+43  3.0253E+38  7.4316E+43
  6.3100E+00  1.0291E+44  3.8204E+43  2.0874E+38  6.4710E+43
  6.6830E+00  9.1058E+43  3.5044E+43  1.4366E+38  5.6014E+43
  7.0790E+00  8.0149E+43  3.1959E+43  9.7718E+37  4.8190E+43
  7.4990E+00  7.2001E+43  3.0772E+43  6.7032E+37  4.1229E+43
  7.9430E+00  7.2325E+43  3.7215E+43  5.1591E+37  3.5109E+43
  8.4140E+00  8.1336E+43  5.1584E+43  4.7528E+37  2.9752E+43
  8.9130E+00  8.8958E+43  6.3854E+43  4.5520E+37  2.5104E+43
  9.4410E+00  9.4355E+43  7.3255E+43  4.6945E+37  2.1101E+43
  1.0000E+01  7.9616E+43  6.1945E+43  3.3915E+37  1.7671E+43
  1.0590E+01  6.4156E+43  4.9398E+43  2.2667E+37  1.4758E+43
  1.1220E+01  4.9875E+43  3.7608E+43  1.3586E+37  1.2267E+43
  1.1890E+01  3.9378E+43  2.9219E+43  8.2786E+36  1.0159E+43
  1.2590E+01  3.1414E+43  2.3002E+43  4.9792E+36  8.4119E+42
  1.3340E+01  2.5511E+43  1.8579E+43  2.9968E+36  6.9319E+42
  1.4130E+01  2.1748E+43  1.6043E+43  1.8558E+36  5.7050E+42
  1.4960E+01  2.0478E+43  1.5787E+43  1.3060E+36  4.6919E+42
  1.5850E+01  1.9910E+43  1.6068E+43  9.8943E+35  3.8414E+42
  1.6790E+01  1.9571E+43  1.6430E+43  7.8770E+35  3.1409E+42
  1.7780E+01  1.8956E+43  1.6390E+43  6.3563E+35  2.5663E+42
  1.8840E+01  1.7699E+43  1.5610E+43  4.9435E+35  2.0888E+42
  1.9950E+01  1.5925E+43  1.4223E+43  3.5861E+35  1.7013E+42
  2.1130E+01  1.4280E+43  1.2897E+43  2.5060E+35  1.3827E+42
  2.2390E+01  1.2924E+43  1.1804E+43  1.7584E+35  1.1203E+42
  2.3710E+01  1.1774E+43  1.0865E+43  1.2358E+35  9.0864E+41
  2.5120E+01  1.0738E+43  1.0003E+43  8.7143E+34  7.3479E+41
  2.6610E+01  9.7668E+42  9.1730E+42  6.1188E+34  5.9383E+41
  2.8180E+01  8.8400E+42  8.3601E+42  4.2928E+34  4.7994E+41
  2.9850E+01  7.9270E+42  7.5398E+42  2.9953E+34  3.8717E+41
  3.1620E+01  7.0221E+42  6.7101E+42  2.0688E+34  3.1199E+41
  3.3500E+01  6.1329E+42  5.8818E+42  1.4128E+34  2.5106E+41
  3.5480E+01  5.2796E+42  5.0775E+42  9.5384E+33  2.0210E+41
  3.7580E+01  4.4732E+42  4.3107E+42  6.3518E+33  1.6253E+41
  3.9810E+01  3.7255E+42  3.5949E+42  4.1677E+33  1.3054E+41
  4.2170E+01  3.0566E+42  2.9518E+42  2.6969E+33  1.0479E+41
  4.4670E+01  2.4734E+42  2.3893E+42  1.7210E+33  8.4074E+40
  4.7320E+01  1.9771E+42  1.9097E+42  1.0851E+33  6.7400E+40
  5.0120E+01  1.5635E+42  1.5095E+42  6.7710E+32  5.4034E+40
  5.3090E+01  1.2239E+42  1.1806E+42  4.1838E+32  4.3282E+40
  5.6230E+01  9.5008E+41  9.1541E+41  2.5646E+32  3.4667E+40
  5.9570E+01  7.3125E+41  7.0353E+41  1.5592E+32  2.7728E+40
  6.3100E+01  5.5931E+41  5.3713E+41  9.4262E+31  2.2180E+40
  6.6830E+01  4.2545E+41  4.0771E+41  5.6711E+31  1.7744E+40
  7.0790E+01  3.2195E+41  3.0776E+41  3.3962E+31  1.4183E+40
  7.4990E+01  2.4246E+41  2.3113E+41  2.0258E+31  1.1329E+40
  7.9430E+01  1.8195E+41  1.7290E+41  1.2052E+31  9.0505E+39
  8.4140E+01  1.3607E+41  1.2884E+41  7.1501E+30  7.2256E+39
  8.9130E+01  1.0152E+41  9.5755E+40  4.2360E+30  5.7665E+39
  9.4410E+01  7.5582E+40  7.0980E+40  2.5066E+30  4.6021E+39
  1.0000E+02  5.6154E+40  5.2481E+40  1.4815E+30  3.6722E+39
  1.0590E+02  4.1695E+40  3.8763E+40  8.7613E+29  2.9317E+39
  1.1220E+02  3.0917E+40  2.8581E+40  5.1760E+29  2.3358E+39
  1.1890E+02  2.2950E+40  2.1091E+40  3.0632E+29  1.8590E+39
  1.2590E+02  1.7142E+40  1.5658E+40  1.8253E+29  1.4838E+39
  1.3340E+02  1.2839E+40  1.1658E+40  1.0922E+29  1.1811E+39
  1.4130E+02  9.5527E+39  8.6115E+39  6.5279E+28  9.4117E+38
  1.4960E+02  6.9786E+39  6.2274E+39  3.8428E+28  7.5121E+38
  1.5850E+02  5.0664E+39  4.4686E+39  2.2461E+28  5.9781E+38
  1.7780E+02  2.7014E+39  2.3220E+39  7.7706E+27  3.7942E+38
  1.9950E+02  1.4497E+39  1.2092E+39  2.7168E+27  2.4043E+38
  2.2390E+02  7.8061E+38  6.2845E+38  9.5812E+26  1.5216E+38
  2.5120E+02  4.2252E+38  3.2615E+38  3.4128E+26  9.6376E+37
  2.8180E+02  2.2986E+38  1.6882E+38  1.2273E+26  6.1043E+37
  3.1620E+02  1.2569E+38  8.7078E+37  4.4516E+25  3.8617E+37
  3.5480E+02  6.9229E+37  4.4808E+37  1.6299E+25  2.4421E+37
  3.9810E+02  3.8446E+37  2.3004E+37  6.0272E+24  1.5442E+37
  4.4670E+02  2.1544E+37  1.1784E+37  2.2491E+24  9.7603E+36
  5.0120E+02  1.2196E+37  6.0263E+36  8.4690E+23  6.1695E+36
  5.6230E+02  6.9781E+36  3.0778E+36  3.2152E+23  3.9003E+36
  6.3100E+02  4.0309E+36  1.5680E+36  1.2287E+23  2.4629E+36
  7.0790E+02  2.3553E+36  7.9852E+35  4.7314E+22  1.5568E+36
  7.9430E+02  1.3891E+36  4.0582E+35  1.8309E+22  9.8325E+35
  8.9130E+02  8.2670E+35  2.0593E+35  7.1183E+21  6.2077E+35
  1.0000E+03  4.9657E+35  1.0443E+35  2.7810E+21  3.9214E+35
