  1.0000E-03  1.6001E+43  0.0000E+00  1.3716E+43  2.2854E+42
  1.1220E-03  6.2577E+42  0.0000E+00  5.6892E+42  5.6843E+41
  1.2590E-03  2.2806E+42  0.0000E+00  2.1524E+42  1.2827E+41
  1.4130E-03  7.9162E+41  0.0000E+00  7.6471E+41  2.6913E+40
  1.5850E-03  3.3963E+41  0.0000E+00  3.3242E+41  7.2088E+39
  1.7780E-03  4.5351E+41  0.0000E+00  4.4867E+41  4.8403E+39
  1.9950E-03  1.1753E+41  0.0000E+00  1.1720E+41  3.3157E+38
  2.2390E-03  3.3215E+40  0.0000E+00  3.3171E+40  4.3286E+37
  2.5120E-03  5.2037E+40  0.0000E+00  5.2019E+40  1.8386E+37
  2.8180E-03  9.4845E+39  0.0000E+00  9.4842E+39  3.8611E+35
  3.1620E-03  1.9421E+39  0.0000E+00  1.9420E+39  1.2167E+34
  3.5480E-03  4.3037E+38  0.0000E+00  4.3037E+38  4.7254E+32
  3.9810E-03  1.0733E+38  0.0000E+00  1.0733E+38  2.5035E+31
  4.4670E-03  8.7870E+40  0.0000E+00  8.7864E+40  6.3438E+36
  5.0120E-03  1.9439E+40  0.0000E+00  1.9439E+40  9.5209E+34
  5.6230E-03  4.3126E+39  0.0000E+00  4.3126E+39  1.4779E+33
  5.9570E-03  2.0868E+39  0.0000E+00  2.0868E+39  2.0203E+32
  6.6830E-03  5.6422E+38  0.0000E+00  5.6422E+38  5.8200E+30
  7.4990E-03  2.0962E+38  0.0000E+00  2.0962E+38  3.5416E+29
  8.4140E-03  6.1463E+37  0.0000E+00  6.1463E+37  1.2735E+28
  9.4410E-03  2.1869E+37  0.0000E+00  2.1869E+37  8.8809E+26
  1.0590E-02  1.1434E+37  0.0000E+00  1.1434E+37  2.6445E+26
  1.1890E-02  4.6677E+36  0.0000E+00  4.6677E+36  1.3060E+25
  1.3340E-02  1.9322E+36  0.0000E+00  1.9322E+36  1.3764E+24
  1.4960E-02  6.9525E+35  0.0000E+00  6.9525E+35  7.8857E+22
  1.6790E-02  2.6200E+35  0.0000E+00  2.6200E+35  5.8659E+21
  1.8840E-02  1.0779E+35  0.0000E+00  1.0779E+35  6.1045E+20
  2.1130E-02  4.4408E+34  0.0000E+00  4.4408E+34  4.7338E+19
  2.3710E-02  1.7126E+34  0.0000E+00  1.7126E+34  3.3005E+18
  2.6610E-02  6.0245E+33  0.0000E+00  6.0245E+33  1.7943E+17
  2.9850E-02  2.1320E+33  0.0000E+00  2.1320E+33  1.0177E+16
  3.3500E-02  7.3363E+32  0.0000E+00  7.3363E+32  5.4867E+14
  3.7580E-02  5.5171E+32  3.5857E-86  5.5171E+32  2.7644E+14
  4.2170E-02  3.0993E+32  7.2507E-76  3.0993E+32  1.4367E+13
  4.7320E-02  2.9087E+31  1.4385E-68  2.9087E+31  1.1688E+10
  5.3090E-02  1.5697E+30  4.8199E-63  1.5697E+30  2.1539E+06
  6.6830E-02  1.9313E+25  3.4185E-62  1.9313E+25  3.4266E-09
  7.4990E-02  1.2647E+22  4.4823E-65  1.2647E+22  1.1597E-18
  8.4140E-02  6.8309E+22  4.5563E-57  6.8309E+22  2.5931E-16
  9.4410E-02  2.4598E+23  2.0537E-50  2.4598E+23  1.1144E-14
  1.0590E-01  4.4453E+25  1.7309E-39  4.4453E+25  4.3418E-08
  1.1890E-01  1.1515E+28  3.6703E-28  1.1515E+28  1.2097E+00
  1.3340E-01  6.6926E+29  2.3575E-19  6.6926E+29  2.8996E+05
  1.4960E-01  6.7516E+30  9.5102E-13  6.7516E+30  8.1694E+08
  1.5850E-01  9.8955E+30  1.2436E-10  9.8955E+30  3.2926E+09
  1.7780E-01  4.3648E+30  5.4228E-09  4.3648E+30  2.2569E+08
  1.9950E-01  2.4248E+28  7.9899E-13  2.4248E+28  8.9348E+01
  2.2390E-01  1.0841E+27  1.3644E-14  1.0841E+27  1.0730E-02
  2.3710E-01  4.8631E+28  3.9890E-09  4.8631E+28  4.5275E+02
  2.5120E-01  2.2641E+30  1.6812E-03  2.2641E+30  3.0204E+07
  2.6610E-01  2.7921E+31  1.8350E+01  2.7921E+31  5.4649E+10
  2.8180E-01  1.5949E+32  2.2474E+04  1.5949E+32  1.2046E+13
  2.9850E-01  6.2059E+32  7.9266E+06  6.2059E+32  8.3779E+14
  3.1620E-01  2.1371E+33  1.6088E+09  2.1371E+33  3.7277E+16
  3.3500E-01  6.6642E+33  2.1585E+11  6.6642E+33  1.2021E+18
  3.5480E-01  1.8303E+34  1.8213E+13  1.8303E+34  2.6758E+19
  3.7580E-01  4.9426E+34  1.3453E+15  4.9426E+34  5.6400E+20
  3.9810E-01  1.2357E+35  6.9326E+16  1.2357E+35  9.0329E+21
  4.2170E-01  3.3374E+35  4.0609E+18  3.3374E+35  1.7851E+23
  4.4670E-01  8.8787E+35  1.9631E+20  8.8787E+35  3.1478E+24
  4.7320E-01  2.3124E+36  8.2736E+21  2.3124E+36  5.1546E+25
  5.0120E-01  5.8105E+36  2.9560E+23  5.8105E+36  7.5995E+26
  5.3090E-01  1.4698E+37  1.0144E+25  1.4698E+37  1.1340E+28
  5.6230E-01  3.4907E+37  2.6166E+26  3.4907E+37  1.3470E+29
  5.9570E-01  7.9874E+37  5.5908E+27  7.9874E+37  1.3921E+30
  6.3100E-01  1.8081E+38  1.0738E+29  1.8081E+38  1.3585E+31
  6.6830E-01  4.0406E+38  1.8488E+30  4.0406E+38  1.2459E+32
  7.0790E-01  8.9497E+38  2.7892E+31  8.9497E+38  1.0458E+33
  7.4990E-01  1.9123E+39  3.4599E+32  1.9123E+39  7.5381E+33
  7.9430E-01  4.0259E+39  3.7924E+33  4.0258E+39  5.0029E+34
  8.4140E-01  8.4060E+39  3.7418E+34  8.4057E+39  3.0999E+35
  8.9130E-01  1.7785E+40  3.5624E+35  1.7782E+40  1.9143E+36
  9.4410E-01  3.6864E+40  2.9865E+36  3.6851E+40  1.0765E+37
  1.0000E+00  7.2796E+40  2.0867E+37  7.2723E+40  5.2130E+37
  1.0590E+00  1.3816E+41  1.2417E+38  1.3782E+41  2.2177E+38
  1.1220E+00  2.5407E+41  6.5246E+38  2.5256E+41  8.5296E+38
  1.1890E+00  4.5461E+41  3.0802E+39  4.4852E+41  3.0134E+39
  1.2590E+00  8.0179E+41  1.3349E+40  7.7842E+41  1.0025E+40
  1.3340E+00  1.4028E+42  5.0991E+40  1.3219E+42  2.9985E+40
  1.4130E+00  2.4312E+42  1.6707E+41  2.1852E+42  7.8877E+40
  1.4960E+00  4.2068E+42  4.8259E+41  3.5372E+42  1.8698E+41
  1.5850E+00  7.3062E+42  1.2646E+42  5.6335E+42  4.0806E+41
  1.6790E+00  1.2674E+43  3.0437E+42  8.7970E+42  8.3287E+41
  1.7780E+00  2.1671E+43  6.7519E+42  1.3323E+43  1.5955E+42
  1.8840E+00  3.6046E+43  1.3827E+43  1.9359E+43  2.8603E+42
  1.9950E+00  5.7580E+43  2.6092E+43  2.6684E+43  4.8042E+42
  2.1130E+00  8.7740E+43  4.5474E+43  3.4712E+43  7.5538E+42
  2.2390E+00  1.2709E+44  7.3423E+43  4.2519E+43  1.1148E+43
  2.3710E+00  1.7475E+44  1.1023E+44  4.9009E+43  1.5517E+43
  2.5120E+00  2.2882E+44  1.5497E+44  5.3413E+43  2.0440E+43
  2.6610E+00  2.8629E+44  2.0534E+44  5.5282E+43  2.5674E+43
  2.8180E+00  3.4387E+44  2.5828E+44  5.4624E+43  3.0965E+43
  2.9850E+00  3.9823E+44  3.1042E+44  5.1797E+43  3.6013E+43
  3.1620E+00  4.4657E+44  3.5855E+44  4.7370E+43  4.0646E+43
  3.3500E+00  4.8601E+44  3.9959E+44  4.1881E+43  4.4538E+43
  3.5480E+00  5.1625E+44  4.3237E+44  3.6031E+43  4.7850E+43
  3.7580E+00  5.3609E+44  4.5549E+44  3.0203E+43  5.0393E+43
  3.9810E+00  5.4544E+44  4.6854E+44  2.4731E+43  5.2170E+43
  4.2170E+00  5.4505E+44  4.7197E+44  1.9835E+43  5.3242E+43
  4.4670E+00  5.3597E+44  4.6670E+44  1.5612E+43  5.3668E+43
  4.7320E+00  5.1915E+44  4.5363E+44  1.2062E+43  5.3461E+43
  5.0120E+00  4.9629E+44  4.3429E+44  9.1699E+42  5.2828E+43
  5.3090E+00  4.6681E+44  4.0993E+44  6.8404E+42  5.0043E+43
  5.6230E+00  4.3385E+44  3.8219E+44  5.0228E+42  4.6633E+43
  5.9570E+00  3.9895E+44  3.5256E+44  3.6353E+42  4.2753E+43
  6.3100E+00  3.6291E+44  3.2154E+44  2.5934E+42  3.8778E+43
  6.6830E+00  3.2999E+44  2.9342E+44  1.8396E+42  3.4728E+43
  7.0790E+00  2.9748E+44  2.6537E+44  1.2840E+42  3.0826E+43
  7.4990E+00  2.6404E+44  2.3711E+44  8.6567E+41  2.6065E+43
  7.9430E+00  2.2103E+44  2.0256E+44  5.3572E+41  1.7928E+43
  8.4140E+00  1.6445E+44  1.5468E+44  3.0513E+41  9.4694E+42
  8.9130E+00  1.1872E+44  1.1362E+44  1.8161E+41  4.9158E+42
  9.4410E+00  8.6403E+43  8.3701E+43  1.2187E+41  2.5792E+42
  1.0000E+01  9.1776E+43  8.8973E+43  1.1194E+41  2.6908E+42
  1.0590E+01  1.0030E+44  9.7110E+43  1.0411E+41  3.0877E+42
  1.1220E+01  1.0758E+44  1.0384E+44  8.9503E+40  3.6508E+42
  1.1890E+01  1.0656E+44  1.0258E+44  7.0751E+40  3.9099E+42
  1.2590E+01  1.0127E+44  9.7220E+43  5.2318E+40  3.9937E+42
  1.3340E+01  9.2623E+43  8.8743E+43  3.6404E+40  3.8437E+42
  1.4130E+01  8.3719E+43  8.0267E+43  2.4252E+40  3.4276E+42
  1.4960E+01  7.7804E+43  7.5081E+43  1.6681E+40  2.7070E+42
  1.5850E+01  7.3209E+43  7.1144E+43  1.2007E+40  2.0533E+42
  1.6790E+01  6.9244E+43  6.7696E+43  8.9987E+39  1.5398E+42
  1.7780E+01  6.5415E+43  6.4222E+43  6.9732E+39  1.1855E+42
  1.8840E+01  6.1276E+43  6.0304E+43  5.4495E+39  9.6621E+41
  1.9950E+01  5.6547E+43  5.5704E+43  4.1430E+39  8.3839E+41
  2.1130E+01  5.1595E+43  5.0861E+43  3.0282E+39  7.3088E+41
  2.2390E+01  4.6781E+43  4.6152E+43  2.1869E+39  6.2698E+41
  2.3710E+01  4.2206E+43  4.1671E+43  1.5631E+39  5.3371E+41
  2.5120E+01  3.7779E+43  3.7328E+43  1.1102E+39  4.4962E+41
  2.6610E+01  3.3530E+43  3.3153E+43  7.8008E+38  3.7690E+41
  2.8180E+01  2.9497E+43  2.9182E+43  5.4482E+38  3.1459E+41
  2.9850E+01  2.5651E+43  2.5389E+43  3.7712E+38  2.6129E+41
  3.1620E+01  2.2020E+43  2.1803E+43  2.5793E+38  2.1644E+41
  3.3500E+01  1.8642E+43  1.8463E+43  1.7425E+38  1.7877E+41
  3.5480E+01  1.5578E+43  1.5431E+43  1.1638E+38  1.4751E+41
  3.7580E+01  1.2830E+43  1.2708E+43  7.6694E+37  1.2152E+41
  3.9810E+01  1.0399E+43  1.0299E+43  4.9832E+37  1.0002E+41
  4.2170E+01  8.3146E+42  8.2323E+42  3.1942E+37  8.2243E+40
  4.4670E+01  6.5639E+42  6.4963E+42  2.0192E+37  6.7519E+40
  4.7320E+01  5.1236E+42  5.0682E+42  1.2609E+37  5.5318E+40
  5.0120E+01  3.9602E+42  3.9150E+42  7.7901E+36  4.5257E+40
  5.3090E+01  3.0320E+42  2.9951E+42  4.7634E+36  3.6939E+40
  5.6230E+01  2.3038E+42  2.2737E+42  2.8878E+36  3.0098E+40
  5.9570E+01  1.7365E+42  1.7120E+42  1.7353E+36  2.4453E+40
  6.3100E+01  1.3015E+42  1.2817E+42  1.0362E+36  1.9838E+40
  6.6830E+01  9.7078E+41  9.5471E+41  6.1541E+35  1.6072E+40
  7.0790E+01  7.2070E+41  7.0771E+41  3.6359E+35  1.2991E+40
  7.4990E+01  5.3277E+41  5.2229E+41  2.1383E+35  1.0482E+40
  7.9430E+01  3.9269E+41  3.8424E+41  1.2537E+35  8.4484E+39
  8.4140E+01  2.8858E+41  2.8178E+41  7.3262E+34  6.7982E+39
  8.9130E+01  2.1170E+41  2.0624E+41  4.2733E+34  5.4631E+39
  9.4410E+01  1.5504E+41  1.5066E+41  2.4886E+34  4.3867E+39
  1.0000E+02  1.1337E+41  1.0985E+41  1.4470E+34  3.5194E+39
  1.0590E+02  8.2894E+40  8.0071E+40  8.4147E+33  2.8231E+39
  1.1220E+02  6.0549E+40  5.8290E+40  4.8870E+33  2.2586E+39
  1.1890E+02  4.4292E+40  4.2488E+40  2.8429E+33  1.8041E+39
  1.2590E+02  3.2623E+40  3.1178E+40  1.6655E+33  1.4445E+39
  1.3340E+02  2.4106E+40  2.2953E+40  9.8030E+32  1.1528E+39
  1.4130E+02  1.7700E+40  1.6779E+40  5.7574E+32  9.2092E+38
  1.4960E+02  1.2759E+40  1.2022E+40  3.3204E+32  7.3692E+38
  1.5850E+02  9.1389E+39  8.5511E+39  1.8991E+32  5.8778E+38
  1.7780E+02  4.7470E+39  4.3726E+39  6.2863E+31  3.7443E+38
  1.9950E+02  2.4823E+39  2.2443E+39  2.0996E+31  2.3794E+38
  2.2390E+02  1.3023E+39  1.1514E+39  7.0590E+30  1.5091E+38
  2.5120E+02  6.8640E+38  5.9066E+38  2.3921E+30  9.5747E+37
  2.8180E+02  3.6333E+38  3.0261E+38  8.1701E+29  6.0727E+37
  3.1620E+02  1.9312E+38  1.5466E+38  2.8117E+29  3.8458E+37
  3.5480E+02  1.0328E+38  7.8941E+37  9.7659E+28  2.4341E+37
  3.9810E+02  5.5638E+37  4.0236E+37  3.4279E+28  1.5402E+37
  4.4670E+02  3.0219E+37  2.0479E+37  1.2162E+28  9.7401E+36
  5.0120E+02  1.6573E+37  1.0414E+37  4.3654E+27  6.1593E+36
  5.6230E+02  9.1870E+36  5.2917E+36  1.5849E+27  3.8952E+36
  6.3100E+02  5.1442E+36  2.6838E+36  5.8144E+26  2.4604E+36
  7.0790E+02  2.9168E+36  1.3613E+36  2.1584E+26  1.5555E+36
  7.9430E+02  1.6720E+36  6.8942E+35  8.0860E+25  9.8260E+35
  8.9130E+02  9.6919E+35  3.4874E+35  3.0562E+25  6.2044E+35
  1.0000E+03  5.6834E+35  1.7637E+35  1.1655E+25  3.9197E+35
