  1.0000E-03  2.1562E+42  0.0000E+00  2.1529E+42  3.2579E+39
  1.1220E-03  1.2353E+42  0.0000E+00  1.2351E+42  1.5473E+38
  1.2590E-03  6.5977E+41  0.0000E+00  6.5977E+41  6.0195E+36
  1.4130E-03  3.3400E+41  0.0000E+00  3.3400E+41  2.0216E+35
  1.5850E-03  1.9060E+41  0.0000E+00  1.9060E+41  1.1504E+34
  1.7780E-03  2.1161E+41  0.0000E+00  2.1161E+41  4.6357E+33
  1.9950E-03  8.0066E+40  0.0000E+00  8.0066E+40  1.5022E+31
  2.2390E-03  3.4740E+40  0.0000E+00  3.4740E+40  1.9240E+29
  2.5120E-03  4.2712E+40  0.0000E+00  4.2712E+40  3.0167E+28
  2.8180E-03  1.4230E+40  0.0000E+00  1.4230E+40  8.1602E+24
  3.1620E-03  5.3491E+39  0.0000E+00  5.3491E+39  5.1913E+21
  3.5480E-03  2.1224E+39  0.0000E+00  2.1224E+39  5.1111E+18
  3.9810E-03  8.9945E+38  0.0000E+00  8.9945E+38  9.6155E+15
  4.4670E-03  7.5764E+40  0.0000E+00  7.5764E+40  1.1105E+27
  5.0120E-03  2.8455E+40  0.0000E+00  2.8455E+40  1.5710E+23
  5.6230E-03  1.1055E+40  0.0000E+00  1.1055E+40  2.4011E+19
  5.9570E-03  7.0199E+39  0.0000E+00  7.0199E+39  3.6058E+17
  6.6830E-03  3.0938E+39  0.0000E+00  3.0938E+39  2.0063E+14
  7.4990E-03  1.6591E+39  0.0000E+00  1.6591E+39  5.3834E+11
  8.4140E-03  7.6749E+38  0.0000E+00  7.6749E+38  4.7035E+08
  9.4410E-03  3.9967E+38  0.0000E+00  3.9967E+38  1.6564E+06
  1.0590E-02  2.6250E+38  0.0000E+00  2.6250E+38  1.2544E+05
  1.1890E-02  1.5325E+38  0.0000E+00  1.5325E+38  2.1147E+02
  1.3340E-02  8.7886E+37  0.0000E+00  8.7886E+37  1.7734E+00
  1.4960E-02  4.6366E+37  0.0000E+00  4.6366E+37  4.1030E-03
  1.6790E-02  2.4967E+37  0.0000E+00  2.4967E+37  1.6489E-05
  1.8840E-02  1.4103E+37  0.0000E+00  1.4103E+37  1.3501E-07
  2.1130E-02  8.0870E+36  0.0000E+00  8.0870E+36  5.9396E-10
  2.3710E-02  4.4046E+36  0.0000E+00  4.4046E+36  2.0906E-12
  2.6610E-02  2.2463E+36  0.0000E+00  2.2463E+36  4.3701E-15
  2.9850E-02  1.1432E+36  0.0000E+00  1.1432E+36  1.0059E-17
  3.3500E-02  5.6888E+35  0.0000E+00  5.6888E+35  2.0896E-20
  3.7580E-02  4.8437E+35  0.0000E+00  4.8437E+35  4.3759E-21
  4.2170E-02  3.4388E+35  0.0000E+00  3.4388E+35  8.4222E-24
  4.7320E-02  7.0758E+34  0.0000E+00  7.0758E+34  3.0322E-30
  5.3090E-02  9.8474E+33  0.0000E+00  9.8474E+33  5.4219E-38
  6.6830E-02  4.6037E+30  0.0000E+00  4.6037E+30  1.0789E-68
  7.4990E-02  3.0593E+28  0.0000E+00  3.0593E+28  2.8091E-88
  8.4140E-02  9.1814E+28  0.0000E+00  9.1814E+28  1.9415E-83
  9.4410E-02  2.1872E+29  0.0000E+00  2.1872E+29  4.3882E-80
  1.0590E-01  7.6263E+30  1.1012E-78  7.6263E+30  1.8291E-66
  1.1890E-01  3.3345E+32  3.2018E-62  3.3345E+32  4.9380E-51
  1.3340E-01  5.3328E+33  8.0140E-50  5.3328E+33  7.1961E-40
  1.4960E-01  2.5690E+34  6.8656E-41  2.5690E+34  1.0449E-32
  1.5850E-01  3.3430E+34  2.5123E-38  3.3430E+34  2.0389E-31
  1.7780E-01  1.9133E+34  2.6541E-37  1.9133E+34  1.1763E-33
  1.9950E-01  4.9869E+32  3.1874E-45  4.9869E+32  1.1260E-46
  2.2390E-01  5.4623E+31  2.6748E-49  5.4623E+31  1.4168E-54
  2.3710E-01  7.4258E+32  1.1731E-40  7.4258E+32  6.0664E-45
  2.5120E-01  9.9253E+33  9.7320E-32  9.9253E+33  6.7030E-35
  2.6610E-01  5.2643E+34  1.8702E-25  5.2643E+34  4.2307E-28
  2.8180E-01  1.6368E+35  9.9182E-21  1.6368E+35  3.4448E-23
  2.9850E-01  3.9224E+35  6.9651E-17  3.9224E+35  2.5706E-19
  3.1620E-01  8.6623E+35  2.0896E-13  8.6623E+35  7.6128E-16
  3.3500E-01  1.7883E+36  3.3539E-10  1.7883E+36  1.1586E-12
  3.5480E-01  3.3848E+36  2.6488E-07  3.3848E+36  8.1719E-10
  3.7580E-01  6.3144E+36  1.7888E-04  6.3144E+36  5.1932E-07
  3.9810E-01  1.1208E+37  6.9698E-02  1.1208E+37  1.8553E-04
  4.2170E-01  2.0854E+37  3.6046E+01  2.0854E+37  1.0351E-01
  4.4670E-01  3.8443E+37  1.4222E+04  3.8443E+37  4.5417E+01
  4.7320E-01  6.9708E+37  4.6680E+06  6.9708E+37  1.7099E+04
  5.0120E-01  1.2313E+38  1.2112E+09  1.2313E+38  5.1762E+06
  5.3090E-01  2.1752E+38  3.0597E+11  2.1752E+38  1.6136E+09
  5.6230E-01  3.6805E+38  4.9515E+13  3.6805E+38  3.1158E+11
  5.9570E-01  6.0552E+38  6.0301E+15  6.0552E+38  4.4969E+13
  6.3100E-01  9.8494E+38  6.3443E+17  9.8494E+38  5.7564E+15
  6.6830E-01  1.5812E+39  5.7365E+19  1.5812E+39  6.4768E+17
  7.0790E-01  2.5147E+39  4.2642E+21  2.5147E+39  6.0435E+19
  7.4990E-01  3.9007E+39  2.3380E+23  3.9007E+39  4.0895E+21
  7.9430E-01  6.0005E+39  1.0659E+25  6.0005E+39  2.3216E+23
  8.4140E-01  9.2256E+39  4.1654E+26  9.2256E+39  1.1404E+25
  8.9130E-01  1.4492E+40  1.5624E+28  1.4492E+40  5.5515E+26
  9.4410E-01  2.2881E+40  4.8349E+29  2.2881E+40  2.2213E+28
  1.0000E+00  3.5750E+40  1.1249E+31  3.5750E+40  6.5048E+29
  1.0590E+00  5.5615E+40  2.0346E+32  5.5615E+40  1.4507E+31
  1.1220E+00  8.6414E+40  3.0292E+33  8.6414E+40  2.6180E+32
  1.1890E+00  1.3383E+41  3.8197E+34  1.3383E+41  3.9525E+33
  1.2590E+00  2.0669E+41  4.2331E+35  2.0669E+41  5.2493E+34
  1.3340E+00  3.1244E+41  3.8559E+36  3.1244E+41  5.5907E+35
  1.4130E+00  4.5516E+41  2.7636E+37  4.5513E+41  4.5568E+36
  1.4960E+00  6.4000E+41  1.6286E+38  6.3980E+41  2.9894E+37
  1.5850E+00  8.7185E+41  8.2623E+38  8.7086E+41  1.6529E+38
  1.6790E+00  1.1523E+42  3.6862E+39  1.1478E+42  7.9483E+38
  1.7780E+00  1.4769E+42  1.4546E+40  1.4590E+42  3.3482E+39
  1.8840E+00  1.8453E+42  5.0847E+40  1.7822E+42  1.2301E+40
  1.9950E+00  2.2808E+42  1.5682E+41  2.0845E+42  3.9435E+40
  2.1130E+00  2.8708E+42  4.2781E+41  2.3327E+42  1.1030E+41
  2.2390E+00  3.8054E+42  1.0364E+42  2.4982E+42  2.7072E+41
  2.3710E+00  5.3904E+42  2.2389E+42  2.5634E+42  5.8814E+41
  2.5120E+00  8.0300E+42  4.3587E+42  2.5304E+42  1.1408E+42
  2.6610E+00  1.2140E+43  7.7240E+42  2.4110E+42  2.0048E+42
  2.8180E+00  1.8065E+43  1.2602E+43  2.2253E+42  3.2376E+42
  2.9850E+00  2.5980E+43  1.9131E+43  1.9974E+42  4.8516E+42
  3.1620E+00  3.5885E+43  2.7302E+43  1.7496E+42  6.8335E+42
  3.3500E+00  4.7348E+43  3.6793E+43  1.4992E+42  9.0556E+42
  3.5480E+00  6.0202E+43  4.7426E+43  1.2612E+42  1.1515E+43
  3.7580E+00  7.3793E+43  5.8696E+43  1.0431E+42  1.4053E+43
  3.9810E+00  8.7534E+43  7.0126E+43  8.4990E+41  1.6558E+43
  4.2170E+00  1.0089E+44  8.1266E+43  6.8341E+41  1.8938E+43
  4.4670E+00  1.1340E+44  9.1740E+43  5.4308E+41  2.1115E+43
  4.7320E+00  1.2449E+44  1.0109E+44  4.2659E+41  2.2972E+43
  5.0120E+00  1.3390E+44  1.0905E+44  3.3188E+41  2.4515E+43
  5.3090E+00  1.4045E+44  1.1537E+44  2.5407E+41  2.4826E+43
  5.6230E+00  1.4460E+44  1.1992E+44  1.9242E+41  2.4494E+43
  5.9570E+00  1.4641E+44  1.2271E+44  1.4432E+41  2.3559E+43
  6.3100E+00  1.4621E+44  1.2379E+44  1.0701E+41  2.2313E+43
  6.6830E+00  1.4513E+44  1.2434E+44  7.9123E+40  2.0719E+43
  7.0790E+00  1.4256E+44  1.2349E+44  5.7682E+40  1.9012E+43
  7.4990E+00  1.3219E+44  1.1631E+44  4.0844E+40  1.5842E+43
  7.9430E+00  9.5124E+43  8.6526E+43  2.6992E+40  8.5720E+42
  8.4140E+00  5.0053E+43  4.7370E+43  1.7012E+40  2.6666E+42
  8.9130E+00  2.7552E+43  2.6737E+43  1.1244E+40  8.0367E+41
  9.4410E+00  1.7042E+43  1.6785E+43  8.2896E+39  2.4884E+41
  1.0000E+01  2.1549E+43  2.1210E+43  7.4196E+39  3.3159E+41
  1.0590E+01  2.9563E+43  2.9014E+43  6.7039E+39  5.4226E+41
  1.1220E+01  4.1535E+43  4.0579E+43  5.6814E+39  9.4999E+41
  1.1890E+01  5.1820E+43  5.0460E+43  4.5484E+39  1.3552E+42
  1.2590E+01  6.1070E+43  5.9317E+43  3.4821E+39  1.7496E+42
  1.3340E+01  6.7121E+43  6.5116E+43  2.5472E+39  2.0020E+42
  1.4130E+01  6.8617E+43  6.6663E+43  1.7879E+39  1.9523E+42
  1.4960E+01  6.4773E+43  6.3298E+43  1.2748E+39  1.4734E+42
  1.5850E+01  6.0551E+43  5.9524E+43  9.5022E+38  1.0261E+42
  1.6790E+01  5.7029E+43  5.6330E+43  7.3932E+38  6.9863E+41
  1.7780E+01  5.4922E+43  5.4418E+43  5.9690E+38  5.0330E+41
  1.8840E+01  5.4318E+43  5.3906E+43  4.8771E+38  4.1092E+41
  1.9950E+01  5.4473E+43  5.4090E+43  3.8854E+38  3.8274E+41
  2.1130E+01  5.4003E+43  5.3642E+43  2.9764E+38  3.6095E+41
  2.2390E+01  5.2594E+43  5.2264E+43  2.2479E+38  3.3012E+41
  2.3710E+01  5.0473E+43  5.0176E+43  1.6748E+38  2.9669E+41
  2.5120E+01  4.7651E+43  4.7389E+43  1.2356E+38  2.6170E+41
  2.6610E+01  4.4314E+43  4.4086E+43  8.9869E+37  2.2858E+41
  2.8180E+01  4.0590E+43  4.0392E+43  6.4717E+37  1.9782E+41
  2.9850E+01  3.6568E+43  3.6399E+43  4.6028E+37  1.6976E+41
  3.1620E+01  3.2403E+43  3.2258E+43  3.2245E+37  1.4502E+41
  3.3500E+01  2.8224E+43  2.8101E+43  2.2247E+37  1.2332E+41
  3.5480E+01  2.4195E+43  2.4090E+43  1.5131E+37  1.0457E+41
  3.7580E+01  2.0403E+43  2.0315E+43  1.0132E+37  8.8475E+40
  3.9810E+01  1.6919E+43  1.6844E+43  6.6792E+36  7.4813E+40
  4.2170E+01  1.3821E+43  1.3758E+43  4.3368E+36  6.3150E+40
  4.4670E+01  1.1133E+43  1.1080E+43  2.7732E+36  5.3169E+40
  4.7320E+01  8.8547E+42  8.8101E+42  1.7497E+36  4.4608E+40
  5.0120E+01  6.9635E+42  6.9262E+42  1.0908E+36  3.7313E+40
  5.3090E+01  5.4164E+42  5.3853E+42  6.7238E+35  3.1085E+40
  5.6230E+01  4.1751E+42  4.1493E+42  4.1053E+35  2.5807E+40
  5.9570E+01  3.1880E+42  3.1667E+42  2.4822E+35  2.1326E+40
  6.3100E+01  2.4173E+42  2.3998E+42  1.4901E+35  1.7568E+40
  6.6830E+01  1.8216E+42  1.8072E+42  8.8903E+34  1.4430E+40
  7.0790E+01  1.3646E+42  1.3528E+42  5.2725E+34  1.1808E+40
  7.4990E+01  1.0168E+42  1.0072E+42  3.1105E+34  9.6318E+39
  7.9430E+01  7.5460E+41  7.4676E+41  1.8282E+34  7.8387E+39
  8.4140E+01  5.5780E+41  5.5144E+41  1.0702E+34  6.3619E+39
  8.9130E+01  4.1121E+41  4.0606E+41  6.2498E+33  5.1512E+39
  9.4410E+01  3.0241E+41  2.9824E+41  3.6417E+33  4.1639E+39
  1.0000E+02  2.2188E+41  2.1852E+41  2.1173E+33  3.3604E+39
  1.0590E+02  1.6266E+41  1.5995E+41  1.2306E+33  2.7095E+39
  1.1220E+02  1.1905E+41  1.1687E+41  7.1390E+32  2.1776E+39
  1.1890E+02  8.7215E+40  8.5469E+40  4.1467E+32  1.7463E+39
  1.2590E+02  6.4301E+40  6.2898E+40  2.4252E+32  1.4029E+39
  1.3340E+02  4.7544E+40  4.6421E+40  1.4248E+32  1.1228E+39
  1.4130E+02  3.4912E+40  3.4012E+40  8.3437E+31  8.9941E+38
  1.4960E+02  2.5142E+40  2.4421E+40  4.7869E+31  7.2169E+38
  1.5850E+02  1.7981E+40  1.7403E+40  2.7205E+31  5.7707E+38
  1.7780E+02  9.2959E+39  8.9269E+39  8.8764E+30  3.6908E+38
  1.9950E+02  4.8283E+39  4.5930E+39  2.9136E+30  2.3525E+38
  2.2390E+02  2.5103E+39  2.3607E+39  9.5916E+29  1.4956E+38
  2.5120E+02  1.3079E+39  1.2129E+39  3.1697E+29  9.5068E+37
  2.8180E+02  6.8250E+38  6.2211E+38  1.0511E+29  6.0385E+37
  3.1620E+02  3.5655E+38  3.1826E+38  3.4963E+28  3.8286E+37
  3.5480E+02  1.8682E+38  1.6256E+38  1.1685E+28  2.4255E+37
  3.9810E+02  9.8263E+37  8.2905E+37  3.9303E+27  1.5358E+37
  4.4670E+02  5.1935E+37  4.2216E+37  1.3313E+27  9.7181E+36
  5.0120E+02  2.7623E+37  2.1475E+37  4.5489E+26  6.1483E+36
  5.6230E+02  1.4805E+37  1.0916E+37  1.5693E+26  3.8897E+36
  6.3100E+02  7.9950E+36  5.5374E+36  5.4662E+25  2.4576E+36
  7.0790E+02  4.3634E+36  2.8093E+36  1.9274E+25  1.5541E+36
  7.9430E+02  2.4048E+36  1.4229E+36  6.8703E+24  9.8189E+35
  8.9130E+02  1.3400E+36  7.1989E+35  2.4772E+24  6.2009E+35
  1.0000E+03  7.5589E+35  3.6410E+35  9.0428E+23  3.9179E+35
