  1.0000E-03  9.2629E+44  2.8084E-01  4.9670E+43  8.7662E+44
  1.1220E-03  1.0134E+45  1.5905E-01  2.9800E+43  9.8357E+44
  1.2590E-03  1.1210E+45  9.2469E-02  1.7288E+43  1.1037E+45
  1.4130E-03  1.2485E+45  5.6987E-02  9.8554E+42  1.2387E+45
  1.5850E-03  1.3958E+45  4.1418E-02  6.3645E+42  1.3894E+45
  1.7780E-03  1.5662E+45  4.2350E-02  7.5596E+42  1.5586E+45
  1.9950E-03  1.7525E+45  2.5293E-02  3.6875E+42  1.7488E+45
  2.2390E-03  1.9647E+45  1.9136E-02  2.0031E+42  1.9627E+45
  2.5120E-03  2.2046E+45  1.9513E-02  2.5661E+42  2.2020E+45
  2.8180E-03  2.4714E+45  1.2805E-02  1.1655E+42  2.4702E+45
  3.1620E-03  2.7725E+45  9.5399E-03  6.3540E+41  2.7718E+45
  3.5480E-03  3.1107E+45  7.5795E-03  4.0654E+41  3.1103E+45
  3.9810E-03  3.4901E+45  6.3757E-03  3.0241E+41  3.4898E+45
  4.4670E-03  3.9234E+45  2.7197E-02  7.5363E+42  3.9158E+45
  5.0120E-03  4.3962E+45  1.8159E-02  2.6289E+42  4.3936E+45
  5.6230E-03  4.9306E+45  1.3125E-02  1.3744E+42  4.9292E+45
  5.9570E-03  5.2231E+45  1.1469E-02  1.0905E+42  5.2220E+45
  6.6830E-03  5.8593E+45  9.3270E-03  7.9918E+41  5.8585E+45
  7.4990E-03  6.5745E+45  8.2770E-03  6.9147E+41  6.5738E+45
  8.4140E-03  7.3765E+45  7.1471E-03  6.1782E+41  7.3758E+45
  9.4410E-03  8.2767E+45  6.5821E-03  5.9183E+41  8.2761E+45
  1.0590E-02  9.2839E+45  6.7467E-03  5.8914E+41  9.2833E+45
  1.1890E-02  1.0424E+46  6.2249E-03  6.2485E+41  1.0423E+46
  1.3340E-02  1.1695E+46  6.0572E-03  6.4520E+41  1.1694E+46
  1.4960E-02  1.3115E+46  5.7423E-03  6.7673E+41  1.3114E+46
  1.6790E-02  1.4719E+46  5.5845E-03  7.1154E+41  1.4718E+46
  1.8840E-02  1.6516E+46  5.5720E-03  7.4998E+41  1.6515E+46
  2.1130E-02  1.8524E+46  5.5251E-03  8.0777E+41  1.8524E+46
  2.3710E-02  2.0785E+46  5.4973E-03  8.6498E+41  2.0785E+46
  2.6610E-02  2.3327E+46  5.4604E-03  9.2337E+41  2.3326E+46
  2.9850E-02  2.6167E+46  5.4802E-03  9.8487E+41  2.6166E+46
  3.3500E-02  2.9368E+46  5.5375E-03  1.0486E+42  2.9367E+46
  3.7580E-02  3.2943E+46  6.0403E-03  1.1384E+42  3.2942E+46
  4.2170E-02  3.6968E+46  6.1652E-03  1.3309E+42  3.6967E+46
  4.7320E-02  4.1483E+46  5.6568E-03  1.4060E+42  4.1482E+46
  5.3090E-02  4.3214E+46  4.7925E-03  1.3601E+42  4.3212E+46
  6.6830E-02  4.1269E+46  2.4160E-03  9.5349E+41  4.1268E+46
  7.4990E-02  4.0329E+46  1.6762E-03  7.1666E+41  4.0328E+46
  8.4140E-02  3.9411E+46  1.7750E-03  7.2400E+41  3.9410E+46
  9.4410E-02  3.8513E+46  1.8327E-03  7.3837E+41  3.8513E+46
  1.0590E-01  3.5056E+46  2.1159E-03  8.1067E+41  3.5055E+46
  1.1890E-01  2.9468E+46  4.1094E-01  7.8847E+41  2.9467E+46
  1.3340E-01  2.4796E+46  1.1151E+05  7.3684E+41  2.4795E+46
  1.4960E-01  2.0879E+46  6.5072E+09  6.3020E+41  2.0878E+46
  1.5850E-01  1.9146E+46  8.5863E+11  5.8627E+41  1.9145E+46
  1.7780E-01  1.6115E+46  3.8721E+15  5.2485E+41  1.6114E+46
  1.9950E-01  1.3558E+46  5.3247E+18  4.0234E+41  1.3558E+46
  2.2390E-01  1.1404E+46  4.9759E+21  3.2583E+41  1.1403E+46
  2.3710E-01  1.0465E+46  1.3205E+23  3.4921E+41  1.0464E+46
  2.5120E-01  9.5962E+45  2.9807E+24  3.6234E+41  9.5958E+45
  2.6610E-01  8.8016E+45  5.4711E+25  3.5551E+41  8.8012E+45
  2.8180E-01  8.0764E+45  8.2267E+26  3.3901E+41  8.0761E+45
  2.9850E-01  7.4082E+45  1.0484E+28  3.2042E+41  7.4079E+45
  3.1620E-01  6.7950E+45  1.1319E+29  3.0340E+41  6.7947E+45
  3.3500E-01  6.2311E+45  1.0554E+30  2.8721E+41  6.2308E+45
  3.5480E-01  5.7167E+45  8.4634E+30  2.7138E+41  5.7165E+45
  3.7580E-01  5.2444E+45  5.9930E+31  2.5695E+41  5.2442E+45
  3.9810E-01  4.8100E+45  3.7417E+32  2.4397E+41  4.8097E+45
  4.2170E-01  4.4119E+45  2.0706E+33  2.3353E+41  4.4116E+45
  4.4670E-01  4.0468E+45  1.0219E+34  2.2596E+41  4.0466E+45
  4.7320E-01  3.7117E+45  4.5685E+34  2.2098E+41  3.7115E+45
  5.0120E-01  3.4050E+45  1.8544E+35  2.1911E+41  3.4048E+45
  5.3090E-01  3.1234E+45  6.9189E+35  2.2241E+41  3.1232E+45
  5.6230E-01  2.8654E+45  2.3620E+36  2.3148E+41  2.8651E+45
  5.9570E-01  2.6278E+45  7.4770E+36  2.4832E+41  2.6276E+45
  6.3100E-01  2.4106E+45  2.1925E+37  2.7693E+41  2.4103E+45
  6.6830E-01  2.2117E+45  5.9792E+37  3.2181E+41  2.2114E+45
  7.0790E-01  2.0288E+45  1.5287E+38  3.8978E+41  2.0284E+45
  7.4990E-01  1.8610E+45  3.6692E+38  4.8407E+41  1.8605E+45
  7.9430E-01  1.7072E+45  8.3000E+38  6.1556E+41  1.7066E+45
  8.4140E-01  1.5661E+45  1.7842E+39  7.9775E+41  1.5653E+45
  8.9130E-01  1.4368E+45  3.6768E+39  1.0594E+42  1.4357E+45
  9.4410E-01  1.3184E+45  7.2808E+39  1.4120E+42  1.3170E+45
  1.0000E+00  1.2100E+45  1.3938E+40  1.8529E+42  1.2081E+45
  1.0590E+00  1.1110E+45  2.6068E+40  2.3965E+42  1.1086E+45
  1.1220E+00  1.0196E+45  4.8641E+40  3.0571E+42  1.0165E+45
  1.1890E+00  9.3577E+44  9.1586E+40  3.8473E+42  9.3183E+44
  1.2590E+00  8.6018E+44  1.7498E+41  4.8006E+42  8.5520E+44
  1.3340E+00  7.9034E+44  3.4010E+41  5.8954E+42  7.8411E+44
  1.4130E+00  7.2703E+44  6.5444E+41  7.1075E+42  7.1927E+44
  1.4960E+00  6.6994E+44  1.2375E+42  8.4485E+42  6.6026E+44
  1.5850E+00  6.1767E+44  2.3070E+42  9.9335E+42  6.0543E+44
  1.6790E+00  5.7110E+44  4.1950E+42  1.1604E+43  5.5530E+44
  1.7780E+00  5.3041E+44  7.3893E+42  1.3451E+43  5.0957E+44
  1.8840E+00  4.9520E+44  1.2593E+43  1.5420E+43  4.6719E+44
  1.9950E+00  4.6672E+44  2.0536E+43  1.7432E+43  4.2875E+44
  2.1130E+00  4.4473E+44  3.2028E+43  1.9372E+43  3.9333E+44
  2.2390E+00  4.2940E+44  4.7683E+43  2.1108E+43  3.6061E+44
  2.3710E+00  4.2092E+44  6.7531E+43  2.2473E+43  3.3092E+44
  2.5120E+00  4.1819E+44  9.1388E+43  2.3357E+43  3.0344E+44
  2.6610E+00  4.2029E+44  1.1830E+44  2.3672E+43  2.7832E+44
  2.8180E+00  4.2562E+44  1.4686E+44  2.3382E+43  2.5538E+44
  2.9850E+00  4.3239E+44  1.7561E+44  2.2515E+43  2.3426E+44
  3.1620E+00  4.3896E+44  2.0294E+44  2.1158E+43  2.1487E+44
  3.3500E+00  4.4381E+44  2.2740E+44  1.9377E+43  1.9704E+44
  3.5480E+00  4.4551E+44  2.4738E+44  1.7355E+43  1.8078E+44
  3.7580E+00  4.4336E+44  2.6233E+44  1.5196E+43  1.6583E+44
  3.9810E+00  4.3699E+44  2.7187E+44  1.3027E+43  1.5210E+44
  4.2170E+00  4.2628E+44  2.7582E+44  1.0947E+43  1.3951E+44
  4.4670E+00  4.1154E+44  2.7455E+44  9.0288E+42  1.2796E+44
  4.7320E+00  3.9358E+44  2.6890E+44  7.3117E+42  1.1737E+44
  5.0120E+00  3.7343E+44  2.5969E+44  5.8268E+42  1.0791E+44
  5.3090E+00  3.4824E+44  2.4768E+44  4.5374E+42  9.6024E+43
  5.6230E+00  3.2213E+44  2.3385E+44  3.4758E+42  8.4805E+43
  5.9570E+00  2.9595E+44  2.1901E+44  2.6226E+42  7.4316E+43
  6.3100E+00  2.6935E+44  2.0269E+44  1.9491E+42  6.4710E+43
  6.6830E+00  2.4459E+44  1.8715E+44  1.4328E+42  5.6014E+43
  7.0790E+00  2.2027E+44  1.7105E+44  1.0353E+42  4.8190E+43
  7.4990E+00  2.0406E+44  1.6210E+44  7.3129E+41  4.1229E+43
  7.9430E+00  2.1274E+44  1.7714E+44  4.8950E+41  3.5109E+43
  8.4140E+00  2.2213E+44  1.9208E+44  2.9498E+41  2.9752E+43
  8.9130E+00  2.0831E+44  1.8302E+44  1.8084E+41  2.5104E+43
  9.4410E+00  1.8525E+44  1.6402E+44  1.2440E+41  2.1101E+43
  1.0000E+01  1.6592E+44  1.4814E+44  1.0951E+41  1.7671E+43
  1.0590E+01  1.4739E+44  1.3254E+44  9.8611E+40  1.4758E+43
  1.1220E+01  1.2785E+44  1.1550E+44  8.3958E+40  1.2267E+43
  1.1890E+01  1.0874E+44  9.8513E+43  6.7145E+40  1.0159E+43
  1.2590E+01  9.1436E+43  8.2973E+43  5.0830E+40  8.4119E+42
  1.3340E+01  7.6610E+43  6.9642E+43  3.6441E+40  6.9319E+42
  1.4130E+01  6.6110E+43  6.0380E+43  2.4920E+40  5.7050E+42
  1.4960E+01  6.1787E+43  5.7078E+43  1.7253E+40  4.6919E+42
  1.5850E+01  5.9102E+43  5.5248E+43  1.2452E+40  3.8414E+42
  1.6790E+01  5.6929E+43  5.3779E+43  9.3884E+39  3.1409E+42
  1.7780E+01  5.4514E+43  5.1940E+43  7.4108E+39  2.5663E+42
  1.8840E+01  5.1478E+43  4.9384E+43  6.0184E+39  2.0888E+42
  1.9950E+01  4.7937E+43  4.6230E+43  4.8490E+39  1.7013E+42
  2.1130E+01  4.4725E+43  4.3339E+43  3.7921E+39  1.3827E+42
  2.2390E+01  4.2144E+43  4.1021E+43  2.9453E+39  1.1203E+42
  2.3710E+01  4.0044E+43  3.9133E+43  2.2732E+39  9.0864E+41
  2.5120E+01  3.8248E+43  3.7511E+43  1.7516E+39  7.3479E+41
  2.6610E+01  3.6612E+43  3.6017E+43  1.3405E+39  5.9383E+41
  2.8180E+01  3.5054E+43  3.4573E+43  1.0226E+39  4.7994E+41
  2.9850E+01  3.3465E+43  3.3077E+43  7.7570E+38  3.8717E+41
  3.1620E+01  3.1759E+43  3.1446E+43  5.8295E+38  3.1199E+41
  3.3500E+01  2.9911E+43  2.9659E+43  4.3379E+38  2.5106E+41
  3.5480E+01  2.7929E+43  2.7727E+43  3.1953E+38  2.0210E+41
  3.7580E+01  2.5802E+43  2.5639E+43  2.3258E+38  1.6253E+41
  3.9810E+01  2.3516E+43  2.3385E+43  1.6705E+38  1.3054E+41
  4.2170E+01  2.1162E+43  2.1057E+43  1.1835E+38  1.0479E+41
  4.4670E+01  1.8805E+43  1.8721E+43  8.2640E+37  8.4074E+40
  4.7320E+01  1.6510E+43  1.6443E+43  5.6937E+37  6.7400E+40
  5.0120E+01  1.4324E+43  1.4270E+43  3.8730E+37  5.4034E+40
  5.3090E+01  1.2282E+43  1.2239E+43  2.6020E+37  4.3282E+40
  5.6230E+01  1.0417E+43  1.0383E+43  1.7284E+37  3.4667E+40
  5.9570E+01  8.7366E+42  8.7088E+42  1.1349E+37  2.7728E+40
  6.3100E+01  7.2556E+42  7.2334E+42  7.3800E+36  2.2180E+40
  6.6830E+01  5.9691E+42  5.9513E+42  4.7552E+36  1.7744E+40
  7.0790E+01  4.8675E+42  4.8533E+42  3.0375E+36  1.4183E+40
  7.4990E+01  3.9344E+42  3.9231E+42  1.9242E+36  1.1329E+40
  7.9430E+01  3.1557E+42  3.1467E+42  1.2104E+36  9.0505E+39
  8.4140E+01  2.5122E+42  2.5050E+42  7.5587E+35  7.2256E+39
  8.9130E+01  1.9872E+42  1.9815E+42  4.6936E+35  5.7665E+39
  9.4410E+01  1.5620E+42  1.5574E+42  2.8980E+35  4.6021E+39
  1.0000E+02  1.2203E+42  1.2167E+42  1.7795E+35  3.6722E+39
  1.0590E+02  9.4886E+41  9.4593E+41  1.0884E+35  2.9317E+39
  1.1220E+02  7.3424E+41  7.3191E+41  6.6254E+34  2.3358E+39
  1.1890E+02  5.6662E+41  5.6476E+41  4.0248E+34  1.8590E+39
  1.2590E+02  4.3795E+41  4.3647E+41  2.4513E+34  1.4838E+39
  1.3340E+02  3.3842E+41  3.3723E+41  1.4955E+34  1.1811E+39
  1.4130E+02  2.5901E+41  2.5807E+41  9.0720E+33  9.4117E+38
  1.4960E+02  1.9417E+41  1.9342E+41  5.3856E+33  7.5121E+38
  1.5850E+02  1.4428E+41  1.4368E+41  3.1612E+33  5.9781E+38
  1.7780E+02  7.9753E+40  7.9374E+40  1.0903E+33  3.7942E+38
  1.9950E+02  4.3804E+40  4.3564E+40  3.7430E+32  2.4043E+38
  2.2390E+02  2.3846E+40  2.3694E+40  1.2763E+32  1.5216E+38
  2.5120E+02  1.2887E+40  1.2790E+40  4.3271E+31  9.6376E+37
  2.8180E+02  6.9115E+39  6.8505E+39  1.4584E+31  6.1043E+37
  3.1620E+02  3.6792E+39  3.6406E+39  4.8854E+30  3.8617E+37
  3.5480E+02  1.9473E+39  1.9229E+39  1.6291E+30  2.4421E+37
  3.9810E+02  1.0254E+39  1.0100E+39  5.4136E+29  1.5442E+37
  4.4670E+02  5.3752E+38  5.2776E+38  1.7937E+29  9.7603E+36
  5.0120E+02  2.8081E+38  2.7464E+38  5.9333E+28  6.1695E+36
  5.6230E+02  1.4632E+38  1.4242E+38  1.9608E+28  3.9003E+36
  6.3100E+02  7.6003E+37  7.3540E+37  6.4744E+27  2.4629E+36
  7.0790E+02  3.9451E+37  3.7894E+37  2.1417E+27  1.5568E+36
  7.9430E+02  2.0442E+37  1.9459E+37  7.0913E+26  9.8325E+35
  8.9130E+02  1.0586E+37  9.9648E+36  2.3540E+26  6.2077E+35
  1.0000E+03  5.4864E+36  5.0943E+36  7.8507E+25  3.9214E+35
