  1.0000E-03  8.7678E+44  0.0000E+00  1.6547E+41  8.7662E+44
  1.1220E-03  9.8379E+44  0.0000E+00  2.1510E+41  9.8357E+44
  1.2590E-03  1.1039E+45  0.0000E+00  2.6530E+41  1.1037E+45
  1.4130E-03  1.2390E+45  0.0000E+00  3.1261E+41  1.2387E+45
  1.5850E-03  1.3898E+45  0.0000E+00  3.5414E+41  1.3894E+45
  1.7780E-03  1.5590E+45  0.0000E+00  4.2990E+41  1.5586E+45
  1.9950E-03  1.7493E+45  0.0000E+00  5.1718E+41  1.7488E+45
  2.2390E-03  1.9633E+45  0.0000E+00  5.4971E+41  1.9627E+45
  2.5120E-03  2.2027E+45  0.0000E+00  6.9191E+41  2.2020E+45
  2.8180E-03  2.4710E+45  0.0000E+00  8.1004E+41  2.4702E+45
  3.1620E-03  2.7727E+45  0.0000E+00  8.9329E+41  2.7718E+45
  3.5480E-03  3.1112E+45  0.0000E+00  9.5585E+41  3.1103E+45
  3.9810E-03  3.4908E+45  0.0000E+00  1.0003E+42  3.4898E+45
  4.4670E-03  3.9180E+45  0.0000E+00  2.2069E+42  3.9158E+45
  5.0120E-03  4.3962E+45  0.0000E+00  2.5786E+42  4.3936E+45
  5.6230E-03  4.9321E+45  0.0000E+00  2.8669E+42  4.9292E+45
  5.9570E-03  5.2250E+45  0.0000E+00  2.9836E+42  5.2220E+45
  6.6830E-03  5.8617E+45  0.0000E+00  3.1826E+42  5.8585E+45
  7.4990E-03  6.5772E+45  0.0000E+00  3.3583E+42  6.5738E+45
  8.4140E-03  7.3794E+45  0.0000E+00  3.5555E+42  7.3758E+45
  9.4410E-03  8.2798E+45  0.0000E+00  3.7039E+42  8.2761E+45
  1.0590E-02  9.2870E+45  0.0000E+00  3.7188E+42  9.2833E+45
  1.1890E-02  1.0427E+46  0.0000E+00  4.0540E+42  1.0423E+46
  1.3340E-02  1.1698E+46  0.0000E+00  4.2132E+42  1.1694E+46
  1.4960E-02  1.3118E+46  0.0000E+00  4.4416E+42  1.3114E+46
  1.6790E-02  1.4723E+46  0.0000E+00  4.6422E+42  1.4718E+46
  1.8840E-02  1.6520E+46  0.0000E+00  4.8238E+42  1.6515E+46
  2.1130E-02  1.8529E+46  0.0000E+00  5.0938E+42  1.8524E+46
  2.3710E-02  2.0790E+46  0.0000E+00  5.3650E+42  2.0785E+46
  2.6610E-02  2.3332E+46  0.0000E+00  5.6496E+42  2.3326E+46
  2.9850E-02  2.6172E+46  7.4137E-83  5.9379E+42  2.6166E+46
  3.3500E-02  2.9373E+46  4.7930E-68  6.2313E+42  2.9367E+46
  3.7580E-02  3.2949E+46  6.0197E-55  6.7366E+42  3.2942E+46
  4.2170E-02  3.6975E+46  2.6427E-43  8.0603E+42  3.6967E+46
  4.7320E-02  4.1490E+46  7.1687E-33  8.5317E+42  4.1482E+46
  5.3090E-02  4.3221E+46  1.3266E-23  8.4785E+42  4.3212E+46
  6.6830E-02  4.1276E+46  5.1731E-08  8.0690E+42  4.1268E+46
  7.4990E-02  4.0337E+46  1.7757E-01  8.2090E+42  4.0328E+46
  8.4140E-02  3.9418E+46  9.2340E+04  7.7526E+42  3.9410E+46
  9.4410E-02  3.8520E+46  1.1017E+10  7.5002E+42  3.8513E+46
  1.0590E-01  3.5062E+46  3.0265E+14  6.8974E+42  3.5055E+46
  1.1890E-01  2.9473E+46  2.1946E+18  5.7056E+42  2.9467E+46
  1.3340E-01  2.4801E+46  4.2785E+21  5.2964E+42  2.4795E+46
  1.4960E-01  2.0883E+46  4.7052E+24  4.7796E+42  2.0878E+46
  1.5850E-01  1.9150E+46  1.3784E+26  4.3372E+42  1.9145E+46
  1.7780E-01  1.6117E+46  7.2743E+28  3.0753E+42  1.6114E+46
  1.9950E-01  1.3560E+46  2.2559E+31  1.8695E+42  1.3558E+46
  2.2390E-01  1.1405E+46  2.8514E+33  1.7043E+42  1.1403E+46
  2.3710E-01  1.0466E+46  1.8671E+34  1.7504E+42  1.0464E+46
  2.5120E-01  9.5976E+45  1.0418E+35  1.7373E+42  9.5958E+45
  2.6610E-01  8.8029E+45  5.4746E+35  1.6716E+42  8.8012E+45
  2.8180E-01  8.0776E+45  2.6542E+36  1.5790E+42  8.0761E+45
  2.9850E-01  7.4094E+45  1.1764E+37  1.4878E+42  7.4079E+45
  3.1620E-01  6.7961E+45  4.6912E+37  1.4114E+42  6.7947E+45
  3.3500E-01  6.2322E+45  1.7096E+38  1.3388E+42  6.2308E+45
  3.5480E-01  5.7177E+45  5.7117E+38  1.2661E+42  5.7165E+45
  3.7580E-01  5.2454E+45  1.7661E+39  1.1923E+42  5.2442E+45
  3.9810E-01  4.8109E+45  5.0311E+39  1.1253E+42  4.8097E+45
  4.2170E-01  4.4127E+45  1.3166E+40  1.0604E+42  4.4116E+45
  4.4670E-01  4.0476E+45  3.1929E+40  1.0018E+42  4.0466E+45
  4.7320E-01  3.7125E+45  7.2823E+40  9.4319E+41  3.7115E+45
  5.0120E-01  3.4058E+45  1.5664E+41  8.8367E+41  3.4048E+45
  5.3090E-01  3.1243E+45  3.1938E+41  8.2241E+41  3.1232E+45
  5.6230E-01  2.8665E+45  6.1665E+41  7.6466E+41  2.8651E+45
  5.9570E-01  2.6294E+45  1.1348E+42  7.0875E+41  2.6276E+45
  6.3100E-01  2.4130E+45  1.9884E+42  6.5419E+41  2.4103E+45
  6.6830E-01  2.2153E+45  3.3222E+42  6.0043E+41  2.2114E+45
  7.0790E-01  2.0343E+45  5.3126E+42  5.5006E+41  2.0284E+45
  7.4990E-01  1.8691E+45  8.1459E+42  5.0300E+41  1.8605E+45
  7.9430E-01  1.7190E+45  1.1985E+43  4.5845E+41  1.7066E+45
  8.4140E-01  1.5827E+45  1.6986E+43  4.1592E+41  1.5653E+45
  8.9130E-01  1.4593E+45  2.3237E+43  3.7490E+41  1.4357E+45
  9.4410E-01  1.3480E+45  3.0714E+43  3.3586E+41  1.3170E+45
  1.0000E+00  1.2477E+45  3.9319E+43  2.9916E+41  1.2081E+45
  1.0590E+00  1.1577E+45  4.8816E+43  2.6533E+41  1.1086E+45
  1.1220E+00  1.0759E+45  5.9110E+43  2.3371E+41  1.0165E+45
  1.1890E+00  1.0019E+45  6.9879E+43  2.0387E+41  9.3183E+44
  1.2590E+00  9.3576E+44  8.0379E+43  1.7559E+41  8.5520E+44
  1.3340E+00  8.7473E+44  9.0471E+43  1.4963E+41  7.8411E+44
  1.4130E+00  8.1878E+44  9.9386E+43  1.2671E+41  7.1927E+44
  1.4960E+00  7.6722E+44  1.0685E+44  1.0643E+41  6.6026E+44
  1.5850E+00  7.1853E+44  1.1301E+44  8.8338E+40  6.0543E+44
  1.6790E+00  6.7256E+44  1.1718E+44  7.2302E+40  5.5530E+44
  1.7780E+00  6.2877E+44  1.1914E+44  5.8229E+40  5.0957E+44
  1.8840E+00  5.8646E+44  1.1923E+44  4.6070E+40  4.6719E+44
  1.9950E+00  5.4615E+44  1.1737E+44  3.5854E+40  4.2875E+44
  2.1130E+00  5.0727E+44  1.1392E+44  2.7458E+40  3.9333E+44
  2.2390E+00  4.6963E+44  1.0900E+44  2.0719E+40  3.6061E+44
  2.3710E+00  4.3386E+44  1.0293E+44  1.5453E+40  3.3092E+44
  2.5120E+00  3.9960E+44  9.6144E+43  1.1410E+40  3.0344E+44
  2.6610E+00  3.6717E+44  8.8839E+43  8.3616E+39  2.7832E+44
  2.8180E+00  3.3662E+44  8.1229E+43  6.0900E+39  2.5538E+44
  2.9850E+00  3.0791E+44  7.3639E+43  4.4138E+39  2.3426E+44
  3.1620E+00  2.8107E+44  6.6195E+43  3.1868E+39  2.1487E+44
  3.3500E+00  2.5634E+44  5.9299E+43  2.2965E+39  1.9704E+44
  3.5480E+00  2.3353E+44  5.2750E+43  1.6521E+39  1.8078E+44
  3.7580E+00  2.1260E+44  4.6769E+43  1.1868E+39  1.6583E+44
  3.9810E+00  1.9344E+44  4.1344E+43  8.5184E+38  1.5210E+44
  4.2170E+00  1.7598E+44  3.6470E+43  6.1123E+38  1.3951E+44
  4.4670E+00  1.6009E+44  3.2127E+43  4.3844E+38  1.2796E+44
  4.7320E+00  1.4567E+44  2.8301E+43  3.1429E+38  1.1737E+44
  5.0120E+00  1.3287E+44  2.4956E+43  2.2573E+38  1.0791E+44
  5.3090E+00  1.1804E+44  2.2019E+43  1.5776E+38  9.6024E+43
  5.6230E+00  1.0428E+44  1.9473E+43  1.0945E+38  8.4805E+43
  5.9570E+00  9.1606E+43  1.7289E+43  7.5390E+37  7.4316E+43
  6.3100E+00  7.9994E+43  1.5284E+43  5.1514E+37  6.4710E+43
  6.6830E+00  6.9758E+43  1.3744E+43  3.5017E+37  5.6014E+43
  7.0790E+00  6.0493E+43  1.2303E+43  2.3527E+37  4.8190E+43
  7.4990E+00  5.2718E+43  1.1489E+43  1.5710E+37  4.1229E+43
  7.9430E+00  4.8059E+43  1.2950E+43  1.0998E+37  3.5109E+43
  8.4140E+00  4.6662E+43  1.6910E+43  8.7033E+36  2.9752E+43
  8.9130E+00  4.5626E+43  2.0522E+43  7.3796E+36  2.5104E+43
  9.4410E+00  4.4580E+43  2.3479E+43  6.9201E+36  2.1101E+43
  1.0000E+01  3.7748E+43  2.0077E+43  4.9888E+36  1.7671E+43
  1.0590E+01  3.0951E+43  1.6194E+43  3.3822E+36  1.4758E+43
  1.1220E+01  2.4740E+43  1.2473E+43  2.0871E+36  1.2267E+43
  1.1890E+01  1.9928E+43  9.7690E+42  1.3015E+36  1.0159E+43
  1.2590E+01  1.6151E+43  7.7392E+42  7.9957E+35  8.4119E+42
  1.3340E+01  1.3202E+43  6.2696E+42  4.8780E+35  6.9319E+42
  1.4130E+01  1.1113E+43  5.4076E+42  3.0007E+35  5.7050E+42
  1.4960E+01  9.9865E+42  5.2946E+42  2.0084E+35  4.6919E+42
  1.5850E+01  9.2030E+42  5.3615E+42  1.4299E+35  3.8414E+42
  1.6790E+01  8.5967E+42  5.4558E+42  1.0696E+35  3.1409E+42
  1.7780E+01  7.9804E+42  5.4141E+42  8.1861E+34  2.5663E+42
  1.8840E+01  7.2095E+42  5.1207E+42  6.1198E+34  2.0888E+42
  1.9950E+01  6.3248E+42  4.6235E+42  4.3216E+34  1.7013E+42
  2.1130E+01  5.5300E+42  4.1474E+42  2.9442E+34  1.3827E+42
  2.2390E+01  4.8717E+42  3.7514E+42  2.0086E+34  1.1203E+42
  2.3710E+01  4.3196E+42  3.4110E+42  1.3715E+34  9.0864E+41
  2.5120E+01  3.8353E+42  3.1005E+42  9.3915E+33  7.3479E+41
  2.6610E+01  3.4011E+42  2.8073E+42  6.4104E+33  5.9383E+41
  2.8180E+01  3.0066E+42  2.5266E+42  4.3789E+33  4.7994E+41
  2.9850E+01  2.6380E+42  2.2509E+42  2.9809E+33  3.8717E+41
  3.1620E+01  2.2914E+42  1.9794E+42  2.0138E+33  3.1199E+41
  3.3500E+01  1.9661E+42  1.7150E+42  1.3488E+33  2.5106E+41
  3.5480E+01  1.6662E+42  1.4641E+42  8.9586E+32  2.0210E+41
  3.7580E+01  1.3923E+42  1.2298E+42  5.8854E+32  1.6253E+41
  3.9810E+01  1.1456E+42  1.0151E+42  3.8210E+32  1.3054E+41
  4.2170E+01  9.3015E+41  8.2535E+41  2.4533E+32  1.0479E+41
  4.4670E+01  7.4596E+41  6.6188E+41  1.5573E+32  8.4074E+40
  4.7320E+01  5.9177E+41  5.2437E+41  9.7911E+31  6.7400E+40
  5.0120E+01  4.6510E+41  4.1106E+41  6.1065E+31  5.4034E+40
  5.3090E+01  3.6228E+41  3.1900E+41  3.7800E+31  4.3282E+40
  5.6230E+01  2.8022E+41  2.4555E+41  2.3264E+31  3.4667E+40
  5.9570E+01  2.1515E+41  1.8743E+41  1.4232E+31  2.7728E+40
  6.3100E+01  1.6437E+41  1.4219E+41  8.6753E+30  2.2180E+40
  6.6830E+01  1.2504E+41  1.0729E+41  5.2739E+30  1.7744E+40
  7.0790E+01  9.4731E+40  8.0548E+40  3.1975E+30  1.4183E+40
  7.4990E+01  7.1513E+40  6.0183E+40  1.9348E+30  1.1329E+40
  7.9430E+01  5.3860E+40  4.4810E+40  1.1700E+30  9.0505E+39
  8.4140E+01  4.0471E+40  3.3246E+40  7.0682E+29  7.2256E+39
  8.9130E+01  3.0374E+40  2.4608E+40  4.2711E+29  5.7665E+39
  9.4410E+01  2.2775E+40  1.8173E+40  2.5823E+29  4.6021E+39
  1.0000E+02  1.7063E+40  1.3390E+40  1.5621E+29  3.6722E+39
  1.0590E+02  1.2791E+40  9.8590E+39  9.4682E+28  2.9317E+39
  1.1220E+02  9.5839E+39  7.2481E+39  5.7377E+28  2.3358E+39
  1.1890E+02  7.1934E+39  5.3344E+39  3.4838E+28  1.8590E+39
  1.2590E+02  5.4349E+39  3.9511E+39  2.1291E+28  1.4838E+39
  1.3340E+02  4.1166E+39  2.9355E+39  1.3048E+28  1.1811E+39
  1.4130E+02  3.1051E+39  2.1640E+39  8.0167E+27  9.4117E+38
  1.4960E+02  2.3130E+39  1.5618E+39  4.8929E+27  7.5121E+38
  1.5850E+02  1.7163E+39  1.1185E+39  2.9718E+27  5.9781E+38
  1.7780E+02  9.5855E+38  5.7913E+38  1.1084E+27  3.7942E+38
  1.9950E+02  5.4112E+38  3.0069E+38  4.1726E+26  2.4043E+38
  2.2390E+02  3.0802E+38  1.5587E+38  1.5827E+26  1.5216E+38
  2.5120E+02  1.7709E+38  8.0712E+37  6.0528E+25  9.6376E+37
  2.8180E+02  1.0274E+38  4.1699E+37  2.3301E+25  6.1043E+37
  3.1620E+02  6.0090E+37  2.1473E+37  9.0113E+24  3.8617E+37
  3.5480E+02  3.5455E+37  1.1034E+37  3.5006E+24  2.4421E+37
  3.9810E+02  2.1100E+37  5.6576E+36  1.3660E+24  1.5442E+37
  4.4670E+02  1.2655E+37  2.8950E+36  5.3487E+23  9.7603E+36
  5.0120E+02  7.6486E+36  1.4791E+36  2.1012E+23  6.1695E+36
  5.6230E+02  4.6551E+36  7.5481E+35  8.2759E+22  3.9003E+36
  6.3100E+02  2.8472E+36  3.8426E+35  3.2640E+22  2.4629E+36
  7.0790E+02  1.7524E+36  1.9556E+35  1.2910E+22  1.5568E+36
  7.9430E+02  1.0826E+36  9.9334E+34  5.1099E+21  9.8325E+35
  8.9130E+02  6.7115E+35  5.0382E+34  2.0243E+21  6.2077E+35
  1.0000E+03  4.1767E+35  2.5539E+34  8.0330E+20  3.9214E+35
