  1.0000E-03  8.8991E+44  0.0000E+00  1.3288E+43  8.7662E+44
  1.1220E-03  9.9621E+44  0.0000E+00  1.2639E+43  9.8357E+44
  1.2590E-03  1.1152E+45  0.0000E+00  1.1519E+43  1.1037E+45
  1.4130E-03  1.2488E+45  0.0000E+00  1.0146E+43  1.2387E+45
  1.5850E-03  1.3984E+45  0.0000E+00  9.0107E+42  1.3894E+45
  1.7780E-03  1.5684E+45  0.0000E+00  9.7525E+42  1.5586E+45
  1.9950E-03  1.7571E+45  0.0000E+00  8.2506E+42  1.7488E+45
  2.2390E-03  1.9695E+45  0.0000E+00  6.7702E+42  1.9627E+45
  2.5120E-03  2.2095E+45  0.0000E+00  7.5051E+42  2.2020E+45
  2.8180E-03  2.4766E+45  0.0000E+00  6.3402E+42  2.4702E+45
  3.1620E-03  2.7773E+45  0.0000E+00  5.4749E+42  2.7718E+45
  3.5480E-03  3.1151E+45  0.0000E+00  4.8181E+42  3.1103E+45
  3.9810E-03  3.4941E+45  0.0000E+00  4.2828E+42  3.4898E+45
  4.4670E-03  3.9490E+45  0.0000E+00  3.3208E+43  3.9158E+45
  5.0120E-03  4.4180E+45  0.0000E+00  2.4449E+43  4.3936E+45
  5.6230E-03  4.9489E+45  0.0000E+00  1.9629E+43  4.9292E+45
  5.9570E-03  5.2404E+45  0.0000E+00  1.8379E+43  5.2220E+45
  6.6830E-03  5.8761E+45  0.0000E+00  1.7578E+43  5.8585E+45
  7.4990E-03  6.5922E+45  0.0000E+00  1.8368E+43  6.5738E+45
  8.4140E-03  7.3956E+45  0.0000E+00  1.9732E+43  7.3758E+45
  9.4410E-03  8.2978E+45  0.0000E+00  2.1725E+43  8.2761E+45
  1.0590E-02  9.3076E+45  0.0000E+00  2.4305E+43  9.2833E+45
  1.1890E-02  1.0450E+46  0.0000E+00  2.7174E+43  1.0423E+46
  1.3340E-02  1.1724E+46  0.0000E+00  3.0342E+43  1.1694E+46
  1.4960E-02  1.3148E+46  0.0000E+00  3.3783E+43  1.3114E+46
  1.6790E-02  1.4756E+46  0.0000E+00  3.7650E+43  1.4718E+46
  1.8840E-02  1.6557E+46  0.0000E+00  4.2001E+43  1.6515E+46
  2.1130E-02  1.8570E+46  0.0000E+00  4.6740E+43  1.8524E+46
  2.3710E-02  2.0837E+46  0.0000E+00  5.1959E+43  2.0785E+46
  2.6610E-02  2.3384E+46  0.0000E+00  5.7673E+43  2.3326E+46
  2.9850E-02  2.6230E+46  6.5177E-83  6.3880E+43  2.6166E+46
  3.3500E-02  2.9437E+46  4.1126E-68  7.0201E+43  2.9367E+46
  3.7580E-02  3.3017E+46  5.1317E-55  7.4666E+43  3.2942E+46
  4.2170E-02  3.7066E+46  2.2037E-43  9.9527E+43  3.6967E+46
  4.7320E-02  4.1600E+46  5.7394E-33  1.1776E+44  4.1482E+46
  5.3090E-02  4.3337E+46  1.0202E-23  1.2508E+44  4.3212E+46
  6.6830E-02  4.1384E+46  3.4753E-08  1.1588E+44  4.1268E+46
  7.4990E-02  4.0435E+46  1.0859E-01  1.0622E+44  4.0328E+46
  8.4140E-02  3.9512E+46  5.3859E+04  1.0233E+44  3.9410E+46
  9.4410E-02  3.8614E+46  6.0194E+09  1.0103E+44  3.8513E+46
  1.0590E-01  3.5155E+46  1.5064E+14  9.9522E+43  3.5055E+46
  1.1890E-01  2.9544E+46  1.1538E+18  7.6468E+43  2.9467E+46
  1.3340E-01  2.4852E+46  2.6810E+21  5.6884E+43  2.4795E+46
  1.4960E-01  2.0911E+46  3.2039E+24  3.2857E+43  2.0878E+46
  1.5850E-01  1.9170E+46  9.3945E+25  2.5043E+43  1.9145E+46
  1.7780E-01  1.6135E+46  4.6917E+28  2.0971E+43  1.6114E+46
  1.9950E-01  1.3579E+46  1.2530E+31  2.0692E+43  1.3558E+46
  2.2390E-01  1.1426E+46  1.3483E+33  2.2340E+43  1.1403E+46
  2.3710E-01  1.0488E+46  9.2668E+33  2.3591E+43  1.0464E+46
  2.5120E-01  9.6180E+45  5.6818E+34  2.2186E+43  9.5958E+45
  2.6610E-01  8.8207E+45  3.2149E+35  1.9509E+43  8.8012E+45
  2.8180E-01  8.0930E+45  1.6477E+36  1.6902E+43  8.0761E+45
  2.9850E-01  7.4226E+45  7.6399E+36  1.4751E+43  7.4079E+45
  3.1620E-01  6.8077E+45  3.1718E+37  1.3065E+43  6.7947E+45
  3.3500E-01  6.2424E+45  1.1970E+38  1.1623E+43  6.2308E+45
  3.5480E-01  5.7269E+45  4.1117E+38  1.0387E+43  5.7165E+45
  3.7580E-01  5.2535E+45  1.3040E+39  9.3355E+42  5.2442E+45
  3.9810E-01  4.8182E+45  3.7977E+39  8.4338E+42  4.8097E+45
  4.2170E-01  4.4193E+45  1.0186E+40  7.6767E+42  4.4116E+45
  4.4670E-01  4.0537E+45  2.5293E+40  7.0252E+42  4.0466E+45
  4.7320E-01  3.7180E+45  5.9016E+40  6.4495E+42  3.7115E+45
  5.0120E-01  3.4109E+45  1.2979E+41  5.9395E+42  3.4048E+45
  5.3090E-01  3.1290E+45  2.7102E+41  5.5029E+42  3.1232E+45
  5.6230E-01  2.8708E+45  5.3491E+41  5.1348E+42  2.8651E+45
  5.9570E-01  2.6334E+45  1.0057E+42  4.8371E+42  2.6276E+45
  6.3100E-01  2.4167E+45  1.8022E+42  4.6111E+42  2.4103E+45
  6.6830E-01  2.2189E+45  3.0836E+42  4.4647E+42  2.2114E+45
  7.0790E-01  2.0379E+45  5.0559E+42  4.4055E+42  2.0284E+45
  7.4990E-01  1.8728E+45  7.9448E+42  4.4346E+42  1.8605E+45
  7.9430E-01  1.7232E+45  1.2000E+43  4.5585E+42  1.7066E+45
  8.4140E-01  1.5876E+45  1.7497E+43  4.7900E+42  1.5653E+45
  8.9130E-01  1.4656E+45  2.4757E+43  5.1286E+42  1.4357E+45
  9.4410E-01  1.3565E+45  3.3928E+43  5.5609E+42  1.3170E+45
  1.0000E+00  1.2592E+45  4.5036E+43  6.0508E+42  1.2081E+45
  1.0590E+00  1.1732E+45  5.8053E+43  6.5755E+42  1.1086E+45
  1.1220E+00  1.0968E+45  7.3183E+43  7.1105E+42  1.0165E+45
  1.1890E+00  1.0299E+45  9.0435E+43  7.6197E+42  9.3183E+44
  1.2590E+00  9.7276E+44  1.0950E+44  8.0558E+42  8.5520E+44
  1.3340E+00  9.2267E+44  1.3015E+44  8.4122E+42  7.8411E+44
  1.4130E+00  8.7909E+44  1.5116E+44  8.6582E+42  7.1927E+44
  1.4960E+00  8.4131E+44  1.7227E+44  8.7809E+42  6.6026E+44
  1.5850E+00  8.0806E+44  1.9385E+44  8.7779E+42  6.0543E+44
  1.6790E+00  7.7912E+44  2.1519E+44  8.6308E+42  5.5530E+44
  1.7780E+00  7.5367E+44  2.3577E+44  8.3290E+42  5.0957E+44
  1.8840E+00  7.3074E+44  2.5567E+44  7.8840E+42  4.6719E+44
  1.9950E+00  7.1016E+44  2.7410E+44  7.3123E+42  4.2875E+44
  2.1130E+00  6.9066E+44  2.9069E+44  6.6455E+42  3.9333E+44
  2.2390E+00  6.7116E+44  3.0463E+44  5.9182E+42  3.6061E+44
  2.3710E+00  6.5149E+44  3.1540E+44  5.1698E+42  3.3092E+44
  2.5120E+00  6.3086E+44  3.2298E+44  4.4385E+42  3.0344E+44
  2.6610E+00  6.0910E+44  3.2703E+44  3.7499E+42  2.7832E+44
  2.8180E+00  5.8599E+44  3.2749E+44  3.1209E+42  2.5538E+44
  2.9850E+00  5.6164E+44  3.2481E+44  2.5627E+42  2.3426E+44
  3.1620E+00  5.3606E+44  3.1911E+44  2.0784E+42  2.1487E+44
  3.3500E+00  5.1013E+44  3.1143E+44  1.6671E+42  1.9704E+44
  3.5480E+00  4.8343E+44  3.0133E+44  1.3234E+42  1.8078E+44
  3.7580E+00  4.5650E+44  2.8962E+44  1.0402E+42  1.6583E+44
  3.9810E+00  4.2946E+44  2.7655E+44  8.0995E+41  1.5210E+44
  4.2170E+00  4.0257E+44  2.6244E+44  6.2520E+41  1.3951E+44
  4.4670E+00  3.7604E+44  2.4760E+44  4.7857E+41  1.2796E+44
  4.7320E+00  3.5009E+44  2.3236E+44  3.6311E+41  1.1737E+44
  5.0120E+00  3.2520E+44  2.1701E+44  2.7350E+41  1.0791E+44
  5.3090E+00  2.9788E+44  2.0166E+44  2.0252E+41  9.6024E+43
  5.6230E+00  2.7156E+44  1.8661E+44  1.4843E+41  8.4805E+43
  5.9570E+00  2.4654E+44  1.7212E+44  1.0775E+41  7.4316E+43
  6.3100E+00  2.2238E+44  1.5759E+44  7.7349E+40  6.4710E+43
  6.6830E+00  2.0123E+44  1.4516E+44  5.5336E+40  5.6014E+43
  7.0790E+00  1.8109E+44  1.3286E+44  3.9045E+40  4.8190E+43
  7.4990E+00  1.6349E+44  1.2223E+44  2.6863E+40  4.1229E+43
  7.9430E+00  1.5121E+44  1.1608E+44  1.7766E+40  3.5109E+43
  8.4140E+00  1.4164E+44  1.1187E+44  1.2066E+40  2.9752E+43
  8.9130E+00  1.3061E+44  1.0550E+44  8.9061E+39  2.5104E+43
  9.4410E+00  1.1934E+44  9.8229E+43  7.4341E+39  2.1101E+43
  1.0000E+01  1.0884E+44  9.1160E+43  6.0761E+39  1.7671E+43
  1.0590E+01  9.8889E+43  8.4126E+43  4.8727E+39  1.4758E+43
  1.1220E+01  8.9198E+43  7.6927E+43  3.6501E+39  1.2267E+43
  1.1890E+01  7.9563E+43  6.9401E+43  2.6733E+39  1.0159E+43
  1.2590E+01  7.1193E+43  6.2779E+43  1.9088E+39  8.4119E+42
  1.3340E+01  6.3775E+43  5.6842E+43  1.3280E+39  6.9319E+42
  1.4130E+01  5.8146E+43  5.2440E+43  9.0406E+38  5.7050E+42
  1.4960E+01  5.5363E+43  5.0670E+43  6.3801E+38  4.6919E+42
  1.5850E+01  5.3788E+43  4.9946E+43  4.7430E+38  3.8414E+42
  1.6790E+01  5.2906E+43  4.9764E+43  3.7020E+38  3.1409E+42
  1.7780E+01  5.2181E+43  4.9615E+43  3.0025E+38  2.5663E+42
  1.8840E+01  5.1155E+43  4.9066E+43  2.4570E+38  2.0888E+42
  1.9950E+01  4.9639E+43  4.7937E+43  1.9577E+38  1.7013E+42
  2.1130E+01  4.8116E+43  4.6734E+43  1.5118E+38  1.3827E+42
  2.2390E+01  4.6754E+43  4.5634E+43  1.1620E+38  1.1203E+42
  2.3710E+01  4.5423E+43  4.4514E+43  8.8747E+37  9.0864E+41
  2.5120E+01  4.3939E+43  4.3204E+43  6.7534E+37  7.3479E+41
  2.6610E+01  4.2199E+43  4.1605E+43  5.0888E+37  5.9383E+41
  2.8180E+01  4.0151E+43  3.9671E+43  3.8083E+37  4.7994E+41
  2.9850E+01  3.7731E+43  3.7344E+43  2.8213E+37  3.8717E+41
  3.1620E+01  3.4943E+43  3.4631E+43  2.0614E+37  3.1199E+41
  3.3500E+01  3.1847E+43  3.1596E+43  1.4844E+37  2.5106E+41
  3.5480E+01  2.8562E+43  2.8360E+43  1.0536E+37  2.0210E+41
  3.7580E+01  2.5183E+43  2.5020E+43  7.3603E+36  1.6253E+41
  3.9810E+01  2.1800E+43  2.1669E+43  5.0593E+36  1.3054E+41
  4.2170E+01  1.8563E+43  1.8458E+43  3.4228E+36  1.0479E+41
  4.4670E+01  1.5564E+43  1.5480E+43  2.2784E+36  8.4074E+40
  4.7320E+01  1.2867E+43  1.2800E+43  1.4948E+36  6.7400E+40
  5.0120E+01  1.0502E+43  1.0448E+43  9.6786E+35  5.4034E+40
  5.3090E+01  8.4671E+42  8.4238E+42  6.1878E+35  4.3282E+40
  5.6230E+01  6.7550E+42  6.7204E+42  3.9128E+35  3.4667E+40
  5.9570E+01  5.3321E+42  5.3043E+42  2.4470E+35  2.7728E+40
  6.3100E+01  4.1735E+42  4.1513E+42  1.5170E+35  2.2180E+40
  6.6830E+01  3.2417E+42  3.2240E+42  9.3319E+34  1.7744E+40
  7.0790E+01  2.5001E+42  2.4859E+42  5.6980E+34  1.4183E+40
  7.4990E+01  1.9152E+42  1.9038E+42  3.4558E+34  1.1329E+40
  7.9430E+01  1.4592E+42  1.4502E+42  2.0849E+34  9.0505E+39
  8.4140E+01  1.1060E+42  1.0988E+42  1.2509E+34  7.2256E+39
  8.9130E+01  8.3494E+41  8.2918E+41  7.4768E+33  5.7665E+39
  9.4410E+01  6.2793E+41  6.2333E+41  4.4526E+33  4.6021E+39
  1.0000E+02  4.7053E+41  4.6686E+41  2.6422E+33  3.6722E+39
  1.0590E+02  3.5183E+41  3.4890E+41  1.5651E+33  2.9317E+39
  1.1220E+02  2.6237E+41  2.6004E+41  9.2440E+32  2.3358E+39
  1.1890E+02  1.9562E+41  1.9376E+41  5.4600E+32  1.8590E+39
  1.2590E+02  1.4656E+41  1.4508E+41  3.2424E+32  1.4838E+39
  1.3340E+02  1.1003E+41  1.0885E+41  1.9325E+32  1.1811E+39
  1.4130E+02  8.1926E+40  8.0984E+40  1.1466E+32  9.4117E+38
  1.4960E+02  5.9750E+40  5.8999E+40  6.6571E+31  7.5121E+38
  1.5850E+02  4.3239E+40  4.2642E+40  3.8257E+31  5.9781E+38
  1.7780E+02  2.2820E+40  2.2440E+40  1.2725E+31  3.7942E+38
  1.9950E+02  1.2051E+40  1.1811E+40  4.2422E+30  2.4043E+38
  2.2390E+02  6.3459E+39  6.1938E+39  1.4132E+30  1.5216E+38
  2.5120E+02  3.3354E+39  3.2390E+39  4.7084E+29  9.6376E+37
  2.8180E+02  1.7486E+39  1.6875E+39  1.5684E+29  6.1043E+37
  3.1620E+02  9.1396E+38  8.7534E+38  5.2221E+28  3.8617E+37
  3.5480E+02  4.7705E+38  4.5263E+38  1.7407E+28  2.4421E+37
  3.9810E+02  2.4879E+38  2.3335E+38  5.8175E+27  1.5442E+37
  4.4670E+02  1.2973E+38  1.1997E+38  1.9509E+27  9.7603E+36
  5.0120E+02  6.7714E+37  6.1545E+37  6.5751E+26  6.1695E+36
  5.6230E+02  3.5419E+37  3.1518E+37  2.2297E+26  3.9003E+36
  6.3100E+02  1.8558E+37  1.6096E+37  7.6106E+25  2.4629E+36
  7.0790E+02  9.7706E+36  8.2139E+36  2.6226E+25  1.5568E+36
  7.9430E+02  5.1653E+36  4.1820E+36  9.1164E+24  9.8325E+35
  8.9130E+02  2.7463E+36  2.1255E+36  3.2012E+24  6.2077E+35
  1.0000E+03  1.4716E+36  1.0794E+36  1.1373E+24  3.9214E+35
