  1.0000E-03  1.0486E+45  0.0000E+00  1.7197E+44  8.7662E+44
  1.1220E-03  1.1565E+45  0.0000E+00  1.7297E+44  9.8357E+44
  1.2590E-03  1.2754E+45  0.0000E+00  1.7172E+44  1.1037E+45
  1.4130E-03  1.4073E+45  0.0000E+00  1.6860E+44  1.2387E+45
  1.5850E-03  1.5603E+45  0.0000E+00  1.7086E+44  1.3894E+45
  1.7780E-03  1.7785E+45  0.0000E+00  2.1992E+44  1.5586E+45
  1.9950E-03  1.9694E+45  0.0000E+00  2.2055E+44  1.7488E+45
  2.2390E-03  2.1734E+45  0.0000E+00  2.1068E+44  1.9627E+45
  2.5120E-03  2.4869E+45  0.0000E+00  2.8492E+44  2.2020E+45
  2.8180E-03  2.7480E+45  0.0000E+00  2.7777E+44  2.4702E+45
  3.1620E-03  3.0373E+45  0.0000E+00  2.6546E+44  2.7718E+45
  3.5480E-03  3.3609E+45  0.0000E+00  2.5061E+44  3.1103E+45
  3.9810E-03  3.7238E+45  0.0000E+00  2.3397E+44  3.4898E+45
  4.4670E-03  4.4561E+45  0.0000E+00  5.4031E+44  3.9158E+45
  5.0120E-03  5.0074E+45  0.0000E+00  6.1376E+44  4.3936E+45
  5.6230E-03  5.6106E+45  0.0000E+00  6.8138E+44  4.9292E+45
  5.9570E-03  5.9348E+45  0.0000E+00  7.1273E+44  5.2220E+45
  6.6830E-03  6.6305E+45  0.0000E+00  7.7193E+44  5.8585E+45
  7.4990E-03  7.4195E+45  0.0000E+00  8.4572E+44  6.5738E+45
  8.4140E-03  8.2763E+45  0.0000E+00  9.0042E+44  7.3758E+45
  9.4410E-03  9.2308E+45  0.0000E+00  9.5465E+44  8.2761E+45
  1.0590E-02  1.0292E+46  0.0000E+00  1.0089E+45  9.2833E+45
  1.1890E-02  1.1525E+46  0.0000E+00  1.1019E+45  1.0423E+46
  1.3340E-02  1.2858E+46  0.0000E+00  1.1639E+45  1.1694E+46
  1.4960E-02  1.4344E+46  0.0000E+00  1.2298E+45  1.3114E+46
  1.6790E-02  1.6014E+46  0.0000E+00  1.2951E+45  1.4718E+46
  1.8840E-02  1.7880E+46  0.0000E+00  1.3646E+45  1.6515E+46
  2.1130E-02  1.9974E+46  0.0000E+00  1.4504E+45  1.8524E+46
  2.3710E-02  2.2319E+46  0.0000E+00  1.5345E+45  2.0785E+46
  2.6610E-02  2.4944E+46  0.0000E+00  1.6180E+45  2.3326E+46
  2.9850E-02  2.7870E+46  1.7082E-82  1.7040E+45  2.6166E+46
  3.3500E-02  3.1152E+46  1.0771E-67  1.7849E+45  2.9367E+46
  3.7580E-02  3.4835E+46  1.3473E-54  1.8928E+45  3.2942E+46
  4.2170E-02  3.9341E+46  5.7696E-43  2.3740E+45  3.6967E+46
  4.7320E-02  4.4002E+46  1.4764E-32  2.5204E+45  4.1482E+46
  5.3090E-02  4.5625E+46  2.5625E-23  2.4131E+45  4.3212E+46
  6.6830E-02  4.3014E+46  8.1832E-08  1.7456E+45  4.1268E+46
  7.4990E-02  4.1755E+46  2.4688E-01  1.4267E+45  4.0328E+46
  8.4140E-02  4.0837E+46  1.2992E+05  1.4270E+45  3.9410E+46
  9.4410E-02  3.9963E+46  1.5526E+10  1.4499E+45  3.8513E+46
  1.0590E-01  3.6640E+46  4.5557E+14  1.5847E+45  3.5055E+46
  1.1890E-01  3.0922E+46  3.7743E+18  1.4544E+45  2.9467E+46
  1.3340E-01  2.6087E+46  8.4380E+21  1.2915E+45  2.4795E+46
  1.4960E-01  2.1791E+46  1.0191E+25  9.1286E+44  2.0878E+46
  1.5850E-01  1.9895E+46  3.0189E+26  7.4961E+44  1.9145E+46
  1.7780E-01  1.6716E+46  1.5016E+29  6.0147E+44  1.6114E+46
  1.9950E-01  1.4002E+46  3.9001E+31  4.4384E+44  1.3558E+46
  2.2390E-01  1.1804E+46  4.3404E+33  4.0027E+44  1.1403E+46
  2.3710E-01  1.0924E+46  3.0584E+34  4.5924E+44  1.0464E+46
  2.5120E-01  1.0086E+46  1.8689E+35  4.9065E+44  9.5958E+45
  2.6610E-01  9.2827E+45  1.0477E+36  4.8153E+44  8.8012E+45
  2.8180E-01  8.5315E+45  5.3178E+36  4.5542E+44  8.0761E+45
  2.9850E-01  7.8359E+45  2.4434E+37  4.2806E+44  7.4079E+45
  3.1620E-01  7.2008E+45  1.0060E+38  4.0616E+44  6.7947E+45
  3.3500E-01  6.6167E+45  3.7724E+38  3.8591E+44  6.2308E+45
  3.5480E-01  6.0826E+45  1.2918E+39  3.6616E+44  5.7165E+45
  3.7580E-01  5.5925E+45  4.0870E+39  3.4833E+44  5.2442E+45
  3.9810E-01  5.1419E+45  1.1896E+40  3.3218E+44  4.8097E+45
  4.2170E-01  4.7308E+45  3.1843E+40  3.1911E+44  4.4116E+45
  4.4670E-01  4.3548E+45  7.8988E+40  3.0809E+44  4.0466E+45
  4.7320E-01  4.0091E+45  1.8420E+41  2.9747E+44  3.7115E+45
  5.0120E-01  3.6919E+45  4.0498E+41  2.8671E+44  3.4048E+45
  5.3090E-01  3.4004E+45  8.4433E+41  2.7642E+44  3.1232E+45
  5.6230E-01  3.1331E+45  1.6658E+42  2.6634E+44  2.8651E+45
  5.9570E-01  2.8871E+45  3.1325E+42  2.5642E+44  2.6276E+45
  6.3100E-01  2.6627E+45  5.6123E+42  2.4674E+44  2.4103E+45
  6.6830E-01  2.4582E+45  9.5964E+42  2.3718E+44  2.2114E+45
  7.0790E-01  2.2723E+45  1.5726E+43  2.2811E+44  2.0284E+45
  7.4990E-01  2.1042E+45  2.4735E+43  2.1903E+44  1.8605E+45
  7.9430E-01  1.9541E+45  3.7405E+43  2.1006E+44  1.7066E+45
  8.4140E-01  1.8216E+45  5.4615E+43  2.0166E+44  1.5653E+45
  8.9130E-01  1.7069E+45  7.7254E+43  1.9393E+44  1.4357E+45
  9.4410E-01  1.6100E+45  1.0588E+44  1.8709E+44  1.3170E+45
  1.0000E+00  1.5299E+45  1.4086E+44  1.8096E+44  1.2081E+45
  1.0590E+00  1.4666E+45  1.8229E+44  1.7576E+44  1.1086E+45
  1.1220E+00  1.4188E+45  2.3103E+44  1.7122E+44  1.0165E+45
  1.1890E+00  1.3861E+45  2.8716E+44  1.6707E+44  9.3183E+44
  1.2590E+00  1.3670E+45  3.4896E+44  1.6280E+44  8.5520E+44
  1.3340E+00  1.3600E+45  4.1688E+44  1.5897E+44  7.8411E+44
  1.4130E+00  1.3626E+45  4.8769E+44  1.5563E+44  7.1927E+44
  1.4960E+00  1.3729E+45  5.6028E+44  1.5235E+44  6.6026E+44
  1.5850E+00  1.3903E+45  6.3600E+44  1.4885E+44  6.0543E+44
  1.6790E+00  1.4105E+45  7.1068E+44  1.4454E+44  5.5530E+44
  1.7780E+00  1.4299E+45  7.8139E+44  1.3898E+44  5.0957E+44
  1.8840E+00  1.4484E+45  8.4890E+44  1.3228E+44  4.6719E+44
  1.9950E+00  1.4618E+45  9.0876E+44  1.2429E+44  4.2875E+44
  2.1130E+00  1.4694E+45  9.6076E+44  1.1532E+44  3.9333E+44
  2.2390E+00  1.4689E+45  1.0027E+45  1.0559E+44  3.6061E+44
  2.3710E+00  1.4582E+45  1.0320E+45  9.5281E+43  3.3092E+44
  2.5120E+00  1.4383E+45  1.0500E+45  8.4862E+43  3.0344E+44
  2.6610E+00  1.4081E+45  1.0553E+45  7.4520E+43  2.7832E+44
  2.8180E+00  1.3668E+45  1.0470E+45  6.4465E+43  2.5538E+44
  2.9850E+00  1.3166E+45  1.0274E+45  5.4978E+43  2.3426E+44
  3.1620E+00  1.2578E+45  9.9670E+44  4.6222E+43  2.1487E+44
  3.3500E+00  1.1950E+45  9.5966E+44  3.8340E+43  1.9704E+44
  3.5480E+00  1.1251E+45  9.1300E+44  3.1355E+43  1.8078E+44
  3.7580E+00  1.0525E+45  8.6136E+44  2.5305E+43  1.6583E+44
  3.9810E+00  9.7843E+44  8.0617E+44  2.0167E+43  1.5210E+44
  4.2170E+00  9.0402E+44  7.4863E+44  1.5879E+43  1.3951E+44
  4.4670E+00  8.3061E+44  6.9029E+44  1.2361E+43  1.2796E+44
  4.7320E+00  7.6016E+44  6.3328E+44  9.5170E+42  1.1737E+44
  5.0120E+00  6.9386E+44  5.7868E+44  7.2600E+42  1.0791E+44
  5.3090E+00  6.2843E+44  5.2695E+44  5.4622E+42  9.6024E+43
  5.6230E+00  5.6795E+44  4.7907E+44  4.0704E+42  8.4805E+43
  5.9570E+00  5.1293E+44  4.3560E+44  3.0083E+42  7.4316E+43
  6.3100E+00  4.6021E+44  3.9330E+44  2.1978E+42  6.4710E+43
  6.6830E+00  4.1556E+44  3.5794E+44  1.6028E+42  5.6014E+43
  7.0790E+00  3.7298E+44  3.2364E+44  1.1524E+42  4.8190E+43
  7.4990E+00  3.5038E+44  3.0832E+44  8.2509E+41  4.1229E+43
  7.9430E+00  3.9920E+44  3.6349E+44  6.0650E+41  3.5109E+43
  8.4140E+00  5.0601E+44  4.7581E+44  4.5136E+41  2.9752E+43
  8.9130E+00  5.7576E+44  5.5031E+44  3.4292E+41  2.5104E+43
  9.4410E+00  6.0938E+44  5.8799E+44  2.8668E+41  2.1101E+43
  1.0000E+01  5.0762E+44  4.8972E+44  2.2953E+41  1.7671E+43
  1.0590E+01  4.0401E+44  3.8907E+44  1.8136E+41  1.4758E+43
  1.1220E+01  3.1021E+44  2.9781E+44  1.3501E+41  1.2267E+43
  1.1890E+01  2.4275E+44  2.3249E+44  9.9143E+40  1.0159E+43
  1.2590E+01  1.9334E+44  1.8486E+44  7.1371E+40  8.4119E+42
  1.3340E+01  1.5838E+44  1.5139E+44  5.0405E+40  6.9319E+42
  1.4130E+01  1.3757E+44  1.3183E+44  3.4996E+40  5.7050E+42
  1.4960E+01  1.3196E+44  1.2724E+44  2.5041E+40  4.6919E+42
  1.5850E+01  1.3010E+44  1.2624E+44  1.8770E+40  3.8414E+42
  1.6790E+01  1.2927E+44  1.2612E+44  1.4731E+40  3.1409E+42
  1.7780E+01  1.2719E+44  1.2461E+44  1.2093E+40  2.5663E+42
  1.8840E+01  1.2270E+44  1.2060E+44  1.0202E+40  2.0888E+42
  1.9950E+01  1.1662E+44  1.1491E+44  8.5644E+39  1.7013E+42
  2.1130E+01  1.1164E+44  1.1025E+44  7.0245E+39  1.3827E+42
  2.2390E+01  1.0815E+44  1.0702E+44  5.7387E+39  1.1203E+42
  2.3710E+01  1.0544E+44  1.0452E+44  4.6536E+39  9.0864E+41
  2.5120E+01  1.0284E+44  1.0211E+44  3.7548E+39  7.3479E+41
  2.6610E+01  9.9911E+43  9.9314E+43  2.9935E+39  5.9383E+41
  2.8180E+01  9.6356E+43  9.5873E+43  2.3635E+39  4.7994E+41
  2.9850E+01  9.1924E+43  9.1535E+43  1.8429E+39  3.8717E+41
  3.1620E+01  8.6519E+43  8.6205E+43  1.4142E+39  3.1199E+41
  3.3500E+01  8.0208E+43  7.9956E+43  1.0673E+39  2.5106E+41
  3.5480E+01  7.3216E+43  7.3013E+43  7.9208E+38  2.0210E+41
  3.7580E+01  6.5737E+43  6.5574E+43  5.7765E+38  1.6253E+41
  3.9810E+01  5.7969E+43  5.7838E+43  4.1383E+38  1.3054E+41
  4.2170E+01  5.0285E+43  5.0180E+43  2.9122E+38  1.0479E+41
  4.4670E+01  4.2940E+43  4.2856E+43  2.0123E+38  8.4074E+40
  4.7320E+01  3.6140E+43  3.6073E+43  1.3675E+38  6.7400E+40
  5.0120E+01  3.0012E+43  2.9958E+43  9.1503E+37  5.4034E+40
  5.3090E+01  2.4600E+43  2.4556E+43  6.0325E+37  4.3282E+40
  5.6230E+01  1.9937E+43  1.9902E+43  3.9247E+37  3.4667E+40
  5.9570E+01  1.5972E+43  1.5944E+43  2.5201E+37  2.7728E+40
  6.3100E+01  1.2676E+43  1.2654E+43  1.6007E+37  2.2180E+40
  6.6830E+01  9.9741E+42  9.9564E+42  1.0068E+37  1.7744E+40
  7.0790E+01  7.7849E+42  7.7707E+42  6.2737E+36  1.4183E+40
  7.4990E+01  6.0300E+42  6.0187E+42  3.8764E+36  1.1329E+40
  7.9430E+01  4.6414E+42  4.6323E+42  2.3785E+36  9.0505E+39
  8.4140E+01  3.5509E+42  3.5437E+42  1.4492E+36  7.2256E+39
  8.9130E+01  2.7036E+42  2.6979E+42  8.7832E+35  5.7665E+39
  9.4410E+01  2.0491E+42  2.0445E+42  5.2965E+35  4.6021E+39
  1.0000E+02  1.5464E+42  1.5427E+42  3.1786E+35  3.6722E+39
  1.0590E+02  1.1636E+42  1.1607E+42  1.9018E+35  2.9317E+39
  1.1220E+02  8.7270E+41  8.7037E+41  1.1333E+35  2.3358E+39
  1.1890E+02  6.5393E+41  6.5207E+41  6.7465E+34  1.8590E+39
  1.2590E+02  4.9198E+41  4.9049E+41  4.0325E+34  1.4838E+39
  1.3340E+02  3.7062E+41  3.6944E+41  2.4166E+34  1.1811E+39
  1.4130E+02  2.7690E+41  2.7596E+41  1.4410E+34  9.4117E+38
  1.4960E+02  2.0273E+41  2.0198E+41  8.4081E+33  7.5121E+38
  1.5850E+02  1.4724E+41  1.4664E+41  4.8526E+33  5.9781E+38
  1.7780E+02  7.8126E+40  7.7746E+40  1.6230E+33  3.7942E+38
  1.9950E+02  4.1406E+40  4.1166E+40  5.4216E+32  2.4043E+38
  2.2390E+02  2.1848E+40  2.1696E+40  1.8039E+32  1.5216E+38
  2.5120E+02  1.1490E+40  1.1394E+40  5.9830E+31  9.6376E+37
  2.8180E+02  6.0183E+39  5.9572E+39  1.9768E+31  6.1043E+37
  3.1620E+02  3.1381E+39  3.0995E+39  6.5030E+30  3.8617E+37
  3.5480E+02  1.6313E+39  1.6069E+39  2.1324E+30  2.4421E+37
  3.9810E+02  8.4572E+38  8.3028E+38  6.9763E+29  1.5442E+37
  4.4670E+02  4.3744E+38  4.2768E+38  2.2774E+29  9.7603E+36
  5.0120E+02  2.2593E+38  2.1976E+38  7.4255E+28  6.1695E+36
  5.6230E+02  1.1661E+38  1.1271E+38  2.4192E+28  3.9003E+36
  6.3100E+02  6.0089E+37  5.7626E+37  7.8733E+27  2.4629E+36
  7.0790E+02  3.0995E+37  2.9439E+37  2.5657E+27  1.5568E+36
  7.9430E+02  1.5985E+37  1.5002E+37  8.3616E+26  9.8325E+35
  8.9130E+02  8.2517E+36  7.6309E+36  2.7287E+26  6.2077E+35
  1.0000E+03  4.2701E+36  3.8780E+36  8.9319E+25  3.9214E+35
