  1.0000E-03  2.5393E+44  0.0000E+00  1.0280E+43  2.4365E+44
  1.1220E-03  2.0797E+44  0.0000E+00  1.0269E+43  1.9770E+44
  1.2590E-03  1.6687E+44  0.0000E+00  9.7319E+42  1.5713E+44
  1.4130E-03  1.3180E+44  0.0000E+00  8.8082E+42  1.2300E+44
  1.5850E-03  1.0949E+44  0.0000E+00  8.0208E+42  1.0147E+44
  1.7780E-03  1.1135E+44  0.0000E+00  9.2308E+42  1.0212E+44
  1.9950E-03  7.0354E+43  0.0000E+00  7.5125E+42  6.2841E+43
  2.2390E-03  5.0322E+43  0.0000E+00  5.8565E+42  4.4466E+43
  2.5120E-03  4.7421E+43  0.0000E+00  6.8392E+42  4.0582E+43
  2.8180E-03  2.4187E+43  0.0000E+00  4.8272E+42  1.9360E+43
  3.1620E-03  1.3476E+43  0.0000E+00  3.3945E+42  1.0082E+43
  3.5480E-03  7.8799E+42  0.0000E+00  2.3887E+42  5.4911E+42
  3.9810E-03  4.9102E+42  0.0000E+00  1.7135E+42  3.1968E+42
  4.4670E-03  6.7843E+43  0.0000E+00  1.7903E+43  4.9940E+43
  5.0120E-03  3.4598E+43  0.0000E+00  1.2386E+43  2.2211E+43
  5.6230E-03  1.8294E+43  0.0000E+00  8.3418E+42  9.9522E+42
  5.9570E-03  1.3659E+43  0.0000E+00  6.8621E+42  6.7971E+42
  6.6830E-03  8.3055E+42  0.0000E+00  4.8275E+42  3.4781E+42
  7.4990E-03  5.7768E+42  0.0000E+00  3.6859E+42  2.0909E+42
  8.4140E-03  3.7954E+42  0.0000E+00  2.6737E+42  1.1217E+42
  9.4410E-03  2.7277E+42  0.0000E+00  2.0337E+42  6.9404E+41
  1.0590E-02  2.2595E+42  0.0000E+00  1.6724E+42  5.8711E+41
  1.1890E-02  1.7034E+42  0.0000E+00  1.3661E+42  3.3730E+41
  1.3340E-02  1.3113E+42  0.0000E+00  1.0832E+42  2.2807E+41
  1.4960E-02  9.7430E+41  0.0000E+00  8.3913E+41  1.3518E+41
  1.6790E-02  7.3650E+41  0.0000E+00  6.5169E+41  8.4814E+40
  1.8840E-02  5.6947E+41  0.0000E+00  5.1226E+41  5.7205E+40
  2.1130E-02  4.4737E+41  0.0000E+00  4.1117E+41  3.6199E+40
  2.3710E-02  3.4461E+41  0.0000E+00  3.2221E+41  2.2396E+40
  2.6610E-02  2.5869E+41  0.0000E+00  2.4555E+41  1.3137E+40
  2.9850E-02  1.9373E+41  8.5276E-89  1.8596E+41  7.7757E+39
  3.3500E-02  1.4364E+41  2.8982E-74  1.3909E+41  4.5548E+39
  3.7580E-02  1.4091E+41  3.0766E-61  1.3661E+41  4.3015E+39
  4.2170E-02  1.3110E+41  7.0625E-50  1.2860E+41  2.4997E+39
  4.7320E-02  6.5275E+40  4.1810E-40  6.4678E+40  5.9697E+38
  5.3090E-02  2.7289E+40  1.2642E-31  2.7191E+40  9.7823E+37
  6.6830E-02  1.4917E+39  4.0744E-19  1.4916E+39  6.3587E+34
  7.4990E-02  2.8365E+38  1.5308E-14  2.8365E+38  5.8650E+32
  8.4140E-02  3.6840E+38  2.3972E-08  3.6840E+38  1.8289E+33
  9.4410E-02  4.8819E+38  6.1220E-03  4.8818E+38  4.0055E+33
  1.0590E-01  1.7544E+39  3.8630E+03  1.7543E+39  9.5323E+34
  1.1890E-01  7.3540E+39  1.0376E+09  7.3508E+39  3.2486E+36
  1.3340E-01  2.4453E+40  2.8876E+13  2.4413E+40  4.0054E+37
  1.4960E-01  4.8930E+40  1.7691E+17  4.8739E+40  1.9074E+38
  1.5850E-01  5.3261E+40  7.0787E+18  5.3021E+40  2.4008E+38
  1.7780E-01  3.3765E+40  2.1875E+21  3.3646E+40  1.1900E+38
  1.9950E-01  4.6398E+39  3.1583E+22  4.6353E+39  4.4804E+36
  2.2390E-01  1.4910E+39  6.2222E+23  1.4904E+39  5.7237E+35
  2.3710E-01  4.4335E+39  3.8524E+25  4.4282E+39  5.2382E+36
  2.5120E-01  1.3018E+40  2.2712E+27  1.2966E+40  5.2847E+37
  2.6610E-01  2.5771E+40  5.9426E+28  2.5525E+40  2.4633E+38
  2.8180E-01  4.0324E+40  9.2225E+29  3.9592E+40  7.3209E+38
  2.9850E-01  5.6870E+40  1.0266E+31  5.5171E+40  1.6989E+39
  3.1620E-01  7.8366E+40  9.3631E+31  7.4783E+40  3.5831E+39
  3.3500E-01  1.0580E+41  7.2930E+32  9.8752E+40  7.0524E+39
  3.5480E-01  1.3852E+41  4.8133E+33  1.2569E+41  1.2826E+40
  3.7580E-01  1.8163E+41  2.9080E+34  1.5857E+41  2.3061E+40
  3.9810E-01  2.3607E+41  1.5276E+35  1.9699E+41  3.9078E+40
  4.2170E-01  3.1897E+41  7.7181E+35  2.4967E+41  6.9298E+40
  4.4670E-01  4.3690E+41  3.5302E+36  3.1699E+41  1.1991E+41
  4.7320E-01  6.0432E+41  1.4959E+37  4.0009E+41  2.0421E+41
  5.0120E-01  8.3977E+41  5.8496E+37  4.9961E+41  3.4010E+41
  5.3090E-01  1.1916E+42  2.1761E+38  6.2345E+41  5.6792E+41
  5.6230E-01  1.6688E+42  7.3036E+38  7.6511E+41  9.0300E+41
  5.9570E-01  2.3233E+42  2.2690E+39  9.2788E+41  1.3931E+42
  6.3100E-01  3.2501E+42  6.6332E+39  1.1201E+42  2.1234E+42
  6.6830E-01  4.5553E+42  1.8259E+40  1.3430E+42  3.1941E+42
  7.0790E-01  6.3646E+42  4.7234E+40  1.6045E+42  4.7129E+42
  7.4990E-01  8.7383E+42  1.1343E+41  1.8959E+42  6.7290E+42
  7.9430E-01  1.1925E+43  2.5696E+41  2.2297E+42  9.4385E+42
  8.4140E-01  1.6207E+43  5.5298E+41  2.6107E+42  1.3044E+43
  8.9130E-01  2.2225E+43  1.1496E+42  3.0636E+42  1.8011E+43
  9.4410E-01  3.0206E+43  2.2647E+42  3.5638E+42  2.4378E+43
  1.0000E+00  4.0217E+43  4.1840E+42  4.0799E+42  3.1953E+43
  1.0590E+00  5.2644E+43  7.2918E+42  4.6118E+42  4.0740E+43
  1.1220E+00  6.8088E+43  1.2137E+43  5.1513E+42  5.0800E+43
  1.1890E+00  8.7238E+43  1.9382E+43  5.6749E+42  6.2180E+43
  1.2590E+00  1.1112E+44  2.9763E+43  6.1520E+42  7.5201E+43
  1.3340E+00  1.3910E+44  4.3732E+43  6.5401E+42  8.8826E+43
  1.4130E+00  1.6990E+44  6.0984E+43  6.8050E+42  1.0211E+44
  1.4960E+00  2.0318E+44  8.1390E+43  6.9354E+42  1.1485E+44
  1.5850E+00  2.3877E+44  1.0504E+44  6.9250E+42  1.2681E+44
  1.6790E+00  2.7593E+44  1.3113E+44  6.7612E+42  1.3804E+44
  1.7780E+00  3.1323E+44  1.5851E+44  6.4371E+42  1.4829E+44
  1.8840E+00  3.4907E+44  1.8615E+44  5.9688E+42  1.5694E+44
  1.9950E+00  3.8156E+44  2.1224E+44  5.3851E+42  1.6393E+44
  2.1130E+00  4.0898E+44  2.3549E+44  4.7290E+42  1.6877E+44
  2.2390E+00  4.2982E+44  2.5445E+44  4.0449E+42  1.7133E+44
  2.3710E+00  4.4347E+44  2.6821E+44  3.3764E+42  1.7188E+44
  2.5120E+00  4.4985E+44  2.7678E+44  2.7592E+42  1.7032E+44
  2.6610E+00  4.4934E+44  2.8004E+44  2.2124E+42  1.6709E+44
  2.8180E+00  4.4263E+44  2.7833E+44  1.7442E+42  1.6256E+44
  2.9850E+00  4.3081E+44  2.7256E+44  1.3557E+42  1.5689E+44
  3.1620E+00  4.1483E+44  2.6336E+44  1.0406E+42  1.5043E+44
  3.3500E+00  3.9633E+44  2.5223E+44  7.9144E+41  1.4330E+44
  3.5480E+00  3.7564E+44  2.3905E+44  5.9651E+41  1.3600E+44
  3.7580E+00  3.5390E+44  2.2495E+44  4.4631E+41  1.2849E+44
  3.9810E+00  3.3165E+44  2.1038E+44  3.3182E+41  1.2095E+44
  4.2170E+00  3.0946E+44  1.9572E+44  2.4541E+41  1.1350E+44
  4.4670E+00  2.8772E+44  1.8131E+44  1.8065E+41  1.0623E+44
  4.7320E+00  2.6678E+44  1.6747E+44  1.3240E+41  9.9170E+43
  5.0120E+00  2.4710E+44  1.5440E+44  9.6787E+40  9.2600E+43
  5.3090E+00  2.2566E+44  1.4208E+44  6.9671E+40  8.3508E+43
  5.6230E+00  2.0532E+44  1.3067E+44  4.9850E+40  7.4603E+43
  5.9570E+00  1.8632E+44  1.2027E+44  3.5483E+40  6.6010E+43
  6.3100E+00  1.6813E+44  1.1012E+44  2.5046E+40  5.7981E+43
  6.6830E+00  1.5248E+44  1.0190E+44  1.7692E+40  5.0556E+43
  7.0790E+00  1.3763E+44  9.3834E+43  1.2352E+40  4.3786E+43
  7.4990E+00  1.2574E+44  8.8364E+43  8.6129E+39  3.7364E+43
  7.9430E+00  1.2199E+44  9.1596E+43  6.3712E+39  3.0384E+43
  8.4140E+00  1.2332E+44  1.0006E+44  5.2218E+39  2.3250E+43
  8.9130E+00  1.2044E+44  1.0278E+44  4.4280E+39  1.7665E+43
  9.4410E+00  1.1444E+44  1.0102E+44  4.0688E+39  1.3412E+43
  1.0000E+01  1.0343E+44  9.1650E+43  3.1624E+39  1.1777E+43
  1.0590E+01  9.2000E+43  8.1464E+43  2.3489E+39  1.0533E+43
  1.1220E+01  8.0485E+43  7.1036E+43  1.5979E+39  9.4471E+42
  1.1890E+01  7.0020E+43  6.1749E+43  1.0805E+39  8.2698E+42
  1.2590E+01  6.1424E+43  5.4258E+43  7.1900E+38  7.1647E+42
  1.3340E+01  5.4369E+43  4.8263E+43  4.7407E+38  6.1052E+42
  1.4130E+01  4.9434E+43  4.4321E+43  3.1427E+38  5.1122E+42
  1.4960E+01  4.7322E+43  4.3154E+43  2.2496E+38  4.1678E+42
  1.5850E+01  4.6195E+43  4.2839E+43  1.7100E+38  3.3565E+42
  1.6790E+01  4.5550E+43  4.2856E+43  1.3632E+38  2.6937E+42
  1.7780E+01  4.4883E+43  4.2710E+43  1.1181E+38  2.1729E+42
  1.8840E+01  4.3781E+43  4.2012E+43  9.1113E+37  1.7691E+42
  1.9950E+01  4.2174E+43  4.0713E+43  7.1366E+37  1.4607E+42
  2.1130E+01  4.0609E+43  3.9404E+43  5.4181E+37  1.2053E+42
  2.2390E+01  3.9219E+43  3.8230E+43  4.1105E+37  9.8867E+41
  2.3710E+01  3.7876E+43  3.7065E+43  3.1068E+37  8.1030E+41
  2.5120E+01  3.6383E+43  3.5722E+43  2.3425E+37  6.6108E+41
  2.6610E+01  3.4662E+43  3.4124E+43  1.7494E+37  5.3850E+41
  2.8180E+01  3.2664E+43  3.2226E+43  1.2970E+37  4.3826E+41
  2.9850E+01  3.0343E+43  2.9987E+43  9.5097E+36  3.5578E+41
  3.1620E+01  2.7725E+43  2.7437E+43  6.8665E+36  2.8840E+41
  3.3500E+01  2.4881E+43  2.4647E+43  4.8778E+36  2.3339E+41
  3.5480E+01  2.1930E+43  2.1741E+43  3.4093E+36  1.8888E+41
  3.7580E+01  1.8975E+43  1.8822E+43  2.3417E+36  1.5268E+41
  3.9810E+01  1.6107E+43  1.5983E+43  1.5805E+36  1.2328E+41
  4.2170E+01  1.3443E+43  1.3343E+43  1.0490E+36  9.9478E+40
  4.4670E+01  1.1047E+43  1.0967E+43  6.8484E+35  8.0206E+40
  4.7320E+01  8.9531E+42  8.8885E+42  4.4067E+35  6.4600E+40
  5.0120E+01  7.1678E+42  7.1158E+42  2.7992E+35  5.2015E+40
  5.3090E+01  5.6718E+42  5.6299E+42  1.7568E+35  4.1834E+40
  5.6230E+01  4.4449E+42  4.4112E+42  1.0913E+35  3.3631E+40
  5.9570E+01  3.4496E+42  3.4226E+42  6.7104E+34  2.6989E+40
  6.3100E+01  2.6573E+42  2.6356E+42  4.0945E+34  2.1655E+40
  6.6830E+01  2.0335E+42  2.0162E+42  2.4817E+34  1.7371E+40
  7.0790E+01  1.5466E+42  1.5327E+42  1.4945E+34  1.3918E+40
  7.4990E+01  1.1696E+42  1.1584E+42  8.9495E+33  1.1142E+40
  7.9430E+01  8.8054E+41  8.7162E+41  5.3362E+33  8.9177E+39
  8.4140E+01  6.6008E+41  6.5295E+41  3.1676E+33  7.1316E+39
  8.9130E+01  4.9329E+41  4.8759E+41  1.8749E+33  5.7000E+39
  9.4410E+01  3.6758E+41  3.6302E+41  1.1067E+33  4.5550E+39
  1.0000E+02  2.7313E+41  2.6949E+41  6.5151E+32  3.6389E+39
  1.0590E+02  2.0269E+41  1.9978E+41  3.8320E+32  2.9080E+39
  1.1220E+02  1.5013E+41  1.4781E+41  2.2491E+32  2.3190E+39
  1.1890E+02  1.1128E+41  1.0944E+41  1.3214E+32  1.8471E+39
  1.2590E+02  8.2992E+40  8.1517E+40  7.8146E+31  1.4753E+39
  1.3340E+02  6.2079E+40  6.0904E+40  4.6428E+31  1.1750E+39
  1.4130E+02  4.6048E+40  4.5111E+40  2.7457E+31  9.3679E+38
  1.4960E+02  3.3412E+40  3.2664E+40  1.5873E+31  7.4812E+38
  1.5850E+02  2.4061E+40  2.3465E+40  9.0853E+30  5.9564E+38
  1.7780E+02  1.2606E+40  1.2227E+40  3.0054E+30  3.7834E+38
  1.9950E+02  6.6255E+39  6.3856E+39  9.9900E+29  2.3990E+38
  2.2390E+02  3.4789E+39  3.3270E+39  3.3253E+29  1.5189E+38
  2.5120E+02  1.8266E+39  1.7304E+39  1.1093E+29  9.6240E+37
  2.8180E+02  9.5835E+38  8.9738E+38  3.7071E+28  6.0975E+37
  3.1620E+02  5.0222E+38  4.6364E+38  1.2408E+28  3.8583E+37
  3.5480E+02  2.6332E+38  2.3892E+38  4.1664E+27  2.4404E+37
  3.9810E+02  1.3825E+38  1.2281E+38  1.4057E+27  1.5433E+37
  4.4670E+02  7.2738E+37  6.2982E+37  4.7698E+26  9.7559E+36
  5.0120E+02  3.8408E+37  3.2241E+37  1.6302E+26  6.1673E+36
  5.6230E+02  2.0380E+37  1.6481E+37  5.6179E+25  3.8992E+36
  6.3100E+02  1.0865E+37  8.4026E+36  1.9526E+25  2.4624E+36
  7.0790E+02  5.8386E+36  4.2821E+36  6.8632E+24  1.5565E+36
  7.9430E+02  3.1607E+36  2.1776E+36  2.4367E+24  9.8311E+35
  8.9130E+02  1.7263E+36  1.1056E+36  8.7459E+23  6.2070E+35
  1.0000E+03  9.5309E+35  5.6099E+35  3.1770E+23  3.9210E+35
