  1.0000E-03  7.7809E+44  0.0000E+00  9.8620E+41  7.7710E+44
  1.1220E-03  8.4698E+44  0.0000E+00  1.2804E+42  8.4569E+44
  1.2590E-03  9.2016E+44  0.0000E+00  1.5830E+42  9.1858E+44
  1.4130E-03  9.9829E+44  0.0000E+00  1.8782E+42  9.9641E+44
  1.5850E-03  1.0877E+45  0.0000E+00  2.1642E+42  1.0855E+45
  1.7780E-03  1.2074E+45  0.0000E+00  2.7413E+42  1.2046E+45
  1.9950E-03  1.2803E+45  0.0000E+00  3.3669E+42  1.2770E+45
  2.2390E-03  1.3753E+45  0.0000E+00  3.6911E+42  1.3716E+45
  2.5120E-03  1.5131E+45  0.0000E+00  4.9598E+42  1.5081E+45
  2.8180E-03  1.5665E+45  0.0000E+00  5.9931E+42  1.5605E+45
  3.1620E-03  1.6353E+45  0.0000E+00  6.8412E+42  1.6285E+45
  3.5480E-03  1.7142E+45  0.0000E+00  7.5828E+42  1.7066E+45
  3.9810E-03  1.8080E+45  0.0000E+00  8.2114E+42  1.7998E+45
  4.4670E-03  2.6135E+45  0.0000E+00  1.1542E+43  2.6019E+45
  5.0120E-03  2.6880E+45  0.0000E+00  1.4470E+43  2.6735E+45
  5.6230E-03  2.7660E+45  0.0000E+00  1.7348E+43  2.7486E+45
  5.9570E-03  2.8114E+45  0.0000E+00  1.8735E+43  2.7927E+45
  6.6830E-03  2.9287E+45  0.0000E+00  2.1362E+43  2.9074E+45
  7.4990E-03  3.0975E+45  0.0000E+00  2.4029E+43  3.0735E+45
  8.4140E-03  3.2416E+45  0.0000E+00  2.6838E+43  3.2148E+45
  9.4410E-03  3.4374E+45  0.0000E+00  2.9361E+43  3.4080E+45
  1.0590E-02  3.7499E+45  0.0000E+00  3.0797E+43  3.7191E+45
  1.1890E-02  3.9534E+45  0.0000E+00  3.5369E+43  3.9180E+45
  1.3340E-02  4.2263E+45  0.0000E+00  3.8269E+43  4.1881E+45
  1.4960E-02  4.4621E+45  0.0000E+00  4.2018E+43  4.4201E+45
  1.6790E-02  4.7387E+45  0.0000E+00  4.5499E+43  4.6932E+45
  1.8840E-02  5.0647E+45  0.0000E+00  4.8710E+43  5.0160E+45
  2.1130E-02  5.3801E+45  0.0000E+00  5.3187E+43  5.3269E+45
  2.3710E-02  5.7047E+45  0.0000E+00  5.7556E+43  5.6471E+45
  2.6610E-02  6.0197E+45  0.0000E+00  6.1977E+43  5.9577E+45
  2.9850E-02  6.3538E+45  1.3213E-83  6.6287E+43  6.2875E+45
  3.3500E-02  6.7022E+45  8.0596E-69  7.0506E+43  6.6317E+45
  3.7580E-02  7.3963E+45  9.9602E-56  7.6904E+43  7.3194E+45
  4.2170E-02  7.8033E+45  4.1200E-44  8.9873E+43  7.7134E+45
  4.7320E-02  7.5571E+45  9.7350E-34  9.2741E+43  7.4643E+45
  5.3090E-02  6.6019E+45  1.5275E-24  8.6769E+43  6.5151E+45
  6.6830E-02  3.1605E+45  3.1136E-09  5.5531E+43  3.1049E+45
  7.4990E-02  1.9796E+45  7.1243E-03  3.7141E+43  1.9424E+45
  8.4140E-02  2.1622E+45  4.0968E+03  3.9574E+43  2.1226E+45
  9.4410E-02  2.2850E+45  5.2471E+08  4.2335E+43  2.2426E+45
  1.0590E-01  2.8461E+45  1.9229E+13  5.2896E+43  2.7932E+45
  1.1890E-01  3.4085E+45  1.9132E+17  5.8522E+43  3.3499E+45
  1.3340E-01  3.7082E+45  4.6658E+20  6.0011E+43  3.6482E+45
  1.4960E-01  3.6852E+45  5.9733E+23  5.4833E+43  3.6304E+45
  1.5850E-01  3.4827E+45  1.8008E+25  5.1174E+43  3.4316E+45
  1.7780E-01  2.7824E+45  9.1125E+27  4.2472E+43  2.7399E+45
  1.9950E-01  1.7340E+45  2.1654E+30  2.7313E+43  1.7067E+45
  2.2390E-01  1.2142E+45  2.3400E+32  1.9205E+43  1.1949E+45
  2.3710E-01  1.3871E+45  1.8719E+33  2.1406E+43  1.3657E+45
  2.5120E-01  1.5974E+45  1.2879E+34  2.2963E+43  1.5744E+45
  2.6610E-01  1.7090E+45  7.8090E+34  2.2788E+43  1.6862E+45
  2.8180E-01  1.7521E+45  4.2018E+35  2.1668E+43  1.7304E+45
  2.9850E-01  1.7541E+45  2.0228E+36  2.0307E+43  1.7338E+45
  3.1620E-01  1.7402E+45  8.6906E+36  1.8986E+43  1.7213E+45
  3.3500E-01  1.7149E+45  3.3927E+37  1.7670E+43  1.6972E+45
  3.5480E-01  1.6780E+45  1.2060E+38  1.6357E+43  1.6616E+45
  3.7580E-01  1.6398E+45  3.9653E+38  1.5059E+43  1.6248E+45
  3.9810E-01  1.5934E+45  1.1949E+39  1.3868E+43  1.5795E+45
  4.2170E-01  1.5549E+45  3.3229E+39  1.2712E+43  1.5422E+45
  4.4670E-01  1.5140E+45  8.5466E+39  1.1667E+43  1.5023E+45
  4.7320E-01  1.4718E+45  2.0651E+40  1.0665E+43  1.4611E+45
  5.0120E-01  1.4280E+45  4.6984E+40  9.7070E+42  1.4183E+45
  5.3090E-01  1.3858E+45  1.0141E+41  8.7816E+42  1.3769E+45
  5.6230E-01  1.3388E+45  2.0643E+41  7.9434E+42  1.3307E+45
  5.9570E-01  1.2895E+45  3.9969E+41  7.1668E+42  1.2820E+45
  6.3100E-01  1.2411E+45  7.3651E+41  6.4404E+42  1.2339E+45
  6.6830E-01  1.1934E+45  1.2938E+42  5.7585E+42  1.1863E+45
  7.0790E-01  1.1456E+45  2.1735E+42  5.1361E+42  1.1383E+45
  7.4990E-01  1.0969E+45  3.4945E+42  4.5712E+42  1.0888E+45
  7.9430E-01  1.0493E+45  5.3894E+42  4.0506E+42  1.0398E+45
  8.4140E-01  1.0032E+45  8.0086E+42  3.5700E+42  9.9162E+44
  8.9130E-01  9.6020E+44  1.1507E+43  3.1207E+42  9.4557E+44
  9.4410E-01  9.1872E+44  1.5977E+43  2.7115E+42  9.0003E+44
  1.0000E+00  8.7793E+44  2.1471E+43  2.3447E+42  8.5412E+44
  1.0590E+00  8.3865E+44  2.7982E+43  2.0201E+42  8.0865E+44
  1.1220E+00  8.0087E+44  3.5601E+43  1.7293E+42  7.6353E+44
  1.1890E+00  7.6522E+44  4.4293E+43  1.4678E+42  7.1946E+44
  1.2590E+00  7.3286E+44  5.3721E+43  1.2323E+42  6.7791E+44
  1.3340E+00  7.0168E+44  6.3891E+43  1.0268E+42  6.3676E+44
  1.4130E+00  6.7194E+44  7.4265E+43  8.5374E+41  5.9682E+44
  1.4960E+00  6.4394E+44  8.4641E+43  7.0715E+41  5.5859E+44
  1.5850E+00  6.1715E+44  9.5202E+43  5.8115E+41  5.2137E+44
  1.6790E+00  5.9188E+44  1.0532E+44  4.7304E+41  4.8609E+44
  1.7780E+00  5.6779E+44  1.1458E+44  3.8055E+41  4.5283E+44
  1.8840E+00  5.4439E+44  1.2319E+44  3.0212E+41  4.2090E+44
  1.9950E+00  5.2191E+44  1.3059E+44  2.3690E+41  3.9108E+44
  2.1130E+00  4.9981E+44  1.3687E+44  1.8353E+41  3.6275E+44
  2.2390E+00  4.7782E+44  1.4185E+44  1.4062E+41  3.3583E+44
  2.3710E+00  4.5617E+44  1.4524E+44  1.0678E+41  3.1082E+44
  2.5120E+00  4.3460E+44  1.4737E+44  8.0496E+40  2.8714E+44
  2.6610E+00  4.1317E+44  1.4804E+44  6.0330E+40  2.6507E+44
  2.8180E+00  3.9180E+44  1.4717E+44  4.4979E+40  2.4459E+44
  2.9850E+00  3.7053E+44  1.4504E+44  3.3391E+40  2.2546E+44
  3.1620E+00  3.4936E+44  1.4166E+44  2.4691E+40  2.0767E+44
  3.3500E+00  3.2883E+44  1.3768E+44  1.8222E+40  1.9113E+44
  3.5480E+00  3.0842E+44  1.3248E+44  1.3401E+40  1.7593E+44
  3.7580E+00  2.8853E+44  1.2668E+44  9.8283E+39  1.6184E+44
  3.9810E+00  2.6924E+44  1.2042E+44  7.1906E+39  1.4880E+44
  4.2170E+00  2.5058E+44  1.1378E+44  5.2486E+39  1.3679E+44
  4.4670E+00  2.3263E+44  1.0692E+44  3.8218E+39  1.2571E+44
  4.7320E+00  2.1562E+44  1.0012E+44  2.7766E+39  1.1549E+44
  5.0120E+00  1.9987E+44  9.3516E+43  2.0168E+39  1.0635E+44
  5.3090E+00  1.8189E+44  8.7138E+43  1.4368E+39  9.4754E+43
  5.6230E+00  1.6493E+44  8.1149E+43  1.0181E+39  8.3775E+43
  5.9570E+00  1.4916E+44  7.5675E+43  7.1842E+38  7.3482E+43
  6.3100E+00  1.3404E+44  7.0005E+43  5.0271E+38  6.4037E+43
  6.6830E+00  1.2090E+44  6.5430E+43  3.5167E+38  5.5470E+43
  7.0790E+00  1.0841E+44  6.0658E+43  2.4304E+38  4.7753E+43
  7.4990E+00  1.0097E+44  6.0119E+43  1.7248E+38  4.0846E+43
  7.9430E+00  1.1280E+44  7.8165E+43  1.4778E+38  3.4634E+43
  8.4140E+00  1.4480E+44  1.1573E+44  1.5657E+38  2.9072E+43
  8.9130E+00  1.7232E+44  1.4803E+44  1.6469E+38  2.4291E+43
  9.4410E+00  1.9340E+44  1.7317E+44  1.8143E+38  2.0225E+43
  1.0000E+01  1.6442E+44  1.4741E+44  1.3156E+38  1.7012E+43
  1.0590E+01  1.3201E+44  1.1771E+44  8.7140E+37  1.4299E+43
  1.1220E+01  1.0088E+44  8.8908E+43  5.1059E+37  1.1971E+43
  1.1890E+01  7.8224E+43  6.8259E+43  3.0455E+37  9.9651E+42
  1.2590E+01  6.0916E+43  5.2630E+43  1.7852E+37  8.2862E+42
  1.3340E+01  4.8268E+43  4.1418E+43  1.0485E+37  6.8498E+42
  1.4130E+01  4.0682E+43  3.5035E+43  6.4347E+36  5.6465E+42
  1.4960E+01  3.9325E+43  3.4685E+43  4.6738E+36  4.6400E+42
  1.5850E+01  3.9469E+43  3.5676E+43  3.6805E+36  3.7931E+42
  1.6790E+01  3.9850E+43  3.6754E+43  3.0323E+36  3.0959E+42
  1.7780E+01  3.9126E+43  3.6600E+43  2.5002E+36  2.5266E+42
  1.8840E+01  3.6371E+43  3.4315E+43  1.9527E+36  2.0565E+42
  1.9950E+01  3.2016E+43  3.0339E+43  1.3986E+36  1.6772E+42
  2.1130E+01  2.7892E+43  2.6527E+43  9.5905E+35  1.3650E+42
  2.2390E+01  2.4491E+43  2.3384E+43  6.5970E+35  1.1072E+42
  2.3710E+01  2.1626E+43  2.0727E+43  4.5399E+35  8.9891E+41
  2.5120E+01  1.9116E+43  1.8388E+43  3.1334E+35  7.2752E+41
  2.6610E+01  1.6856E+43  1.6267E+43  2.1521E+35  5.8839E+41
  2.8180E+01  1.4810E+43  1.4334E+43  1.4775E+35  4.7585E+41
  2.9850E+01  1.2913E+43  1.2529E+43  1.0094E+35  3.8410E+41
  3.1620E+01  1.1143E+43  1.0833E+43  6.8317E+34  3.0968E+41
  3.3500E+01  9.4993E+42  9.2499E+42  4.5764E+34  2.4933E+41
  3.5480E+01  8.0019E+42  7.8011E+42  3.0356E+34  2.0081E+41
  3.7580E+01  6.6462E+42  6.4846E+42  1.9881E+34  1.6157E+41
  3.9810E+01  5.4328E+42  5.3030E+42  1.2835E+34  1.2983E+41
  4.2170E+01  4.3809E+42  4.2766E+42  8.1785E+33  1.0428E+41
  4.4670E+01  3.4884E+42  3.4047E+42  5.1423E+33  8.3700E+40
  4.7320E+01  2.7470E+42  2.6799E+42  3.1967E+33  6.7130E+40
  5.0120E+01  2.1425E+42  2.0887E+42  1.9680E+33  5.3839E+40
  5.3090E+01  1.6557E+42  1.6126E+42  1.2005E+33  4.3143E+40
  5.6230E+01  1.2702E+42  1.2356E+42  7.2698E+32  3.4568E+40
  5.9570E+01  9.6687E+41  9.3921E+41  4.3684E+32  2.7657E+40
  6.3100E+01  7.3196E+41  7.0983E+41  2.6114E+32  2.2130E+40
  6.6830E+01  5.5146E+41  5.3375E+41  1.5542E+32  1.7708E+40
  7.0790E+01  4.1357E+41  3.9941E+41  9.2115E+31  1.4158E+40
  7.4990E+01  3.0883E+41  2.9752E+41  5.4393E+31  1.1311E+40
  7.9430E+01  2.2993E+41  2.2089E+41  3.2047E+31  9.0378E+39
  8.4140E+01  1.7067E+41  1.6345E+41  1.8831E+31  7.2166E+39
  8.9130E+01  1.2643E+41  1.2067E+41  1.1053E+31  5.7602E+39
  9.4410E+01  9.3492E+40  8.8894E+40  6.4805E+30  4.5976E+39
  1.0000E+02  6.9011E+40  6.5342E+40  3.7958E+30  3.6691E+39
  1.0590E+02  5.0924E+40  4.7994E+40  2.2247E+30  2.9294E+39
  1.1220E+02  3.7530E+40  3.5196E+40  1.3026E+30  2.3342E+39
  1.1890E+02  2.7688E+40  2.5830E+40  7.6393E+29  1.8579E+39
  1.2590E+02  2.0548E+40  1.9065E+40  4.5101E+29  1.4830E+39
  1.3340E+02  1.5284E+40  1.4104E+40  2.6729E+29  1.1805E+39
  1.4130E+02  1.1307E+40  1.0366E+40  1.5834E+29  9.4076E+38
  1.4960E+02  8.2332E+39  7.4822E+39  9.2515E+28  7.5092E+38
  1.5850E+02  5.9582E+39  5.3606E+39  5.3656E+28  5.9760E+38
  1.7780E+02  3.1522E+39  2.7729E+39  1.8248E+28  3.7932E+38
  1.9950E+02  1.6773E+39  1.4369E+39  6.2665E+27  2.4038E+38
  2.2390E+02  8.9541E+38  7.4328E+38  2.1700E+27  1.5213E+38
  2.5120E+02  4.8048E+38  3.8411E+38  7.5885E+26  9.6363E+37
  2.8180E+02  2.5911E+38  1.9807E+38  2.6794E+26  6.1037E+37
  3.1620E+02  1.4044E+38  1.0182E+38  9.5461E+25  3.8614E+37
  3.5480E+02  7.6658E+37  5.2239E+37  3.4352E+25  2.4419E+37
  3.9810E+02  4.2188E+37  2.6747E+37  1.2496E+25  1.5441E+37
  4.4670E+02  2.3428E+37  1.3668E+37  4.5921E+24  9.7599E+36
  5.0120E+02  1.3144E+37  6.9747E+36  1.7050E+24  6.1693E+36
  5.6230E+02  7.4554E+36  3.5552E+36  6.3920E+23  3.9002E+36
  6.3100E+02  4.2709E+36  1.8080E+36  2.4156E+23  2.4629E+36
  7.0790E+02  2.4760E+36  9.1926E+35  9.2117E+22  1.5568E+36
  7.9430E+02  1.4497E+36  4.6650E+35  3.5350E+22  9.8324E+35
  8.9130E+02  8.5718E+35  2.3641E+35  1.3646E+22  6.2076E+35
  1.0000E+03  5.1188E+35  1.1975E+35  5.2997E+21  3.9213E+35
