  1.0000E-03  8.2260E+44  0.0000E+00  2.1128E+42  8.2048E+44
  1.1220E-03  9.0794E+44  0.0000E+00  2.7517E+42  9.0519E+44
  1.2590E-03  1.0009E+45  0.0000E+00  3.4189E+42  9.9750E+44
  1.4130E-03  1.1024E+45  0.0000E+00  4.0847E+42  1.0983E+45
  1.5850E-03  1.2162E+45  0.0000E+00  4.7543E+42  1.2114E+45
  1.7780E-03  1.3550E+45  0.0000E+00  6.0709E+42  1.3489E+45
  1.9950E-03  1.4733E+45  0.0000E+00  7.4750E+42  1.4659E+45
  2.2390E-03  1.6122E+45  0.0000E+00  8.2835E+42  1.6039E+45
  2.5120E-03  1.7872E+45  0.0000E+00  1.1128E+43  1.7760E+45
  2.8180E-03  1.9177E+45  0.0000E+00  1.3378E+43  1.9044E+45
  3.1620E-03  2.0668E+45  0.0000E+00  1.5213E+43  2.0516E+45
  3.5480E-03  2.2322E+45  0.0000E+00  1.6779E+43  2.2155E+45
  3.9810E-03  2.4190E+45  0.0000E+00  1.8046E+43  2.4010E+45
  4.4670E-03  3.1667E+45  0.0000E+00  2.3620E+43  3.1431E+45
  5.0120E-03  3.3827E+45  0.0000E+00  3.0534E+43  3.3522E+45
  5.6230E-03  3.6130E+45  0.0000E+00  3.7506E+43  3.5755E+45
  5.9570E-03  3.7381E+45  0.0000E+00  4.0919E+43  3.6972E+45
  6.6830E-03  4.0190E+45  0.0000E+00  4.7444E+43  3.9716E+45
  7.4990E-03  4.3566E+45  0.0000E+00  5.4189E+43  4.3024E+45
  8.4140E-03  4.6968E+45  0.0000E+00  6.1127E+43  4.6357E+45
  9.4410E-03  5.0992E+45  0.0000E+00  6.7581E+43  5.0316E+45
  1.0590E-02  5.6175E+45  0.0000E+00  7.2094E+43  5.5455E+45
  1.1890E-02  6.0847E+45  0.0000E+00  8.2980E+43  6.0018E+45
  1.3340E-02  6.6343E+45  0.0000E+00  9.0582E+43  6.5437E+45
  1.4960E-02  7.1849E+45  0.0000E+00  9.9998E+43  7.0849E+45
  1.6790E-02  7.8073E+45  0.0000E+00  1.0907E+44  7.6983E+45
  1.8840E-02  8.5105E+45  0.0000E+00  1.1786E+44  8.3926E+45
  2.1130E-02  9.2463E+45  0.0000E+00  1.2957E+44  9.1167E+45
  2.3710E-02  1.0037E+46  0.0000E+00  1.4128E+44  9.8953E+45
  2.6610E-02  1.0866E+46  0.0000E+00  1.5338E+44  1.0712E+46
  2.9850E-02  1.1760E+46  3.9307E-83  1.6563E+44  1.1594E+46
  3.3500E-02  1.2724E+46  2.4404E-68  1.7795E+44  1.2546E+46
  3.7580E-02  1.4141E+46  3.0346E-55  1.9355E+44  1.3947E+46
  4.2170E-02  1.5315E+46  1.2803E-43  2.3101E+44  1.5084E+46
  4.7320E-02  1.5750E+46  3.1576E-33  2.4714E+44  1.5503E+46
  5.3090E-02  1.4785E+46  5.2285E-24  2.4089E+44  1.4544E+46
  6.6830E-02  9.4391E+45  1.3516E-08  1.7783E+44  9.2613E+45
  7.4990E-02  7.0840E+45  3.6134E-02  1.3507E+44  6.9489E+45
  8.4140E-02  7.4078E+45  2.0304E+04  1.3777E+44  7.2700E+45
  9.4410E-02  7.5995E+45  2.5691E+09  1.4238E+44  7.4572E+45
  1.0590E-01  8.3642E+45  8.6728E+13  1.6012E+44  8.2041E+45
  1.1890E-01  8.6982E+45  7.7899E+17  1.5741E+44  8.5408E+45
  1.3340E-01  8.5458E+45  1.7479E+21  1.4799E+44  8.3978E+45
  1.4960E-01  7.9588E+45  2.1232E+24  1.2493E+44  7.8339E+45
  1.5850E-01  7.4293E+45  6.3368E+25  1.1437E+44  7.3149E+45
  1.7780E-01  6.0326E+45  3.2318E+28  9.8299E+43  5.9343E+45
  1.9950E-01  4.2116E+45  8.3522E+30  7.1490E+43  4.1401E+45
  2.2390E-01  3.1542E+45  9.5176E+32  5.5802E+43  3.0984E+45
  2.3710E-01  3.2934E+45  7.0782E+33  5.9693E+43  3.2337E+45
  2.5120E-01  3.4524E+45  4.5065E+34  6.1093E+43  3.3913E+45
  2.6610E-01  3.4642E+45  2.5910E+35  5.8760E+43  3.4055E+45
  2.8180E-01  3.3891E+45  1.3409E+36  5.4759E+43  3.3344E+45
  2.9850E-01  3.2691E+45  6.2593E+36  5.0594E+43  3.2185E+45
  3.1620E-01  3.1366E+45  2.6160E+37  4.6791E+43  3.0898E+45
  3.3500E-01  2.9971E+45  9.9586E+37  4.3169E+43  2.9540E+45
  3.5480E-01  2.8526E+45  3.4617E+38  3.9691E+43  2.8129E+45
  3.7580E-01  2.7123E+45  1.1133E+39  3.6372E+43  2.6759E+45
  3.9810E-01  2.5705E+45  3.2893E+39  3.3356E+43  2.5372E+45
  4.2170E-01  2.4416E+45  8.9540E+39  3.0500E+43  2.4111E+45
  4.4670E-01  2.3165E+45  2.2572E+40  2.7930E+43  2.2885E+45
  4.7320E-01  2.1956E+45  5.3497E+40  2.5494E+43  2.1700E+45
  5.0120E-01  2.0788E+45  1.1950E+41  2.3183E+43  2.0555E+45
  5.3090E-01  1.9681E+45  2.5328E+41  2.0977E+43  1.9469E+45
  5.6230E-01  1.8590E+45  5.0739E+41  1.8978E+43  1.8395E+45
  5.9570E-01  1.7528E+45  9.6831E+41  1.7131E+43  1.7347E+45
  6.3100E-01  1.6524E+45  1.7604E+42  1.5409E+43  1.6353E+45
  6.6830E-01  1.5574E+45  3.0545E+42  1.3798E+43  1.5406E+45
  7.0790E-01  1.4671E+45  5.0770E+42  1.2324E+43  1.4497E+45
  7.4990E-01  1.3809E+45  8.0946E+42  1.0982E+43  1.3618E+45
  7.9430E-01  1.3005E+45  1.2404E+43  9.7424E+42  1.2783E+45
  8.4140E-01  1.2259E+45  1.8350E+43  8.6026E+42  1.1989E+45
  8.9130E-01  1.1583E+45  2.6297E+43  7.5408E+42  1.1245E+45
  9.4410E-01  1.0968E+45  3.6513E+43  6.5814E+42  1.0537E+45
  1.0000E+00  1.0406E+45  4.9215E+43  5.7290E+42  9.8563E+44
  1.0590E+00  9.9042E+44  6.4525E+43  4.9796E+42  9.2092E+44
  1.1220E+00  9.4608E+44  8.2851E+43  4.3114E+42  8.5892E+44
  1.1890E+00  9.0813E+44  1.0433E+44  3.7126E+42  8.0009E+44
  1.2590E+00  8.7723E+44  1.2837E+44  3.1717E+42  7.4568E+44
  1.3340E+00  8.5149E+44  1.5535E+44  2.7010E+42  6.9344E+44
  1.4130E+00  8.3064E+44  1.8415E+44  2.3048E+42  6.4419E+44
  1.4960E+00  8.1446E+44  2.1438E+44  1.9665E+42  5.9811E+44
  1.5850E+00  8.0257E+44  2.4670E+44  1.6716E+42  5.5420E+44
  1.6790E+00  7.9403E+44  2.7938E+44  1.4110E+42  5.1324E+44
  1.7780E+00  7.8757E+44  3.1121E+44  1.1788E+42  4.7518E+44
  1.8840E+00  7.8273E+44  3.4255E+44  9.7347E+41  4.3920E+44
  1.9950E+00  7.7817E+44  3.7135E+44  7.9370E+41  4.0603E+44
  2.1130E+00  7.7306E+44  3.9749E+44  6.3905E+41  3.7493E+44
  2.2390E+00  7.6620E+44  4.1996E+44  5.0818E+41  3.4573E+44
  2.3710E+00  7.5655E+44  4.3728E+44  3.9927E+41  3.1887E+44
  2.5120E+00  7.4398E+44  4.4998E+44  3.1059E+41  2.9369E+44
  2.6610E+00  7.2765E+44  4.5700E+44  2.3927E+41  2.7041E+44
  2.8180E+00  7.0686E+44  4.5773E+44  1.8249E+41  2.4895E+44
  2.9850E+00  6.8202E+44  4.5286E+44  1.3796E+41  2.2902E+44
  3.1620E+00  6.5296E+44  4.4226E+44  1.0336E+41  2.1059E+44
  3.3500E+00  6.2155E+44  4.2794E+44  7.6940E+40  1.9353E+44
  3.5480E+00  5.8604E+44  4.0808E+44  5.6721E+40  1.7790E+44
  3.7580E+00  5.4841E+44  3.8489E+44  4.1487E+40  1.6347E+44
  3.9810E+00  5.0925E+44  3.5906E+44  3.0113E+40  1.5015E+44
  4.2170E+00  4.6913E+44  3.3121E+44  2.1691E+40  1.3791E+44
  4.4670E+00  4.2883E+44  3.0218E+44  1.5507E+40  1.2664E+44
  4.7320E+00  3.8952E+44  2.7324E+44  1.1013E+40  1.1627E+44
  5.0120E+00  3.5212E+44  2.4512E+44  7.7847E+39  1.0700E+44
  5.3090E+00  3.1353E+44  2.1824E+44  5.4173E+39  9.5280E+43
  5.6230E+00  2.7750E+44  1.9329E+44  3.7439E+39  8.4204E+43
  5.9570E+00  2.4447E+44  1.7064E+44  2.5729E+39  7.3830E+43
  6.3100E+00  2.1331E+44  1.4899E+44  1.7491E+39  6.4319E+43
  6.6830E+00  1.8613E+44  1.3043E+44  1.1854E+39  5.5699E+43
  7.0790E+00  1.6086E+44  1.1292E+44  7.9154E+38  4.7938E+43
  7.4990E+00  1.4764E+44  1.0663E+44  5.5565E+38  4.1010E+43
  7.9430E+00  1.7735E+44  1.4251E+44  5.1278E+38  3.4845E+43
  8.4140E+00  2.4581E+44  2.1643E+44  5.8372E+38  2.9382E+43
  8.9130E+00  2.9599E+44  2.7132E+44  6.1634E+38  2.4664E+43
  9.4410E+00  3.2594E+44  3.0531E+44  6.5958E+38  2.0628E+43
  1.0000E+01  2.5825E+44  2.4094E+44  4.4593E+38  1.7316E+43
  1.0590E+01  1.9063E+44  1.7612E+44  2.7251E+38  1.4511E+43
  1.1220E+01  1.3159E+44  1.1948E+44  1.4537E+38  1.2107E+43
  1.1890E+01  9.1884E+43  8.1830E+43  7.8825E+37  1.0054E+43
  1.2590E+01  6.3699E+43  5.5355E+43  4.1671E+37  8.3438E+42
  1.3340E+01  4.4632E+43  3.7745E+43  2.2002E+37  6.8872E+42
  1.4130E+01  3.3612E+43  2.7939E+43  1.2275E+37  5.6730E+42
  1.4960E+01  3.0283E+43  2.5619E+43  8.3876E+36  4.6637E+42
  1.5850E+01  2.8412E+43  2.4597E+43  6.2155E+36  3.8152E+42
  1.6790E+01  2.6634E+43  2.3518E+43  4.7858E+36  3.1165E+42
  1.7780E+01  2.3928E+43  2.1384E+43  3.6450E+36  2.5449E+42
  1.8840E+01  1.9934E+43  1.7862E+43  2.5906E+36  2.0713E+42
  1.9950E+01  1.5433E+43  1.3744E+43  1.6684E+36  1.6882E+42
  2.1130E+01  1.1723E+43  1.0350E+43  1.0237E+36  1.3730E+42
  2.2390E+01  8.9552E+42  7.8421E+42  6.2940E+35  1.1132E+42
  2.3710E+01  6.8832E+42  5.9799E+42  3.8761E+35  9.0331E+41
  2.5120E+01  5.3032E+42  4.5724E+42  2.3976E+35  7.3079E+41
  2.6610E+01  4.0893E+42  3.4984E+42  1.4806E+35  5.9083E+41
  2.8180E+01  3.1610E+42  2.6834E+42  9.1864E+34  4.7767E+41
  2.9850E+01  2.4410E+42  2.0555E+42  5.7053E+34  3.8546E+41
  3.1620E+01  1.8798E+42  1.5691E+42  3.5337E+34  3.1070E+41
  3.3500E+01  1.4430E+42  1.1929E+42  2.1835E+34  2.5009E+41
  3.5480E+01  1.1060E+42  9.0467E+41  1.3482E+34  2.0137E+41
  3.7580E+01  8.4357E+41  6.8158E+41  8.2869E+33  1.6199E+41
  3.9810E+01  6.3830E+41  5.0816E+41  5.0584E+33  1.3014E+41
  4.2170E+01  4.8050E+41  3.7599E+41  3.0710E+33  1.0450E+41
  4.4670E+01  3.6007E+41  2.7620E+41  1.8536E+33  8.3862E+40
  4.7320E+01  2.6891E+41  2.0167E+41  1.1140E+33  6.7247E+40
  5.0120E+01  2.0046E+41  1.4654E+41  6.6778E+32  5.3924E+40
  5.3090E+01  1.4915E+41  1.0595E+41  3.9933E+32  4.3203E+40
  5.6230E+01  1.1096E+41  7.6351E+40  2.3861E+32  3.4611E+40
  5.9570E+01  8.2461E+40  5.4773E+40  1.4236E+32  2.7688E+40
  6.3100E+01  6.1369E+40  3.9217E+40  8.5025E+31  2.2152E+40
  6.6830E+01  4.5754E+40  2.8030E+40  5.0859E+31  1.7724E+40
  7.0790E+01  3.4167E+40  1.9998E+40  3.0461E+31  1.4169E+40
  7.4990E+01  2.5561E+40  1.4242E+40  1.8275E+31  1.1319E+40
  7.9430E+01  1.9181E+40  1.0138E+40  1.0995E+31  9.0433E+39
  8.4140E+01  1.4431E+40  7.2102E+39  6.6294E+30  7.2205E+39
  8.9130E+01  1.0891E+40  5.1284E+39  4.0090E+30  5.7629E+39
  9.4410E+01  8.2469E+39  3.6473E+39  2.4317E+30  4.5995E+39
  1.0000E+02  6.2641E+39  2.5937E+39  1.4790E+30  3.6704E+39
  1.0590E+02  4.7769E+39  1.8465E+39  9.0292E+29  2.9304E+39
  1.1220E+02  3.6491E+39  1.3142E+39  5.5170E+29  2.3348E+39
  1.1890E+02  2.7954E+39  9.3702E+38  3.3790E+29  1.8584E+39
  1.2590E+02  2.1559E+39  6.7252E+38  2.0828E+29  1.4834E+39
  1.3340E+02  1.6645E+39  4.8378E+38  1.2864E+29  1.1808E+39
  1.4130E+02  1.2878E+39  3.4682E+38  7.9901E+28  9.4094E+38
  1.4960E+02  9.9661E+38  2.4557E+38  4.9592E+28  7.5104E+38
  1.5850E+02  7.7053E+38  1.7284E+38  3.0651E+28  5.9769E+38
  1.7780E+02  4.6577E+38  8.6405E+37  1.1801E+28  3.7936E+38
  1.9950E+02  2.8378E+38  4.3378E+37  4.5722E+27  2.4041E+38
  2.2390E+02  1.7395E+38  2.1807E+37  1.7806E+27  1.5214E+38
  2.5120E+02  1.0735E+38  1.0986E+37  6.9735E+26  9.6368E+37
  2.8180E+02  6.6577E+37  5.5380E+36  2.7422E+26  6.1040E+37
  3.1620E+02  4.1405E+37  2.7898E+36  1.0805E+26  3.8615E+37
  3.5480E+02  2.5826E+37  1.4057E+36  4.2655E+25  2.4420E+37
  3.9810E+02  1.6150E+37  7.0827E+35  1.6876E+25  1.5441E+37
  4.4670E+02  1.0117E+37  3.5678E+35  6.6856E+24  9.7600E+36
  5.0120E+02  6.3491E+36  1.7974E+35  2.6522E+24  6.1693E+36
  5.6230E+02  3.9908E+36  9.0576E+34  1.0532E+24  3.9003E+36
  6.3100E+02  2.5085E+36  4.5593E+34  4.1820E+23  2.4629E+36
  7.0790E+02  1.5797E+36  2.2970E+34  1.6633E+23  1.5568E+36
  7.9430E+02  9.9480E+35  1.1562E+34  6.6136E+22  9.8324E+35
  8.9130E+02  6.2658E+35  5.8163E+33  2.6298E+22  6.2077E+35
  1.0000E+03  3.9506E+35  2.9269E+33  1.0468E+22  3.9213E+35
