  1.0000E-03  7.2507E+44  0.0000E+00  4.8808E+42  7.2019E+44
  1.1220E-03  7.7464E+44  0.0000E+00  5.9950E+42  7.6865E+44
  1.2590E-03  8.2456E+44  0.0000E+00  7.0052E+42  8.1755E+44
  1.4130E-03  8.7514E+44  0.0000E+00  7.8558E+42  8.6728E+44
  1.5850E-03  9.3484E+44  0.0000E+00  8.6318E+42  9.2621E+44
  1.7780E-03  1.0287E+45  0.0000E+00  1.0664E+43  1.0180E+45
  1.9950E-03  1.0516E+45  0.0000E+00  1.2024E+43  1.0396E+45
  2.2390E-03  1.0958E+45  0.0000E+00  1.2367E+43  1.0834E+45
  2.5120E-03  1.1876E+45  0.0000E+00  1.5950E+43  1.1717E+45
  2.8180E-03  1.1678E+45  0.0000E+00  1.7459E+43  1.1503E+45
  3.1620E-03  1.1631E+45  0.0000E+00  1.8364E+43  1.1448E+45
  3.5480E-03  1.1662E+45  0.0000E+00  1.8933E+43  1.1473E+45
  3.9810E-03  1.1812E+45  0.0000E+00  1.9242E+43  1.1619E+45
  4.4670E-03  2.0669E+45  0.0000E+00  3.8697E+43  2.0282E+45
  5.0120E-03  2.0066E+45  0.0000E+00  4.4143E+43  1.9624E+45
  5.6230E-03  1.9485E+45  0.0000E+00  4.8463E+43  1.9000E+45
  5.9570E-03  1.9259E+45  0.0000E+00  5.0257E+43  1.8757E+45
  6.6830E-03  1.9077E+45  0.0000E+00  5.3381E+43  1.8543E+45
  7.4990E-03  1.9358E+45  0.0000E+00  5.6674E+43  1.8792E+45
  8.4140E-03  1.9328E+45  0.0000E+00  5.9465E+43  1.8733E+45
  9.4410E-03  1.9704E+45  0.0000E+00  6.1685E+43  1.9087E+45
  1.0590E-02  2.0998E+45  0.0000E+00  6.2397E+43  2.0374E+45
  1.1890E-02  2.1228E+45  0.0000E+00  6.7865E+43  2.0549E+45
  1.3340E-02  2.1923E+45  0.0000E+00  7.0036E+43  2.1223E+45
  1.4960E-02  2.2211E+45  0.0000E+00  7.2863E+43  2.1483E+45
  1.6790E-02  2.2694E+45  0.0000E+00  7.4941E+43  2.1945E+45
  1.8840E-02  2.3418E+45  0.0000E+00  7.6461E+43  2.2653E+45
  2.1130E-02  2.3948E+45  0.0000E+00  7.9373E+43  2.3154E+45
  2.3710E-02  2.4406E+45  0.0000E+00  8.1492E+43  2.3591E+45
  2.6610E-02  2.4671E+45  0.0000E+00  8.2927E+43  2.3841E+45
  2.9850E-02  2.4944E+45  1.6568E-83  8.3747E+43  2.4106E+45
  3.3500E-02  2.5178E+45  9.5704E-69  8.3934E+43  2.4338E+45
  3.7580E-02  2.7484E+45  1.1697E-55  9.0065E+43  2.6583E+45
  4.2170E-02  2.7811E+45  4.5894E-44  1.0088E+44  2.6802E+45
  4.7320E-02  2.4240E+45  9.5551E-34  9.0944E+43  2.3330E+45
  5.3090E-02  1.8678E+45  1.2981E-24  7.2452E+43  1.7953E+45
  6.6830E-02  5.5340E+44  1.5860E-09  2.5852E+43  5.2755E+44
  7.4990E-02  2.5202E+44  2.6178E-03  1.1930E+43  2.4009E+44
  8.4140E-02  2.9915E+44  1.6233E+03  1.3926E+43  2.8522E+44
  9.4410E-02  3.3598E+44  2.1990E+08  1.6030E+43  3.1995E+44
  1.0590E-01  5.2881E+44  1.0171E+13  2.6854E+43  5.0195E+44
  1.1890E-01  8.2192E+44  1.3636E+17  4.1284E+43  7.8063E+44
  1.3340E-01  1.0820E+45  4.2315E+20  5.4441E+43  1.0276E+45
  1.4960E-01  1.2180E+45  6.3542E+23  5.8428E+43  1.1596E+45
  1.5850E-01  1.1763E+45  1.9681E+25  5.5870E+43  1.1204E+45
  1.7780E-01  8.9526E+44  9.2875E+27  4.2794E+43  8.5246E+44
  1.9950E-01  4.4072E+44  1.6536E+30  1.9643E+43  4.2108E+44
  2.2390E-01  2.6604E+44  1.4906E+32  1.1335E+43  2.5470E+44
  2.3710E-01  3.5511E+44  1.4185E+33  1.5557E+43  3.3955E+44
  2.5120E-01  4.8022E+44  1.1800E+34  2.0517E+43  4.5970E+44
  2.6610E-01  5.7188E+44  8.1603E+34  2.3267E+43  5.4862E+44
  2.8180E-01  6.3240E+44  4.8292E+35  2.4232E+43  6.0817E+44
  2.9850E-01  6.7172E+44  2.5076E+36  2.4369E+43  6.4735E+44
  3.1620E-01  7.0259E+44  1.1534E+37  2.4274E+43  6.7832E+44
  3.3500E-01  7.2656E+44  4.7939E+37  2.3933E+43  7.0263E+44
  3.5480E-01  7.4212E+44  1.8024E+38  2.3315E+43  7.1881E+44
  3.7580E-01  7.5604E+44  6.2574E+38  2.2539E+43  7.3350E+44
  3.9810E-01  7.6325E+44  1.9833E+39  2.1725E+43  7.4152E+44
  4.2170E-01  7.7562E+44  5.8192E+39  2.0899E+43  7.5472E+44
  4.4670E-01  7.8545E+44  1.5772E+40  2.0117E+43  7.6531E+44
  4.7320E-01  7.9330E+44  4.0109E+40  1.9272E+43  7.7398E+44
  5.0120E-01  7.9852E+44  9.5859E+40  1.8360E+43  7.8006E+44
  5.3090E-01  8.0385E+44  2.1730E+41  1.7397E+43  7.8623E+44
  5.6230E-01  8.0347E+44  4.6279E+41  1.6452E+43  7.8656E+44
  5.9570E-01  7.9942E+44  9.3498E+41  1.5512E+43  7.8298E+44
  6.3100E-01  7.9447E+44  1.7952E+42  1.4584E+43  7.7809E+44
  6.6830E-01  7.8862E+44  3.2804E+42  1.3663E+43  7.7168E+44
  7.0790E-01  7.8151E+44  5.7224E+42  1.2799E+43  7.6299E+44
  7.4990E-01  7.7213E+44  9.5236E+42  1.1983E+43  7.5062E+44
  7.9430E-01  7.6300E+44  1.5176E+43  1.1209E+43  7.3661E+44
  8.4140E-01  7.5492E+44  2.3256E+43  1.0477E+43  7.2118E+44
  8.9130E-01  7.5032E+44  3.4446E+43  9.7825E+42  7.0609E+44
  9.4410E-01  7.4749E+44  4.9175E+43  9.1271E+42  6.8919E+44
  1.0000E+00  7.4551E+44  6.7671E+43  8.5072E+42  6.6934E+44
  1.0590E+00  7.4538E+44  9.0003E+43  7.9301E+42  6.4745E+44
  1.1220E+00  7.4771E+44  1.1654E+44  7.3758E+42  6.2380E+44
  1.1890E+00  7.5317E+44  1.4719E+44  6.8266E+42  5.9915E+44
  1.2590E+00  7.6222E+44  1.8094E+44  6.2614E+42  5.7502E+44
  1.3340E+00  7.7240E+44  2.1736E+44  5.7019E+42  5.4934E+44
  1.4130E+00  7.8209E+44  2.5419E+44  5.1641E+42  5.2274E+44
  1.4960E+00  7.9115E+44  2.9054E+44  4.6413E+42  4.9597E+44
  1.5850E+00  7.9964E+44  3.2676E+44  4.1277E+42  4.6876E+44
  1.6790E+00  8.0640E+44  3.6065E+44  3.6186E+42  4.4213E+44
  1.7780E+00  8.1015E+44  3.9073E+44  3.1170E+42  4.1630E+44
  1.8840E+00  8.1066E+44  4.1728E+44  2.6360E+42  3.9074E+44
  1.9950E+00  8.0707E+44  4.3862E+44  2.1869E+42  3.6627E+44
  2.1130E+00  7.9910E+44  4.5489E+44  1.7815E+42  3.4243E+44
  2.2390E+00  7.8616E+44  4.6550E+44  1.4261E+42  3.1923E+44
  2.3710E+00  7.6841E+44  4.7003E+44  1.1237E+42  2.9726E+44
  2.5120E+00  7.4649E+44  4.6954E+44  8.7410E+41  2.7607E+44
  2.6610E+00  7.2054E+44  4.6384E+44  6.7203E+41  2.5603E+44
  2.8180E+00  6.9077E+44  4.5306E+44  5.1103E+41  2.3720E+44
  2.9850E+00  6.5816E+44  4.3837E+44  3.8507E+41  2.1941E+44
  3.1620E+00  6.2300E+44  4.2000E+44  2.8763E+41  2.0271E+44
  3.3500E+00  5.8730E+44  4.0002E+44  2.1364E+41  1.8706E+44
  3.5480E+00  5.4977E+44  3.7703E+44  1.5737E+41  1.7258E+44
  3.7580E+00  5.1199E+44  3.5280E+44  1.1518E+41  1.5908E+44
  3.9810E+00  4.7431E+44  3.2769E+44  8.3778E+40  1.4653E+44
  4.2170E+00  4.3704E+44  3.0207E+44  6.0566E+40  1.3491E+44
  4.4670E+00  4.0057E+44  2.7637E+44  4.3519E+40  1.2415E+44
  4.7320E+00  3.6553E+44  2.5130E+44  3.1093E+40  1.1420E+44
  5.0120E+00  3.3249E+44  2.2720E+44  2.2127E+40  1.0527E+44
  5.3090E+00  2.9808E+44  2.0419E+44  1.5509E+40  9.3879E+43
  5.6230E+00  2.6578E+44  1.8270E+44  1.0794E+40  8.3068E+43
  5.9570E+00  2.3588E+44  1.6296E+44  7.4683E+39  7.2911E+43
  6.3100E+00  2.0740E+44  1.4382E+44  5.1104E+39  6.3579E+43
  6.6830E+00  1.8266E+44  1.2756E+44  3.4908E+39  5.5101E+43
  7.0790E+00  1.5937E+44  1.1191E+44  2.3490E+39  4.7457E+43
  7.4990E+00  1.4485E+44  1.0426E+44  1.6354E+39  4.0591E+43
  7.9430E+00  1.6111E+44  1.2677E+44  1.4190E+39  3.4333E+43
  8.4140E+00  2.0547E+44  1.7681E+44  1.5092E+39  2.8659E+43
  8.9130E+00  2.3807E+44  2.1426E+44  1.5407E+39  2.3810E+43
  9.4410E+00  2.5754E+44  2.3783E+44  1.6197E+39  1.9714E+43
  1.0000E+01  2.1111E+44  1.9448E+44  1.1312E+39  1.6627E+43
  1.0590E+01  1.6262E+44  1.4859E+44  7.1972E+38  1.4029E+43
  1.1220E+01  1.1803E+44  1.0624E+44  4.0196E+38  1.1794E+43
  1.1890E+01  8.6254E+43  7.6405E+43  2.2685E+38  9.8485E+42
  1.2590E+01  6.2626E+43  5.4416E+43  1.2468E+38  8.2099E+42
  1.3340E+01  4.5848E+43  3.9049E+43  6.8193E+37  6.7993E+42
  1.4130E+01  3.5709E+43  3.0098E+43  3.9048E+37  5.6103E+42
  1.4960E+01  3.2504E+43  2.7896E+43  2.6904E+37  4.6082E+42
  1.5850E+01  3.0722E+43  2.6958E+43  2.0064E+37  3.7636E+42
  1.6790E+01  2.9070E+43  2.6001E+43  1.5569E+37  3.0687E+42
  1.7780E+01  2.6503E+43  2.4000E+43  1.2000E+37  2.5026E+42
  1.8840E+01  2.2571E+43  2.0534E+43  8.6833E+36  2.0370E+42
  1.9950E+01  1.7978E+43  1.6315E+43  5.7227E+36  1.6625E+42
  2.1130E+01  1.4066E+43  1.2712E+43  3.5950E+36  1.3541E+42
  2.2390E+01  1.1055E+43  9.9562E+42  2.2606E+36  1.0992E+42
  2.3710E+01  8.7311E+42  7.8382E+42  1.4220E+36  8.9287E+41
  2.5120E+01  6.9018E+42  6.1789E+42  8.9733E+35  7.2297E+41
  2.6610E+01  5.4523E+42  4.8674E+42  5.6457E+35  5.8496E+41
  2.8180E+01  4.3091E+42  3.8359E+42  3.5631E+35  4.7325E+41
  2.9850E+01  3.3948E+42  3.0127E+42  2.2469E+35  3.8213E+41
  3.1620E+01  2.6611E+42  2.3529E+42  1.4104E+35  3.0819E+41
  3.3500E+01  2.0739E+42  1.8257E+42  8.8131E+34  2.4821E+41
  3.5480E+01  1.6093E+42  1.4093E+42  5.4902E+34  1.9997E+41
  3.7580E+01  1.2395E+42  1.0785E+42  3.3972E+34  1.6094E+41
  3.9810E+01  9.4502E+41  8.1565E+41  2.0835E+34  1.2937E+41
  4.2170E+01  7.1521E+41  6.1127E+41  1.2684E+34  1.0394E+41
  4.4670E+01  5.3769E+41  4.5424E+41  7.6618E+33  8.3453E+40
  4.7320E+01  4.0206E+41  3.3511E+41  4.6002E+33  6.6951E+40
  5.0120E+01  2.9950E+41  2.4579E+41  2.7498E+33  5.3711E+40
  5.3090E+01  2.2226E+41  1.7921E+41  1.6370E+33  4.3050E+40
  5.6230E+01  1.6463E+41  1.3013E+41  9.7229E+32  3.4502E+40
  5.9570E+01  1.2162E+41  9.4007E+40  5.7577E+32  2.7610E+40
  6.3100E+01  8.9830E+40  6.7733E+40  3.4089E+32  2.2097E+40
  6.6830E+01  6.6377E+40  4.8692E+40  2.0190E+32  1.7685E+40
  7.0790E+01  4.9065E+40  3.4924E+40  1.1962E+32  1.4141E+40
  7.4990E+01  3.6294E+40  2.4995E+40  7.0932E+31  1.1299E+40
  7.9430E+01  2.6902E+40  1.7873E+40  4.2156E+31  9.0294E+39
  8.4140E+01  1.9975E+40  1.2764E+40  2.5094E+31  7.2107E+39
  8.9130E+01  1.4870E+40  9.1141E+39  1.4978E+31  5.7560E+39
  9.4410E+01  1.1101E+40  6.5061E+39  8.9659E+30  4.5946E+39
  1.0000E+02  8.3097E+39  4.6428E+39  5.3816E+30  3.6669E+39
  1.0590E+02  6.2444E+39  3.3164E+39  3.2428E+30  2.9279E+39
  1.1220E+02  4.7015E+39  2.3684E+39  1.9566E+30  2.3331E+39
  1.1890E+02  3.5518E+39  1.6946E+39  1.1841E+30  1.8571E+39
  1.2590E+02  2.7037E+39  1.2213E+39  7.2188E+29  1.4825E+39
  1.3340E+02  2.0629E+39  8.8275E+38  4.4145E+29  1.1801E+39
  1.4130E+02  1.5756E+39  6.3516E+38  2.7131E+29  9.4048E+38
  1.4960E+02  1.2008E+39  4.5008E+38  1.6636E+29  7.5072E+38
  1.5850E+02  9.1437E+38  3.1691E+38  1.0162E+29  5.9747E+38
  1.7780E+02  5.3800E+38  1.5875E+38  3.8334E+28  3.7925E+38
  1.9950E+02  3.2027E+38  7.9916E+37  1.4599E+28  2.4035E+38
  2.2390E+02  1.9240E+38  4.0286E+37  5.6034E+27  1.5211E+38
  2.5120E+02  1.1670E+38  2.0348E+37  2.1679E+27  9.6354E+37
  2.8180E+02  7.1314E+37  1.0282E+37  8.4379E+26  6.1032E+37
  3.1620E+02  4.3803E+37  5.1911E+36  3.2965E+26  3.8612E+37
  3.5480E+02  2.7039E+37  2.6209E+36  1.2923E+26  2.4418E+37
  3.9810E+02  1.6764E+37  1.3230E+36  5.0836E+25  1.5441E+37
  4.4670E+02  1.0427E+37  6.6759E+35  2.0044E+25  9.7596E+36
  5.0120E+02  6.5060E+36  3.3686E+35  7.9215E+24  6.1691E+36
  5.6230E+02  4.0702E+36  1.7000E+35  3.1359E+24  3.9002E+36
  6.3100E+02  2.5485E+36  8.5687E+34  1.2421E+24  2.4628E+36
  7.0790E+02  1.6000E+36  4.3224E+34  4.9303E+23  1.5567E+36
  7.9430E+02  1.0050E+36  2.1781E+34  1.9572E+23  9.8323E+35
  8.9130E+02  6.3173E+35  1.0969E+34  7.7723E+22  6.2076E+35
  1.0000E+03  3.9766E+35  5.5254E+33  3.0904E+22  3.9213E+35
