  1.0000E-03  8.7878E+44  0.0000E+00  2.1567E+42  8.7662E+44
  1.1220E-03  9.8631E+44  0.0000E+00  2.7354E+42  9.8357E+44
  1.2590E-03  1.1070E+45  0.0000E+00  3.3228E+42  1.1037E+45
  1.4130E-03  1.2426E+45  0.0000E+00  3.8866E+42  1.2387E+45
  1.5850E-03  1.3938E+45  0.0000E+00  4.4178E+42  1.3894E+45
  1.7780E-03  1.5641E+45  0.0000E+00  5.5177E+42  1.5586E+45
  1.9950E-03  1.7555E+45  0.0000E+00  6.7164E+42  1.7488E+45
  2.2390E-03  1.9700E+45  0.0000E+00  7.2625E+42  1.9627E+45
  2.5120E-03  2.2116E+45  0.0000E+00  9.6384E+42  2.2020E+45
  2.8180E-03  2.4819E+45  0.0000E+00  1.1642E+43  2.4702E+45
  3.1620E-03  2.7851E+45  0.0000E+00  1.3260E+43  2.7718E+45
  3.5480E-03  3.1249E+45  0.0000E+00  1.4655E+43  3.1103E+45
  3.9810E-03  3.5057E+45  0.0000E+00  1.5820E+43  3.4898E+45
  4.4670E-03  3.9412E+45  0.0000E+00  2.5387E+43  3.9158E+45
  5.0120E-03  4.4248E+45  0.0000E+00  3.1197E+43  4.3936E+45
  5.6230E-03  4.9659E+45  0.0000E+00  3.6663E+43  4.9292E+45
  5.9570E-03  5.2612E+45  0.0000E+00  3.9199E+43  5.2220E+45
  6.6830E-03  5.9024E+45  0.0000E+00  4.3846E+43  5.8585E+45
  7.4990E-03  6.6221E+45  0.0000E+00  4.8318E+43  6.5738E+45
  8.4140E-03  7.4289E+45  0.0000E+00  5.3072E+43  7.3758E+45
  9.4410E-03  8.3331E+45  0.0000E+00  5.6986E+43  8.2761E+45
  1.0590E-02  9.3416E+45  0.0000E+00  5.8297E+43  9.2833E+45
  1.1890E-02  1.0489E+46  0.0000E+00  6.6033E+43  1.0423E+46
  1.3340E-02  1.1764E+46  0.0000E+00  7.0060E+43  1.1694E+46
  1.4960E-02  1.3190E+46  0.0000E+00  7.5568E+43  1.3114E+46
  1.6790E-02  1.4799E+46  0.0000E+00  8.0228E+43  1.4718E+46
  1.8840E-02  1.6599E+46  0.0000E+00  8.4060E+43  1.6515E+46
  2.1130E-02  1.8613E+46  0.0000E+00  8.9946E+43  1.8524E+46
  2.3710E-02  2.0880E+46  0.0000E+00  9.5280E+43  2.0785E+46
  2.6610E-02  2.3427E+46  0.0000E+00  1.0031E+44  2.3326E+46
  2.9850E-02  2.6271E+46  8.3600E-83  1.0468E+44  2.6166E+46
  3.3500E-02  2.9475E+46  5.2875E-68  1.0850E+44  2.9367E+46
  3.7580E-02  3.3060E+46  6.6186E-55  1.1792E+44  3.2942E+46
  4.2170E-02  3.7102E+46  2.8488E-43  1.3490E+44  3.6967E+46
  4.7320E-02  4.1612E+46  7.3600E-33  1.3046E+44  4.1482E+46
  5.3090E-02  4.3326E+46  1.2924E-23  1.1338E+44  4.3212E+46
  6.6830E-02  4.1327E+46  4.2985E-08  5.8615E+43  4.1268E+46
  7.4990E-02  4.0364E+46  1.3489E-01  3.5892E+43  4.0328E+46
  8.4140E-02  3.9449E+46  7.1429E+04  3.9058E+43  3.9410E+46
  9.4410E-02  3.8555E+46  8.6664E+09  4.2721E+43  3.8513E+46
  1.0590E-01  3.5115E+46  2.5594E+14  5.9453E+43  3.5055E+46
  1.1890E-01  2.9544E+46  2.0675E+18  7.6780E+43  2.9467E+46
  1.3340E-01  2.4886E+46  4.4272E+21  9.0121E+43  2.4795E+46
  1.4960E-01  2.0970E+46  5.1948E+24  9.1152E+43  2.0878E+46
  1.5850E-01  1.9232E+46  1.5383E+26  8.6362E+43  1.9145E+46
  1.7780E-01  1.6181E+46  7.8552E+28  6.6965E+43  1.6114E+46
  1.9950E-01  1.3593E+46  2.1685E+31  3.4804E+43  1.3558E+46
  2.2390E-01  1.1425E+46  2.5545E+33  2.1519E+43  1.1403E+46
  2.3710E-01  1.0491E+46  1.7741E+34  2.6186E+43  1.0464E+46
  2.5120E-01  9.6266E+45  1.0596E+35  3.0780E+43  9.5958E+45
  2.6610E-01  8.8336E+45  5.8453E+35  3.2404E+43  8.8012E+45
  2.8180E-01  8.1081E+45  2.9364E+36  3.2005E+43  8.0761E+45
  2.9850E-01  7.4387E+45  1.3391E+37  3.0847E+43  7.4079E+45
  3.1620E-01  6.8242E+45  5.4804E+37  2.9537E+43  6.7947E+45
  3.3500E-01  6.2589E+45  2.0459E+38  2.8060E+43  6.2308E+45
  3.5480E-01  5.7429E+45  6.9850E+38  2.6420E+43  5.7165E+45
  3.7580E-01  5.2688E+45  2.2056E+39  2.4665E+43  5.2442E+45
  3.9810E-01  4.8328E+45  6.4079E+39  2.3010E+43  4.8097E+45
  4.2170E-01  4.4330E+45  1.7121E+40  2.1333E+43  4.4116E+45
  4.4670E-01  4.0664E+45  4.2377E+40  1.9792E+43  4.0466E+45
  4.7320E-01  3.7298E+45  9.8593E+40  1.8265E+43  3.7115E+45
  5.0120E-01  3.4218E+45  2.1615E+41  1.6756E+43  3.4048E+45
  5.3090E-01  3.1389E+45  4.4905E+41  1.5251E+43  3.1232E+45
  5.6230E-01  2.8799E+45  8.8203E+41  1.3872E+43  2.8651E+45
  5.9570E-01  2.6418E+45  1.6494E+42  1.2576E+43  2.6276E+45
  6.3100E-01  2.4246E+45  2.9344E+42  1.1351E+43  2.4103E+45
  6.6830E-01  2.2266E+45  4.9746E+42  1.0188E+43  2.2114E+45
  7.0790E-01  2.0456E+45  8.0662E+42  9.1279E+42  2.0284E+45
  7.4990E-01  1.8812E+45  1.2527E+43  8.1715E+42  1.8605E+45
  7.9430E-01  1.7326E+45  1.8661E+43  7.2955E+42  1.7066E+45
  8.4140E-01  1.5986E+45  2.6770E+43  6.4892E+42  1.5653E+45
  8.9130E-01  1.4786E+45  3.7087E+43  5.7385E+42  1.4357E+45
  9.4410E-01  1.3717E+45  4.9640E+43  5.0548E+42  1.3170E+45
  1.0000E+00  1.2769E+45  6.4322E+43  4.4414E+42  1.2081E+45
  1.0590E+00  1.1933E+45  8.0851E+43  3.8990E+42  1.1086E+45
  1.1220E+00  1.1192E+45  9.9205E+43  3.4115E+42  1.0165E+45
  1.1890E+00  1.0538E+45  1.1901E+44  2.9682E+42  9.3183E+44
  1.2590E+00  9.9696E+44  1.3920E+44  2.5603E+42  8.5520E+44
  1.3340E+00  9.4591E+44  1.5961E+44  2.1958E+42  7.8411E+44
  1.4130E+00  9.0010E+44  1.7895E+44  1.8800E+42  7.1927E+44
  1.4960E+00  8.5869E+44  1.9683E+44  1.6038E+42  6.6026E+44
  1.5850E+00  8.2041E+44  2.1362E+44  1.3585E+42  6.0543E+44
  1.6790E+00  7.8454E+44  2.2810E+44  1.1397E+42  5.5530E+44
  1.7780E+00  7.5019E+44  2.3968E+44  9.4473E+41  5.0957E+44
  1.8840E+00  7.1687E+44  2.4891E+44  7.7279E+41  4.6719E+44
  1.9950E+00  6.8454E+44  2.5516E+44  6.2390E+41  4.2875E+44
  2.1130E+00  6.5268E+44  2.5885E+44  4.9729E+41  3.9333E+44
  2.2390E+00  6.2087E+44  2.5987E+44  3.9157E+41  3.6061E+44
  2.3710E+00  5.8942E+44  2.5820E+44  3.0508E+41  3.3092E+44
  2.5120E+00  5.5823E+44  2.5455E+44  2.3561E+41  3.0344E+44
  2.6610E+00  5.2737E+44  2.4886E+44  1.8059E+41  2.7832E+44
  2.8180E+00  4.9675E+44  2.4123E+44  1.3744E+41  2.5538E+44
  2.9850E+00  4.6664E+44  2.3227E+44  1.0399E+41  2.3426E+44
  3.1620E+00  4.3703E+44  2.2209E+44  7.8265E+40  2.1487E+44
  3.3500E+00  4.0887E+44  2.1177E+44  5.8723E+40  1.9704E+44
  3.5480E+00  3.8130E+44  2.0048E+44  4.3864E+40  1.8078E+44
  3.7580E+00  3.5501E+44  1.8915E+44  3.2660E+40  1.6583E+44
  3.9810E+00  3.3006E+44  1.7794E+44  2.4252E+40  1.5210E+44
  4.2170E+00  3.0651E+44  1.6698E+44  1.7969E+40  1.3951E+44
  4.4670E+00  2.8443E+44  1.5645E+44  1.3287E+40  1.2796E+44
  4.7320E+00  2.6406E+44  1.4668E+44  9.8088E+39  1.1737E+44
  5.0120E+00  2.4569E+44  1.3777E+44  7.2434E+39  1.0791E+44
  5.3090E+00  2.2572E+44  1.2969E+44  5.2717E+39  9.6024E+43
  5.6230E+00  2.0737E+44  1.2256E+44  3.8245E+39  8.4805E+43
  5.9570E+00  1.9079E+44  1.1647E+44  2.7691E+39  7.4316E+43
  6.3100E+00  1.7509E+44  1.1038E+44  1.9920E+39  6.4710E+43
  6.6830E+00  1.6219E+44  1.0617E+44  1.4383E+39  5.6014E+43
  7.0790E+00  1.5002E+44  1.0183E+44  1.0281E+39  4.8190E+43
  7.4990E+00  1.4311E+44  1.0188E+44  7.4601E+38  4.1229E+43
  7.9430E+00  1.5518E+44  1.2007E+44  6.1314E+38  3.5109E+43
  8.4140E+00  1.8603E+44  1.5627E+44  5.9180E+38  2.9752E+43
  8.9130E+00  2.1159E+44  1.8649E+44  5.8151E+38  2.5104E+43
  9.4410E+00  2.3061E+44  2.0951E+44  6.1084E+38  2.1101E+43
  1.0000E+01  2.0503E+44  1.8736E+44  4.6759E+38  1.7671E+43
  1.0590E+01  1.7657E+44  1.6181E+44  3.3526E+38  1.4758E+43
  1.1220E+01  1.4916E+44  1.3690E+44  2.1815E+38  1.2267E+43
  1.1890E+01  1.2835E+44  1.1820E+44  1.4387E+38  1.0159E+43
  1.2590E+01  1.1232E+44  1.0391E+44  9.3824E+37  8.4119E+42
  1.3340E+01  1.0006E+44  9.3127E+43  6.1093E+37  6.9319E+42
  1.4130E+01  9.2768E+43  8.7063E+43  4.0625E+37  5.7050E+42
  1.4960E+01  9.3258E+43  8.8566E+43  3.0245E+37  4.6919E+42
  1.5850E+01  9.6120E+43  9.2279E+43  2.4090E+37  3.8414E+42
  1.6790E+01  9.9570E+43  9.6429E+43  2.0048E+37  3.1409E+42
  1.7780E+01  1.0138E+44  9.8811E+43  1.6897E+37  2.5663E+42
  1.8840E+01  9.9635E+43  9.7547E+43  1.3801E+37  2.0888E+42
  1.9950E+01  9.4255E+43  9.2554E+43  1.0567E+37  1.7013E+42
  2.1130E+01  8.8073E+43  8.6691E+43  7.7625E+36  1.3827E+42
  2.2390E+01  8.2127E+43  8.1006E+43  5.6809E+36  1.1203E+42
  2.3710E+01  7.6268E+43  7.5360E+43  4.1311E+36  9.0864E+41
  2.5120E+01  7.0270E+43  6.9535E+43  2.9928E+36  7.3479E+41
  2.6610E+01  6.4087E+43  6.3493E+43  2.1451E+36  5.9383E+41
  2.8180E+01  5.7817E+43  5.7337E+43  1.5274E+36  4.7994E+41
  2.9850E+01  5.1450E+43  5.1063E+43  1.0767E+36  3.8717E+41
  3.1620E+01  4.5091E+43  4.4779E+43  7.4855E+35  3.1199E+41
  3.3500E+01  3.8882E+43  3.8631E+43  5.1306E+35  2.5106E+41
  3.5480E+01  3.3017E+43  3.2815E+43  3.4693E+35  2.0210E+41
  3.7580E+01  2.7577E+43  2.7415E+43  2.3102E+35  1.6253E+41
  3.9810E+01  2.2632E+43  2.2501E+43  1.5138E+35  1.3054E+41
  4.2170E+01  1.8294E+43  1.8189E+43  9.7716E+34  1.0479E+41
  4.4670E+01  1.4583E+43  1.4499E+43  6.2133E+34  8.4074E+40
  4.7320E+01  1.1483E+43  1.1415E+43  3.8994E+34  6.7400E+40
  5.0120E+01  8.9456E+42  8.8916E+42  2.4195E+34  5.4034E+40
  5.3090E+01  6.8989E+42  6.8556E+42  1.4852E+34  4.3282E+40
  5.6230E+01  5.2771E+42  5.2424E+42  9.0360E+33  3.4667E+40
  5.9570E+01  4.0023E+42  3.9745E+42  5.4476E+33  2.7728E+40
  6.3100E+01  3.0169E+42  2.9947E+42  3.2627E+33  2.2180E+40
  6.6830E+01  2.2620E+42  2.2442E+42  1.9431E+33  1.7744E+40
  7.0790E+01  1.6873E+42  1.6731E+42  1.1509E+33  1.4183E+40
  7.4990E+01  1.2528E+42  1.2414E+42  6.7839E+32  1.1329E+40
  7.9430E+01  9.2699E+41  9.1794E+41  3.9853E+32  9.0505E+39
  8.4140E+01  6.8362E+41  6.7639E+41  2.3327E+32  7.2256E+39
  8.9130E+01  5.0302E+41  4.9726E+41  1.3624E+32  5.7665E+39
  9.4410E+01  3.6936E+41  3.6476E+41  7.9415E+31  4.6021E+39
  1.0000E+02  2.7067E+41  2.6700E+41  4.6199E+31  3.6722E+39
  1.0590E+02  1.9824E+41  1.9531E+41  2.6869E+31  2.9317E+39
  1.1220E+02  1.4498E+41  1.4265E+41  1.5599E+31  2.3358E+39
  1.1890E+02  1.0613E+41  1.0427E+41  9.0669E+30  1.8590E+39
  1.2590E+02  7.8167E+40  7.6683E+40  5.3040E+30  1.4838E+39
  1.3340E+02  5.7714E+40  5.6533E+40  3.1152E+30  1.1811E+39
  1.4130E+02  4.2349E+40  4.1407E+40  1.8253E+30  9.4117E+38
  1.4960E+02  3.0528E+40  2.9777E+40  1.0502E+30  7.5121E+38
  1.5850E+02  2.1855E+40  2.1257E+40  5.9870E+29  5.9781E+38
  1.7780E+02  1.1307E+40  1.0927E+40  1.9629E+29  3.7942E+38
  1.9950E+02  5.8712E+39  5.6308E+39  6.4709E+28  2.4043E+38
  2.2390E+02  3.0502E+39  2.8980E+39  2.1399E+28  1.5216E+38
  2.5120E+02  1.5872E+39  1.4909E+39  7.1067E+27  9.6376E+37
  2.8180E+02  8.2668E+38  7.6564E+38  2.3695E+27  6.1043E+37
  3.1620E+02  4.3076E+38  3.9215E+38  7.9299E+26  3.8617E+37
  3.5480E+02  2.2494E+38  2.0052E+38  2.6683E+26  2.4421E+37
  3.9810E+02  1.1781E+38  1.0237E+38  9.0417E+25  1.5442E+37
  4.4670E+02  6.1935E+37  5.2174E+37  3.0878E+25  9.7603E+36
  5.0120E+02  3.2731E+37  2.6562E+37  1.0643E+25  6.1695E+36
  5.6230E+02  1.7412E+37  1.3511E+37  3.7060E+24  3.9003E+36
  6.3100E+02  9.3214E+36  6.8584E+36  1.3035E+24  2.4629E+36
  7.0790E+02  5.0382E+36  3.4814E+36  4.6422E+23  1.5568E+36
  7.9430E+02  2.7474E+36  1.7642E+36  1.6712E+23  9.8325E+35
  8.9130E+02  1.5137E+36  8.9290E+35  6.0848E+22  6.2077E+35
  1.0000E+03  8.4390E+35  4.5177E+35  2.2419E+22  3.9214E+35
