  1.0000E-03  5.6119E+44  0.0000E+00  3.4317E+42  5.5776E+44
  1.1220E-03  5.6223E+44  0.0000E+00  4.1095E+42  5.5812E+44
  1.2590E-03  5.5917E+44  0.0000E+00  4.7406E+42  5.5442E+44
  1.4130E-03  5.5311E+44  0.0000E+00  5.2912E+42  5.4782E+44
  1.5850E-03  5.5698E+44  0.0000E+00  5.7941E+42  5.5118E+44
  1.7780E-03  6.0189E+44  0.0000E+00  7.1231E+42  5.9477E+44
  1.9950E-03  5.4781E+44  0.0000E+00  8.1477E+42  5.3966E+44
  2.2390E-03  5.2281E+44  0.0000E+00  8.3931E+42  5.1442E+44
  2.5120E-03  5.4710E+44  0.0000E+00  1.0884E+43  5.3622E+44
  2.8180E-03  4.5678E+44  0.0000E+00  1.2138E+43  4.4465E+44
  3.1620E-03  3.9321E+44  0.0000E+00  1.2857E+43  3.8036E+44
  3.5480E-03  3.4383E+44  0.0000E+00  1.3264E+43  3.3057E+44
  3.9810E-03  3.0758E+44  0.0000E+00  1.3444E+43  2.9413E+44
  4.4670E-03  8.6930E+44  0.0000E+00  2.8904E+43  8.4039E+44
  5.0120E-03  7.1203E+44  0.0000E+00  3.2458E+43  6.7958E+44
  5.6230E-03  5.8578E+44  0.0000E+00  3.4866E+43  5.5092E+44
  5.9570E-03  5.3532E+44  0.0000E+00  3.5697E+43  4.9962E+44
  6.6830E-03  4.6142E+44  0.0000E+00  3.6924E+43  4.2450E+44
  7.4990E-03  4.1999E+44  0.0000E+00  3.8162E+43  3.8182E+44
  8.4140E-03  3.6888E+44  0.0000E+00  3.8948E+43  3.2994E+44
  9.4410E-03  3.3915E+44  0.0000E+00  3.9317E+43  2.9983E+44
  1.0590E-02  3.4295E+44  0.0000E+00  3.8759E+43  3.0419E+44
  1.1890E-02  3.1057E+44  0.0000E+00  4.1149E+43  2.6942E+44
  1.3340E-02  2.9397E+44  0.0000E+00  4.1346E+43  2.5262E+44
  1.4960E-02  2.6784E+44  0.0000E+00  4.1797E+43  2.2605E+44
  1.6790E-02  2.4822E+44  0.0000E+00  4.1740E+43  2.0648E+44
  1.8840E-02  2.3479E+44  0.0000E+00  4.1348E+43  1.9344E+44
  2.1130E-02  2.1882E+44  0.0000E+00  4.1667E+43  1.7715E+44
  2.3710E-02  2.0242E+44  0.0000E+00  4.1439E+43  1.6098E+44
  2.6610E-02  1.8431E+44  0.0000E+00  4.0726E+43  1.4358E+44
  2.9850E-02  1.6808E+44  2.3628E-84  3.9662E+43  1.2842E+44
  3.3500E-02  1.5275E+44  1.2898E-69  3.8281E+43  1.1447E+44
  3.7580E-02  1.6170E+44  1.5561E-56  4.0868E+43  1.2083E+44
  4.2170E-02  1.5117E+44  5.7891E-45  4.3766E+43  1.0740E+44
  4.7320E-02  1.0533E+44  1.0633E-34  3.5687E+43  6.9640E+43
  5.3090E-02  6.2934E+43  1.2487E-25  2.5270E+43  3.7664E+43
  6.6830E-02  8.5714E+42  8.5453E-11  5.8530E+42  2.7185E+42
  7.4990E-02  2.4954E+42  9.7632E-05  1.9866E+42  5.0883E+41
  8.4140E-02  3.2736E+42  6.4211E+01  2.5229E+42  7.5067E+41
  9.4410E-02  4.0825E+42  8.9648E+06  3.1053E+42  9.7716E+41
  1.0590E-01  9.4349E+42  5.0333E+11  6.6035E+42  2.8314E+42
  1.1890E-01  2.2100E+43  9.1406E+15  1.3251E+43  8.8496E+42
  1.3340E-01  4.0527E+43  3.7299E+19  2.1225E+43  1.9302E+43
  1.4960E-01  5.6297E+43  6.5333E+22  2.6230E+43  3.0067E+43
  1.5850E-01  5.6636E+43  2.0749E+24  2.5788E+43  3.0848E+43
  1.7780E-01  4.0170E+43  9.4024E+26  1.8686E+43  2.1483E+43
  1.9950E-01  1.2704E+43  1.2912E+29  6.7114E+42  5.9928E+42
  2.2390E-01  5.8196E+42  9.5757E+30  3.2418E+42  2.5778E+42
  2.3710E-01  1.0439E+43  1.1058E+32  5.0958E+42  5.3427E+42
  2.5120E-01  1.9218E+43  1.1461E+33  7.7605E+42  1.1457E+43
  2.6610E-01  2.8379E+43  9.2176E+33  9.6893E+42  1.8689E+43
  2.8180E-01  3.6784E+43  6.0827E+34  1.0785E+43  2.5999E+43
  2.9850E-01  4.4535E+43  3.4412E+35  1.1411E+43  3.3124E+43
  3.1620E-01  5.2669E+43  1.7084E+36  1.1874E+43  4.0795E+43
  3.3500E-01  6.1189E+43  7.6077E+36  1.2170E+43  4.9019E+43
  3.5480E-01  6.9550E+43  3.0384E+37  1.2257E+43  5.7293E+43
  3.7580E-01  7.8898E+43  1.1192E+38  1.2214E+43  6.6684E+43
  3.9810E-01  8.8093E+43  3.7394E+38  1.2098E+43  7.5995E+43
  4.2170E-01  9.9960E+43  1.1623E+39  1.1951E+43  8.8008E+43
  4.4670E-01  1.1284E+44  3.3282E+39  1.1790E+43  1.0104E+44
  4.7320E-01  1.2691E+44  8.9261E+39  1.1549E+43  1.1535E+44
  5.0120E-01  1.4191E+44  2.2448E+40  1.1220E+43  1.3066E+44
  5.3090E-01  1.5900E+44  5.3582E+40  1.0812E+43  1.4814E+44
  5.6230E-01  1.7556E+44  1.1953E+41  1.0366E+43  1.6507E+44
  5.9570E-01  1.9209E+44  2.5212E+41  9.8797E+42  1.8196E+44
  6.3100E-01  2.0962E+44  5.0492E+41  9.3636E+42  1.9975E+44
  6.6830E-01  2.2805E+44  9.6147E+41  8.8142E+42  2.1828E+44
  7.0790E-01  2.4689E+44  1.7449E+42  8.2728E+42  2.3687E+44
  7.4990E-01  2.6483E+44  3.0111E+42  7.7397E+42  2.5408E+44
  7.9430E-01  2.8304E+44  4.9690E+42  7.2150E+42  2.7085E+44
  8.4140E-01  3.0179E+44  7.8816E+42  6.6969E+42  2.8721E+44
  8.9130E-01  3.2276E+44  1.2106E+43  6.1862E+42  3.0447E+44
  9.4410E-01  3.4411E+44  1.7913E+43  5.6879E+42  3.2051E+44
  1.0000E+00  3.6431E+44  2.5498E+43  5.2079E+42  3.3360E+44
  1.0590E+00  3.8371E+44  3.5033E+43  4.7598E+42  3.4391E+44
  1.1220E+00  4.0280E+44  4.6842E+43  4.3366E+42  3.5162E+44
  1.1890E+00  4.2213E+44  6.1131E+43  3.9326E+42  3.5707E+44
  1.2590E+00  4.4272E+44  7.7831E+43  3.5421E+42  3.6135E+44
  1.3340E+00  4.6243E+44  9.6839E+43  3.1767E+42  3.6241E+44
  1.4130E+00  4.8015E+44  1.1719E+44  2.8455E+42  3.6012E+44
  1.4960E+00  4.9641E+44  1.3862E+44  2.5427E+42  3.5525E+44
  1.5850E+00  5.1160E+44  1.6144E+44  2.2610E+42  3.4790E+44
  1.6790E+00  5.2592E+44  1.8486E+44  1.9959E+42  3.3906E+44
  1.7780E+00  5.3898E+44  2.0823E+44  1.7439E+42  3.2901E+44
  1.8840E+00  5.5049E+44  2.3160E+44  1.5058E+42  3.1739E+44
  1.9950E+00  5.6017E+44  2.5395E+44  1.2830E+42  3.0494E+44
  2.1130E+00  5.6751E+44  2.7501E+44  1.0781E+42  2.9142E+44
  2.2390E+00  5.7193E+44  2.9403E+44  8.9299E+41  2.7700E+44
  2.3710E+00  5.7328E+44  3.1019E+44  7.2911E+41  2.6236E+44
  2.5120E+00  5.7144E+44  3.2357E+44  5.8769E+41  2.4728E+44
  2.6610E+00  5.6621E+44  3.3346E+44  4.6782E+41  2.3228E+44
  2.8180E+00  5.5736E+44  3.3938E+44  3.6782E+41  2.1760E+44
  2.9850E+00  5.4516E+44  3.4163E+44  2.8598E+41  2.0324E+44
  3.1620E+00  5.2955E+44  3.3996E+44  2.1993E+41  1.8937E+44
  3.3500E+00  5.1163E+44  3.3545E+44  1.6768E+41  1.7601E+44
  3.5480E+00  4.9057E+44  3.2701E+44  1.2652E+41  1.6343E+44
  3.7580E+00  4.6739E+44  3.1579E+44  9.4611E+40  1.5150E+44
  3.9810E+00  4.4240E+44  3.0209E+44  7.0143E+40  1.4024E+44
  4.2170E+00  4.1599E+44  2.8626E+44  5.1577E+40  1.2968E+44
  4.4670E+00  3.8861E+44  2.6878E+44  3.7621E+40  1.1980E+44
  4.7320E+00  3.6094E+44  2.5034E+44  2.7234E+40  1.1057E+44
  5.0120E+00  3.3368E+44  2.3144E+44  1.9602E+40  1.0222E+44
  5.3090E+00  3.0378E+44  2.1237E+44  1.3869E+40  9.1390E+43
  5.6230E+00  2.7474E+44  1.9369E+44  9.7292E+39  8.1041E+43
  5.9570E+00  2.4707E+44  1.7581E+44  6.7737E+39  7.1262E+43
  6.3100E+00  2.2006E+44  1.5781E+44  4.6622E+39  6.2243E+43
  6.6830E+00  1.9616E+44  1.4214E+44  3.1978E+39  5.4017E+43
  7.0790E+00  1.7323E+44  1.2664E+44  2.1602E+39  4.6583E+43
  7.4990E+00  1.5774E+44  1.1792E+44  1.4926E+39  3.9818E+43
  7.9430E+00  1.6817E+44  1.3481E+44  1.2259E+39  3.3361E+43
  8.4140E+00  1.9807E+44  1.7080E+44  1.1884E+39  2.7272E+43
  8.9130E+00  2.1492E+44  1.9275E+44  1.1234E+39  2.2177E+43
  9.4410E+00  2.2049E+44  2.0251E+44  1.1095E+39  1.7984E+43
  1.0000E+01  1.8848E+44  1.7317E+44  8.0074E+38  1.5314E+43
  1.0590E+01  1.5358E+44  1.4048E+44  5.3502E+38  1.3103E+43
  1.1220E+01  1.1879E+44  1.0760E+44  3.1668E+38  1.1187E+43
  1.1890E+01  9.1357E+43  8.1909E+43  1.8725E+38  9.4478E+42
  1.2590E+01  6.9451E+43  6.1503E+43  1.0731E+38  7.9488E+42
  1.3340E+01  5.2847E+43  4.6219E+43  6.0722E+37  6.6281E+42
  1.4130E+01  4.2264E+43  3.6776E+43  3.5454E+37  5.4882E+42
  1.4960E+01  3.8677E+43  3.4177E+43  2.4271E+37  4.4998E+42
  1.5850E+01  3.6584E+43  3.2921E+43  1.7884E+37  3.6628E+42
  1.6790E+01  3.4638E+43  3.1663E+43  1.3714E+37  2.9752E+42
  1.7780E+01  3.1757E+43  2.9337E+43  1.0516E+37  2.4200E+42
  1.8840E+01  2.7455E+43  2.5485E+43  7.6605E+36  1.9699E+42
  1.9950E+01  2.2393E+43  2.0780E+43  5.1408E+36  1.6122E+42
  2.1130E+01  1.7960E+43  1.6643E+43  3.2935E+36  1.3173E+42
  2.2390E+01  1.4442E+43  1.3370E+43  2.1076E+36  1.0719E+42
  2.3710E+01  1.1649E+43  1.0776E+43  1.3471E+36  8.7263E+41
  2.5120E+01  9.3902E+42  8.6823E+42  8.6256E+35  7.0787E+41
  2.6610E+01  7.5539E+42  6.9802E+42  5.5010E+35  5.7367E+41
  2.8180E+01  6.0692E+42  5.6044E+42  3.5150E+35  4.6478E+41
  2.9850E+01  4.8529E+42  4.4772E+42  2.2418E+35  3.7578E+41
  3.1620E+01  3.8551E+42  3.5516E+42  1.4220E+35  3.0344E+41
  3.3500E+01  3.0397E+42  2.7950E+42  8.9709E+34  2.4466E+41
  3.5480E+01  2.3822E+42  2.1848E+42  5.6362E+34  1.9732E+41
  3.7580E+01  1.8501E+42  1.6911E+42  3.5147E+34  1.5898E+41
  3.9810E+01  1.4205E+42  1.2926E+42  2.1715E+34  1.2792E+41
  4.2170E+01  1.0811E+42  9.7821E+41  1.3308E+34  1.0288E+41
  4.4670E+01  8.1618E+41  7.3349E+41  8.0868E+33  8.2685E+40
  4.7320E+01  6.1203E+41  5.4563E+41  4.8811E+33  6.6396E+40
  5.0120E+01  4.5654E+41  4.0323E+41  2.9310E+33  5.3311E+40
  5.3090E+01  3.3881E+41  2.9605E+41  1.7516E+33  4.2764E+40
  5.6230E+01  2.5063E+41  2.1634E+41  1.0436E+33  3.4297E+40
  5.9570E+01  1.8466E+41  1.5719E+41  6.1952E+32  2.7464E+40
  6.3100E+01  1.3585E+41  1.1386E+41  3.6745E+32  2.1993E+40
  6.6830E+01  9.9862E+40  8.2251E+40  2.1790E+32  1.7611E+40
  7.0790E+01  7.3346E+40  5.9257E+40  1.2918E+32  1.4089E+40
  7.4990E+01  5.3846E+40  4.2584E+40  7.6613E+31  1.1263E+40
  7.9430E+01  3.9567E+40  3.0564E+40  4.5518E+31  9.0033E+39
  8.4140E+01  2.9096E+40  2.1904E+40  2.7076E+31  7.1922E+39
  8.9130E+01  2.1433E+40  1.5690E+40  1.6145E+31  5.7429E+39
  9.4410E+01  1.5819E+40  1.1234E+40  9.6511E+30  4.5854E+39
  1.0000E+02  1.1699E+40  8.0390E+39  5.7837E+30  3.6604E+39
  1.0590E+02  8.6807E+39  5.7574E+39  3.4790E+30  2.9233E+39
  1.1220E+02  6.4517E+39  4.1219E+39  2.0952E+30  2.3298E+39
  1.1890E+02  4.8116E+39  2.9568E+39  1.2657E+30  1.8548E+39
  1.2590E+02  3.6172E+39  2.1364E+39  7.7028E+29  1.4808E+39
  1.3340E+02  2.7276E+39  1.5487E+39  4.7029E+29  1.1789E+39
  1.4130E+02  2.0565E+39  1.1169E+39  2.8845E+29  9.3962E+38
  1.4960E+02  1.5423E+39  7.9223E+38  1.7638E+29  7.5012E+38
  1.5850E+02  1.1553E+39  5.5829E+38  1.0744E+29  5.9704E+38
  1.7780E+02  6.5930E+38  2.8026E+38  4.0340E+28  3.7904E+38
  1.9950E+02  3.8165E+38  1.4141E+38  1.5300E+28  2.4024E+38
  2.2390E+02  2.2350E+38  7.1434E+37  5.8511E+27  1.5206E+38
  2.5120E+02  1.3248E+38  3.6150E+37  2.2565E+27  9.6328E+37
  2.8180E+02  7.9317E+37  1.8298E+37  8.7587E+26  6.1019E+37
  3.1620E+02  4.7858E+37  9.2524E+36  3.4138E+26  3.8605E+37
  3.5480E+02  2.9093E+37  4.6778E+36  1.3357E+26  2.4415E+37
  3.9810E+02  1.7803E+37  2.3642E+36  5.2455E+25  1.5439E+37
  4.4670E+02  1.0953E+37  1.1943E+36  2.0655E+25  9.7587E+36
  5.0120E+02  6.7720E+36  6.0326E+35  8.1534E+24  6.1687E+36
  5.6230E+02  4.2047E+36  3.0473E+35  3.2247E+24  3.8999E+36
  6.3100E+02  2.6165E+36  1.5372E+35  1.2763E+24  2.4627E+36
  7.0790E+02  1.6343E+36  7.7605E+34  5.0630E+23  1.5567E+36
  7.9430E+02  1.0223E+36  3.9134E+34  2.0088E+23  9.8320E+35
  8.9130E+02  6.4047E+35  1.9720E+34  7.9743E+22  6.2075E+35
  1.0000E+03  4.0206E+35  9.9392E+33  3.1697E+22  3.9212E+35
