  1.0000E-03  8.7680E+44  0.0000E+00  1.7627E+41  8.7662E+44
  1.1220E-03  9.8381E+44  0.0000E+00  2.3487E+41  9.8357E+44
  1.2590E-03  1.1040E+45  0.0000E+00  2.9860E+41  1.1037E+45
  1.4130E-03  1.2391E+45  0.0000E+00  3.6500E+41  1.2387E+45
  1.5850E-03  1.3899E+45  0.0000E+00  4.3264E+41  1.3894E+45
  1.7780E-03  1.5592E+45  0.0000E+00  5.5972E+41  1.5586E+45
  1.9950E-03  1.7495E+45  0.0000E+00  7.2355E+41  1.7488E+45
  2.2390E-03  1.9636E+45  0.0000E+00  8.2812E+41  1.9627E+45
  2.5120E-03  2.2032E+45  0.0000E+00  1.1525E+42  2.2020E+45
  2.8180E-03  2.4717E+45  0.0000E+00  1.4895E+42  2.4702E+45
  3.1620E-03  2.7736E+45  0.0000E+00  1.8042E+42  2.7718E+45
  3.5480E-03  3.1124E+45  0.0000E+00  2.1111E+42  3.1103E+45
  3.9810E-03  3.4922E+45  0.0000E+00  2.3975E+42  3.4898E+45
  4.4670E-03  3.9183E+45  0.0000E+00  2.4901E+42  3.9158E+45
  5.0120E-03  4.3970E+45  0.0000E+00  3.3725E+42  4.3936E+45
  5.6230E-03  4.9336E+45  0.0000E+00  4.3685E+42  4.9292E+45
  5.9570E-03  5.2269E+45  0.0000E+00  4.8953E+42  5.2220E+45
  6.6830E-03  5.8645E+45  0.0000E+00  5.9621E+42  5.8585E+45
  7.4990E-03  6.5809E+45  0.0000E+00  7.0960E+42  6.5738E+45
  8.4140E-03  7.3843E+45  0.0000E+00  8.4011E+42  7.3758E+45
  9.4410E-03  8.2858E+45  0.0000E+00  9.6641E+42  8.2761E+45
  1.0590E-02  9.2938E+45  0.0000E+00  1.0519E+43  9.2833E+45
  1.1890E-02  1.0436E+46  0.0000E+00  1.2721E+43  1.0423E+46
  1.3340E-02  1.1708E+46  0.0000E+00  1.4391E+43  1.1694E+46
  1.4960E-02  1.3131E+46  0.0000E+00  1.6599E+43  1.3114E+46
  1.6790E-02  1.4737E+46  0.0000E+00  1.8836E+43  1.4718E+46
  1.8840E-02  1.6536E+46  0.0000E+00  2.1079E+43  1.6515E+46
  2.1130E-02  1.8548E+46  0.0000E+00  2.4111E+43  1.8524E+46
  2.3710E-02  2.0812E+46  0.0000E+00  2.7357E+43  2.0785E+46
  2.6610E-02  2.3357E+46  0.0000E+00  3.0969E+43  2.3326E+46
  2.9850E-02  2.6201E+46  6.9563E-84  3.4854E+43  2.6166E+46
  3.3500E-02  2.9406E+46  4.5283E-69  3.9064E+43  2.9367E+46
  3.7580E-02  3.2985E+46  5.6879E-56  4.3021E+43  3.2942E+46
  4.2170E-02  3.7020E+46  2.5109E-44  5.2825E+43  3.6967E+46
  4.7320E-02  4.1544E+46  6.9226E-34  6.2019E+43  4.1482E+46
  5.3090E-02  4.3280E+46  1.3040E-24  6.7468E+43  4.3212E+46
  6.6830E-02  4.1342E+46  5.3828E-09  7.3319E+43  4.1268E+46
  7.4990E-02  4.0400E+46  1.9360E-02  7.1298E+43  4.0328E+46
  8.4140E-02  3.9478E+46  9.9951E+03  6.7970E+43  3.9410E+46
  9.4410E-02  3.8579E+46  1.1890E+09  6.6739E+43  3.8513E+46
  1.0590E-01  3.5117E+46  3.1890E+13  6.1856E+43  3.5055E+46
  1.1890E-01  2.9517E+46  2.1821E+17  4.9234E+43  2.9467E+46
  1.3340E-01  2.4835E+46  4.0155E+20  3.9502E+43  2.4795E+46
  1.4960E-01  2.0909E+46  4.3166E+23  3.0402E+43  2.0878E+46
  1.5850E-01  1.9173E+46  1.2640E+25  2.7645E+43  1.9145E+46
  1.7780E-01  1.6140E+46  6.8276E+27  2.5289E+43  1.6114E+46
  1.9950E-01  1.3581E+46  2.2486E+30  2.2888E+43  1.3558E+46
  2.2390E-01  1.1423E+46  2.9802E+32  2.0211E+43  1.1403E+46
  2.3710E-01  1.0483E+46  1.8989E+33  1.8895E+43  1.0464E+46
  2.5120E-01  9.6127E+45  1.0275E+34  1.6872E+43  9.5958E+45
  2.6610E-01  8.8160E+45  5.2946E+34  1.4829E+43  8.8012E+45
  2.8180E-01  8.0890E+45  2.5348E+35  1.2970E+43  8.0761E+45
  2.9850E-01  7.4193E+45  1.1132E+36  1.1395E+43  7.4079E+45
  3.1620E-01  6.8047E+45  4.4067E+36  1.0058E+43  6.7947E+45
  3.3500E-01  6.2397E+45  1.5968E+37  8.8846E+42  6.2308E+45
  3.5480E-01  5.7243E+45  5.3129E+37  7.8507E+42  5.7165E+45
  3.7580E-01  5.2511E+45  1.6379E+38  6.9167E+42  5.2442E+45
  3.9810E-01  4.8158E+45  4.6553E+38  6.1104E+42  4.8097E+45
  4.2170E-01  4.4170E+45  1.2162E+39  5.3626E+42  4.4116E+45
  4.4670E-01  4.0513E+45  2.9467E+39  4.7134E+42  4.0466E+45
  4.7320E-01  3.7156E+45  6.7216E+39  4.1292E+42  3.7115E+45
  5.0120E-01  3.4084E+45  1.4478E+40  3.6053E+42  3.4048E+45
  5.3090E-01  3.1263E+45  2.9602E+40  3.1287E+42  3.1232E+45
  5.6230E-01  2.8679E+45  5.7414E+40  2.7200E+42  2.8651E+45
  5.9570E-01  2.6300E+45  1.0636E+41  2.3611E+42  2.6276E+45
  6.3100E-01  2.4126E+45  1.8805E+41  2.0414E+42  2.4103E+45
  6.6830E-01  2.2135E+45  3.1800E+41  1.7564E+42  2.2114E+45
  7.0790E-01  2.0304E+45  5.1646E+41  1.5070E+42  2.0284E+45
  7.4990E-01  1.8626E+45  8.0761E+41  1.2910E+42  1.8605E+45
  7.9430E-01  1.7089E+45  1.2175E+42  1.1005E+42  1.7066E+45
  8.4140E-01  1.5680E+45  1.7782E+42  9.3250E+41  1.5653E+45
  8.9130E-01  1.4390E+45  2.5222E+42  7.8199E+41  1.4357E+45
  9.4410E-01  1.3211E+45  3.4812E+42  6.5155E+41  1.3170E+45
  1.0000E+00  1.2134E+45  4.6900E+42  5.4063E+41  1.2081E+45
  1.0590E+00  1.1152E+45  6.1769E+42  4.4701E+41  1.1086E+45
  1.1220E+00  1.0249E+45  8.0062E+42  3.6700E+41  1.0165E+45
  1.1890E+00  9.4235E+44  1.0222E+43  2.9853E+41  9.3183E+44
  1.2590E+00  8.6824E+44  1.2794E+43  2.4004E+41  8.5520E+44
  1.3340E+00  8.0012E+44  1.5824E+43  1.9163E+41  7.8411E+44
  1.4130E+00  7.3868E+44  1.9252E+43  1.5293E+41  7.1927E+44
  1.4960E+00  6.8345E+44  2.3075E+43  1.2180E+41  6.6026E+44
  1.5850E+00  6.3295E+44  2.7421E+43  9.6350E+40  6.0543E+44
  1.6790E+00  5.8751E+44  3.2128E+43  7.5638E+40  5.5530E+44
  1.7780E+00  5.4671E+44  3.7077E+43  5.8845E+40  5.0957E+44
  1.8840E+00  5.0960E+44  4.2365E+43  4.5298E+40  4.6719E+44
  1.9950E+00  4.7649E+44  4.7707E+43  3.4569E+40  4.2875E+44
  2.1130E+00  4.4647E+44  5.3115E+43  2.6159E+40  3.9333E+44
  2.2390E+00  4.1909E+44  5.8459E+43  1.9654E+40  3.6061E+44
  2.3710E+00  3.9438E+44  6.3453E+43  1.4697E+40  3.3092E+44
  2.5120E+00  3.7163E+44  6.8179E+43  1.0951E+40  3.0344E+44
  2.6610E+00  3.5074E+44  7.2405E+43  8.1438E+39  2.7832E+44
  2.8180E+00  3.3133E+44  7.5941E+43  6.0466E+39  2.5538E+44
  2.9850E+00  3.1312E+44  7.8852E+43  4.4844E+39  2.3426E+44
  3.1620E+00  2.9589E+44  8.1015E+43  3.3227E+39  2.1487E+44
  3.3500E+00  2.7976E+44  8.2717E+43  2.4627E+39  1.9704E+44
  3.5480E+00  2.6423E+44  8.3451E+43  1.8233E+39  1.8078E+44
  3.7580E+00  2.4941E+44  8.3576E+43  1.3487E+39  1.6583E+44
  3.9810E+00  2.3523E+44  8.3137E+43  9.9689E+38  1.5210E+44
  4.2170E+00  2.2163E+44  8.2118E+43  7.3614E+38  1.3951E+44
  4.4670E+00  2.0856E+44  8.0602E+43  5.4289E+38  1.2796E+44
  4.7320E+00  1.9616E+44  7.8796E+43  3.9982E+38  1.1737E+44
  5.0120E+00  1.8469E+44  7.6772E+43  2.9462E+38  1.0791E+44
  5.3090E+00  1.7059E+44  7.4562E+43  2.1268E+38  9.6024E+43
  5.6230E+00  1.5710E+44  7.2292E+43  1.5281E+38  8.4805E+43
  5.9570E+00  1.4442E+44  7.0108E+43  1.0938E+38  7.4316E+43
  6.3100E+00  1.3200E+44  6.7286E+43  7.7663E+37  6.4710E+43
  6.6830E+00  1.2121E+44  6.5193E+43  5.5165E+37  5.6014E+43
  7.0790E+00  1.1069E+44  6.2497E+43  3.8716E+37  4.8190E+43
  7.4990E+00  1.0512E+44  6.3887E+43  2.7930E+37  4.1229E+43
  7.9430E+00  1.2049E+44  8.5378E+43  2.4487E+37  3.5109E+43
  8.4140E+00  1.6006E+44  1.3031E+44  2.6768E+37  2.9752E+43
  8.9130E+00  1.9731E+44  1.7220E+44  2.9052E+37  2.5104E+43
  9.4410E+00  2.2919E+44  2.0809E+44  3.2986E+37  2.1101E+43
  1.0000E+01  1.9805E+44  1.8038E+44  2.4304E+37  1.7671E+43
  1.0590E+01  1.6098E+44  1.4622E+44  1.6299E+37  1.4758E+43
  1.1220E+01  1.2416E+44  1.1189E+44  9.6406E+36  1.2267E+43
  1.1890E+01  9.7150E+43  8.6991E+43  5.8006E+36  1.0159E+43
  1.2590E+01  7.6179E+43  6.7767E+43  3.4229E+36  8.4119E+42
  1.3340E+01  6.0681E+43  5.3749E+43  2.0212E+36  6.9319E+42
  1.4130E+01  5.1454E+43  4.5749E+43  1.2482E+36  5.7050E+42
  1.4960E+01  5.0382E+43  4.5691E+43  9.1851E+35  4.6919E+42
  1.5850E+01  5.1247E+43  4.7405E+43  7.3349E+35  3.8414E+42
  1.6790E+01  5.2321E+43  4.9181E+43  6.1187E+35  3.1409E+42
  1.7780E+01  5.1702E+43  4.9135E+43  5.0895E+35  2.5663E+42
  1.8840E+01  4.8055E+43  4.5966E+43  3.9905E+35  2.0888E+42
  1.9950E+01  4.2012E+43  4.0311E+43  2.8551E+35  1.7013E+42
  2.1130E+01  3.6226E+43  3.4843E+43  1.9509E+35  1.3827E+42
  2.2390E+01  3.1433E+43  3.0313E+43  1.3360E+35  1.1203E+42
  2.3710E+01  2.7395E+43  2.6486E+43  9.1448E+34  9.0864E+41
  2.5120E+01  2.3883E+43  2.3148E+43  6.2747E+34  7.3479E+41
  2.6610E+01  2.0761E+43  2.0167E+43  4.2827E+34  5.9383E+41
  2.8180E+01  1.7988E+43  1.7508E+43  2.9218E+34  4.7994E+41
  2.9850E+01  1.5472E+43  1.5085E+43  1.9841E+34  3.8717E+41
  3.1620E+01  1.3179E+43  1.2867E+43  1.3349E+34  3.1199E+41
  3.3500E+01  1.1099E+43  1.0848E+43  8.8934E+33  2.5106E+41
  3.5480E+01  9.2459E+42  9.0439E+42  5.8698E+33  2.0210E+41
  3.7580E+01  7.6007E+42  7.4382E+42  3.8267E+33  1.6253E+41
  3.9810E+01  6.1535E+42  6.0230E+42  2.4600E+33  1.3054E+41
  4.2170E+01  4.9180E+42  4.8133E+42  1.5612E+33  1.0479E+41
  4.4670E+01  3.8841E+42  3.8000E+42  9.7797E+32  8.4074E+40
  4.7320E+01  3.0355E+42  2.9681E+42  6.0587E+32  6.7400E+40
  5.0120E+01  2.3511E+42  2.2971E+42  3.7181E+32  5.4034E+40
  5.3090E+01  1.8055E+42  1.7622E+42  2.2615E+32  4.3282E+40
  5.6230E+01  1.3770E+42  1.3424E+42  1.3657E+32  3.4667E+40
  5.9570E+01  1.0426E+42  1.0149E+42  8.1851E+31  2.7728E+40
  6.3100E+01  7.8544E+41  7.6326E+41  4.8812E+31  2.2180E+40
  6.6830E+01  5.8911E+41  5.7137E+41  2.8984E+31  1.7744E+40
  7.0790E+01  4.3999E+41  4.2581E+41  1.7140E+31  1.4183E+40
  7.4990E+01  3.2733E+41  3.1600E+41  1.0099E+31  1.1329E+40
  7.9430E+01  2.4286E+41  2.3381E+41  5.9377E+30  9.0505E+39
  8.4140E+01  1.7968E+41  1.7246E+41  3.4819E+30  7.2256E+39
  8.9130E+01  1.3272E+41  1.2695E+41  2.0395E+30  5.7665E+39
  9.4410E+01  9.7872E+40  9.3270E+40  1.1933E+30  4.6021E+39
  1.0000E+02  7.2061E+40  6.8389E+40  6.9750E+29  3.6722E+39
  1.0590E+02  5.3049E+40  5.0117E+40  4.0793E+29  2.9317E+39
  1.1220E+02  3.9009E+40  3.6673E+40  2.3833E+29  2.3358E+39
  1.1890E+02  2.8716E+40  2.6857E+40  1.3946E+29  1.8590E+39
  1.2590E+02  2.1266E+40  1.9782E+40  8.2145E+28  1.4838E+39
  1.3340E+02  1.5783E+40  1.4602E+40  4.8567E+28  1.1811E+39
  1.4130E+02  1.1654E+40  1.0713E+40  2.8701E+28  9.4117E+38
  1.4960E+02  8.4766E+39  7.7253E+39  1.6728E+28  7.5121E+38
  1.5850E+02  6.1278E+39  5.5300E+39  9.6759E+27  5.9781E+38
  1.7780E+02  3.2344E+39  2.8549E+39  3.2712E+27  3.7942E+38
  1.9950E+02  1.7170E+39  1.4765E+39  1.1161E+27  2.4043E+38
  2.2390E+02  9.1464E+38  7.6248E+38  3.8376E+26  1.5216E+38
  2.5120E+02  4.8981E+38  3.9344E+38  1.3320E+26  9.6376E+37
  2.8180E+02  2.6366E+38  2.0261E+38  4.6658E+25  6.1043E+37
  3.1620E+02  1.4265E+38  1.0403E+38  1.6488E+25  3.8617E+37
  3.5480E+02  7.7739E+37  5.3318E+37  5.8842E+24  2.4421E+37
  3.9810E+02  4.2717E+37  2.7275E+37  2.1229E+24  1.5442E+37
  4.4670E+02  2.3687E+37  1.3927E+37  7.7396E+23  9.7603E+36
  5.0120E+02  1.3271E+37  7.1015E+36  2.8521E+23  6.1695E+36
  5.6230E+02  7.5178E+36  3.6175E+36  1.0617E+23  3.9003E+36
  6.3100E+02  4.3015E+36  1.8386E+36  3.9868E+22  2.4629E+36
  7.0790E+02  2.4911E+36  9.3434E+35  1.5117E+22  1.5568E+36
  7.9430E+02  1.4572E+36  4.7393E+35  5.7723E+21  9.8325E+35
  8.9130E+02  8.6085E+35  2.4008E+35  2.2186E+21  6.2077E+35
  1.0000E+03  5.1370E+35  1.2156E+35  8.5846E+20  3.9214E+35
