  1.0000E-03  7.2038E+44  0.0000E+00  8.0963E+43  6.3942E+44
  1.1220E-03  7.5941E+44  0.0000E+00  9.7738E+43  6.6167E+44
  1.2590E-03  7.9171E+44  0.0000E+00  1.1140E+44  6.8030E+44
  1.4130E-03  8.1653E+44  0.0000E+00  1.2085E+44  6.9568E+44
  1.5850E-03  8.4590E+44  0.0000E+00  1.2825E+44  7.1765E+44
  1.7780E-03  9.2775E+44  0.0000E+00  1.5601E+44  7.7174E+44
  1.9950E-03  9.0458E+44  0.0000E+00  1.6384E+44  7.4074E+44
  2.2390E-03  8.8871E+44  0.0000E+00  1.5670E+44  7.3201E+44
  2.5120E-03  9.5960E+44  0.0000E+00  1.9509E+44  7.6451E+44
  2.8180E-03  8.7733E+44  0.0000E+00  1.8849E+44  6.8884E+44
  3.1620E-03  8.0766E+44  0.0000E+00  1.7378E+44  6.3388E+44
  3.5480E-03  7.4603E+44  0.0000E+00  1.5582E+44  5.9020E+44
  3.9810E-03  6.9680E+44  0.0000E+00  1.3739E+44  5.5942E+44
  4.4670E-03  1.9436E+45  0.0000E+00  5.4068E+44  1.4030E+45
  5.0120E-03  1.7862E+45  0.0000E+00  5.6382E+44  1.2224E+45
  5.6230E-03  1.6250E+45  0.0000E+00  5.5989E+44  1.0651E+45
  5.9570E-03  1.5511E+45  0.0000E+00  5.5179E+44  9.9928E+44
  6.6830E-03  1.4341E+45  0.0000E+00  5.3266E+44  9.0146E+44
  7.4990E-03  1.3690E+45  0.0000E+00  5.2323E+44  8.4580E+44
  8.4140E-03  1.2739E+45  0.0000E+00  4.9870E+44  7.7520E+44
  9.4410E-03  1.2102E+45  0.0000E+00  4.7473E+44  7.3551E+44
  1.0590E-02  1.2031E+45  0.0000E+00  4.5321E+44  7.4988E+44
  1.1890E-02  1.1534E+45  0.0000E+00  4.5227E+44  7.0109E+44
  1.3340E-02  1.1105E+45  0.0000E+00  4.3058E+44  6.7990E+44
  1.4960E-02  1.0477E+45  0.0000E+00  4.0830E+44  6.3941E+44
  1.6790E-02  9.9403E+44  0.0000E+00  3.8457E+44  6.0946E+44
  1.8840E-02  9.5272E+44  0.0000E+00  3.6246E+44  5.9027E+44
  2.1130E-02  9.1017E+44  0.0000E+00  3.4703E+44  5.6314E+44
  2.3710E-02  8.6244E+44  0.0000E+00  3.2812E+44  5.3432E+44
  2.6610E-02  8.0661E+44  0.0000E+00  3.0646E+44  5.0015E+44
  2.9850E-02  7.5314E+44  8.5812E-84  2.8503E+44  4.6811E+44
  3.3500E-02  6.9913E+44  4.5827E-69  2.6249E+44  4.3665E+44
  3.7580E-02  7.3573E+44  5.5046E-56  2.6675E+44  4.6898E+44
  4.2170E-02  7.5601E+44  1.9948E-44  3.1955E+44  4.3647E+44
  4.7320E-02  5.7865E+44  3.4295E-34  2.6612E+44  3.1254E+44
  5.3090E-02  3.8523E+44  3.7067E-25  1.9435E+44  1.9088E+44
  6.6830E-02  8.3858E+43  1.8685E-10  6.0193E+43  2.3665E+43
  7.4990E-02  3.5183E+43  1.6660E-04  2.9181E+43  6.0018E+42
  8.4140E-02  4.0823E+43  1.1919E+02  3.2443E+43  8.3804E+42
  9.4410E-02  4.7097E+43  1.7591E+07  3.6509E+43  1.0588E+43
  1.0590E-01  8.6557E+43  1.2002E+12  6.0786E+43  2.5771E+43
  1.1890E-01  1.5358E+44  2.6509E+16  8.8102E+43  6.5477E+43
  1.3340E-01  2.4203E+44  1.2431E+20  1.1847E+44  1.2357E+44
  1.4960E-01  2.9364E+44  2.4298E+23  1.1549E+44  1.7815E+44
  1.5850E-01  2.8272E+44  7.8240E+24  1.0340E+44  1.7932E+44
  1.7780E-01  1.9423E+44  3.2669E+27  7.2117E+43  1.2212E+44
  1.9950E-01  6.6668E+43  3.5724E+29  2.8704E+43  3.7964E+43
  2.2390E-01  3.6814E+43  2.2901E+31  1.9827E+43  1.6987E+43
  2.3710E-01  6.2491E+43  2.8981E+32  3.2600E+43  2.9891E+43
  2.5120E-01  1.0344E+44  3.2757E+33  4.9355E+43  5.4085E+43
  2.6610E-01  1.3902E+44  2.7807E+34  6.0658E+43  7.8359E+43
  2.8180E-01  1.6636E+44  1.8982E+35  6.6821E+43  9.9542E+43
  2.9850E-01  1.8873E+44  1.1004E+36  7.0935E+43  1.1780E+44
  3.1620E-01  2.1104E+44  5.5730E+36  7.5441E+43  1.3560E+44
  3.3500E-01  2.3262E+44  2.5231E+37  7.9645E+43  1.5298E+44
  3.5480E-01  2.5175E+44  1.0213E+38  8.2937E+43  1.6881E+44
  3.7580E-01  2.7131E+44  3.7995E+38  8.6105E+43  1.8521E+44
  3.9810E-01  2.8931E+44  1.2820E+39  8.9147E+43  2.0016E+44
  4.2170E-01  3.1165E+44  4.0135E+39  9.3122E+43  2.1852E+44
  4.4670E-01  3.3478E+44  1.1571E+40  9.7588E+43  2.3718E+44
  4.7320E-01  3.5805E+44  3.1214E+40  1.0179E+44  2.5623E+44
  5.0120E-01  3.8057E+44  7.8876E+40  1.0538E+44  2.7511E+44
  5.3090E-01  4.0410E+44  1.8884E+41  1.0868E+44  2.9523E+44
  5.6230E-01  4.2483E+44  4.2279E+41  1.1139E+44  3.1301E+44
  5.9570E-01  4.4372E+44  8.9526E+41  1.1361E+44  3.2922E+44
  6.3100E-01  4.6254E+44  1.7992E+42  1.1553E+44  3.4522E+44
  6.6830E-01  4.8122E+44  3.4357E+42  1.1711E+44  3.6068E+44
  7.0790E-01  5.0021E+44  6.2553E+42  1.1882E+44  3.7514E+44
  7.4990E-01  5.1843E+44  1.0839E+43  1.2044E+44  3.8715E+44
  7.9430E-01  5.3823E+44  1.7965E+43  1.2221E+44  3.9806E+44
  8.4140E-01  5.6076E+44  2.8602E+43  1.2436E+44  4.0780E+44
  8.9130E-01  5.8894E+44  4.4023E+43  1.2699E+44  4.1793E+44
  9.4410E-01  6.2114E+44  6.5190E+43  1.2983E+44  4.2613E+44
  1.0000E+00  6.5607E+44  9.2766E+43  1.3245E+44  4.3085E+44
  1.0590E+00  6.9472E+44  1.2725E+44  1.3475E+44  4.3272E+44
  1.1220E+00  7.3788E+44  1.6956E+44  1.3625E+44  4.3207E+44
  1.1890E+00  7.8560E+44  2.1992E+44  1.3628E+44  4.2939E+44
  1.2590E+00  8.3695E+44  2.7712E+44  1.3393E+44  4.2591E+44
  1.3340E+00  8.8919E+44  3.4003E+44  1.2968E+44  4.1949E+44
  1.4130E+00  9.3834E+44  4.0439E+44  1.2373E+44  4.1021E+44
  1.4960E+00  9.8321E+44  4.6815E+44  1.1611E+44  3.9895E+44
  1.5850E+00  1.0238E+45  5.3111E+44  1.0700E+44  3.8571E+44
  1.6790E+00  1.0570E+45  5.8911E+44  9.6384E+43  3.7155E+44
  1.7780E+00  1.0803E+45  6.3893E+44  8.4603E+43  3.5674E+44
  1.8840E+00  1.0934E+45  6.8008E+44  7.2391E+43  3.4088E+44
  1.9950E+00  1.0947E+45  7.0961E+44  6.0348E+43  3.2474E+44
  2.1130E+00  1.0845E+45  7.2741E+44  4.9104E+43  3.0803E+44
  2.2390E+00  1.0625E+45  7.3261E+44  3.9048E+43  2.9086E+44
  2.3710E+00  1.0298E+45  7.2552E+44  3.0419E+43  2.7391E+44
  2.5120E+00  9.8852E+44  7.0833E+44  2.3301E+43  2.5689E+44
  2.6610E+00  9.3980E+44  6.8195E+44  1.7581E+43  2.4027E+44
  2.8180E+00  8.8514E+44  6.4780E+44  1.3085E+43  2.2425E+44
  2.9850E+00  8.2684E+44  6.0844E+44  9.6301E+42  2.0877E+44
  3.1620E+00  7.6613E+44  5.6515E+44  7.0144E+42  1.9397E+44
  3.3500E+00  7.0635E+44  5.2141E+44  5.0766E+42  1.7986E+44
  3.5480E+00  6.4649E+44  4.7620E+44  3.6436E+42  1.6665E+44
  3.7580E+00  5.8867E+44  4.3188E+44  2.5989E+42  1.5419E+44
  3.9810E+00  5.3332E+44  3.8899E+44  1.8432E+42  1.4249E+44
  4.2170E+00  4.8092E+44  3.4805E+44  1.3006E+42  1.3157E+44
  4.4670E+00  4.3175E+44  3.0945E+44  9.1330E+41  1.2139E+44
  4.7320E+00  3.8621E+44  2.7366E+44  6.3843E+41  1.1191E+44
  5.0120E+00  3.4466E+44  2.4086E+44  4.4504E+41  1.0336E+44
  5.3090E+00  3.0349E+44  2.1085E+44  3.0612E+41  9.2334E+43
  5.6230E+00  2.6589E+44  1.8386E+44  2.0927E+41  8.1823E+43
  5.9570E+00  2.3193E+44  1.5988E+44  1.4229E+41  7.1911E+43
  6.3100E+00  2.0054E+44  1.3766E+44  9.5763E+40  6.2780E+43
  6.6830E+00  1.7397E+44  1.1945E+44  6.4517E+40  5.4461E+43
  7.0790E+00  1.4961E+44  1.0262E+44  4.2875E+40  4.6948E+43
  7.4990E+00  1.3235E+44  9.2164E+43  2.9064E+40  4.0160E+43
  7.9430E+00  1.3657E+44  1.0269E+44  2.3124E+40  3.3858E+43
  8.4140E+00  1.6049E+44  1.3242E+44  2.2192E+40  2.8048E+43
  8.9130E+00  1.7785E+44  1.5471E+44  2.1282E+40  2.3119E+43
  9.4410E+00  1.8755E+44  1.6853E+44  2.1411E+40  1.8996E+43
  1.0000E+01  1.5415E+44  1.3805E+44  1.5002E+40  1.6083E+43
  1.0590E+01  1.1966E+44  1.0600E+44  9.6568E+39  1.3644E+43
  1.1220E+01  8.8018E+43  7.6474E+43  5.5107E+39  1.1539E+43
  1.1890E+01  6.5115E+43  5.5433E+43  3.1723E+39  9.6782E+42
  1.2590E+01  4.7986E+43  3.9887E+43  1.7845E+39  8.0968E+42
  1.3340E+01  3.5646E+43  2.8921E+43  9.9931E+38  6.7235E+42
  1.4130E+01  2.7972E+43  2.2416E+43  5.8167E+38  5.5554E+42
  1.4960E+01  2.5162E+43  2.0602E+43  3.9749E+38  4.5601E+42
  1.5850E+01  2.3443E+43  1.9723E+43  2.9228E+38  3.7197E+42
  1.6790E+01  2.1917E+43  1.8888E+43  2.2376E+38  3.0286E+42
  1.7780E+01  1.9843E+43  1.7376E+43  1.7097E+38  2.4674E+42
  1.8840E+01  1.6885E+43  1.4877E+43  1.2360E+38  2.0083E+42
  1.9950E+01  1.3513E+43  1.1872E+43  8.2049E+37  1.6407E+42
  2.1130E+01  1.0640E+43  9.3019E+42  5.2081E+37  1.3379E+42
  2.2390E+01  8.4128E+42  7.3258E+42  3.3082E+37  1.0870E+42
  2.3710E+01  6.6832E+42  5.7995E+42  2.1022E+37  8.8362E+41
  2.5120E+01  5.3118E+42  4.5958E+42  1.3393E+37  7.1593E+41
  2.6610E+01  4.2182E+42  3.6386E+42  8.5055E+36  5.7958E+41
  2.8180E+01  3.3496E+42  2.8804E+42  5.4143E+36  4.6914E+41
  2.9850E+01  2.6500E+42  2.2710E+42  3.4409E+36  3.7898E+41
  3.1620E+01  2.0853E+42  1.7795E+42  2.1753E+36  3.0580E+41
  3.3500E+01  1.6306E+42  1.3842E+42  1.3678E+36  2.4640E+41
  3.5480E+01  1.2690E+42  1.0704E+42  8.5657E+35  1.9860E+41
  3.7580E+01  9.7994E+41  8.2002E+41  5.3245E+35  1.5991E+41
  3.9810E+01  7.4925E+41  6.2064E+41  3.2796E+35  1.2861E+41
  4.2170E+01  5.6872E+41  4.6534E+41  2.0045E+35  1.0338E+41
  4.4670E+01  4.2891E+41  3.4587E+41  1.2154E+35  8.3043E+40
  4.7320E+01  3.2181E+41  2.5516E+41  7.3240E+34  6.6653E+40
  5.0120E+01  2.4061E+41  1.8712E+41  4.3935E+34  5.3495E+40
  5.3090E+01  1.7928E+41  1.3639E+41  2.6248E+34  4.2896E+40
  5.6230E+01  1.3339E+41  9.8996E+40  1.5644E+34  3.4391E+40
  5.9570E+01  9.9013E+40  7.1482E+40  9.2976E+33  2.7531E+40
  6.3100E+01  7.3518E+40  5.1477E+40  5.5247E+33  2.2041E+40
  6.6830E+01  5.4632E+40  3.6988E+40  3.2844E+33  1.7645E+40
  7.0790E+01  4.0628E+40  2.6515E+40  1.9533E+33  1.4113E+40
  7.4990E+01  3.0246E+40  1.8966E+40  1.1628E+33  1.1279E+40
  7.9430E+01  2.2570E+40  1.3555E+40  6.9376E+32  9.0152E+39
  8.4140E+01  1.6876E+40  9.6757E+39  4.1461E+32  7.2006E+39
  8.9130E+01  1.2654E+40  6.9055E+39  2.4847E+32  5.7489E+39
  9.4410E+01  9.5170E+39  4.9274E+39  1.4933E+32  4.5896E+39
  1.0000E+02  7.1782E+39  3.5148E+39  8.9984E+31  3.6634E+39
  1.0590E+02  5.4353E+39  2.5099E+39  5.4434E+31  2.9254E+39
  1.1220E+02  4.1233E+39  1.7920E+39  3.2968E+31  2.3313E+39
  1.1890E+02  3.1381E+39  1.2822E+39  2.0026E+31  1.8559E+39
  1.2590E+02  2.4058E+39  9.2428E+38  1.2252E+31  1.4816E+39
  1.3340E+02  1.8479E+39  6.6847E+38  7.5186E+30  1.1795E+39
  1.4130E+02  1.4211E+39  4.8110E+38  4.6372E+30  9.4001E+38
  1.4960E+02  1.0910E+39  3.4066E+38  2.8529E+30  7.5039E+38
  1.5850E+02  8.3689E+38  2.3966E+38  1.7479E+30  5.9723E+38
  1.7780E+02  4.9905E+38  1.1992E+38  6.6306E+29  3.7913E+38
  1.9950E+02  3.0062E+38  6.0329E+37  2.5375E+29  2.4029E+38
  2.2390E+02  1.8248E+38  3.0398E+37  9.7803E+28  1.5209E+38
  2.5120E+02  1.1169E+38  1.5349E+37  3.7974E+28  9.6340E+37
  2.8180E+02  6.8779E+37  7.7543E+36  1.4825E+28  6.1025E+37
  3.1620E+02  4.2522E+37  3.9142E+36  5.8064E+27  3.8608E+37
  3.5480E+02  2.6392E+37  1.9760E+36  2.2809E+27  2.4416E+37
  3.9810E+02  1.6437E+37  9.9735E+35  8.9877E+26  1.5440E+37
  4.4670E+02  1.0262E+37  5.0323E+35  3.5487E+26  9.7591E+36
  5.0120E+02  6.4228E+36  2.5392E+35  1.4040E+26  6.1689E+36
  5.6230E+02  4.0282E+36  1.2814E+35  5.5633E+25  3.9000E+36
  6.3100E+02  2.5274E+36  6.4591E+34  2.2051E+25  2.4628E+36
  7.0790E+02  1.5893E+36  3.2584E+34  8.7583E+24  1.5567E+36
  7.9430E+02  9.9963E+35  1.6420E+34  3.4784E+24  9.8321E+35
  8.9130E+02  6.2902E+35  8.2698E+33  1.3819E+24  6.2075E+35
  1.0000E+03  3.9629E+35  4.1659E+33  5.4962E+23  3.9213E+35
