  1.0000E-03  3.5831E+44  0.0000E+00  1.7178E+41  3.5814E+44
  1.1220E-03  3.2051E+44  0.0000E+00  2.2699E+41  3.2028E+44
  1.2590E-03  2.8251E+44  0.0000E+00  2.8591E+41  2.8223E+44
  1.4130E-03  2.4630E+44  0.0000E+00  3.4590E+41  2.4596E+44
  1.5850E-03  2.2254E+44  0.0000E+00  4.0548E+41  2.2214E+44
  1.7780E-03  2.3065E+44  0.0000E+00  5.1895E+41  2.3013E+44
  1.9950E-03  1.6999E+44  0.0000E+00  6.5909E+41  1.6933E+44
  2.2390E-03  1.3795E+44  0.0000E+00  7.4151E+41  1.3721E+44
  2.5120E-03  1.3360E+44  0.0000E+00  1.0162E+42  1.3259E+44
  2.8180E-03  8.2929E+43  0.0000E+00  1.2860E+42  8.1643E+43
  3.1620E-03  5.4973E+43  0.0000E+00  1.5287E+42  5.3444E+43
  3.5480E-03  3.7865E+43  0.0000E+00  1.7586E+42  3.6107E+43
  3.9810E-03  2.7533E+43  0.0000E+00  1.9684E+42  2.5564E+43
  4.4670E-03  1.9001E+44  0.0000E+00  2.3348E+42  1.8768E+44
  5.0120E-03  1.1268E+44  0.0000E+00  3.0650E+42  1.0961E+44
  5.6230E-03  6.8168E+43  0.0000E+00  3.8462E+42  6.4322E+43
  5.9570E-03  5.4218E+43  0.0000E+00  4.2444E+42  4.9974E+43
  6.6830E-03  3.7223E+43  0.0000E+00  5.0288E+42  3.2194E+43
  7.4990E-03  2.9050E+43  0.0000E+00  5.8381E+42  2.3212E+43
  8.4140E-03  2.2221E+43  0.0000E+00  6.7494E+42  1.5472E+43
  9.4410E-03  1.8990E+43  0.0000E+00  7.5976E+42  1.1393E+43
  1.0590E-02  1.8534E+43  0.0000E+00  8.1077E+42  1.0426E+43
  1.1890E-02  1.6905E+43  0.0000E+00  9.6086E+42  7.2965E+42
  1.3340E-02  1.6373E+43  0.0000E+00  1.0656E+43  5.7168E+42
  1.4960E-02  1.6128E+43  0.0000E+00  1.2042E+43  4.0864E+42
  1.6790E-02  1.6429E+43  0.0000E+00  1.3389E+43  3.0396E+42
  1.8840E-02  1.7060E+43  0.0000E+00  1.4683E+43  2.3770E+42
  2.1130E-02  1.8234E+43  0.0000E+00  1.6456E+43  1.7779E+42
  2.3710E-02  1.9593E+43  0.0000E+00  1.8283E+43  1.3092E+42
  2.6610E-02  2.1173E+43  0.0000E+00  2.0244E+43  9.2867E+41
  2.9850E-02  2.2925E+43  2.9827E-87  2.2262E+43  6.6250E+41
  3.3500E-02  2.4829E+43  1.3249E-72  2.4360E+43  4.6914E+41
  3.7580E-02  2.7212E+43  1.5054E-59  2.6746E+43  4.6648E+41
  4.2170E-02  3.2360E+43  4.5238E-48  3.2031E+43  3.2847E+41
  4.7320E-02  3.5448E+43  5.0856E-38  3.5325E+43  1.2293E+41
  5.3090E-02  3.5758E+43  3.3246E-29  3.5724E+43  3.4491E+40
  6.6830E-02  3.0141E+43  2.4221E-15  3.0140E+43  1.8970E+38
  7.4990E-02  2.4287E+43  7.4130E-10  2.4287E+43  6.7840E+36
  8.4140E-02  2.4547E+43  7.1110E-04  2.4547E+43  1.5176E+37
  9.4410E-02  2.5229E+43  1.3097E+02  2.5229E+43  2.6437E+37
  1.0590E-01  2.7257E+43  2.0362E+07  2.7257E+43  2.4600E+38
  1.1890E-01  2.5684E+43  1.0356E+12  2.5681E+43  2.8827E+39
  1.3340E-01  2.3376E+43  8.3821E+15  2.3360E+43  1.6412E+40
  1.4960E-01  1.9753E+43  2.4240E+19  1.9705E+43  4.7652E+40
  1.5850E-01  1.8239E+43  8.5437E+20  1.8184E+43  5.4724E+40
  1.7780E-01  1.5809E+43  3.4423E+23  1.5778E+43  3.1196E+40
  1.9950E-01  1.1953E+43  2.0029E+25  1.1951E+43  2.8308E+39
  2.2390E-01  9.3162E+42  9.6918E+26  9.3156E+42  6.1265E+38
  2.3710E-01  9.4685E+42  2.1920E+28  9.4656E+42  2.8640E+39
  2.5120E-01  9.2394E+42  4.5482E+29  9.2250E+42  1.4344E+40
  2.6610E-01  8.6279E+42  5.9342E+30  8.5863E+42  4.1557E+40
  2.8180E-01  7.8927E+42  5.6141E+31  7.8052E+42  8.7465E+40
  2.9850E-01  7.2146E+42  4.2456E+32  7.0601E+42  1.5448E+41
  3.1620E-01  6.6467E+42  2.7474E+33  6.3917E+42  2.5494E+41
  3.3500E-01  6.1751E+42  1.5678E+34  5.7745E+42  4.0059E+41
  3.5480E-01  5.7987E+42  7.8559E+34  5.2034E+42  5.9527E+41
  3.7580E-01  5.5432E+42  3.6303E+35  4.6664E+42  8.7688E+41
  3.9810E-01  5.4308E+42  1.4955E+36  4.1917E+42  1.2391E+42
  4.2170E-01  5.5477E+42  5.8281E+36  3.7406E+42  1.8071E+42
  4.4670E-01  5.9330E+42  2.0785E+37  3.3422E+42  2.5907E+42
  4.7320E-01  6.6472E+42  6.9210E+37  2.9747E+42  3.6724E+42
  5.0120E-01  7.7615E+42  2.1487E+38  2.6369E+42  5.1244E+42
  5.3090E-01  9.4843E+42  6.3480E+38  2.3220E+42  7.1617E+42
  5.6230E-01  1.1721E+43  1.7273E+39  2.0469E+42  9.6719E+42
  5.9570E-01  1.4592E+43  4.4085E+39  1.8009E+42  1.2787E+43
  6.3100E-01  1.8352E+43  1.0654E+40  1.5779E+42  1.6763E+43
  6.6830E-01  2.3173E+43  2.4406E+40  1.3755E+42  2.1773E+43
  7.0790E-01  2.9151E+43  5.3011E+40  1.1962E+42  2.7902E+43
  7.4990E-01  3.6093E+43  1.0847E+41  1.0388E+42  3.4946E+43
  7.9430E-01  4.4345E+43  2.1118E+41  8.9821E+41  4.3236E+43
  8.4140E-01  5.4105E+43  3.9360E+41  7.7239E+41  5.2939E+43
  8.9130E-01  6.6160E+43  7.0978E+41  6.5817E+41  6.4792E+43
  9.4410E-01  7.9976E+43  1.2256E+42  5.5754E+41  7.8192E+43
  1.0000E+00  9.4750E+43  2.0172E+42  4.7047E+41  9.2262E+43
  1.0590E+00  1.1036E+44  3.1771E+42  3.9586E+41  1.0679E+44
  1.1220E+00  1.2684E+44  4.8377E+42  3.3108E+41  1.2167E+44
  1.1890E+00  1.4425E+44  7.1437E+42  2.7464E+41  1.3683E+44
  1.2590E+00  1.6310E+44  1.0218E+43  2.2543E+41  1.5265E+44
  1.3340E+00  1.8182E+44  1.4184E+43  1.8383E+41  1.6745E+44
  1.4130E+00  1.9935E+44  1.8986E+43  1.4983E+41  1.8021E+44
  1.4960E+00  2.1579E+44  2.4638E+43  1.2184E+41  1.9103E+44
  1.5850E+00  2.3118E+44  3.1288E+43  9.8438E+40  1.9980E+44
  1.6790E+00  2.4576E+44  3.8779E+43  7.8889E+40  2.0690E+44
  1.7780E+00  2.5928E+44  4.6909E+43  6.2593E+40  2.1231E+44
  1.8840E+00  2.7121E+44  5.5652E+43  4.9093E+40  2.1551E+44
  1.9950E+00  2.8137E+44  6.4550E+43  3.8104E+40  2.1678E+44
  2.1130E+00  2.8928E+44  7.3424E+43  2.9271E+40  2.1583E+44
  2.2390E+00  2.9467E+44  8.1936E+43  2.2277E+40  2.1271E+44
  2.3710E+00  2.9758E+44  8.9621E+43  1.6831E+40  2.0795E+44
  2.5120E+00  2.9794E+44  9.6457E+43  1.2641E+40  2.0147E+44
  2.6610E+00  2.9595E+44  1.0211E+44  9.4504E+39  1.9383E+44
  2.8180E+00  2.9175E+44  1.0635E+44  7.0356E+39  1.8539E+44
  2.9850E+00  2.8557E+44  1.0926E+44  5.2196E+39  1.7630E+44
  3.1620E+00  2.7764E+44  1.1075E+44  3.8596E+39  1.6688E+44
  3.3500E+00  2.6847E+44  1.1124E+44  2.8493E+39  1.5723E+44
  3.5480E+00  2.5798E+44  1.1022E+44  2.0966E+39  1.4776E+44
  3.7580E+00  2.4662E+44  1.0820E+44  1.5388E+39  1.3842E+44
  3.9810E+00  2.3461E+44  1.0530E+44  1.1265E+39  1.2931E+44
  4.2170E+00  2.2213E+44  1.0159E+44  8.2265E+38  1.2055E+44
  4.4670E+00  2.0940E+44  9.7235E+43  5.9913E+38  1.1216E+44
  4.7320E+00  1.9672E+44  9.2541E+43  4.3521E+38  1.0417E+44
  5.0120E+00  1.8449E+44  8.7649E+43  3.1595E+38  9.6838E+43
  5.3090E+00  1.6963E+44  8.2636E+43  2.2465E+38  8.6992E+43
  5.6230E+00  1.5515E+44  7.7690E+43  1.5876E+38  7.7458E+43
  5.9570E+00  1.4132E+44  7.2971E+43  1.1162E+38  6.8346E+43
  6.3100E+00  1.2772E+44  6.7838E+43  7.7755E+37  5.9882E+43
  6.6830E+00  1.1564E+44  6.3539E+43  5.4054E+37  5.2104E+43
  7.0790E+00  1.0393E+44  5.8892E+43  3.7084E+37  4.5040E+43
  7.4990E+00  9.6795E+43  5.8326E+43  2.6126E+37  3.8469E+43
  7.9430E+00  1.0771E+44  7.5983E+43  2.2356E+37  3.1729E+43
  8.4140E+00  1.3660E+44  1.1155E+44  2.3791E+37  2.5051E+43
  8.9130E+00  1.6017E+44  1.4051E+44  2.5072E+37  1.9655E+43
  9.4410E+00  1.7707E+44  1.6167E+44  2.7600E+37  1.5395E+43
  1.0000E+01  1.5131E+44  1.3799E+44  1.9669E+37  1.3325E+43
  1.0590E+01  1.2192E+44  1.1025E+44  1.2742E+37  1.1671E+43
  1.1220E+01  9.2973E+43  8.2746E+43  7.2648E+36  1.0227E+43
  1.1890E+01  7.1371E+43  6.2569E+43  4.2134E+36  8.8026E+42
  1.2590E+01  5.4569E+43  4.7047E+43  2.3928E+36  7.5216E+42
  1.3340E+01  4.2142E+43  3.5798E+43  1.3581E+36  6.3441E+42
  1.4130E+01  3.4496E+43  2.9212E+43  8.0582E+35  5.2844E+42
  1.4960E+01  3.2533E+43  2.8214E+43  5.6982E+35  4.3197E+42
  1.5850E+01  3.1810E+43  2.8314E+43  4.3673E+35  3.4965E+42
  1.6790E+01  3.1188E+43  2.8366E+43  3.4954E+35  2.8220E+42
  1.7780E+01  2.9588E+43  2.7302E+43  2.7883E+35  2.2854E+42
  1.8840E+01  2.6394E+43  2.4534E+43  2.0933E+35  1.8605E+42
  1.9950E+01  2.2154E+43  2.0625E+43  1.4329E+35  1.5298E+42
  2.1130E+01  1.8325E+43  1.7069E+43  9.3635E+34  1.2564E+42
  2.2390E+01  1.5243E+43  1.4217E+43  6.1321E+34  1.0267E+42
  2.3710E+01  1.2743E+43  1.1904E+43  4.0186E+34  8.3877E+41
  2.5120E+01  1.0661E+43  9.9785E+42  2.6425E+34  6.8245E+41
  2.6610E+01  8.9052E+42  8.3506E+42  1.7314E+34  5.5456E+41
  2.8180E+01  7.4264E+42  6.9761E+42  1.1365E+34  4.5036E+41
  2.9850E+01  6.1587E+42  5.7938E+42  7.4415E+33  3.6490E+41
  3.1620E+01  5.0669E+42  4.7717E+42  4.8397E+33  2.9526E+41
  3.3500E+01  4.1300E+42  3.8915E+42  3.1249E+33  2.3852E+41
  3.5480E+01  3.3372E+42  3.1445E+42  2.0048E+33  1.9272E+41
  3.7580E+01  2.6662E+42  2.5106E+42  1.2738E+33  1.5555E+41
  3.9810E+01  2.1016E+42  1.9762E+42  7.9994E+32  1.2540E+41
  4.2170E+01  1.6384E+42  1.5373E+42  4.9720E+32  1.0103E+41
  4.4670E+01  1.2643E+42  1.1830E+42  3.0577E+32  8.1336E+40
  4.7320E+01  9.6718E+41  9.0176E+41  1.8639E+32  6.5419E+40
  5.0120E+01  7.3452E+41  6.8191E+41  1.1281E+32  5.2607E+40
  5.3090E+01  5.5394E+41  5.1168E+41  6.7821E+31  4.2258E+40
  5.6230E+01  4.1561E+41  3.8167E+41  4.0573E+31  3.3935E+40
  5.9570E+01  3.1003E+41  2.8282E+41  2.4142E+31  2.7206E+40
  6.3100E+01  2.3051E+41  2.0870E+41  1.4325E+31  2.1810E+40
  6.6830E+01  1.7092E+41  1.5344E+41  8.4836E+30  1.7481E+40
  7.0790E+01  1.2640E+41  1.1241E+41  5.0143E+30  1.3996E+40
  7.4990E+01  9.3270E+40  8.2074E+40  2.9598E+30  1.1197E+40
  7.9430E+01  6.8758E+40  5.9801E+40  1.7473E+30  8.9568E+39
  8.4140E+01  5.0634E+40  4.3474E+40  1.0312E+30  7.1593E+39
  8.9130E+01  3.7287E+40  3.1567E+40  6.0919E+29  5.7196E+39
  9.4410E+01  2.7463E+40  2.2894E+40  3.6032E+29  4.5689E+39
  1.0000E+02  2.0232E+40  1.6584E+40  2.1338E+29  3.6487E+39
  1.0590E+02  1.4930E+40  1.2015E+40  1.2671E+29  2.9150E+39
  1.1220E+02  1.1021E+40  8.6974E+39  7.5293E+28  2.3239E+39
  1.1890E+02  8.1559E+39  6.3053E+39  4.4867E+28  1.8506E+39
  1.2590E+02  6.0795E+39  4.6017E+39  2.6936E+28  1.4778E+39
  1.3340E+02  4.5446E+39  3.3678E+39  1.6234E+28  1.1768E+39
  1.4130E+02  3.3887E+39  2.4507E+39  9.8130E+27  9.3809E+38
  1.4960E+02  2.5017E+39  1.7527E+39  5.8925E+27  7.4903E+38
  1.5850E+02  1.8410E+39  1.2447E+39  3.5225E+27  5.9628E+38
  1.7780E+02  1.0123E+39  6.3362E+38  1.2759E+27  3.7866E+38
  1.9950E+02  5.6378E+38  3.2372E+38  4.6800E+26  2.4006E+38
  2.2390E+02  3.1735E+38  1.6538E+38  1.7353E+26  1.5197E+38
  2.5120E+02  1.8082E+38  8.4535E+37  6.5065E+25  9.6281E+37
  2.8180E+02  1.0417E+38  4.3173E+37  2.4626E+25  6.0995E+37
  3.1620E+02  6.0599E+37  2.2006E+37  9.3876E+24  3.8593E+37
  3.5480E+02  3.5614E+37  1.1205E+37  3.6029E+24  2.4409E+37
  3.9810E+02  2.1135E+37  5.6990E+36  1.3918E+24  1.5436E+37
  4.4670E+02  1.2652E+37  2.8952E+36  5.4044E+23  9.7572E+36
  5.0120E+02  7.6377E+36  1.4697E+36  2.1085E+23  6.1679E+36
  5.6230E+02  4.6453E+36  7.4572E+35  8.2585E+22  3.8996E+36
  6.3100E+02  2.8402E+36  3.7769E+35  3.2424E+22  2.4625E+36
  7.0790E+02  1.7479E+36  1.9134E+35  1.2777E+22  1.5566E+36
  7.9430E+02  1.0799E+36  9.6792E+34  5.0423E+21  9.8315E+35
  8.9130E+02  6.6963E+35  4.8913E+34  1.9928E+21  6.2072E+35
  1.0000E+03  4.1682E+35  2.4714E+34  7.8927E+20  3.9211E+35
