  1.0000E-03  1.9928E+43  0.0000E+00  6.5564E+42  1.3372E+43
  1.1220E-03  1.0992E+43  0.0000E+00  5.7876E+42  5.2040E+42
  1.2590E-03  6.6741E+42  0.0000E+00  4.7818E+42  1.8924E+42
  1.4130E-03  4.3835E+42  0.0000E+00  3.7292E+42  6.5421E+41
  1.5850E-03  3.2119E+42  0.0000E+00  2.9431E+42  2.6885E+41
  1.7780E-03  3.2833E+42  0.0000E+00  3.0720E+42  2.1136E+41
  1.9950E-03  2.0053E+42  0.0000E+00  1.9720E+42  3.3304E+40
  2.2390E-03  1.2552E+42  0.0000E+00  1.2470E+42  8.2744E+39
  2.5120E-03  1.2707E+42  0.0000E+00  1.2660E+42  4.7232E+39
  2.8180E-03  6.6501E+41  0.0000E+00  6.6469E+41  3.2414E+38
  3.1620E-03  3.5926E+41  0.0000E+00  3.5923E+41  2.9600E+37
  3.5480E-03  1.9853E+41  0.0000E+00  1.9852E+41  3.1301E+36
  3.9810E-03  1.1491E+41  0.0000E+00  1.1491E+41  4.1155E+35
  4.4670E-03  4.8680E+42  0.0000E+00  4.8655E+42  2.5425E+39
  5.0120E-03  2.3258E+42  0.0000E+00  2.3257E+42  1.3856E+38
  5.6230E-03  1.0982E+42  0.0000E+00  1.0982E+42  7.7375E+36
  5.9570E-03  7.6569E+41  0.0000E+00  7.6569E+41  1.9517E+36
  6.6830E-03  4.0344E+41  0.0000E+00  4.0344E+41  1.6821E+35
  7.4990E-03  2.4237E+41  0.0000E+00  2.4237E+41  2.4532E+34
  8.4140E-03  1.3865E+41  0.0000E+00  1.3865E+41  2.4676E+33
  9.4410E-03  8.6095E+40  0.0000E+00  8.6095E+40  3.9550E+32
  1.0590E-02  6.0099E+40  0.0000E+00  6.0099E+40  1.7618E+32
  1.1890E-02  4.1481E+40  0.0000E+00  4.1481E+40  2.2136E+31
  1.3340E-02  2.8019E+40  0.0000E+00  2.8019E+40  4.7427E+30
  1.4960E-02  1.8564E+40  0.0000E+00  1.8564E+40  6.6144E+29
  1.6790E-02  1.2487E+40  0.0000E+00  1.2487E+40  1.1091E+29
  1.8840E-02  8.6272E+39  0.0000E+00  8.6272E+39  2.3560E+28
  2.1130E-02  6.2195E+39  0.0000E+00  6.2195E+39  4.0679E+27
  2.3710E-02  4.4208E+39  0.0000E+00  4.4208E+39  6.5189E+26
  2.6610E-02  3.0924E+39  0.0000E+00  3.0924E+39  8.7726E+25
  2.9850E-02  2.1890E+39  0.0000E+00  2.1890E+39  1.2168E+25
  3.3500E-02  1.5543E+39  1.2308E-85  1.5543E+39  1.6298E+24
  3.7580E-02  1.4558E+39  9.8513E-73  1.4558E+39  1.0418E+24
  4.2170E-02  1.5669E+39  7.8462E-62  1.5669E+39  1.3598E+23
  4.7320E-02  9.0390E+38  3.8973E-53  9.0390E+38  9.6894E+20
  5.3090E-02  4.6988E+38  6.0952E-46  4.6988E+38  2.3859E+18
  6.6830E-02  4.2177E+37  1.6362E-38  4.2177E+37  1.0094E+08
  7.4990E-02  7.9769E+36  3.6882E-37  7.9769E+36  2.3583E+01
  8.4140E-02  1.0080E+37  3.6136E-30  1.0080E+37  1.0253E+03
  9.4410E-02  1.3048E+37  3.2699E-24  1.3048E+37  1.4043E+04
  1.0590E-01  4.0750E+37  3.5984E-16  4.0750E+37  5.5226E+08
  1.1890E-01  1.0293E+38  3.4403E-08  1.0293E+38  8.4158E+13
  1.3340E-01  2.3439E+38  6.7743E-02  2.3439E+38  4.6048E+17
  1.4960E-01  4.1302E+38  6.3557E+03  4.1302E+38  1.1218E+20
  1.5850E-01  4.5050E+38  4.1976E+05  4.5050E+38  2.8978E+20
  1.7780E-01  2.6077E+38  5.8140E+07  2.6077E+38  4.3018E+19
  1.9950E-01  5.2103E+37  6.3421E+06  5.2103E+37  1.3947E+15
  2.2390E-01  3.1761E+37  6.6058E+06  3.1761E+37  2.4590E+12
  2.3710E-01  8.6027E+37  1.6196E+10  8.6027E+37  4.1584E+15
  2.5120E-01  2.0247E+38  4.4391E+13  2.0247E+38  9.6877E+18
  2.6610E-01  3.3937E+38  1.5761E+16  3.3937E+38  1.8066E+21
  2.8180E-01  4.8219E+38  1.6200E+18  4.8219E+38  7.7253E+22
  2.9850E-01  6.5125E+38  8.0452E+19  6.5125E+38  1.4728E+24
  3.1620E-01  8.9509E+38  2.8103E+21  8.9509E+38  2.0539E+25
  3.3500E-01  1.2337E+39  7.5102E+22  1.2337E+39  2.2863E+26
  3.5480E-01  1.6684E+39  1.4965E+24  1.6684E+39  1.9635E+27
  3.7580E-01  2.2734E+39  2.6864E+25  2.2734E+39  1.6243E+28
  3.9810E-01  3.0904E+39  3.8073E+26  3.0904E+39  1.1078E+29
  4.2170E-01  4.3705E+39  5.5996E+27  4.3705E+39  8.7630E+29
  4.4670E-01  6.2826E+39  7.1620E+28  6.2826E+39  6.3973E+30
  4.7320E-01  9.0650E+39  8.2760E+29  9.0650E+39  4.4344E+31
  5.0120E-01  1.3024E+40  8.5137E+30  1.3024E+40  2.8559E+32
  5.3090E-01  1.8874E+40  8.3850E+31  1.8874E+40  1.8557E+33
  5.6230E-01  2.6960E+40  6.8756E+32  2.6960E+40  1.0272E+34
  5.9570E-01  3.8199E+40  4.9724E+33  3.8199E+40  5.1556E+34
  6.3100E-01  5.4266E+40  3.3198E+34  5.4265E+40  2.4858E+35
  6.6830E-01  7.7031E+40  2.0453E+35  7.7030E+40  1.1476E+36
  7.0790E-01  1.0981E+41  1.1489E+36  1.0980E+41  4.9772E+36
  7.4990E-01  1.5523E+41  5.6801E+36  1.5521E+41  1.9392E+37
  7.9430E-01  2.1946E+41  2.5763E+37  2.1937E+41  7.1279E+37
  8.4140E-01  3.0959E+41  1.0861E+38  3.0923E+41  2.4963E+38
  8.9130E-01  4.3993E+41  4.4345E+38  4.3862E+41  8.7203E+38
  9.4410E-01  6.1738E+41  1.6666E+39  6.1286E+41  2.8524E+39
  1.0000E+00  8.4604E+41  5.5918E+39  8.3204E+41  8.4013E+39
  1.0590E+00  1.1411E+42  1.6959E+40  1.1015E+42  2.2593E+40
  1.1220E+00  1.5297E+42  4.7572E+40  1.4256E+42  5.6584E+40
  1.1890E+00  2.0587E+42  1.2473E+41  1.8005E+42  1.3348E+41
  1.2590E+00  2.8275E+42  3.0925E+41  2.2163E+42  3.0194E+41
  1.3340E+00  3.9844E+42  7.0870E+41  2.6419E+42  6.3372E+41
  1.4130E+00  5.7266E+42  1.4742E+42  3.0367E+42  1.2157E+42
  1.4960E+00  8.3756E+42  2.8296E+42  3.3773E+42  2.1687E+42
  1.5850E+00  1.2398E+43  5.1029E+42  3.6457E+42  3.6494E+42
  1.6790E+00  1.8374E+43  8.6959E+42  3.8177E+42  5.8601E+42
  1.7780E+00  2.6896E+43  1.4024E+43  3.8703E+42  9.0022E+42
  1.8840E+00  3.8432E+43  2.1440E+43  3.7948E+42  1.3197E+43
  1.9950E+00  5.3118E+43  3.1032E+43  3.5959E+42  1.8490E+43
  2.1130E+00  7.0624E+43  4.2597E+43  3.2949E+42  2.4732E+43
  2.2390E+00  9.0100E+43  5.5538E+43  2.9223E+42  3.1640E+43
  2.3710E+00  1.1037E+44  6.8993E+43  2.5156E+42  3.8864E+43
  2.5120E+00  1.3012E+44  8.2087E+43  2.1093E+42  4.5920E+43
  2.6610E+00  1.4817E+44  9.3963E+43  1.7282E+42  5.2483E+43
  2.8180E+00  1.6369E+44  1.0399E+44  1.3877E+42  5.8311E+43
  2.9850E+00  1.7609E+44  1.1184E+44  1.0956E+42  6.3153E+43
  3.1620E+00  1.8520E+44  1.1737E+44  8.5247E+41  6.6974E+43
  3.3500E+00  1.9098E+44  1.2076E+44  6.5585E+41  6.9567E+43
  3.5480E+00  1.9391E+44  1.2213E+44  4.9959E+41  7.1280E+43
  3.7580E+00  1.9420E+44  1.2180E+44  3.7734E+41  7.2021E+43
  3.9810E+00  1.9219E+44  1.2001E+44  2.8292E+41  7.1898E+43
  4.2170E+00  1.8832E+44  1.1705E+44  2.1084E+41  7.1062E+43
  4.4670E+00  1.8297E+44  1.1318E+44  1.5627E+41  6.9630E+43
  4.7320E+00  1.7639E+44  1.0861E+44  1.1517E+41  6.7663E+43
  5.0120E+00  1.6906E+44  1.0355E+44  8.4576E+40  6.5431E+43
  5.3090E+00  1.5898E+44  9.8091E+43  6.1030E+40  6.0827E+43
  5.6230E+00  1.4825E+44  9.2435E+43  4.3695E+40  5.5775E+43
  5.9570E+00  1.3722E+44  8.6745E+43  3.1058E+40  5.0445E+43
  6.3100E+00  1.2601E+44  8.0797E+43  2.1869E+40  4.5196E+43
  6.6830E+00  1.1580E+44  7.5721E+43  1.5374E+40  4.0064E+43
  7.0790E+00  1.0575E+44  7.0505E+43  1.0672E+40  3.5230E+43
  7.4990E+00  9.5146E+43  6.5250E+43  7.3105E+39  2.9888E+43
  7.9430E+00  8.0848E+43  5.8950E+43  5.0618E+39  2.1893E+43
  8.4140E+00  6.3408E+43  5.0110E+43  3.7400E+39  1.3295E+43
  8.9130E+00  4.9382E+43  4.1413E+43  2.9220E+39  7.9658E+42
  9.4410E+00  3.8753E+43  3.3947E+43  2.5205E+39  4.8033E+42
  1.0000E+01  3.9132E+43  3.4434E+43  2.0099E+39  4.6958E+42
  1.0590E+01  4.0388E+43  3.5482E+43  1.5472E+39  4.9054E+42
  1.1220E+01  4.1495E+43  3.6267E+43  1.0937E+39  5.2264E+42
  1.1890E+01  4.0462E+43  3.5274E+43  7.5711E+38  5.1877E+42
  1.2590E+01  3.8838E+43  3.3858E+43  5.1152E+38  4.9801E+42
  1.3340E+01  3.6534E+43  3.1956E+43  3.3877E+38  4.5780E+42
  1.4130E+01  3.4065E+43  3.0078E+43  2.2284E+38  3.9867E+42
  1.4960E+01  3.1907E+43  2.8720E+43  1.5624E+38  3.1864E+42
  1.5850E+01  3.0165E+43  2.7693E+43  1.1612E+38  2.4721E+42
  1.6790E+01  2.8804E+43  2.6902E+43  9.0613E+37  1.9018E+42
  1.7780E+01  2.7745E+43  2.6255E+43  7.2883E+37  1.4902E+42
  1.8840E+01  2.6832E+43  2.5618E+43  5.8247E+37  1.2141E+42
  1.9950E+01  2.5875E+43  2.4841E+43  4.4641E+37  1.0340E+42
  2.1130E+01  2.4838E+43  2.3955E+43  3.3034E+37  8.8292E+41
  2.2390E+01  2.3739E+43  2.2994E+43  2.4355E+37  7.4476E+41
  2.3710E+01  2.2580E+43  2.1955E+43  1.7860E+37  6.2500E+41
  2.5120E+01  2.1281E+43  2.0761E+43  1.3050E+37  5.2021E+41
  2.6610E+01  1.9849E+43  1.9417E+43  9.4406E+36  4.3140E+41
  2.8180E+01  1.8287E+43  1.7931E+43  6.7833E+36  3.5667E+41
  2.9850E+01  1.6594E+43  1.6301E+43  4.8221E+36  2.9371E+41
  3.1620E+01  1.4810E+43  1.4568E+43  3.3785E+36  2.4132E+41
  3.3500E+01  1.2982E+43  1.2785E+43  2.3312E+36  1.9779E+41
  3.5480E+01  1.1184E+43  1.1022E+43  1.5848E+36  1.6201E+41
  3.7580E+01  9.4643E+42  9.3318E+42  1.0600E+36  1.3252E+41
  3.9810E+01  7.8636E+42  7.7553E+42  6.9736E+35  1.0828E+41
  4.2170E+01  6.4299E+42  6.3415E+42  4.5176E+35  8.8402E+40
  4.4670E+01  5.1813E+42  5.1092E+42  2.8822E+35  7.2080E+40
  4.7320E+01  4.1215E+42  4.0628E+42  1.8147E+35  5.8674E+40
  5.0120E+01  3.2417E+42  3.1940E+42  1.1296E+35  4.7713E+40
  5.3090E+01  2.5224E+42  2.4837E+42  6.9551E+34  3.8726E+40
  5.6230E+01  1.9457E+42  1.9143E+42  4.2448E+34  3.1394E+40
  5.9570E+01  1.4876E+42  1.4622E+42  2.5676E+34  2.5387E+40
  6.3100E+01  1.1300E+42  1.1095E+42  1.5432E+34  2.0509E+40
  6.6830E+01  8.5349E+41  8.3694E+41  9.2251E+33  1.6553E+40
  7.0790E+01  6.4122E+41  6.2788E+41  5.4861E+33  1.3336E+40
  7.4990E+01  4.7941E+41  4.6869E+41  3.2481E+33  1.0728E+40
  7.9430E+01  3.5716E+41  3.4854E+41  1.9172E+33  8.6236E+39
  8.4140E+01  2.6515E+41  2.5823E+41  1.1278E+33  6.9229E+39
  8.9130E+01  1.9639E+41  1.9084E+41  6.6234E+32  5.5519E+39
  9.4410E+01  1.4516E+41  1.4071E+41  3.8836E+32  4.4499E+39
  1.0000E+02  1.0708E+41  1.0351E+41  2.2736E+32  3.5643E+39
  1.0590E+02  7.8941E+40  7.6086E+40  1.3313E+32  2.8550E+39
  1.1220E+02  5.8128E+40  5.5846E+40  7.7865E+31  2.2814E+39
  1.1890E+02  4.2862E+40  4.1041E+40  4.5627E+31  1.8203E+39
  1.2590E+02  3.1823E+40  3.0367E+40  2.6936E+31  1.4561E+39
  1.3340E+02  2.3710E+40  2.2548E+40  1.5983E+31  1.1612E+39
  1.4130E+02  1.7531E+40  1.6604E+40  9.4541E+30  9.2692E+38
  1.4960E+02  1.2693E+40  1.1951E+40  5.4810E+30  7.4115E+38
  1.5850E+02  9.1274E+39  8.5367E+39  3.1510E+30  5.9075E+38
  1.7780E+02  4.7795E+39  4.4036E+39  1.0551E+30  3.7591E+38
  1.9950E+02  2.5184E+39  2.2797E+39  3.5671E+29  2.3868E+38
  2.2390E+02  1.3301E+39  1.1788E+39  1.2141E+29  1.5128E+38
  2.5120E+02  7.0498E+38  6.0905E+38  4.1656E+28  9.5934E+37
  2.8180E+02  3.7485E+38  3.1403E+38  1.4404E+28  6.0821E+37
  3.1620E+02  1.9993E+38  1.6142E+38  5.0186E+27  3.8506E+37
  3.5480E+02  1.0718E+38  8.2814E+37  1.7644E+27  2.4365E+37
  3.9810E+02  5.7817E+37  4.2403E+37  6.2669E+26  1.5414E+37
  4.4670E+02  3.1417E+37  2.1671E+37  2.2491E+26  9.7461E+36
  5.0120E+02  1.7222E+37  1.1060E+37  8.1607E+25  6.1623E+36
  5.6230E+02  9.5354E+36  5.6386E+36  2.9931E+25  3.8967E+36
  6.3100E+02  5.3293E+36  2.8681E+36  1.1083E+25  2.4611E+36
  7.0790E+02  3.0145E+36  1.4587E+36  4.1490E+24  1.5559E+36
  7.9430E+02  1.7232E+36  7.4045E+35  1.5661E+24  9.8279E+35
  8.9130E+02  9.9589E+35  3.7535E+35  5.9580E+23  6.2054E+35
  1.0000E+03  5.8220E+35  1.9018E+35  2.2849E+23  3.9202E+35
