  1.0000E-03  2.6968E+44  0.0000E+00  4.6871E+42  2.6499E+44
  1.1220E-03  2.2530E+44  0.0000E+00  5.6361E+42  2.1967E+44
  1.2590E-03  1.8511E+44  0.0000E+00  6.4704E+42  1.7864E+44
  1.4130E-03  1.5036E+44  0.0000E+00  7.1264E+42  1.4324E+44
  1.5850E-03  1.2837E+44  0.0000E+00  7.6876E+42  1.2068E+44
  1.7780E-03  1.3199E+44  0.0000E+00  9.4693E+42  1.2252E+44
  1.9950E-03  8.8935E+43  0.0000E+00  1.0445E+43  7.8490E+43
  2.2390E-03  6.7746E+43  0.0000E+00  1.0419E+43  5.7327E+43
  2.5120E-03  6.6661E+43  0.0000E+00  1.3512E+43  5.3149E+43
  2.8180E-03  4.1067E+43  0.0000E+00  1.4225E+43  2.6842E+43
  3.1620E-03  2.9010E+43  0.0000E+00  1.4296E+43  1.4714E+43
  3.5480E-03  2.2445E+43  0.0000E+00  1.4034E+43  8.4110E+42
  3.9810E-03  1.8709E+43  0.0000E+00  1.3593E+43  5.1158E+42
  4.4670E-03  1.0027E+44  0.0000E+00  3.4125E+43  6.6147E+43
  5.0120E-03  6.7616E+43  0.0000E+00  3.6274E+43  3.1343E+43
  5.6230E-03  5.1921E+43  0.0000E+00  3.6964E+43  1.4957E+43
  5.9570E-03  4.7452E+43  0.0000E+00  3.6923E+43  1.0529E+43
  6.6830E-03  4.2258E+43  0.0000E+00  3.6571E+43  5.6869E+42
  7.4990E-03  4.0181E+43  0.0000E+00  3.6610E+43  3.5711E+42
  8.4140E-03  3.7923E+43  0.0000E+00  3.5908E+43  2.0152E+42
  9.4410E-03  3.6405E+43  0.0000E+00  3.5105E+43  1.2994E+42
  1.0590E-02  3.5153E+43  0.0000E+00  3.4030E+43  1.1228E+42
  1.1890E-02  3.5772E+43  0.0000E+00  3.5097E+43  6.7532E+41
  1.3340E-02  3.4827E+43  0.0000E+00  3.4354E+43  4.7310E+41
  1.4960E-02  3.3955E+43  0.0000E+00  3.3662E+43  2.9296E+41
  1.6790E-02  3.2840E+43  0.0000E+00  3.2649E+43  1.9137E+41
  1.8840E-02  3.1646E+43  0.0000E+00  3.1512E+43  1.3376E+41
  2.1130E-02  3.1034E+43  0.0000E+00  3.0946E+43  8.8075E+40
  2.3710E-02  2.9986E+43  0.0000E+00  2.9929E+43  5.6788E+40
  2.6610E-02  2.8562E+43  0.0000E+00  2.8527E+43  3.4839E+40
  2.9850E-02  2.6984E+43  9.0105E-87  2.6963E+43  2.1557E+40
  3.3500E-02  2.5260E+43  3.9753E-72  2.5247E+43  1.3212E+40
  3.7580E-02  2.6647E+43  4.5173E-59  2.6635E+43  1.2620E+40
  4.2170E-02  2.8092E+43  1.3561E-47  2.8085E+43  7.6777E+39
  4.7320E-02  2.1623E+43  1.5070E-37  2.1621E+43  2.0440E+39
  5.3090E-02  1.4323E+43  9.7327E-29  1.4322E+43  3.8129E+38
  6.6830E-02  2.5874E+42  6.5966E-15  2.5874E+42  4.1035E+35
  7.4990E-02  7.4781E+41  1.7869E-09  7.4781E+41  5.2488E+33
  8.4140E-02  9.7925E+41  1.7531E-03  9.7925E+41  1.5055E+34
  9.4410E-02  1.2360E+42  3.2512E+02  1.2360E+42  3.1081E+34
  1.0590E-01  2.9208E+42  5.2888E+07  2.9208E+42  5.8592E+35
  1.1890E-01  6.5254E+42  3.0825E+12  6.5253E+42  1.5345E+37
  1.3340E-01  1.1344E+43  2.8395E+16  1.1344E+43  1.5622E+38
  1.4960E-01  1.4632E+43  8.3048E+19  1.4631E+43  6.5630E+38
  1.5850E-01  1.4560E+43  2.8910E+21  1.4559E+43  8.0779E+38
  1.7780E-01  1.0676E+43  1.1171E+24  1.0675E+43  4.1810E+38
  1.9950E-01  3.5523E+42  5.9447E+25  3.5523E+42  1.9775E+37
  2.2390E-01  1.6526E+42  2.5456E+27  1.6526E+42  2.9094E+36
  2.3710E-01  2.8434E+42  6.0669E+28  2.8434E+42  2.2695E+37
  2.5120E-01  4.7331E+42  1.3301E+30  4.7329E+42  1.9381E+38
  2.6610E-01  6.2735E+42  1.7780E+31  6.2727E+42  8.0719E+38
  2.8180E-01  7.2943E+42  1.6965E+32  7.2921E+42  2.2126E+39
  2.9850E-01  8.0006E+42  1.2852E+33  7.9958E+42  4.8181E+39
  3.1620E-01  8.6180E+42  8.2981E+33  8.6084E+42  9.5990E+39
  3.3500E-01  9.1310E+42  4.7081E+34  9.1131E+42  1.7934E+40
  3.5480E-01  9.4869E+42  2.3394E+35  9.4558E+42  3.1132E+40
  3.7580E-01  9.7676E+42  1.0701E+36  9.7141E+42  5.3483E+40
  3.9810E-01  9.9870E+42  4.3613E+36  9.9001E+42  8.6934E+40
  4.2170E-01  1.0242E+43  1.6807E+37  1.0095E+43  1.4746E+41
  4.4670E-01  1.0523E+43  5.9262E+37  1.0278E+43  2.4444E+41
  4.7320E-01  1.0789E+43  1.9503E+38  1.0390E+43  3.9925E+41
  5.0120E-01  1.1049E+43  5.9833E+38  1.0410E+43  6.3871E+41
  5.3090E-01  1.1382E+43  1.7471E+39  1.0356E+43  1.0245E+42
  5.6230E-01  1.1805E+43  4.6970E+39  1.0231E+43  1.5697E+42
  5.9570E-01  1.2386E+43  1.1840E+40  1.0036E+43  2.3382E+42
  6.3100E-01  1.3260E+43  2.8266E+40  9.7876E+42  3.4440E+42
  6.6830E-01  1.4551E+43  6.3988E+40  9.4765E+42  5.0109E+42
  7.0790E-01  1.6438E+43  1.3738E+41  9.1404E+42  7.1602E+42
  7.4990E-01  1.8970E+43  2.7777E+41  8.7705E+42  9.9214E+42
  7.9430E-01  2.2430E+43  5.3463E+41  8.3747E+42  1.3520E+43
  8.4140E-01  2.7110E+43  9.8580E+41  7.9533E+42  1.8171E+43
  8.9130E-01  3.3677E+43  1.7628E+42  7.5138E+42  2.4401E+43
  9.4410E-01  4.2235E+43  3.0214E+42  7.0540E+42  3.2159E+43
  1.0000E+00  5.2649E+43  4.9350E+42  6.5779E+42  4.1137E+43
  1.0590E+00  6.5104E+43  7.7159E+42  6.1084E+42  5.1279E+43
  1.1220E+00  7.9915E+43  1.1668E+43  5.6425E+42  6.2604E+43
  1.1890E+00  9.7423E+43  1.7133E+43  5.1769E+42  7.5113E+43
  1.2590E+00  1.1828E+44  2.4446E+43  4.7085E+42  8.9121E+43
  1.3340E+00  1.4154E+44  3.3852E+43  4.2531E+42  1.0343E+44
  1.4130E+00  1.6605E+44  4.5176E+43  3.8273E+42  1.1705E+44
  1.4960E+00  1.9171E+44  5.8471E+43  3.4285E+42  1.2981E+44
  1.5850E+00  2.1860E+44  7.4076E+43  3.0509E+42  1.4148E+44
  1.6790E+00  2.4665E+44  9.1777E+43  2.6914E+42  1.5218E+44
  1.7780E+00  2.7529E+44  1.1125E+44  2.3482E+42  1.6169E+44
  1.8840E+00  3.0391E+44  1.3248E+44  2.0246E+42  1.6941E+44
  1.9950E+00  3.3170E+44  1.5462E+44  1.7237E+42  1.7535E+44
  2.1130E+00  3.5783E+44  1.7730E+44  1.4497E+42  1.7908E+44
  2.2390E+00  3.8148E+44  1.9978E+44  1.2048E+42  1.8050E+44
  2.3710E+00  4.0206E+44  2.2112E+44  9.8975E+41  1.7995E+44
  2.5120E+00  4.1934E+44  2.4118E+44  8.0534E+41  1.7735E+44
  2.6610E+00  4.3305E+44  2.5923E+44  6.4922E+41  1.7317E+44
  2.8180E+00  4.4300E+44  2.7470E+44  5.1844E+41  1.6778E+44
  2.9850E+00  4.4942E+44  2.8767E+44  4.1059E+41  1.6135E+44
  3.1620E+00  4.5231E+44  2.9777E+44  3.2245E+41  1.5422E+44
  3.3500E+00  4.5244E+44  3.0566E+44  2.5161E+41  1.4653E+44
  3.5480E+00  4.4909E+44  3.1018E+44  1.9463E+41  1.3872E+44
  3.7580E+00  4.4300E+44  3.1205E+44  1.4943E+41  1.3080E+44
  3.9810E+00  4.3427E+44  3.1126E+44  1.1388E+41  1.2289E+44
  4.2170E+00  4.2298E+44  3.0776E+44  8.6126E+40  1.1514E+44
  4.4670E+00  4.0935E+44  3.0167E+44  6.4637E+40  1.0761E+44
  4.7320E+00  3.9375E+44  2.9336E+44  4.8139E+40  1.0034E+44
  5.0120E+00  3.7667E+44  2.8305E+44  3.5619E+40  9.3587E+43
  5.3090E+00  3.5517E+44  2.7082E+44  2.5950E+40  8.4319E+43
  5.6230E+00  3.3244E+44  2.5715E+44  1.8739E+40  7.5266E+43
  5.9570E+00  3.0913E+44  2.4257E+44  1.3425E+40  6.6551E+43
  6.3100E+00  2.8424E+44  2.2581E+44  9.4943E+39  5.8420E+43
  6.6830E+00  2.6154E+44  2.1062E+44  6.6959E+39  5.0912E+43
  7.0790E+00  2.3801E+44  1.9394E+44  4.6441E+39  4.4074E+43
  7.4990E+00  2.2164E+44  1.8402E+44  3.2849E+39  3.7614E+43
  7.9430E+00  2.3406E+44  2.0338E+44  2.7341E+39  3.0676E+43
  8.4140E+00  2.6380E+44  2.4017E+44  2.6623E+39  2.3625E+43
  8.9130E+00  2.7517E+44  2.5710E+44  2.5423E+39  1.8069E+43
  9.4410E+00  2.7327E+44  2.5946E+44  2.5506E+39  1.3807E+43
  1.0000E+01  2.4430E+44  2.3221E+44  1.8910E+39  1.2087E+43
  1.0590E+01  2.1100E+44  2.0023E+44  1.3026E+39  1.0764E+43
  1.1220E+01  1.7437E+44  1.6476E+44  7.9796E+38  9.6071E+42
  1.1890E+01  1.4168E+44  1.3330E+44  4.8717E+38  8.3803E+42
  1.2590E+01  1.1309E+44  1.0585E+44  2.8772E+38  7.2395E+42
  1.3340E+01  8.9574E+43  8.3418E+43  1.6718E+38  6.1557E+42
  1.4130E+01  7.3684E+43  6.8535E+43  9.9800E+37  5.1489E+42
  1.4960E+01  6.8169E+43  6.3968E+43  6.9627E+37  4.2000E+42
  1.5850E+01  6.4808E+43  6.1422E+43  5.2209E+37  3.3860E+42
  1.6790E+01  6.1496E+43  5.8775E+43  4.0670E+37  2.7205E+42
  1.7780E+01  5.6648E+43  5.4452E+43  3.1670E+37  2.1964E+42
  1.8840E+01  4.9601E+43  4.7813E+43  2.3477E+37  1.7881E+42
  1.9950E+01  4.1308E+43  3.9833E+43  1.6063E+37  1.4752E+42
  2.1130E+01  3.3837E+43  3.2621E+43  1.0486E+37  1.2161E+42
  2.2390E+01  2.7711E+43  2.6715E+43  6.8280E+36  9.9675E+41
  2.3710E+01  2.2714E+43  2.1898E+43  4.4341E+36  8.1639E+41
  2.5120E+01  1.8570E+43  1.7904E+43  2.8809E+36  6.6568E+41
  2.6610E+01  1.5127E+43  1.4585E+43  1.8618E+36  5.4198E+41
  2.8180E+01  1.2289E+43  1.1848E+43  1.2037E+36  4.4090E+41
  2.9850E+01  9.9230E+42  9.5652E+42  7.7577E+35  3.5778E+41
  3.1620E+01  7.9518E+42  7.6619E+42  4.9651E+35  2.8991E+41
  3.3500E+01  6.3185E+42  6.0839E+42  3.1555E+35  2.3453E+41
  3.5480E+01  4.9849E+42  4.7952E+42  1.9940E+35  1.8973E+41
  3.7580E+01  3.8941E+42  3.7407E+42  1.2487E+35  1.5333E+41
  3.9810E+01  3.0050E+42  2.8812E+42  7.7342E+34  1.2375E+41
  4.2170E+01  2.2963E+42  2.1965E+42  4.7435E+34  9.9826E+40
  4.4670E+01  1.7390E+42  1.6585E+42  2.8795E+34  8.0460E+40
  4.7320E+01  1.3066E+42  1.2418E+42  1.7331E+34  6.4785E+40
  5.0120E+01  9.7546E+41  9.2331E+41  1.0358E+34  5.2149E+40
  5.3090E+01  7.2365E+41  6.8172E+41  6.1487E+33  4.1930E+40
  5.6230E+01  5.3445E+41  5.0075E+41  3.6321E+33  3.3700E+40
  5.9570E+01  3.9262E+41  3.6559E+41  2.1336E+33  2.7039E+40
  6.3100E+01  2.8765E+41  2.6596E+41  1.2498E+33  2.1690E+40
  6.6830E+01  2.1028E+41  1.9288E+41  7.3056E+32  1.7396E+40
  7.0790E+01  1.5339E+41  1.3946E+41  4.2618E+32  1.3936E+40
  7.4990E+01  1.1170E+41  1.0054E+41  2.4826E+32  1.1154E+40
  7.9430E+01  8.1301E+40  7.2374E+40  1.4463E+32  8.9266E+39
  8.4140E+01  5.9142E+40  5.2004E+40  8.4228E+31  7.1379E+39
  8.9130E+01  4.3044E+40  3.7340E+40  4.9106E+31  5.7045E+39
  9.4410E+01  3.1350E+40  2.6792E+40  2.8665E+31  4.5581E+39
  1.0000E+02  2.2850E+40  1.9209E+40  1.6756E+31  3.6411E+39
  1.0590E+02  1.6690E+40  1.3781E+40  9.8225E+30  2.9096E+39
  1.1220E+02  1.2201E+40  9.8813E+39  5.7631E+30  2.3201E+39
  1.1890E+02  8.9457E+39  7.0978E+39  3.3923E+30  1.8479E+39
  1.2590E+02  6.6104E+39  5.1345E+39  2.0130E+30  1.4759E+39
  1.3340E+02  4.9010E+39  3.7256E+39  1.1999E+30  1.1754E+39
  1.4130E+02  3.6265E+39  2.6894E+39  7.1725E+29  9.3709E+38
  1.4960E+02  2.6581E+39  1.9098E+39  4.2548E+29  7.4833E+38
  1.5850E+02  1.9430E+39  1.3472E+39  2.5130E+29  5.9579E+38
  1.7780E+02  1.0559E+39  6.7745E+38  8.9023E+28  3.7842E+38
  1.9950E+02  5.8219E+38  3.4225E+38  3.2007E+28  2.3993E+38
  2.2390E+02  3.2499E+38  1.7308E+38  1.1656E+28  1.5191E+38
  2.5120E+02  1.8392E+38  8.7668E+37  4.3012E+27  9.6250E+37
  2.8180E+02  1.0539E+38  4.4408E+37  1.6053E+27  6.0980E+37
  3.1620E+02  6.1054E+37  2.2469E+37  6.0457E+26  3.8585E+37
  3.5480E+02  3.5771E+37  1.1366E+37  2.2964E+26  2.4405E+37
  3.9810E+02  2.1181E+37  5.7471E+36  8.7942E+25  1.5434E+37
  4.4670E+02  1.2661E+37  2.9043E+36  3.3900E+25  9.7562E+36
  5.0120E+02  7.6349E+36  1.4675E+36  1.3147E+25  6.1674E+36
  5.6230E+02  4.6408E+36  7.4146E+35  5.1239E+24  3.8993E+36
  6.3100E+02  2.8366E+36  3.7413E+35  2.0036E+24  2.4624E+36
  7.0790E+02  1.7454E+36  1.8891E+35  7.8700E+23  1.5565E+36
  7.9430E+02  1.0784E+36  9.5276E+34  3.0975E+23  9.8312E+35
  8.9130E+02  6.6872E+35  4.8019E+34  1.2216E+23  6.2071E+35
  1.0000E+03  4.1631E+35  2.4205E+34  4.8300E+22  3.9210E+35
