  1.0000E-03  1.0833E+45  0.0000E+00  2.0668E+44  8.7662E+44
  1.1220E-03  1.1892E+45  0.0000E+00  2.0565E+44  9.8357E+44
  1.2590E-03  1.2960E+45  0.0000E+00  1.9231E+44  1.1037E+45
  1.4130E-03  1.4111E+45  0.0000E+00  1.7244E+44  1.2387E+45
  1.5850E-03  1.5481E+45  0.0000E+00  1.5863E+44  1.3894E+45
  1.7780E-03  1.7464E+45  0.0000E+00  1.8782E+44  1.5586E+45
  1.9950E-03  1.9101E+45  0.0000E+00  1.6127E+44  1.7488E+45
  2.2390E-03  2.0999E+45  0.0000E+00  1.3719E+44  1.9627E+45
  2.5120E-03  2.3638E+45  0.0000E+00  1.6178E+44  2.2020E+45
  2.8180E-03  2.6029E+45  0.0000E+00  1.3269E+44  2.4702E+45
  3.1620E-03  2.8829E+45  0.0000E+00  1.1103E+44  2.7718E+45
  3.5480E-03  3.2043E+45  0.0000E+00  9.3970E+43  3.1103E+45
  3.9810E-03  3.5695E+45  0.0000E+00  7.9698E+43  3.4898E+45
  4.4670E-03  4.3387E+45  0.0000E+00  4.2285E+44  3.9158E+45
  5.0120E-03  4.7891E+45  0.0000E+00  3.9553E+44  4.3936E+45
  5.6230E-03  5.3193E+45  0.0000E+00  3.9010E+44  4.9292E+45
  5.9570E-03  5.6160E+45  0.0000E+00  3.9394E+44  5.2220E+45
  6.6830E-03  6.2694E+45  0.0000E+00  4.1091E+44  5.8585E+45
  7.4990E-03  7.0157E+45  0.0000E+00  4.4185E+44  6.5738E+45
  8.4140E-03  7.8402E+45  0.0000E+00  4.6438E+44  7.3758E+45
  9.4410E-03  8.7666E+45  0.0000E+00  4.9048E+44  8.2761E+45
  1.0590E-02  9.8082E+45  0.0000E+00  5.2493E+44  9.2833E+45
  1.1890E-02  1.0973E+46  0.0000E+00  5.5006E+44  1.0423E+46
  1.3340E-02  1.2270E+46  0.0000E+00  5.7599E+44  1.1694E+46
  1.4960E-02  1.3712E+46  0.0000E+00  5.9839E+44  1.3114E+46
  1.6790E-02  1.5342E+46  0.0000E+00  6.2360E+44  1.4718E+46
  1.8840E-02  1.7168E+46  0.0000E+00  6.5253E+44  1.6515E+46
  2.1130E-02  1.9205E+46  0.0000E+00  6.8188E+44  1.8524E+46
  2.3710E-02  2.1497E+46  0.0000E+00  7.1269E+44  2.0785E+46
  2.6610E-02  2.4070E+46  0.0000E+00  7.4380E+44  2.3326E+46
  2.9850E-02  2.6941E+46  1.6789E-82  7.7510E+44  2.6166E+46
  3.3500E-02  3.0168E+46  1.0388E-67  8.0120E+44  2.9367E+46
  3.7580E-02  3.3780E+46  1.2959E-54  8.3744E+44  3.2942E+46
  4.2170E-02  3.8065E+46  5.4653E-43  1.0978E+45  3.6967E+46
  4.7320E-02  4.2636E+46  1.3619E-32  1.1544E+45  4.1482E+46
  5.3090E-02  4.4289E+46  2.3199E-23  1.0768E+45  4.3212E+46
  6.6830E-02  4.1974E+46  7.2001E-08  7.0535E+44  4.1268E+46
  7.4990E-02  4.0855E+46  2.1142E-01  5.2665E+44  4.0328E+46
  8.4140E-02  3.9951E+46  1.0777E+05  5.4084E+44  3.9410E+46
  9.4410E-02  3.9077E+46  1.2356E+10  5.6435E+44  3.8513E+46
  1.0590E-01  3.5735E+46  3.3453E+14  6.7967E+44  3.5055E+46
  1.1890E-01  3.0129E+46  2.8191E+18  6.6195E+44  2.9467E+46
  1.3340E-01  2.5398E+46  7.1006E+21  6.0245E+44  2.4795E+46
  1.4960E-01  2.1272E+46  9.3050E+24  3.9313E+44  2.0878E+46
  1.5850E-01  1.9446E+46  2.7830E+26  3.0036E+44  1.9145E+46
  1.7780E-01  1.6337E+46  1.3133E+29  2.2233E+44  1.6114E+46
  1.9950E-01  1.3719E+46  3.0635E+31  1.6127E+44  1.3558E+46
  2.2390E-01  1.1550E+46  3.0886E+33  1.4712E+44  1.1403E+46
  2.3710E-01  1.0641E+46  2.2018E+34  1.7648E+44  1.0464E+46
  2.5120E-01  9.7870E+45  1.4047E+35  1.9122E+44  9.5958E+45
  2.6610E-01  8.9864E+45  8.1977E+35  1.8517E+44  8.8012E+45
  2.8180E-01  8.2475E+45  4.3024E+36  1.7143E+44  8.0761E+45
  2.9850E-01  7.5658E+45  2.0370E+37  1.5789E+44  7.4079E+45
  3.1620E-01  6.9420E+45  8.6337E+37  1.4735E+44  6.7947E+45
  3.3500E-01  6.3687E+45  3.3273E+38  1.3786E+44  6.2308E+45
  3.5480E-01  5.8456E+45  1.1670E+39  1.2915E+44  5.7165E+45
  3.7580E-01  5.3658E+45  3.7756E+39  1.2159E+44  5.2442E+45
  3.9810E-01  4.9249E+45  1.1232E+40  1.1514E+44  4.8097E+45
  4.2170E-01  4.5220E+45  3.0780E+40  1.1035E+44  4.4116E+45
  4.4670E-01  4.1533E+45  7.8226E+40  1.0664E+44  4.0466E+45
  4.7320E-01  3.8151E+45  1.8694E+41  1.0348E+44  3.7115E+45
  5.0120E-01  3.5059E+45  4.2126E+41  1.0069E+44  3.4048E+45
  5.3090E-01  3.2227E+45  9.0120E+41  9.8617E+43  3.1232E+45
  5.6230E-01  2.9640E+45  1.8238E+42  9.7038E+43  2.8651E+45
  5.9570E-01  2.7272E+45  3.5177E+42  9.6139E+43  2.6276E+45
  6.3100E-01  2.5129E+45  6.4696E+42  9.6123E+43  2.4103E+45
  6.6830E-01  2.3200E+45  1.1359E+43  9.7224E+43  2.2114E+45
  7.0790E-01  2.1473E+45  1.9130E+43  9.9791E+43  2.0284E+45
  7.4990E-01  1.9952E+45  3.0898E+43  1.0385E+44  1.8605E+45
  7.9430E-01  1.8645E+45  4.7999E+43  1.0990E+44  1.7066E+45
  8.4140E-01  1.7560E+45  7.1955E+43  1.1869E+44  1.5653E+45
  8.9130E-01  1.6711E+45  1.0461E+44  1.3073E+44  1.4357E+45
  9.4410E-01  1.6101E+45  1.4704E+44  1.4608E+44  1.3170E+45
  1.0000E+00  1.5718E+45  1.9970E+44  1.6397E+44  1.2081E+45
  1.0590E+00  1.5552E+45  2.6276E+44  1.8384E+44  1.1086E+45
  1.1220E+00  1.5585E+45  3.3721E+44  2.0478E+44  1.0165E+45
  1.1890E+00  1.5797E+45  4.2262E+44  2.2522E+44  9.3183E+44
  1.2590E+00  1.6140E+45  5.1612E+44  2.4273E+44  8.5520E+44
  1.3340E+00  1.6564E+45  6.1538E+44  2.5691E+44  7.8411E+44
  1.4130E+00  1.6987E+45  7.1302E+44  2.6642E+44  7.1927E+44
  1.4960E+00  1.7364E+45  8.0581E+44  2.7032E+44  6.6026E+44
  1.5850E+00  1.7673E+45  8.9352E+44  2.6832E+44  6.0543E+44
  1.6790E+00  1.7848E+45  9.6994E+44  2.5951E+44  5.5530E+44
  1.7780E+00  1.7842E+45  1.0308E+45  2.4385E+44  5.0957E+44
  1.8840E+00  1.7657E+45  1.0759E+45  2.2267E+44  4.6719E+44
  1.9950E+00  1.7281E+45  1.1019E+45  1.9738E+44  4.2875E+44
  2.1130E+00  1.6731E+45  1.1097E+45  1.7011E+44  3.9333E+44
  2.2390E+00  1.6020E+45  1.0987E+45  1.4269E+44  3.6061E+44
  2.3710E+00  1.5185E+45  1.0709E+45  1.1674E+44  3.3092E+44
  2.5120E+00  1.4267E+45  1.0297E+45  9.3514E+43  3.0344E+44
  2.6610E+00  1.3293E+45  9.7747E+44  7.3489E+43  2.7832E+44
  2.8180E+00  1.2288E+45  9.1665E+44  5.6766E+43  2.5538E+44
  2.9850E+00  1.1285E+45  8.5100E+44  4.3220E+43  2.3426E+44
  3.1620E+00  1.0298E+45  7.8245E+44  3.2483E+43  2.1487E+44
  3.3500E+00  9.3690E+44  7.1567E+44  2.4189E+43  1.9704E+44
  3.5480E+00  8.4803E+44  6.4941E+44  1.7840E+43  1.8078E+44
  3.7580E+00  7.6538E+44  5.8649E+44  1.3057E+43  1.6583E+44
  3.9810E+00  6.8896E+44  5.2737E+44  9.4920E+42  1.5210E+44
  4.2170E+00  6.1891E+44  4.7254E+44  6.8621E+42  1.3951E+44
  4.4670E+00  5.5512E+44  4.2222E+44  4.9362E+42  1.2796E+44
  4.7320E+00  4.9752E+44  3.7662E+44  3.5341E+42  1.1737E+44
  5.0120E+00  4.4612E+44  3.3568E+44  2.5225E+42  1.0791E+44
  5.3090E+00  3.9668E+44  2.9887E+44  1.7809E+42  9.6024E+43
  5.6230E+00  3.5222E+44  2.6616E+44  1.2505E+42  8.4805E+43
  5.9570E+00  3.1252E+44  2.3733E+44  8.7404E+41  7.4316E+43
  6.3100E+00  2.7600E+44  2.1068E+44  6.0568E+41  6.4710E+43
  6.6830E+00  2.4560E+44  1.8917E+44  4.2073E+41  5.6014E+43
  7.0790E+00  2.1760E+44  1.6913E+44  2.8876E+41  4.8190E+43
  7.4990E+00  1.9589E+44  1.5446E+44  1.9791E+41  4.1229E+43
  7.9430E+00  1.9064E+44  1.5538E+44  1.4384E+41  3.5109E+43
  8.4140E+00  1.9921E+44  1.6934E+44  1.1620E+41  2.9752E+43
  8.9130E+00  2.0277E+44  1.7757E+44  9.7419E+40  2.5104E+43
  9.4410E+00  2.0124E+44  1.8006E+44  8.8479E+40  2.1101E+43
  1.0000E+01  1.7465E+44  1.5691E+44  6.7737E+40  1.7671E+43
  1.0590E+01  1.4745E+44  1.3265E+44  4.9456E+40  1.4758E+43
  1.1220E+01  1.2198E+44  1.0968E+44  3.2989E+40  1.2267E+43
  1.1890E+01  1.0135E+44  9.1164E+43  2.1820E+40  1.0159E+43
  1.2590E+01  8.5251E+43  7.6825E+43  1.4173E+40  8.4119E+42
  1.3340E+01  7.2574E+43  6.5633E+43  9.0984E+39  6.9319E+42
  1.4130E+01  6.3812E+43  5.8101E+43  5.8769E+39  5.7050E+42
  1.4960E+01  5.9831E+43  5.5135E+43  4.1293E+39  4.6919E+42
  1.5850E+01  5.7329E+43  5.3485E+43  3.0849E+39  3.8414E+42
  1.6790E+01  5.5412E+43  5.2269E+43  2.4149E+39  3.1409E+42
  1.7780E+01  5.3144E+43  5.0575E+43  1.9360E+39  2.5663E+42
  1.8840E+01  4.9806E+43  4.7716E+43  1.5285E+39  2.0888E+42
  1.9950E+01  4.5539E+43  4.3837E+43  1.1496E+39  1.7013E+42
  2.1130E+01  4.1441E+43  4.0058E+43  8.3442E+38  1.3827E+42
  2.2390E+01  3.7799E+43  3.6678E+43  6.0431E+38  1.1203E+42
  2.3710E+01  3.4495E+43  3.3586E+43  4.3587E+38  9.0864E+41
  2.5120E+01  3.1322E+43  3.0587E+43  3.1353E+38  7.3479E+41
  2.6610E+01  2.8237E+43  2.7643E+43  2.2346E+38  5.9383E+41
  2.8180E+01  2.5226E+43  2.4746E+43  1.5832E+38  4.7994E+41
  2.9850E+01  2.2250E+43  2.1863E+43  1.1105E+38  3.8717E+41
  3.1620E+01  1.9340E+43  1.9028E+43  7.6823E+37  3.1199E+41
  3.3500E+01  1.6542E+43  1.6291E+43  5.2370E+37  2.5106E+41
  3.5480E+01  1.3931E+43  1.3729E+43  3.5197E+37  2.0210E+41
  3.7580E+01  1.1539E+43  1.1376E+43  2.3285E+37  1.6253E+41
  3.9810E+01  9.3945E+42  9.2639E+42  1.5160E+37  1.3054E+41
  4.2170E+01  7.5362E+42  7.4314E+42  9.7235E+36  1.0479E+41
  4.4670E+01  5.9646E+42  5.8806E+42  6.1447E+36  8.4074E+40
  4.7320E+01  4.6655E+42  4.5981E+42  3.8339E+36  6.7400E+40
  5.0120E+01  3.6125E+42  3.5585E+42  2.3658E+36  5.4034E+40
  5.3090E+01  2.7701E+42  2.7268E+42  1.4447E+36  4.3282E+40
  5.6230E+01  2.1079E+42  2.0733E+42  8.7481E+35  3.4667E+40
  5.9570E+01  1.5913E+42  1.5636E+42  5.2517E+35  2.7728E+40
  6.3100E+01  1.1946E+42  1.1724E+42  3.1338E+35  2.2180E+40
  6.6830E+01  8.9256E+41  8.7482E+41  1.8605E+35  1.7744E+40
  7.0790E+01  6.6383E+41  6.4965E+41  1.0991E+35  1.4183E+40
  7.4990E+01  4.9169E+41  4.8036E+41  6.4660E+34  1.1329E+40
  7.9430E+01  3.6314E+41  3.5409E+41  3.7933E+34  9.0505E+39
  8.4140E+01  2.6744E+41  2.6021E+41  2.2184E+34  7.2256E+39
  8.9130E+01  1.9662E+41  1.9085E+41  1.2954E+34  5.7665E+39
  9.4410E+01  1.4433E+41  1.3973E+41  7.5536E+33  4.6021E+39
  1.0000E+02  1.0579E+41  1.0212E+41  4.3985E+33  3.6722E+39
  1.0590E+02  7.7542E+40  7.4610E+40  2.5623E+33  2.9317E+39
  1.1220E+02  5.6790E+40  5.4455E+40  1.4911E+33  2.3358E+39
  1.1890E+02  4.1669E+40  3.9810E+40  8.6950E+32  1.8590E+39
  1.2590E+02  3.0801E+40  2.9317E+40  5.1096E+32  1.4838E+39
  1.3340E+02  2.2856E+40  2.1675E+40  3.0186E+32  1.1811E+39
  1.4130E+02  1.6836E+40  1.5895E+40  1.7777E+32  9.4117E+38
  1.4960E+02  1.2147E+40  1.1396E+40  1.0255E+32  7.5121E+38
  1.5850E+02  8.7063E+39  8.1085E+39  5.8655E+31  5.9781E+38
  1.7780E+02  4.5336E+39  4.1541E+39  1.9440E+31  3.7942E+38
  1.9950E+02  2.3783E+39  2.1379E+39  6.5053E+30  2.4043E+38
  2.2390E+02  1.2520E+39  1.0998E+39  2.1911E+30  1.5216E+38
  2.5120E+02  6.6209E+38  5.6571E+38  7.4361E+29  9.6376E+37
  2.8180E+02  3.5160E+38  2.9056E+38  2.5425E+29  6.1043E+37
  3.1620E+02  1.8747E+38  1.4885E+38  8.7557E+28  3.8617E+37
  3.5480E+02  1.0056E+38  7.6137E+37  3.0416E+28  2.4421E+37
  3.9810E+02  5.4325E+37  3.8883E+37  1.0674E+28  1.5442E+37
  4.4670E+02  2.9587E+37  1.9827E+37  3.7848E+27  9.7603E+36
  5.0120E+02  1.6268E+37  1.0098E+37  1.3572E+27  6.1695E+36
  5.6230E+02  9.0397E+36  5.1394E+36  4.9216E+26  3.9003E+36
  6.3100E+02  5.0731E+36  2.6102E+36  1.8031E+26  2.4629E+36
  7.0790E+02  2.8825E+36  1.3257E+36  6.6838E+25  1.5568E+36
  7.9430E+02  1.6554E+36  6.7214E+35  2.5004E+25  9.8325E+35
  8.9130E+02  9.6113E+35  3.4036E+35  9.4375E+24  6.2077E+35
  1.0000E+03  5.6443E+35  1.7229E+35  3.5942E+24  3.9214E+35
