  1.0000E-03  8.8955E+44  0.0000E+00  1.2928E+43  8.7662E+44
  1.1220E-03  9.9866E+44  0.0000E+00  1.5081E+43  9.8357E+44
  1.2590E-03  1.1204E+45  0.0000E+00  1.6715E+43  1.1037E+45
  1.4130E-03  1.2564E+45  0.0000E+00  1.7716E+43  1.2387E+45
  1.5850E-03  1.4078E+45  0.0000E+00  1.8409E+43  1.3894E+45
  1.7780E-03  1.5807E+45  0.0000E+00  2.2107E+43  1.5586E+45
  1.9950E-03  1.7720E+45  0.0000E+00  2.3146E+43  1.7488E+45
  2.2390E-03  1.9847E+45  0.0000E+00  2.2023E+43  1.9627E+45
  2.5120E-03  2.2298E+45  0.0000E+00  2.7762E+43  2.2020E+45
  2.8180E-03  2.4980E+45  0.0000E+00  2.7816E+43  2.4702E+45
  3.1620E-03  2.7987E+45  0.0000E+00  2.6890E+43  2.7718E+45
  3.5480E-03  3.1359E+45  0.0000E+00  2.5612E+43  3.1103E+45
  3.9810E-03  3.5141E+45  0.0000E+00  2.4257E+43  3.4898E+45
  4.4670E-03  3.9977E+45  0.0000E+00  8.1845E+43  3.9158E+45
  5.0120E-03  4.4744E+45  0.0000E+00  8.0851E+43  4.3936E+45
  5.6230E-03  5.0070E+45  0.0000E+00  7.7731E+43  4.9292E+45
  5.9570E-03  5.2979E+45  0.0000E+00  7.5887E+43  5.2220E+45
  6.6830E-03  5.9312E+45  0.0000E+00  7.2693E+43  5.8585E+45
  7.4990E-03  6.6449E+45  0.0000E+00  7.1073E+43  6.5738E+45
  8.4140E-03  7.4447E+45  0.0000E+00  6.8876E+43  7.3758E+45
  9.4410E-03  8.3430E+45  0.0000E+00  6.6893E+43  8.2761E+45
  1.0590E-02  9.3476E+45  0.0000E+00  6.4338E+43  9.2833E+45
  1.1890E-02  1.0489E+46  0.0000E+00  6.6533E+43  1.0423E+46
  1.3340E-02  1.1760E+46  0.0000E+00  6.5570E+43  1.1694E+46
  1.4960E-02  1.3179E+46  0.0000E+00  6.5250E+43  1.3114E+46
  1.6790E-02  1.4783E+46  0.0000E+00  6.4605E+43  1.4718E+46
  1.8840E-02  1.6579E+46  0.0000E+00  6.3932E+43  1.6515E+46
  2.1130E-02  1.8588E+46  0.0000E+00  6.4612E+43  1.8524E+46
  2.3710E-02  2.0849E+46  0.0000E+00  6.4945E+43  2.0785E+46
  2.6610E-02  2.3391E+46  0.0000E+00  6.5102E+43  2.3326E+46
  2.9850E-02  2.6232E+46  5.3357E-83  6.5296E+43  2.6166E+46
  3.3500E-02  2.9432E+46  3.3286E-68  6.5513E+43  2.9367E+46
  3.7580E-02  3.3012E+46  4.1502E-55  6.9973E+43  3.2942E+46
  4.2170E-02  3.7048E+46  1.7674E-43  8.0969E+43  3.6967E+46
  4.7320E-02  4.1561E+46  4.4861E-33  7.9052E+43  4.1482E+46
  5.3090E-02  4.3285E+46  7.7754E-24  7.2997E+43  4.3212E+46
  6.6830E-02  4.1329E+46  2.5006E-08  6.0766E+43  4.1268E+46
  7.4990E-02  4.0388E+46  7.8157E-02  6.0056E+43  4.0328E+46
  8.4140E-02  3.9467E+46  4.0080E+04  5.6853E+43  3.9410E+46
  9.4410E-02  3.8568E+46  4.6967E+09  5.5140E+43  3.8513E+46
  1.0590E-01  3.5107E+46  1.2991E+14  5.1887E+43  3.5055E+46
  1.1890E-01  2.9513E+46  1.0549E+18  4.5160E+43  2.9467E+46
  1.3340E-01  2.4840E+46  2.4109E+21  4.4810E+43  2.4795E+46
  1.4960E-01  2.0921E+46  2.8983E+24  4.2407E+43  2.0878E+46
  1.5850E-01  1.9184E+46  8.5780E+25  3.9236E+43  1.9145E+46
  1.7780E-01  1.6143E+46  4.3262E+28  2.8853E+43  1.6114E+46
  1.9950E-01  1.3574E+46  1.1589E+31  1.5949E+43  1.3558E+46
  2.2390E-01  1.1417E+46  1.3088E+33  1.3673E+43  1.1403E+46
  2.3710E-01  1.0479E+46  9.2562E+33  1.4994E+43  1.0464E+46
  2.5120E-01  9.6123E+45  5.7653E+34  1.6439E+43  9.5958E+45
  2.6610E-01  8.8185E+45  3.2896E+35  1.7273E+43  8.8012E+45
  2.8180E-01  8.0936E+45  1.6964E+36  1.7533E+43  8.0761E+45
  2.9850E-01  7.4255E+45  7.9042E+36  1.7574E+43  7.4079E+45
  3.1620E-01  6.8123E+45  3.2992E+37  1.7689E+43  6.7947E+45
  3.3500E-01  6.2486E+45  1.2540E+38  1.7772E+43  6.2308E+45
  3.5480E-01  5.7342E+45  4.3490E+38  1.7729E+43  5.7165E+45
  3.7580E-01  5.2618E+45  1.3958E+39  1.7630E+43  5.2442E+45
  3.9810E-01  4.8273E+45  4.1161E+39  1.7529E+43  4.8097E+45
  4.2170E-01  4.4291E+45  1.1201E+40  1.7497E+43  4.4116E+45
  4.4670E-01  4.0642E+45  2.8249E+40  1.7536E+43  4.0466E+45
  4.7320E-01  3.7291E+45  6.7023E+40  1.7530E+43  3.7115E+45
  5.0120E-01  3.4224E+45  1.4994E+41  1.7446E+43  3.4048E+45
  5.3090E-01  3.1408E+45  3.1851E+41  1.7299E+43  3.1232E+45
  5.6230E-01  2.8829E+45  6.3909E+41  1.7108E+43  2.8651E+45
  5.9570E-01  2.6456E+45  1.2207E+42  1.6861E+43  2.6276E+45
  6.3100E-01  2.4291E+45  2.2210E+42  1.6575E+43  2.4103E+45
  6.6830E-01  2.2315E+45  3.8544E+42  1.6227E+43  2.2114E+45
  7.0790E-01  2.0507E+45  6.4042E+42  1.5882E+43  2.0284E+45
  7.4990E-01  1.8862E+45  1.0189E+43  1.5511E+43  1.8605E+45
  7.9430E-01  1.7373E+45  1.5570E+43  1.5123E+43  1.7066E+45
  8.4140E-01  1.6030E+45  2.2943E+43  1.4706E+43  1.5653E+45
  8.9130E-01  1.4828E+45  3.2764E+43  1.4274E+43  1.4357E+45
  9.4410E-01  1.3760E+45  4.5238E+43  1.3794E+43  1.3170E+45
  1.0000E+00  1.2818E+45  6.0398E+43  1.3246E+43  1.2081E+45
  1.0590E+00  1.1994E+45  7.8185E+43  1.2670E+43  1.1086E+45
  1.1220E+00  1.1274E+45  9.8820E+43  1.2056E+43  1.0165E+45
  1.1890E+00  1.0654E+45  1.2219E+44  1.1389E+43  9.3183E+44
  1.2590E+00  1.0134E+45  1.4758E+44  1.0657E+43  8.5520E+44
  1.3340E+00  9.6851E+44  1.7452E+44  9.8824E+42  7.8411E+44
  1.4130E+00  9.2962E+44  2.0125E+44  9.0983E+42  7.1927E+44
  1.4960E+00  8.9583E+44  2.2726E+44  8.3099E+42  6.6026E+44
  1.5850E+00  8.6589E+44  2.5294E+44  7.5155E+42  6.0543E+44
  1.6790E+00  8.3905E+44  2.7703E+44  6.7187E+42  5.5530E+44
  1.7780E+00  8.1422E+44  2.9872E+44  5.9237E+42  5.0957E+44
  1.8840E+00  7.9077E+44  3.1844E+44  5.1459E+42  4.6719E+44
  1.9950E+00  7.6844E+44  3.3529E+44  4.4039E+42  4.2875E+44
  2.1130E+00  7.4656E+44  3.4952E+44  3.7149E+42  3.9333E+44
  2.2390E+00  7.2451E+44  3.6081E+44  3.0913E+42  3.6061E+44
  2.3710E+00  7.0239E+44  3.6893E+44  2.5410E+42  3.3092E+44
  2.5120E+00  6.8013E+44  3.7462E+44  2.0679E+42  3.0344E+44
  2.6610E+00  6.5758E+44  3.7759E+44  1.6678E+42  2.7832E+44
  2.8180E+00  6.3443E+44  3.7771E+44  1.3337E+42  2.5538E+44
  2.9850E+00  6.1094E+44  3.7561E+44  1.0588E+42  2.3426E+44
  3.1620E+00  5.8683E+44  3.7113E+44  8.3477E+41  2.1487E+44
  3.3500E+00  5.6325E+44  3.6556E+44  6.5469E+41  1.9704E+44
  3.5480E+00  5.3880E+44  3.5752E+44  5.1004E+41  1.8078E+44
  3.7580E+00  5.1437E+44  3.4814E+44  3.9505E+41  1.6583E+44
  3.9810E+00  4.8993E+44  3.3753E+44  3.0426E+41  1.5210E+44
  4.2170E+00  4.6556E+44  3.2581E+44  2.3305E+41  1.3951E+44
  4.4670E+00  4.4138E+44  3.1324E+44  1.7753E+41  1.2796E+44
  4.7320E+00  4.1775E+44  3.0025E+44  1.3447E+41  1.1737E+44
  5.0120E+00  3.9508E+44  2.8706E+44  1.0140E+41  1.0791E+44
  5.3090E+00  3.6983E+44  2.7373E+44  7.5411E+40  9.6024E+43
  5.6230E+00  3.4540E+44  2.6054E+44  5.5694E+40  8.4805E+43
  5.9570E+00  3.2218E+44  2.4783E+44  4.0883E+40  7.4316E+43
  6.3100E+00  2.9883E+44  2.3409E+44  2.9711E+40  6.4710E+43
  6.6830E+00  2.7885E+44  2.2282E+44  2.1585E+40  5.6014E+43
  7.0790E+00  2.5885E+44  2.1065E+44  1.5469E+40  4.8190E+43
  7.4990E+00  2.4453E+44  2.0328E+44  1.1061E+40  4.1229E+43
  7.9430E+00  2.5137E+44  2.1626E+44  8.3945E+39  3.5109E+43
  8.4140E+00  2.7561E+44  2.4585E+44  7.0809E+39  2.9752E+43
  8.9130E+00  2.8935E+44  2.6424E+44  6.2072E+39  2.5104E+43
  9.4410E+00  2.9269E+44  2.7159E+44  5.9155E+39  2.1101E+43
  1.0000E+01  2.6141E+44  2.4373E+44  4.6034E+39  1.7671E+43
  1.0590E+01  2.2798E+44  2.1322E+44  3.4153E+39  1.4758E+43
  1.1220E+01  1.9522E+44  1.8296E+44  2.3243E+39  1.2267E+43
  1.1890E+01  1.6792E+44  1.5776E+44  1.5795E+39  1.0159E+43
  1.2590E+01  1.4568E+44  1.3727E+44  1.0532E+39  8.4119E+42
  1.3340E+01  1.2752E+44  1.2059E+44  6.9280E+38  6.9319E+42
  1.4130E+01  1.1474E+44  1.0904E+44  4.5618E+38  5.7050E+42
  1.4960E+01  1.0947E+44  1.0478E+44  3.2455E+38  4.6919E+42
  1.5850E+01  1.0617E+44  1.0233E+44  2.4427E+38  3.8414E+42
  1.6790E+01  1.0322E+44  1.0008E+44  1.9165E+38  3.1409E+42
  1.7780E+01  9.9147E+43  9.6580E+43  1.5354E+38  2.5663E+42
  1.8840E+01  9.3049E+43  9.0960E+43  1.2120E+38  2.0888E+42
  1.9950E+01  8.5369E+43  8.3667E+43  9.1344E+37  1.7013E+42
  2.1130E+01  7.7772E+43  7.6389E+43  6.6333E+37  1.3827E+42
  2.2390E+01  7.0751E+43  6.9631E+43  4.7916E+37  1.1203E+42
  2.3710E+01  6.4221E+43  6.3312E+43  3.4393E+37  9.0864E+41
  2.5120E+01  5.7903E+43  5.7169E+43  2.4588E+37  7.3479E+41
  2.6610E+01  5.1787E+43  5.1193E+43  1.7407E+37  5.9383E+41
  2.8180E+01  4.5892E+43  4.5412E+43  1.2251E+37  4.7994E+41
  2.9850E+01  4.0173E+43  3.9785E+43  8.5415E+36  3.8717E+41
  3.1620E+01  3.4691E+43  3.4379E+43  5.8803E+36  3.1199E+41
  3.3500E+01  2.9519E+43  2.9268E+43  3.9949E+36  2.5106E+41
  3.5480E+01  2.4769E+43  2.4567E+43  2.6802E+36  2.0210E+41
  3.7580E+01  2.0471E+43  2.0309E+43  1.7727E+36  1.6253E+41
  3.9810E+01  1.6650E+43  1.6519E+43  1.1554E+36  1.3054E+41
  4.2170E+01  1.3354E+43  1.3250E+43  7.4256E+35  1.0479E+41
  4.4670E+01  1.0573E+43  1.0489E+43  4.7046E+35  8.4074E+40
  4.7320E+01  8.2752E+42  8.2078E+42  2.9436E+35  6.7400E+40
  5.0120E+01  6.4117E+42  6.3576E+42  1.8216E+35  5.4034E+40
  5.3090E+01  4.9193E+42  4.8760E+42  1.1154E+35  4.3282E+40
  5.6230E+01  3.7446E+42  3.7100E+42  6.7698E+34  3.4667E+40
  5.9570E+01  2.8269E+42  2.7991E+42  4.0718E+34  2.7728E+40
  6.3100E+01  2.1214E+42  2.0993E+42  2.4332E+34  2.2180E+40
  6.6830E+01  1.5838E+42  1.5661E+42  1.4458E+34  1.7744E+40
  7.0790E+01  1.1766E+42  1.1624E+42  8.5444E+33  1.4183E+40
  7.4990E+01  8.7015E+41  8.5882E+41  5.0255E+33  1.1329E+40
  7.9430E+01  6.4146E+41  6.3241E+41  2.9461E+33  9.0505E+39
  8.4140E+01  4.7135E+41  4.6412E+41  1.7209E+33  7.2256E+39
  8.9130E+01  3.4565E+41  3.3988E+41  1.0032E+33  5.7665E+39
  9.4410E+01  2.5301E+41  2.4841E+41  5.8376E+32  4.6021E+39
  1.0000E+02  1.8487E+41  1.8120E+41  3.3907E+32  3.6722E+39
  1.0590E+02  1.3504E+41  1.3211E+41  1.9695E+32  2.9317E+39
  1.1220E+02  9.8531E+40  9.6196E+40  1.1422E+32  2.3358E+39
  1.1890E+02  7.1993E+40  7.0134E+40  6.6349E+31  1.8590E+39
  1.2590E+02  5.2965E+40  5.1481E+40  3.8815E+31  1.4838E+39
  1.3340E+02  3.9095E+40  3.7913E+40  2.2814E+31  1.1811E+39
  1.4130E+02  2.8662E+40  2.7721E+40  1.3372E+31  9.4117E+38
  1.4960E+02  2.0609E+40  1.9857E+40  7.6868E+30  7.5121E+38
  1.5850E+02  1.4717E+40  1.4120E+40  4.3792E+30  5.9781E+38
  1.7780E+02  7.5947E+39  7.2152E+39  1.4372E+30  3.7942E+38
  1.9950E+02  3.9418E+39  3.7013E+39  4.7537E+29  2.4043E+38
  2.2390E+02  2.0500E+39  1.8978E+39  1.5802E+29  1.5216E+38
  2.5120E+02  1.0695E+39  9.7312E+38  5.2856E+28  9.6376E+37
  2.8180E+02  5.5937E+38  4.9833E+38  1.7785E+28  6.1043E+37
  3.1620E+02  2.9321E+38  2.5459E+38  6.0195E+27  3.8617E+37
  3.5480E+02  1.5431E+38  1.2989E+38  2.0527E+27  2.4421E+37
  3.9810E+02  8.1624E+37  6.6182E+37  7.0636E+26  1.5442E+37
  4.4670E+02  4.3434E+37  3.3674E+37  2.4543E+26  9.7603E+36
  5.0120E+02  2.3287E+37  1.7118E+37  8.6211E+25  6.1695E+36
  5.6230E+02  1.2597E+37  8.6962E+36  3.0628E+25  3.9003E+36
  6.3100E+02  6.8723E+36  4.4094E+36  1.1000E+25  2.4629E+36
  7.0790E+02  3.7929E+36  2.2361E+36  4.0005E+24  1.5568E+36
  7.9430E+02  2.1155E+36  1.1322E+36  1.4703E+24  9.8325E+35
  8.9130E+02  1.1934E+36  5.7263E+35  5.4602E+23  6.2077E+35
  1.0000E+03  6.8169E+35  2.8955E+35  2.0495E+23  3.9214E+35
