  1.0000E-03  7.3709E+44  0.0000E+00  9.2752E+43  6.4434E+44
  1.1220E-03  7.8484E+44  0.0000E+00  1.1650E+44  6.6834E+44
  1.2590E-03  8.2802E+44  0.0000E+00  1.3875E+44  6.8927E+44
  1.4130E-03  8.6553E+44  0.0000E+00  1.5793E+44  7.0760E+44
  1.5850E-03  9.0983E+44  0.0000E+00  1.7614E+44  7.3369E+44
  1.7780E-03  1.0206E+45  0.0000E+00  2.2613E+44  7.9451E+44
  1.9950E-03  1.0258E+45  0.0000E+00  2.5792E+44  7.6788E+44
  2.2390E-03  1.0305E+45  0.0000E+00  2.6532E+44  7.6515E+44
  2.5120E-03  1.1685E+45  0.0000E+00  3.6155E+44  8.0690E+44
  2.8180E-03  1.1224E+45  0.0000E+00  3.8910E+44  7.3329E+44
  3.1620E-03  1.0758E+45  0.0000E+00  3.9534E+44  6.8043E+44
  3.5480E-03  1.0266E+45  0.0000E+00  3.8806E+44  6.3850E+44
  3.9810E-03  9.8092E+44  0.0000E+00  3.7160E+44  6.0932E+44
  4.4670E-03  2.1583E+45  0.0000E+00  7.4643E+44  1.4119E+45
  5.0120E-03  2.1346E+45  0.0000E+00  8.8502E+44  1.2496E+45
  5.6230E-03  2.0980E+45  0.0000E+00  9.9126E+44  1.1067E+45
  5.9570E-03  2.0782E+45  0.0000E+00  1.0315E+45  1.0468E+45
  6.6830E-03  2.0498E+45  0.0000E+00  1.0915E+45  9.5830E+44
  7.4990E-03  2.0704E+45  0.0000E+00  1.1586E+45  9.1179E+44
  8.4140E-03  2.0316E+45  0.0000E+00  1.1852E+45  8.4641E+44
  9.4410E-03  2.0094E+45  0.0000E+00  1.1965E+45  8.1289E+44
  1.0590E-02  2.0281E+45  0.0000E+00  1.1891E+45  8.3901E+44
  1.1890E-02  2.0676E+45  0.0000E+00  1.2742E+45  7.9336E+44
  1.3340E-02  2.0515E+45  0.0000E+00  1.2732E+45  7.7834E+44
  1.4960E-02  2.0136E+45  0.0000E+00  1.2731E+45  7.4047E+44
  1.6790E-02  1.9679E+45  0.0000E+00  1.2538E+45  7.1407E+44
  1.8840E-02  1.9261E+45  0.0000E+00  1.2262E+45  6.9987E+44
  2.1130E-02  1.9029E+45  0.0000E+00  1.2272E+45  6.7570E+44
  2.3710E-02  1.8526E+45  0.0000E+00  1.2037E+45  6.4894E+44
  2.6610E-02  1.7755E+45  0.0000E+00  1.1603E+45  6.1519E+44
  2.9850E-02  1.6926E+45  1.1921E-83  1.1090E+45  5.8357E+44
  3.3500E-02  1.5993E+45  6.5017E-69  1.0473E+45  5.5200E+44
  3.7580E-02  1.6744E+45  7.8205E-56  1.0806E+45  5.9375E+44
  4.2170E-02  1.8050E+45  2.8904E-44  1.2446E+45  5.6044E+44
  4.7320E-02  1.4526E+45  5.2295E-34  1.0361E+45  4.1642E+44
  5.3090E-02  1.0070E+45  5.9770E-25  7.4150E+44  2.6549E+44
  6.6830E-02  1.9940E+44  3.5732E-10  1.6141E+44  3.7990E+43
  7.4990E-02  6.2551E+43  3.5685E-04  5.1802E+43  1.0749E+43
  8.4140E-02  7.6778E+43  2.4688E+02  6.2299E+43  1.4479E+43
  9.4410E-02  9.2700E+43  3.5549E+07  7.4920E+43  1.7780E+43
  1.0590E-01  1.9750E+44  2.2160E+12  1.5806E+44  3.9445E+43
  1.1890E-01  3.7753E+44  4.3110E+16  2.8695E+44  9.0577E+43
  1.3340E-01  5.8038E+44  1.8031E+20  4.2190E+44  1.5848E+44
  1.4960E-01  6.5934E+44  3.2287E+23  4.4320E+44  2.1614E+44
  1.5850E-01  6.4147E+44  1.0241E+25  4.2566E+44  2.1580E+44
  1.7780E-01  5.1629E+44  4.4804E+27  3.6389E+44  1.5240E+44
  1.9950E-01  2.1532E+44  5.6727E+29  1.6230E+44  5.3016E+43
  2.2390E-01  1.2237E+44  4.0078E+31  9.6687E+43  2.5679E+43
  2.3710E-01  2.0896E+44  4.7724E+32  1.6590E+44  4.3062E+43
  2.5120E-01  3.3351E+44  5.0319E+33  2.5944E+44  7.4077E+43
  2.6610E-01  4.2594E+44  4.0711E+34  3.2207E+44  1.0386E+44
  2.8180E-01  4.8357E+44  2.6883E+35  3.5445E+44  1.2912E+44
  2.9850E-01  5.2287E+44  1.5185E+36  3.7251E+44  1.5035E+44
  3.1620E-01  5.5877E+44  7.5142E+36  3.8809E+44  1.7068E+44
  3.3500E-01  5.8950E+44  3.3302E+37  3.9930E+44  1.9019E+44
  3.5480E-01  6.1157E+44  1.3223E+38  4.0391E+44  2.0766E+44
  3.7580E-01  6.3180E+44  4.8314E+38  4.0610E+44  2.2570E+44
  3.9810E-01  6.4745E+44  1.6019E+39  4.0568E+44  2.4177E+44
  4.2170E-01  6.6773E+44  4.9263E+39  4.0607E+44  2.6165E+44
  4.4670E-01  6.8780E+44  1.3949E+40  4.0625E+44  2.8154E+44
  4.7320E-01  7.0521E+44  3.6965E+40  4.0353E+44  3.0165E+44
  5.0120E-01  7.1872E+44  9.1807E+40  3.9727E+44  3.2136E+44
  5.3090E-01  7.3116E+44  2.1611E+41  3.8861E+44  3.4233E+44
  5.6230E-01  7.3861E+44  4.7605E+41  3.7773E+44  3.6040E+44
  5.9570E-01  7.4230E+44  9.9230E+41  3.6479E+44  3.7652E+44
  6.3100E-01  7.4445E+44  1.9637E+42  3.5025E+44  3.9224E+44
  6.6830E-01  7.4510E+44  3.6946E+42  3.3416E+44  4.0724E+44
  7.0790E-01  7.4519E+44  6.6286E+42  3.1766E+44  4.2090E+44
  7.4990E-01  7.4356E+44  1.1326E+43  3.0057E+44  4.3166E+44
  7.9430E-01  7.4264E+44  1.8515E+43  2.8313E+44  4.4099E+44
  8.4140E-01  7.4391E+44  2.9097E+43  2.6589E+44  4.4892E+44
  8.9130E-01  7.5015E+44  4.4219E+43  2.4888E+44  4.5705E+44
  9.4410E-01  7.6041E+44  6.4740E+43  2.3261E+44  4.6306E+44
  1.0000E+00  7.7390E+44  9.1282E+43  2.1721E+44  4.6541E+44
  1.0590E+00  7.9200E+44  1.2431E+44  2.0293E+44  4.6476E+44
  1.1220E+00  8.1549E+44  1.6477E+44  1.8928E+44  4.6143E+44
  1.1890E+00  8.4483E+44  2.1302E+44  1.7581E+44  4.5600E+44
  1.2590E+00  8.7959E+44  2.6799E+44  1.6182E+44  4.4977E+44
  1.3340E+00  9.1816E+44  3.2936E+44  1.4813E+44  4.4067E+44
  1.4130E+00  9.5771E+44  3.9373E+44  1.3509E+44  4.2889E+44
  1.4960E+00  9.9729E+44  4.5964E+44  1.2236E+44  4.1529E+44
  1.5850E+00  1.0372E+45  5.2760E+44  1.0975E+44  3.9990E+44
  1.6790E+00  1.0744E+45  5.9372E+44  9.6966E+43  3.8376E+44
  1.7780E+00  1.1062E+45  6.5496E+44  8.4076E+43  3.6715E+44
  1.8840E+00  1.1324E+45  7.1127E+44  7.1513E+43  3.4967E+44
  1.9950E+00  1.1505E+45  7.5883E+44  5.9581E+43  3.3211E+44
  2.1130E+00  1.1601E+45  7.9728E+44  4.8686E+43  3.1416E+44
  2.2390E+00  1.1600E+45  8.2499E+44  3.9046E+43  2.9594E+44
  2.3710E+00  1.1494E+45  8.4048E+44  3.0775E+43  2.7810E+44
  2.5120E+00  1.1296E+45  8.4539E+44  2.3916E+43  2.6034E+44
  2.6610E+00  1.1006E+45  8.3918E+44  1.8343E+43  2.4311E+44
  2.8180E+00  1.0625E+45  8.2207E+44  1.3894E+43  2.2658E+44
  2.9850E+00  1.0173E+45  7.9626E+44  1.0416E+43  2.1068E+44
  3.1620E+00  9.6577E+44  7.6250E+44  7.7305E+42  1.9554E+44
  3.3500E+00  9.1172E+44  7.2487E+44  5.7016E+42  1.8114E+44
  3.5480E+00  8.5296E+44  6.8109E+44  4.1660E+42  1.6770E+44
  3.7580E+00  7.9290E+44  6.3482E+44  3.0230E+42  1.5506E+44
  3.9810E+00  7.3253E+44  5.8715E+44  2.1795E+42  1.4320E+44
  4.2170E+00  6.7266E+44  5.3895E+44  1.5618E+42  1.3215E+44
  4.4670E+00  6.1424E+44  4.9126E+44  1.1126E+42  1.2187E+44
  4.7320E+00  5.5867E+44  4.4558E+44  7.8881E+41  1.1230E+44
  5.0120E+00  5.0684E+44  4.0260E+44  5.5749E+41  1.0368E+44
  5.3090E+00  4.5547E+44  3.6249E+44  3.8982E+41  9.2591E+43
  5.6230E+00  4.0823E+44  3.2593E+44  2.7138E+41  8.2027E+43
  5.9570E+00  3.6546E+44  2.9320E+44  1.8836E+41  7.2070E+43
  6.3100E+00  3.2477E+44  2.6173E+44  1.2951E+41  6.2904E+43
  6.6830E+00  2.9031E+44  2.3566E+44  8.9208E+40  5.4558E+43
  7.0790E+00  2.5766E+44  2.1057E+44  6.0633E+40  4.7023E+43
  7.4990E+00  2.4217E+44  2.0191E+44  4.3212E+40  4.0217E+43
  7.9430E+00  2.9124E+44  2.5730E+44  3.9825E+40  3.3896E+43
  8.4140E+00  4.0050E+44  3.7239E+44  4.5024E+40  2.8069E+43
  8.9130E+00  4.8477E+44  4.6160E+44  4.7722E+40  2.3128E+43
  9.4410E+00  5.4089E+44  5.2185E+44  5.1621E+40  1.8997E+43
  1.0000E+01  4.4781E+44  4.3169E+44  3.6273E+40  1.6084E+43
  1.0590E+01  3.4839E+44  3.3472E+44  2.3185E+40  1.3646E+43
  1.1220E+01  2.5619E+44  2.4463E+44  1.3015E+40  1.1542E+43
  1.1890E+01  1.9097E+44  1.8128E+44  7.4190E+39  9.6814E+42
  1.2590E+01  1.4261E+44  1.3451E+44  4.1394E+39  8.1001E+42
  1.3340E+01  1.0841E+44  1.0168E+44  2.3127E+39  6.7265E+42
  1.4130E+01  8.8386E+43  8.2826E+43  1.3625E+39  5.5580E+42
  1.4960E+01  8.4216E+43  7.9653E+43  9.7206E+38  4.5621E+42
  1.5850E+01  8.3382E+43  7.9661E+43  7.5243E+38  3.7211E+42
  1.6790E+01  8.2785E+43  7.9755E+43  6.0694E+38  3.0296E+42
  1.7780E+01  7.9546E+43  7.7077E+43  4.8717E+38  2.4681E+42
  1.8840E+01  7.2008E+43  6.9999E+43  3.6841E+38  2.0089E+42
  1.9950E+01  6.1538E+43  5.9896E+43  2.5473E+38  1.6414E+42
  2.1130E+01  5.2037E+43  5.0698E+43  1.6867E+38  1.3385E+42
  2.2390E+01  4.4395E+43  4.3307E+43  1.1222E+38  1.0875E+42
  2.3710E+01  3.8137E+43  3.7252E+43  7.4862E+37  8.8412E+41
  2.5120E+01  3.2825E+43  3.2108E+43  5.0180E+37  7.1637E+41
  2.6610E+01  2.8212E+43  2.7632E+43  3.3541E+37  5.7997E+41
  2.8180E+01  2.4188E+43  2.3718E+43  2.2457E+37  4.6947E+41
  2.9850E+01  2.0596E+43  2.0217E+43  1.4991E+37  3.7926E+41
  3.1620E+01  1.7370E+43  1.7064E+43  9.9298E+36  3.0602E+41
  3.3500E+01  1.4484E+43  1.4238E+43  6.5204E+36  2.4658E+41
  3.5480E+01  1.1945E+43  1.1746E+43  4.2463E+36  1.9874E+41
  3.7580E+01  9.7199E+42  9.5599E+42  2.7336E+36  1.6003E+41
  3.9810E+01  7.7892E+42  7.6605E+42  1.7364E+36  1.2869E+41
  4.2170E+01  6.1621E+42  6.0586E+42  1.0897E+36  1.0344E+41
  4.4670E+01  4.8173E+42  4.7342E+42  6.7534E+35  8.3091E+40
  4.7320E+01  3.7271E+42  3.6604E+42  4.1416E+35  6.6689E+40
  5.0120E+01  2.8583E+42  2.8047E+42  2.5171E+35  5.3521E+40
  5.3090E+01  2.1735E+42  2.1305E+42  1.5169E+35  4.2915E+40
  5.6230E+01  1.6419E+42  1.6074E+42  9.0804E+34  3.4405E+40
  5.9570E+01  1.2315E+42  1.2039E+42  5.3968E+34  2.7541E+40
  6.3100E+01  9.1932E+41  8.9728E+41  3.1929E+34  2.2048E+40
  6.6830E+01  6.8349E+41  6.6584E+41  1.8818E+34  1.7650E+40
  7.0790E+01  5.0616E+41  4.9204E+41  1.1050E+34  1.4116E+40
  7.4990E+01  3.7348E+41  3.6220E+41  6.4683E+33  1.1282E+40
  7.9430E+01  2.7494E+41  2.6592E+41  3.7796E+33  9.0169E+39
  8.4140E+01  2.0190E+41  1.9470E+41  2.2038E+33  7.2019E+39
  8.9130E+01  1.4807E+41  1.4232E+41  1.2841E+33  5.7497E+39
  9.4410E+01  1.0845E+41  1.0386E+41  7.4778E+32  4.5902E+39
  1.0000E+02  7.9338E+40  7.5674E+40  4.3520E+32  3.6638E+39
  1.0590E+02  5.8053E+40  5.5127E+40  2.5356E+32  2.9257E+39
  1.1220E+02  4.2444E+40  4.0113E+40  1.4764E+32  2.3315E+39
  1.1890E+02  3.1080E+40  2.9224E+40  8.6143E+31  1.8560E+39
  1.2590E+02  2.2908E+40  2.1426E+40  5.0624E+31  1.4817E+39
  1.3340E+02  1.6931E+40  1.5751E+40  2.9878E+31  1.1795E+39
  1.4130E+02  1.2448E+40  1.1508E+40  1.7630E+31  9.4007E+38
  1.4960E+02  9.0099E+39  8.2594E+39  1.0260E+31  7.5043E+38
  1.5850E+02  6.4822E+39  5.8849E+39  5.9282E+30  5.9726E+38
  1.7780E+02  3.3932E+39  3.0141E+39  2.0034E+30  3.7915E+38
  1.9950E+02  1.7886E+39  1.5483E+39  6.8453E+29  2.4030E+38
  2.2390E+02  9.4692E+38  7.9483E+38  2.3611E+29  1.5209E+38
  2.5120E+02  5.0435E+38  4.0801E+38  8.2325E+28  9.6342E+37
  2.8180E+02  2.7019E+38  2.0916E+38  2.9008E+28  6.1026E+37
  3.1620E+02  1.4557E+38  1.0696E+38  1.0321E+28  3.8609E+37
  3.5480E+02  7.9042E+37  5.4625E+37  3.7117E+27  2.4417E+37
  3.9810E+02  4.3296E+37  2.7856E+37  1.3499E+27  1.5440E+37
  4.4670E+02  2.3943E+37  1.4184E+37  4.9622E+26  9.7592E+36
  5.0120E+02  1.3384E+37  7.2151E+36  1.8435E+26  6.1689E+36
  5.6230E+02  7.5676E+36  3.6675E+36  6.9160E+25  3.9001E+36
  6.3100E+02  4.3233E+36  1.8605E+36  2.6158E+25  2.4628E+36
  7.0790E+02  2.5006E+36  9.4391E+35  9.9838E+24  1.5567E+36
  7.9430E+02  1.4613E+36  4.7809E+35  3.8346E+24  9.8322E+35
  8.9130E+02  8.6262E+35  2.4187E+35  1.4814E+24  6.2075E+35
  1.0000E+03  5.1446E+35  1.2233E+35  5.7576E+23  3.9213E+35
