  1.0000E-03  1.5055E+43  0.0000E+00  5.2158E+42  9.8395E+42
  1.1220E-03  9.1250E+42  0.0000E+00  5.5783E+42  3.5467E+42
  1.2590E-03  6.8465E+42  0.0000E+00  5.6563E+42  1.1903E+42
  1.4130E-03  5.8554E+42  0.0000E+00  5.4764E+42  3.7898E+41
  1.5850E-03  5.4083E+42  0.0000E+00  5.2625E+42  1.4581E+41
  1.7780E-03  6.2024E+42  0.0000E+00  6.0891E+42  1.1335E+41
  1.9950E-03  5.5305E+42  0.0000E+00  5.5149E+42  1.5587E+40
  2.2390E-03  4.6713E+42  0.0000E+00  4.6678E+42  3.5128E+39
  2.5120E-03  5.5221E+42  0.0000E+00  5.5201E+42  1.9465E+39
  2.8180E-03  4.5317E+42  0.0000E+00  4.5316E+42  1.0972E+38
  3.1620E-03  3.6509E+42  0.0000E+00  3.6509E+42  8.4098E+36
  3.5480E-03  2.9205E+42  0.0000E+00  2.9205E+42  7.5399E+35
  3.9810E-03  2.3549E+42  0.0000E+00  2.3549E+42  8.5285E+34
  4.4670E-03  1.6422E+43  0.0000E+00  1.6421E+43  8.5371E+38
  5.0120E-03  1.3050E+43  0.0000E+00  1.3050E+43  3.8171E+37
  5.6230E-03  1.0019E+43  0.0000E+00  1.0019E+43  1.7548E+36
  5.9570E-03  8.7517E+42  0.0000E+00  8.7517E+42  4.0353E+35
  6.6830E-03  6.8261E+42  0.0000E+00  6.8261E+42  2.9501E+34
  7.4990E-03  5.6040E+42  0.0000E+00  5.6040E+42  3.7950E+33
  8.4140E-03  4.4392E+42  0.0000E+00  4.4392E+42  3.2618E+32
  9.4410E-03  3.6156E+42  0.0000E+00  3.6156E+42  4.6250E+31
  1.0590E-02  3.0840E+42  0.0000E+00  3.0840E+42  1.9739E+31
  1.1890E-02  2.6568E+42  0.0000E+00  2.6568E+42  2.1488E+30
  1.3340E-02  2.2155E+42  0.0000E+00  2.2155E+42  4.1604E+29
  1.4960E-02  1.8136E+42  0.0000E+00  1.8136E+42  5.0708E+28
  1.6790E-02  1.4813E+42  0.0000E+00  1.4813E+42  7.5400E+27
  1.8840E-02  1.2167E+42  0.0000E+00  1.2167E+42  1.4476E+27
  2.1130E-02  1.0128E+42  0.0000E+00  1.0128E+42  2.2227E+26
  2.3710E-02  8.2492E+41  0.0000E+00  8.2492E+41  3.1511E+25
  2.6610E-02  6.5443E+41  0.0000E+00  6.5443E+41  3.7056E+24
  2.9850E-02  5.1401E+41  0.0000E+00  5.1401E+41  4.5103E+23
  3.3500E-02  3.9817E+41  4.2118E-86  3.9817E+41  5.2930E+22
  3.7580E-02  4.0094E+41  3.3754E-73  4.0094E+41  3.2500E+22
  4.2170E-02  3.6493E+41  2.7195E-62  3.6493E+41  3.7107E+21
  4.7320E-02  1.8484E+41  1.3897E-53  1.8484E+41  1.9474E+19
  5.3090E-02  7.6918E+40  2.2515E-46  7.6918E+40  3.3173E+16
  6.6830E-02  3.9164E+39  7.0300E-39  3.9164E+39  3.0891E+05
  7.4990E-02  8.0020E+38  1.7895E-37  8.0020E+38  2.8581E-02
  8.4140E-02  1.0310E+39  1.7318E-30  1.0310E+39  1.5334E+00
  9.4410E-02  1.3623E+39  1.5628E-24  1.3623E+39  2.4107E+01
  1.0590E-01  5.0023E+39  1.5895E-16  5.0023E+39  1.7461E+06
  1.1890E-01  2.3636E+40  1.3752E-08  2.3636E+40  5.3689E+11
  1.3340E-01  8.3239E+40  2.5486E-02  8.3239E+40  4.8610E+15
  1.4960E-01  1.7723E+41  2.2587E+03  1.7723E+41  1.6134E+18
  1.5850E-01  1.9290E+41  1.4725E+05  1.9290E+41  4.4317E+18
  1.7780E-01  1.1289E+41  2.0866E+07  1.1289E+41  6.2631E+17
  1.9950E-01  1.4266E+40  2.5057E+06  1.4266E+40  1.2016E+13
  2.2390E-01  3.9993E+39  2.7497E+06  3.9993E+39  1.5816E+10
  2.3710E-01  1.1516E+40  6.3868E+09  1.1516E+40  4.2816E+13
  2.5120E-01  3.3430E+40  1.6677E+13  3.3430E+40  1.6279E+17
  2.6610E-01  6.5306E+40  5.7365E+15  6.5306E+40  4.2459E+19
  2.8180E-01  1.0022E+41  5.7656E+17  1.0022E+41  2.3255E+21
  2.9850E-01  1.3728E+41  2.8134E+19  1.3728E+41  5.4015E+22
  3.1620E-01  1.8127E+41  9.6757E+20  1.8127E+41  9.0049E+23
  3.3500E-01  2.3192E+41  2.5496E+22  2.3192E+41  1.1821E+25
  3.5480E-01  2.8535E+41  5.0182E+23  2.8535E+41  1.1778E+26
  3.7580E-01  3.4569E+41  8.9125E+24  3.4569E+41  1.1306E+27
  3.9810E-01  4.1150E+41  1.2509E+26  4.1150E+41  8.8238E+27
  4.2170E-01  4.9472E+41  1.8243E+27  4.9472E+41  8.0831E+28
  4.4670E-01  5.9289E+41  2.3163E+28  5.9289E+41  6.7926E+29
  4.7320E-01  7.0344E+41  2.6608E+29  7.0344E+41  5.4027E+30
  5.0120E-01  8.2333E+41  2.7253E+30  8.2333E+41  3.9743E+31
  5.3090E-01  9.5712E+41  2.6777E+31  9.5712E+41  2.9545E+32
  5.6230E-01  1.0950E+42  2.1929E+32  1.0950E+42  1.8495E+33
  5.9570E-01  1.2373E+42  1.5859E+33  1.2373E+42  1.0426E+34
  6.3100E-01  1.3882E+42  1.0605E+34  1.3882E+42  5.6309E+34
  6.6830E-01  1.5435E+42  6.5545E+34  1.5435E+42  2.9038E+35
  7.0790E-01  1.7081E+42  3.6978E+35  1.7081E+42  1.3999E+36
  7.4990E-01  1.8723E+42  1.8373E+36  1.8723E+42  6.0128E+36
  7.9430E-01  2.0415E+42  8.3810E+36  2.0415E+42  2.4249E+37
  8.4140E-01  2.2126E+42  3.5566E+37  2.2125E+42  9.2835E+37
  8.9130E-01  2.3951E+42  1.4632E+38  2.3946E+42  3.5425E+38
  9.4410E-01  2.5694E+42  5.5443E+38  2.5676E+42  1.2600E+39
  1.0000E+00  2.7202E+42  1.8754E+39  2.7143E+42  4.0064E+39
  1.0590E+00  2.8567E+42  5.7338E+39  2.8394E+42  1.1554E+40
  1.1220E+00  2.9869E+42  1.6215E+40  2.9399E+42  3.0870E+40
  1.1890E+00  3.1280E+42  4.2886E+40  3.0077E+42  7.7340E+40
  1.2590E+00  3.3287E+42  1.0736E+41  3.0361E+42  1.8519E+41
  1.3340E+00  3.6738E+42  2.4883E+41  3.0155E+42  4.0938E+41
  1.4130E+00  4.2936E+42  5.2453E+41  2.9466E+42  8.2241E+41
  1.4960E+00  5.3857E+42  1.0229E+42  2.8338E+42  1.5290E+42
  1.5850E+00  7.2315E+42  1.8802E+42  2.6796E+42  2.6716E+42
  1.6790E+00  1.0207E+43  3.2774E+42  2.4888E+42  4.4407E+42
  1.7780E+00  1.4733E+43  5.4263E+42  2.2653E+42  7.0409E+42
  1.8840E+00  2.1192E+43  8.5512E+42  2.0179E+42  1.0622E+43
  1.9950E+00  2.9833E+43  1.2802E+43  1.7595E+42  1.5271E+43
  2.1130E+00  4.0639E+43  1.8237E+43  1.5025E+42  2.0899E+43
  2.2390E+00  5.3289E+43  2.4749E+43  1.2581E+42  2.7282E+43
  2.3710E+00  6.7211E+43  3.2068E+43  1.0356E+42  3.4108E+43
  2.5120E+00  8.1638E+43  3.9875E+43  8.4011E+41  4.0923E+43
  2.6610E+00  9.5836E+43  4.7765E+43  6.7321E+41  4.7398E+43
  2.8180E+00  1.0917E+44  5.5362E+43  5.3367E+41  5.3272E+43
  2.9850E+00  1.2109E+44  6.2396E+43  4.1925E+41  5.8276E+43
  3.1620E+00  1.3130E+44  6.8632E+43  3.2677E+41  6.2345E+43
  3.3500E+00  1.3947E+44  7.3974E+43  2.5313E+41  6.5245E+43
  3.5480E+00  1.4580E+44  7.8302E+43  1.9490E+41  6.7299E+43
  3.7580E+00  1.5019E+44  8.1643E+43  1.4924E+41  6.8395E+43
  3.9810E+00  1.5274E+44  8.4000E+43  1.1369E+41  6.8629E+43
  4.2170E+00  1.5364E+44  8.5421E+43  8.6209E+40  6.8136E+43
  4.4670E+00  1.5309E+44  8.5990E+43  6.5076E+40  6.7031E+43
  4.7320E+00  1.5120E+44  8.5787E+43  4.8884E+40  6.5365E+43
  5.0120E+00  1.4835E+44  8.4913E+43  3.6603E+40  6.3400E+43
  5.3090E+00  1.4254E+44  8.3415E+43  2.6914E+40  5.9094E+43
  5.6230E+00  1.3575E+44  8.1420E+43  1.9643E+40  5.4306E+43
  5.9570E+00  1.2829E+44  7.9068E+43  1.4240E+40  4.9206E+43
  6.3100E+00  1.2028E+44  7.6114E+43  1.0228E+40  4.4158E+43
  6.6830E+00  1.1284E+44  7.3639E+43  7.3374E+39  3.9198E+43
  7.0790E+00  1.0523E+44  7.0710E+43  5.1987E+39  3.4512E+43
  7.4990E+00  9.6730E+43  6.7479E+43  3.6483E+39  2.9248E+43
  7.9430E+00  8.3772E+43  6.2608E+43  2.6314E+39  2.1162E+43
  8.4140E+00  6.6130E+43  5.3616E+43  2.0703E+39  1.2511E+43
  8.9130E+00  5.1554E+43  4.4259E+43  1.7281E+39  7.2929E+42
  9.4410E+00  4.0537E+43  3.6254E+43  1.5921E+39  4.2821E+42
  1.0000E+01  4.1655E+43  3.7416E+43  1.2628E+39  4.2371E+42
  1.0590E+01  4.4105E+43  3.9600E+43  9.6152E+38  4.5047E+42
  1.1220E+01  4.6870E+43  4.1975E+43  6.7416E+38  4.8944E+42
  1.1890E+01  4.7354E+43  4.2426E+43  4.6884E+38  4.9278E+42
  1.2590E+01  4.7060E+43  4.2273E+43  3.1979E+38  4.7860E+42
  1.3340E+01  4.5764E+43  4.1327E+43  2.1478E+38  4.4376E+42
  1.4130E+01  4.3902E+43  4.0020E+43  1.4380E+38  3.8816E+42
  1.4960E+01  4.1875E+43  3.8779E+43  1.0310E+38  3.0952E+42
  1.5850E+01  4.0144E+43  3.7753E+43  7.8369E+37  2.3911E+42
  1.6790E+01  3.8764E+43  3.6933E+43  6.2434E+37  1.8306E+42
  1.7780E+01  3.7805E+43  3.6376E+43  5.1135E+37  1.4296E+42
  1.8840E+01  3.7236E+43  3.6071E+43  4.1522E+37  1.1649E+42
  1.9950E+01  3.6805E+43  3.5809E+43  3.2290E+37  9.9564E+41
  2.1130E+01  3.6218E+43  3.5365E+43  2.4234E+37  8.5358E+41
  2.2390E+01  3.5404E+43  3.4681E+43  1.8111E+37  7.2237E+41
  2.3710E+01  3.4364E+43  3.3756E+43  1.3450E+37  6.0790E+41
  2.5120E+01  3.2995E+43  3.2488E+43  9.9469E+36  5.0718E+41
  2.6610E+01  3.1305E+43  3.0884E+43  7.2780E+36  4.2148E+41
  2.8180E+01  2.9303E+43  2.8954E+43  5.2857E+36  3.4912E+41
  2.9850E+01  2.6991E+43  2.6703E+43  3.7965E+36  2.8797E+41
  3.1620E+01  2.4437E+43  2.4200E+43  2.6868E+36  2.3697E+41
  3.3500E+01  2.1722E+43  2.1527E+43  1.8723E+36  1.9450E+41
  3.5480E+01  1.8967E+43  1.8808E+43  1.2851E+36  1.5952E+41
  3.7580E+01  1.6263E+43  1.6133E+43  8.6770E+35  1.3065E+41
  3.9810E+01  1.3688E+43  1.3582E+43  5.7618E+35  1.0689E+41
  4.2170E+01  1.1333E+43  1.1245E+43  3.7660E+35  8.7371E+40
  4.4670E+01  9.2407E+42  9.1694E+42  2.4231E+35  7.1321E+40
  4.7320E+01  7.4329E+42  7.3748E+42  1.5378E+35  5.8118E+40
  5.0120E+01  5.9071E+42  5.8598E+42  9.6425E+34  4.7308E+40
  5.3090E+01  4.6408E+42  4.6023E+42  5.9777E+34  3.8433E+40
  5.6230E+01  3.6114E+42  3.5802E+42  3.6707E+34  3.1182E+40
  5.9570E+01  2.7833E+42  2.7580E+42  2.2326E+34  2.5234E+40
  6.3100E+01  2.1294E+42  2.1090E+42  1.3483E+34  2.0400E+40
  6.6830E+01  1.6188E+42  1.6023E+42  8.0937E+33  1.6475E+40
  7.0790E+01  1.2231E+42  1.2098E+42  4.8302E+33  1.3280E+40
  7.4990E+01  9.1905E+41  9.0836E+41  2.8679E+33  1.0688E+40
  7.9430E+01  6.8766E+41  6.7906E+41  1.6965E+33  8.5953E+39
  8.4140E+01  5.1240E+41  5.0550E+41  9.9961E+32  6.9028E+39
  8.9130E+01  3.8071E+41  3.7517E+41  5.8761E+32  5.5376E+39
  9.4410E+01  2.8211E+41  2.7767E+41  3.4467E+32  4.4397E+39
  1.0000E+02  2.0851E+41  2.0496E+41  2.0173E+32  3.5571E+39
  1.0590E+02  1.5395E+41  1.5110E+41  1.1803E+32  2.8499E+39
  1.1220E+02  1.1347E+41  1.1120E+41  6.8937E+31  2.2777E+39
  1.1890E+02  8.3708E+40  8.1890E+40  4.0318E+31  1.8177E+39
  1.2590E+02  6.2137E+40  6.0682E+40  2.3742E+31  1.4542E+39
  1.3340E+02  4.6260E+40  4.5100E+40  1.4046E+31  1.1598E+39
  1.4130E+02  3.4177E+40  3.3251E+40  8.2800E+30  9.2596E+38
  1.4960E+02  2.4732E+40  2.3991E+40  4.7807E+30  7.4048E+38
  1.5850E+02  1.7767E+40  1.7177E+40  2.7348E+30  5.9028E+38
  1.7780E+02  9.2661E+39  8.8904E+39  9.0451E+29  3.7567E+38
  1.9950E+02  4.8520E+39  4.6135E+39  3.0117E+29  2.3856E+38
  2.2390E+02  2.5411E+39  2.3899E+39  1.0066E+29  1.5122E+38
  2.5120E+02  1.3325E+39  1.2366E+39  3.3804E+28  9.5904E+37
  2.8180E+02  6.9912E+38  6.3832E+38  1.1405E+28  6.0806E+37
  3.1620E+02  3.6693E+38  3.2843E+38  3.8654E+27  3.8498E+37
  3.5480E+02  1.9298E+38  1.6862E+38  1.3182E+27  2.4361E+37
  3.9810E+02  1.0180E+38  8.6393E+37  4.5312E+26  1.5412E+37
  4.4670E+02  5.3920E+37  4.4175E+37  1.5710E+26  9.7451E+36
  5.0120E+02  2.8716E+37  2.2554E+37  5.5007E+25  6.1618E+36
  5.6230E+02  1.5399E+37  1.1502E+37  1.9466E+25  3.8965E+36
  6.3100E+02  8.3132E+36  5.8522E+36  6.9592E+24  2.4610E+36
  7.0790E+02  4.5327E+36  2.9769E+36  2.5187E+24  1.5558E+36
  7.9430E+02  2.4941E+36  1.5114E+36  9.2104E+23  9.8276E+35
  8.9130E+02  1.3868E+36  7.6623E+35  3.4035E+23  6.2053E+35
  1.0000E+03  7.8028E+35  3.8827E+35  1.2714E+23  3.9201E+35
