  1.0000E-03  5.6721E+42  0.0000E+00  5.1753E+42  4.9672E+41
  1.1220E-03  5.1874E+42  0.0000E+00  5.1032E+42  8.4166E+40
  1.2590E-03  4.7680E+42  0.0000E+00  4.7553E+42  1.2666E+40
  1.4130E-03  4.2203E+42  0.0000E+00  4.2186E+42  1.7472E+39
  1.5850E-03  3.7649E+42  0.0000E+00  3.7646E+42  3.3085E+38
  1.7780E-03  4.2746E+42  0.0000E+00  4.2744E+42  2.0260E+38
  1.9950E-03  3.3748E+42  0.0000E+00  3.3747E+42  6.9159E+36
  2.2390E-03  2.5584E+42  0.0000E+00  2.5584E+42  5.3829E+35
  2.5120E-03  2.9376E+42  0.0000E+00  2.9376E+42  1.8792E+35
  2.8180E-03  2.0048E+42  0.0000E+00  2.0048E+42  1.4533E+33
  3.1620E-03  1.3673E+42  0.0000E+00  1.3673E+42  1.8750E+31
  3.5480E-03  9.3439E+41  0.0000E+00  9.3439E+41  3.1399E+29
  3.9810E-03  6.5193E+41  0.0000E+00  6.5193E+41  7.7391E+27
  4.4670E-03  8.2166E+42  0.0000E+00  8.2166E+42  3.1149E+34
  5.0120E-03  5.4281E+42  0.0000E+00  5.4281E+42  1.6470E+32
  5.6230E-03  3.4931E+42  0.0000E+00  3.4931E+42  9.1277E+29
  5.9570E-03  2.8103E+42  0.0000E+00  2.8103E+42  7.6336E+28
  6.6830E-03  1.8971E+42  0.0000E+00  1.8971E+42  9.1524E+26
  7.4990E-03  1.3954E+42  0.0000E+00  1.3954E+42  2.8120E+25
  8.4140E-03  9.7283E+41  0.0000E+00  9.7283E+41  4.4078E+23
  9.4410E-03  7.1323E+41  0.0000E+00  7.1323E+41  1.5904E+22
  1.0590E-02  5.6869E+41  0.0000E+00  5.6869E+41  3.6014E+21
  1.1890E-02  4.4829E+41  0.0000E+00  4.4829E+41  8.3557E+19
  1.3340E-02  3.4299E+41  0.0000E+00  3.4299E+41  5.0646E+18
  1.4960E-02  2.5554E+41  0.0000E+00  2.5554E+41  1.4198E+17
  1.6790E-02  1.9082E+41  0.0000E+00  1.9082E+41  5.5423E+15
  1.8840E-02  1.4427E+41  0.0000E+00  1.4427E+41  3.3130E+14
  2.1130E-02  1.1139E+41  0.0000E+00  1.1139E+41  1.3651E+13
  2.3710E-02  8.3753E+40  0.0000E+00  8.3753E+40  4.9241E+11
  2.6610E-02  6.1025E+40  0.0000E+00  6.1025E+40  1.3011E+10
  2.9850E-02  4.4104E+40  0.0000E+00  4.4104E+40  3.6445E+08
  3.3500E-02  3.1411E+40  0.0000E+00  3.1411E+40  9.6075E+06
  3.7580E-02  3.0524E+40  3.4766E-87  3.0524E+40  3.9526E+06
  4.2170E-02  2.7579E+40  7.5145E-77  2.7579E+40  9.9555E+04
  4.7320E-02  1.2275E+40  1.7551E-69  1.2275E+40  1.5081E+01
  5.3090E-02  4.4446E+39  7.1135E-64  4.4446E+39  3.6995E-04
  6.6830E-02  1.4321E+38  1.0352E-62  1.4321E+38  1.7789E-22
  7.4990E-02  2.1250E+37  2.4427E-65  2.1250E+37  3.7550E-34
  8.4140E-02  2.8717E+37  2.3105E-57  2.8717E+37  2.8224E-31
  9.4410E-02  3.9888E+37  1.0075E-50  3.9888E+37  2.7601E-29
  1.0590E-01  1.8429E+38  6.4698E-40  1.8429E+38  3.4171E-21
  1.1890E-01  1.0951E+39  8.7116E-29  1.0951E+39  4.9291E-12
  1.3340E-01  4.6603E+39  3.3808E-20  4.6603E+39  2.0390E-05
  1.4960E-01  1.0841E+40  9.2617E-14  1.0841E+40  3.4701E-01
  1.5850E-01  1.2114E+40  1.1310E-11  1.2114E+40  1.9670E+00
  1.7780E-01  7.2450E+39  5.7974E-10  7.2450E+39  8.7243E-02
  1.9950E-01  7.3871E+38  1.5184E-13  7.3871E+38  1.4811E-09
  2.2390E-01  1.8880E+38  4.0776E-15  1.8880E+38  2.8104E-14
  2.3710E-01  6.7059E+38  9.3629E-10  6.7059E+38  1.5015E-08
  2.5120E-01  2.3577E+39  2.9624E-04  2.3577E+39  1.4109E-02
  2.6610E-01  5.2088E+39  2.6446E+00  5.2088E+39  1.5470E+02
  2.8180E-01  8.7116E+39  2.8092E+03  8.7116E+39  1.2702E+05
  2.9850E-01  1.2845E+40  8.8417E+05  1.2845E+40  2.5089E+07
  3.1620E-01  1.8291E+40  1.6203E+08  1.8291E+40  2.8567E+09
  3.3500E-01  2.5244E+40  1.9825E+10  2.5244E+40  2.1874E+11
  3.5480E-01  3.3394E+40  1.5447E+12  3.3394E+40  1.0591E+13
  3.7580E-01  4.3669E+40  1.0637E+14  4.3669E+40  4.8240E+14
  3.9810E-01  5.6093E+40  5.1356E+15  5.6093E+40  1.5571E+16
  4.2170E-01  7.3555E+40  2.8283E+17  7.3555E+40  6.5652E+17
  4.4670E-01  9.6527E+40  1.2899E+19  9.6527E+40  2.3974E+19
  4.7320E-01  1.2572E+41  5.1579E+20  1.2572E+41  7.9912E+20
  5.0120E-01  1.6163E+41  1.7579E+22  1.6163E+41  2.3390E+22
  5.3090E-01  2.0734E+41  5.7863E+23  2.0734E+41  6.9706E+23
  5.6230E-01  2.6083E+41  1.4372E+25  2.6083E+41  1.5602E+25
  5.9570E-01  3.2347E+41  2.9681E+26  3.2347E+41  2.9342E+26
  6.3100E-01  3.9849E+41  5.5300E+27  3.9849E+41  5.1374E+27
  6.6830E-01  4.8636E+41  9.2759E+28  4.8636E+41  8.3295E+28
  7.0790E-01  5.9014E+41  1.3664E+30  5.9014E+41  1.2072E+30
  7.4990E-01  7.0592E+41  1.6584E+31  7.0592E+41  1.4434E+31
  7.9430E-01  8.3792E+41  1.7823E+32  8.3792E+41  1.5536E+32
  8.4140E-01  9.8661E+41  1.7302E+33  9.8661E+41  1.5335E+33
  8.9130E-01  1.1608E+42  1.6266E+34  1.1608E+42  1.5050E+34
  9.4410E-01  1.3485E+42  1.3533E+35  1.3485E+42  1.3139E+35
  1.0000E+00  1.5348E+42  9.4288E+35  1.5348E+42  9.5199E+35
  1.0590E+00  1.7194E+42  5.6147E+36  1.7194E+42  5.8619E+36
  1.1220E+00  1.8986E+42  2.9623E+37  1.8985E+42  3.1792E+37
  1.1890E+00  2.0646E+42  1.4097E+38  2.0643E+42  1.5495E+38
  1.2590E+00  2.2114E+42  6.1880E+38  2.2101E+42  6.9976E+38
  1.3340E+00  2.3241E+42  2.4048E+39  2.3189E+42  2.7690E+39
  1.4130E+00  2.3992E+42  8.0455E+39  2.3818E+42  9.3425E+39
  1.4960E+00  2.4501E+42  2.3819E+40  2.3986E+42  2.7701E+40
  1.5850E+00  2.5070E+42  6.4224E+40  2.3687E+42  7.4135E+40
  1.6790E+00  2.6357E+42  1.5968E+41  2.2934E+42  1.8257E+41
  1.7780E+00  2.9555E+42  3.6720E+41  2.1728E+42  4.1554E+41
  1.8840E+00  3.6644E+42  7.8223E+41  2.0109E+42  8.7134E+41
  1.9950E+00  5.0432E+42  1.5400E+42  1.8180E+42  1.6852E+42
  2.1130E+00  7.4167E+42  2.8065E+42  1.6059E+42  3.0042E+42
  2.2390E+00  1.1087E+43  4.7462E+42  1.3876E+42  4.9532E+42
  2.3710E+00  1.6244E+43  7.4723E+42  1.1757E+42  7.5964E+42
  2.5120E+00  2.2896E+43  1.1031E+43  9.7938E+41  1.0886E+43
  2.6610E+00  3.0881E+43  1.5368E+43  8.0428E+41  1.4710E+43
  2.8180E+00  3.9905E+43  2.0349E+43  6.5237E+41  1.8904E+43
  2.9850E+00  4.9546E+43  2.5792E+43  5.2374E+41  2.3231E+43
  3.1620E+00  5.9413E+43  3.1483E+43  4.1680E+41  2.7513E+43
  3.3500E+00  6.8906E+43  3.7157E+43  3.2934E+41  3.1419E+43
  3.5480E+00  7.7942E+43  4.2668E+43  2.5854E+41  3.5015E+43
  3.7580E+00  8.6095E+43  4.7816E+43  2.0173E+41  3.8077E+43
  3.9810E+00  9.3146E+43  5.2444E+43  1.5650E+41  4.0545E+43
  4.2170E+00  9.8985E+43  5.6447E+43  1.2078E+41  4.2417E+43
  4.4670E+00  1.0356E+44  5.9767E+43  9.2729E+40  4.3705E+43
  4.7320E+00  1.0678E+44  6.2331E+43  7.0788E+40  4.4379E+43
  5.0120E+00  1.0878E+44  6.4132E+43  5.3810E+40  4.4593E+43
  5.3090E+00  1.0805E+44  6.5155E+43  4.0155E+40  4.2858E+43
  5.6230E+00  1.0591E+44  6.5447E+43  2.9715E+40  4.0432E+43
  5.9570E+00  1.0257E+44  6.5100E+43  2.1820E+40  3.7452E+43
  6.3100E+00  9.8328E+43  6.4027E+43  1.5870E+40  3.4285E+43
  6.6830E+00  9.4000E+43  6.3045E+43  1.1519E+40  3.0944E+43
  7.0790E+00  8.9185E+43  6.1513E+43  8.2564E+39  2.7664E+43
  7.4990E+00  8.1635E+43  5.8337E+43  5.8051E+39  2.3292E+43
  7.9430E+00  6.3752E+43  4.8633E+43  4.0207E+39  1.5115E+43
  8.4140E+00  4.0382E+43  3.3351E+43  2.9466E+39  7.0275E+42
  8.9130E+00  2.5562E+43  2.2359E+43  2.3324E+39  3.2005E+42
  9.4410E+00  1.6763E+43  1.5282E+43  2.0587E+39  1.4791E+42
  1.0000E+01  1.8971E+43  1.7334E+43  1.6758E+39  1.6357E+42
  1.0590E+01  2.3031E+43  2.0987E+43  1.3270E+39  2.0427E+42
  1.1220E+01  2.8599E+43  2.5944E+43  9.7865E+38  2.6534E+42
  1.1890E+01  3.2592E+43  2.9548E+43  7.1325E+38  3.0432E+42
  1.2590E+01  3.5951E+43  3.2663E+43  5.1064E+38  3.2875E+42
  1.3340E+01  3.8021E+43  3.4723E+43  3.5913E+38  3.2976E+42
  1.4130E+01  3.8452E+43  3.5448E+43  2.4888E+38  3.0040E+42
  1.4960E+01  3.6699E+43  3.4352E+43  1.7978E+38  2.3466E+42
  1.5850E+01  3.4868E+43  3.3124E+43  1.3699E+38  1.7437E+42
  1.6790E+01  3.3500E+43  3.2222E+43  1.0961E+38  1.2777E+42
  1.7780E+01  3.3131E+43  3.2163E+43  9.1047E+37  9.6819E+41
  1.8840E+01  3.4065E+43  3.3276E+43  7.6171E+37  7.8950E+41
  1.9950E+01  3.5997E+43  3.5300E+43  6.1934E+37  6.9686E+41
  2.1130E+01  3.7999E+43  3.7380E+43  4.8797E+37  6.1914E+41
  2.2390E+01  3.9690E+43  3.9151E+43  3.8258E+37  5.3941E+41
  2.3710E+01  4.1008E+43  4.0543E+43  2.9771E+37  4.6525E+41
  2.5120E+01  4.1798E+43  4.1402E+43  2.3047E+37  3.9634E+41
  2.6610E+01  4.1991E+43  4.1655E+43  1.7633E+37  3.3557E+41
  2.8180E+01  4.1498E+43  4.1216E+43  1.3368E+37  2.8256E+41
  2.9850E+01  4.0274E+43  4.0037E+43  1.0012E+37  2.3655E+41
  3.1620E+01  3.8343E+43  3.8146E+43  7.3784E+36  1.9740E+41
  3.3500E+01  3.5777E+43  3.5613E+43  5.3476E+36  1.6417E+41
  3.5480E+01  3.2725E+43  3.2589E+43  3.8120E+36  1.3634E+41
  3.7580E+01  2.9346E+43  2.9233E+43  2.6700E+36  1.1302E+41
  3.9810E+01  2.5793E+43  2.5700E+43  1.8373E+36  9.3612E+40
  4.2170E+01  2.2258E+43  2.2181E+43  1.2428E+36  7.7440E+40
  4.4670E+01  1.8880E+43  1.8816E+43  8.2629E+35  6.3946E+40
  4.7320E+01  1.5765E+43  1.5712E+43  5.4108E+35  5.2676E+40
  5.0120E+01  1.2978E+43  1.2934E+43  3.4947E+35  4.3315E+40
  5.3090E+01  1.0539E+43  1.0503E+43  2.2279E+35  3.5519E+40
  5.6230E+01  8.4586E+42  8.4295E+42  1.4044E+35  2.9065E+40
  5.9570E+01  6.7104E+42  6.6867E+42  8.7542E+34  2.3705E+40
  6.3100E+01  5.2739E+42  5.2546E+42  5.4092E+34  1.9298E+40
  6.6830E+01  4.1101E+42  4.0944E+42  3.3164E+34  1.5684E+40
  7.0790E+01  3.1780E+42  3.1653E+42  2.0184E+34  1.2713E+40
  7.4990E+01  2.4395E+42  2.4292E+42  1.2203E+34  1.0283E+40
  7.9430E+01  1.8616E+42  1.8533E+42  7.3393E+33  8.3061E+39
  8.4140E+01  1.4125E+42  1.4058E+42  4.3907E+33  6.6967E+39
  8.9130E+01  1.0671E+42  1.0617E+42  2.6170E+33  5.3908E+39
  9.4410E+01  8.0293E+41  7.9859E+41  1.5543E+33  4.3352E+39
  1.0000E+02  6.0181E+41  5.9832E+41  9.2004E+32  3.4827E+39
  1.0590E+02  4.5001E+41  4.4722E+41  5.4370E+32  2.7969E+39
  1.1220E+02  3.3557E+41  3.3333E+41  3.2040E+32  2.2400E+39
  1.1890E+02  2.5016E+41  2.4837E+41  1.8887E+32  1.7908E+39
  1.2590E+02  1.8741E+41  1.8597E+41  1.1197E+32  1.4350E+39
  1.3340E+02  1.4068E+41  1.3954E+41  6.6635E+31  1.1460E+39
  1.4130E+02  1.0472E+41  1.0381E+41  3.9472E+31  9.1601E+38
  1.4960E+02  7.6317E+40  7.5583E+40  2.2867E+31  7.3344E+38
  1.5850E+02  5.5175E+40  5.4589E+40  1.3111E+31  5.8534E+38
  1.7780E+02  2.9064E+40  2.8691E+40  4.3424E+30  3.7321E+38
  1.9950E+02  1.5321E+40  1.5084E+40  1.4419E+30  2.3733E+38
  2.2390E+02  8.0524E+39  7.9018E+39  4.7841E+29  1.5060E+38
  2.5120E+02  4.2238E+39  4.1282E+39  1.5874E+29  9.5593E+37
  2.8180E+02  2.2095E+39  2.1489E+39  5.2643E+28  6.0649E+37
  3.1620E+02  1.1521E+39  1.1137E+39  1.7443E+28  3.8419E+37
  3.5480E+02  5.9976E+38  5.7544E+38  5.7827E+27  2.4321E+37
  3.9810E+02  3.1185E+38  2.9646E+38  1.9208E+27  1.5392E+37
  4.4670E+02  1.6205E+38  1.5232E+38  6.3972E+26  9.7351E+36
  5.0120E+02  8.4253E+37  7.8096E+37  2.1393E+26  6.1568E+36
  5.6230E+02  4.3868E+37  3.9975E+37  7.1916E+25  3.8940E+36
  6.3100E+02  2.2864E+37  2.0404E+37  2.4311E+25  2.4597E+36
  7.0790E+02  1.1964E+37  1.0409E+37  8.2888E+24  1.5552E+36
  7.9430E+02  6.2800E+36  5.2975E+36  2.8484E+24  9.8244E+35
  8.9130E+02  3.3120E+36  2.6916E+36  9.8814E+23  6.2036E+35
  1.0000E+03  1.7585E+36  1.3665E+36  3.4668E+23  3.9193E+35
