  1.0000E-03  2.6174E+44  0.0000E+00  1.1774E+44  1.4401E+44
  1.1220E-03  2.0094E+44  0.0000E+00  9.8797E+43  1.0215E+44
  1.2590E-03  1.4545E+44  0.0000E+00  7.5211E+43  7.0237E+43
  1.4130E-03  9.9754E+43  0.0000E+00  5.2606E+43  4.7148E+43
  1.5850E-03  7.1740E+43  0.0000E+00  3.7816E+43  3.3924E+43
  1.7780E-03  7.5302E+43  0.0000E+00  4.3312E+43  3.1991E+43
  1.9950E-03  3.9473E+43  0.0000E+00  2.4255E+43  1.5217E+43
  2.2390E-03  2.1772E+43  0.0000E+00  1.3021E+43  8.7505E+42
  2.5120E-03  2.3362E+43  0.0000E+00  1.6224E+43  7.1386E+42
  2.8180E-03  9.7940E+42  0.0000E+00  7.4237E+42  2.3703E+42
  3.1620E-03  4.3440E+42  0.0000E+00  3.4543E+42  8.8968E+41
  3.5480E-03  1.9874E+42  0.0000E+00  1.6313E+42  3.5609E+41
  3.9810E-03  9.5789E+41  0.0000E+00  8.0102E+41  1.5687E+41
  4.4670E-03  6.8427E+43  0.0000E+00  5.9550E+43  8.8771E+42
  5.0120E-03  3.2644E+43  0.0000E+00  3.0032E+43  2.6126E+42
  5.6230E-03  1.6118E+43  0.0000E+00  1.5343E+43  7.7514E+41
  5.9570E-03  1.1584E+43  0.0000E+00  1.1149E+43  4.3436E+41
  6.6830E-03  6.4713E+42  0.0000E+00  6.3155E+42  1.5585E+41
  7.4990E-03  4.2450E+42  0.0000E+00  4.1749E+42  7.0137E+40
  8.4140E-03  2.5537E+42  0.0000E+00  2.5266E+42  2.7048E+40
  9.4410E-03  1.6315E+42  0.0000E+00  1.6187E+42  1.2746E+40
  1.0590E-02  1.1307E+42  0.0000E+00  1.1214E+42  9.2782E+39
  1.1890E-02  8.7442E+41  0.0000E+00  8.7047E+41  3.9530E+39
  1.3340E-02  5.9990E+41  0.0000E+00  5.9779E+41  2.1116E+39
  1.4960E-02  4.0733E+41  0.0000E+00  4.0639E+41  9.3941E+38
  1.6790E-02  2.7490E+41  0.0000E+00  2.7445E+41  4.5201E+38
  1.8840E-02  1.8872E+41  0.0000E+00  1.8848E+41  2.4034E+38
  2.1130E-02  1.3728E+41  0.0000E+00  1.3717E+41  1.1697E+38
  2.3710E-02  9.6119E+40  0.0000E+00  9.6064E+40  5.5119E+37
  2.6610E-02  6.4938E+40  0.0000E+00  6.4914E+40  2.4072E+37
  2.9850E-02  4.3745E+40  0.0000E+00  4.3734E+40  1.0621E+37
  3.3500E-02  2.8901E+40  7.3204E-77  2.8897E+40  4.6100E+36
  3.7580E-02  2.5305E+40  7.1936E-64  2.5301E+40  4.0509E+36
  4.2170E-02  2.9890E+40  1.2002E-52  2.9888E+40  1.7382E+36
  4.7320E-02  1.3951E+40  3.3415E-43  1.3951E+40  2.0098E+35
  5.3090E-02  5.0479E+39  4.1184E-35  5.0479E+39  1.3894E+34
  6.6830E-02  1.0530E+38  4.0496E-24  1.0530E+38  3.2694E+29
  7.4990E-02  8.0488E+36  1.5261E-20  8.0488E+36  3.4103E+26
  8.4140E-02  1.3163E+37  4.1248E-14  1.3163E+37  1.8812E+27
  9.4410E-02  2.0622E+37  1.5177E-08  2.0622E+37  6.1972E+27
  1.0590E-01  1.3364E+38  4.4190E-02  1.3364E+38  7.1435E+29
  1.1890E-01  7.5656E+38  7.4477E+04  7.5656E+38  1.4392E+32
  1.3340E-01  2.6931E+39  8.7105E+09  2.6931E+39  6.4852E+33
  1.4960E-01  3.9482E+39  1.3610E+14  3.9481E+39  7.2857E+34
  1.5850E-01  3.7730E+39  6.4004E+15  3.7729E+39  1.0656E+35
  1.7780E-01  2.5358E+39  1.4018E+18  2.5358E+39  3.8154E+34
  1.9950E-01  3.5336E+38  3.8016E+18  3.5336E+38  2.9580E+32
  2.2390E-01  1.3415E+38  2.5156E+19  1.3415E+38  1.3977E+31
  2.3710E-01  6.1985E+38  4.7120E+21  6.1985E+38  3.6777E+32
  2.5120E-01  2.4985E+39  9.0270E+23  2.4985E+39  1.1172E+34
  2.6610E-01  5.6537E+39  5.2532E+25  5.6536E+39  1.0942E+35
  2.8180E-01  9.3221E+39  1.4451E+27  9.3215E+39  5.5240E+35
  2.9850E-01  1.3581E+40  2.5237E+28  1.3579E+40  1.9426E+36
  3.1620E-01  1.9550E+40  3.4402E+29  1.9544E+40  5.9376E+36
  3.3500E-01  2.7490E+40  3.8631E+30  2.7474E+40  1.6400E+37
  3.5480E-01  3.7116E+40  3.5260E+31  3.7076E+40  4.0350E+37
  3.7580E-01  5.0073E+40  2.9145E+32  4.9976E+40  9.7318E+37
  3.9810E-01  6.6831E+40  2.0376E+33  6.6615E+40  2.1584E+38
  4.2170E-01  9.2522E+40  1.3936E+34  9.2013E+40  5.0959E+38
  4.4670E-01  1.2998E+41  8.5258E+34  1.2882E+41  1.1625E+39
  4.7320E-01  1.8237E+41  4.7864E+35  1.7978E+41  2.5908E+39
  5.0120E-01  2.5374E+41  2.4497E+36  2.4814E+41  5.5887E+39
  5.3090E-01  3.5660E+41  1.1909E+37  3.4451E+41  1.2083E+40
  5.6230E-01  4.9769E+41  5.1074E+37  4.7326E+41  2.4377E+40
  5.9570E-01  6.9518E+41  1.9988E+38  6.4787E+41  4.7113E+40
  6.3100E-01  9.8272E+41  7.3124E+38  8.9252E+41  8.9475E+40
  6.6830E-01  1.4068E+42  2.5005E+39  1.2376E+42  1.6667E+41
  7.0790E-01  2.0544E+42  7.9680E+39  1.7441E+42  3.0234E+41
  7.4990E-01  3.0139E+42  2.3234E+40  2.4668E+42  5.2386E+41
  7.9430E-01  4.4754E+42  6.3423E+40  3.5261E+42  8.8584E+41
  8.4140E-01  6.7290E+42  1.6331E+41  5.0986E+42  1.4671E+42
  8.9130E-01  1.0339E+43  4.0603E+41  7.5042E+42  2.4289E+42
  9.4410E-01  1.5872E+43  9.4748E+41  1.1017E+43  3.9077E+42
  1.0000E+00  2.3884E+43  2.0434E+42  1.5836E+43  6.0044E+42
  1.0590E+00  3.5260E+43  4.1074E+42  2.2282E+43  8.8713E+42
  1.1220E+00  5.1182E+43  7.8141E+42  3.0660E+43  1.2708E+43
  1.1890E+00  7.2966E+43  1.4155E+43  4.1072E+43  1.7738E+43
  1.2590E+00  1.0221E+44  2.4527E+43  5.3351E+43  2.4336E+43
  1.3340E+00  1.3953E+44  4.0274E+43  6.6966E+43  3.2288E+43
  1.4130E+00  1.8395E+44  6.2020E+43  8.0758E+43  4.1172E+43
  1.4960E+00  2.3517E+44  9.0530E+43  9.3783E+43  5.0855E+43
  1.5850E+00  2.9324E+44  1.2683E+44  1.0523E+44  6.1178E+43
  1.6790E+00  3.5686E+44  1.7086E+44  1.1391E+44  7.2098E+43
  1.7780E+00  4.2357E+44  2.2156E+44  1.1867E+44  8.3337E+43
  1.8840E+00  4.9072E+44  2.7743E+44  1.1899E+44  9.4301E+43
  1.9950E+00  5.5442E+44  3.3508E+44  1.1472E+44  1.0463E+44
  2.1130E+00  6.1141E+44  3.9119E+44  1.0654E+44  1.1369E+44
  2.2390E+00  6.5836E+44  4.4185E+44  9.5462E+43  1.2105E+44
  2.3710E+00  6.9310E+44  4.8373E+44  8.2753E+43  1.2662E+44
  2.5120E+00  7.1503E+44  5.1520E+44  6.9718E+43  1.3011E+44
  2.6610E+00  7.2398E+44  5.3499E+44  5.7256E+43  1.3174E+44
  2.8180E+00  7.2071E+44  5.4301E+44  4.5966E+43  1.3173E+44
  2.9850E+00  7.0697E+44  5.4056E+44  3.6201E+43  1.3021E+44
  3.1620E+00  6.8431E+44  5.2880E+44  2.8033E+43  1.2748E+44
  3.3500E+00  6.5569E+44  5.1063E+44  2.1423E+43  1.2364E+44
  3.5480E+00  6.2193E+44  4.8655E+44  1.6169E+43  1.1921E+44
  3.7580E+00  5.8522E+44  4.5894E+44  1.2077E+43  1.1421E+44
  3.9810E+00  5.4676E+44  4.2901E+44  8.9379E+42  1.0881E+44
  4.2170E+00  5.0778E+44  3.9800E+44  6.5634E+42  1.0321E+44
  4.4670E+00  4.6916E+44  3.6685E+44  4.7860E+42  9.7521E+43
  4.7320E+00  4.3164E+44  3.3637E+44  3.4664E+42  9.1798E+43
  5.0120E+00  3.9597E+44  3.0713E+44  2.4981E+42  8.6341E+43
  5.3090E+00  3.5940E+44  2.7927E+44  1.7782E+42  7.8357E+43
  5.6230E+00  3.2482E+44  2.5318E+44  1.2568E+42  7.0384E+43
  5.9570E+00  2.9256E+44  2.2911E+44  8.8258E+41  6.2567E+43
  6.3100E+00  2.6176E+44  2.0596E+44  6.1372E+41  5.5189E+43
  6.6830E+00  2.3537E+44  1.8666E+44  4.2705E+41  4.8289E+43
  7.0790E+00  2.1036E+44  1.6811E+44  2.9325E+41  4.1957E+43
  7.4990E+00  1.8901E+44  1.5302E+44  1.9999E+41  3.5789E+43
  7.9430E+00  1.7592E+44  1.4717E+44  1.4166E+41  2.8607E+43
  8.4140E+00  1.6723E+44  1.4606E+44  1.0876E+41  2.1060E+43
  8.9130E+00  1.5534E+44  1.3988E+44  8.6726E+40  1.5377E+43
  9.4410E+00  1.4200E+44  1.3069E+44  7.5302E+40  1.1232E+43
  1.0000E+01  1.2979E+44  1.1968E+44  5.9059E+40  1.0047E+43
  1.0590E+01  1.1690E+44  1.0762E+44  4.4417E+40  9.2272E+42
  1.1220E+01  1.0297E+44  9.4413E+43  3.0429E+40  8.5220E+42
  1.1890E+01  8.8839E+43  8.1197E+43  2.0396E+40  7.6219E+42
  1.2590E+01  7.6412E+43  6.9679E+43  1.3299E+40  6.7199E+42
  1.3340E+01  6.5494E+43  5.9685E+43  8.4962E+39  5.8008E+42
  1.4130E+01  5.7218E+43  5.2322E+43  5.4267E+39  4.8901E+42
  1.4960E+01  5.2809E+43  4.8831E+43  3.7648E+39  3.9736E+42
  1.5850E+01  4.9703E+43  4.6520E+43  2.7753E+39  3.1800E+42
  1.6790E+01  4.7149E+43  4.4613E+43  2.1417E+39  2.5339E+42
  1.7780E+01  4.4372E+43  4.2337E+43  1.6897E+39  2.0339E+42
  1.8840E+01  4.0774E+43  3.9117E+43  1.3093E+39  1.6560E+42
  1.9950E+01  3.6464E+43  3.5089E+43  9.6294E+38  1.3745E+42
  2.1130E+01  3.2319E+43  3.1178E+43  6.8118E+38  1.1406E+42
  2.2390E+01  2.8620E+43  2.7680E+43  4.7975E+38  9.3995E+41
  2.3710E+01  2.5318E+43  2.4544E+43  3.3616E+38  7.7337E+41
  2.5120E+01  2.2263E+43  2.1630E+43  2.3478E+38  6.3303E+41
  2.6610E+01  1.9434E+43  1.8917E+43  1.6251E+38  5.1717E+41
  2.8180E+01  1.6824E+43  1.6401E+43  1.1191E+38  4.2199E+41
  2.9850E+01  1.4392E+43  1.4049E+43  7.6375E+37  3.4339E+41
  3.1620E+01  1.2149E+43  1.1870E+43  5.1475E+37  2.7899E+41
  3.3500E+01  1.0106E+43  9.8799E+42  3.4239E+37  2.2627E+41
  3.5480E+01  8.2920E+42  8.1085E+42  2.2494E+37  1.8351E+41
  3.7580E+01  6.7019E+42  6.5532E+42  1.4569E+37  1.4866E+41
  3.9810E+01  5.3312E+42  5.2109E+42  9.2979E+36  1.2029E+41
  4.2170E+01  4.1843E+42  4.0871E+42  5.8537E+36  9.7275E+40
  4.4670E+01  3.2445E+42  3.1659E+42  3.6356E+36  7.8593E+40
  4.7320E+01  2.4894E+42  2.4260E+42  2.2320E+36  6.3427E+40
  5.0120E+01  1.8932E+42  1.8421E+42  1.3569E+36  5.1166E+40
  5.3090E+01  1.4276E+42  1.3864E+42  8.1723E+35  4.1222E+40
  5.6230E+01  1.0695E+42  1.0363E+42  4.8861E+35  3.3191E+40
  5.9570E+01  7.9575E+41  7.6907E+41  2.8992E+35  2.6675E+40
  6.3100E+01  5.8943E+41  5.6800E+41  1.7118E+35  2.1431E+40
  6.6830E+01  4.3501E+41  4.1780E+41  1.0066E+35  1.7211E+40
  7.0790E+01  3.1990E+41  3.0610E+41  5.8964E+34  1.3805E+40
  7.4990E+01  2.3452E+41  2.2346E+41  3.4428E+34  1.1061E+40
  7.9430E+01  1.7161E+41  1.6275E+41  2.0067E+34  8.8606E+39
  8.4140E+01  1.2534E+41  1.1825E+41  1.1671E+34  7.0912E+39
  8.9130E+01  9.1478E+40  8.5806E+40  6.7846E+33  5.6713E+39
  9.4410E+01  6.6727E+40  6.2192E+40  3.9425E+33  4.5347E+39
  1.0000E+02  4.8646E+40  4.5022E+40  2.2901E+33  3.6245E+39
  1.0590E+02  3.5499E+40  3.2601E+40  1.3322E+33  2.8978E+39
  1.1220E+02  2.5904E+40  2.3593E+40  7.7474E+32  2.3117E+39
  1.1890E+02  1.8951E+40  1.7109E+40  4.5181E+32  1.8419E+39
  1.2590E+02  1.3976E+40  1.2504E+40  2.6566E+32  1.4716E+39
  1.3340E+02  1.0349E+40  9.1766E+39  1.5706E+32  1.1723E+39
  1.4130E+02  7.6199E+39  6.6850E+39  9.2734E+31  9.3488E+38
  1.4960E+02  5.5121E+39  4.7653E+39  5.3846E+31  7.4677E+38
  1.5850E+02  3.9667E+39  3.3720E+39  3.1049E+31  5.9470E+38
  1.7780E+02  2.0876E+39  1.7097E+39  1.0485E+31  3.7787E+38
  1.9950E+02  1.1114E+39  8.7170E+38  3.5888E+30  2.3966E+38
  2.2390E+02  5.9648E+38  4.4471E+38  1.2418E+30  1.5177E+38
  2.5120E+02  3.2325E+38  2.2707E+38  4.3489E+29  9.6182E+37
  2.8180E+02  1.7682E+38  1.1587E+38  1.5404E+29  6.0946E+37
  3.1620E+02  9.7590E+37  5.9022E+37  5.5131E+28  3.8568E+37
  3.5480E+02  5.4433E+37  3.0036E+37  1.9950E+28  2.4396E+37
  3.9810E+02  3.0700E+37  1.5271E+37  7.3024E+27  1.5429E+37
  4.4670E+02  1.7510E+37  7.7556E+36  2.7014E+27  9.7540E+36
  5.0120E+02  1.0103E+37  3.9363E+36  1.0097E+27  6.1663E+36
  5.6230E+02  5.8958E+36  1.9971E+36  3.8097E+26  3.8988E+36
  6.3100E+02  3.4736E+36  1.0114E+36  1.4484E+26  2.4621E+36
  7.0790E+02  2.0688E+36  5.1244E+35  5.5541E+25  1.5564E+36
  7.9430E+02  1.2423E+36  2.5925E+35  2.1420E+25  9.8305E+35
  8.9130E+02  7.5170E+35  1.3103E+35  8.3044E+24  6.2067E+35
  1.0000E+03  4.5830E+35  6.6213E+34  3.2372E+24  3.9208E+35
