  1.0000E-03  4.1369E+44  0.0000E+00  8.4416E+41  4.1285E+44
  1.1220E-03  3.8396E+44  0.0000E+00  1.0787E+42  3.8288E+44
  1.2590E-03  3.5220E+44  0.0000E+00  1.3205E+42  3.5088E+44
  1.4130E-03  3.2033E+44  0.0000E+00  1.5582E+42  3.1877E+44
  1.5850E-03  3.0057E+44  0.0000E+00  1.7918E+42  2.9878E+44
  1.7780E-03  3.1735E+44  0.0000E+00  2.2765E+42  3.1508E+44
  1.9950E-03  2.5139E+44  0.0000E+00  2.8104E+42  2.4858E+44
  2.2390E-03  2.1617E+44  0.0000E+00  3.0949E+42  2.1307E+44
  2.5120E-03  2.1650E+44  0.0000E+00  4.2054E+42  2.1230E+44
  2.8180E-03  1.4936E+44  0.0000E+00  5.1634E+42  1.4419E+44
  3.1620E-03  1.0912E+44  0.0000E+00  5.9816E+42  1.0314E+44
  3.5480E-03  8.2463E+43  0.0000E+00  6.7229E+42  7.5740E+43
  3.9810E-03  6.5201E+43  0.0000E+00  7.3718E+42  5.7829E+43
  4.4670E-03  3.0894E+44  0.0000E+00  9.7461E+42  2.9919E+44
  5.0120E-03  2.0780E+44  0.0000E+00  1.2357E+43  1.9544E+44
  5.6230E-03  1.4328E+44  0.0000E+00  1.5024E+43  1.2825E+44
  5.9570E-03  1.2148E+44  0.0000E+00  1.6341E+43  1.0514E+44
  6.6830E-03  9.3451E+43  0.0000E+00  1.8876E+43  7.4575E+43
  7.4990E-03  7.9638E+43  0.0000E+00  2.1474E+43  5.8164E+43
  8.4140E-03  6.6678E+43  0.0000E+00  2.4279E+43  4.2399E+43
  9.4410E-03  6.0441E+43  0.0000E+00  2.6826E+43  3.3615E+43
  1.0590E-02  6.0334E+43  0.0000E+00  2.8284E+43  3.2049E+43
  1.1890E-02  5.7229E+43  0.0000E+00  3.2907E+43  2.4322E+43
  1.3340E-02  5.6230E+43  0.0000E+00  3.5915E+43  2.0316E+43
  1.4960E-02  5.5541E+43  0.0000E+00  3.9845E+43  1.5696E+43
  1.6790E-02  5.6088E+43  0.0000E+00  4.3541E+43  1.2547E+43
  1.8840E-02  5.7455E+43  0.0000E+00  4.6989E+43  1.0466E+43
  2.1130E-02  6.0197E+43  0.0000E+00  5.1790E+43  8.4067E+42
  2.3710E-02  6.3213E+43  0.0000E+00  5.6548E+43  6.6649E+42
  2.6610E-02  6.6572E+43  0.0000E+00  6.1450E+43  5.1217E+42
  2.9850E-02  7.0274E+43  9.6818E-87  6.6317E+43  3.9569E+42
  3.3500E-02  7.4221E+43  4.3985E-72  7.1182E+43  3.0395E+42
  3.7580E-02  8.0858E+43  5.0250E-59  7.7776E+43  3.0817E+42
  4.2170E-02  9.3983E+43  1.5442E-47  9.1626E+43  2.3561E+42
  4.7320E-02  9.7715E+43  1.8227E-37  9.6641E+43  1.0738E+42
  5.3090E-02  9.3129E+43  1.2537E-28  9.2748E+43  3.8081E+41
  6.6830E-02  6.4583E+43  1.0267E-14  6.4578E+43  5.1528E+39
  7.4990E-02  4.5732E+43  3.1629E-09  4.5732E+43  3.3300E+38
  8.4140E-02  4.7801E+43  2.9969E-03  4.7801E+43  6.3792E+38
  9.4410E-02  5.0412E+43  5.4444E+02  5.0411E+43  9.9442E+38
  1.0590E-01  6.0022E+43  8.1897E+07  6.0016E+43  6.0268E+39
  1.1890E-01  6.2978E+43  4.0394E+12  6.2934E+43  4.3578E+40
  1.3340E-01  6.2165E+43  3.1655E+16  6.1991E+43  1.7445E+41
  1.4960E-01  5.5515E+43  8.7297E+19  5.5114E+43  4.0106E+41
  1.5850E-01  5.1778E+43  3.0395E+21  5.1335E+43  4.4219E+41
  1.7780E-01  4.3897E+43  1.2341E+24  4.3621E+43  2.7551E+41
  1.9950E-01  2.9912E+43  7.6001E+25  2.9873E+43  3.8438E+40
  2.2390E-01  2.1861E+43  3.7035E+27  2.1850E+43  1.0908E+40
  2.3710E-01  2.3717E+43  8.1262E+28  2.3679E+43  3.8286E+40
  2.5120E-01  2.4797E+43  1.6146E+30  2.4655E+43  1.4219E+41
  2.6610E-01  2.4319E+43  2.0251E+31  2.3982E+43  3.3676E+41
  2.8180E-01  2.3100E+43  1.8522E+32  2.2486E+43  6.1392E+41
  2.9850E-01  2.1810E+43  1.3595E+33  2.0841E+43  9.6874E+41
  3.1620E-01  2.0733E+43  8.5464E+33  1.9288E+43  1.4458E+42
  3.3500E-01  1.9853E+43  4.7395E+34  1.7781E+43  2.0724E+42
  3.5480E-01  1.9152E+43  2.3111E+35  1.6315E+43  2.8373E+42
  3.7580E-01  1.8750E+43  1.0387E+36  1.4890E+43  3.8599E+42
  3.9810E-01  1.8667E+43  4.1665E+36  1.3596E+43  5.0709E+42
  4.2170E-01  1.9190E+43  1.5773E+37  1.2346E+43  6.8436E+42
  4.4670E-01  2.0326E+43  5.4648E+37  1.1222E+43  9.1035E+42
  4.7320E-01  2.2156E+43  1.7675E+38  1.0158E+43  1.1998E+43
  5.0120E-01  2.4763E+43  5.3314E+38  9.1538E+42  1.5608E+43
  5.3090E-01  2.8536E+43  1.5293E+39  8.1951E+42  2.0340E+43
  5.6230E-01  3.3096E+43  4.0455E+39  7.3379E+42  2.5754E+43
  5.9570E-01  3.8597E+43  1.0044E+40  6.5539E+42  3.2033E+43
  6.3100E-01  4.5419E+43  2.3611E+40  5.8294E+42  3.9566E+43
  6.6830E-01  5.3709E+43  5.2618E+40  5.1581E+42  4.8498E+43
  7.0790E-01  6.3434E+43  1.1121E+41  4.5532E+42  5.8769E+43
  7.4990E-01  7.4081E+43  2.2161E+41  4.0126E+42  6.9846E+43
  7.9430E-01  8.6088E+43  4.2029E+41  3.5216E+42  8.2146E+43
  8.4140E-01  9.9605E+43  7.6331E+41  3.0750E+42  9.5767E+43
  8.9130E-01  1.1559E+44  1.3413E+42  2.6636E+42  1.1158E+44
  9.4410E-01  1.3305E+44  2.2585E+42  2.2949E+42  1.2850E+44
  1.0000E+00  1.5083E+44  3.6288E+42  1.9702E+42  1.4523E+44
  1.0590E+00  1.6878E+44  5.5855E+42  1.6875E+42  1.6151E+44
  1.1220E+00  1.8698E+44  8.3185E+42  1.4384E+42  1.7722E+44
  1.1890E+00  2.0557E+44  1.2026E+43  1.2178E+42  1.9233E+44
  1.2590E+00  2.2523E+44  1.6865E+43  1.0220E+42  2.0735E+44
  1.3340E+00  2.4421E+44  2.2977E+43  8.5336E+41  2.2038E+44
  1.4130E+00  2.6154E+44  3.0228E+43  7.1283E+41  2.3060E+44
  1.4960E+00  2.7752E+44  3.8613E+43  5.9473E+41  2.3831E+44
  1.5850E+00  2.9233E+44  4.8319E+43  4.9374E+41  2.4351E+44
  1.6790E+00  3.0631E+44  5.9102E+43  4.0717E+41  2.4680E+44
  1.7780E+00  3.1926E+44  7.0666E+43  3.3280E+41  2.4826E+44
  1.8840E+00  3.3070E+44  8.2968E+43  2.6919E+41  2.4747E+44
  1.9950E+00  3.4048E+44  9.5378E+43  2.1552E+41  2.4489E+44
  2.1130E+00  3.4808E+44  1.0765E+44  1.7078E+41  2.4027E+44
  2.2390E+00  3.5318E+44  1.1930E+44  1.3401E+41  2.3375E+44
  2.3710E+00  3.5576E+44  1.2972E+44  1.0425E+41  2.2593E+44
  2.5120E+00  3.5569E+44  1.3886E+44  8.0515E+40  2.1675E+44
  2.6610E+00  3.5310E+44  1.4629E+44  6.1792E+40  2.0675E+44
  2.8180E+00  3.4802E+44  1.5170E+44  4.7131E+40  1.9628E+44
  2.9850E+00  3.4071E+44  1.5522E+44  3.5759E+40  1.8545E+44
  3.1620E+00  3.3133E+44  1.5675E+44  2.6993E+40  1.7455E+44
  3.3500E+00  3.2056E+44  1.5688E+44  2.0313E+40  1.6366E+44
  3.5480E+00  3.0813E+44  1.5498E+44  1.5210E+40  1.5314E+44
  3.7580E+00  2.9465E+44  1.5172E+44  1.1345E+40  1.4292E+44
  3.9810E+00  2.8039E+44  1.4731E+44  8.4328E+39  1.3307E+44
  4.2170E+00  2.6559E+44  1.4189E+44  6.2470E+39  1.2369E+44
  4.4670E+00  2.5050E+44  1.3570E+44  4.6125E+39  1.1480E+44
  4.7320E+00  2.3555E+44  1.2916E+44  3.3959E+39  1.0638E+44
  5.0120E+00  2.2118E+44  1.2248E+44  2.4978E+39  9.8695E+43
  5.3090E+00  2.0428E+44  1.1577E+44  1.8075E+39  8.8507E+43
  5.6230E+00  1.8797E+44  1.0928E+44  1.3021E+39  7.8690E+43
  5.9570E+00  1.7255E+44  1.0321E+44  9.3507E+38  6.9346E+43
  6.3100E+00  1.5736E+44  9.6674E+43  6.6587E+38  6.0689E+43
  6.6830E+00  1.4418E+44  9.1420E+43  4.7500E+38  5.2756E+43
  7.0790E+00  1.3133E+44  8.5766E+43  3.3473E+38  4.5564E+43
  7.4990E+00  1.2419E+44  8.5271E+43  2.4302E+38  3.8921E+43
  7.9430E+00  1.3904E+44  1.0679E+44  2.1419E+38  3.2251E+43
  8.4140E+00  1.7245E+44  1.4672E+44  2.2989E+38  2.5730E+43
  8.9130E+00  1.9587E+44  1.7546E+44  2.4187E+38  2.0405E+43
  9.4410E+00  2.0966E+44  1.9351E+44  2.6576E+38  1.6150E+43
  1.0000E+01  1.8416E+44  1.7025E+44  1.9731E+38  1.3909E+43
  1.0590E+01  1.5491E+44  1.4281E+44  1.3455E+38  1.2096E+43
  1.1220E+01  1.2512E+44  1.1460E+44  8.1487E+37  1.0516E+43
  1.1890E+01  1.0175E+44  9.2748E+43  5.0083E+37  8.9987E+42
  1.2590E+01  8.3061E+43  7.5408E+43  3.0257E+37  7.6529E+42
  1.3340E+01  6.8860E+43  6.2428E+43  1.8307E+37  6.4324E+42
  1.4130E+01  6.0279E+43  5.4931E+43  1.1544E+37  5.3482E+42
  1.4960E+01  5.9322E+43  5.4946E+43  8.5524E+36  4.3758E+42
  1.5850E+01  6.0340E+43  5.6792E+43  6.8548E+36  3.5479E+42
  1.6790E+01  6.1765E+43  5.8896E+43  5.7452E+36  2.8690E+42
  1.7780E+01  6.1923E+43  5.9597E+43  4.8314E+36  2.3265E+42
  1.8840E+01  5.9572E+43  5.7678E+43  3.8719E+36  1.8939E+42
  1.9950E+01  5.4950E+43  5.3395E+43  2.8628E+36  1.5551E+42
  2.1130E+01  5.0280E+43  4.9004E+43  2.0302E+36  1.2752E+42
  2.2390E+01  4.6252E+43  4.5211E+43  1.4435E+36  1.0408E+42
  2.3710E+01  4.2641E+43  4.1792E+43  1.0256E+36  8.4941E+41
  2.5120E+01  3.9219E+43  3.8529E+43  7.2984E+35  6.9050E+41
  2.6610E+01  3.5856E+43  3.5296E+43  5.1601E+35  5.6065E+41
  2.8180E+01  3.2539E+43  3.2084E+43  3.6391E+35  4.5499E+41
  2.9850E+01  2.9204E+43  2.8835E+43  2.5490E+35  3.6842E+41
  3.1620E+01  2.5857E+43  2.5559E+43  1.7651E+35  2.9792E+41
  3.3500E+01  2.2554E+43  2.2314E+43  1.2073E+35  2.4053E+41
  3.5480E+01  1.9387E+43  1.9193E+43  8.1597E+34  1.9423E+41
  3.7580E+01  1.6396E+43  1.6240E+43  5.4357E+34  1.5668E+41
  3.9810E+01  1.3624E+43  1.3498E+43  3.5645E+34  1.2623E+41
  4.2170E+01  1.1148E+43  1.1046E+43  2.3034E+34  1.0164E+41
  4.4670E+01  8.9932E+42  8.9114E+42  1.4668E+34  8.1785E+40
  4.7320E+01  7.1642E+42  7.0985E+42  9.2224E+33  6.5745E+40
  5.0120E+01  5.6447E+42  5.5918E+42  5.7347E+33  5.2842E+40
  5.3090E+01  4.4011E+42  4.3587E+42  3.5291E+33  4.2427E+40
  5.6230E+01  3.4022E+42  3.3682E+42  2.1532E+33  3.4056E+40
  5.9570E+01  2.6068E+42  2.5795E+42  1.3022E+33  2.7293E+40
  6.3100E+01  1.9844E+42  1.9625E+42  7.8254E+32  2.1871E+40
  6.6830E+01  1.5019E+42  1.4844E+42  4.6769E+32  1.7525E+40
  7.0790E+01  1.1305E+42  1.1165E+42  2.7806E+32  1.4027E+40
  7.4990E+01  8.4668E+41  8.3547E+41  1.6454E+32  1.1219E+40
  7.9430E+01  6.3172E+41  6.2275E+41  9.7051E+31  8.9724E+39
  8.4140E+01  4.6958E+41  4.6241E+41  5.7038E+31  7.1704E+39
  8.9130E+01  3.4815E+41  3.4243E+41  3.3453E+31  5.7275E+39
  9.4410E+01  2.5749E+41  2.5292E+41  1.9581E+31  4.5744E+39
  1.0000E+02  1.8999E+41  1.8634E+41  1.1439E+31  3.6527E+39
  1.0590E+02  1.4006E+41  1.3714E+41  6.6802E+30  2.9178E+39
  1.1220E+02  1.0307E+41  1.0074E+41  3.8944E+30  2.3259E+39
  1.1890E+02  7.5894E+40  7.4042E+40  2.2727E+30  1.8520E+39
  1.2590E+02  5.6197E+40  5.4718E+40  1.3345E+30  1.4788E+39
  1.3340E+02  4.1700E+40  4.0522E+40  7.8660E+29  1.1775E+39
  1.4130E+02  3.0749E+40  2.9810E+40  4.6262E+29  9.3860E+38
  1.4960E+02  2.2284E+40  2.1535E+40  2.6737E+29  7.4940E+38
  1.5850E+02  1.6038E+40  1.5441E+40  1.5314E+29  5.9654E+38
  1.7780E+02  8.3782E+39  7.9994E+39  5.0663E+28  3.7879E+38
  1.9950E+02  4.3900E+39  4.1499E+39  1.6853E+28  2.4012E+38
  2.2390E+02  2.3005E+39  2.1485E+39  5.6252E+27  1.5200E+38
  2.5120E+02  1.2073E+39  1.1110E+39  1.8864E+27  9.6296E+37
  2.8180E+02  6.3421E+38  5.7320E+38  6.3548E+26  6.1003E+37
  3.1620E+02  3.3337E+38  2.9478E+38  2.1503E+26  3.8597E+37
  3.5480E+02  1.7568E+38  1.5127E+38  7.3209E+25  2.4411E+37
  3.9810E+02  9.2908E+37  7.7471E+37  2.5121E+25  1.5437E+37
  4.4670E+02  4.9353E+37  3.9596E+37  8.6932E+24  9.7577E+36
  5.0120E+02  2.6376E+37  2.0208E+37  3.0383E+24  6.1682E+36
  5.6230E+02  1.4201E+37  1.0302E+37  1.0731E+24  3.8997E+36
  6.3100E+02  7.7019E+36  5.2393E+36  3.8294E+23  2.4626E+36
  7.0790E+02  4.2207E+36  2.6641E+36  1.3835E+23  1.5566E+36
  7.9430E+02  2.3352E+36  1.3520E+36  5.0504E+22  9.8317E+35
  8.9130E+02  1.3059E+36  6.8520E+35  1.8633E+22  6.2073E+35
  1.0000E+03  7.3920E+35  3.4709E+35  6.9507E+21  3.9211E+35
