  1.0000E-03  1.5658E+44  0.0000E+00  1.1920E+43  1.4466E+44
  1.1220E-03  1.1360E+44  0.0000E+00  1.0847E+43  1.0276E+44
  1.2590E-03  8.0218E+43  0.0000E+00  9.4337E+42  7.0784E+43
  1.4130E-03  5.5547E+43  0.0000E+00  7.9209E+42  4.7626E+43
  1.5850E-03  4.1275E+43  0.0000E+00  6.9030E+42  3.4372E+43
  1.7780E-03  4.0779E+43  0.0000E+00  8.2296E+42  3.2549E+43
  1.9950E-03  2.1857E+43  0.0000E+00  6.3099E+42  1.5547E+43
  2.2390E-03  1.3794E+43  0.0000E+00  4.8095E+42  8.9843E+42
  2.5120E-03  1.3397E+43  0.0000E+00  6.0250E+42  7.3719E+42
  2.8180E-03  6.7050E+42  0.0000E+00  4.2447E+42  2.4603E+42
  3.1620E-03  3.9821E+42  0.0000E+00  3.0540E+42  9.2805E+41
  3.5480E-03  2.5978E+42  0.0000E+00  2.2246E+42  3.7318E+41
  3.9810E-03  1.8208E+42  0.0000E+00  1.6558E+42  1.6506E+41
  4.4670E-03  2.1229E+43  0.0000E+00  1.2320E+43  8.9093E+42
  5.0120E-03  1.1784E+43  0.0000E+00  9.1375E+42  2.6467E+42
  5.6230E-03  7.5548E+42  0.0000E+00  6.7618E+42  7.9297E+41
  5.9570E-03  6.2939E+42  0.0000E+00  5.8474E+42  4.4649E+41
  6.6830E-03  4.6789E+42  0.0000E+00  4.5173E+42  1.6162E+41
  7.4990E-03  3.8447E+42  0.0000E+00  3.7713E+42  7.3342E+40
  8.4140E-03  3.0045E+42  0.0000E+00  2.9760E+42  2.8500E+40
  9.4410E-03  2.4540E+42  0.0000E+00  2.4405E+42  1.3528E+40
  1.0590E-02  2.1476E+42  0.0000E+00  2.1376E+42  9.9199E+39
  1.1890E-02  1.8973E+42  0.0000E+00  1.8931E+42  4.2551E+39
  1.3340E-02  1.6117E+42  0.0000E+00  1.6094E+42  2.2888E+39
  1.4960E-02  1.3433E+42  0.0000E+00  1.3423E+42  1.0252E+39
  1.6790E-02  1.1208E+42  0.0000E+00  1.1203E+42  4.9676E+38
  1.8840E-02  9.4605E+41  0.0000E+00  9.4578E+41  2.6602E+38
  2.1130E-02  8.1632E+41  0.0000E+00  8.1619E+41  1.3039E+38
  2.3710E-02  6.8860E+41  0.0000E+00  6.8853E+41  6.1890E+37
  2.6610E-02  5.6694E+41  0.0000E+00  5.6691E+41  2.7234E+37
  2.9850E-02  4.6532E+41  0.0000E+00  4.6531E+41  1.2113E+37
  3.3500E-02  3.7824E+41  3.0626E-77  3.7824E+41  5.3017E+36
  3.7580E-02  3.7679E+41  3.0125E-64  3.7679E+41  4.6628E+36
  4.2170E-02  3.7937E+41  5.0190E-53  3.7937E+41  2.0177E+36
  4.7320E-02  2.2966E+41  1.3765E-43  2.2966E+41  2.3850E+35
  5.3090E-02  1.1680E+41  1.6664E-35  1.1680E+41  1.6916E+34
  6.6830E-02  8.9196E+39  1.5884E-24  8.9196E+39  4.3363E+29
  7.4990E-02  1.5812E+39  6.1243E-21  1.5812E+39  4.8288E+26
  8.4140E-02  2.2460E+39  1.7904E-14  2.2460E+39  2.6072E+27
  9.4410E-02  3.0481E+39  7.1720E-09  3.0481E+39  8.4435E+27
  1.0590E-01  1.0160E+40  2.4553E-02  1.0160E+40  9.2085E+29
  1.1890E-01  3.2636E+40  4.3231E+04  3.2636E+40  1.7464E+32
  1.3340E-01  7.7008E+40  4.6195E+09  7.7008E+40  7.5214E+33
  1.4960E-01  1.1609E+41  6.9019E+13  1.1609E+41  8.1738E+34
  1.5850E-01  1.2018E+41  3.2395E+15  1.2018E+41  1.1897E+35
  1.7780E-01  8.9845E+40  7.2683E+17  8.9845E+40  4.3536E+34
  1.9950E-01  2.1141E+40  2.0679E+18  2.1141E+40  3.6099E+32
  2.2390E-01  8.5489E+39  1.5058E+19  8.5489E+39  1.7885E+31
  2.3710E-01  2.0864E+40  2.8558E+21  2.0864E+40  4.5728E+32
  2.5120E-01  4.9604E+40  5.3792E+23  4.9604E+40  1.3478E+34
  2.6610E-01  8.4304E+40  3.0772E+25  8.4304E+40  1.2945E+35
  2.8180E-01  1.1795E+41  8.3568E+26  1.1795E+41  6.4514E+35
  2.9850E-01  1.5124E+41  1.4437E+28  1.5124E+41  2.2470E+36
  3.1620E-01  1.8989E+41  1.9503E+29  1.8988E+41  6.8110E+36
  3.3500E-01  2.3356E+41  2.1763E+30  2.3354E+41  1.8674E+37
  3.5480E-01  2.7887E+41  1.9813E+31  2.7882E+41  4.5656E+37
  3.7580E-01  3.3142E+41  1.6381E+32  3.3131E+41  1.0950E+38
  3.9810E-01  3.8853E+41  1.1471E+33  3.8829E+41  2.4157E+38
  4.2170E-01  4.6394E+41  7.8705E+33  4.6337E+41  5.6739E+38
  4.4670E-01  5.5496E+41  4.8366E+34  5.5368E+41  1.2877E+39
  4.7320E-01  6.6109E+41  2.7319E+35  6.5824E+41  2.8558E+39
  5.0120E-01  7.8155E+41  1.4084E+36  7.7542E+41  6.1316E+39
  5.3090E-01  9.2692E+41  6.9044E+36  9.1371E+41  1.3199E+40
  5.6230E-01  1.0888E+42  2.9880E+37  1.0622E+42  2.6516E+40
  5.9570E-01  1.2748E+42  1.1810E+38  1.2237E+42  5.1042E+40
  6.3100E-01  1.5025E+42  4.3666E+38  1.4055E+42  9.6560E+40
  6.6830E-01  1.7887E+42  1.5104E+39  1.6080E+42  1.7920E+41
  7.0790E-01  2.1666E+42  4.8718E+39  1.8379E+42  3.2384E+41
  7.4990E-01  2.6591E+42  1.4391E+40  2.0856E+42  5.5902E+41
  7.9430E-01  3.3459E+42  3.9822E+40  2.3644E+42  9.4170E+41
  8.4140E-01  4.3428E+42  1.0405E+41  2.6850E+42  1.5537E+42
  8.9130E-01  5.9035E+42  2.6270E+41  3.0786E+42  2.5622E+42
  9.4410E-01  8.2699E+42  6.2326E+41  3.5401E+42  4.1065E+42
  1.0000E+00  1.1715E+43  1.3685E+42  4.0585E+42  6.2876E+42
  1.0590E+00  1.6716E+43  2.8037E+42  4.6545E+42  9.2578E+42
  1.1220E+00  2.4006E+43  5.4437E+42  5.3453E+42  1.3217E+43
  1.1890E+00  3.4600E+43  1.0077E+43  6.1365E+42  1.8387E+43
  1.2590E+00  5.0019E+43  1.7853E+43  7.0239E+42  2.5142E+43
  1.3340E+00  7.1251E+43  3.0022E+43  7.9766E+42  3.3252E+43
  1.4130E+00  9.8624E+43  4.7407E+43  8.9355E+42  4.2282E+43
  1.4960E+00  1.3297E+44  7.1027E+43  9.8582E+42  5.2090E+43
  1.5850E+00  1.7550E+44  1.0228E+44  1.0707E+43  6.2512E+43
  1.6790E+00  2.2663E+44  1.4173E+44  1.1400E+43  7.3503E+43
  1.7780E+00  2.8577E+44  1.8914E+44  1.1845E+43  8.4781E+43
  1.8840E+00  3.5168E+44  2.4395E+44  1.1982E+43  9.5746E+43
  1.9950E+00  4.2130E+44  3.0350E+44  1.1758E+43  1.0604E+44
  2.1130E+00  4.9130E+44  3.6508E+44  1.1189E+43  1.1503E+44
  2.2390E+00  5.5754E+44  4.2492E+44  1.0322E+43  1.2230E+44
  2.3710E+00  6.1602E+44  4.7901E+44  9.2339E+42  1.2777E+44
  2.5120E+00  6.6432E+44  5.2513E+44  8.0393E+42  1.3115E+44
  2.6610E+00  7.0021E+44  5.6072E+44  6.8230E+42  1.3267E+44
  2.8180E+00  7.2266E+44  5.8446E+44  5.6561E+42  1.3255E+44
  2.9850E+00  7.3223E+44  5.9672E+44  4.5940E+42  1.3092E+44
  3.1620E+00  7.2951E+44  5.9776E+44  3.6628E+42  1.2809E+44
  3.3500E+00  7.1713E+44  5.9009E+44  2.8768E+42  1.2416E+44
  3.5480E+00  6.9541E+44  5.7353E+44  2.2263E+42  1.1966E+44
  3.7580E+00  6.6697E+44  5.5068E+44  1.7012E+42  1.1459E+44
  3.9810E+00  6.3331E+44  5.2289E+44  1.2853E+42  1.0913E+44
  4.2170E+00  5.9599E+44  4.9154E+44  9.6119E+41  1.0348E+44
  4.4670E+00  5.5639E+44  4.5793E+44  7.1208E+41  9.7749E+43
  4.7320E+00  5.1582E+44  4.2330E+44  5.2279E+41  9.1990E+43
  5.0120E+00  4.7549E+44  3.8861E+44  3.8096E+41  8.6501E+43
  5.3090E+00  4.3303E+44  3.5427E+44  2.7393E+41  7.8487E+43
  5.6230E+00  3.9177E+44  3.2108E+44  1.9520E+41  7.0489E+43
  5.9570E+00  3.5237E+44  2.8958E+44  1.3796E+41  6.2650E+43
  6.3100E+00  3.1388E+44  2.5853E+44  9.6317E+40  5.5254E+43
  6.6830E+00  2.8020E+44  2.3179E+44  6.7139E+40  4.8340E+43
  7.0790E+00  2.4782E+44  2.0578E+44  4.6071E+40  4.1997E+43
  7.4990E+00  2.2176E+44  1.8591E+44  3.1549E+40  3.5819E+43
  7.9430E+00  2.1366E+44  1.8501E+44  2.3073E+40  2.8626E+43
  8.4140E+00  2.1512E+44  1.9403E+44  1.8513E+40  2.1069E+43
  8.9130E+00  2.0671E+44  1.9131E+44  1.5139E+40  1.5380E+43
  9.4410E+00  1.9245E+44  1.8121E+44  1.3342E+40  1.1232E+43
  1.0000E+01  1.7141E+44  1.6135E+44  1.0317E+40  1.0047E+43
  1.0590E+01  1.4888E+44  1.3964E+44  7.6114E+39  9.2278E+42
  1.1220E+01  1.2473E+44  1.1620E+44  5.0783E+39  8.5232E+42
  1.1890E+01  1.0244E+44  9.4816E+43  3.3157E+39  7.6234E+42
  1.2590E+01  8.3192E+43  7.6469E+43  2.0919E+39  6.7215E+42
  1.3340E+01  6.7176E+43  6.1372E+43  1.2890E+39  5.8023E+42
  1.4130E+01  5.5883E+43  5.0991E+43  7.9874E+38  4.8914E+42
  1.4960E+01  5.0871E+43  4.6896E+43  5.5052E+38  3.9746E+42
  1.5850E+01  4.7516E+43  4.4335E+43  4.0449E+38  3.1807E+42
  1.6790E+01  4.4571E+43  4.2036E+43  3.0993E+38  2.5343E+42
  1.7780E+01  4.0979E+43  3.8945E+43  2.4062E+38  2.0342E+42
  1.8840E+01  3.6171E+43  3.4515E+43  1.8139E+38  1.6563E+42
  1.9950E+01  3.0612E+43  2.9237E+43  1.2851E+38  1.3748E+42
  2.1130E+01  2.5553E+43  2.4412E+43  8.7209E+37  1.1409E+42
  2.2390E+01  2.1326E+43  2.0386E+43  5.8888E+37  9.4023E+41
  2.3710E+01  1.7810E+43  1.7036E+43  3.9574E+37  7.7363E+41
  2.5120E+01  1.4821E+43  1.4188E+43  2.6538E+37  6.3326E+41
  2.6610E+01  1.2279E+43  1.1761E+43  1.7663E+37  5.1737E+41
  2.8180E+01  1.0128E+43  9.7060E+42  1.1727E+37  4.2217E+41
  2.9850E+01  8.2890E+42  7.9455E+42  7.7377E+36  3.4354E+41
  3.1620E+01  6.7206E+42  6.4415E+42  5.0565E+36  2.7912E+41
  3.3500E+01  5.3925E+42  5.1661E+42  3.2716E+36  2.2637E+41
  3.5480E+01  4.2870E+42  4.1034E+42  2.0981E+36  1.8359E+41
  3.7580E+01  3.3693E+42  3.2206E+42  1.3301E+36  1.4872E+41
  3.9810E+01  2.6134E+42  2.4930E+42  8.3271E+35  1.2034E+41
  4.2170E+01  2.0055E+42  1.9082E+42  5.1533E+35  9.7311E+40
  4.4670E+01  1.5240E+42  1.4454E+42  3.1518E+35  7.8620E+40
  4.7320E+01  1.1485E+42  1.0851E+42  1.9086E+35  6.3447E+40
  5.0120E+01  8.5963E+41  8.0845E+41  1.1462E+35  5.1181E+40
  5.3090E+01  6.3913E+41  5.9790E+41  6.8286E+34  4.1232E+40
  5.6230E+01  4.7296E+41  4.3976E+41  4.0437E+34  3.3199E+40
  5.9570E+01  3.4811E+41  3.2143E+41  2.3789E+34  2.6681E+40
  6.3100E+01  2.5549E+41  2.3406E+41  1.3942E+34  2.1435E+40
  6.6830E+01  1.8711E+41  1.6989E+41  8.1466E+33  1.7214E+40
  7.0790E+01  1.3674E+41  1.2293E+41  4.7463E+33  1.3807E+40
  7.4990E+01  9.9754E+40  8.8692E+40  2.7591E+33  1.1063E+40
  7.9430E+01  7.2749E+40  6.3887E+40  1.6027E+33  8.8616E+39
  8.4140E+01  5.3028E+40  4.5936E+40  9.2994E+32  7.0919E+39
  8.9130E+01  3.8677E+40  3.3005E+40  5.3979E+32  5.6718E+39
  9.4410E+01  2.8233E+40  2.3698E+40  3.1351E+32  4.5350E+39
  1.0000E+02  2.0628E+40  1.7004E+40  1.8220E+32  3.6247E+39
  1.0590E+02  1.5107E+40  1.2209E+40  1.0613E+32  2.8980E+39
  1.1220E+02  1.1075E+40  8.7631E+39  6.1852E+31  2.3119E+39
  1.1890E+02  8.1454E+39  6.3034E+39  3.6162E+31  1.8420E+39
  1.2590E+02  6.0409E+39  4.5693E+39  2.1320E+31  1.4717E+39
  1.3340E+02  4.4972E+39  3.3249E+39  1.2635E+31  1.1724E+39
  1.4130E+02  3.3395E+39  2.4046E+39  7.4952E+30  9.3492E+38
  1.4960E+02  2.4530E+39  1.7062E+39  4.3933E+30  7.4680E+38
  1.5850E+02  1.7970E+39  1.2023E+39  2.5613E+30  5.9472E+38
  1.7780E+02  9.8208E+38  6.0419E+38  8.8495E+29  3.7788E+38
  1.9950E+02  5.4505E+38  3.0538E+38  3.1051E+29  2.3967E+38
  2.2390E+02  3.0633E+38  1.5455E+38  1.1039E+29  1.5177E+38
  2.5120E+02  1.7453E+38  7.8350E+37  3.9790E+28  9.6183E+37
  2.8180E+02  1.0067E+38  3.9723E+37  1.4521E+28  6.0946E+37
  3.1620E+02  5.8684E+37  2.0116E+37  5.3556E+27  3.8568E+37
  3.5480E+02  3.4580E+37  1.0184E+37  1.9958E+27  2.4397E+37
  3.9810E+02  2.0583E+37  5.1535E+36  7.5132E+26  1.5430E+37
  4.4670E+02  1.2360E+37  2.6064E+36  2.8529E+26  9.7541E+36
  5.0120E+02  7.4842E+36  1.3179E+36  1.0920E+26  6.1663E+36
  5.6230E+02  4.5651E+36  6.6637E+35  4.2087E+25  3.8988E+36
  6.3100E+02  2.7986E+36  3.3647E+35  1.6303E+25  2.4621E+36
  7.0790E+02  1.7264E+36  1.7001E+35  6.3531E+24  1.5564E+36
  7.9430E+02  1.0688E+36  8.5797E+34  2.4841E+24  9.8305E+35
  8.9130E+02  6.6394E+35  4.3267E+34  9.7437E+23  6.2067E+35
  1.0000E+03  4.1391E+35  2.1822E+34  3.8354E+23  3.9208E+35
