  1.0000E-03  8.7717E+44  0.0000E+00  5.4748E+41  8.7662E+44
  1.1220E-03  9.8429E+44  0.0000E+00  7.1834E+41  9.8357E+44
  1.2590E-03  1.1046E+45  0.0000E+00  8.9905E+41  1.1037E+45
  1.4130E-03  1.2398E+45  0.0000E+00  1.0819E+42  1.2387E+45
  1.5850E-03  1.3907E+45  0.0000E+00  1.2651E+42  1.3894E+45
  1.7780E-03  1.5602E+45  0.0000E+00  1.6246E+42  1.5586E+45
  1.9950E-03  1.7509E+45  0.0000E+00  2.0545E+42  1.7488E+45
  2.2390E-03  1.9650E+45  0.0000E+00  2.3114E+42  1.9627E+45
  2.5120E-03  2.2052E+45  0.0000E+00  3.1841E+42  2.2020E+45
  2.8180E-03  2.4742E+45  0.0000E+00  4.0205E+42  2.4702E+45
  3.1620E-03  2.7766E+45  0.0000E+00  4.7807E+42  2.7718E+45
  3.5480E-03  3.1158E+45  0.0000E+00  5.5084E+42  3.1103E+45
  3.9810E-03  3.4960E+45  0.0000E+00  6.1785E+42  3.4898E+45
  4.4670E-03  3.9229E+45  0.0000E+00  7.0231E+42  3.9158E+45
  5.0120E-03  4.4028E+45  0.0000E+00  9.2592E+42  4.3936E+45
  5.6230E-03  4.9410E+45  0.0000E+00  1.1714E+43  4.9292E+45
  5.9570E-03  5.2350E+45  0.0000E+00  1.2990E+43  5.2220E+45
  6.6830E-03  5.8741E+45  0.0000E+00  1.5547E+43  5.8585E+45
  7.4990E-03  6.5921E+45  0.0000E+00  1.8244E+43  6.5738E+45
  8.4140E-03  7.3972E+45  0.0000E+00  2.1309E+43  7.3758E+45
  9.4410E-03  8.3003E+45  0.0000E+00  2.4234E+43  8.2761E+45
  1.0590E-02  9.3094E+45  0.0000E+00  2.6130E+43  9.2833E+45
  1.1890E-02  1.0454E+46  0.0000E+00  3.1275E+43  1.0423E+46
  1.3340E-02  1.1729E+46  0.0000E+00  3.5044E+43  1.1694E+46
  1.4960E-02  1.3154E+46  0.0000E+00  4.0027E+43  1.3114E+46
  1.6790E-02  1.4763E+46  0.0000E+00  4.4997E+43  1.4718E+46
  1.8840E-02  1.6565E+46  0.0000E+00  4.9897E+43  1.6515E+46
  2.1130E-02  1.8580E+46  0.0000E+00  5.6560E+43  1.8524E+46
  2.3710E-02  2.0848E+46  0.0000E+00  6.3587E+43  2.0785E+46
  2.6610E-02  2.3398E+46  0.0000E+00  7.1302E+43  2.3326E+46
  2.9850E-02  2.6246E+46  2.1369E-83  7.9462E+43  2.6166E+46
  3.3500E-02  2.9455E+46  1.3897E-68  8.8162E+43  2.9367E+46
  3.7580E-02  3.3039E+46  1.7454E-55  9.6945E+43  3.2942E+46
  4.2170E-02  3.7085E+46  7.7005E-44  1.1796E+44  3.6967E+46
  4.7320E-02  4.1617E+46  2.1188E-33  1.3505E+44  4.1482E+46
  5.3090E-02  4.3355E+46  3.9833E-24  1.4269E+44  4.3212E+46
  6.6830E-02  4.1409E+46  1.6379E-08  1.4034E+44  4.1268E+46
  7.4990E-02  4.0455E+46  5.8680E-02  1.2649E+44  4.0328E+46
  8.4140E-02  3.9534E+46  3.0279E+04  1.2348E+44  3.9410E+46
  9.4410E-02  3.8636E+46  3.5972E+09  1.2355E+44  3.8513E+46
  1.0590E-01  3.5177E+46  9.6706E+13  1.2195E+44  3.5055E+46
  1.1890E-01  2.9571E+46  6.6873E+17  1.0386E+44  2.9467E+46
  1.3340E-01  2.4883E+46  1.2400E+21  8.7630E+43  2.4795E+46
  1.4960E-01  2.0948E+46  1.3330E+24  6.9909E+43  2.0878E+46
  1.5850E-01  1.9209E+46  3.8986E+25  6.3908E+43  1.9145E+46
  1.7780E-01  1.6172E+46  2.0953E+28  5.7160E+43  1.6114E+46
  1.9950E-01  1.3606E+46  6.8400E+30  4.8061E+43  1.3558E+46
  2.2390E-01  1.1444E+46  9.0095E+32  4.0346E+43  1.1403E+46
  2.3710E-01  1.0503E+46  5.7636E+33  3.9031E+43  1.0464E+46
  2.5120E-01  9.6319E+45  3.1315E+34  3.6096E+43  9.5958E+45
  2.6610E-01  8.8337E+45  1.6177E+35  3.2452E+43  8.8012E+45
  2.8180E-01  8.1049E+45  7.7572E+35  2.8819E+43  8.0761E+45
  2.9850E-01  7.4335E+45  3.4108E+36  2.5614E+43  7.4079E+45
  3.1620E-01  6.8175E+45  1.3515E+37  2.2843E+43  6.7947E+45
  3.3500E-01  6.2512E+45  4.9004E+37  2.0368E+43  6.2308E+45
  3.5480E-01  5.7346E+45  1.6312E+38  1.8148E+43  5.7165E+45
  3.7580E-01  5.2603E+45  5.0304E+38  1.6114E+43  5.2442E+45
  3.9810E-01  4.8241E+45  1.4301E+39  1.4344E+43  4.8097E+45
  4.2170E-01  4.4243E+45  3.7368E+39  1.2690E+43  4.4116E+45
  4.4670E-01  4.0579E+45  9.0548E+39  1.1245E+43  4.0466E+45
  4.7320E-01  3.7214E+45  2.0653E+40  9.9341E+42  3.7115E+45
  5.0120E-01  3.4136E+45  4.4471E+40  8.7472E+42  3.4048E+45
  5.3090E-01  3.1309E+45  9.0879E+40  7.6572E+42  3.1232E+45
  5.6230E-01  2.8720E+45  1.7611E+41  6.7154E+42  2.8651E+45
  5.9570E-01  2.6338E+45  3.2583E+41  5.8817E+42  2.6276E+45
  6.3100E-01  2.4160E+45  5.7499E+41  5.1331E+42  2.4103E+45
  6.6830E-01  2.2168E+45  9.6976E+41  4.4598E+42  2.2114E+45
  7.0790E-01  2.0339E+45  1.5694E+42  3.8664E+42  2.0284E+45
  7.4990E-01  1.8663E+45  2.4428E+42  3.3482E+42  1.8605E+45
  7.9430E-01  1.7131E+45  3.6609E+42  2.8871E+42  1.7066E+45
  8.4140E-01  1.5731E+45  5.3069E+42  2.4763E+42  1.5653E+45
  8.9130E-01  1.4453E+45  7.4585E+42  2.1048E+42  1.4357E+45
  9.4410E-01  1.3289E+45  1.0181E+43  1.7788E+42  1.3170E+45
  1.0000E+00  1.2232E+45  1.3537E+43  1.4977E+42  1.2081E+45
  1.0590E+00  1.1274E+45  1.7562E+43  1.2573E+42  1.1086E+45
  1.1220E+00  1.0400E+45  2.2373E+43  1.0490E+42  1.0165E+45
  1.1890E+00  9.6072E+44  2.8021E+43  8.6804E+41  9.3183E+44
  1.2590E+00  8.9027E+44  3.4352E+43  7.1090E+41  8.5520E+44
  1.3340E+00  8.2623E+44  4.1541E+43  5.7856E+41  7.8411E+44
  1.4130E+00  7.6910E+44  4.9355E+43  4.7088E+41  7.1927E+44
  1.4960E+00  7.1837E+44  5.7727E+43  3.8263E+41  6.6026E+44
  1.5850E+00  6.7263E+44  6.6886E+43  3.0913E+41  6.0543E+44
  1.6790E+00  6.3194E+44  7.6392E+43  2.4801E+41  5.5530E+44
  1.7780E+00  5.9571E+44  8.5940E+43  1.9725E+41  5.0957E+44
  1.8840E+00  5.6305E+44  9.5709E+43  1.5528E+41  4.6719E+44
  1.9950E+00  5.3398E+44  1.0511E+44  1.2114E+41  4.2875E+44
  2.1130E+00  5.0759E+44  1.1417E+44  9.3666E+40  3.9333E+44
  2.2390E+00  4.8330E+44  1.2262E+44  7.1848E+40  3.6061E+44
  2.3710E+00  4.6095E+44  1.2998E+44  5.4770E+40  3.3092E+44
  2.5120E+00  4.3992E+44  1.3643E+44  4.1548E+40  3.0344E+44
  2.6610E+00  4.1996E+44  1.4161E+44  3.1399E+40  2.7832E+44
  2.8180E+00  4.0064E+44  1.4524E+44  2.3643E+40  2.5538E+44
  2.9850E+00  3.8178E+44  1.4749E+44  1.7749E+40  2.3426E+44
  3.1620E+00  3.6312E+44  1.4824E+44  1.3285E+40  2.1487E+44
  3.3500E+00  3.4512E+44  1.4807E+44  9.9316E+39  1.9704E+44
  3.5480E+00  3.2697E+44  1.4619E+44  7.3998E+39  1.8078E+44
  3.7580E+00  3.0910E+44  1.4326E+44  5.4997E+39  1.6583E+44
  3.9810E+00  2.9154E+44  1.3944E+44  4.0781E+39  1.5210E+44
  4.2170E+00  2.7427E+44  1.3476E+44  3.0168E+39  1.3951E+44
  4.4670E+00  2.5738E+44  1.2941E+44  2.2260E+39  1.2796E+44
  4.7320E+00  2.4115E+44  1.2379E+44  1.6388E+39  1.1737E+44
  5.0120E+00  2.2594E+44  1.1803E+44  1.2061E+39  1.0791E+44
  5.3090E+00  2.0825E+44  1.1222E+44  8.7247E+38  9.6024E+43
  5.6230E+00  1.9139E+44  1.0658E+44  6.2845E+38  8.4805E+43
  5.9570E+00  1.7563E+44  1.0132E+44  4.5132E+38  7.4316E+43
  6.3100E+00  1.6015E+44  9.5437E+43  3.2142E+38  6.4710E+43
  6.6830E+00  1.4678E+44  9.0771E+43  2.2930E+38  5.6014E+43
  7.0790E+00  1.3373E+44  8.5545E+43  1.6159E+38  4.8190E+43
  7.4990E+00  1.2742E+44  8.6189E+43  1.1776E+38  4.1229E+43
  7.9430E+00  1.4915E+44  1.1404E+44  1.0612E+38  3.5109E+43
  8.4140E+00  2.0176E+44  1.7201E+44  1.1860E+38  2.9752E+43
  8.9130E+00  2.4901E+44  2.2390E+44  1.2926E+38  2.5104E+43
  9.4410E+00  2.8737E+44  2.6627E+44  1.4625E+38  2.1101E+43
  1.0000E+01  2.4558E+44  2.2791E+44  1.0760E+38  1.7671E+43
  1.0590E+01  1.9757E+44  1.8281E+44  7.2178E+37  1.4758E+43
  1.1220E+01  1.5103E+44  1.3876E+44  4.2771E+37  1.2267E+43
  1.1890E+01  1.1741E+44  1.0725E+44  2.5806E+37  1.0159E+43
  1.2590E+01  9.1753E+43  8.3341E+43  1.5302E+37  8.4119E+42
  1.3340E+01  7.3110E+43  6.6178E+43  9.0993E+36  6.9319E+42
  1.4130E+01  6.2220E+43  5.6515E+43  5.6695E+36  5.7050E+42
  1.4960E+01  6.1155E+43  5.6463E+43  4.2057E+36  4.6919E+42
  1.5850E+01  6.2471E+43  5.8630E+43  3.3842E+36  3.8414E+42
  1.6790E+01  6.4153E+43  6.1012E+43  2.8454E+36  3.1409E+42
  1.7780E+01  6.3988E+43  6.1422E+43  2.3903E+36  2.5663E+42
  1.8840E+01  6.0394E+43  5.8305E+43  1.9005E+36  2.0888E+42
  1.9950E+01  5.3982E+43  5.2280E+43  1.3854E+36  1.7013E+42
  2.1130E+01  4.7822E+43  4.6439E+43  9.6747E+35  1.3827E+42
  2.2390E+01  4.2770E+43  4.1650E+43  6.7823E+35  1.1203E+42
  2.3710E+01  3.8504E+43  3.7595E+43  4.7583E+35  9.0864E+41
  2.5120E+01  3.4733E+43  3.3999E+43  3.3495E+35  7.3479E+41
  2.6610E+01  3.1269E+43  3.0675E+43  2.3465E+35  5.9383E+41
  2.8180E+01  2.8053E+43  2.7573E+43  1.6428E+35  4.7994E+41
  2.9850E+01  2.4976E+43  2.4589E+43  1.1445E+35  3.8717E+41
  3.1620E+01  2.2000E+43  2.1688E+43  7.8946E+34  3.1199E+41
  3.3500E+01  1.9137E+43  1.8886E+43  5.3875E+34  2.5106E+41
  3.5480E+01  1.6438E+43  1.6236E+43  3.6378E+34  2.0210E+41
  3.7580E+01  1.3913E+43  1.3750E+43  2.4237E+34  1.6253E+41
  3.9810E+01  1.1581E+43  1.1451E+43  1.5908E+34  1.3054E+41
  4.2170E+01  9.5018E+42  9.3971E+42  1.0296E+34  1.0479E+41
  4.4670E+01  7.6916E+42  7.6075E+42  6.5707E+33  8.4074E+40
  4.7320E+01  6.1519E+42  6.0845E+42  4.1423E+33  6.7400E+40
  5.0120E+01  4.8687E+42  4.8147E+42  2.5837E+33  5.4034E+40
  5.3090E+01  3.8144E+42  3.7711E+42  1.5954E+33  4.3282E+40
  5.6230E+01  2.9637E+42  2.9290E+42  9.7692E+32  3.4667E+40
  5.9570E+01  2.2828E+42  2.2551E+42  5.9306E+32  2.7728E+40
  6.3100E+01  1.7471E+42  1.7249E+42  3.5780E+32  2.2180E+40
  6.6830E+01  1.3294E+42  1.3117E+42  2.1469E+32  1.7744E+40
  7.0790E+01  1.0061E+42  9.9191E+41  1.2816E+32  1.4183E+40
  7.4990E+01  7.5752E+41  7.4619E+41  7.6142E+31  1.1329E+40
  7.9430E+01  5.6816E+41  5.5911E+41  4.5088E+31  9.0505E+39
  8.4140E+01  4.2450E+41  4.1727E+41  2.6602E+31  7.2256E+39
  8.9130E+01  3.1630E+41  3.1053E+41  1.5662E+31  5.7665E+39
  9.4410E+01  2.3506E+41  2.3046E+41  9.2009E+30  4.6021E+39
  1.0000E+02  1.7425E+41  1.7057E+41  5.3940E+30  3.6722E+39
  1.0590E+02  1.2902E+41  1.2609E+41  3.1609E+30  2.9317E+39
  1.1220E+02  9.5355E+40  9.3019E+40  1.8488E+30  2.3358E+39
  1.1890E+02  7.0502E+40  6.8643E+40  1.0823E+30  1.8590E+39
  1.2590E+02  5.2403E+40  5.0919E+40  6.3734E+29  1.4838E+39
  1.3340E+02  3.9025E+40  3.7844E+40  3.7666E+29  1.1811E+39
  1.4130E+02  2.8876E+40  2.7935E+40  2.2210E+29  9.4117E+38
  1.4960E+02  2.0999E+40  2.0248E+40  1.2873E+29  7.5121E+38
  1.5850E+02  1.5162E+40  1.4565E+40  7.3928E+28  5.9781E+38
  1.7780E+02  7.9681E+39  7.5887E+39  2.4575E+28  3.7942E+38
  1.9950E+02  4.1975E+39  3.9571E+39  8.2094E+27  2.4043E+38
  2.2390E+02  2.2102E+39  2.0581E+39  2.7505E+27  1.5216E+38
  2.5120E+02  1.1650E+39  1.0686E+39  9.2543E+26  9.6376E+37
  2.8180E+02  6.1434E+38  5.5330E+38  3.1268E+26  6.1043E+37
  3.1620E+02  3.2407E+38  2.8545E+38  1.0608E+26  3.8617E+37
  3.5480E+02  1.7133E+38  1.4691E+38  3.6199E+25  2.4421E+37
  3.9810E+02  9.0867E+37  7.5425E+37  1.2446E+25  1.5442E+37
  4.4670E+02  4.8397E+37  3.8636E+37  4.3144E+24  9.7603E+36
  5.0120E+02  2.5927E+37  1.9757E+37  1.5101E+24  6.1695E+36
  5.6230E+02  1.3990E+37  1.0090E+37  5.3401E+23  3.9003E+36
  6.3100E+02  7.6024E+36  5.1395E+36  1.9075E+23  2.4629E+36
  7.0790E+02  4.1737E+36  2.6169E+36  6.8968E+22  1.5568E+36
  7.9430E+02  2.3130E+36  1.3297E+36  2.5193E+22  9.8325E+35
  8.9130E+02  1.2954E+36  6.7463E+35  9.2994E+21  6.2077E+35
  1.0000E+03  7.3420E+35  3.4207E+35  3.4702E+21  3.9214E+35
