  1.0000E-03  8.8331E+44  0.0000E+00  6.6877E+42  8.7662E+44
  1.1220E-03  9.9116E+44  0.0000E+00  7.5807E+42  9.8357E+44
  1.2590E-03  1.1118E+45  0.0000E+00  8.1264E+42  1.1037E+45
  1.4130E-03  1.2470E+45  0.0000E+00  8.3241E+42  1.2387E+45
  1.5850E-03  1.3978E+45  0.0000E+00  8.3216E+42  1.3894E+45
  1.7780E-03  1.5677E+45  0.0000E+00  9.1414E+42  1.5586E+45
  1.9950E-03  1.7580E+45  0.0000E+00  9.1479E+42  1.7488E+45
  2.2390E-03  1.9713E+45  0.0000E+00  8.5786E+42  1.9627E+45
  2.5120E-03  2.2115E+45  0.0000E+00  9.4679E+42  2.2020E+45
  2.8180E-03  2.4795E+45  0.0000E+00  9.2750E+42  2.4702E+45
  3.1620E-03  2.7808E+45  0.0000E+00  8.9416E+42  2.7718E+45
  3.5480E-03  3.1188E+45  0.0000E+00  8.5481E+42  3.1103E+45
  3.9810E-03  3.4979E+45  0.0000E+00  8.0713E+42  3.4898E+45
  4.4670E-03  3.9581E+45  0.0000E+00  4.2293E+43  3.9158E+45
  5.0120E-03  4.4309E+45  0.0000E+00  3.7352E+43  4.3936E+45
  5.6230E-03  4.9635E+45  0.0000E+00  3.4305E+43  4.9292E+45
  5.9570E-03  5.2557E+45  0.0000E+00  3.3662E+43  5.2220E+45
  6.6830E-03  5.8925E+45  0.0000E+00  3.4003E+43  5.8585E+45
  7.4990E-03  6.6098E+45  0.0000E+00  3.6021E+43  6.5738E+45
  8.4140E-03  7.4148E+45  0.0000E+00  3.8994E+43  7.3758E+45
  9.4410E-03  8.3189E+45  0.0000E+00  4.2753E+43  8.2761E+45
  1.0590E-02  9.3304E+45  0.0000E+00  4.7140E+43  9.2833E+45
  1.1890E-02  1.0476E+46  0.0000E+00  5.2581E+43  1.0423E+46
  1.3340E-02  1.1752E+46  0.0000E+00  5.8496E+43  1.1694E+46
  1.4960E-02  1.3179E+46  0.0000E+00  6.5230E+43  1.3114E+46
  1.6790E-02  1.4791E+46  0.0000E+00  7.2866E+43  1.4718E+46
  1.8840E-02  1.6597E+46  0.0000E+00  8.1488E+43  1.6515E+46
  2.1130E-02  1.8615E+46  0.0000E+00  9.1176E+43  1.8524E+46
  2.3710E-02  2.0887E+46  0.0000E+00  1.0210E+44  2.0785E+46
  2.6610E-02  2.3441E+46  0.0000E+00  1.1442E+44  2.3326E+46
  2.9850E-02  2.6294E+46  1.0458E-82  1.2804E+44  2.6166E+46
  3.3500E-02  2.9509E+46  6.4846E-68  1.4248E+44  2.9367E+46
  3.7580E-02  3.3096E+46  8.0874E-55  1.5329E+44  3.2942E+46
  4.2170E-02  3.7167E+46  3.4216E-43  2.0021E+44  3.6967E+46
  4.7320E-02  4.1721E+46  8.5547E-33  2.3962E+44  4.1482E+46
  5.3090E-02  4.3472E+46  1.4614E-23  2.6010E+44  4.3212E+46
  6.6830E-02  4.1533E+46  4.5815E-08  2.6522E+44  4.1268E+46
  7.4990E-02  4.0587E+46  1.4061E-01  2.5884E+44  4.0328E+46
  8.4140E-02  3.9658E+46  7.3297E+04  2.4783E+44  3.9410E+46
  9.4410E-02  3.8755E+46  8.7106E+09  2.4215E+44  3.8513E+46
  1.0590E-01  3.5281E+46  2.5136E+14  2.2591E+44  3.5055E+46
  1.1890E-01  2.9637E+46  2.0929E+18  1.6960E+44  2.9467E+46
  1.3340E-01  2.4920E+46  4.8066E+21  1.2478E+44  2.4795E+46
  1.4960E-01  2.0953E+46  5.9821E+24  7.4820E+43  2.0878E+46
  1.5850E-01  1.9203E+46  1.7889E+26  5.8039E+43  1.9145E+46
  1.7780E-01  1.6163E+46  8.8270E+28  4.8615E+43  1.6114E+46
  1.9950E-01  1.3607E+46  2.2568E+31  4.9392E+43  1.3558E+46
  2.2390E-01  1.1456E+46  2.5435E+33  5.2866E+43  1.1403E+46
  2.3710E-01  1.0517E+46  1.8134E+34  5.2598E+43  1.0464E+46
  2.5120E-01  9.6433E+45  1.1323E+35  4.7479E+43  9.5958E+45
  2.6610E-01  8.8422E+45  6.4914E+35  4.0989E+43  8.8012E+45
  2.8180E-01  8.1112E+45  3.3662E+36  3.5160E+43  8.0761E+45
  2.9850E-01  7.4383E+45  1.5783E+37  3.0440E+43  7.4079E+45
  3.1620E-01  6.8214E+45  6.6340E+37  2.6720E+43  6.7947E+45
  3.3500E-01  6.2544E+45  2.5412E+38  2.3565E+43  6.2308E+45
  3.5480E-01  5.7374E+45  8.8857E+38  2.0894E+43  5.7165E+45
  3.7580E-01  5.2628E+45  2.8739E+39  1.8615E+43  5.2442E+45
  3.9810E-01  4.8264E+45  8.5468E+39  1.6679E+43  4.8097E+45
  4.2170E-01  4.4267E+45  2.3439E+40  1.5028E+43  4.4116E+45
  4.4670E-01  4.0603E+45  5.9596E+40  1.3610E+43  4.0466E+45
  4.7320E-01  3.7240E+45  1.4252E+41  1.2358E+43  3.7115E+45
  5.0120E-01  3.4164E+45  3.2123E+41  1.1247E+43  3.4048E+45
  5.3090E-01  3.1341E+45  6.8687E+41  1.0270E+43  3.1232E+45
  5.6230E-01  2.8759E+45  1.3874E+42  9.4246E+42  2.8651E+45
  5.9570E-01  2.6389E+45  2.6668E+42  8.6962E+42  2.6276E+45
  6.3100E-01  2.4233E+45  4.8796E+42  8.0700E+42  2.4103E+45
  6.6830E-01  2.2274E+45  8.5084E+42  7.5445E+42  2.2114E+45
  7.0790E-01  2.0497E+45  1.4197E+43  7.1200E+42  2.0284E+45
  7.4990E-01  1.8899E+45  2.2677E+43  6.7919E+42  1.8605E+45
  7.9430E-01  1.7479E+45  3.4759E+43  6.5574E+42  1.7066E+45
  8.4140E-01  1.6231E+45  5.1313E+43  6.4272E+42  1.5653E+45
  8.9130E-01  1.5154E+45  7.3265E+43  6.3869E+42  1.4357E+45
  9.4410E-01  1.4244E+45  1.0096E+44  6.4280E+42  1.3170E+45
  1.0000E+00  1.3490E+45  1.3433E+44  6.5189E+42  1.2081E+45
  1.0590E+00  1.2882E+45  1.7298E+44  6.6355E+42  1.1086E+45
  1.1220E+00  1.2403E+45  2.1704E+44  6.7468E+42  1.0165E+45
  1.1890E+00  1.2043E+45  2.6567E+44  6.8149E+42  9.3183E+44
  1.2590E+00  1.1785E+45  3.1651E+44  6.7889E+42  8.5520E+44
  1.3340E+00  1.1588E+45  3.6805E+44  6.6751E+42  7.8411E+44
  1.4130E+00  1.1419E+45  4.1613E+44  6.4660E+42  7.1927E+44
  1.4960E+00  1.1255E+45  4.5910E+44  6.1572E+42  6.6026E+44
  1.5850E+00  1.1082E+45  4.9703E+44  5.7545E+42  6.0543E+44
  1.6790E+00  1.0874E+45  5.2679E+44  5.2564E+42  5.5530E+44
  1.7780E+00  1.0609E+45  5.4665E+44  4.6786E+42  5.0957E+44
  1.8840E+00  1.0285E+45  5.5729E+44  4.0562E+42  4.6719E+44
  1.9950E+00  9.9006E+44  5.5789E+44  3.4236E+42  4.2875E+44
  2.1130E+00  9.4565E+44  5.4950E+44  2.8163E+42  3.9333E+44
  2.2390E+00  8.9548E+44  5.3261E+44  2.2604E+42  3.6061E+44
  2.3710E+00  8.4145E+44  5.0876E+44  1.7750E+42  3.3092E+44
  2.5120E+00  7.8487E+44  4.8005E+44  1.3683E+42  3.0344E+44
  2.6610E+00  7.2713E+44  4.4777E+44  1.0380E+42  2.7832E+44
  2.8180E+00  6.6937E+44  4.1321E+44  7.7658E+41  2.5538E+44
  2.9850E+00  6.1296E+44  3.7812E+44  5.7444E+41  2.3426E+44
  3.1620E+00  5.5854E+44  3.4325E+44  4.2082E+41  2.1487E+44
  3.3500E+00  5.0795E+44  3.1061E+44  3.0641E+41  1.9704E+44
  3.5480E+00  4.6038E+44  2.7938E+44  2.2166E+41  1.8078E+44
  3.7580E+00  4.1658E+44  2.5059E+44  1.5959E+41  1.6583E+44
  3.9810E+00  3.7639E+44  2.2418E+44  1.1443E+41  1.5210E+44
  4.2170E+00  3.3973E+44  2.0014E+44  8.1793E+40  1.3951E+44
  4.4670E+00  3.0639E+44  1.7837E+44  5.8292E+40  1.2796E+44
  4.7320E+00  2.7616E+44  1.5875E+44  4.1418E+40  1.1737E+44
  5.0120E+00  2.4907E+44  1.4113E+44  2.9391E+40  1.0791E+44
  5.3090E+00  2.2123E+44  1.2518E+44  2.0506E+40  9.6024E+43
  5.6230E+00  1.9565E+44  1.1084E+44  1.4209E+40  8.4805E+43
  5.9570E+00  1.7232E+44  9.7990E+43  9.7799E+39  7.4316E+43
  6.3100E+00  1.5066E+44  8.5939E+43  6.6663E+39  6.4710E+43
  6.6830E+00  1.3204E+44  7.6025E+43  4.5370E+39  5.6014E+43
  7.0790E+00  1.1486E+44  6.6670E+43  3.0463E+39  4.8190E+43
  7.4990E+00  1.0064E+44  5.9407E+43  2.0368E+39  4.1229E+43
  7.9430E+00  9.3446E+43  5.8336E+43  1.4453E+39  3.5109E+43
  8.4140E+00  9.3138E+43  6.3384E+43  1.1671E+39  2.9752E+43
  8.9130E+00  9.2465E+43  6.7360E+43  9.9827E+38  2.5104E+43
  9.4410E+00  9.0862E+43  6.9761E+43  9.3386E+38  2.1101E+43
  1.0000E+01  7.7383E+43  5.9712E+43  6.8296E+38  1.7671E+43
  1.0590E+01  6.3568E+43  4.8810E+43  4.6890E+38  1.4758E+43
  1.1220E+01  5.0546E+43  3.8279E+43  2.9094E+38  1.2267E+43
  1.1890E+01  4.0145E+43  2.9985E+43  1.8045E+38  1.0159E+43
  1.2590E+01  3.1920E+43  2.3508E+43  1.0958E+38  8.4119E+42
  1.3340E+01  2.5470E+43  1.8538E+43  6.5778E+37  6.9319E+42
  1.4130E+01  2.0980E+43  1.5275E+43  3.9978E+37  5.7050E+42
  1.4960E+01  1.8748E+43  1.4056E+43  2.6959E+37  4.6919E+42
  1.5850E+01  1.7202E+43  1.3360E+43  1.9405E+37  3.8414E+42
  1.6790E+01  1.5920E+43  1.2779E+43  1.4624E+37  3.1409E+42
  1.7780E+01  1.4491E+43  1.1925E+43  1.1178E+37  2.5663E+42
  1.8840E+01  1.2658E+43  1.0569E+43  8.2565E+36  2.0888E+42
  1.9950E+01  1.0591E+43  8.8896E+42  5.7034E+36  1.7013E+42
  2.1130E+01  8.7546E+42  7.3719E+42  3.7793E+36  1.3827E+42
  2.2390E+01  7.2492E+42  6.1289E+42  2.4991E+36  1.1203E+42
  2.3710E+01  6.0162E+42  5.1075E+42  1.6489E+36  9.0864E+41
  2.5120E+01  4.9806E+42  4.2458E+42  1.0877E+36  7.3479E+41
  2.6610E+01  4.1088E+42  3.5149E+42  7.1362E+35  5.9383E+41
  2.8180E+01  3.3773E+42  2.8973E+42  4.6787E+35  4.7994E+41
  2.9850E+01  2.7559E+42  2.3687E+42  3.0538E+35  3.8717E+41
  3.1620E+01  2.2292E+42  1.9172E+42  1.9777E+35  3.1199E+41
  3.3500E+01  1.7855E+42  1.5344E+42  1.2703E+35  2.5106E+41
  3.5480E+01  1.4177E+42  1.2156E+42  8.1028E+34  2.0210E+41
  3.7580E+01  1.1136E+42  9.5109E+41  5.1195E+34  1.6253E+41
  3.9810E+01  8.6424E+41  7.3371E+41  3.2013E+34  1.3054E+41
  4.2170E+01  6.6434E+41  5.5955E+41  1.9835E+34  1.0479E+41
  4.4670E+01  5.0636E+41  4.2229E+41  1.2177E+34  8.4074E+40
  4.7320E+01  3.8325E+41  3.1585E+41  7.4209E+33  6.7400E+40
  5.0120E+01  2.8853E+41  2.3450E+41  4.4971E+33  5.4034E+40
  5.3090E+01  2.1613E+41  1.7284E+41  2.7114E+33  4.3282E+40
  5.6230E+01  1.6140E+41  1.2673E+41  1.6295E+33  3.4667E+40
  5.9570E+01  1.2009E+41  9.2358E+40  9.7572E+32  2.7728E+40
  6.3100E+01  8.9254E+40  6.7073E+40  5.8369E+32  2.2180E+40
  6.6830E+01  6.6313E+40  4.8569E+40  3.4911E+32  1.7744E+40
  7.0790E+01  4.9249E+40  3.5066E+40  2.0875E+32  1.4183E+40
  7.4990E+01  3.6579E+40  2.5250E+40  1.2487E+32  1.1329E+40
  7.9430E+01  2.7207E+40  1.8156E+40  7.4825E+31  9.0505E+39
  8.4140E+01  2.0260E+40  1.3034E+40  4.4889E+31  7.2256E+39
  8.9130E+01  1.5119E+40  9.3521E+39  2.6991E+31  5.7665E+39
  9.4410E+01  1.1309E+40  6.7069E+39  1.6269E+31  4.6021E+39
  1.0000E+02  8.4794E+39  4.8072E+39  9.8297E+30  3.6722E+39
  1.0590E+02  6.3802E+39  3.4486E+39  5.9600E+30  2.9317E+39
  1.1220E+02  4.8092E+39  2.4734E+39  3.6171E+30  2.3358E+39
  1.1890E+02  3.6373E+39  1.7783E+39  2.2014E+30  1.8590E+39
  1.2590E+02  2.7726E+39  1.2888E+39  1.3493E+30  1.4838E+39
  1.3340E+02  2.1189E+39  9.3784E+38  8.2952E+29  1.1811E+39
  1.4130E+02  1.6194E+39  6.7818E+38  5.1212E+29  9.4117E+38
  1.4960E+02  1.2320E+39  4.8083E+38  3.1505E+29  7.5121E+38
  1.5850E+02  9.3635E+38  3.3855E+38  1.9303E+29  5.9781E+38
  1.7780E+02  5.4936E+38  1.6994E+38  7.3246E+28  3.7942E+38
  1.9950E+02  3.2627E+38  8.5836E+37  2.8039E+28  2.4043E+38
  2.2390E+02  1.9558E+38  4.3420E+37  1.0808E+28  1.5216E+38
  2.5120E+02  1.1838E+38  2.2004E+37  4.1964E+27  9.6376E+37
  2.8180E+02  7.2197E+37  1.1154E+37  1.6380E+27  6.1043E+37
  3.1620E+02  4.4265E+37  5.6474E+36  6.4143E+26  3.8617E+37
  3.5480E+02  2.7280E+37  2.8587E+36  2.5192E+26  2.4421E+37
  3.9810E+02  1.6888E+37  1.4466E+36  9.9245E+25  1.5442E+37
  4.4670E+02  1.0492E+37  7.3159E+35  3.9178E+25  9.7603E+36
  5.0120E+02  6.5394E+36  3.6992E+35  1.5497E+25  6.1695E+36
  5.6230E+02  4.0874E+36  1.8705E+35  6.1395E+24  3.9003E+36
  6.3100E+02  2.5574E+36  9.4452E+34  2.4332E+24  2.4629E+36
  7.0790E+02  1.6045E+36  4.7725E+34  9.6627E+23  1.5568E+36
  7.9430E+02  1.0073E+36  2.4087E+34  3.8371E+23  9.8325E+35
  8.9130E+02  6.3292E+35  1.2148E+34  1.5242E+23  6.2077E+35
  1.0000E+03  3.9826E+35  6.1270E+33  6.0620E+22  3.9214E+35
