  1.0000E-03  8.2160E+44  0.0000E+00  2.0719E+42  8.1953E+44
  1.1220E-03  9.0649E+44  0.0000E+00  2.6793E+42  9.0381E+44
  1.2590E-03  9.9881E+44  0.0000E+00  3.3037E+42  9.9550E+44
  1.4130E-03  1.0994E+45  0.0000E+00  3.9141E+42  1.0955E+45
  1.5850E-03  1.2119E+45  0.0000E+00  4.5130E+42  1.2073E+45
  1.7780E-03  1.3486E+45  0.0000E+00  5.6622E+42  1.3429E+45
  1.9950E-03  1.4646E+45  0.0000E+00  6.8201E+42  1.4578E+45
  2.2390E-03  1.6005E+45  0.0000E+00  7.4277E+42  1.5930E+45
  2.5120E-03  1.7710E+45  0.0000E+00  9.6324E+42  1.7614E+45
  2.8180E-03  1.8974E+45  0.0000E+00  1.1190E+43  1.8862E+45
  3.1620E-03  2.0417E+45  0.0000E+00  1.2333E+43  2.0294E+45
  3.5480E-03  2.2021E+45  0.0000E+00  1.3199E+43  2.1889E+45
  3.9810E-03  2.3835E+45  0.0000E+00  1.3796E+43  2.3697E+45
  4.4670E-03  3.1623E+45  0.0000E+00  2.2181E+43  3.1401E+45
  5.0120E-03  3.3688E+45  0.0000E+00  2.7779E+43  3.3410E+45
  5.6230E-03  3.5876E+45  0.0000E+00  3.2924E+43  3.5546E+45
  5.9570E-03  3.7064E+45  0.0000E+00  3.5284E+43  3.6711E+45
  6.6830E-03  3.9742E+45  0.0000E+00  3.9595E+43  3.9346E+45
  7.4990E-03  4.2971E+45  0.0000E+00  4.3875E+43  4.2532E+45
  8.4140E-03  4.6217E+45  0.0000E+00  4.8028E+43  4.5737E+45
  9.4410E-03  5.0068E+45  0.0000E+00  5.1719E+43  4.9551E+45
  1.0590E-02  5.5050E+45  0.0000E+00  5.4188E+43  5.4508E+45
  1.1890E-02  5.9493E+45  0.0000E+00  6.0269E+43  5.8891E+45
  1.3340E-02  6.4736E+45  0.0000E+00  6.4180E+43  6.4094E+45
  1.4960E-02  6.9961E+45  0.0000E+00  6.8824E+43  6.9273E+45
  1.6790E-02  7.5866E+45  0.0000E+00  7.3106E+43  7.5135E+45
  1.8840E-02  8.2533E+45  0.0000E+00  7.7124E+43  8.1761E+45
  2.1130E-02  8.9477E+45  0.0000E+00  8.2398E+43  8.8653E+45
  2.3710E-02  9.6920E+45  0.0000E+00  8.7410E+43  9.6046E+45
  2.6610E-02  1.0470E+46  0.0000E+00  9.2255E+43  1.0377E+46
  2.9850E-02  1.1305E+46  6.2556E-83  9.6850E+43  1.1209E+46
  3.3500E-02  1.2204E+46  3.8670E-68  1.0107E+44  1.2103E+46
  3.7580E-02  1.3561E+46  4.8044E-55  1.0905E+44  1.3451E+46
  4.2170E-02  1.4644E+46  2.0172E-43  1.2804E+44  1.4516E+46
  4.7320E-02  1.4963E+46  4.9231E-33  1.2860E+44  1.4835E+46
  5.3090E-02  1.3942E+46  8.0558E-24  1.1646E+44  1.3826E+46
  6.6830E-02  8.6803E+45  2.0030E-08  6.8321E+43  8.6120E+45
  7.4990E-02  6.4012E+45  5.1813E-02  4.7293E+43  6.3539E+45
  8.4140E-02  6.7338E+45  2.8848E+04  4.9499E+43  6.6843E+45
  9.4410E-02  6.9386E+45  3.6157E+09  5.2067E+43  6.8865E+45
  1.0590E-01  7.7495E+45  1.2223E+14  6.4473E+43  7.6851E+45
  1.1890E-01  8.1982E+45  1.1361E+18  7.2243E+43  8.1259E+45
  1.3340E-01  8.1600E+45  2.6673E+21  7.6545E+43  8.0834E+45
  1.4960E-01  7.6751E+45  3.3118E+24  6.9755E+43  7.6053E+45
  1.5850E-01  7.1741E+45  9.8906E+25  6.3733E+43  7.1104E+45
  1.7780E-01  5.7860E+45  4.9433E+28  4.9822E+43  5.7362E+45
  1.9950E-01  3.9623E+45  1.2163E+31  2.9040E+43  3.9333E+45
  2.2390E-01  2.9287E+45  1.3349E+33  2.0892E+43  2.9079E+45
  2.3710E-01  3.0821E+45  1.0114E+34  2.4690E+43  3.0574E+45
  2.5120E-01  3.2593E+45  6.5932E+34  2.7851E+43  3.2314E+45
  2.6610E-01  3.2898E+45  3.8525E+35  2.8536E+43  3.2613E+45
  2.8180E-01  3.2316E+45  2.0156E+36  2.7777E+43  3.2038E+45
  2.9850E-01  3.1267E+45  9.4851E+36  2.6559E+43  3.1002E+45
  3.1620E-01  3.0079E+45  3.9912E+37  2.5354E+43  2.9825E+45
  3.3500E-01  2.8809E+45  1.5279E+38  2.4083E+43  2.8569E+45
  3.5480E-01  2.7476E+45  5.3341E+38  2.2733E+43  2.7249E+45
  3.7580E-01  2.6173E+45  1.7217E+39  2.1361E+43  2.5959E+45
  3.9810E-01  2.4847E+45  5.1032E+39  2.0066E+43  2.4647E+45
  4.2170E-01  2.3642E+45  1.3934E+40  1.8824E+43  2.3453E+45
  4.4670E-01  2.2467E+45  3.5225E+40  1.7681E+43  2.2290E+45
  4.7320E-01  2.1329E+45  8.3685E+40  1.6547E+43  2.1163E+45
  5.0120E-01  2.0226E+45  1.8728E+41  1.5416E+43  2.0070E+45
  5.3090E-01  1.9178E+45  3.9746E+41  1.4290E+43  1.9031E+45
  5.6230E-01  1.8141E+45  7.9674E+41  1.3229E+43  1.8001E+45
  5.9570E-01  1.7130E+45  1.5202E+42  1.2212E+43  1.6993E+45
  6.3100E-01  1.6175E+45  2.7610E+42  1.1234E+43  1.6035E+45
  6.6830E-01  1.5272E+45  4.7806E+42  1.0290E+43  1.5121E+45
  7.0790E-01  1.4416E+45  7.9202E+42  9.4049E+42  1.4243E+45
  7.4990E-01  1.3604E+45  1.2567E+43  8.5761E+42  1.3392E+45
  7.9430E-01  1.2853E+45  1.9133E+43  7.7921E+42  1.2584E+45
  8.4140E-01  1.2165E+45  2.8066E+43  7.0552E+42  1.1814E+45
  8.9130E-01  1.1553E+45  3.9792E+43  6.3536E+42  1.1092E+45
  9.4410E-01  1.1005E+45  5.4505E+43  5.7027E+42  1.0403E+45
  1.0000E+00  1.0514E+45  7.2243E+43  5.1057E+42  9.7401E+44
  1.0590E+00  1.0083E+45  9.2830E+43  4.5633E+42  9.1086E+44
  1.1220E+00  9.7073E+44  1.1638E+44  4.0602E+42  8.5028E+44
  1.1890E+00  9.3888E+44  1.4256E+44  3.5877E+42  7.9273E+44
  1.2590E+00  9.1269E+44  1.7009E+44  3.1367E+42  7.3946E+44
  1.3340E+00  8.8967E+44  1.9874E+44  2.7233E+42  6.8821E+44
  1.4130E+00  8.6883E+44  2.2668E+44  2.3567E+42  6.3979E+44
  1.4960E+00  8.4967E+44  2.5322E+44  2.0279E+42  5.9443E+44
  1.5850E+00  8.3157E+44  2.7871E+44  1.7286E+42  5.5113E+44
  1.6790E+00  8.1347E+44  3.0132E+44  1.4545E+42  5.1069E+44
  1.7780E+00  7.9429E+44  3.2000E+44  1.2044E+42  4.7308E+44
  1.8840E+00  7.7379E+44  3.3532E+44  9.8061E+41  4.3749E+44
  1.9950E+00  7.5160E+44  3.4618E+44  7.8490E+41  4.0463E+44
  2.1130E+00  7.2746E+44  3.5304E+44  6.1815E+41  3.7379E+44
  2.2390E+00  7.0096E+44  3.5567E+44  4.7945E+41  3.4481E+44
  2.3710E+00  6.7244E+44  3.5395E+44  3.6697E+41  3.1813E+44
  2.5120E+00  6.4223E+44  3.4886E+44  2.7786E+41  2.9309E+44
  2.6610E+00  6.1047E+44  3.4034E+44  2.0841E+41  2.6992E+44
  2.8180E+00  5.7722E+44  3.2852E+44  1.5495E+41  2.4855E+44
  2.9850E+00  5.4309E+44  3.1428E+44  1.1436E+41  2.2870E+44
  3.1620E+00  5.0821E+44  2.9780E+44  8.3820E+40  2.1033E+44
  3.3500E+00  4.7398E+44  2.8060E+44  6.1181E+40  1.9332E+44
  3.5480E+00  4.3938E+44  2.6160E+44  4.4370E+40  1.7773E+44
  3.7580E+00  4.0546E+44  2.4209E+44  3.2019E+40  1.6333E+44
  3.9810E+00  3.7238E+44  2.2232E+44  2.2995E+40  1.5004E+44
  4.2170E+00  3.4035E+44  2.0252E+44  1.6440E+40  1.3781E+44
  4.4670E+00  3.0958E+44  1.8301E+44  1.1699E+40  1.2656E+44
  4.7320E+00  2.8049E+44  1.6427E+44  8.2908E+39  1.1620E+44
  5.0120E+00  2.5352E+44  1.4657E+44  5.8627E+39  1.0695E+44
  5.3090E+00  2.2520E+44  1.2996E+44  4.0711E+39  9.5240E+43
  5.6230E+00  1.9891E+44  1.1473E+44  2.8080E+39  8.4172E+43
  5.9570E+00  1.7482E+44  1.0102E+44  1.9253E+39  7.3805E+43
  6.3100E+00  1.5230E+44  8.8000E+43  1.3070E+39  6.4300E+43
  6.6830E+00  1.3277E+44  7.7083E+43  8.8517E+38  5.5684E+43
  7.0790E+00  1.1472E+44  6.6796E+43  5.9141E+38  4.7926E+43
  7.4990E+00  1.0321E+44  6.2213E+43  4.0670E+38  4.1002E+43
  7.9430E+00  1.1371E+44  7.8871E+43  3.4073E+38  3.4839E+43
  8.4140E+00  1.4489E+44  1.1551E+44  3.5036E+38  2.9378E+43
  8.9130E+00  1.6846E+44  1.4379E+44  3.5220E+38  2.4663E+43
  9.4410E+00  1.8293E+44  1.6230E+44  3.6684E+38  2.0628E+43
  1.0000E+01  1.4714E+44  1.2982E+44  2.5098E+38  1.7316E+43
  1.0590E+01  1.1086E+44  9.6351E+43  1.5637E+38  1.4510E+43
  1.1220E+01  7.8648E+43  6.6541E+43  8.5888E+37  1.2107E+43
  1.1890E+01  5.6426E+43  4.6372E+43  4.7962E+37  1.0054E+43
  1.2590E+01  4.0314E+43  3.1970E+43  2.6224E+37  8.3433E+42
  1.3340E+01  2.9115E+43  2.2228E+43  1.4336E+37  6.8867E+42
  1.4130E+01  2.2390E+43  1.6717E+43  8.1999E+36  5.6726E+42
  1.4960E+01  2.0065E+43  1.5402E+43  5.5603E+36  4.6634E+42
  1.5850E+01  1.8654E+43  1.4839E+43  4.0606E+36  3.8150E+42
  1.6790E+01  1.7370E+43  1.4254E+43  3.0847E+36  3.1164E+42
  1.7780E+01  1.5594E+43  1.3049E+43  2.3327E+36  2.5447E+42
  1.8840E+01  1.3075E+43  1.1004E+43  1.6614E+36  2.0712E+42
  1.9950E+01  1.0257E+43  8.5685E+42  1.0823E+36  1.6881E+42
  2.1130E+01  7.9074E+42  6.5344E+42  6.7372E+35  1.3729E+42
  2.2390E+01  6.1264E+42  5.0133E+42  4.2001E+35  1.1131E+42
  2.3710E+01  4.7729E+42  3.8697E+42  2.6217E+35  9.0323E+41
  2.5120E+01  3.7246E+42  2.9939E+42  1.6425E+35  7.3072E+41
  2.6610E+01  2.9076E+42  2.3168E+42  1.0271E+35  5.9077E+41
  2.8180E+01  2.2736E+42  1.7959E+42  6.4484E+34  4.7762E+41
  2.9850E+01  1.7747E+42  1.3893E+42  4.0502E+34  3.8542E+41
  3.1620E+01  1.3807E+42  1.0700E+42  2.5363E+34  3.1066E+41
  3.3500E+01  1.0700E+42  8.1996E+41  1.5839E+34  2.5006E+41
  3.5480E+01  8.2745E+41  6.2610E+41  9.8793E+33  2.0135E+41
  3.7580E+01  6.3647E+41  4.7450E+41  6.1337E+33  1.6197E+41
  3.9810E+01  4.8578E+41  3.5566E+41  3.7838E+33  1.3013E+41
  4.2170E+01  3.6889E+41  2.6439E+41  2.3225E+33  1.0449E+41
  4.4670E+01  2.7889E+41  1.9504E+41  1.4178E+33  8.3855E+40
  4.7320E+01  2.1018E+41  1.4293E+41  8.6225E+32  6.7241E+40
  5.0120E+01  1.5812E+41  1.0420E+41  5.2318E+32  5.3920E+40
  5.3090E+01  1.1876E+41  7.5564E+40  3.1679E+32  4.3200E+40
  5.6230E+01  8.9207E+40  5.4599E+40  1.9173E+32  3.4609E+40
  5.9570E+01  6.6949E+40  3.9263E+40  1.1589E+32  2.7686E+40
  6.3100E+01  5.0323E+40  2.8172E+40  7.0131E+31  2.2151E+40
  6.6830E+01  3.7899E+40  2.0176E+40  4.2507E+31  1.7723E+40
  7.0790E+01  2.8589E+40  1.4421E+40  2.5795E+31  1.4168E+40
  7.4990E+01  2.1606E+40  1.0288E+40  1.5677E+31  1.1319E+40
  7.9430E+01  1.6377E+40  7.3344E+39  9.5533E+30  9.0430E+39
  8.4140E+01  1.2444E+40  5.2236E+39  5.8315E+30  7.2203E+39
  8.9130E+01  9.4832E+39  3.7204E+39  3.5687E+30  5.7628E+39
  9.4410E+01  7.2488E+39  2.6493E+39  2.1894E+30  4.5995E+39
  1.0000E+02  5.5567E+39  1.8863E+39  1.3463E+30  3.6704E+39
  1.0590E+02  4.2748E+39  1.3445E+39  8.3039E+29  2.9303E+39
  1.1220E+02  3.2929E+39  9.5807E+38  5.1229E+29  2.3348E+39
  1.1890E+02  2.5423E+39  6.8397E+38  3.1656E+29  1.8584E+39
  1.2590E+02  1.9750E+39  4.9166E+38  1.9671E+29  1.4834E+39
  1.3340E+02  1.5351E+39  3.5433E+38  1.2240E+29  1.1808E+39
  1.4130E+02  1.1953E+39  2.5437E+38  7.6580E+28  9.4093E+38
  1.4960E+02  9.3119E+38  1.8015E+38  4.7883E+28  7.5104E+38
  1.5850E+02  7.2450E+38  1.2681E+38  2.9797E+28  5.9769E+38
  1.7780E+02  4.4279E+38  6.3432E+37  1.1608E+28  3.7936E+38
  1.9950E+02  2.7228E+38  3.1874E+37  4.5403E+27  2.4040E+38
  2.2390E+02  1.6818E+38  1.6039E+37  1.7821E+27  1.5214E+38
  2.5120E+02  1.0446E+38  8.0877E+36  7.0244E+26  9.6368E+37
  2.8180E+02  6.5120E+37  4.0804E+36  2.7767E+26  6.1039E+37
  3.1620E+02  4.0672E+37  2.0572E+36  1.0988E+26  3.8615E+37
  3.5480E+02  2.5457E+37  1.0373E+36  4.3525E+25  2.4420E+37
  3.9810E+02  1.5964E+37  5.2301E+35  1.7268E+25  1.5441E+37
  4.4670E+02  1.0024E+37  2.6362E+35  6.8562E+24  9.7600E+36
  5.0120E+02  6.3022E+36  1.3289E+35  2.7248E+24  6.1693E+36
  5.6230E+02  3.9673E+36  6.7003E+34  1.0836E+24  3.9003E+36
  6.3100E+02  2.4967E+36  3.3744E+34  4.3076E+23  2.4629E+36
  7.0790E+02  1.5738E+36  1.7009E+34  1.7149E+23  1.5568E+36
  7.9430E+02  9.9181E+35  8.5648E+33  6.8236E+22  9.8324E+35
  8.9130E+02  6.2508E+35  4.3104E+33  2.7149E+22  6.2077E+35
  1.0000E+03  3.9430E+35  2.1699E+33  1.0811E+22  3.9213E+35
