  1.0000E-03  1.0944E+43  0.0000E+00  8.6560E+42  2.2885E+42
  1.1220E-03  8.4465E+42  0.0000E+00  7.8771E+42  5.6941E+41
  1.2590E-03  6.8420E+42  0.0000E+00  6.7135E+42  1.2856E+41
  1.4130E-03  5.4497E+42  0.0000E+00  5.4227E+42  2.6991E+40
  1.5850E-03  4.5125E+42  0.0000E+00  4.5052E+42  7.2355E+39
  1.7780E-03  5.1943E+42  0.0000E+00  5.1894E+42  4.8634E+39
  1.9950E-03  3.5468E+42  0.0000E+00  3.5465E+42  3.3352E+38
  2.2390E-03  2.4278E+42  0.0000E+00  2.4278E+42  4.3599E+37
  2.5120E-03  2.8448E+42  0.0000E+00  2.8448E+42  1.8547E+37
  2.8180E-03  1.6146E+42  0.0000E+00  1.6146E+42  3.9003E+35
  3.1620E-03  9.4287E+41  0.0000E+00  9.4287E+41  1.2308E+34
  3.5480E-03  5.6055E+41  0.0000E+00  5.6055E+41  4.7860E+32
  3.9810E-03  3.4582E+41  0.0000E+00  3.4582E+41  2.5385E+31
  4.4670E-03  5.7911E+42  0.0000E+00  5.7911E+42  6.3536E+36
  5.0120E-03  3.3414E+42  0.0000E+00  3.3414E+42  9.5593E+34
  5.6230E-03  1.9294E+42  0.0000E+00  1.9294E+42  1.4877E+33
  5.9570E-03  1.4858E+42  0.0000E+00  1.4858E+42  2.0363E+32
  6.6830E-03  9.3844E+41  0.0000E+00  9.3844E+41  5.8798E+30
  7.4990E-03  6.7096E+41  0.0000E+00  6.7096E+41  3.5858E+29
  8.4140E-03  4.4702E+41  0.0000E+00  4.4702E+41  1.2920E+28
  9.4410E-03  3.1939E+41  0.0000E+00  3.1939E+41  9.0275E+26
  1.0590E-02  2.5494E+41  0.0000E+00  2.5494E+41  2.6933E+26
  1.1890E-02  2.0115E+41  0.0000E+00  2.0115E+41  1.3325E+25
  1.3340E-02  1.5324E+41  0.0000E+00  1.5324E+41  1.4068E+24
  1.4960E-02  1.1370E+41  0.0000E+00  1.1370E+41  8.0749E+22
  1.6790E-02  8.4923E+40  0.0000E+00  8.4923E+40  6.0178E+21
  1.8840E-02  6.4635E+40  0.0000E+00  6.4635E+40  6.2743E+20
  2.1130E-02  5.0659E+40  0.0000E+00  5.0659E+40  4.8745E+19
  2.3710E-02  3.8586E+40  0.0000E+00  3.8586E+40  3.4051E+18
  2.6610E-02  2.8473E+40  0.0000E+00  2.8473E+40  1.8549E+17
  2.9850E-02  2.0934E+40  0.0000E+00  2.0934E+40  1.0543E+16
  3.3500E-02  1.5196E+40  7.8750E-89  1.5196E+40  5.6966E+14
  3.7580E-02  1.4599E+40  5.8332E-76  1.4599E+40  2.8708E+14
  4.2170E-02  1.3794E+40  3.4647E-65  1.3794E+40  1.4953E+13
  4.7320E-02  6.5281E+39  8.6471E-57  6.5281E+39  1.2236E+10
  5.3090E-02  2.4555E+39  5.9368E-50  2.4555E+39  2.2701E+06
  6.6830E-02  5.4809E+37  6.3603E-44  5.4809E+37  3.6942E-09
  7.4990E-02  4.2818E+36  1.8764E-43  4.2818E+36  1.2719E-18
  8.4140E-02  7.2962E+36  3.1931E-36  7.2962E+36  2.8282E-16
  9.4410E-02  1.1466E+37  4.2925E-30  1.1466E+37  1.2100E-14
  1.0590E-01  7.0670E+37  2.1396E-21  7.0670E+37  4.6468E-08
  1.1890E-01  4.5020E+38  1.0175E-12  4.5020E+38  1.2745E+00
  1.3340E-01  1.7421E+39  5.8753E-06  1.7421E+39  3.0189E+05
  1.4960E-01  3.5384E+39  1.1460E+00  3.5384E+39  8.4324E+08
  1.5850E-01  3.8831E+39  8.7532E+01  3.8831E+39  3.3943E+09
  1.7780E-01  2.6811E+39  9.7678E+03  2.6811E+39  2.3396E+08
  1.9950E-01  3.5140E+38  2.8112E+02  3.5140E+38  9.4248E+01
  2.2390E-01  9.8221E+37  1.3867E+02  9.8221E+37  1.1458E-02
  2.3710E-01  3.6719E+38  9.2387E+05  3.6719E+38  4.7981E+02
  2.5120E-01  1.3178E+39  7.0328E+09  1.3178E+39  3.1755E+07
  2.6610E-01  2.8988E+39  5.0021E+12  2.8988E+39  5.7159E+10
  2.8180E-01  4.8117E+39  8.5353E+14  4.8117E+39  1.2557E+13
  2.9850E-01  7.0278E+39  6.3467E+16  7.0278E+39  8.7105E+14
  3.1620E-01  9.9207E+39  3.1955E+18  9.9207E+39  3.8671E+16
  3.3500E-01  1.3593E+40  1.1990E+20  1.3593E+40  1.2446E+18
  3.5480E-01  1.7884E+40  3.2504E+21  1.7884E+40  2.7657E+19
  3.7580E-01  2.3404E+40  7.9189E+22  2.3404E+40  5.8207E+20
  3.9810E-01  3.0128E+40  1.4860E+24  3.0128E+40  9.3090E+21
  4.2170E-01  3.9918E+40  2.9577E+25  3.9918E+40  1.8371E+23
  4.4670E-01  5.3231E+40  5.0706E+26  5.3231E+40  3.2350E+24
  4.7320E-01  7.0930E+40  7.8102E+27  7.0930E+40  5.2902E+25
  5.0120E-01  9.3944E+40  1.0615E+29  9.3944E+40  7.7897E+26
  5.3090E-01  1.2545E+41  1.3843E+30  1.2545E+41  1.1610E+28
  5.6230E-01  1.6506E+41  1.4718E+31  1.6506E+41  1.3775E+29
  5.9570E-01  2.1522E+41  1.3631E+32  2.1522E+41  1.4221E+30
  6.3100E-01  2.8052E+41  1.1601E+33  2.8052E+41  1.3863E+31
  6.6830E-01  3.6450E+41  9.0642E+33  3.6450E+41  1.2700E+32
  7.0790E-01  4.7253E+41  6.4082E+34  4.7253E+41  1.0650E+33
  7.4990E-01  6.0392E+41  3.9335E+35  6.0392E+41  7.6689E+33
  7.9430E-01  7.6700E+41  2.1989E+36  7.6700E+41  5.0845E+34
  8.4140E-01  9.6908E+41  1.1357E+37  9.6906E+41  3.1473E+35
  8.9130E-01  1.2297E+42  5.6768E+37  1.2296E+42  1.9415E+36
  9.4410E-01  1.5448E+42  2.5885E+38  1.5445E+42  1.0907E+37
  1.0000E+00  1.9018E+42  1.0393E+39  1.9007E+42  5.2768E+37
  1.0590E+00  2.3051E+42  3.7275E+39  2.3012E+42  2.2428E+38
  1.1220E+00  2.7601E+42  1.2256E+40  2.7470E+42  8.6183E+38
  1.1890E+00  3.2724E+42  3.7386E+40  3.2319E+42  3.0420E+39
  1.2590E+00  3.8650E+42  1.0714E+41  3.7477E+42  1.0111E+40
  1.3340E+00  4.5696E+42  2.8166E+41  4.2578E+42  3.0218E+40
  1.4130E+00  5.4684E+42  6.6592E+41  4.7231E+42  7.9430E+40
  1.4960E+00  6.7545E+42  1.4425E+42  5.1239E+42  1.8817E+41
  1.5850E+00  8.7774E+42  2.9242E+42  5.4428E+42  4.1038E+41
  1.6790E+00  1.2071E+43  5.5805E+42  5.6538E+42  8.3710E+41
  1.7780E+00  1.7371E+43  1.0043E+43  5.7251E+42  1.6027E+42
  1.8840E+00  2.5606E+43  1.7093E+43  5.6416E+42  2.8717E+42
  1.9950E+00  3.7648E+43  2.7427E+43  5.3994E+42  4.8212E+42
  2.1130E+00  5.4194E+43  4.1598E+43  5.0193E+42  7.5772E+42
  2.2390E+00  7.5446E+43  5.9733E+43  4.5345E+42  1.1178E+43
  2.3710E+00  1.0087E+44  8.1326E+43  3.9858E+42  1.5554E+43
  2.5120E+00  1.2954E+44  1.0563E+44  3.4209E+42  2.0483E+43
  2.6610E+00  1.5997E+44  1.3137E+44  2.8725E+42  2.5722E+43
  2.8180E+00  1.9053E+44  1.5715E+44  2.3643E+42  3.1015E+43
  2.9850E+00  2.1976E+44  1.8178E+44  1.9130E+42  3.6064E+43
  3.1620E+00  2.4634E+44  2.0412E+44  1.5240E+42  4.0698E+43
  3.3500E+00  2.6922E+44  2.2343E+44  1.1992E+42  4.4588E+43
  3.5480E+00  2.8774E+44  2.3891E+44  9.3159E+41  4.7897E+43
  3.7580E+00  3.0159E+44  2.5043E+44  7.1588E+41  5.0437E+43
  3.9810E+00  3.1062E+44  2.5786E+44  5.4466E+41  5.2211E+43
  4.2170E+00  3.1493E+44  2.6124E+44  4.1059E+41  5.3279E+43
  4.4670E+00  3.1483E+44  2.6082E+44  3.0683E+41  5.3701E+43
  4.7320E+00  3.1070E+44  2.5698E+44  2.2735E+41  5.3490E+43
  5.0120E+00  3.0315E+44  2.5013E+44  1.6727E+41  5.2854E+43
  5.3090E+00  2.9080E+44  2.4061E+44  1.2129E+41  5.0065E+43
  5.6230E+00  2.7573E+44  2.2900E+44  8.7160E+40  4.6651E+43
  5.9570E+00  2.5871E+44  2.1588E+44  6.2118E+40  4.2768E+43
  6.3100E+00  2.3962E+44  2.0079E+44  4.3722E+40  3.8790E+43
  6.6830E+00  2.2143E+44  1.8666E+44  3.0690E+40  3.4738E+43
  7.0790E+00  2.0223E+44  1.7138E+44  2.1197E+40  3.0834E+43
  7.4990E+00  1.8401E+44  1.5792E+44  1.4706E+40  2.6071E+43
  7.9430E+00  1.6892E+44  1.5098E+44  1.1239E+40  1.7932E+43
  8.4140E+00  1.5006E+44  1.4058E+44  9.6378E+39  9.4708E+42
  8.9130E+00  1.2840E+44  1.2347E+44  8.2950E+39  4.9163E+42
  9.4410E+00  1.0867E+44  1.0609E+44  7.6041E+39  2.5794E+42
  1.0000E+01  1.0456E+44  1.0186E+44  5.8312E+39  2.6910E+42
  1.0590E+01  1.0031E+44  9.7219E+43  4.2249E+39  3.0879E+42
  1.1220E+01  9.3681E+43  9.0027E+43  2.7451E+39  3.6511E+42
  1.1890E+01  8.3601E+43  7.9689E+43  1.7529E+39  3.9102E+42
  1.2590E+01  7.2793E+43  6.8798E+43  1.0824E+39  3.9941E+42
  1.3340E+01  6.2022E+43  5.8177E+43  6.5506E+38  3.8440E+42
  1.4130E+01  5.3278E+43  4.9849E+43  4.0174E+38  3.4279E+42
  1.4960E+01  4.8466E+43  4.5759E+43  2.7832E+38  2.7072E+42
  1.5850E+01  4.4848E+43  4.2795E+43  2.0632E+38  2.0534E+42
  1.6790E+01  4.1610E+43  4.0070E+43  1.5952E+38  1.5399E+42
  1.7780E+01  3.8110E+43  3.6925E+43  1.2452E+38  1.1855E+42
  1.8840E+01  3.3979E+43  3.3013E+43  9.3772E+37  9.6628E+41
  1.9950E+01  2.9422E+43  2.8584E+43  6.5943E+37  8.3846E+41
  2.1130E+01  2.5143E+43  2.4412E+43  4.4369E+37  7.3095E+41
  2.2390E+01  2.1404E+43  2.0777E+43  2.9739E+37  6.2704E+41
  2.3710E+01  1.8182E+43  1.7648E+43  1.9854E+37  5.3376E+41
  2.5120E+01  1.5355E+43  1.4905E+43  1.3239E+37  4.4966E+41
  2.6610E+01  1.2888E+43  1.2511E+43  8.7665E+36  3.7694E+41
  2.8180E+01  1.0754E+43  1.0439E+43  5.7945E+36  3.1462E+41
  2.9850E+01  8.8921E+42  8.6308E+42  3.8086E+36  2.6132E+41
  3.1620E+01  7.2779E+42  7.0614E+42  2.4804E+36  2.1646E+41
  3.3500E+01  5.8903E+42  5.7115E+42  1.6000E+36  1.7879E+41
  3.5480E+01  4.7200E+42  4.5724E+42  1.0234E+36  1.4752E+41
  3.7580E+01  3.7372E+42  3.6157E+42  6.4730E+35  1.2154E+41
  3.9810E+01  2.9196E+42  2.8196E+42  4.0436E+35  1.0003E+41
  4.2170E+01  2.2557E+42  2.1734E+42  2.4975E+35  8.2252E+40
  4.4670E+01  1.7250E+42  1.6574E+42  1.5249E+35  6.7526E+40
  4.7320E+01  1.3074E+42  1.2521E+42  9.2201E+34  5.5323E+40
  5.0120E+01  9.8371E+41  9.3845E+41  5.5300E+34  4.5260E+40
  5.3090E+01  7.3480E+41  6.9786E+41  3.2914E+34  3.6941E+40
  5.6230E+01  5.4598E+41  5.1588E+41  1.9477E+34  3.0100E+40
  5.9570E+01  4.0328E+41  3.7882E+41  1.1453E+34  2.4454E+40
  6.3100E+01  2.9686E+41  2.7702E+41  6.7109E+33  1.9839E+40
  6.6830E+01  2.1793E+41  2.0186E+41  3.9214E+33  1.6072E+40
  7.0790E+01  1.5956E+41  1.4657E+41  2.2853E+33  1.2992E+40
  7.4990E+01  1.1656E+41  1.0608E+41  1.3292E+33  1.0482E+40
  7.9430E+01  8.5081E+40  7.6632E+40  7.7265E+32  8.4486E+39
  8.4140E+01  6.2040E+40  5.5242E+40  4.4874E+32  6.7984E+39
  8.9130E+01  4.5247E+40  3.9783E+40  2.6077E+32  5.4633E+39
  9.4410E+01  3.3012E+40  2.8625E+40  1.5166E+32  4.3868E+39
  1.0000E+02  2.4097E+40  2.0577E+40  8.8271E+31  3.5195E+39
  1.0590E+02  1.7623E+40  1.4800E+40  5.1506E+31  2.8231E+39
  1.1220E+02  1.2898E+40  1.0639E+40  3.0072E+31  2.2587E+39
  1.1890E+02  9.4670E+39  7.6629E+39  1.7614E+31  1.8041E+39
  1.2590E+02  7.0056E+39  5.5611E+39  1.0405E+31  1.4445E+39
  1.3340E+02  5.2033E+39  4.0505E+39  6.1770E+30  1.1528E+39
  1.4130E+02  3.8531E+39  2.9322E+39  3.6720E+30  9.2093E+38
  1.4960E+02  2.8197E+39  2.0827E+39  2.1587E+30  7.3692E+38
  1.5850E+02  2.0569E+39  1.4691E+39  1.2626E+30  5.8779E+38
  1.7780E+02  1.1139E+39  7.3949E+38  4.3904E+29  3.7443E+38
  1.9950E+02  6.1219E+38  3.7425E+38  1.5505E+29  2.3794E+38
  2.2390E+02  3.4051E+38  1.8961E+38  5.5480E+28  1.5091E+38
  2.5120E+02  1.9195E+38  9.6206E+37  2.0125E+28  9.5747E+37
  2.8180E+02  1.0954E+38  4.8812E+37  7.3901E+27  6.0727E+37
  3.1620E+02  6.3192E+37  2.4734E+37  2.7415E+27  3.8458E+37
  3.5480E+02  3.6870E+37  1.2528E+37  1.0271E+27  2.4341E+37
  3.9810E+02  2.1744E+37  6.3427E+36  3.8855E+26  1.5402E+37
  4.4670E+02  1.2949E+37  3.2090E+36  1.4818E+26  9.7401E+36
  5.0120E+02  7.7824E+36  1.6231E+36  5.6932E+25  6.1593E+36
  5.6230E+02  4.7162E+36  8.2094E+35  2.2014E+25  3.8952E+36
  6.3100E+02  2.8750E+36  4.1461E+35  8.5506E+24  2.4604E+36
  7.0790E+02  1.7650E+36  2.0953E+35  3.3398E+24  1.5555E+36
  7.9430E+02  1.0884E+36  1.0576E+35  1.3084E+24  9.8260E+35
  8.9130E+02  6.7379E+35  5.3342E+34  5.1404E+23  6.2044E+35
  1.0000E+03  4.1888E+35  2.6906E+34  2.0261E+23  3.9197E+35
