  1.0000E-03  1.5501E+41  0.0000E+00  1.5499E+41  1.7051E+37
  1.1220E-03  3.5254E+40  0.0000E+00  3.5253E+40  2.1450E+35
  1.2590E-03  7.6461E+39  0.0000E+00  7.6461E+39  2.0324E+33
  1.4130E-03  1.5952E+39  0.0000E+00  1.5952E+39  1.5628E+31
  1.5850E-03  4.5139E+38  0.0000E+00  4.5139E+38  2.5417E+29
  1.7780E-03  5.3975E+38  0.0000E+00  5.3975E+38  6.6609E+28
  1.9950E-03  6.3207E+37  0.0000E+00  6.3207E+37  1.8506E+25
  2.2390E-03  9.8956E+36  0.0000E+00  9.8956E+36  3.6191E+22
  2.5120E-03  1.1902E+37  0.0000E+00  1.1902E+37  2.4822E+21
  2.8180E-03  7.6683E+35  0.0000E+00  7.6683E+35  2.0282E+16
  3.1620E-03  6.4088E+34  0.0000E+00  6.4088E+34  5.5820E+11
  3.5480E-03  6.2073E+33  0.0000E+00  6.2073E+33  2.8563E+07
  3.9810E-03  7.3408E+32  0.0000E+00  7.3408E+32  3.6660E+03
  4.4670E-03  1.2418E+37  0.0000E+00  1.2418E+37  1.7933E+19
  5.0120E-03  8.8592E+35  0.0000E+00  8.8592E+35  5.8353E+13
  5.6230E-03  6.5811E+34  0.0000E+00  6.5811E+34  2.1192E+08
  5.9570E-03  1.8991E+34  0.0000E+00  1.8991E+34  5.3232E+05
  6.6830E-03  2.0520E+33  0.0000E+00  2.0520E+33  1.2112E+01
  7.4990E-03  3.6715E+32  0.0000E+00  3.6715E+32  2.5736E-03
  8.4140E-03  4.5744E+31  0.0000E+00  4.5744E+31  1.1114E-07
  9.4410E-03  8.2263E+30  0.0000E+00  8.2263E+30  3.4747E-11
  1.0590E-02  3.1796E+30  0.0000E+00  3.1796E+30  8.4792E-13
  1.1890E-02  5.8673E+29  0.0000E+00  5.8673E+29  9.3097E-17
  1.3340E-02  1.3625E+29  0.0000E+00  1.3625E+29  9.9790E-20
  1.4960E-02  2.3394E+28  0.0000E+00  2.3394E+28  1.7185E-23
  1.6790E-02  4.5032E+27  0.0000E+00  4.5032E+27  6.4799E-27
  1.8840E-02  1.0305E+27  0.0000E+00  1.0305E+27  6.7139E-30
  2.1130E-02  2.1730E+26  0.0000E+00  2.1730E+26  2.8795E-33
  2.3710E-02  4.1732E+25  0.0000E+00  4.1732E+25  8.9952E-37
  2.6610E-02  6.8459E+24  0.0000E+00  6.8459E+24  1.3407E-40
  2.9850E-02  1.1400E+24  0.0000E+00  1.1400E+24  2.2917E-44
  3.3500E-02  1.8175E+23  0.0000E+00  1.8175E+23  3.3853E-48
  3.7580E-02  1.1147E+23  0.0000E+00  1.1147E+23  3.5024E-49
  4.2170E-02  2.8343E+22  0.0000E+00  2.8343E+22  4.6425E-53
  4.7320E-02  4.2183E+20  0.0000E+00  4.2183E+20  3.1248E-62
  5.3090E-02  2.5149E+18  0.0000E+00  2.5149E+18  3.0528E-73
  6.6830E-02  4.9192E+09  0.0000E+00  4.9192E+09  7.8224-117
  7.4990E-02  1.1635E+04  0.0000E+00  1.1635E+04  1.2161-144
  8.4140E-02  2.4953E+05  0.0000E+00  2.4953E+05  9.1635-138
  9.4410E-02  2.3571E+06  0.0000E+00  2.3571E+06  5.3663-133
  1.0590E-01  2.1572E+10  0.0000E+00  2.1572E+10  1.2278-113
  1.1890E-01  4.7310E+14  0.0000E+00  4.7310E+14  1.0852E-91
  1.3340E-01  6.8507E+17  0.0000E+00  6.8507E+17  8.3345E-76
  1.4960E-01  5.4543E+19  1.3878E-86  5.4543E+19  1.3284E-65
  1.5850E-01  1.1604E+20  3.1713E-83  1.1604E+20  9.3665E-64
  1.7780E-01  2.7214E+19  1.4275E-83  2.7214E+19  6.6582E-67
  1.9950E-01  3.6855E+15  0.0000E+00  3.6855E+15  2.3223E-85
  2.2390E-01  1.8099E+13  0.0000E+00  1.8099E+13  1.5061E-96
  2.3710E-01  1.3077E+16  0.0000E+00  1.3077E+16  7.4431E-83
  2.5120E-01  1.0630E+19  7.0586E-79  1.0630E+19  1.4141E-68
  2.6610E-01  9.0133E+20  1.9641E-68  9.0133E+20  6.6581E-59
  2.8180E-01  2.0692E+22  1.0452E-60  2.0692E+22  6.5006E-52
  2.9850E-01  2.4130E+23  1.7068E-54  2.4130E+23  2.1316E-46
  3.1620E-01  2.2217E+24  6.7499E-49  2.2217E+24  1.8813E-41
  3.3500E-01  1.7058E+25  9.4755E-44  1.7058E+25  6.4518E-37
  3.5480E-01  1.0495E+26  4.0785E-39  1.0495E+26  7.4210E-33
  3.7580E-01  6.2605E+26  1.4015E-34  6.2605E+26  7.3615E-29
  3.9810E-01  3.2208E+27  1.9561E-30  3.2208E+27  3.2232E-25
  4.2170E-01  1.8866E+28  4.7323E-26  1.8866E+28  2.6578E-21
  4.4670E-01  1.0551E+29  7.5398E-22  1.0551E+29  1.5581E-17
  4.7320E-01  5.6627E+29  9.0881E-18  5.6627E+29  7.3495E-14
  5.0120E-01  2.8532E+30  7.5750E-14  2.8532E+30  2.5432E-10
  5.3090E-01  1.4503E+31  6.2452E-10  1.4503E+31  9.1750E-07
  5.6230E-01  6.5209E+31  2.4662E-06  6.5209E+31  1.6766E-03
  5.9570E-01  2.7227E+32  6.1387E-03  2.7227E+32  2.0266E+00
  6.3100E-01  1.1065E+33  1.2264E+01  1.1065E+33  2.0656E+03
  6.6830E-01  4.3632E+33  1.9456E+04  4.3632E+33  1.7528E+06
  7.0790E-01  1.6633E+34  2.2654E+07  1.6633E+34  1.1403E+09
  7.4990E-01  5.8759E+34  1.6016E+10  5.8759E+34  4.7009E+11
  7.9430E-01  2.0022E+35  8.4680E+12  2.0022E+35  1.5101E+14
  8.4140E-01  6.6597E+35  3.5144E+15  6.6597E+35  3.9501E+16
  8.9130E-01  2.2529E+36  1.3924E+18  2.2529E+36  1.0200E+19
  9.4410E-01  7.3390E+36  4.0369E+20  7.3390E+36  1.9939E+21
  1.0000E+00  2.2076E+37  7.2731E+22  2.2076E+37  2.5017E+23
  1.0590E+00  6.2127E+37  8.6292E+24  6.2127E+37  2.1318E+25
  1.1220E+00  1.6564E+38  7.4059E+26  1.6564E+38  1.3453E+27
  1.1890E+00  4.1926E+38  4.8242E+28  4.1926E+38  6.5898E+28
  1.2590E+00  1.0159E+39  2.5496E+30  1.0159E+39  2.6895E+30
  1.3340E+00  2.3129E+39  9.6596E+31  2.3129E+39  8.0262E+31
  1.4130E+00  4.8798E+39  2.4417E+33  4.8798E+39  1.6378E+33
  1.4960E+00  9.6785E+39  4.4366E+34  9.6784E+39  2.4549E+34
  1.5850E+00  1.8362E+40  6.2377E+35  1.8361E+40  2.8875E+35
  1.6790E+00  3.3746E+40  7.0640E+36  3.3736E+40  2.7854E+36
  1.7780E+00  6.0368E+40  6.5091E+37  6.0281E+40  2.2258E+37
  1.8840E+00  1.0566E+41  4.8780E+38  1.0503E+41  1.4651E+38
  1.9950E+00  1.8224E+41  2.9643E+39  1.7848E+41  7.9444E+38
  2.1130E+00  3.1472E+41  1.4663E+40  2.9651E+41  3.5493E+39
  2.2390E+00  5.5464E+41  5.9566E+40  4.8189E+41  1.3176E+40
  2.3710E+00  1.0036E+42  2.0073E+41  7.6177E+41  4.1115E+40
  2.5120E+00  1.8450E+42  5.7087E+41  1.1649E+42  1.0925E+41
  2.6610E+00  3.3563E+42  1.3962E+42  1.7078E+42  2.5230E+41
  2.8180E+00  5.8976E+42  2.9968E+42  2.3841E+42  5.1669E+41
  2.9850E+00  9.8430E+42  5.7380E+42  3.1534E+42  9.5158E+41
  3.1620E+00  1.5535E+43  9.9753E+42  3.9542E+42  1.6050E+42
  3.3500E+00  2.2979E+43  1.5828E+43  4.6684E+42  2.4827E+42
  3.5480E+00  3.2358E+43  2.3471E+43  5.2659E+42  3.6210E+42
  3.7580E+00  4.3298E+43  3.2656E+43  5.6602E+42  4.9823E+42
  3.9810E+00  5.5335E+43  4.2992E+43  5.8221E+42  6.5219E+42
  4.2170E+00  6.7915E+43  5.3973E+43  5.7578E+42  8.1841E+42
  4.4670E+00  8.0436E+43  6.5036E+43  5.4963E+42  9.9044E+42
  4.7320E+00  9.2037E+43  7.5397E+43  5.0632E+42  1.1577E+43
  5.0120E+00  1.0213E+44  8.4463E+43  4.5172E+42  1.3153E+43
  5.3090E+00  1.0966E+44  9.1701E+43  3.8937E+42  1.4063E+43
  5.6230E+00  1.1454E+44  9.6752E+43  3.2553E+42  1.4536E+43
  5.9570E+00  1.1663E+44  9.9451E+43  2.6439E+42  1.4539E+43
  6.3100E+00  1.1666E+44  1.0029E+44  2.1028E+42  1.4266E+43
  6.6830E+00  1.1532E+44  1.0004E+44  1.6444E+42  1.3643E+43
  7.0790E+00  1.1258E+44  9.8461E+43  1.2609E+42  1.2862E+43
  7.4990E+00  9.9012E+43  8.7565E+43  8.4746E+41  1.0599E+43
  7.9430E+00  5.4163E+43  4.9087E+43  3.3596E+41  4.7405E+42
  8.4140E+00  1.6137E+43  1.5090E+43  7.8703E+40  9.6796E+41
  8.9130E+00  5.0043E+42  4.7927E+42  2.2245E+40  1.8930E+41
  9.4410E+00  1.9933E+42  1.9461E+42  8.6939E+39  3.8531E+40
  1.0000E+01  3.3247E+42  3.2508E+42  1.1490E+40  6.2406E+40
  1.0590E+01  6.5121E+42  6.3588E+42  1.7934E+40  1.3534E+41
  1.1220E+01  1.3385E+43  1.3032E+43  2.8617E+40  3.2432E+41
  1.1890E+01  2.2215E+43  2.1596E+43  3.7827E+40  5.8142E+41
  1.2590E+01  3.2789E+43  3.1840E+43  4.4348E+40  9.0454E+41
  1.3340E+01  4.2547E+43  4.1314E+43  4.5150E+40  1.1881E+42
  1.4130E+01  4.8125E+43  4.6843E+43  3.8486E+40  1.2442E+42
  1.4960E+01  4.6648E+43  4.5716E+43  2.7095E+40  9.0567E+41
  1.5850E+01  4.4477E+43  4.3869E+43  1.9060E+40  5.8928E+41
  1.6790E+01  4.3126E+43  4.2740E+43  1.4007E+40  3.7154E+41
  1.7780E+01  4.3788E+43  4.3523E+43  1.1258E+40  2.5387E+41
  1.8840E+01  4.7037E+43  4.6820E+43  1.0010E+40  2.0754E+41
  1.9950E+01  5.2177E+43  5.1963E+43  9.3795E+39  2.0452E+41
  2.1130E+01  5.6981E+43  5.6767E+43  8.4865E+39  2.0531E+41
  2.2390E+01  6.0551E+43  6.0346E+43  7.4112E+39  1.9758E+41
  2.3710E+01  6.2864E+43  6.2672E+43  6.2802E+39  1.8539E+41
  2.5120E+01  6.3898E+43  6.3723E+43  5.2069E+39  1.6961E+41
  2.6610E+01  6.3708E+43  6.3550E+43  4.2204E+39  1.5306E+41
  2.8180E+01  6.2359E+43  6.2219E+43  3.3614E+39  1.3632E+41
  2.9850E+01  5.9952E+43  5.9829E+43  2.6323E+39  1.2007E+41
  3.1620E+01  5.6626E+43  5.6519E+43  2.0252E+39  1.0512E+41
  3.3500E+01  5.2552E+43  5.2459E+43  1.5317E+39  9.1476E+40
  3.5480E+01  4.7968E+43  4.7887E+43  1.1399E+39  7.9282E+40
  3.7580E+01  4.3043E+43  4.2974E+43  8.3462E+38  6.8527E+40
  3.9810E+01  3.7933E+43  3.7873E+43  6.0145E+38  5.9212E+40
  4.2170E+01  3.2871E+43  3.2820E+43  4.2614E+38  5.1047E+40
  4.4670E+01  2.8024E+43  2.7980E+43  2.9656E+38  4.3859E+40
  4.7320E+01  2.3530E+43  2.3492E+43  2.0292E+38  3.7507E+40
  5.0120E+01  1.9478E+43  1.9446E+43  1.3665E+38  3.1938E+40
  5.3090E+01  1.5904E+43  1.5877E+43  9.0594E+37  2.7050E+40
  5.6230E+01  1.2829E+43  1.2806E+43  5.9214E+37  2.2797E+40
  5.9570E+01  1.0223E+43  1.0204E+43  3.8157E+37  1.9099E+40
  6.3100E+01  8.0651E+42  8.0491E+42  2.4296E+37  1.5930E+40
  6.6830E+01  6.3048E+42  6.2916E+42  1.5303E+37  1.3230E+40
  7.0790E+01  4.8869E+42  4.8759E+42  9.5394E+36  1.0933E+40
  7.4990E+01  3.7577E+42  3.7487E+42  5.8907E+36  8.9969E+39
  7.9430E+01  2.8708E+42  2.8634E+42  3.6095E+36  7.3793E+39
  8.4140E+01  2.1796E+42  2.1735E+42  2.1947E+36  6.0305E+39
  8.9130E+01  1.6467E+42  1.6418E+42  1.3266E+36  4.9126E+39
  9.4410E+01  1.2385E+42  1.2345E+42  7.9738E+35  3.9925E+39
  1.0000E+02  9.2747E+41  9.2423E+41  4.7683E+35  3.2374E+39
  1.0590E+02  6.9265E+41  6.9003E+41  2.8418E+35  2.6213E+39
  1.1220E+02  5.1555E+41  5.1343E+41  1.6861E+35  2.1144E+39
  1.1890E+02  3.8331E+41  3.8161E+41  9.9875E+34  1.7009E+39
  1.2590E+02  2.8611E+41  2.8474E+41  5.9373E+34  1.3702E+39
  1.3340E+02  2.1375E+41  2.1265E+41  3.5361E+34  1.0992E+39
  1.4130E+02  1.5857E+41  1.5769E+41  2.0979E+34  8.8242E+38
  1.4960E+02  1.1556E+41  1.1485E+41  1.2211E+34  7.0964E+38
  1.5850E+02  8.3569E+40  8.3000E+40  7.0312E+33  5.6857E+38
  1.7780E+02  4.3946E+40  4.3581E+40  2.3384E+33  3.6482E+38
  1.9950E+02  2.3090E+40  2.2856E+40  7.7648E+32  2.3311E+38
  2.2390E+02  1.2088E+40  1.1940E+40  2.5694E+32  1.4848E+38
  2.5120E+02  6.3143E+39  6.2198E+39  8.4815E+31  9.4524E+37
  2.8180E+02  3.2885E+39  3.2284E+39  2.7918E+31  6.0111E+37
  3.1620E+02  1.7069E+39  1.6687E+39  9.1591E+30  3.8148E+37
  3.5480E+02  8.8421E+38  8.6003E+38  2.9988E+30  2.4185E+37
  3.9810E+02  4.5735E+38  4.4203E+38  9.8088E+29  1.5323E+37
  4.4670E+02  2.3630E+38  2.2660E+38  3.2062E+29  9.7005E+36
  5.0120E+02  1.2209E+38  1.1595E+38  1.0485E+29  6.1394E+36
  5.6230E+02  6.3121E+37  5.9236E+37  3.4326E+28  3.8852E+36
  6.3100E+02  3.2639E+37  3.0183E+37  1.1251E+28  2.4553E+36
  7.0790E+02  1.6925E+37  1.5372E+37  3.7016E+27  1.5530E+36
  7.9430E+02  8.7934E+36  7.8121E+36  1.2214E+27  9.8132E+35
  8.9130E+02  4.5837E+36  3.9639E+36  4.0486E+26  6.1980E+35
  1.0000E+03  2.4016E+36  2.0100E+36  1.3508E+26  3.9165E+35
