  1.0000E-03  2.1824E+38  1.1535E-02  2.1824E+38  1.3125E+32
  1.1220E-03  1.2485E+37  7.7039E-03  1.2485E+37  8.4310E+28
  1.2590E-03  6.4724E+35  5.3446E-03  6.4724E+35  3.3967E+25
  1.4130E-03  3.1559E+34  3.8194E-03  3.1559E+34  9.7257E+21
  1.5850E-03  2.6666E+33  3.0004E-03  2.6666E+33  9.8075E+18
  1.7780E-03  1.9566E+33  3.0039E-03  1.9566E+33  1.0323E+18
  1.9950E-03  2.0057E+31  1.7939E-03  2.0057E+31  1.1966E+12
  2.2390E-03  5.3175E+29  1.2701E-03  5.3175E+29  3.6268E+07
  2.5120E-03  2.3711E+29  1.1751E-03  2.3711E+29  4.1794E+05
  2.8180E-03  4.3357E+26  5.9820E-04  4.3357E+26  1.3762E-03
  3.1620E-03  1.4864E+24  3.3920E-04  1.4864E+24  3.4225E-11
  3.5480E-03  7.0279E+21  2.0338E-04  7.0279E+21  2.3820E-18
  3.9810E-03  5.3226E+19  1.3044E-04  5.3226E+19  7.6149E-25
  4.4670E-03  2.7648E+28  1.5478E-03  2.7648E+28  5.1968E+01
  5.0120E-03  3.7581E+25  7.5033E-04  3.7581E+25  3.9095E-08
  5.6230E-03  5.4140E+22  3.7651E-04  5.4140E+22  3.5524E-17
  5.9570E-03  2.3658E+21  2.7328E-04  2.3658E+21  1.6945E-21
  6.6830E-03  8.7685E+18  1.5712E-04  8.7685E+18  3.2349E-29
  7.4990E-03  1.0781E+17  1.0407E-04  1.0781E+17  2.5419E-35
  8.4140E-03  5.5584E+14  6.3096E-05  5.5584E+14  1.3891E-42
  9.4410E-03  7.9124E+12  4.3151E-05  7.9124E+12  2.0462E-48
  1.0590E-02  1.0353E+12  3.8077E-05  1.0353E+12  4.3038E-51
  1.1890E-02  9.8980E+09  2.4667E-05  9.8980E+09  1.1005E-57
  1.3340E-02  2.6966E+08  1.8227E-05  2.6966E+08  1.2582E-62
  1.4960E-02  2.9224E+06  1.2134E-05  2.9224E+06  6.8271E-69
  1.6790E-02  4.6400E+04  8.4660E-06  4.6400E+04  1.3690E-74
  1.8840E-02  1.2281E+03  6.2631E-06  1.2281E+03  1.4829E-79
  2.1130E-02  2.1746E+01  4.4088E-06  2.1746E+01  3.6935E-85
  2.3710E-02  3.1851E-01  3.0502E-06  3.1851E-01  5.4333E-91
  2.6610E-02  3.1349E-03  2.0237E-06  3.1349E-03  2.3386E-97
  2.9850E-02  3.2929E-05  1.3526E-06  3.2929E-05  1.2730-103
  3.3500E-02  3.1772E-07  8.9712E-07  3.1772E-07  5.4562-110
  3.7580E-02  9.4529E-08  8.7686E-07  9.4529E-08  1.1661-111
  4.2170E-02  1.1369E-09  5.7916E-07  1.1369E-09  4.1773-118
  4.7320E-02  1.8963E-14  1.8646E-07  1.8963E-14  2.7072-133
  5.3090E-02  3.3056E-20  4.3893E-08  3.3056E-20  1.6723-151
  6.6830E-02  4.7925E-43  1.2524E-10  4.7925E-43  1.2425-223
  7.4990E-02  1.1623E-57  2.9947E-12  2.9444E-52  1.3900-269
  8.4140E-02  4.2429E-54  7.4027E-12  1.4926E-47  3.0464-258
  9.4410E-02  1.3221E-51  1.3835E-11  2.2837E-42  2.1627-250
  1.0590E-01  1.9008E-41  1.7136E-10  4.0373E-38  1.9865-218
  1.1890E-01  5.1177E-30  2.8008E-09  5.1177E-30  3.6767-182
  1.3340E-01  9.5247E-22  2.0459E-08  9.5247E-22  6.6313-156
  1.4960E-01  1.6065E-16  7.0085E-08  1.6065E-16  4.7590-139
  1.5850E-01  1.4329E-15  8.2981E-08  1.4329E-15  5.6792-136
  1.7780E-01  3.9076E-17  4.4869E-08  3.9076E-17  4.8616-141
  1.9950E-01  8.8610E-27  3.0291E-09  8.8610E-27  2.3707-171
  2.2390E-01  1.3068E-32  5.5006E-10  1.3072E-32  1.1499-189
  2.3710E-01  2.2249E-25  3.1711E-09  2.2249E-25  5.4632-167
  2.5120E-01  6.9748E-18  1.9873E-08  6.9748E-18  2.4026-143
  2.6610E-01  7.8870E-13  6.7261E-08  7.8870E-13  2.5734-127
  2.8180E-01  3.3940E-09  1.5871E-07  3.3940E-09  1.0186-115
  2.9850E-01  2.4730E-06  3.0726E-07  2.4730E-06  1.4739-106
  3.1620E-01  9.1853E-04  5.5131E-07  9.1853E-04  2.4369E-98
  3.3500E-01  2.0868E-01  9.3651E-07  2.0868E-01  8.4501E-91
  3.5480E-01  2.6682E+01  1.4939E-06  2.6682E+01  4.8084E-84
  3.7580E-01  3.1592E+03  2.3621E-06  3.1592E+03  2.1604E-77
  3.9810E-01  2.4507E+05  3.5652E-06  2.4507E+05  2.4932E-71
  4.2170E-01  2.6491E+07  5.5878E-06  2.6491E+07  8.2780E-65
  4.4670E-01  2.4177E+09  8.6015E-06  2.4177E+09  1.5572E-58
  4.7320E-01  1.9669E+11  1.3092E-05  1.9669E+11  2.0454E-52
  5.0120E-01  1.3564E+13  1.9605E-05  1.3564E+13  1.6090E-46
  5.3090E-01  9.5422E+14  2.9482E-05  9.5422E+14  1.3616E-40
  5.6230E-01  4.7264E+16  4.2701E-05  4.7264E+16  3.7191E-35
  5.9570E-01  1.8894E+18  6.0489E-05  1.8894E+18  5.1150E-30
  6.3100E-01  6.9073E+19  8.5101E-05  6.9073E+19  5.3009E-25
  6.6830E-01  2.2917E+21  1.1884E-04  2.2917E+21  4.0570E-20
  7.0790E-01  6.6453E+22  1.6402E-04  6.6453E+22  1.9934E-15
  7.4990E-01  1.5194E+24  2.2118E-04  1.5194E+24  4.5802E-11
  7.9430E-01  3.0430E+25  2.9534E-04  3.0430E+25  6.9369E-07
  8.4140E-01  5.4681E+26  3.9232E-04  5.4681E+26  7.4639E-03
  8.9130E-01  9.7424E+27  1.4760E-02  9.7424E+27  7.8452E+01
  9.4410E-01  1.5016E+29  1.9392E+02  1.5016E+29  5.1935E+05
  1.0000E+00  1.8329E+30  1.2045E+06  1.8329E+30  1.6476E+09
  1.0590E+00  1.8322E+31  3.7507E+09  1.8322E+31  2.7468E+12
  1.1220E+00  1.5675E+32  6.8405E+12  1.5675E+32  2.7785E+15
  1.1890E+00  1.1750E+33  7.9154E+15  1.1750E+33  1.8441E+18
  1.2590E+00  8.0202E+33  6.5008E+18  8.0202E+33  9.0242E+20
  1.3340E+00  4.7040E+34  3.0916E+21  4.7040E+34  2.6295E+23
  1.4130E+00  2.3022E+35  7.5438E+23  2.3022E+35  4.0822E+25
  1.4960E+00  9.7400E+35  1.0676E+26  9.7400E+35  3.8003E+27
  1.5850E+00  3.6744E+36  9.9089E+27  3.6744E+36  2.3696E+29
  1.6790E+00  1.2630E+37  6.4531E+29  1.2630E+37  1.0636E+31
  1.7780E+00  3.9526E+37  2.9997E+31  3.9525E+37  3.4939E+32
  1.8840E+00  1.1161E+38  9.9373E+32  1.1161E+38  8.3307E+33
  1.9950E+00  2.8347E+38  2.3299E+34  2.8330E+38  1.4404E+35
  2.1130E+00  6.4910E+38  3.8869E+35  6.4690E+38  1.8083E+36
  2.2390E+00  1.3635E+39  4.6797E+36  1.3421E+39  1.6721E+37
  2.3710E+00  2.7247E+39  4.1255E+37  2.5675E+39  1.1595E+38
  2.5120E+00  5.5369E+39  2.7372E+38  4.6463E+39  6.1684E+38
  2.6610E+00  1.2192E+40  1.4100E+39  8.1807E+39  2.6017E+39
  2.8180E+00  2.9122E+40  5.8329E+39  1.4294E+40  8.9949E+39
  2.9850E+00  7.0760E+40  1.9896E+40  2.4764E+40  2.6100E+40
  3.1620E+00  1.6532E+41  5.7697E+40  4.2128E+40  6.5498E+40
  3.3500E+00  3.5353E+41  1.4298E+41  6.8062E+40  1.4248E+41
  3.5480E+00  7.0282E+41  3.1621E+41  1.0544E+41  2.8117E+41
  3.7580E+00  1.2850E+42  6.2716E+41  1.5384E+41  5.0399E+41
  3.9810E+00  2.1757E+42  1.1323E+42  2.1132E+41  8.3201E+41
  4.2170E+00  3.4403E+42  1.8853E+42  2.7408E+41  1.2809E+42
  4.4670E+00  5.1223E+42  2.9279E+42  3.3698E+41  1.8574E+42
  4.7320E+00  7.1941E+42  4.2589E+42  3.9195E+41  2.5433E+42
  5.0120E+00  9.5949E+42  5.8449E+42  4.3322E+41  3.3168E+42
  5.3090E+00  1.2061E+43  7.6123E+42  4.5124E+41  3.9973E+42
  5.6230E+00  1.4471E+43  9.4464E+42  4.4718E+41  4.5775E+42
  5.9570E+00  1.6620E+43  1.1208E+43  4.2234E+41  4.9896E+42
  6.3100E+00  1.8613E+43  1.2935E+43  3.8757E+41  5.2907E+42
  6.6830E+00  2.0231E+43  1.4490E+43  3.4272E+41  5.3986E+42
  7.0790E+00  2.1636E+43  1.5938E+43  2.9575E+41  5.4020E+42
  7.4990E+00  1.9084E+43  1.4547E+43  2.0182E+41  4.3351E+42
  7.9430E+00  6.8659E+42  5.5546E+42  5.2069E+40  1.2593E+42
  8.4140E+00  8.7924E+41  7.7377E+41  6.2305E+39  9.9244E+40
  8.9130E+00  2.0328E+41  1.9446E+41  1.5219E+39  7.3003E+39
  9.4410E+00  1.2465E+41  1.2337E+41  6.9700E+38  5.7556E+38
  1.0000E+01  2.5337E+41  2.5084E+41  1.0898E+39  1.4474E+39
  1.0590E+01  5.8191E+41  5.7395E+41  2.0233E+39  5.9349E+39
  1.1220E+01  1.4860E+42  1.4531E+42  4.0597E+39  2.8839E+40
  1.1890E+01  3.2160E+42  3.1224E+42  6.9657E+39  8.6570E+40
  1.2590E+01  6.1709E+42  5.9550E+42  1.0678E+40  2.0520E+41
  1.3340E+01  9.9932E+42  9.6115E+42  1.3767E+40  3.6794E+41
  1.4130E+01  1.2860E+43  1.2394E+43  1.3490E+40  4.5249E+41
  1.4960E+01  1.2276E+43  1.1963E+43  9.1758E+39  3.0353E+41
  1.5850E+01  1.1243E+43  1.1068E+43  6.0064E+39  1.6937E+41
  1.6790E+01  1.0559E+43  1.0465E+43  4.1233E+39  8.9766E+40
  1.7780E+01  1.0618E+43  1.0561E+43  3.1924E+39  5.4431E+40
  1.8840E+01  1.1538E+43  1.1490E+43  2.8450E+39  4.4637E+40
  1.9950E+01  1.3154E+43  1.3102E+43  2.7667E+39  4.9965E+40
  2.1130E+01  1.4749E+43  1.4689E+43  2.6045E+39  5.7777E+40
  2.2390E+01  1.5955E+43  1.5890E+43  2.3400E+39  6.2389E+40
  2.3710E+01  1.6754E+43  1.6688E+43  2.0238E+39  6.4545E+40
  2.5120E+01  1.7135E+43  1.7069E+43  1.7009E+39  6.4140E+40
  2.6610E+01  1.7136E+43  1.7072E+43  1.3924E+39  6.2323E+40
  2.8180E+01  1.6784E+43  1.6723E+43  1.1165E+39  5.9238E+40
  2.9850E+01  1.6124E+43  1.6067E+43  8.7864E+38  5.5336E+40
  3.1620E+01  1.5216E+43  1.5164E+43  6.7938E+38  5.1206E+40
  3.3500E+01  1.4111E+43  1.4063E+43  5.1660E+38  4.6950E+40
  3.5480E+01  1.2877E+43  1.2834E+43  3.8679E+38  4.2740E+40
  3.7580E+01  1.1563E+43  1.1524E+43  2.8534E+38  3.8754E+40
  3.9810E+01  1.0212E+43  1.0177E+43  2.0769E+38  3.5148E+40
  4.2170E+01  8.8752E+42  8.8433E+42  1.4886E+38  3.1765E+40
  4.4670E+01  7.5929E+42  7.5643E+42  1.0490E+38  2.8557E+40
  4.7320E+01  6.3984E+42  6.3728E+42  7.2711E+37  2.5486E+40
  5.0120E+01  5.3162E+42  5.2935E+42  4.9609E+37  2.2583E+40
  5.3090E+01  4.3559E+42  4.3360E+42  3.3317E+37  1.9844E+40
  5.6230E+01  3.5251E+42  3.5078E+42  2.2050E+37  1.7295E+40
  5.9570E+01  2.8167E+42  2.8018E+42  1.4378E+37  1.4940E+40
  6.3100E+01  2.2274E+42  2.2145E+42  9.2568E+36  1.2808E+40
  6.6830E+01  1.7445E+42  1.7336E+42  5.8907E+36  1.0903E+40
  7.0790E+01  1.3539E+42  1.3447E+42  3.7066E+36  9.2107E+39
  7.4990E+01  1.0420E+42  1.0343E+42  2.3085E+36  7.7293E+39
  7.9430E+01  7.9646E+41  7.9001E+41  1.4255E+36  6.4508E+39
  8.4140E+01  6.0476E+41  5.9941E+41  8.7284E+35  5.3534E+39
  8.9130E+01  4.5681E+41  4.5239E+41  5.3086E+35  4.4204E+39
  9.4410E+01  3.4339E+41  3.3975E+41  3.2088E+35  3.6357E+39
  1.0000E+02  2.5699E+41  2.5401E+41  1.9286E+35  2.9794E+39
  1.0590E+02  1.9177E+41  1.8933E+41  1.1546E+35  2.4350E+39
  1.1220E+02  1.4259E+41  1.4061E+41  6.8769E+34  1.9802E+39
  1.1890E+02  1.0588E+41  1.0427E+41  4.0864E+34  1.6042E+39
  1.2590E+02  7.8913E+40  7.7613E+40  2.4353E+34  1.3002E+39
  1.3340E+02  5.8847E+40  5.7799E+40  1.4528E+34  1.0484E+39
  1.4130E+02  4.3602E+40  4.2756E+40  8.6397E+33  8.4575E+38
  1.4960E+02  3.1780E+40  3.1096E+40  5.0504E+33  6.8352E+38
  1.5850E+02  2.2990E+40  2.2440E+40  2.9210E+33  5.5010E+38
  1.7780E+02  1.2098E+40  1.1742E+40  9.7904E+32  3.5551E+38
  1.9950E+02  6.3638E+39  6.1354E+39  3.2755E+32  2.2841E+38
  2.2390E+02  3.3395E+39  3.1934E+39  1.0928E+32  1.4610E+38
  2.5120E+02  1.7511E+39  1.6578E+39  3.6424E+31  9.3324E+37
  2.8180E+02  9.1724E+38  8.5773E+38  1.2129E+31  5.9504E+37
  3.1620E+02  4.7986E+38  4.4202E+38  4.0361E+30  3.7842E+37
  3.5480E+02  2.5121E+38  2.2718E+38  1.3445E+30  2.4031E+37
  3.9810E+02  1.3172E+38  1.1647E+38  4.4915E+29  1.5245E+37
  4.4670E+02  6.9232E+37  5.9571E+37  1.5060E+29  9.6613E+36
  5.0120E+02  3.6536E+37  3.0417E+37  5.0778E+28  6.1196E+36
  5.6230E+02  1.9385E+37  1.5510E+37  1.7236E+28  3.8752E+36
  6.3100E+02  1.0340E+37  7.8894E+36  5.8926E+27  2.4503E+36
  7.0790E+02  5.5622E+36  4.0117E+36  2.0351E+27  1.5504E+36
  7.9430E+02  3.0159E+36  2.0359E+36  7.0945E+26  9.8005E+35
  8.9130E+02  1.6509E+36  1.0317E+36  2.4996E+26  6.1916E+35
  1.0000E+03  9.1388E+35  5.2255E+35  8.9148E+25  3.9133E+35
