  1.0000E-03  8.9220E+44  0.0000E+00  1.5584E+43  8.7662E+44
  1.1220E-03  1.0007E+45  0.0000E+00  1.7163E+43  9.8357E+44
  1.2590E-03  1.1217E+45  0.0000E+00  1.8003E+43  1.1037E+45
  1.4130E-03  1.2568E+45  0.0000E+00  1.8118E+43  1.2387E+45
  1.5850E-03  1.4075E+45  0.0000E+00  1.8034E+43  1.3894E+45
  1.7780E-03  1.5795E+45  0.0000E+00  2.0870E+43  1.5586E+45
  1.9950E-03  1.7692E+45  0.0000E+00  2.0371E+43  1.7488E+45
  2.2390E-03  1.9813E+45  0.0000E+00  1.8566E+43  1.9627E+45
  2.5120E-03  2.2240E+45  0.0000E+00  2.1973E+43  2.2020E+45
  2.8180E-03  2.4907E+45  0.0000E+00  2.0494E+43  2.4702E+45
  3.1620E-03  2.7906E+45  0.0000E+00  1.8805E+43  2.7718E+45
  3.5480E-03  3.1275E+45  0.0000E+00  1.7169E+43  3.1103E+45
  3.9810E-03  3.5055E+45  0.0000E+00  1.5644E+43  3.4898E+45
  4.4670E-03  3.9871E+45  0.0000E+00  7.1230E+43  3.9158E+45
  5.0120E-03  4.4588E+45  0.0000E+00  6.5190E+43  4.3936E+45
  5.6230E-03  4.9891E+45  0.0000E+00  5.9881E+43  4.9292E+45
  5.9570E-03  5.2800E+45  0.0000E+00  5.7932E+43  5.2220E+45
  6.6830E-03  5.9144E+45  0.0000E+00  5.5867E+43  5.8585E+45
  7.4990E-03  6.6300E+45  0.0000E+00  5.6234E+43  6.5738E+45
  8.4140E-03  7.4329E+45  0.0000E+00  5.7092E+43  7.3758E+45
  9.4410E-03  8.3351E+45  0.0000E+00  5.9047E+43  8.2761E+45
  1.0590E-02  9.3451E+45  0.0000E+00  6.1847E+43  9.2833E+45
  1.1890E-02  1.0490E+46  0.0000E+00  6.6593E+43  1.0423E+46
  1.3340E-02  1.1765E+46  0.0000E+00  7.1079E+43  1.1694E+46
  1.4960E-02  1.3190E+46  0.0000E+00  7.6421E+43  1.3114E+46
  1.6790E-02  1.4801E+46  0.0000E+00  8.2627E+43  1.4718E+46
  1.8840E-02  1.6605E+46  0.0000E+00  8.9857E+43  1.6515E+46
  2.1130E-02  1.8622E+46  0.0000E+00  9.8350E+43  1.8524E+46
  2.3710E-02  2.0892E+46  0.0000E+00  1.0793E+44  2.0785E+46
  2.6610E-02  2.3445E+46  0.0000E+00  1.1875E+44  2.3326E+46
  2.9850E-02  2.6297E+46  9.0909E-83  1.3082E+44  2.6166E+46
  3.3500E-02  2.9510E+46  5.6635E-68  1.4363E+44  2.9367E+46
  3.7580E-02  3.3097E+46  7.0742E-55  1.5418E+44  3.2942E+46
  4.2170E-02  3.7166E+46  3.0059E-43  1.9939E+44  3.6967E+46
  4.7320E-02  4.1716E+46  7.5839E-33  2.3420E+44  4.1482E+46
  5.3090E-02  4.3463E+46  1.3075E-23  2.5048E+44  4.3212E+46
  6.6830E-02  4.1515E+46  4.1974E-08  2.4695E+44  4.1268E+46
  7.4990E-02  4.0565E+46  1.2995E-01  2.3686E+44  4.0328E+46
  8.4140E-02  3.9638E+46  6.7051E+04  2.2768E+44  3.9410E+46
  9.4410E-02  3.8736E+46  7.8897E+09  2.2317E+44  3.8513E+46
  1.0590E-01  3.5267E+46  2.2333E+14  2.1110E+44  3.5055E+46
  1.1890E-01  2.9629E+46  1.8444E+18  1.6128E+44  2.9467E+46
  1.3340E-01  2.4917E+46  4.2230E+21  1.2141E+44  2.4795E+46
  1.4960E-01  2.0954E+46  5.1947E+24  7.5542E+43  2.0878E+46
  1.5850E-01  1.9205E+46  1.5473E+26  5.9568E+43  1.9145E+46
  1.7780E-01  1.6163E+46  7.6497E+28  4.8842E+43  1.6114E+46
  1.9950E-01  1.3605E+46  1.9763E+31  4.7026E+43  1.3558E+46
  2.2390E-01  1.1453E+46  2.2298E+33  4.9704E+43  1.1403E+46
  2.3710E-01  1.0515E+46  1.5827E+34  5.0117E+43  1.0464E+46
  2.5120E-01  9.6419E+45  9.8376E+34  4.6052E+43  9.5958E+45
  2.6610E-01  8.8417E+45  5.6187E+35  4.0462E+43  8.8012E+45
  2.8180E-01  8.1114E+45  2.9053E+36  3.5315E+43  8.0761E+45
  2.9850E-01  7.4390E+45  1.3589E+37  3.1125E+43  7.4079E+45
  3.1620E-01  6.8225E+45  5.7000E+37  2.7874E+43  6.7947E+45
  3.3500E-01  6.2560E+45  2.1791E+38  2.5141E+43  6.2308E+45
  3.5480E-01  5.7393E+45  7.6059E+38  2.2827E+43  5.7165E+45
  3.7580E-01  5.2650E+45  2.4565E+39  2.0871E+43  5.2442E+45
  3.9810E-01  4.8290E+45  7.2968E+39  1.9232E+43  4.8097E+45
  4.2170E-01  4.4296E+45  1.9999E+40  1.7896E+43  4.4116E+45
  4.4670E-01  4.0635E+45  5.0836E+40  1.6804E+43  4.0466E+45
  4.7320E-01  3.7275E+45  1.2160E+41  1.5867E+43  3.7115E+45
  5.0120E-01  3.4201E+45  2.7432E+41  1.5048E+43  3.4048E+45
  5.3090E-01  3.1381E+45  5.8755E+41  1.4352E+43  3.1232E+45
  5.6230E-01  2.8801E+45  1.1892E+42  1.3764E+43  2.8651E+45
  5.9570E-01  2.6431E+45  2.2917E+42  1.3271E+43  2.6276E+45
  6.3100E-01  2.4274E+45  4.2067E+42  1.2871E+43  2.4103E+45
  6.6830E-01  2.2313E+45  7.3641E+42  1.2553E+43  2.2114E+45
  7.0790E-01  2.0531E+45  1.2343E+43  1.2345E+43  2.0284E+45
  7.4990E-01  1.8925E+45  1.9811E+43  1.2226E+43  1.8605E+45
  7.9430E-01  1.7493E+45  3.0531E+43  1.2207E+43  1.7066E+45
  8.4140E-01  1.6230E+45  4.5344E+43  1.2297E+43  1.5653E+45
  8.9130E-01  1.5134E+45  6.5202E+43  1.2505E+43  1.4357E+45
  9.4410E-01  1.4203E+45  9.0547E+43  1.2791E+43  1.3170E+45
  1.0000E+00  1.3427E+45  1.2144E+44  1.3097E+43  1.2081E+45
  1.0590E+00  1.2797E+45  1.5769E+44  1.3413E+43  1.1086E+45
  1.1220E+00  1.2298E+45  1.9957E+44  1.3699E+43  1.0165E+45
  1.1890E+00  1.1923E+45  2.4656E+44  1.3897E+43  9.3183E+44
  1.2590E+00  1.1659E+45  2.9672E+44  1.3932E+43  8.5520E+44
  1.3340E+00  1.1466E+45  3.4868E+44  1.3799E+43  7.8411E+44
  1.4130E+00  1.1312E+45  3.9845E+44  1.3487E+43  7.1927E+44
  1.4960E+00  1.1177E+45  4.4450E+44  1.2989E+43  6.6026E+44
  1.5850E+00  1.1047E+45  4.8693E+44  1.2314E+43  6.0543E+44
  1.6790E+00  1.0895E+45  5.2269E+44  1.1452E+43  5.5530E+44
  1.7780E+00  1.0699E+45  5.4994E+44  1.0420E+43  5.0957E+44
  1.8840E+00  1.0456E+45  5.6916E+44  9.2681E+42  4.6719E+44
  1.9950E+00  1.0159E+45  5.7912E+44  8.0516E+42  4.2875E+44
  2.1130E+00  9.8073E+44  5.8057E+44  6.8361E+42  3.9333E+44
  2.2390E+00  9.3988E+44  5.7360E+44  5.6759E+42  3.6061E+44
  2.3710E+00  8.9475E+44  5.5922E+44  4.6172E+42  3.3092E+44
  2.5120E+00  8.4650E+44  5.3937E+44  3.6907E+42  3.0344E+44
  2.6610E+00  7.9616E+44  5.1494E+44  2.9045E+42  2.7832E+44
  2.8180E+00  7.4460E+44  4.8696E+44  2.2540E+42  2.5538E+44
  2.9850E+00  6.9315E+44  4.5716E+44  1.7290E+42  2.3426E+44
  3.1620E+00  6.4234E+44  4.2617E+44  1.3127E+42  2.1487E+44
  3.3500E+00  5.9424E+44  3.9621E+44  9.8952E+41  1.9704E+44
  3.5480E+00  5.4776E+44  3.6624E+44  7.4027E+41  1.8078E+44
  3.7580E+00  5.0400E+44  3.3762E+44  5.5048E+41  1.6583E+44
  3.9810E+00  4.6297E+44  3.1046E+44  4.0717E+41  1.5210E+44
  4.2170E+00  4.2473E+44  2.8492E+44  2.9982E+41  1.3951E+44
  4.4670E+00  3.8926E+44  2.6108E+44  2.1985E+41  1.2796E+44
  4.7320E+00  3.5660E+44  2.3907E+44  1.6053E+41  1.1737E+44
  5.0120E+00  3.2693E+44  2.1890E+44  1.1692E+41  1.0791E+44
  5.3090E+00  2.9642E+44  2.0032E+44  8.3971E+40  9.6024E+43
  5.6230E+00  2.6824E+44  1.8337E+44  5.9942E+40  8.4805E+43
  5.9570E+00  2.4241E+44  1.6806E+44  4.2558E+40  7.4316E+43
  6.3100E+00  2.1801E+44  1.5327E+44  2.9948E+40  6.4710E+43
  6.6830E+00  1.9722E+44  1.4119E+44  2.1080E+40  5.6014E+43
  7.0790E+00  1.7760E+44  1.2939E+44  1.4652E+40  4.8190E+43
  7.4990E+00  1.6197E+44  1.2073E+44  1.0148E+40  4.1229E+43
  7.9430E+00  1.5780E+44  1.2269E+44  7.4169E+39  3.5109E+43
  8.4140E+00  1.6365E+44  1.3389E+44  6.0486E+39  2.9752E+43
  8.9130E+00  1.6607E+44  1.4096E+44  5.1646E+39  2.5104E+43
  9.4410E+00  1.6482E+44  1.4372E+44  4.8086E+39  2.1101E+43
  1.0000E+01  1.4459E+44  1.2691E+44  3.6792E+39  1.7671E+43
  1.0590E+01  1.2368E+44  1.0892E+44  2.6771E+39  1.4758E+43
  1.1220E+01  1.0386E+44  9.1589E+43  1.7798E+39  1.2267E+43
  1.1890E+01  8.7419E+43  7.7259E+43  1.1774E+39  1.0159E+43
  1.2590E+01  7.4324E+43  6.5911E+43  7.6495E+38  8.4119E+42
  1.3340E+01  6.3718E+43  5.6785E+43  4.9086E+38  6.9319E+42
  1.4130E+01  5.6136E+43  5.0431E+43  3.1635E+38  5.7050E+42
  1.4960E+01  5.2452E+43  4.7760E+43  2.2158E+38  4.6919E+42
  1.5850E+01  5.0001E+43  4.6160E+43  1.6499E+38  3.8414E+42
  1.6790E+01  4.8033E+43  4.4892E+43  1.2869E+38  3.1409E+42
  1.7780E+01  4.5740E+43  4.3174E+43  1.0264E+38  2.5663E+42
  1.8840E+01  4.2501E+43  4.0412E+43  8.0384E+37  2.0888E+42
  1.9950E+01  3.8456E+43  3.6755E+43  5.9774E+37  1.7013E+42
  2.1130E+01  3.4546E+43  3.3164E+43  4.2803E+37  1.3827E+42
  2.2390E+01  3.1039E+43  2.9919E+43  3.0540E+37  1.1203E+42
  2.3710E+01  2.7865E+43  2.6957E+43  2.1682E+37  9.0864E+41
  2.5120E+01  2.4866E+43  2.4132E+43  1.5343E+37  7.3479E+41
  2.6610E+01  2.2021E+43  2.1428E+43  1.0755E+37  5.9383E+41
  2.8180E+01  1.9327E+43  1.8847E+43  7.4965E+36  4.7994E+41
  2.9850E+01  1.6752E+43  1.6365E+43  5.1753E+36  3.8717E+41
  3.1620E+01  1.4318E+43  1.4006E+43  3.5258E+36  3.1199E+41
  3.3500E+01  1.2052E+43  1.1800E+43  2.3690E+36  2.5106E+41
  3.5480E+01  9.9971E+42  9.7950E+42  1.5710E+36  2.0210E+41
  3.7580E+01  8.1640E+42  8.0014E+42  1.0264E+36  1.6253E+41
  3.9810E+01  6.5583E+42  6.4278E+42  6.6043E+35  1.3054E+41
  4.2170E+01  5.1952E+42  5.0905E+42  4.1899E+35  1.0479E+41
  4.4670E+01  4.0635E+42  3.9794E+42  2.6209E+35  8.4074E+40
  4.7320E+01  3.1432E+42  3.0758E+42  1.6199E+35  6.7400E+40
  5.0120E+01  2.4085E+42  2.3545E+42  9.9084E+34  5.4034E+40
  5.3090E+01  1.8288E+42  1.7856E+42  6.0020E+34  4.3282E+40
  5.6230E+01  1.3790E+42  1.3443E+42  3.6073E+34  3.4667E+40
  5.9570E+01  1.0320E+42  1.0043E+42  2.1507E+34  2.7728E+40
  6.3100E+01  7.6857E+41  7.4639E+41  1.2754E+34  2.2180E+40
  6.6830E+01  5.6996E+41  5.5222E+41  7.5294E+33  1.7744E+40
  7.0790E+01  4.2097E+41  4.0678E+41  4.4258E+33  1.4183E+40
  7.4990E+01  3.0981E+41  2.9848E+41  2.5922E+33  1.1329E+40
  7.9430E+01  2.2747E+41  2.1842E+41  1.5149E+33  9.0505E+39
  8.4140E+01  1.6663E+41  1.5940E+41  8.8313E+32  7.2256E+39
  8.9130E+01  1.2191E+41  1.1614E+41  5.1435E+32  5.7665E+39
  9.4410E+01  8.9105E+40  8.4503E+40  2.9934E+32  4.6021E+39
  1.0000E+02  6.5064E+40  6.1392E+40  1.7408E+32  3.6722E+39
  1.0590E+02  4.7535E+40  4.4603E+40  1.0134E+32  2.9317E+39
  1.1220E+02  3.4715E+40  3.2379E+40  5.8967E+31  2.3358E+39
  1.1890E+02  2.5408E+40  2.3549E+40  3.4395E+31  1.8590E+39
  1.2590E+02  1.8741E+40  1.7257E+40  2.0224E+31  1.4838E+39
  1.3340E+02  1.3878E+40  1.2697E+40  1.1955E+31  1.1811E+39
  1.4130E+02  1.0212E+40  9.2707E+39  7.0543E+30  9.4117E+38
  1.4960E+02  7.3737E+39  6.6225E+39  4.0890E+30  7.5121E+38
  1.5850E+02  5.2936E+39  4.6958E+39  2.3526E+30  5.9781E+38
  1.7780E+02  2.7692E+39  2.3898E+39  7.9036E+29  3.7942E+38
  1.9950E+02  1.4629E+39  1.2224E+39  2.6883E+29  2.4043E+38
  2.2390E+02  7.7759E+38  6.2543E+38  9.2332E+28  1.5216E+38
  2.5120E+02  4.1653E+38  3.2016E+38  3.2060E+28  9.6376E+37
  2.8180E+02  2.2477E+38  1.6373E+38  1.1250E+28  6.1043E+37
  3.1620E+02  1.2218E+38  8.3559E+37  3.9864E+27  3.8617E+37
  3.5480E+02  6.7017E+37  4.2596E+37  1.4278E+27  2.4421E+37
  3.9810E+02  3.7130E+37  2.1688E+37  5.1730E+26  1.5442E+37
  4.4670E+02  2.0790E+37  1.1029E+37  1.8947E+26  9.7603E+36
  5.0120E+02  1.1774E+37  5.6043E+36  7.0151E+25  6.1695E+36
  5.6230E+02  6.7466E+36  2.8462E+36  2.6238E+25  3.9003E+36
  6.3100E+02  3.9057E+36  1.4428E+36  9.8966E+24  2.4629E+36
  7.0790E+02  2.2884E+36  7.3156E+35  3.7682E+24  1.5568E+36
  7.9430E+02  1.3536E+36  3.7036E+35  1.4443E+24  9.8325E+35
  8.9130E+02  8.0807E+35  1.8730E+35  5.5698E+23  6.2077E+35
  1.0000E+03  4.8684E+35  9.4702E+34  2.1614E+23  3.9214E+35
