  1.0000E-03  4.5830E+41  0.0000E+00  4.5830E+41  7.9934E+35
  1.1220E-03  1.8512E+41  0.0000E+00  1.8512E+41  4.6429E+33
  1.2590E-03  7.1587E+40  0.0000E+00  7.1587E+40  1.9379E+31
  1.4130E-03  2.7217E+40  0.0000E+00  2.7217E+40  6.3452E+28
  1.5850E-03  1.2692E+40  0.0000E+00  1.2692E+40  5.0235E+26
  1.7780E-03  1.4616E+40  0.0000E+00  1.4616E+40  1.0441E+26
  1.9950E-03  4.2204E+39  0.0000E+00  4.2204E+39  7.0026E+21
  2.2390E-03  1.4323E+39  0.0000E+00  1.4323E+39  4.6582E+18
  2.5120E-03  1.8099E+39  0.0000E+00  1.8099E+39  2.0239E+17
  2.8180E-03  3.8699E+38  0.0000E+00  3.8699E+38  2.1750E+11
  3.1620E-03  9.2877E+37  0.0000E+00  9.2877E+37  9.7130E+05
  3.5480E-03  2.3720E+37  0.0000E+00  2.3720E+37  8.9670E+00
  3.9810E-03  6.6868E+36  0.0000E+00  6.6868E+36  2.4288E-04
  4.4670E-03  2.7278E+39  0.0000E+00  2.7278E+39  4.8801E+14
  5.0120E-03  6.3251E+38  0.0000E+00  6.3251E+38  1.8177E+08
  5.6230E-03  1.4810E+38  0.0000E+00  1.4810E+38  7.7180E+01
  5.9570E-03  7.3740E+37  0.0000E+00  7.3740E+37  6.9512E-02
  6.6830E-03  2.1089E+37  0.0000E+00  2.1089E+37  2.5307E-07
  7.4990E-03  8.1007E+36  0.0000E+00  8.1007E+36  1.2653E-11
  8.4140E-03  2.5198E+36  0.0000E+00  2.5198E+36  9.7150E-17
  9.4410E-03  9.5080E+35  0.0000E+00  9.5080E+35  7.6007E-21
  1.0590E-02  5.2725E+35  0.0000E+00  5.2725E+35  9.8961E-23
  1.1890E-02  2.2159E+35  0.0000E+00  2.2159E+35  2.2617E-27
  1.3340E-02  9.6921E+34  0.0000E+00  9.6921E+34  7.5019E-31
  1.4960E-02  3.6713E+34  0.0000E+00  3.6713E+34  2.9098E-35
  1.6790E-02  1.4539E+34  0.0000E+00  1.4539E+34  2.8326E-39
  1.8840E-02  6.2507E+33  0.0000E+00  6.2507E+33  9.0373E-43
  2.1130E-02  2.6684E+33  0.0000E+00  2.6684E+33  1.0240E-46
  2.3710E-02  1.0641E+33  0.0000E+00  1.0641E+33  8.0042E-51
  2.6610E-02  3.8560E+32  0.0000E+00  3.8560E+32  2.6293E-55
  2.9850E-02  1.3991E+32  0.0000E+00  1.3991E+32  1.0167E-59
  3.3500E-02  4.9260E+31  0.0000E+00  4.9260E+31  3.3177E-64
  3.7580E-02  3.7877E+31  0.0000E+00  3.7877E+31  2.2790E-65
  4.2170E-02  1.9753E+31  0.0000E+00  1.9753E+31  6.5517E-70
  4.7320E-02  1.8266E+30  0.0000E+00  1.8266E+30  1.2326E-80
  5.3090E-02  9.7163E+28  0.0000E+00  9.7163E+28  1.6643E-93
  6.6830E-02  1.0202E+24  0.0000E+00  1.0202E+24  1.7750-144
  7.4990E-02  5.9373E+20  0.0000E+00  5.9373E+20  5.6895-177
  8.4140E-02  3.2062E+21  0.0000E+00  3.2062E+21  6.0503-169
  9.4410E-02  1.1607E+22  0.0000E+00  1.1607E+22  2.1990-163
  1.0590E-01  2.2157E+24  0.0000E+00  2.2157E+24  8.9294-141
  1.1890E-01  6.4907E+26  0.0000E+00  6.4907E+26  3.8952-115
  1.3340E-01  4.1298E+28  0.0000E+00  4.1298E+28  1.4113E-96
  1.4960E-01  4.7070E+29  0.0000E+00  4.7070E+29  1.1611E-84
  1.5850E-01  7.2200E+29  1.3770E-88  7.2200E+29  1.6989E-82
  1.7780E-01  3.3353E+29  6.2704E-89  3.3353E+29  3.9371E-86
  1.9950E-01  1.8206E+27  0.0000E+00  1.8206E+27  1.2326-107
  2.2390E-01  7.7804E+25  0.0000E+00  7.7804E+25  1.1894-120
  2.3710E-01  3.5868E+27  0.0000E+00  3.5868E+27  1.2342-104
  2.5120E-01  1.6878E+29  1.9909E-83  1.6878E+29  6.1775E-88
  2.6610E-01  2.0862E+30  6.4629E-73  2.0862E+30  1.2808E-76
  2.8180E-01  1.1894E+31  4.7339E-65  1.1894E+31  1.9471E-68
  2.9850E-01  4.5931E+31  1.0989E-58  4.5931E+31  5.6045E-62
  3.1620E-01  1.5570E+32  6.1679E-53  1.5570E+32  3.4800E-56
  3.3500E-01  4.7586E+32  1.2212E-47  4.7586E+32  7.1604E-51
  3.5480E-01  1.2779E+33  7.3404E-43  1.2779E+33  4.1078E-46
  3.7580E-01  3.3612E+33  3.4910E-38  3.3612E+33  1.9882E-41
  3.9810E-01  8.1613E+33  6.7170E-34  8.1613E+33  3.6904E-37
  4.2170E-01  2.1261E+34  2.2120E-29  2.1261E+34  1.4408E-32
  4.4670E-01  5.4296E+34  4.7605E-25  5.4296E+34  3.7697E-28
  4.7320E-01  1.3542E+35  7.6833E-21  1.3542E+35  7.6507E-24
  5.0120E-01  3.2571E+35  8.4959E-17  3.2571E+35  1.0809E-19
  5.3090E-01  7.8695E+35  9.2205E-13  7.8695E+35  1.6056E-15
  5.6230E-01  1.7831E+36  4.7639E-09  1.7831E+36  1.0747E-11
  5.9570E-01  3.8838E+36  1.5427E-05  3.8838E+36  4.4327E-08
  6.3100E-01  8.3400E+36  3.9744E-02  8.3400E+36  1.4974E-04
  6.6830E-01  1.7602E+37  8.0685E+01  1.7602E+37  4.0830E-01
  7.0790E-01  3.6499E+37  1.1928E+05  3.6499E+37  8.1493E+02
  7.4990E-01  7.2402E+37  1.0615E+08  7.2402E+37  9.5229E+05
  7.9430E-01  1.4030E+38  6.9937E+10  1.4030E+38  8.3007E+08
  8.4140E-01  2.6707E+38  3.5894E+13  2.6707E+38  5.6864E+11
  8.9130E-01  5.1148E+38  1.7461E+16  5.1148E+38  3.8343E+14
  9.4410E-01  9.5692E+38  6.1790E+18  9.5692E+38  1.8659E+17
  1.0000E+00  1.7138E+39  1.3494E+21  1.7138E+39  5.4030E+19
  1.0590E+00  2.9811E+39  1.9244E+23  2.9811E+39  9.9409E+21
  1.1220E+00  5.1087E+39  1.9724E+25  5.1087E+39  1.2860E+24
  1.1890E+00  8.7141E+39  1.5251E+27  8.7141E+39  1.2362E+26
  1.2590E+00  1.5020E+40  9.5100E+28  1.5020E+40  9.5904E+27
  1.3340E+00  2.5870E+40  4.2361E+30  2.5870E+40  5.1584E+29
  1.4130E+00  4.3763E+40  1.2505E+32  4.3763E+40  1.7786E+31
  1.4960E+00  7.2547E+40  2.6374E+33  7.2547E+40  4.2741E+32
  1.5850E+00  1.1773E+41  4.2911E+34  1.1773E+41  7.7362E+33
  1.6790E+00  1.8626E+41  5.6043E+35  1.8626E+41  1.1103E+35
  1.7780E+00  2.8454E+41  5.9360E+36  2.8453E+41  1.2783E+36
  1.8840E+00  4.1589E+41  5.1002E+37  4.1583E+41  1.1733E+37
  1.9950E+00  5.7746E+41  3.5364E+38  5.7702E+41  8.5839E+37
  2.1130E+00  7.5987E+41  1.9862E+39  7.5738E+41  5.0079E+38
  2.2390E+00  9.5080E+41  9.1093E+39  9.3934E+41  2.3532E+39
  2.3710E+00  1.1446E+42  3.4400E+40  1.1012E+42  9.0245E+39
  2.5120E+00  1.3629E+42  1.0886E+41  1.2253E+42  2.8689E+40
  2.6610E+00  1.6713E+42  2.9407E+41  1.2998E+42  7.7399E+40
  2.8180E+00  2.1945E+42  6.9219E+41  1.3209E+42  1.8146E+41
  2.9850E+00  3.1122E+42  1.4442E+42  1.2922E+42  3.7581E+41
  3.1620E+00  4.6463E+42  2.7209E+42  1.2230E+42  7.0235E+41
  3.3500E+00  6.9614E+42  4.6528E+42  1.1222E+42  1.1864E+42
  3.5480E+00  1.0279E+43  7.4038E+42  1.0048E+42  1.8708E+42
  3.7580E+00  1.4648E+43  1.1013E+43  8.7918E+41  2.7561E+42
  3.9810E+00  2.0040E+43  1.5456E+43  7.5372E+41  3.8305E+42
  4.2170E+00  2.6335E+43  2.0633E+43  6.3475E+41  5.0673E+42
  4.4670E+00  3.3341E+43  2.6389E+43  5.2618E+41  6.4257E+42
  4.7320E+00  4.0683E+43  3.2429E+43  4.2947E+41  7.8241E+42
  5.0120E+00  4.8027E+43  3.8470E+43  3.4594E+41  9.2112E+42
  5.3090E+00  5.4632E+43  4.4201E+43  2.7323E+41  1.0158E+43
  5.6230E+00  6.0317E+43  4.9324E+43  2.1281E+41  1.0781E+43
  5.9570E+00  6.4782E+43  5.3593E+43  1.6363E+41  1.1025E+43
  6.3100E+00  6.8259E+43  5.7099E+43  1.2425E+41  1.1036E+43
  6.6830E+00  7.0880E+43  6.0054E+43  9.3828E+40  1.0732E+43
  7.0790E+00  7.2613E+43  6.2269E+43  6.9841E+40  1.0275E+43
  7.4990E+00  6.6346E+43  5.7889E+43  4.9384E+40  8.4075E+42
  7.9430E+00  3.6041E+43  3.2652E+43  2.9339E+40  3.3597E+42
  8.4140E+00  1.0496E+43  9.9461E+42  1.4876E+40  5.3520E+41
  8.9130E+00  3.4455E+42  3.3564E+42  8.0453E+39  8.1111E+40
  9.4410E+00  1.5236E+42  1.5057E+42  4.9580E+39  1.2892E+40
  1.0000E+01  2.4894E+42  2.4611E+42  4.8362E+39  2.3417E+40
  1.0590E+01  4.7458E+42  4.6809E+42  4.9897E+39  5.9951E+40
  1.1220E+01  9.6691E+42  9.4914E+42  4.9729E+39  1.7272E+41
  1.1890E+01  1.6333E+43  1.5974E+43  4.5635E+39  3.5416E+41
  1.2590E+01  2.5070E+43  2.4451E+43  3.9699E+39  6.1487E+41
  1.3340E+01  3.4110E+43  3.3231E+43  3.2455E+39  8.7588E+41
  1.4130E+01  3.9980E+43  3.9022E+43  2.4599E+39  9.5643E+41
  1.4960E+01  3.8563E+43  3.7880E+43  1.7758E+39  6.8152E+41
  1.5850E+01  3.6432E+43  3.6005E+43  1.3241E+39  4.2602E+41
  1.6790E+01  3.5290E+43  3.5032E+43  1.0340E+39  2.5672E+41
  1.7780E+01  3.6158E+43  3.5987E+43  8.5524E+38  1.7004E+41
  1.8840E+01  3.9373E+43  3.9234E+43  7.3981E+38  1.3913E+41
  1.9950E+01  4.4337E+43  4.4195E+43  6.4168E+38  1.4173E+41
  2.1130E+01  4.9198E+43  4.9050E+43  5.3670E+38  1.4763E+41
  2.2390E+01  5.3078E+43  5.2932E+43  4.3970E+38  1.4640E+41
  2.3710E+01  5.5879E+43  5.5738E+43  3.5317E+38  1.4091E+41
  2.5120E+01  5.7478E+43  5.7346E+43  2.7962E+38  1.3173E+41
  2.6610E+01  5.7887E+43  5.7766E+43  2.1736E+38  1.2119E+41
  2.8180E+01  5.7100E+43  5.6990E+43  1.6662E+38  1.0978E+41
  2.9850E+01  5.5182E+43  5.5084E+43  1.2579E+38  9.8190E+40
  3.1620E+01  5.2279E+43  5.2192E+43  9.3311E+37  8.7215E+40
  3.3500E+01  4.8555E+43  4.8478E+43  6.8034E+37  7.6936E+40
  3.5480E+01  4.4256E+43  4.4188E+43  4.8794E+37  6.7538E+40
  3.7580E+01  3.9596E+43  3.9536E+43  3.4400E+37  5.9108E+40
  3.9810E+01  3.4767E+43  3.4716E+43  2.3841E+37  5.1720E+40
  4.2170E+01  3.0001E+43  2.9956E+43  1.6245E+37  4.5138E+40
  4.4670E+01  2.5461E+43  2.5422E+43  1.0879E+37  3.9240E+40
  4.7320E+01  2.1276E+43  2.1243E+43  7.1722E+36  3.3931E+40
  5.0120E+01  1.7529E+43  1.7500E+43  4.6610E+36  2.9193E+40
  5.3090E+01  1.4245E+43  1.4220E+43  2.9877E+36  2.4962E+40
  5.6230E+01  1.1438E+43  1.1417E+43  1.8922E+36  2.1222E+40
  5.9570E+01  9.0743E+42  9.0564E+42  1.1840E+36  1.7921E+40
  6.3100E+01  7.1286E+42  7.1136E+42  7.3377E+35  1.5054E+40
  6.6830E+01  5.5506E+42  5.5380E+42  4.5085E+35  1.2583E+40
  7.0790E+01  4.2859E+42  4.2754E+42  2.7477E+35  1.0458E+40
  7.4990E+01  3.2838E+42  3.2752E+42  1.6623E+35  8.6496E+39
  7.9430E+01  2.5003E+42  2.4932E+42  9.9982E+34  7.1265E+39
  8.4140E+01  1.8923E+42  1.8865E+42  5.9782E+34  5.8472E+39
  8.9130E+01  1.4255E+42  1.4207E+42  3.5595E+34  4.7800E+39
  9.4410E+01  1.0692E+42  1.0653E+42  2.1110E+34  3.8968E+39
  1.0000E+02  7.9871E+41  7.9554E+41  1.2472E+34  3.1684E+39
  1.0590E+02  5.9514E+41  5.9257E+41  7.3538E+33  2.5717E+39
  1.1220E+02  4.4208E+41  4.4000E+41  4.3221E+33  2.0788E+39
  1.1890E+02  3.2815E+41  3.2648E+41  2.5396E+33  1.6753E+39
  1.2590E+02  2.4469E+41  2.4333E+41  1.4999E+33  1.3517E+39
  1.3340E+02  1.8271E+41  1.8162E+41  8.8869E+32  1.0858E+39
  1.4130E+02  1.3541E+41  1.3454E+41  5.2444E+32  8.7277E+38
  1.4960E+02  9.8456E+40  9.7753E+40  3.0315E+32  7.0277E+38
  1.5850E+02  7.1032E+40  7.0469E+40  1.7343E+32  5.6373E+38
  1.7780E+02  3.7225E+40  3.6862E+40  5.7108E+31  3.6238E+38
  1.9950E+02  1.9511E+40  1.9279E+40  1.8828E+31  2.3188E+38
  2.2390E+02  1.0196E+40  1.0048E+40  6.1975E+30  1.4786E+38
  2.5120E+02  5.3183E+39  5.2241E+39  2.0382E+30  9.4211E+37
  2.8180E+02  2.7671E+39  2.7072E+39  6.6933E+29  5.9953E+37
  3.1620E+02  1.4354E+39  1.3973E+39  2.1933E+29  3.8069E+37
  3.5480E+02  7.4341E+38  7.1926E+38  7.1811E+28  2.4145E+37
  3.9810E+02  3.8459E+38  3.6929E+38  2.3516E+28  1.5303E+37
  4.4670E+02  1.9883E+38  1.8914E+38  7.7046E+27  9.6903E+36
  5.0120E+02  1.0284E+38  9.6703E+37  2.5287E+27  6.1342E+36
  5.6230E+02  5.3255E+37  4.9372E+37  8.3201E+26  3.8826E+36
  6.3100E+02  2.7597E+37  2.5143E+37  2.7447E+26  2.4540E+36
  7.0790E+02  1.4351E+37  1.2799E+37  9.1036E+25  1.5523E+36
  7.9430E+02  7.4827E+36  6.5017E+36  3.0336E+25  9.8099E+35
  8.9130E+02  3.9174E+36  3.2978E+36  1.0173E+25  6.1964E+35
  1.0000E+03  2.0633E+36  1.6717E+36  3.4406E+24  3.9156E+35
