  1.0000E-03  1.3269E+44  0.0000E+00  8.8244E+43  4.4446E+43
  1.1220E-03  8.5211E+43  0.0000E+00  6.1784E+43  2.3428E+43
  1.2590E-03  5.0702E+43  0.0000E+00  3.8947E+43  1.1755E+43
  1.4130E-03  2.8181E+43  0.0000E+00  2.2498E+43  5.6832E+42
  1.5850E-03  1.7040E+43  0.0000E+00  1.3940E+43  3.0999E+42
  1.7780E-03  1.9409E+43  0.0000E+00  1.6737E+43  2.6720E+42
  1.9950E-03  8.3998E+42  0.0000E+00  7.6638E+42  7.3595E+41
  2.2390E-03  3.7223E+42  0.0000E+00  3.4428E+42  2.7947E+41
  2.5120E-03  5.0479E+42  0.0000E+00  4.8568E+42  1.9111E+41
  2.8180E-03  1.9087E+42  0.0000E+00  1.8796E+42  2.9096E+40
  3.1620E-03  7.6235E+41  0.0000E+00  7.5692E+41  5.4282E+39
  3.5480E-03  3.1572E+41  0.0000E+00  3.1460E+41  1.1248E+39
  3.9810E-03  1.3844E+41  0.0000E+00  1.3816E+41  2.7250E+38
  4.4670E-03  1.6664E+43  0.0000E+00  1.6507E+43  1.5689E+41
  5.0120E-03  7.5147E+42  0.0000E+00  7.4946E+42  2.0055E+40
  5.6230E-03  3.4562E+42  0.0000E+00  3.4536E+42  2.6053E+39
  5.9570E-03  2.3839E+42  0.0000E+00  2.3829E+42  9.8380E+38
  6.6830E-03  1.2243E+42  0.0000E+00  1.2241E+42  1.7438E+38
  7.4990E-03  7.5374E+41  0.0000E+00  7.5370E+41  4.4954E+37
  8.4140E-03  4.1478E+41  0.0000E+00  4.1477E+41  8.9195E+36
  9.4410E-03  2.4489E+41  0.0000E+00  2.4488E+41  2.4660E+36
  1.0590E-02  1.6033E+41  0.0000E+00  1.6033E+41  1.4083E+36
  1.1890E-02  1.1756E+41  0.0000E+00  1.1756E+41  3.2802E+35
  1.3340E-02  7.5401E+40  0.0000E+00  7.5401E+40  1.1154E+35
  1.4960E-02  4.7478E+40  0.0000E+00  4.7478E+40  2.7961E+34
  1.6790E-02  2.9731E+40  0.0000E+00  2.9731E+40  7.9886E+33
  1.8840E-02  1.9034E+40  0.0000E+00  1.9034E+40  2.6986E+33
  2.1130E-02  1.2947E+40  0.0000E+00  1.2947E+40  7.8678E+32
  2.3710E-02  8.4138E+39  0.0000E+00  8.4138E+39  2.1750E+32
  2.6610E-02  5.2312E+39  0.0000E+00  5.2312E+39  5.3073E+31
  2.9850E-02  3.2419E+39  0.0000E+00  3.2419E+39  1.3214E+31
  3.3500E-02  1.9634E+39  3.8400E-83  1.9634E+39  3.2070E+30
  3.7580E-02  1.6584E+39  3.2249E-70  1.6584E+39  2.4077E+30
  4.2170E-02  1.9045E+39  2.9841E-59  1.9045E+39  5.7358E+29
  4.7320E-02  7.5672E+38  2.0814E-50  7.5672E+38  1.6721E+28
  5.3090E-02  2.2509E+38  4.8972E-43  2.2509E+38  2.2226E+26
  6.6830E-02  2.1366E+36  6.8339E-35  2.1366E+36  7.5455E+18
  7.4990E-02  9.6671E+34  4.0284E-33  9.6671E+34  1.2345E+14
  8.4140E-02  1.7457E+35  3.0598E-26  1.7457E+35  1.8895E+15
  9.4410E-02  2.9724E+35  2.3068E-20  2.9724E+35  1.2588E+16
  1.0590E-01  2.7836E+36  1.2514E-12  2.7836E+36  2.5935E+19
  1.1890E-01  2.2449E+37  5.8116E-05  2.2449E+37  1.3844E+23
  1.3340E-01  1.0436E+38  7.2690E+01  1.0436E+38  6.6908E+25
  1.4960E-01  1.7881E+38  5.1510E+06  1.7881E+38  3.4396E+27
  1.5850E-01  1.7922E+38  3.2015E+08  1.7922E+38  6.6643E+27
  1.7780E-01  1.1868E+38  4.5242E+10  1.1868E+38  1.5449E+27
  1.9950E-01  1.1820E+37  8.1420E+09  1.1820E+37  7.9925E+23
  2.2390E-01  3.8840E+36  1.0774E+10  3.8840E+36  7.4360E+21
  2.3710E-01  2.4315E+37  1.6075E+13  2.4315E+37  1.5328E+24
  2.5120E-01  1.2983E+38  2.6560E+16  1.2983E+38  3.9804E+26
  2.6610E-01  3.5133E+38  6.6619E+18  3.5133E+38  1.6736E+28
  2.8180E-01  6.5691E+38  5.2829E+20  6.5691E+38  2.4302E+29
  2.9850E-01  1.0593E+39  2.1304E+22  1.0593E+39  1.9714E+30
  3.1620E-01  1.6774E+39  6.1541E+23  1.6774E+39  1.2764E+31
  3.3500E-01  2.5786E+39  1.3770E+25  2.5786E+39  7.0235E+31
  3.5480E-01  3.7707E+39  2.3333E+26  3.7707E+39  3.2065E+32
  3.7580E-01  5.5031E+39  3.5518E+27  5.5031E+39  1.4227E+33
  3.9810E-01  7.8939E+39  4.3344E+28  7.8939E+39  5.4992E+33
  4.2170E-01  1.1793E+40  5.4018E+29  1.1793E+40  2.3608E+34
  4.4670E-01  1.7829E+40  5.8905E+30  1.7829E+40  9.5735E+34
  4.7320E-01  2.6802E+40  5.8160E+31  2.6802E+40  3.7396E+35
  5.0120E-01  3.9698E+40  5.1332E+32  3.9696E+40  1.3856E+36
  5.3090E-01  5.9089E+40  4.3196E+33  5.9083E+40  5.1622E+36
  5.6230E-01  8.6544E+40  3.0666E+34  8.6527E+40  1.7156E+37
  5.9570E-01  1.2579E+41  1.9340E+35  1.2574E+41  5.3156E+37
  6.3100E-01  1.8349E+41  1.1279E+36  1.8333E+41  1.6004E+38
  6.6830E-01  2.6856E+41  6.0771E+36  2.6809E+41  4.6699E+38
  7.0790E-01  3.9869E+41  2.9985E+37  3.9736E+41  1.3037E+39
  7.4990E-01  5.9213E+41  1.3136E+38  5.8862E+41  3.3722E+39
  7.9430E-01  8.8791E+41  5.2993E+38  8.7901E+41  8.3717E+39
  8.4140E-01  1.3493E+42  1.9897E+39  1.3272E+42  2.0080E+40
  8.9130E-01  2.1013E+42  7.2074E+39  2.0460E+42  4.8091E+40
  9.4410E-01  3.2918E+42  2.4062E+40  3.1579E+42  1.0989E+41
  1.0000E+00  5.0926E+42  7.2121E+40  4.7875E+42  2.3295E+41
  1.0590E+00  7.8041E+42  1.9640E+41  7.1449E+42  4.6280E+41
  1.1220E+00  1.1868E+43  4.9631E+41  1.0498E+43  8.7390E+41
  1.1890E+00  1.7880E+43  1.1746E+42  1.5124E+43  1.5812E+42
  1.2590E+00  2.6713E+43  2.6270E+42  2.1309E+43  2.7778E+42
  1.3340E+00  3.9276E+43  5.4566E+42  2.9196E+43  4.6235E+42
  1.4130E+00  5.6110E+43  1.0370E+43  3.8525E+43  7.2151E+42
  1.4960E+00  7.7992E+43  1.8310E+43  4.8994E+43  1.0688E+43
  1.5850E+00  1.0596E+44  3.0553E+43  6.0225E+43  1.5179E+43
  1.6790E+00  1.4066E+44  4.8406E+43  7.1412E+43  2.0844E+43
  1.7780E+00  1.8205E+44  7.2937E+43  8.1377E+43  2.7732E+43
  1.8840E+00  2.2946E+44  1.0482E+44  8.8976E+43  3.5667E+43
  1.9950E+00  2.8100E+44  1.4347E+44  9.3118E+43  4.4411E+43
  2.1130E+00  3.3428E+44  1.8745E+44  9.3357E+43  5.3478E+43
  2.2390E+00  3.8618E+44  2.3407E+44  8.9760E+43  6.2351E+43
  2.3710E+00  4.3353E+44  2.7997E+44  8.2946E+43  7.0613E+43
  2.5120E+00  4.7401E+44  3.2225E+44  7.4014E+43  7.7747E+43
  2.6610E+00  5.0569E+44  3.5812E+44  6.3989E+43  8.3579E+43
  2.8180E+00  5.2752E+44  3.8569E+44  5.3785E+43  8.8043E+43
  2.9850E+00  5.3950E+44  4.0432E+44  4.4127E+43  9.1046E+43
  3.1620E+00  5.4202E+44  4.1384E+44  3.5443E+43  9.2732E+43
  3.3500E+00  5.3649E+44  4.1548E+44  2.7971E+43  9.3039E+43
  3.5480E+00  5.2392E+44  4.0974E+44  2.1735E+43  9.2444E+43
  3.7580E+00  5.0584E+44  3.9825E+44  1.6663E+43  9.0925E+43
  3.9810E+00  4.8344E+44  3.8217E+44  1.2625E+43  8.8654E+43
  4.2170E+00  4.5806E+44  3.6277E+44  9.4700E+42  8.5820E+43
  4.4670E+00  4.3079E+44  3.4120E+44  7.0410E+42  8.2558E+43
  4.7320E+00  4.0253E+44  3.1839E+44  5.1906E+42  7.8945E+43
  5.0120E+00  3.7428E+44  2.9520E+44  3.8014E+42  7.5277E+43
  5.3090E+00  3.4390E+44  2.7202E+44  2.7477E+42  6.9135E+43
  5.6230E+00  3.1420E+44  2.4950E+44  1.9700E+42  6.2736E+43
  5.9570E+00  2.8572E+44  2.2808E+44  1.4023E+42  5.6247E+43
  6.3100E+00  2.5799E+44  2.0701E+44  9.8832E+41  4.9998E+43
  6.6830E+00  2.3403E+44  1.8930E+44  6.9697E+41  4.4030E+43
  7.0790E+00  2.1104E+44  1.7207E+44  4.8524E+41  3.8484E+43
  7.4990E+00  1.8990E+44  1.5683E+44  3.3268E+41  3.2738E+43
  7.9430E+00  1.7037E+44  1.4508E+44  2.2680E+41  2.5062E+43
  8.4140E+00  1.4870E+44  1.3177E+44  1.5914E+41  1.6774E+43
  8.9130E+00  1.2682E+44  1.1560E+44  1.1638E+41  1.1106E+43
  9.4410E+00  1.0703E+44  9.9560E+43  9.3456E+40  7.3784E+42
  1.0000E+01  1.0295E+44  9.5977E+43  7.7416E+40  6.8963E+42
  1.0590E+01  9.9615E+43  9.2802E+43  6.2840E+40  6.7504E+42
  1.1220E+01  9.5285E+43  8.8546E+43  4.7034E+40  6.6911E+42
  1.1890E+01  8.8013E+43  8.1678E+43  3.3932E+40  6.3010E+42
  1.2590E+01  8.0748E+43  7.4930E+43  2.3731E+40  5.7942E+42
  1.3340E+01  7.3456E+43  6.8280E+43  1.6159E+40  5.1598E+42
  1.4130E+01  6.7371E+43  6.2940E+43  1.0845E+40  4.4202E+42
  1.4960E+01  6.3713E+43  6.0143E+43  7.6687E+39  3.5625E+42
  1.5850E+01  6.1241E+43  5.8428E+43  5.7292E+39  2.8076E+42
  1.6790E+01  5.9532E+43  5.7329E+43  4.4903E+39  2.1986E+42
  1.7780E+01  5.8135E+43  5.6387E+43  3.6430E+39  1.7438E+42
  1.8840E+01  5.6575E+43  5.5152E+43  2.9651E+39  1.4203E+42
  1.9950E+01  5.4566E+43  5.3370E+43  2.3364E+39  1.1939E+42
  2.1130E+01  5.2484E+43  5.1477E+43  1.7814E+39  1.0049E+42
  2.2390E+01  5.0483E+43  4.9644E+43  1.3524E+39  8.3772E+41
  2.3710E+01  4.8479E+43  4.7782E+43  1.0206E+39  6.9603E+41
  2.5120E+01  4.6267E+43  4.5692E+43  7.6717E+38  5.7446E+41
  2.6610E+01  4.3786E+43  4.3312E+43  5.7078E+38  4.7280E+41
  2.8180E+01  4.1000E+43  4.0611E+43  4.2153E+38  3.8831E+41
  2.9850E+01  3.7865E+43  3.7547E+43  3.0789E+38  3.1785E+41
  3.1620E+01  3.4422E+43  3.4162E+43  2.2157E+38  2.5968E+41
  3.3500E+01  3.0758E+43  3.0546E+43  1.5696E+38  2.1170E+41
  3.5480E+01  2.7019E+43  2.6846E+43  1.0948E+38  1.7254E+41
  3.7580E+01  2.3315E+43  2.3175E+43  7.5090E+37  1.4044E+41
  3.9810E+01  1.9749E+43  1.9635E+43  5.0634E+37  1.1419E+41
  4.2170E+01  1.6456E+43  1.6363E+43  3.3592E+37  9.2780E+40
  4.4670E+01  1.3507E+43  1.3431E+43  2.1927E+37  7.5302E+40
  4.7320E+01  1.0937E+43  1.0876E+43  1.4111E+37  6.1030E+40
  5.0120E+01  8.7512E+42  8.7018E+42  8.9667E+36  4.9428E+40
  5.3090E+01  6.9222E+42  6.8822E+42  5.6299E+36  3.9968E+40
  5.6230E+01  5.4237E+42  5.3914E+42  3.4992E+36  3.2290E+40
  5.9570E+01  4.2089E+42  4.1829E+42  2.1529E+36  2.6030E+40
  6.3100E+01  3.2423E+42  3.2213E+42  1.3144E+36  2.0970E+40
  6.6830E+01  2.4814E+42  2.4645E+42  7.9710E+35  1.6883E+40
  7.0790E+01  1.8875E+42  1.8739E+42  4.8030E+35  1.3571E+40
  7.4990E+01  1.4276E+42  1.4167E+42  2.8775E+35  1.0895E+40
  7.9430E+01  1.0750E+42  1.0662E+42  1.7165E+35  8.7426E+39
  8.4140E+01  8.0598E+41  7.9897E+41  1.0192E+35  7.0075E+39
  8.9130E+01  6.0242E+41  5.9681E+41  6.0345E+34  5.6119E+39
  9.4410E+01  4.4897E+41  4.4448E+41  3.5627E+34  4.4925E+39
  1.0000E+02  3.3365E+41  3.3005E+41  2.0976E+34  3.5946E+39
  1.0590E+02  2.4762E+41  2.4474E+41  1.2337E+34  2.8766E+39
  1.1220E+02  1.8342E+41  1.8112E+41  7.2404E+33  2.2967E+39
  1.1890E+02  1.3595E+41  1.3412E+41  4.2530E+33  1.8312E+39
  1.2590E+02  1.0137E+41  9.9904E+40  2.5142E+33  1.4639E+39
  1.3340E+02  7.5804E+40  7.4637E+40  1.4930E+33  1.1668E+39
  1.4130E+02  5.6217E+40  5.5286E+40  8.8250E+32  9.3094E+38
  1.4960E+02  4.0791E+40  4.0047E+40  5.0992E+32  7.4399E+38
  1.5850E+02  2.9375E+40  2.8782E+40  2.9170E+32  5.9275E+38
  1.7780E+02  1.5385E+40  1.5008E+40  9.6330E+31  3.7690E+38
  1.9950E+02  8.0805E+39  7.8413E+39  3.1945E+31  2.3918E+38
  2.2390E+02  4.2386E+39  4.0871E+39  1.0601E+31  1.5153E+38
  2.5120E+02  2.2224E+39  2.1264E+39  3.5228E+30  9.6059E+37
  2.8180E+02  1.1639E+39  1.1030E+39  1.1717E+30  6.0884E+37
  3.1620E+02  6.0855E+38  5.7001E+38  3.8995E+29  3.8537E+37
  3.5480E+02  3.1817E+38  2.9379E+38  1.3005E+29  2.4381E+37
  3.9810E+02  1.6647E+38  1.5105E+38  4.3529E+28  1.5422E+37
  4.4670E+02  8.7221E+37  7.7471E+37  1.4634E+28  9.7501E+36
  5.0120E+02  4.5826E+37  3.9662E+37  4.9494E+27  6.1643E+36
  5.6230E+02  2.4174E+37  2.0276E+37  1.6858E+27  3.8978E+36
  6.3100E+02  1.2800E+37  1.0339E+37  5.7850E+26  2.4616E+36
  7.0790E+02  6.8253E+36  5.2691E+36  2.0057E+26  1.5561E+36
  7.9430E+02  3.6626E+36  2.6797E+36  7.0196E+25  9.8292E+35
  8.9130E+02  1.9812E+36  1.3606E+36  2.4829E+25  6.2061E+35
  1.0000E+03  1.0825E+36  6.9040E+35  8.8882E+24  3.9205E+35
