  1.0000E-03  8.9024E+44  0.0000E+00  1.3617E+43  8.7662E+44
  1.1220E-03  9.9623E+44  0.0000E+00  1.2660E+43  9.8357E+44
  1.2590E-03  1.1149E+45  0.0000E+00  1.1250E+43  1.1037E+45
  1.4130E-03  1.2484E+45  0.0000E+00  9.6930E+42  1.2387E+45
  1.5850E-03  1.3980E+45  0.0000E+00  8.6130E+42  1.3894E+45
  1.7780E-03  1.5685E+45  0.0000E+00  9.9075E+42  1.5586E+45
  1.9950E-03  1.7571E+45  0.0000E+00  8.2713E+42  1.7488E+45
  2.2390E-03  1.9697E+45  0.0000E+00  6.9590E+42  1.9627E+45
  2.5120E-03  2.2104E+45  0.0000E+00  8.3932E+42  2.2020E+45
  2.8180E-03  2.4772E+45  0.0000E+00  7.0098E+42  2.4702E+45
  3.1620E-03  2.7779E+45  0.0000E+00  6.0654E+42  2.7718E+45
  3.5480E-03  3.1157E+45  0.0000E+00  5.3600E+42  3.1103E+45
  3.9810E-03  3.4946E+45  0.0000E+00  4.7762E+42  3.4898E+45
  4.4670E-03  3.9398E+45  0.0000E+00  2.3921E+43  3.9158E+45
  5.0120E-03  4.4120E+45  0.0000E+00  1.8451E+43  4.3936E+45
  5.6230E-03  4.9458E+45  0.0000E+00  1.6530E+43  4.9292E+45
  5.9570E-03  5.2384E+45  0.0000E+00  1.6389E+43  5.2220E+45
  6.6830E-03  5.8756E+45  0.0000E+00  1.7064E+43  5.8585E+45
  7.4990E-03  6.5925E+45  0.0000E+00  1.8728E+43  6.5738E+45
  8.4140E-03  7.3962E+45  0.0000E+00  2.0335E+43  7.3758E+45
  9.4410E-03  8.2984E+45  0.0000E+00  2.2291E+43  8.2761E+45
  1.0590E-02  9.3081E+45  0.0000E+00  2.4815E+43  9.2833E+45
  1.1890E-02  1.0450E+46  0.0000E+00  2.7139E+43  1.0423E+46
  1.3340E-02  1.1724E+46  0.0000E+00  2.9640E+43  1.1694E+46
  1.4960E-02  1.3146E+46  0.0000E+00  3.2084E+43  1.3114E+46
  1.6790E-02  1.4753E+46  0.0000E+00  3.4791E+43  1.4718E+46
  1.8840E-02  1.6553E+46  0.0000E+00  3.7842E+43  1.6515E+46
  2.1130E-02  1.8565E+46  0.0000E+00  4.1014E+43  1.8524E+46
  2.3710E-02  2.0829E+46  0.0000E+00  4.4363E+43  2.0785E+46
  2.6610E-02  2.3374E+46  0.0000E+00  4.7829E+43  2.3326E+46
  2.9850E-02  2.6218E+46  2.4127E-83  5.1499E+43  2.6166E+46
  3.3500E-02  2.9422E+46  1.5004E-68  5.5090E+43  2.9367E+46
  3.7580E-02  3.3001E+46  1.8708E-55  5.8650E+43  3.2942E+46
  4.2170E-02  3.7041E+46  7.9486E-44  7.3771E+43  3.6967E+46
  4.7320E-02  4.1562E+46  1.9932E-33  8.0496E+43  4.1482E+46
  5.3090E-02  4.3291E+46  3.3885E-24  7.8420E+43  4.3212E+46
  6.6830E-02  4.1322E+46  9.8109E-09  5.4045E+43  4.1268E+46
  7.4990E-02  4.0370E+46  2.8107E-02  4.1846E+43  4.0328E+46
  8.4140E-02  3.9453E+46  1.4950E+04  4.2454E+43  3.9410E+46
  9.4410E-02  3.8556E+46  1.8100E+09  4.3231E+43  3.8513E+46
  1.0590E-01  3.5103E+46  5.4446E+13  4.7723E+43  3.5055E+46
  1.1890E-01  2.9511E+46  4.6814E+17  4.3836E+43  2.9467E+46
  1.3340E-01  2.4833E+46  1.0836E+21  3.7615E+43  2.4795E+46
  1.4960E-01  2.0903E+46  1.3100E+24  2.4947E+43  2.0878E+46
  1.5850E-01  1.9165E+46  3.8874E+25  1.9758E+43  1.9145E+46
  1.7780E-01  1.6130E+46  1.9881E+28  1.6091E+43  1.6114E+46
  1.9950E-01  1.3572E+46  5.2602E+30  1.3517E+43  1.3558E+46
  2.2390E-01  1.1416E+46  5.8312E+32  1.2934E+43  1.1403E+46
  2.3710E-01  1.0479E+46  4.2235E+33  1.4594E+43  1.0464E+46
  2.5120E-01  9.6109E+45  2.6741E+34  1.5115E+43  9.5958E+45
  2.6610E-01  8.8156E+45  1.5367E+35  1.4369E+43  8.8012E+45
  2.8180E-01  8.0893E+45  7.9492E+35  1.3229E+43  8.0761E+45
  2.9850E-01  7.4200E+45  3.7087E+36  1.2120E+43  7.4079E+45
  3.1620E-01  6.8059E+45  1.5488E+37  1.1201E+43  6.7947E+45
  3.3500E-01  6.2412E+45  5.8874E+37  1.0361E+43  6.2308E+45
  3.5480E-01  5.7261E+45  2.0414E+38  9.5908E+42  5.7165E+45
  3.7580E-01  5.2531E+45  6.5492E+38  8.9166E+42  5.2442E+45
  3.9810E-01  4.8180E+45  1.9290E+39  8.3101E+42  4.8097E+45
  4.2170E-01  4.4195E+45  5.2416E+39  7.8140E+42  4.4116E+45
  4.4670E-01  4.0540E+45  1.3190E+40  7.3803E+42  4.0466E+45
  4.7320E-01  3.7185E+45  3.1208E+40  6.9876E+42  3.7115E+45
  5.0120E-01  3.4115E+45  6.9601E+40  6.6277E+42  3.4048E+45
  5.3090E-01  3.1297E+45  1.4742E+41  6.3190E+42  3.1232E+45
  5.6230E-01  2.8715E+45  2.9484E+41  6.0433E+42  2.8651E+45
  5.9570E-01  2.6339E+45  5.6134E+41  5.8069E+42  2.6276E+45
  6.3100E-01  2.4170E+45  1.0183E+42  5.6141E+42  2.4103E+45
  6.6830E-01  2.2186E+45  1.7635E+42  5.4683E+42  2.2114E+45
  7.0790E-01  2.0367E+45  2.9249E+42  5.3696E+42  2.0284E+45
  7.4990E-01  1.8704E+45  4.6464E+42  5.3064E+42  1.8605E+45
  7.9430E-01  1.7190E+45  7.0924E+42  5.2863E+42  1.7066E+45
  8.4140E-01  1.5811E+45  1.0453E+43  5.3250E+42  1.5653E+45
  8.9130E-01  1.4561E+45  1.4961E+43  5.4305E+42  1.4357E+45
  9.4410E-01  1.3433E+45  2.0762E+43  5.5971E+42  1.3170E+45
  1.0000E+00  1.2419E+45  2.7944E+43  5.7987E+42  1.2081E+45
  1.0590E+00  1.1512E+45  3.6573E+43  6.0304E+42  1.1086E+45
  1.1220E+00  1.0697E+45  4.6894E+43  6.2798E+42  1.0165E+45
  1.1890E+00  9.9745E+44  5.9091E+43  6.5323E+42  9.3183E+44
  1.2590E+00  9.3518E+44  7.3201E+43  6.7710E+42  8.5520E+44
  1.3340E+00  8.8044E+44  8.9346E+43  6.9891E+42  7.8411E+44
  1.4130E+00  8.3337E+44  1.0692E+44  7.1697E+42  7.1927E+44
  1.4960E+00  7.9356E+44  1.2600E+44  7.2994E+42  6.6026E+44
  1.5850E+00  7.6000E+44  1.4720E+44  7.3682E+42  6.0543E+44
  1.6790E+00  7.3292E+44  1.7026E+44  7.3591E+42  5.5530E+44
  1.7780E+00  7.1184E+44  1.9502E+44  7.2509E+42  5.0957E+44
  1.8840E+00  6.9596E+44  2.2173E+44  7.0364E+42  4.6719E+44
  1.9950E+00  6.8508E+44  2.4962E+44  6.7114E+42  4.2875E+44
  2.1130E+00  6.7783E+44  2.7822E+44  6.2881E+42  3.9333E+44
  2.2390E+00  6.7281E+44  3.0642E+44  5.7842E+42  3.6061E+44
  2.3710E+00  6.6909E+44  3.3295E+44  5.2224E+42  3.3092E+44
  2.5120E+00  6.6529E+44  3.5721E+44  4.6358E+42  3.0344E+44
  2.6610E+00  6.6032E+44  3.7795E+44  4.0474E+42  2.7832E+44
  2.8180E+00  6.5313E+44  3.9427E+44  3.4769E+42  2.5538E+44
  2.9850E+00  6.4319E+44  4.0599E+44  2.9427E+42  2.3426E+44
  3.1620E+00  6.2993E+44  4.1261E+44  2.4551E+42  2.1487E+44
  3.3500E+00  6.1395E+44  4.1489E+44  2.0212E+42  1.9704E+44
  3.5480E+00  5.9445E+44  4.1203E+44  1.6425E+42  1.8078E+44
  3.7580E+00  5.7215E+44  4.0500E+44  1.3182E+42  1.6583E+44
  3.9810E+00  5.4730E+44  3.9416E+44  1.0452E+42  1.5210E+44
  4.2170E+00  5.2039E+44  3.8006E+44  8.1950E+41  1.3951E+44
  4.4670E+00  4.9195E+44  3.6336E+44  6.3553E+41  1.2796E+44
  4.7320E+00  4.6259E+44  3.4474E+44  4.8738E+41  1.1737E+44
  5.0120E+00  4.3312E+44  3.2484E+44  3.7012E+41  1.0791E+44
  5.3090E+00  4.0032E+44  3.0402E+44  2.7641E+41  9.6024E+43
  5.6230E+00  3.6790E+44  2.8289E+44  2.0403E+41  8.4805E+43
  5.9570E+00  3.3642E+44  2.6196E+44  1.4897E+41  7.4316E+43
  6.3100E+00  3.0531E+44  2.4049E+44  1.0739E+41  6.4710E+43
  6.6830E+00  2.7768E+44  2.2159E+44  7.7037E+40  5.6014E+43
  7.0790E+00  2.5081E+44  2.0256E+44  5.4411E+40  4.8190E+43
  7.4990E+00  2.2744E+44  1.8617E+44  3.7610E+40  4.1229E+43
  7.9430E+00  2.1315E+44  1.7802E+44  2.5632E+40  3.5109E+43
  8.4140E+00  2.0239E+44  1.7262E+44  1.8385E+40  2.9752E+43
  8.9130E+00  1.8647E+44  1.6135E+44  1.4213E+40  2.5104E+43
  9.4410E+00  1.6835E+44  1.4723E+44  1.2304E+40  2.1101E+43
  1.0000E+01  1.5429E+44  1.3661E+44  9.9401E+39  1.7671E+43
  1.0590E+01  1.4090E+44  1.2613E+44  7.7891E+39  1.4758E+43
  1.1220E+01  1.2686E+44  1.1459E+44  5.6321E+39  1.2267E+43
  1.1890E+01  1.1204E+44  1.0188E+44  3.9877E+39  1.0159E+43
  1.2590E+01  9.7844E+43  8.9429E+43  2.7297E+39  8.4119E+42
  1.3340E+01  8.4448E+43  7.7515E+43  1.8110E+39  6.9319E+42
  1.4130E+01  7.3764E+43  6.8058E+43  1.1802E+39  5.7050E+42
  1.4960E+01  6.8018E+43  6.3325E+43  8.1687E+38  4.6919E+42
  1.5850E+01  6.3540E+43  5.9698E+43  5.9507E+38  3.8414E+42
  1.6790E+01  5.9261E+43  5.6119E+43  4.5079E+38  3.1409E+42
  1.7780E+01  5.4498E+43  5.1932E+43  3.4917E+38  2.5663E+42
  1.8840E+01  4.8999E+43  4.6910E+43  2.6754E+38  2.0888E+42
  1.9950E+01  4.3095E+43  4.1394E+43  1.9635E+38  1.7013E+42
  2.1130E+01  3.7493E+43  3.6110E+43  1.3841E+38  1.3827E+42
  2.2390E+01  3.2470E+43  3.1350E+43  9.6673E+37  1.1203E+42
  2.3710E+01  2.8036E+43  2.7127E+43  6.6971E+37  9.0864E+41
  2.5120E+01  2.4051E+43  2.3317E+43  4.6168E+37  7.3479E+41
  2.6610E+01  2.0499E+43  1.9905E+43  3.1530E+37  5.9383E+41
  2.8180E+01  1.7358E+43  1.6878E+43  2.1440E+37  4.7994E+41
  2.9850E+01  1.4564E+43  1.4176E+43  1.4472E+37  3.8717E+41
  3.1620E+01  1.2095E+43  1.1783E+43  9.6697E+36  3.1199E+41
  3.3500E+01  9.9336E+42  9.6826E+42  6.3940E+36  2.5106E+41
  3.5480E+01  8.0773E+42  7.8752E+42  4.1889E+36  2.0210E+41
  3.7580E+01  6.4904E+42  6.3279E+42  2.7128E+36  1.6253E+41
  3.9810E+01  5.1460E+42  5.0155E+42  1.7353E+36  1.3054E+41
  4.2170E+01  4.0338E+42  3.9290E+42  1.0969E+36  1.0479E+41
  4.4670E+01  3.1281E+42  3.0440E+42  6.8481E+35  8.4074E+40
  4.7320E+01  2.4024E+42  2.3350E+42  4.2286E+35  6.7400E+40
  5.0120E+01  1.8298E+42  1.7758E+42  2.5862E+35  5.4034E+40
  5.3090E+01  1.3822E+42  1.3389E+42  1.5670E+35  4.3282E+40
  5.6230E+01  1.0374E+42  1.0027E+42  9.4229E+34  3.4667E+40
  5.9570E+01  7.7302E+41  7.4530E+41  5.6202E+34  2.7728E+40
  6.3100E+01  5.7336E+41  5.5118E+41  3.3337E+34  2.2180E+40
  6.6830E+01  4.2355E+41  4.0581E+41  1.9682E+34  1.7744E+40
  7.0790E+01  3.1167E+41  2.9748E+41  1.1567E+34  1.4183E+40
  7.4990E+01  2.2853E+41  2.1720E+41  6.7719E+33  1.1329E+40
  7.9430E+01  1.6722E+41  1.5817E+41  3.9552E+33  9.0505E+39
  8.4140E+01  1.2209E+41  1.1486E+41  2.3039E+33  7.2256E+39
  8.9130E+01  8.9043E+40  8.3276E+40  1.3406E+33  5.7665E+39
  9.4410E+01  6.4889E+40  6.0287E+40  7.7940E+32  4.6021E+39
  1.0000E+02  4.7252E+40  4.3580E+40  4.5278E+32  3.6722E+39
  1.0590E+02  3.4435E+40  3.1503E+40  2.6330E+32  2.9317E+39
  1.1220E+02  2.5085E+40  2.2750E+40  1.5300E+32  2.3358E+39
  1.1890E+02  1.8311E+40  1.6452E+40  8.9099E+31  1.8590E+39
  1.2590E+02  1.3465E+40  1.1981E+40  5.2278E+31  1.4838E+39
  1.3340E+02  9.9339E+39  8.7528E+39  3.0815E+31  1.1811E+39
  1.4130E+02  7.2960E+39  6.3548E+39  1.8157E+31  9.4117E+38
  1.4960E+02  5.2797E+39  4.5285E+39  1.0545E+31  7.5121E+38
  1.5850E+02  3.8023E+39  3.2045E+39  6.0823E+30  5.9781E+38
  1.7780E+02  2.0013E+39  1.6219E+39  2.0522E+30  3.7942E+38
  1.9950E+02  1.0649E+39  8.2451E+38  7.0122E+29  2.4043E+38
  2.2390E+02  5.7145E+38  4.1929E+38  2.4218E+29  1.5216E+38
  2.5120E+02  3.0979E+38  2.1342E+38  8.4657E+28  9.6376E+37
  2.8180E+02  1.6961E+38  1.0857E+38  2.9938E+28  6.1043E+37
  3.1620E+02  9.3756E+37  5.5139E+37  1.0701E+28  3.8617E+37
  3.5480E+02  5.2405E+37  2.7984E+37  3.8682E+27  2.4421E+37
  3.9810E+02  2.9633E+37  1.4191E+37  1.4148E+27  1.5442E+37
  4.4670E+02  1.6950E+37  7.1902E+36  5.2312E+26  9.7603E+36
  5.0120E+02  9.8108E+36  3.6413E+36  1.9547E+26  6.1695E+36
  5.6230E+02  5.7440E+36  1.8436E+36  7.3739E+25  3.9003E+36
  6.3100E+02  3.3949E+36  9.3198E+35  2.8034E+25  2.4629E+36
  7.0790E+02  2.0282E+36  4.7136E+35  1.0751E+25  1.5568E+36
  7.9430E+02  1.2213E+36  2.3809E+35  4.1464E+24  9.8325E+35
  8.9130E+02  7.4093E+35  1.2016E+35  1.6078E+24  6.2077E+35
  1.0000E+03  4.5277E+35  6.0640E+34  6.2685E+23  3.9214E+35
