  1.0000E-03  9.3259E+37  0.0000E+00  9.3259E+37  1.2739E+32
  1.1220E-03  3.5610E+36  0.0000E+00  3.5610E+36  8.1082E+28
  1.2590E-03  1.1522E+35  0.0000E+00  1.1522E+35  3.2277E+25
  1.4130E-03  3.3001E+33  0.0000E+00  3.3001E+33  9.1023E+21
  1.5850E-03  1.7438E+32  0.0000E+00  1.7438E+32  8.9965E+18
  1.7780E-03  1.2531E+32  0.0000E+00  1.2531E+32  9.2137E+17
  1.9950E-03  5.5956E+29  0.0000E+00  5.5956E+29  1.0395E+12
  2.2390E-03  7.1233E+27  0.0000E+00  7.1233E+27  3.0498E+07
  2.5120E-03  3.0553E+27  0.0000E+00  3.0553E+27  3.3833E+05
  2.8180E-03  1.8898E+24  0.0000E+00  1.8898E+24  1.0774E-03
  3.1620E-03  2.4360E+21  0.0000E+00  2.4360E+21  2.5933E-11
  3.5480E-03  4.6064E+18  0.0000E+00  4.6064E+18  1.7508E-18
  3.9810E-03  1.5106E+16  0.0000E+00  1.5106E+16  5.4503E-25
  4.4670E-03  3.1757E+26  0.0000E+00  3.1757E+26  5.0746E+01
  5.0120E-03  1.5341E+23  0.0000E+00  1.5341E+23  3.5902E-08
  5.6230E-03  8.0492E+19  0.0000E+00  8.0492E+19  3.0594E-17
  5.9570E-03  2.1707E+18  0.0000E+00  2.1707E+18  1.4141E-21
  6.6830E-03  3.3736E+15  0.0000E+00  3.3736E+15  2.5481E-29
  7.4990E-03  2.0847E+13  0.0000E+00  2.0847E+13  1.8952E-35
  8.4140E-03  4.7394E+10  0.0000E+00  4.7394E+10  9.8520E-43
  9.4410E-03  3.3970E+08  0.0000E+00  3.3970E+08  1.3838E-48
  1.0590E-02  2.9536E+07  0.0000E+00  2.9536E+07  2.7734E-51
  1.1890E-02  1.4260E+05  0.0000E+00  1.4260E+05  6.7834E-58
  1.3340E-02  2.1411E+03  0.0000E+00  2.1411E+03  7.4107E-63
  1.4960E-02  1.1447E+01  0.0000E+00  1.1447E+01  3.8437E-69
  1.6790E-02  9.3466E-02  0.0000E+00  9.3466E-02  7.3624E-75
  1.8840E-02  1.3548E-03  0.0000E+00  1.3548E-03  7.6110E-80
  2.1130E-02  1.2718E-05  0.0000E+00  1.2718E-05  1.8092E-85
  2.3710E-02  9.5482E-08  0.0000E+00  9.5482E-08  2.5378E-91
  2.6610E-02  4.5437E-10  0.0000E+00  4.5437E-10  1.0393E-97
  2.9850E-02  2.3159E-12  0.0000E+00  2.3159E-12  5.3672-104
  3.3500E-02  1.0648E-14  0.0000E+00  1.0648E-14  2.1776-110
  3.7580E-02  2.5322E-15  0.0000E+00  2.5322E-15  4.6275-112
  4.2170E-02  1.7263E-17  0.0000E+00  1.7263E-17  1.5684-118
  4.7320E-02  5.4717E-23  0.0000E+00  5.4717E-23  8.7917-134
  5.3090E-02  1.3043E-29  0.0000E+00  1.3043E-29  4.5885-152
  6.6830E-02  8.4236E-56  0.0000E+00  8.4236E-56  1.9428-224
  7.4990E-02  1.3072E-72  0.0000E+00  1.3072E-72  1.4147-270
  8.4140E-02  1.6405E-68  0.0000E+00  1.6405E-68  3.5694-259
  9.4410E-02  1.2685E-65  0.0000E+00  1.2685E-65  2.8340-251
  1.0590E-01  6.9023E-54  0.0000E+00  6.9023E-54  3.7456-219
  1.1890E-01  1.0052E-40  0.0000E+00  1.0052E-40  1.0314-182
  1.3340E-01  3.4418E-31  0.0000E+00  3.4418E-31  2.5038-156
  1.4960E-01  3.4492E-25  0.0000E+00  3.4492E-25  2.2352-139
  1.5850E-01  4.2034E-24  0.0000E+00  4.2034E-24  2.7533-136
  1.7780E-01  6.4131E-26  0.0000E+00  6.4131E-26  2.0430-141
  1.9950E-01  4.4865E-37  0.0000E+00  4.4865E-37  6.4055-172
  2.2390E-01  8.3489E-44  0.0000E+00  8.3489E-44  2.2754-190
  2.3710E-01  1.8625E-35  0.0000E+00  1.8625E-35  1.3058-167
  2.5120E-01  7.9212E-27  0.0000E+00  7.9212E-27  7.0014-144
  2.6610E-01  5.0438E-21  0.0000E+00  5.0438E-21  8.5291-128
  2.8180E-01  7.3611E-17  0.0000E+00  7.3611E-17  3.6742-116
  2.9850E-01  1.4013E-13  0.0000E+00  1.4013E-13  5.6641-107
  3.1620E-01  1.2406E-10  0.0000E+00  1.2406E-10  9.8911E-99
  3.3500E-01  6.2600E-08  0.0000E+00  6.2600E-08  3.5995E-91
  3.5480E-01  1.6332E-05  0.0000E+00  1.6332E-05  2.1354E-84
  3.7580E-01  3.8891E-03  2.9334E-84  3.8891E-03  9.9527E-78
  3.9810E-01  5.7441E-01  1.1545E-77  5.7441E-01  1.1894E-71
  4.2170E-01  1.2385E+02  1.2074E-70  1.2385E+02  4.0862E-65
  4.4670E-01  2.2164E+04  6.6351E-64  2.2164E+04  7.9514E-59
  4.7320E-01  3.4805E+06  2.3952E-57  3.4805E+06  1.0788E-52
  5.0120E-01  4.5238E+08  4.8783E-51  4.5238E+08  8.7499E-47
  5.3090E-01  6.0135E+10  1.0152E-44  6.0135E+10  7.6218E-41
  5.6230E-01  5.3829E+12  6.4336E-39  5.3829E+12  2.1399E-35
  5.9570E-01  3.7879E+14  1.9544E-33  3.7879E+14  3.0216E-30
  6.3100E-01  2.4164E+16  4.2620E-28  2.4164E+16  3.2129E-25
  6.6830E-01  1.3861E+18  6.5483E-23  1.3861E+18  2.5200E-20
  7.0790E-01  6.8892E+19  6.1911E-18  6.8892E+19  1.2692E-15
  7.4990E-01  2.6375E+21  2.6217E-13  2.6375E+21  2.9890E-11
  7.9430E-01  8.7815E+22  7.0332E-09  8.7815E+22  4.6419E-07
  8.4140E-01  2.6198E+24  1.2939E-04  2.6198E+24  5.1204E-03
  8.9130E-01  7.8713E+25  2.2584E+00  7.8713E+25  5.5227E+01
  9.4410E-01  2.0351E+27  2.4016E+04  2.0351E+27  3.7483E+05
  1.0000E+00  4.0748E+28  1.1826E+08  4.0748E+28  1.2172E+09
  1.0590E+00  6.5498E+29  2.9636E+11  6.5498E+29  2.0755E+12
  1.1220E+00  8.8553E+30  4.4017E+14  8.8553E+30  2.1468E+15
  1.1890E+00  1.0272E+32  4.1955E+17  1.0272E+32  1.4566E+18
  1.2590E+00  1.0576E+33  2.8749E+20  1.0576E+33  7.2860E+20
  1.3340E+00  9.0252E+33  1.1476E+23  9.0252E+33  2.1673E+23
  1.4130E+00  6.1406E+34  2.3703E+25  6.1406E+34  3.4280E+25
  1.4960E+00  3.4699E+35  2.8621E+27  3.4699E+35  3.2462E+27
  1.5850E+00  1.6977E+36  2.2757E+29  1.6977E+36  2.0564E+29
  1.6790E+00  7.3897E+36  1.2763E+31  7.3896E+36  9.3689E+30
  1.7780E+00  2.8781E+37  5.1320E+32  2.8780E+37  3.1212E+32
  1.8840E+00  1.0026E+38  1.4740E+34  1.0024E+38  7.5389E+33
  1.9950E+00  3.1216E+38  3.0101E+35  3.1172E+38  1.3190E+35
  2.1130E+00  8.7593E+38  4.3904E+36  8.6987E+38  1.6736E+36
  2.2390E+00  2.2662E+39  4.6405E+37  2.2042E+39  1.5622E+37
  2.3710E+00  5.6124E+39  3.6139E+38  5.1418E+39  1.0924E+38
  2.5120E+00  1.4020E+40  2.1304E+39  1.1304E+40  5.8536E+38
  2.6610E+00  3.6047E+40  9.8142E+39  2.3748E+40  2.4846E+39
  2.8180E+00  9.2955E+40  3.6549E+40  4.7769E+40  8.6378E+39
  2.9850E+00  2.2903E+41  1.1295E+41  9.0900E+40  2.5185E+40
  3.1620E+00  5.2410E+41  2.9844E+41  1.6220E+41  6.3468E+40
  3.3500E+00  1.0819E+42  6.7817E+41  2.6518E+41  1.3857E+41
  3.5480E+00  2.0623E+42  1.3827E+42  4.0522E+41  2.7432E+41
  3.7580E+00  3.6075E+42  2.5409E+42  5.7348E+41  4.9309E+41
  3.9810E+00  5.8398E+42  4.2682E+42  7.5558E+41  8.1603E+41
  4.2170E+00  8.8314E+42  6.6391E+42  9.3323E+41  1.2590E+42
  4.4670E+00  1.2583E+43  9.6662E+42  1.0876E+42  1.8291E+42
  4.7320E+00  1.6925E+43  1.3220E+43  1.1958E+42  2.5087E+42
  5.0120E+00  2.1632E+43  1.7109E+43  1.2474E+42  3.2765E+42
  5.3090E+00  2.6252E+43  2.1064E+43  1.2335E+42  3.9540E+42
  5.6230E+00  3.0478E+43  2.4783E+43  1.1624E+42  4.5332E+42
  5.9570E+00  3.3969E+43  2.7976E+43  1.0467E+42  4.9464E+42
  6.3100E+00  3.6964E+43  3.0797E+43  9.1650E+41  5.2500E+42
  6.6830E+00  3.9309E+43  3.3169E+43  7.7897E+41  5.3612E+42
  7.0790E+00  4.1203E+43  3.5187E+43  6.4724E+41  5.3684E+42
  7.4990E+00  3.6120E+43  3.1375E+43  4.3370E+41  4.3113E+42
  7.9430E+00  1.3967E+43  1.2594E+43  1.1881E+41  1.2537E+42
  8.4140E+00  2.1227E+42  2.0095E+42  1.4289E+40  9.8957E+40
  8.9130E+00  5.5512E+41  5.4492E+41  2.9098E+39  7.2903E+39
  9.4410E+00  3.7995E+41  3.7821E+41  1.1607E+39  5.7559E+38
  1.0000E+01  7.3552E+41  7.3213E+41  1.9493E+39  1.4473E+39
  1.0590E+01  1.5906E+42  1.5807E+42  3.9484E+39  5.9324E+39
  1.1220E+01  3.8385E+42  3.8010E+42  8.6149E+39  2.8812E+40
  1.1890E+01  7.9640E+42  7.8622E+42  1.5376E+40  8.6462E+40
  1.2590E+01  1.4669E+43  1.4441E+43  2.3777E+40  2.0488E+41
  1.3340E+01  2.2941E+43  2.2543E+43  3.0355E+40  3.6731E+41
  1.4130E+01  2.9094E+43  2.8613E+43  2.9542E+40  4.5168E+41
  1.4960E+01  2.8393E+43  2.8069E+43  2.0402E+40  3.0303E+41
  1.5850E+01  2.6493E+43  2.6311E+43  1.3500E+40  1.6913E+41
  1.6790E+01  2.5001E+43  2.4902E+43  9.2575E+39  8.9653E+40
  1.7780E+01  2.4958E+43  2.4897E+43  7.1139E+39  5.4368E+40
  1.8840E+01  2.6794E+43  2.6743E+43  6.3179E+39  4.4583E+40
  1.9950E+01  3.0221E+43  3.0165E+43  6.1736E+39  4.9893E+40
  2.1130E+01  3.3574E+43  3.3511E+43  5.8463E+39  5.7679E+40
  2.2390E+01  3.6012E+43  3.5944E+43  5.2759E+39  6.2268E+40
  2.3710E+01  3.7526E+43  3.7457E+43  4.5797E+39  6.4404E+40
  2.5120E+01  3.8098E+43  3.8030E+43  3.8605E+39  6.3987E+40
  2.6610E+01  3.7844E+43  3.7779E+43  3.1690E+39  6.2163E+40
  2.8180E+01  3.6833E+43  3.6772E+43  2.5474E+39  5.9077E+40
  2.9850E+01  3.5176E+43  3.5119E+43  2.0095E+39  5.5179E+40
  3.1620E+01  3.3016E+43  3.2964E+43  1.5575E+39  5.1058E+40
  3.3500E+01  3.0468E+43  3.0420E+43  1.1871E+39  4.6813E+40
  3.5480E+01  2.7680E+43  2.7637E+43  8.9093E+38  4.2618E+40
  3.7580E+01  2.4759E+43  2.4720E+43  6.5889E+38  3.8647E+40
  3.9810E+01  2.1795E+43  2.1759E+43  4.8089E+38  3.5056E+40
  4.2170E+01  1.8891E+43  1.8859E+43  3.4562E+38  3.1687E+40
  4.4670E+01  1.6124E+43  1.6096E+43  2.4421E+38  2.8492E+40
  4.7320E+01  1.3560E+43  1.3535E+43  1.6968E+38  2.5433E+40
  5.0120E+01  1.1246E+43  1.1224E+43  1.1601E+38  2.2540E+40
  5.3090E+01  9.1995E+42  9.1796E+42  7.8046E+37  1.9809E+40
  5.6230E+01  7.4330E+42  7.4157E+42  5.1717E+37  1.7268E+40
  5.9570E+01  5.9300E+42  5.9150E+42  3.3749E+37  1.4919E+40
  6.3100E+01  4.6818E+42  4.6690E+42  2.1736E+37  1.2792E+40
  6.6830E+01  3.6610E+42  3.6501E+42  1.3830E+37  1.0891E+40
  7.0790E+01  2.8368E+42  2.8276E+42  8.6968E+36  9.2017E+39
  7.4990E+01  2.1796E+42  2.1719E+42  5.4109E+36  7.7226E+39
  7.9430E+01  1.6632E+42  1.6568E+42  3.3367E+36  6.4458E+39
  8.4140E+01  1.2607E+42  1.2554E+42  2.0395E+36  5.3497E+39
  8.9130E+01  9.5065E+41  9.4623E+41  1.2379E+36  4.4177E+39
  9.4410E+01  7.1337E+41  7.0973E+41  7.4656E+35  3.6337E+39
  1.0000E+02  5.3294E+41  5.2996E+41  4.4759E+35  2.9780E+39
  1.0590E+02  3.9698E+41  3.9454E+41  2.6727E+35  2.4340E+39
  1.1220E+02  2.9463E+41  2.9265E+41  1.5875E+35  1.9794E+39
  1.1890E+02  2.1838E+41  2.1677E+41  9.4075E+34  1.6037E+39
  1.2590E+02  1.6247E+41  1.6117E+41  5.5914E+34  1.2998E+39
  1.3340E+02  1.2094E+41  1.1989E+41  3.3269E+34  1.0481E+39
  1.4130E+02  8.9443E+40  8.8597E+40  1.9728E+34  8.4553E+38
  1.4960E+02  6.5060E+40  6.4376E+40  1.1491E+34  6.8337E+38
  1.5850E+02  4.6964E+40  4.6414E+40  6.6212E+33  5.4999E+38
  1.7780E+02  2.4601E+40  2.4245E+40  2.2025E+33  3.5545E+38
  1.9950E+02  1.2877E+40  1.2649E+40  7.3105E+32  2.2838E+38
  2.2390E+02  6.7201E+39  6.5740E+39  2.4181E+32  1.4609E+38
  2.5120E+02  3.5017E+39  3.4084E+39  7.9821E+31  9.3317E+37
  2.8180E+02  1.8209E+39  1.7614E+39  2.6291E+31  5.9501E+37
  3.1620E+02  9.4459E+38  9.0675E+38  8.6386E+30  3.7840E+37
  3.5480E+02  4.8963E+38  4.6560E+38  2.8358E+30  2.4030E+37
  3.9810E+02  2.5374E+38  2.3849E+38  9.3126E+29  1.5245E+37
  4.4670E+02  1.3155E+38  1.2189E+38  3.0609E+29  9.6611E+36
  5.0120E+02  6.8312E+37  6.2192E+37  1.0084E+29  6.1195E+36
  5.6230E+02  3.5568E+37  3.1693E+37  3.3331E+28  3.8752E+36
  6.3100E+02  1.8562E+37  1.6112E+37  1.1056E+28  2.4503E+36
  7.0790E+02  9.7393E+36  8.1889E+36  3.6910E+27  1.5504E+36
  7.9430E+02  5.1339E+36  4.1539E+36  1.2394E+27  9.8004E+35
  8.9130E+02  2.7233E+36  2.1042E+36  4.1937E+26  6.1916E+35
  1.0000E+03  1.4567E+36  1.0654E+36  1.4328E+26  3.9132E+35
