  1.0000E-03  8.7788E+44  0.0000E+00  1.2654E+42  8.7662E+44
  1.1220E-03  9.8519E+44  0.0000E+00  1.6112E+42  9.8357E+44
  1.2590E-03  1.1056E+45  0.0000E+00  1.9648E+42  1.1037E+45
  1.4130E-03  1.2410E+45  0.0000E+00  2.3101E+42  1.2387E+45
  1.5850E-03  1.3921E+45  0.0000E+00  2.6447E+42  1.3894E+45
  1.7780E-03  1.5619E+45  0.0000E+00  3.3298E+42  1.5586E+45
  1.9950E-03  1.7529E+45  0.0000E+00  4.0970E+42  1.7488E+45
  2.2390E-03  1.9672E+45  0.0000E+00  4.4912E+42  1.9627E+45
  2.5120E-03  2.2080E+45  0.0000E+00  6.0264E+42  2.2020E+45
  2.8180E-03  2.4776E+45  0.0000E+00  7.4056E+42  2.4702E+45
  3.1620E-03  2.7804E+45  0.0000E+00  8.5873E+42  2.7718E+45
  3.5480E-03  3.1200E+45  0.0000E+00  9.6628E+42  3.1103E+45
  3.9810E-03  3.5004E+45  0.0000E+00  1.0608E+43  3.4898E+45
  4.4670E-03  3.9308E+45  0.0000E+00  1.4990E+43  3.9158E+45
  5.0120E-03  4.4125E+45  0.0000E+00  1.8934E+43  4.3936E+45
  5.6230E-03  4.9522E+45  0.0000E+00  2.2917E+43  4.9292E+45
  5.9570E-03  5.2469E+45  0.0000E+00  2.4864E+43  5.2220E+45
  6.6830E-03  5.8871E+45  0.0000E+00  2.8578E+43  5.8585E+45
  7.4990E-03  6.6061E+45  0.0000E+00  3.2274E+43  6.5738E+45
  8.4140E-03  7.4122E+45  0.0000E+00  3.6344E+43  7.3758E+45
  9.4410E-03  8.3160E+45  0.0000E+00  3.9924E+43  8.2761E+45
  1.0590E-02  9.3249E+45  0.0000E+00  4.1647E+43  9.2833E+45
  1.1890E-02  1.0471E+46  0.0000E+00  4.8200E+43  1.0423E+46
  1.3340E-02  1.1746E+46  0.0000E+00  5.2230E+43  1.1694E+46
  1.4960E-02  1.3172E+46  0.0000E+00  5.7621E+43  1.3114E+46
  1.6790E-02  1.4781E+46  0.0000E+00  6.2552E+43  1.4718E+46
  1.8840E-02  1.6582E+46  0.0000E+00  6.6979E+43  1.6515E+46
  2.1130E-02  1.8597E+46  0.0000E+00  7.3262E+43  1.8524E+46
  2.3710E-02  2.0864E+46  0.0000E+00  7.9396E+43  2.0785E+46
  2.6610E-02  2.3412E+46  0.0000E+00  8.5637E+43  2.3326E+46
  2.9850E-02  2.6258E+46  7.5961E-83  9.1630E+43  2.6166E+46
  3.3500E-02  2.9464E+46  4.8677E-68  9.7442E+43  2.9367E+46
  3.7580E-02  3.3049E+46  6.1060E-55  1.0643E+44  3.2942E+46
  4.2170E-02  3.7092E+46  2.6571E-43  1.2454E+44  3.6967E+46
  4.7320E-02  4.1610E+46  7.0537E-33  1.2807E+44  4.1482E+46
  5.3090E-02  4.3332E+46  1.2734E-23  1.1936E+44  4.3212E+46
  6.6830E-02  4.1345E+46  4.5451E-08  7.6739E+43  4.1268E+46
  7.4990E-02  4.0380E+46  1.4753E-01  5.1937E+43  4.0328E+46
  8.4140E-02  3.9465E+46  7.7453E+04  5.5244E+43  3.9410E+46
  9.4410E-02  3.8572E+46  9.3379E+09  5.9182E+43  3.8513E+46
  1.0590E-01  3.5130E+46  2.6764E+14  7.4616E+43  3.5055E+46
  1.1890E-01  2.9552E+46  2.0431E+18  8.4075E+43  2.9467E+46
  1.3340E-01  2.4883E+46  4.1520E+21  8.7980E+43  2.4795E+46
  1.4960E-01  2.0960E+46  4.7236E+24  8.1861E+43  2.0878E+46
  1.5850E-01  1.9222E+46  1.3939E+26  7.6517E+43  1.9145E+46
  1.7780E-01  1.6176E+46  7.2846E+28  6.2122E+43  1.6114E+46
  1.9950E-01  1.3596E+46  2.1450E+31  3.8088E+43  1.3558E+46
  2.2390E-01  1.1429E+46  2.6209E+33  2.6006E+43  1.1403E+46
  2.3710E-01  1.0494E+46  1.7693E+34  2.9187E+43  1.0464E+46
  2.5120E-01  9.6273E+45  1.0218E+35  3.1463E+43  9.5958E+45
  2.6610E-01  8.8324E+45  5.5015E+35  3.1248E+43  8.8012E+45
  2.8180E-01  8.1057E+45  2.7152E+36  2.9650E+43  8.0761E+45
  2.9850E-01  7.4356E+45  1.2208E+37  2.7704E+43  7.4079E+45
  3.1620E-01  6.8205E+45  4.9328E+37  2.5807E+43  6.7947E+45
  3.3500E-01  6.2547E+45  1.8201E+38  2.3915E+43  6.2308E+45
  3.5480E-01  5.7385E+45  6.1500E+38  2.2032E+43  5.7165E+45
  3.7580E-01  5.2643E+45  1.9229E+39  2.0157E+43  5.2442E+45
  3.9810E-01  4.8282E+45  5.5353E+39  1.8453E+43  4.8097E+45
  4.2170E-01  4.4284E+45  1.4647E+40  1.6783E+43  4.4116E+45
  4.4670E-01  4.0619E+45  3.5912E+40  1.5281E+43  4.0466E+45
  4.7320E-01  3.7254E+45  8.2788E+40  1.3850E+43  3.7115E+45
  5.0120E-01  3.4175E+45  1.7993E+41  1.2492E+43  3.4048E+45
  5.3090E-01  3.1347E+45  3.7068E+41  1.1185E+43  3.1232E+45
  5.6230E-01  2.8759E+45  7.2263E+41  1.0020E+43  2.8651E+45
  5.9570E-01  2.6379E+45  1.3421E+42  8.9549E+42  2.6276E+45
  6.3100E-01  2.4207E+45  2.3728E+42  7.9704E+42  2.4103E+45
  6.6830E-01  2.2225E+45  3.9997E+42  7.0583E+42  2.2114E+45
  7.0790E-01  2.0411E+45  6.4525E+42  6.2403E+42  2.0284E+45
  7.4990E-01  1.8760E+45  9.9792E+42  5.5136E+42  1.8605E+45
  7.9430E-01  1.7263E+45  1.4813E+43  4.8574E+42  1.7066E+45
  8.4140E-01  1.5908E+45  2.1191E+43  4.2625E+42  1.5653E+45
  8.9130E-01  1.4687E+45  2.9293E+43  3.7163E+42  1.4357E+45
  9.4410E-01  1.3594E+45  3.9162E+43  3.2274E+42  1.3170E+45
  1.0000E+00  1.2617E+45  5.0759E+43  2.7966E+42  1.2081E+45
  1.0590E+00  1.1749E+45  6.3903E+43  2.4215E+42  1.1086E+45
  1.1220E+00  1.0973E+45  7.8635E+43  2.0898E+42  1.0165E+45
  1.1890E+00  1.0283E+45  9.4722E+43  1.7937E+42  9.3183E+44
  1.2590E+00  9.6808E+44  1.1135E+44  1.5271E+42  8.5520E+44
  1.3340E+00  9.1393E+44  1.2853E+44  1.2939E+42  7.8411E+44
  1.4130E+00  8.6566E+44  1.4529E+44  1.0960E+42  7.1927E+44
  1.4960E+00  8.2251E+44  1.6133E+44  9.2624E+41  6.6026E+44
  1.5850E+00  7.8322E+44  1.7701E+44  7.7807E+41  6.0543E+44
  1.6790E+00  7.4720E+44  1.9125E+44  6.4813E+41  5.5530E+44
  1.7780E+00  7.1359E+44  2.0348E+44  5.3398E+41  5.0957E+44
  1.8840E+00  6.8180E+44  2.1417E+44  4.3446E+41  4.6719E+44
  1.9950E+00  6.5168E+44  2.2259E+44  3.4910E+41  4.2875E+44
  2.1130E+00  6.2260E+44  2.2900E+44  2.7706E+41  3.9333E+44
  2.2390E+00  5.9403E+44  2.3321E+44  2.1729E+41  3.6061E+44
  2.3710E+00  5.6605E+44  2.3496E+44  1.6866E+41  3.3092E+44
  2.5120E+00  5.3840E+44  2.3483E+44  1.2980E+41  3.0344E+44
  2.6610E+00  5.1102E+44  2.3260E+44  9.9144E+40  2.7832E+44
  2.8180E+00  4.8368E+44  2.2823E+44  7.5203E+40  2.5538E+44
  2.9850E+00  4.5655E+44  2.2223E+44  5.6712E+40  2.3426E+44
  3.1620E+00  4.2955E+44  2.1464E+44  4.2537E+40  2.1487E+44
  3.3500E+00  4.0355E+44  2.0648E+44  3.1806E+40  1.9704E+44
  3.5480E+00  3.7767E+44  1.9687E+44  2.3668E+40  1.8078E+44
  3.7580E+00  3.5259E+44  1.8674E+44  1.7549E+40  1.6583E+44
  3.9810E+00  3.2840E+44  1.7629E+44  1.2971E+40  1.5210E+44
  4.2170E+00  3.0517E+44  1.6565E+44  9.5600E+39  1.3951E+44
  4.4670E+00  2.8301E+44  1.5504E+44  7.0267E+39  1.2796E+44
  4.7320E+00  2.6222E+44  1.4485E+44  5.1526E+39  1.1737E+44
  5.0120E+00  2.4313E+44  1.3522E+44  3.7767E+39  1.0791E+44
  5.3090E+00  2.2220E+44  1.2617E+44  2.7250E+39  9.6024E+43
  5.6230E+00  2.0269E+44  1.1788E+44  1.9581E+39  8.4805E+43
  5.9570E+00  1.8481E+44  1.1049E+44  1.4028E+39  7.4316E+43
  6.3100E+00  1.6770E+44  1.0299E+44  9.9716E+38  6.4710E+43
  6.6830E+00  1.5318E+44  9.7163E+43  7.1024E+38  5.6014E+43
  7.0790E+00  1.3936E+44  9.1170E+43  5.0000E+38  4.8190E+43
  7.4990E+00  1.3162E+44  9.0393E+43  3.6073E+38  4.1229E+43
  7.9430E+00  1.4689E+44  1.1178E+44  3.0888E+38  3.5109E+43
  8.4140E+00  1.8536E+44  1.5561E+44  3.1923E+38  2.9752E+43
  8.9130E+00  2.1737E+44  1.9227E+44  3.2737E+38  2.5104E+43
  9.4410E+00  2.4101E+44  2.1991E+44  3.5269E+38  2.1101E+43
  1.0000E+01  2.0765E+44  1.8998E+44  2.6228E+38  1.7671E+43
  1.0590E+01  1.7087E+44  1.5611E+44  1.8012E+38  1.4758E+43
  1.1220E+01  1.3582E+44  1.2355E+44  1.1053E+38  1.2267E+43
  1.1890E+01  1.1006E+44  9.9897E+43  6.8829E+37  1.0159E+43
  1.2590E+01  9.0408E+43  8.1996E+43  4.2222E+37  8.4119E+42
  1.3340E+01  7.5865E+43  6.8933E+43  2.5924E+37  6.9319E+42
  1.4130E+01  6.7180E+43  6.1475E+43  1.6485E+37  5.7050E+42
  1.4960E+01  6.6331E+43  6.1639E+43  1.2122E+37  4.6919E+42
  1.5850E+01  6.7581E+43  6.3740E+43  9.6044E+36  3.8414E+42
  1.6790E+01  6.9278E+43  6.6137E+43  7.9533E+36  3.1409E+42
  1.7780E+01  6.9509E+43  6.6943E+43  6.6257E+36  2.5663E+42
  1.8840E+01  6.6767E+43  6.4678E+43  5.2858E+36  2.0888E+42
  1.9950E+01  6.1299E+43  5.9597E+43  3.9097E+36  1.7013E+42
  2.1130E+01  5.5653E+43  5.4270E+43  2.7729E+36  1.3827E+42
  2.2390E+01  5.0638E+43  4.9518E+43  1.9669E+36  1.1203E+42
  2.3710E+01  4.6059E+43  4.5150E+43  1.3913E+36  9.0864E+41
  2.5120E+01  4.1694E+43  4.0959E+43  9.8373E+35  7.3479E+41
  2.6610E+01  3.7453E+43  3.6859E+43  6.9004E+35  5.9383E+41
  2.8180E+01  3.3355E+43  3.2875E+43  4.8220E+35  4.7994E+41
  2.9850E+01  2.9351E+43  2.8964E+43  3.3432E+35  3.8717E+41
  3.1620E+01  2.5470E+43  2.5158E+43  2.2902E+35  3.1199E+41
  3.3500E+01  2.1770E+43  2.1519E+43  1.5490E+35  2.5106E+41
  3.5480E+01  1.8341E+43  1.8139E+43  1.0352E+35  2.0210E+41
  3.7580E+01  1.5208E+43  1.5046E+43  6.8186E+34  1.6253E+41
  3.9810E+01  1.2396E+43  1.2265E+43  4.4226E+34  1.3054E+41
  4.2170E+01  9.9559E+42  9.8511E+42  2.8277E+34  1.0479E+41
  4.4670E+01  7.8894E+42  7.8053E+42  1.7822E+34  8.4074E+40
  4.7320E+01  6.1783E+42  6.1109E+42  1.1094E+34  6.7400E+40
  5.0120E+01  4.7894E+42  4.7354E+42  6.8333E+33  5.4034E+40
  5.3090E+01  3.6770E+42  3.6337E+42  4.1667E+33  4.3282E+40
  5.6230E+01  2.8013E+42  2.7666E+42  2.5200E+33  3.4667E+40
  5.9570E+01  2.1169E+42  2.0892E+42  1.5112E+33  2.7728E+40
  6.3100E+01  1.5907E+42  1.5685E+42  9.0097E+32  2.2180E+40
  6.6830E+01  1.1893E+42  1.1716E+42  5.3444E+32  1.7744E+40
  7.0790E+01  8.8509E+41  8.7091E+41  3.1549E+32  1.4183E+40
  7.4990E+01  6.5583E+41  6.4450E+41  1.8545E+32  1.1329E+40
  7.9430E+01  4.8449E+41  4.7544E+41  1.0871E+32  9.0505E+39
  8.4140E+01  3.5682E+41  3.4959E+41  6.3524E+31  7.2256E+39
  8.9130E+01  2.6229E+41  2.5652E+41  3.7061E+31  5.7665E+39
  9.4410E+01  1.9246E+41  1.8785E+41  2.1588E+31  4.6021E+39
  1.0000E+02  1.4097E+41  1.3730E+41  1.2557E+31  3.6722E+39
  1.0590E+02  1.0323E+41  1.0030E+41  7.3052E+30  2.9317E+39
  1.1220E+02  7.5501E+40  7.3165E+40  4.2442E+30  2.3358E+39
  1.1890E+02  5.5285E+40  5.3426E+40  2.4695E+30  1.8590E+39
  1.2590E+02  4.0737E+40  3.9253E+40  1.4466E+30  1.4838E+39
  1.3340E+02  3.0096E+40  2.8915E+40  8.5094E+29  1.1811E+39
  1.4130E+02  2.2103E+40  2.1162E+40  4.9968E+29  9.4117E+38
  1.4960E+02  1.5958E+40  1.5207E+40  2.8850E+29  7.5121E+38
  1.5850E+02  1.1447E+40  1.0849E+40  1.6517E+29  5.9781E+38
  1.7780E+02  5.9498E+39  5.5704E+39  5.4695E+28  3.7942E+38
  1.9950E+02  3.1082E+39  2.8677E+39  1.8252E+28  2.4043E+38
  2.2390E+02  1.6270E+39  1.4748E+39  6.1253E+27  1.5216E+38
  2.5120E+02  8.5462E+38  7.5825E+38  2.0703E+27  9.6376E+37
  2.8180E+02  4.5025E+38  3.8921E+38  7.0468E+26  6.1043E+37
  3.1620E+02  2.3788E+38  1.9926E+38  2.4150E+26  3.8617E+37
  3.5480E+02  1.2627E+38  1.0185E+38  8.3466E+25  2.4421E+37
  3.9810E+02  6.7424E+37  5.1982E+37  2.9135E+25  1.5442E+37
  4.4670E+02  3.6248E+37  2.6487E+37  1.0275E+25  9.7603E+36
  5.0120E+02  1.9651E+37  1.3482E+37  3.6646E+24  6.1695E+36
  5.6230E+02  1.0757E+37  6.8566E+36  1.3219E+24  3.9003E+36
  6.3100E+02  5.9429E+36  3.4800E+36  4.8190E+23  2.4629E+36
  7.0790E+02  3.3231E+36  1.7663E+36  1.7779E+23  1.5568E+36
  7.9430E+02  1.8782E+36  8.9494E+35  6.6227E+22  9.8325E+35
  8.9130E+02  1.0737E+36  4.5291E+35  2.4900E+22  6.2077E+35
  1.0000E+03  6.2127E+35  2.2913E+35  9.4510E+21  3.9214E+35
