  1.0000E-03  1.4591E+44  0.0000E+00  1.8334E+42  1.4408E+44
  1.1220E-03  1.0454E+44  0.0000E+00  2.3312E+42  1.0221E+44
  1.2590E-03  7.3107E+43  0.0000E+00  2.8136E+42  7.0293E+43
  1.4130E-03  5.0443E+43  0.0000E+00  3.2473E+42  4.7196E+43
  1.5850E-03  3.7599E+43  0.0000E+00  3.6311E+42  3.3968E+43
  1.7780E-03  3.6521E+43  0.0000E+00  4.4776E+42  3.2043E+43
  1.9950E-03  2.0502E+43  0.0000E+00  5.2536E+42  1.5248E+43
  2.2390E-03  1.4267E+43  0.0000E+00  5.4948E+42  8.7720E+42
  2.5120E-03  1.4281E+43  0.0000E+00  7.1217E+42  7.1595E+42
  2.8180E-03  1.0507E+43  0.0000E+00  8.1288E+42  2.3784E+42
  3.1620E-03  9.6896E+42  0.0000E+00  8.7964E+42  8.9314E+41
  3.5480E-03  9.6316E+42  0.0000E+00  9.2740E+42  3.5764E+41
  3.9810E-03  9.7631E+42  0.0000E+00  9.6055E+42  1.5761E+41
  4.4670E-03  2.8377E+43  0.0000E+00  1.9494E+43  8.8834E+42
  5.0120E-03  2.5003E+43  0.0000E+00  2.2386E+43  2.6166E+42
  5.6230E-03  2.5324E+43  0.0000E+00  2.4547E+43  7.7700E+41
  5.9570E-03  2.5819E+43  0.0000E+00  2.5383E+43  4.3559E+41
  6.6830E-03  2.6904E+43  0.0000E+00  2.6747E+43  1.5642E+41
  7.4990E-03  2.8104E+43  0.0000E+00  2.8033E+43  7.0441E+40
  8.4140E-03  2.9224E+43  0.0000E+00  2.9197E+43  2.7183E+40
  9.4410E-03  2.9983E+43  0.0000E+00  2.9970E+43  1.2818E+40
  1.0590E-02  2.9728E+43  0.0000E+00  2.9719E+43  9.3361E+39
  1.1890E-02  3.2162E+43  0.0000E+00  3.2158E+43  3.9801E+39
  1.3340E-02  3.2810E+43  0.0000E+00  3.2808E+43  2.1274E+39
  1.4960E-02  3.3862E+43  0.0000E+00  3.3861E+43  9.4698E+38
  1.6790E-02  3.4479E+43  0.0000E+00  3.4479E+43  4.5594E+38
  1.8840E-02  3.4739E+43  0.0000E+00  3.4739E+43  2.4257E+38
  2.1130E-02  3.5680E+43  0.0000E+00  3.5680E+43  1.1813E+38
  2.3710E-02  3.6233E+43  0.0000E+00  3.6233E+43  5.5701E+37
  2.6610E-02  3.6462E+43  0.0000E+00  3.6462E+43  2.4342E+37
  2.9850E-02  3.6350E+43  3.9525E-87  3.6350E+43  1.0748E+37
  3.3500E-02  3.5948E+43  1.7811E-72  3.5948E+43  4.6684E+36
  3.7580E-02  3.8750E+43  2.0383E-59  3.8750E+43  4.1026E+36
  4.2170E-02  4.2188E+43  6.2107E-48  4.2188E+43  1.7617E+36
  4.7320E-02  3.6229E+43  7.2176E-38  3.6229E+43  2.0407E+35
  5.3090E-02  2.7369E+43  4.9236E-29  2.7369E+43  1.4139E+34
  6.6830E-02  8.3920E+42  4.2453E-15  8.3920E+42  3.3520E+29
  7.4990E-02  3.4002E+42  1.4362E-09  3.4002E+42  3.5163E+26
  8.4140E-02  4.1773E+42  1.3551E-03  4.1773E+42  1.9362E+27
  9.4410E-02  5.0187E+42  2.4901E+02  5.0187E+42  6.3691E+27
  1.0590E-01  9.5098E+42  3.7723E+07  9.5098E+42  7.3073E+29
  1.1890E-01  1.6869E+43  1.7035E+12  1.6869E+43  1.4647E+32
  1.3340E-01  2.4750E+43  1.2090E+16  2.4750E+43  6.5745E+33
  1.4960E-01  2.9224E+43  3.4287E+19  2.9224E+43  7.3655E+34
  1.5850E-01  2.8444E+43  1.2170E+21  2.8444E+43  1.0768E+35
  1.7780E-01  2.0548E+43  5.0738E+23  2.0548E+43  3.8625E+34
  1.9950E-01  8.0220E+42  3.2325E+25  8.0220E+42  3.0113E+32
  2.2390E-01  4.0305E+42  1.6719E+27  4.0305E+42  1.4285E+31
  2.3710E-01  5.7642E+42  3.5613E+28  5.7642E+42  3.7494E+32
  2.5120E-01  8.0213E+42  6.9439E+29  8.0213E+42  1.1360E+34
  2.6610E-01  9.4487E+42  8.7586E+30  9.4487E+42  1.1107E+35
  2.8180E-01  1.0092E+43  8.1430E+31  1.0092E+43  5.6010E+35
  2.9850E-01  1.0336E+43  6.1052E+32  1.0336E+43  1.9681E+36
  3.1620E-01  1.0444E+43  3.9387E+33  1.0444E+43  6.0108E+36
  3.3500E-01  1.0420E+43  2.2514E+34  1.0420E+43  1.6591E+37
  3.5480E-01  1.0249E+43  1.1343E+35  1.0249E+43  4.0798E+37
  3.7580E-01  9.9745E+42  5.2841E+35  9.9744E+42  9.8348E+37
  3.9810E-01  9.6742E+42  2.1976E+36  9.6740E+42  2.1802E+38
  4.2170E-01  9.3436E+42  8.6686E+36  9.3431E+42  5.1449E+38
  4.4670E-01  9.0251E+42  3.1348E+37  9.0239E+42  1.1731E+39
  4.7320E-01  8.6660E+42  1.0605E+38  8.6633E+42  2.6133E+39
  5.0120E-01  8.2653E+42  3.3501E+38  8.2593E+42  5.6349E+39
  5.3090E-01  7.8270E+42  1.0096E+39  7.8138E+42  1.2178E+40
  5.6230E-01  7.3993E+42  2.8029E+39  7.3720E+42  2.4559E+40
  5.9570E-01  6.9796E+42  7.3023E+39  6.9249E+42  4.7447E+40
  6.3100E-01  6.5842E+42  1.8039E+40  6.4761E+42  9.0077E+40
  6.6830E-01  6.2325E+42  4.2301E+40  6.0224E+42  1.6774E+41
  7.0790E-01  5.9914E+42  9.4139E+40  5.5931E+42  3.0417E+41
  7.4990E-01  5.9123E+42  1.9724E+41  5.1882E+42  5.2685E+41
  7.9430E-01  6.0874E+42  3.9346E+41  4.8033E+42  8.9059E+41
  8.4140E-01  6.6606E+42  7.5203E+41  4.4341E+42  1.4745E+42
  8.9130E-01  7.9127E+42  1.3950E+42  4.0775E+42  2.4403E+42
  9.4410E-01  1.0139E+43  2.4790E+42  3.7354E+42  3.9246E+42
  1.0000E+00  1.3628E+43  4.1901E+42  3.4097E+42  6.0285E+42
  1.0590E+00  1.8772E+43  6.7622E+42  3.1062E+42  8.9041E+42
  1.1220E+00  2.6096E+43  1.0528E+43  2.8173E+42  1.2751E+43
  1.1890E+00  3.6197E+43  1.5866E+43  2.5368E+42  1.7794E+43
  1.2590E+00  4.9823E+43  2.3159E+43  2.2587E+42  2.4405E+43
  1.3340E+00  6.7020E+43  3.2658E+43  1.9926E+42  3.2370E+43
  1.4130E+00  8.7158E+43  4.4145E+43  1.7465E+42  4.1267E+43
  1.4960E+00  1.1005E+44  5.7571E+43  1.5183E+42  5.0961E+43
  1.5850E+00  1.3570E+44  7.3101E+43  1.3050E+42  6.1292E+43
  1.6790E+00  1.6360E+44  9.0281E+43  1.1056E+42  7.2218E+43
  1.7780E+00  1.9285E+44  1.0847E+44  9.2081E+41  8.3460E+43
  1.8840E+00  2.2243E+44  1.2725E+44  7.5325E+41  9.4425E+43
  1.9950E+00  2.5085E+44  1.4549E+44  6.0533E+41  1.0475E+44
  2.1130E+00  2.7679E+44  1.6251E+44  4.7831E+41  1.1380E+44
  2.2390E+00  2.9893E+44  1.7740E+44  3.7204E+41  1.2115E+44
  2.3710E+00  3.1639E+44  1.8938E+44  2.8551E+41  1.2672E+44
  2.5120E+00  3.2882E+44  1.9840E+44  2.1672E+41  1.3020E+44
  2.6610E+00  3.3610E+44  2.0412E+44  1.6299E+41  1.3182E+44
  2.8180E+00  3.3837E+44  2.0644E+44  1.2156E+41  1.3180E+44
  2.9850E+00  3.3619E+44  2.0584E+44  9.0052E+40  1.3027E+44
  3.1620E+00  3.3006E+44  2.0246E+44  6.6293E+40  1.2753E+44
  3.3500E+00  3.2103E+44  1.9730E+44  4.8631E+40  1.2368E+44
  3.5480E+00  3.0917E+44  1.8989E+44  3.5479E+40  1.1925E+44
  3.7580E+00  2.9540E+44  1.8113E+44  2.5775E+40  1.1424E+44
  3.9810E+00  2.8015E+44  1.7129E+44  1.8650E+40  1.0884E+44
  4.2170E+00  2.6388E+44  1.6063E+44  1.3443E+40  1.0324E+44
  4.4670E+00  2.4700E+44  1.4944E+44  9.6507E+39  9.7541E+43
  4.7320E+00  2.2993E+44  1.3811E+44  6.9015E+39  9.1815E+43
  5.0120E+00  2.1321E+44  1.2685E+44  4.9255E+39  8.6355E+43
  5.3090E+00  1.9414E+44  1.1577E+44  3.4515E+39  7.8369E+43
  5.6230E+00  1.7553E+44  1.0513E+44  2.4020E+39  7.0393E+43
  5.9570E+00  1.5769E+44  9.5115E+43  1.6613E+39  6.2574E+43
  6.3100E+00  1.4031E+44  8.5110E+43  1.1373E+39  5.5195E+43
  6.6830E+00  1.2484E+44  7.6542E+43  7.7661E+38  4.8293E+43
  7.0790E+00  1.1004E+44  6.8077E+43  5.2281E+38  4.1961E+43
  7.4990E+00  9.9304E+43  6.3513E+43  3.5984E+38  3.5792E+43
  7.9430E+00  1.0265E+44  7.4036E+43  2.9582E+38  2.8609E+43
  8.4140E+00  1.1866E+44  9.7602E+43  2.9866E+38  2.1061E+43
  8.9130E+00  1.2976E+44  1.1438E+44  3.0002E+38  1.5378E+43
  9.4410E+00  1.3552E+44  1.2428E+44  3.1570E+38  1.1233E+43
  1.0000E+01  1.1443E+44  1.0439E+44  2.2086E+38  1.0047E+43
  1.0590E+01  9.1782E+43  8.2555E+43  1.4100E+38  9.2276E+42
  1.1220E+01  6.9992E+43  6.1470E+43  7.9407E+37  8.5223E+42
  1.1890E+01  5.3435E+43  4.5813E+43  4.5358E+37  7.6222E+42
  1.2590E+01  4.0523E+43  3.3803E+43  2.5349E+37  6.7201E+42
  1.3340E+01  3.0870E+43  2.5069E+43  1.4129E+37  5.8010E+42
  1.4130E+01  2.4690E+43  1.9799E+43  8.1981E+36  4.8902E+42
  1.4960E+01  2.2400E+43  1.8427E+43  5.6145E+36  3.9737E+42
  1.5850E+01  2.0995E+43  1.7815E+43  4.1520E+36  3.1801E+42
  1.6790E+01  1.9735E+43  1.7202E+43  3.2035E+36  2.5339E+42
  1.7780E+01  1.7999E+43  1.5966E+43  2.4670E+36  2.0339E+42
  1.8840E+01  1.5490E+43  1.3834E+43  1.7925E+36  1.6561E+42
  1.9950E+01  1.2582E+43  1.1207E+43  1.1911E+36  1.3745E+42
  2.1130E+01  1.0055E+43  8.9149E+42  7.5555E+35  1.1406E+42
  2.2390E+01  8.0597E+42  7.1198E+42  4.7963E+35  9.3998E+41
  2.3710E+01  6.4827E+42  5.7093E+42  3.0454E+35  7.7340E+41
  2.5120E+01  5.2120E+42  4.5789E+42  1.9391E+35  6.3305E+41
  2.6610E+01  4.1832E+42  3.6660E+42  1.2308E+35  5.1719E+41
  2.8180E+01  3.3545E+42  2.9325E+42  7.8329E+34  4.2201E+41
  2.9850E+01  2.6782E+42  2.3348E+42  4.9789E+34  3.4340E+41
  3.1620E+01  2.1254E+42  1.8464E+42  3.1495E+34  2.7900E+41
  3.3500E+01  1.6752E+42  1.4489E+42  1.9826E+34  2.2628E+41
  3.5480E+01  1.3132E+42  1.1296E+42  1.2438E+34  1.8351E+41
  3.7580E+01  1.0209E+42  8.7223E+41  7.7501E+33  1.4866E+41
  3.9810E+01  7.8543E+41  6.6514E+41  4.7883E+33  1.2029E+41
  4.2170E+01  5.9955E+41  5.0227E+41  2.9374E+33  9.7278E+40
  4.4670E+01  4.5444E+41  3.7585E+41  1.7886E+33  7.8595E+40
  4.7320E+01  3.4248E+41  2.7905E+41  1.0829E+33  6.3429E+40
  5.0120E+01  2.5703E+41  2.0586E+41  6.5300E+32  5.1167E+40
  5.3090E+01  1.9212E+41  1.5090E+41  3.9233E+32  4.1223E+40
  5.6230E+01  1.4330E+41  1.1011E+41  2.3526E+32  3.3192E+40
  5.9570E+01  1.0657E+41  7.9895E+40  1.4072E+32  2.6676E+40
  6.3100E+01  7.9231E+40  5.7799E+40  8.4177E+31  2.1431E+40
  6.6830E+01  5.8918E+40  4.1707E+40  5.0390E+31  1.7212E+40
  7.0790E+01  4.3821E+40  3.0016E+40  3.0181E+31  1.3805E+40
  7.4990E+01  3.2612E+40  2.1550E+40  1.8095E+31  1.1061E+40
  7.9430E+01  2.4315E+40  1.5454E+40  1.0875E+31  8.8607E+39
  8.4140E+01  1.8158E+40  1.1067E+40  6.5462E+30  7.0912E+39
  8.9130E+01  1.3593E+40  7.9217E+39  3.9509E+30  5.6714E+39
  9.4410E+01  1.0203E+40  5.6680E+39  2.3910E+30  4.5347E+39
  1.0000E+02  7.6780E+39  4.0535E+39  1.4507E+30  3.6245E+39
  1.0590E+02  5.7992E+39  2.9014E+39  8.8334E+29  2.8978E+39
  1.1220E+02  4.3878E+39  2.0761E+39  5.3835E+29  2.3117E+39
  1.1890E+02  3.3304E+39  1.4884E+39  3.2892E+29  1.8419E+39
  1.2590E+02  2.5465E+39  1.0749E+39  2.0230E+29  1.4716E+39
  1.3340E+02  1.9510E+39  7.7870E+38  1.2472E+29  1.1723E+39
  1.4130E+02  1.4962E+39  5.6133E+38  7.7271E+28  9.3489E+38
  1.4960E+02  1.1449E+39  3.9809E+38  4.7789E+28  7.4678E+38
  1.5850E+02  8.7519E+38  2.8049E+38  2.9434E+28  5.9470E+38
  1.7780E+02  5.1862E+38  1.4074E+38  1.1268E+28  3.7788E+38
  1.9950E+02  3.1064E+38  7.0976E+37  4.3447E+27  2.3966E+38
  2.2390E+02  1.8761E+38  3.5838E+37  1.6851E+27  1.5177E+38
  2.5120E+02  1.1431E+38  1.8129E+37  6.5768E+26  9.6182E+37
  2.8180E+02  7.0119E+37  9.1731E+36  2.5786E+26  6.0946E+37
  3.1620E+02  4.3205E+37  4.6369E+36  1.0135E+26  3.8568E+37
  3.5480E+02  2.6740E+37  2.3437E+36  3.9929E+25  2.4396E+37
  3.9810E+02  1.6614E+37  1.1842E+36  1.5771E+25  1.5430E+37
  4.4670E+02  1.0352E+37  5.9809E+35  6.2390E+24  9.7540E+36
  5.0120E+02  6.4684E+36  3.0203E+35  2.4722E+24  6.1663E+36
  5.6230E+02  4.0513E+36  1.5254E+35  9.8080E+23  3.8988E+36
  6.3100E+02  2.5391E+36  7.6938E+34  3.8915E+23  2.4621E+36
  7.0790E+02  1.5952E+36  3.8834E+34  1.5469E+23  1.5564E+36
  7.9430E+02  1.0026E+36  1.9580E+34  6.1474E+22  9.8305E+35
  8.9130E+02  6.3054E+35  9.8656E+33  2.4434E+22  6.2067E+35
  1.0000E+03  3.9706E+35  4.9717E+33  9.7225E+21  3.9208E+35
