  1.0000E-03  8.9989E+44  0.0000E+00  2.3276E+43  8.7662E+44
  1.1220E-03  1.0069E+45  0.0000E+00  2.3342E+43  9.8357E+44
  1.2590E-03  1.1264E+45  0.0000E+00  2.2725E+43  1.1037E+45
  1.4130E-03  1.2603E+45  0.0000E+00  2.1603E+43  1.2387E+45
  1.5850E-03  1.4103E+45  0.0000E+00  2.0849E+43  1.3894E+45
  1.7780E-03  1.5832E+45  0.0000E+00  2.4551E+43  1.5586E+45
  1.9950E-03  1.7718E+45  0.0000E+00  2.3008E+43  1.7488E+45
  2.2390E-03  1.9834E+45  0.0000E+00  2.0654E+43  1.9627E+45
  2.5120E-03  2.2271E+45  0.0000E+00  2.5124E+43  2.2020E+45
  2.8180E-03  2.4932E+45  0.0000E+00  2.3016E+43  2.4702E+45
  3.1620E-03  2.7928E+45  0.0000E+00  2.1000E+43  2.7718E+45
  3.5480E-03  3.1294E+45  0.0000E+00  1.9156E+43  3.1103E+45
  3.9810E-03  3.5073E+45  0.0000E+00  1.7474E+43  3.4898E+45
  4.4670E-03  3.9857E+45  0.0000E+00  6.9874E+43  3.9158E+45
  5.0120E-03  4.4587E+45  0.0000E+00  6.5124E+43  4.3936E+45
  5.6230E-03  4.9907E+45  0.0000E+00  6.1418E+43  4.9292E+45
  5.9570E-03  5.2822E+45  0.0000E+00  6.0195E+43  5.2220E+45
  6.6830E-03  5.9178E+45  0.0000E+00  5.9290E+43  5.8585E+45
  7.4990E-03  6.6345E+45  0.0000E+00  6.0700E+43  6.5738E+45
  8.4140E-03  7.4380E+45  0.0000E+00  6.2150E+43  7.3758E+45
  9.4410E-03  8.3407E+45  0.0000E+00  6.4572E+43  8.2761E+45
  1.0590E-02  9.3511E+45  0.0000E+00  6.7793E+43  9.2833E+45
  1.1890E-02  1.0496E+46  0.0000E+00  7.3069E+43  1.0423E+46
  1.3340E-02  1.1772E+46  0.0000E+00  7.7751E+43  1.1694E+46
  1.4960E-02  1.3197E+46  0.0000E+00  8.3190E+43  1.3114E+46
  1.6790E-02  1.4808E+46  0.0000E+00  8.9391E+43  1.4718E+46
  1.8840E-02  1.6612E+46  0.0000E+00  9.6562E+43  1.6515E+46
  2.1130E-02  1.8629E+46  0.0000E+00  1.0503E+44  1.8524E+46
  2.3710E-02  2.0899E+46  0.0000E+00  1.1445E+44  2.0785E+46
  2.6610E-02  2.3451E+46  0.0000E+00  1.2496E+44  2.3326E+46
  2.9850E-02  2.6303E+46  8.6607E-83  1.3664E+44  2.6166E+46
  3.3500E-02  2.9516E+46  5.3988E-68  1.4895E+44  2.9367E+46
  3.7580E-02  3.3102E+46  6.7378E-55  1.5962E+44  3.2942E+46
  4.2170E-02  3.7172E+46  2.8651E-43  2.0542E+44  3.6967E+46
  4.7320E-02  4.1720E+46  7.2583E-33  2.3831E+44  4.1482E+46
  5.3090E-02  4.3464E+46  1.2575E-23  2.5207E+44  4.3212E+46
  6.6830E-02  4.1511E+46  4.0931E-08  2.4262E+44  4.1268E+46
  7.4990E-02  4.0559E+46  1.2755E-01  2.3021E+44  4.0328E+46
  8.4140E-02  3.9632E+46  6.5600E+04  2.2178E+44  3.9410E+46
  9.4410E-02  3.8730E+46  7.6866E+09  2.1784E+44  3.8513E+46
  1.0590E-01  3.5263E+46  2.1398E+14  2.0804E+44  3.5055E+46
  1.1890E-01  2.9628E+46  1.7362E+18  1.6096E+44  2.9467E+46
  1.3340E-01  2.4919E+46  3.9533E+21  1.2312E+44  2.4795E+46
  1.4960E-01  2.0956E+46  4.8446E+24  7.7938E+43  2.0878E+46
  1.5850E-01  1.9207E+46  1.4421E+26  6.1853E+43  1.9145E+46
  1.7780E-01  1.6165E+46  7.1590E+28  5.0438E+43  1.6114E+46
  1.9950E-01  1.3605E+46  1.8721E+31  4.6939E+43  1.3558E+46
  2.2390E-01  1.1452E+46  2.1124E+33  4.9071E+43  1.1403E+46
  2.3710E-01  1.0514E+46  1.4874E+34  5.0034E+43  1.0464E+46
  2.5120E-01  9.6425E+45  9.1891E+34  4.6654E+43  9.5958E+45
  2.6610E-01  8.8427E+45  5.2281E+35  4.1539E+43  8.8012E+45
  2.8180E-01  8.1128E+45  2.6958E+36  3.6682E+43  8.0761E+45
  2.9850E-01  7.4406E+45  1.2582E+37  3.2682E+43  7.4079E+45
  3.1620E-01  6.8242E+45  5.2672E+37  2.9591E+43  6.7947E+45
  3.3500E-01  6.2578E+45  2.0099E+38  2.6984E+43  6.2308E+45
  3.5480E-01  5.7412E+45  7.0029E+38  2.4755E+43  5.7165E+45
  3.7580E-01  5.2670E+45  2.2580E+39  2.2866E+43  5.2442E+45
  3.9810E-01  4.8310E+45  6.6966E+39  2.1276E+43  4.8097E+45
  4.2170E-01  4.4317E+45  1.8328E+40  1.9996E+43  4.4116E+45
  4.4670E-01  4.0656E+45  4.6532E+40  1.8958E+43  4.0466E+45
  4.7320E-01  3.7297E+45  1.1119E+41  1.8062E+43  3.7115E+45
  5.0120E-01  3.4223E+45  2.5065E+41  1.7268E+43  3.4048E+45
  5.3090E-01  3.1403E+45  5.3670E+41  1.6590E+43  3.1232E+45
  5.6230E-01  2.8822E+45  1.0862E+42  1.6008E+43  2.8651E+45
  5.9570E-01  2.6452E+45  2.0938E+42  1.5511E+43  2.6276E+45
  6.3100E-01  2.4293E+45  3.8461E+42  1.5102E+43  2.4103E+45
  6.6830E-01  2.2329E+45  6.7411E+42  1.4773E+43  2.2114E+45
  7.0790E-01  2.0543E+45  1.1318E+43  1.4554E+43  2.0284E+45
  7.4990E-01  1.8931E+45  1.8203E+43  1.4418E+43  1.8605E+45
  7.9430E-01  1.7491E+45  2.8123E+43  1.4383E+43  1.7066E+45
  8.4140E-01  1.6217E+45  4.1899E+43  1.4467E+43  1.5653E+45
  8.9130E-01  1.5109E+45  6.0494E+43  1.4693E+43  1.4357E+45
  9.4410E-01  1.4164E+45  8.4410E+43  1.5027E+43  1.3170E+45
  1.0000E+00  1.3373E+45  1.1381E+44  1.5413E+43  1.2081E+45
  1.0590E+00  1.2731E+45  1.4864E+44  1.5853E+43  1.1086E+45
  1.1220E+00  1.2222E+45  1.8936E+44  1.6316E+43  1.0165E+45
  1.1890E+00  1.1843E+45  2.3568E+44  1.6752E+43  9.3183E+44
  1.2590E+00  1.1583E+45  2.8604E+44  1.7095E+43  8.5520E+44
  1.3340E+00  1.1407E+45  3.3929E+44  1.7329E+43  7.8411E+44
  1.4130E+00  1.1283E+45  3.9162E+44  1.7419E+43  7.1927E+44
  1.4960E+00  1.1192E+45  4.4162E+44  1.7341E+43  6.6026E+44
  1.5850E+00  1.1120E+45  4.8953E+44  1.7080E+43  6.0543E+44
  1.6790E+00  1.1043E+45  5.3239E+44  1.6600E+43  5.5530E+44
  1.7780E+00  1.0937E+45  5.6822E+44  1.5870E+43  5.0957E+44
  1.8840E+00  1.0794E+45  5.9735E+44  1.4906E+43  4.6719E+44
  1.9950E+00  1.0606E+45  6.1808E+44  1.3729E+43  4.2875E+44
  2.1130E+00  1.0365E+45  6.3079E+44  1.2396E+43  3.9333E+44
  2.2390E+00  1.0067E+45  6.3511E+44  1.0967E+43  3.6061E+44
  2.3710E+00  9.7183E+44  6.3140E+44  9.5131E+42  3.3092E+44
  2.5120E+00  9.3292E+44  6.2137E+44  8.1079E+42  3.0344E+44
  2.6610E+00  8.9057E+44  6.0545E+44  6.7978E+42  2.7832E+44
  2.8180E+00  8.4538E+44  5.8438E+44  5.6132E+42  2.5538E+44
  2.9850E+00  7.9869E+44  5.5986E+44  4.5746E+42  2.3426E+44
  3.1620E+00  7.5094E+44  5.3239E+44  3.6844E+42  2.1487E+44
  3.3500E+00  7.0449E+44  5.0451E+44  2.9390E+42  1.9704E+44
  3.5480E+00  6.5797E+44  4.7487E+44  2.3229E+42  1.8078E+44
  3.7580E+00  6.1292E+44  4.4527E+44  1.8211E+42  1.6583E+44
  3.9810E+00  5.6950E+44  4.1598E+44  1.4172E+42  1.5210E+44
  4.2170E+00  5.2795E+44  3.8734E+44  1.0956E+42  1.3951E+44
  4.4670E+00  4.8846E+44  3.5966E+44  8.4190E+41  1.2796E+44
  4.7320E+00  4.5135E+44  3.3334E+44  6.4279E+41  1.1737E+44
  5.0120E+00  4.1696E+44  3.0855E+44  4.8828E+41  1.0791E+44
  5.3090E+00  3.8158E+44  2.8519E+44  3.6592E+41  9.6024E+43
  5.6230E+00  3.4854E+44  2.6346E+44  2.7210E+41  8.4805E+43
  5.9570E+00  3.1799E+44  2.4347E+44  2.0090E+41  7.4316E+43
  6.3100E+00  2.8868E+44  2.2383E+44  1.4694E+41  6.4710E+43
  6.6830E+00  2.6370E+44  2.0758E+44  1.0737E+41  5.6014E+43
  7.0790E+00  2.3983E+44  1.9156E+44  7.7486E+40  4.8190E+43
  7.4990E+00  2.2102E+44  1.7973E+44  5.4487E+40  4.1229E+43
  7.9430E+00  2.1693E+44  1.8178E+44  3.6561E+40  3.5109E+43
  8.4140E+00  2.2474E+44  1.9496E+44  2.5456E+40  2.9752E+43
  8.9130E+00  2.2656E+44  2.0144E+44  1.9391E+40  2.5104E+43
  9.4410E+00  2.2256E+44  2.0144E+44  1.6613E+40  2.1101E+43
  1.0000E+01  1.9623E+44  1.7854E+44  1.3559E+40  1.7671E+43
  1.0590E+01  1.7007E+44  1.5530E+44  1.0887E+40  1.4758E+43
  1.1220E+01  1.4625E+44  1.3398E+44  8.2500E+39  1.2267E+43
  1.1890E+01  1.2716E+44  1.1699E+44  6.1976E+39  1.0159E+43
  1.2590E+01  1.1273E+44  1.0432E+44  4.6027E+39  8.4119E+42
  1.3340E+01  1.0165E+44  9.4717E+43  3.3629E+39  6.9319E+42
  1.4130E+01  9.4278E+43  8.8571E+43  2.3989E+39  5.7050E+42
  1.4960E+01  9.1490E+43  8.6796E+43  1.7390E+39  4.6919E+42
  1.5850E+01  9.0521E+43  8.6678E+43  1.3248E+39  3.8414E+42
  1.6790E+01  9.0490E+43  8.7348E+43  1.0627E+39  3.1409E+42
  1.7780E+01  9.0575E+43  8.8008E+43  8.9187E+38  2.5663E+42
  1.8840E+01  9.0306E+43  8.8216E+43  7.6220E+38  2.0888E+42
  1.9950E+01  8.9626E+43  8.7924E+43  6.3897E+38  1.7013E+42
  2.1130E+01  8.9077E+43  8.7694E+43  5.1949E+38  1.3827E+42
  2.2390E+01  8.8660E+43  8.7539E+43  4.1908E+38  1.1203E+42
  2.3710E+01  8.8059E+43  8.7150E+43  3.3457E+38  9.0864E+41
  2.5120E+01  8.6931E+43  8.6195E+43  2.6520E+38  7.3479E+41
  2.6610E+01  8.5063E+43  8.4469E+43  2.0745E+38  5.9383E+41
  2.8180E+01  8.2340E+43  8.1860E+43  1.6065E+38  4.7994E+41
  2.9850E+01  7.8664E+43  7.8277E+43  1.2287E+38  3.8717E+41
  3.1620E+01  7.4047E+43  7.3735E+43  9.2527E+37  3.1199E+41
  3.3500E+01  6.8607E+43  6.8356E+43  6.8586E+37  2.5106E+41
  3.5480E+01  6.2576E+43  6.2374E+43  5.0056E+37  2.0210E+41
  3.7580E+01  5.6142E+43  5.5979E+43  3.5939E+37  1.6253E+41
  3.9810E+01  4.9485E+43  4.9354E+43  2.5378E+37  1.3054E+41
  4.2170E+01  4.2913E+43  4.2808E+43  1.7624E+37  1.0479E+41
  4.4670E+01  3.6636E+43  3.6552E+43  1.2032E+37  8.4074E+40
  4.7320E+01  3.0826E+43  3.0759E+43  8.0871E+36  6.7400E+40
  5.0120E+01  2.5590E+43  2.5536E+43  5.3573E+36  5.4034E+40
  5.3090E+01  2.0965E+43  2.0922E+43  3.4997E+36  4.3282E+40
  5.6230E+01  1.6979E+43  1.6945E+43  2.2578E+36  3.4667E+40
  5.9570E+01  1.3591E+43  1.3563E+43  1.4385E+36  2.7728E+40
  6.3100E+01  1.0775E+43  1.0752E+43  9.0713E+35  2.2180E+40
  6.6830E+01  8.4669E+42  8.4491E+42  5.6672E+35  1.7744E+40
  7.0790E+01  6.5987E+42  6.5845E+42  3.5093E+35  1.4183E+40
  7.4990E+01  5.1027E+42  5.0914E+42  2.1555E+35  1.1329E+40
  7.9430E+01  3.9206E+42  3.9116E+42  1.3152E+35  9.0505E+39
  8.4140E+01  2.9938E+42  2.9866E+42  7.9712E+34  7.2256E+39
  8.9130E+01  2.2750E+42  2.2692E+42  4.8072E+34  5.7665E+39
  9.4410E+01  1.7207E+42  1.7161E+42  2.8852E+34  4.6021E+39
  1.0000E+02  1.2958E+42  1.2922E+42  1.7238E+34  3.6722E+39
  1.0590E+02  9.7305E+41  9.7012E+41  1.0271E+34  2.9317E+39
  1.1220E+02  7.2822E+41  7.2588E+41  6.0960E+33  2.3358E+39
  1.1890E+02  5.4444E+41  5.4258E+41  3.6148E+33  1.8590E+39
  1.2590E+02  4.0866E+41  4.0717E+41  2.1527E+33  1.4838E+39
  1.3340E+02  3.0709E+41  3.0591E+41  1.2854E+33  1.1811E+39
  1.4130E+02  2.2895E+41  2.2801E+41  7.6403E+32  9.4117E+38
  1.4960E+02  1.6740E+41  1.6664E+41  4.4468E+32  7.5121E+38
  1.5850E+02  1.2142E+41  1.2082E+41  2.5605E+32  5.9781E+38
  1.7780E+02  6.4249E+40  6.3869E+40  8.5272E+31  3.7942E+38
  1.9950E+02  3.3959E+40  3.3719E+40  2.8381E+31  2.4043E+38
  2.2390E+02  1.7874E+40  1.7722E+40  9.4154E+30  1.5216E+38
  2.5120E+02  9.3794E+39  9.2830E+39  3.1159E+30  9.6376E+37
  2.8180E+02  4.9035E+39  4.8425E+39  1.0281E+30  6.1043E+37
  3.1620E+02  2.5528E+39  2.5142E+39  3.3801E+29  3.8617E+37
  3.5480E+02  1.3254E+39  1.3010E+39  1.1088E+29  2.4421E+37
  3.9810E+02  6.8651E+38  6.7107E+38  3.6323E+28  1.5442E+37
  4.4670E+02  3.5489E+38  3.4513E+38  1.1887E+28  9.7603E+36
  5.0120E+02  1.8327E+38  1.7710E+38  3.8902E+27  6.1695E+36
  5.6230E+02  9.4613E+37  9.0713E+37  1.2740E+27  3.9003E+36
  6.3100E+02  4.8792E+37  4.6329E+37  4.1749E+26  2.4629E+36
  7.0790E+02  2.5201E+37  2.3644E+37  1.3726E+26  1.5568E+36
  7.9430E+02  1.3021E+37  1.2038E+37  4.5230E+25  9.8325E+35
  8.9130E+02  6.7390E+36  6.1183E+36  1.4962E+25  6.2077E+35
  1.0000E+03  3.4991E+36  3.1070E+36  4.9790E+24  3.9214E+35
