  1.0000E-03  9.8326E+44  0.0000E+00  1.0664E+44  8.7662E+44
  1.1220E-03  1.0689E+45  0.0000E+00  8.5361E+43  9.8357E+44
  1.2590E-03  1.1712E+45  0.0000E+00  6.7484E+43  1.1037E+45
  1.4130E-03  1.2925E+45  0.0000E+00  5.3837E+43  1.2387E+45
  1.5850E-03  1.4363E+45  0.0000E+00  4.6833E+43  1.3894E+45
  1.7780E-03  1.6124E+45  0.0000E+00  5.3755E+43  1.5586E+45
  1.9950E-03  1.7913E+45  0.0000E+00  4.2534E+43  1.7488E+45
  2.2390E-03  1.9997E+45  0.0000E+00  3.6930E+43  1.9627E+45
  2.5120E-03  2.2428E+45  0.0000E+00  4.0755E+43  2.2020E+45
  2.8180E-03  2.5040E+45  0.0000E+00  3.3772E+43  2.4702E+45
  3.1620E-03  2.8017E+45  0.0000E+00  2.9904E+43  2.7718E+45
  3.5480E-03  3.1372E+45  0.0000E+00  2.6943E+43  3.1103E+45
  3.9810E-03  3.5139E+45  0.0000E+00  2.4055E+43  3.4898E+45
  4.4670E-03  3.9950E+45  0.0000E+00  7.9146E+43  3.9158E+45
  5.0120E-03  4.4846E+45  0.0000E+00  9.1056E+43  4.3936E+45
  5.6230E-03  5.0390E+45  0.0000E+00  1.0977E+44  4.9292E+45
  5.9570E-03  5.3430E+45  0.0000E+00  1.2097E+44  5.2220E+45
  6.6830E-03  6.0030E+45  0.0000E+00  1.4444E+44  5.8585E+45
  7.4990E-03  6.7434E+45  0.0000E+00  1.6955E+44  6.5738E+45
  8.4140E-03  7.5669E+45  0.0000E+00  1.9102E+44  7.3758E+45
  9.4410E-03  8.4866E+45  0.0000E+00  2.1051E+44  8.2761E+45
  1.0590E-02  9.5126E+45  0.0000E+00  2.2933E+44  9.2833E+45
  1.1890E-02  1.0667E+46  0.0000E+00  2.4382E+44  1.0423E+46
  1.3340E-02  1.1951E+46  0.0000E+00  2.5710E+44  1.1694E+46
  1.4960E-02  1.3382E+46  0.0000E+00  2.6825E+44  1.3114E+46
  1.6790E-02  1.4998E+46  0.0000E+00  2.7914E+44  1.4718E+46
  1.8840E-02  1.6806E+46  0.0000E+00  2.9021E+44  1.6515E+46
  2.1130E-02  1.8824E+46  0.0000E+00  3.0077E+44  1.8524E+46
  2.3710E-02  2.1096E+46  0.0000E+00  3.1129E+44  2.0785E+46
  2.6610E-02  2.3647E+46  0.0000E+00  3.2117E+44  2.3326E+46
  2.9850E-02  2.6496E+46  9.7487E-83  3.2994E+44  2.6166E+46
  3.3500E-02  2.9702E+46  6.0552E-68  3.3539E+44  2.9367E+46
  3.7580E-02  3.3291E+46  7.5594E-55  3.4878E+44  3.2942E+46
  4.2170E-02  3.7424E+46  3.1871E-43  4.5709E+44  3.6967E+46
  4.7320E-02  4.1941E+46  7.9018E-33  4.5934E+44  4.1482E+46
  5.3090E-02  4.3616E+46  1.3250E-23  4.0397E+44  4.3212E+46
  6.6830E-02  4.1487E+46  3.7338E-08  2.1915E+44  4.1268E+46
  7.4990E-02  4.0474E+46  1.0005E-01  1.4600E+44  4.0328E+46
  8.4140E-02  3.9565E+46  5.2110E+04  1.5533E+44  3.9410E+46
  9.4410E-02  3.8679E+46  6.0416E+09  1.6687E+44  3.8513E+46
  1.0590E-01  3.5280E+46  1.7011E+14  2.2431E+44  3.5055E+46
  1.1890E-01  2.9719E+46  1.4930E+18  2.5203E+44  2.9467E+46
  1.3340E-01  2.5051E+46  3.9324E+21  2.5531E+44  2.4795E+46
  1.4960E-01  2.1053E+46  5.2861E+24  1.7456E+44  2.0878E+46
  1.5850E-01  1.9278E+46  1.5874E+26  1.3275E+44  1.9145E+46
  1.7780E-01  1.6208E+46  7.4684E+28  9.3784E+43  1.6114E+46
  1.9950E-01  1.3618E+46  1.6445E+31  5.9548E+43  1.3558E+46
  2.2390E-01  1.1453E+46  1.5208E+33  4.9363E+43  1.1403E+46
  2.3710E-01  1.0527E+46  1.1096E+34  6.2710E+43  1.0464E+46
  2.5120E-01  9.6681E+45  7.2687E+34  7.2308E+43  9.5958E+45
  2.6610E-01  8.8738E+45  4.2927E+35  7.2562E+43  8.8012E+45
  2.8180E-01  8.1445E+45  2.2600E+36  6.8388E+43  8.0761E+45
  2.9850E-01  7.4715E+45  1.0696E+37  6.3599E+43  7.4079E+45
  3.1620E-01  6.8544E+45  4.5225E+37  5.9702E+43  6.7947E+45
  3.3500E-01  6.2868E+45  1.7360E+38  5.5978E+43  6.2308E+45
  3.5480E-01  5.7689E+45  6.0566E+38  5.2394E+43  5.7165E+45
  3.7580E-01  5.2933E+45  1.9459E+39  4.9107E+43  5.2442E+45
  3.9810E-01  4.8560E+45  5.7447E+39  4.6228E+43  4.8097E+45
  4.2170E-01  4.4555E+45  1.5594E+40  4.3892E+43  4.4116E+45
  4.4670E-01  4.0886E+45  3.9219E+40  4.1915E+43  4.0466E+45
  4.7320E-01  3.7517E+45  9.2666E+40  4.0076E+43  3.7115E+45
  5.0120E-01  3.4433E+45  2.0635E+41  3.8323E+43  3.4048E+45
  5.3090E-01  3.1604E+45  4.3601E+41  3.6781E+43  3.1232E+45
  5.6230E-01  2.9014E+45  8.7197E+41  3.5442E+43  2.8651E+45
  5.9570E-01  2.6636E+45  1.6631E+42  3.4384E+43  2.6276E+45
  6.3100E-01  2.4470E+45  3.0272E+42  3.3677E+43  2.4103E+45
  6.6830E-01  2.2501E+45  5.2688E+42  3.3448E+43  2.2114E+45
  7.0790E-01  2.0711E+45  8.8122E+42  3.3823E+43  2.0284E+45
  7.4990E-01  1.9095E+45  1.4171E+43  3.4855E+43  1.8605E+45
  7.9430E-01  1.7653E+45  2.1983E+43  3.6716E+43  1.7066E+45
  8.4140E-01  1.6381E+45  3.3041E+43  3.9740E+43  1.5653E+45
  8.9130E-01  1.5283E+45  4.8427E+43  4.4147E+43  1.4357E+45
  9.4410E-01  1.4362E+45  6.9026E+43  5.0180E+43  1.3170E+45
  1.0000E+00  1.3615E+45  9.5598E+43  5.7785E+43  1.2081E+45
  1.0590E+00  1.3045E+45  1.2897E+44  6.6916E+43  1.1086E+45
  1.1220E+00  1.2647E+45  1.7068E+44  7.7498E+43  1.0165E+45
  1.1890E+00  1.2430E+45  2.2194E+44  8.9260E+43  9.3183E+44
  1.2590E+00  1.2399E+45  2.8317E+44  1.0157E+44  8.5520E+44
  1.3340E+00  1.2528E+45  3.5426E+44  1.1440E+44  7.8411E+44
  1.4130E+00  1.2776E+45  4.3139E+44  1.2690E+44  7.1927E+44
  1.4960E+00  1.3116E+45  5.1300E+44  1.3836E+44  6.6026E+44
  1.5850E+00  1.3529E+45  5.9921E+44  1.4829E+44  6.0543E+44
  1.6790E+00  1.3971E+45  6.8613E+44  1.5566E+44  5.5530E+44
  1.7780E+00  1.4390E+45  7.6986E+44  1.5958E+44  5.0957E+44
  1.8840E+00  1.4753E+45  8.4834E+44  1.5974E+44  4.6719E+44
  1.9950E+00  1.5013E+45  9.1662E+44  1.5589E+44  4.2875E+44
  2.1130E+00  1.5140E+45  9.7221E+44  1.4845E+44  3.9333E+44
  2.2390E+00  1.5107E+45  1.0120E+45  1.3806E+44  3.6061E+44
  2.3710E+00  1.4912E+45  1.0348E+45  1.2552E+44  3.3092E+44
  2.5120E+00  1.4569E+45  1.0415E+45  1.1191E+44  3.0344E+44
  2.6610E+00  1.4090E+45  1.0327E+45  9.7981E+43  2.7832E+44
  2.8180E+00  1.3497E+45  1.0099E+45  8.4347E+43  2.5538E+44
  2.9850E+00  1.2819E+45  9.7611E+44  7.1524E+43  2.3426E+44
  3.1620E+00  1.2076E+45  9.3297E+44  5.9806E+43  2.1487E+44
  3.3500E+00  1.1314E+45  8.8505E+44  4.9347E+43  1.9704E+44
  3.5480E+00  1.0528E+45  8.3183E+44  4.0240E+43  1.8078E+44
  3.7580E+00  9.7474E+44  7.7649E+44  3.2424E+43  1.6583E+44
  3.9810E+00  8.9803E+44  7.2011E+44  2.5827E+43  1.5210E+44
  4.2170E+00  8.2380E+44  6.6394E+44  2.0353E+43  1.3951E+44
  4.4670E+00  7.5273E+44  6.0890E+44  1.5873E+43  1.2796E+44
  4.7320E+00  6.8544E+44  5.5584E+44  1.2240E+43  1.1737E+44
  5.0120E+00  6.2265E+44  5.0539E+44  9.3441E+42  1.0791E+44
  5.3090E+00  5.6061E+44  4.5756E+44  7.0255E+42  9.6024E+43
  5.6230E+00  5.0293E+44  4.1291E+44  5.2188E+42  8.4805E+43
  5.9570E+00  4.4986E+44  3.7172E+44  3.8324E+42  7.4316E+43
  6.3100E+00  3.9988E+44  3.3239E+44  2.7802E+42  6.4710E+43
  6.6830E+00  3.5744E+44  2.9941E+44  2.0096E+42  5.6014E+43
  7.0790E+00  3.1775E+44  2.6812E+44  1.4317E+42  4.8190E+43
  7.4990E+00  2.8456E+44  2.4236E+44  9.7663E+41  4.1229E+43
  7.9430E+00  2.6629E+44  2.3059E+44  5.9014E+41  3.5109E+43
  8.4140E+00  2.5794E+44  2.2785E+44  3.4051E+41  2.9752E+43
  8.9130E+00  2.4435E+44  2.1902E+44  2.2041E+41  2.5104E+43
  9.4410E+00  2.2696E+44  2.0570E+44  1.6518E+41  2.1101E+43
  1.0000E+01  2.0510E+44  1.8729E+44  1.4246E+41  1.7671E+43
  1.0590E+01  1.8337E+44  1.6848E+44  1.2466E+41  1.4758E+43
  1.1220E+01  1.6145E+44  1.4908E+44  1.0434E+41  1.2267E+43
  1.1890E+01  1.4088E+44  1.3063E+44  8.3921E+40  1.0159E+43
  1.2590E+01  1.2312E+44  1.1465E+44  6.5086E+40  8.4119E+42
  1.3340E+01  1.0787E+44  1.0089E+44  4.8317E+40  6.9319E+42
  1.4130E+01  9.6798E+43  9.1059E+43  3.4170E+40  5.7050E+42
  1.4960E+01  9.2205E+43  8.7489E+43  2.4079E+40  4.6919E+42
  1.5850E+01  8.9697E+43  8.5838E+43  1.7665E+40  3.8414E+42
  1.6790E+01  8.7862E+43  8.4707E+43  1.3538E+40  3.1409E+42
  1.7780E+01  8.5507E+43  8.2930E+43  1.0845E+40  2.5663E+42
  1.8840E+01  8.1961E+43  7.9863E+43  8.9218E+39  2.0888E+42
  1.9950E+01  7.7321E+43  7.5612E+43  7.2766E+39  1.7013E+42
  2.1130E+01  7.2649E+43  7.1261E+43  5.7451E+39  1.3827E+42
  2.2390E+01  6.8299E+43  6.7174E+43  4.4795E+39  1.1203E+42
  2.3710E+01  6.4138E+43  6.3226E+43  3.4500E+39  9.0864E+41
  2.5120E+01  5.9942E+43  5.9204E+43  2.6350E+39  7.3479E+41
  2.6610E+01  5.5633E+43  5.5037E+43  1.9865E+39  5.9383E+41
  2.8180E+01  5.1211E+43  5.0729E+43  1.4840E+39  4.7994E+41
  2.9850E+01  4.6626E+43  4.6238E+43  1.0961E+39  3.8717E+41
  3.1620E+01  4.1916E+43  4.1603E+43  7.9817E+38  3.1199E+41
  3.3500E+01  3.7164E+43  3.6913E+43  5.7291E+38  2.5106E+41
  3.5480E+01  3.2511E+43  3.2308E+43  4.0554E+38  2.0210E+41
  3.7580E+01  2.8021E+43  2.7858E+43  2.8276E+38  1.6253E+41
  3.9810E+01  2.3760E+43  2.3629E+43  1.9412E+38  1.3054E+41
  4.2170E+01  1.9853E+43  1.9748E+43  1.3121E+38  1.0479E+41
  4.4670E+01  1.6358E+43  1.6274E+43  8.7273E+37  8.4074E+40
  4.7320E+01  1.3307E+43  1.3240E+43  5.7206E+37  6.7400E+40
  5.0120E+01  1.0700E+43  1.0646E+43  3.6999E+37  5.4034E+40
  5.3090E+01  8.5064E+42  8.4631E+42  2.3622E+37  4.3282E+40
  5.6230E+01  6.6974E+42  6.6627E+42  1.4911E+37  3.4667E+40
  5.9570E+01  5.2204E+42  5.1927E+42  9.3045E+36  2.7728E+40
  6.3100E+01  4.0376E+42  4.0155E+42  5.7537E+36  2.2180E+40
  6.6830E+01  3.1008E+42  3.0831E+42  3.5289E+36  1.7744E+40
  7.0790E+01  2.3655E+42  2.3514E+42  2.1477E+36  1.4183E+40
  7.4990E+01  1.7933E+42  1.7820E+42  1.2979E+36  1.1329E+40
  7.9430E+01  1.3529E+42  1.3438E+42  7.8001E+35  9.0505E+39
  8.4140E+01  1.0157E+42  1.0085E+42  4.6613E+35  7.2256E+39
  8.9130E+01  7.5986E+41  7.5409E+41  2.7744E+35  5.7665E+39
  9.4410E+01  5.6653E+41  5.6193E+41  1.6451E+35  4.6021E+39
  1.0000E+02  4.2103E+41  4.1736E+41  9.7194E+34  3.6722E+39
  1.0590E+02  3.1235E+41  3.0941E+41  5.7316E+34  2.9317E+39
  1.1220E+02  2.3116E+41  2.2882E+41  3.3696E+34  2.3358E+39
  1.1890E+02  1.7106E+41  1.6920E+41  1.9806E+34  1.8590E+39
  1.2590E+02  1.2723E+41  1.2574E+41  1.1702E+34  1.4838E+39
  1.3340E+02  9.4804E+40  9.3623E+40  6.9363E+33  1.1811E+39
  1.4130E+02  7.0137E+40  6.9196E+40  4.0958E+33  9.4117E+38
  1.4960E+02  5.0914E+40  5.0163E+40  2.3701E+33  7.5121E+38
  1.5850E+02  3.6688E+40  3.6090E+40  1.3576E+33  5.9781E+38
  1.7780E+02  1.9200E+40  1.8820E+40  4.4828E+32  3.7942E+38
  1.9950E+02  1.0061E+40  9.8208E+39  1.4828E+32  2.4043E+38
  2.2390E+02  5.2622E+39  5.1100E+39  4.9001E+31  1.5216E+38
  2.5120E+02  2.7500E+39  2.6536E+39  1.6193E+31  9.6376E+37
  2.8180E+02  1.4350E+39  1.3739E+39  5.3483E+30  6.1043E+37
  3.1620E+02  7.4731E+38  7.0870E+38  1.7649E+30  3.8617E+37
  3.5480E+02  3.8906E+38  3.6464E+38  5.8275E+29  2.4421E+37
  3.9810E+02  2.0260E+38  1.8716E+38  1.9278E+29  1.5442E+37
  4.4670E+02  1.0560E+38  9.5838E+37  6.3933E+28  9.7603E+36
  5.0120E+02  5.5162E+37  4.8993E+37  2.1288E+28  6.1695E+36
  5.6230E+02  2.8912E+37  2.5012E+37  7.1238E+27  3.9003E+36
  6.3100E+02  1.5200E+37  1.2737E+37  2.3969E+27  2.4629E+36
  7.0790E+02  8.0404E+36  6.4836E+36  8.1325E+26  1.5568E+36
  7.9430E+02  4.2769E+36  3.2937E+36  2.7807E+26  9.8325E+35
  8.9130E+02  2.2915E+36  1.6707E+36  9.5967E+25  6.2077E+35
  1.0000E+03  1.2391E+36  8.4694E+35  3.3494E+25  3.9214E+35
