  1.0000E-03  6.3621E+44  0.0000E+00  5.0944E+42  6.3112E+44
  1.1220E-03  6.5789E+44  0.0000E+00  6.3518E+42  6.5154E+44
  1.2590E-03  6.7655E+44  0.0000E+00  7.5360E+42  6.6902E+44
  1.4130E-03  6.9282E+44  0.0000E+00  8.5828E+42  6.8424E+44
  1.5850E-03  7.1834E+44  0.0000E+00  9.5846E+42  7.0875E+44
  1.7780E-03  7.8416E+44  0.0000E+00  1.2141E+43  7.7202E+44
  1.9950E-03  7.5594E+44  0.0000E+00  1.4058E+43  7.4188E+44
  2.2390E-03  7.5345E+44  0.0000E+00  1.4783E+43  7.3867E+44
  2.5120E-03  8.0419E+44  0.0000E+00  1.9863E+43  7.8433E+44
  2.8180E-03  7.2825E+44  0.0000E+00  2.2333E+43  7.0592E+44
  3.1620E-03  6.7386E+44  0.0000E+00  2.3986E+43  6.4987E+44
  3.5480E-03  6.3040E+44  0.0000E+00  2.5150E+43  6.0525E+44
  3.9810E-03  5.9937E+44  0.0000E+00  2.5908E+43  5.7346E+44
  4.4670E-03  1.3267E+45  0.0000E+00  4.2082E+43  1.2846E+45
  5.0120E-03  1.1834E+45  0.0000E+00  4.9548E+43  1.1339E+45
  5.6230E-03  1.0586E+45  0.0000E+00  5.6135E+43  1.0025E+45
  5.9570E-03  1.0067E+45  0.0000E+00  5.9080E+43  9.4759E+44
  6.6830E-03  9.3140E+44  0.0000E+00  6.4421E+43  8.6698E+44
  7.4990E-03  8.9703E+44  0.0000E+00  7.0239E+43  8.2679E+44
  8.4140E-03  8.4132E+44  0.0000E+00  7.5251E+43  7.6607E+44
  9.4410E-03  8.1595E+44  0.0000E+00  7.9701E+43  7.3625E+44
  1.0590E-02  8.4876E+44  0.0000E+00  8.2585E+43  7.6617E+44
  1.1890E-02  8.1491E+44  0.0000E+00  9.1874E+43  7.2304E+44
  1.3340E-02  8.0770E+44  0.0000E+00  9.6836E+43  7.1086E+44
  1.4960E-02  7.7833E+44  0.0000E+00  1.0277E+44  6.7557E+44
  1.6790E-02  7.5964E+44  0.0000E+00  1.0785E+44  6.5179E+44
  1.8840E-02  7.5281E+44  0.0000E+00  1.1239E+44  6.4042E+44
  2.1130E-02  7.3815E+44  0.0000E+00  1.1927E+44  6.1888E+44
  2.3710E-02  7.1988E+44  0.0000E+00  1.2509E+44  5.9479E+44
  2.6610E-02  6.9395E+44  0.0000E+00  1.3003E+44  5.6393E+44
  2.9850E-02  6.6998E+44  1.8604E-84  1.3438E+44  5.3560E+44
  3.3500E-02  6.4547E+44  1.0251E-69  1.3800E+44  5.0747E+44
  3.7580E-02  6.9296E+44  1.2334E-56  1.4836E+44  5.4461E+44
  4.2170E-02  6.8435E+44  4.6035E-45  1.6946E+44  5.1489E+44
  4.7320E-02  5.4875E+44  8.5482E-35  1.6295E+44  3.8580E+44
  5.3090E-02  3.8795E+44  1.0073E-25  1.3987E+44  2.4808E+44
  6.6830E-02  9.7488E+43  6.7555E-11  6.1907E+43  3.5581E+43
  7.4990E-02  4.3402E+43  7.6893E-05  3.3102E+43  1.0300E+43
  8.4140E-02  5.0221E+43  5.2720E+01  3.6567E+43  1.3653E+43
  9.4410E-02  5.6681E+43  7.6450E+06  4.0173E+43  1.6508E+43
  1.0590E-01  9.3035E+43  4.6051E+11  5.7687E+43  3.5348E+43
  1.1890E-01  1.5256E+44  8.0204E+15  7.4219E+43  7.8342E+43
  1.3340E-01  2.1804E+44  2.9383E+19  8.4823E+43  1.3322E+44
  1.4960E-01  2.5875E+44  4.9336E+22  8.1814E+43  1.7694E+44
  1.5850E-01  2.5381E+44  1.5644E+24  7.7563E+43  1.7625E+44
  1.7780E-01  1.9433E+44  7.2963E+26  6.5879E+43  1.2845E+44
  1.9950E-01  8.6488E+43  1.0750E+29  3.8900E+43  4.7588E+43
  2.2390E-01  5.0652E+43  8.7435E+30  2.6382E+43  2.4269E+43
  2.3710E-01  7.3829E+43  9.9248E+31  3.3303E+43  4.0525E+43
  2.5120E-01  1.0969E+44  9.8606E+32  4.0317E+43  6.9377E+43
  2.6610E-01  1.4047E+44  7.6883E+33  4.3345E+43  9.7122E+43
  2.8180E-01  1.6461E+44  4.9680E+34  4.3690E+43  1.2092E+44
  2.9850E-01  1.8403E+44  2.7661E+35  4.2911E+43  1.4112E+44
  3.1620E-01  2.0251E+44  1.3550E+36  4.1893E+43  1.6062E+44
  3.3500E-01  2.2012E+44  5.9698E+36  4.0595E+43  1.7953E+44
  3.5480E-01  2.3561E+44  2.3663E+37  3.8970E+43  1.9664E+44
  3.7580E-01  2.5191E+44  8.6636E+37  3.7231E+43  2.1468E+44
  3.9810E-01  2.6624E+44  2.8815E+38  3.5457E+43  2.3078E+44
  4.2170E-01  2.8473E+44  8.9106E+38  3.3730E+43  2.5100E+44
  4.4670E-01  3.0337E+44  2.5400E+39  3.2087E+43  2.7128E+44
  4.7320E-01  3.2236E+44  6.7884E+39  3.0387E+43  2.9196E+44
  5.0120E-01  3.4109E+44  1.7030E+40  2.8623E+43  3.1245E+44
  5.3090E-01  3.6142E+44  4.0572E+40  2.6828E+43  3.3455E+44
  5.6230E-01  3.7893E+44  9.0513E+40  2.5079E+43  3.5376E+44
  5.9570E-01  3.9463E+44  1.9130E+41  2.3355E+43  3.7108E+44
  6.3100E-01  4.1016E+44  3.8434E+41  2.1664E+43  3.8811E+44
  6.6830E-01  4.2531E+44  7.3527E+41  1.9997E+43  4.0458E+44
  7.0790E-01  4.3936E+44  1.3428E+42  1.8407E+43  4.1961E+44
  7.4990E-01  4.5076E+44  2.3377E+42  1.6885E+43  4.3154E+44
  7.9430E-01  4.6117E+44  3.8987E+42  1.5417E+43  4.4185E+44
  8.4140E-01  4.7093E+44  6.2614E+42  1.4009E+43  4.5066E+44
  8.9130E-01  4.8196E+44  9.7414E+42  1.2649E+43  4.5957E+44
  9.4410E-01  4.9227E+44  1.4631E+43  1.1362E+43  4.6628E+44
  1.0000E+00  5.0056E+44  2.1206E+43  1.0161E+43  4.6920E+44
  1.0590E+00  5.0770E+44  2.9743E+43  9.0602E+42  4.6889E+44
  1.1220E+00  5.1443E+44  4.0694E+43  8.0408E+42  4.6569E+44
  1.1890E+00  5.2172E+44  5.4425E+43  7.0930E+42  4.6020E+44
  1.2590E+00  5.3095E+44  7.0954E+43  6.2075E+42  4.5379E+44
  1.3340E+00  5.4044E+44  9.0608E+43  5.4083E+42  4.4442E+44
  1.4130E+00  5.4982E+44  1.1277E+44  4.7125E+42  4.3234E+44
  1.4960E+00  5.5981E+44  1.3728E+44  4.1006E+42  4.1843E+44
  1.5850E+00  5.7093E+44  1.6467E+44  3.5528E+42  4.0271E+44
  1.6790E+00  5.8320E+44  1.9392E+44  3.0566E+42  3.8622E+44
  1.7780E+00  5.9597E+44  2.2408E+44  2.6032E+42  3.6928E+44
  1.8840E+00  6.0897E+44  2.5530E+44  2.1921E+42  3.5148E+44
  1.9950E+00  6.2124E+44  2.8578E+44  1.8227E+42  3.3363E+44
  2.1130E+00  6.3212E+44  3.1520E+44  1.4969E+42  3.1542E+44
  2.2390E+00  6.4069E+44  3.4249E+44  1.2145E+42  2.9698E+44
  2.3710E+00  6.4604E+44  3.6613E+44  9.7383E+41  2.7894E+44
  2.5120E+00  6.4813E+44  3.8634E+44  7.7346E+41  2.6101E+44
  2.6610E+00  6.4627E+44  4.0202E+44  6.0873E+41  2.4365E+44
  2.8180E+00  6.3987E+44  4.1239E+44  4.7467E+41  2.2700E+44
  2.9850E+00  6.2933E+44  4.1795E+44  3.6725E+41  2.1101E+44
  3.1620E+00  6.1448E+44  4.1840E+44  2.8191E+41  1.9580E+44
  3.3500E+00  5.9698E+44  4.1542E+44  2.1533E+41  1.8135E+44
  3.5480E+00  5.7511E+44  4.0709E+44  1.6309E+41  1.6785E+44
  3.7580E+00  5.5064E+44  3.9535E+44  1.2274E+41  1.5517E+44
  3.9810E+00  5.2404E+44  3.8067E+44  9.1825E+40  1.4328E+44
  4.2170E+00  4.9565E+44  3.6337E+44  6.8271E+40  1.3221E+44
  4.4670E+00  4.6606E+44  3.4410E+44  5.0446E+40  1.2191E+44
  4.7320E+00  4.3630E+44  3.2393E+44  3.7073E+40  1.1233E+44
  5.0120E+00  4.0713E+44  3.0340E+44  2.7136E+40  1.0370E+44
  5.3090E+00  3.7542E+44  2.8280E+44  1.9614E+40  9.2599E+43
  5.6230E+00  3.4482E+44  2.6278E+44  1.4097E+40  8.2026E+43
  5.9570E+00  3.1591E+44  2.4383E+44  1.0088E+40  7.2063E+43
  6.3100E+00  2.8683E+44  2.2393E+44  7.1370E+39  6.2892E+43
  6.6830E+00  2.6150E+44  2.0695E+44  5.0513E+39  5.4544E+43
  7.0790E+00  2.3624E+44  1.8923E+44  3.5193E+39  4.7007E+43
  7.4990E+00  2.2496E+44  1.8477E+44  2.5670E+39  4.0193E+43
  7.9430E+00  2.7113E+44  2.3730E+44  2.4274E+39  3.3829E+43
  8.4140E+00  3.7218E+44  3.4425E+44  2.8211E+39  2.7933E+43
  8.9130E+00  4.5129E+44  4.2833E+44  3.0672E+39  2.2949E+43
  9.4410E+00  5.0499E+44  4.8619E+44  3.3990E+39  1.8797E+43
  1.0000E+01  4.2426E+44  4.0833E+44  2.4357E+39  1.5932E+43
  1.0590E+01  3.3475E+44  3.2121E+44  1.5830E+39  1.3541E+43
  1.1220E+01  2.4884E+44  2.3736E+44  8.9953E+38  1.1475E+43
  1.1890E+01  1.8638E+44  1.7674E+44  5.1701E+38  9.6388E+42
  1.2590E+01  1.3882E+44  1.3075E+44  2.8919E+38  8.0736E+42
  1.3340E+01  1.0444E+44  9.7729E+43  1.6108E+38  6.7102E+42
  1.4130E+01  8.3868E+43  7.8321E+43  9.4389E+37  5.5468E+42
  1.4960E+01  7.9131E+43  7.4580E+43  6.7524E+37  4.5518E+42
  1.5850E+01  7.7571E+43  7.3860E+43  5.2468E+37  3.7111E+42
  1.6790E+01  7.6034E+43  7.3014E+43  4.2388E+37  3.0199E+42
  1.7780E+01  7.1710E+43  6.9251E+43  3.3897E+37  2.4595E+42
  1.8840E+01  6.3161E+43  6.1159E+43  2.5339E+37  2.0019E+42
  1.9950E+01  5.2008E+43  5.0372E+43  1.7166E+37  1.6363E+42
  2.1130E+01  4.2080E+43  4.0745E+43  1.1069E+37  1.3349E+42
  2.2390E+01  3.4205E+43  3.3120E+43  7.1451E+36  1.0850E+42
  2.3710E+01  2.7917E+43  2.7035E+43  4.6106E+36  8.8235E+41
  2.5120E+01  2.2789E+43  2.2074E+43  2.9830E+36  7.1513E+41
  2.6610E+01  1.8565E+43  1.7986E+43  1.9216E+36  5.7910E+41
  2.8180E+01  1.5101E+43  1.4632E+43  1.2398E+36  4.6886E+41
  2.9850E+01  1.2218E+43  1.1839E+43  7.9781E+35  3.7884E+41
  3.1620E+01  9.8121E+42  9.5063E+42  5.0990E+35  3.0574E+41
  3.3500E+01  7.8133E+42  7.5669E+42  3.2361E+35  2.4638E+41
  3.5480E+01  6.1759E+42  5.9772E+42  2.0419E+35  1.9860E+41
  3.7580E+01  4.8312E+42  4.6713E+42  1.2762E+35  1.5993E+41
  3.9810E+01  3.7310E+42  3.6023E+42  7.8829E+34  1.2862E+41
  4.2170E+01  2.8519E+42  2.7485E+42  4.8189E+34  1.0339E+41
  4.4670E+01  2.1596E+42  2.0766E+42  2.9145E+34  8.3057E+40
  4.7320E+01  1.6223E+42  1.5556E+42  1.7471E+34  6.6665E+40
  5.0120E+01  1.2107E+42  1.1572E+42  1.0397E+34  5.3505E+40
  5.3090E+01  8.9779E+41  8.5488E+41  6.1449E+33  4.2903E+40
  5.6230E+01  6.6277E+41  6.2837E+41  3.6131E+33  3.4397E+40
  5.9570E+01  4.8668E+41  4.5915E+41  2.1122E+33  2.7535E+40
  6.3100E+01  3.5640E+41  3.3435E+41  1.2310E+33  2.2044E+40
  6.6830E+01  2.6041E+41  2.4276E+41  7.1576E+32  1.7647E+40
  7.0790E+01  1.8986E+41  1.7574E+41  4.1521E+32  1.4114E+40
  7.4990E+01  1.3816E+41  1.2688E+41  2.4042E+32  1.1280E+40
  7.9430E+01  1.0048E+41  9.1467E+40  1.3917E+32  9.0159E+39
  8.4140E+01  7.3027E+40  6.5825E+40  8.0493E+31  7.2012E+39
  8.9130E+01  5.3090E+40  4.7341E+40  4.6587E+31  5.7493E+39
  9.4410E+01  3.8613E+40  3.4023E+40  2.6982E+31  4.5899E+39
  1.0000E+02  2.8097E+40  2.4434E+40  1.5639E+31  3.6636E+39
  1.0590E+02  2.0484E+40  1.7558E+40  9.0860E+30  2.9255E+39
  1.1220E+02  1.4942E+40  1.2610E+40  5.2811E+30  2.3314E+39
  1.1890E+02  1.0928E+40  9.0723E+39  3.0785E+30  1.8559E+39
  1.2590E+02  8.0535E+39  6.5719E+39  1.8086E+30  1.4816E+39
  1.3340E+02  5.9535E+39  4.7740E+39  1.0673E+30  1.1795E+39
  1.4130E+02  4.3909E+39  3.4508E+39  6.3115E+29  9.4004E+38
  1.4960E+02  3.2056E+39  2.4552E+39  3.6972E+29  7.5041E+38
  1.5850E+02  2.3325E+39  1.7352E+39  2.1543E+29  5.9725E+38
  1.7780E+02  1.2543E+39  8.7520E+38  7.4218E+28  3.7914E+38
  1.9950E+02  6.8361E+38  4.4331E+38  2.5939E+28  2.4030E+38
  2.2390E+02  3.7680E+38  2.2471E+38  9.1824E+27  1.5209E+38
  2.5120E+02  2.1040E+38  1.1406E+38  3.2956E+27  9.6341E+37
  2.8180E+02  1.1891E+38  5.7887E+37  1.1977E+27  6.1026E+37
  3.1620E+02  6.7948E+37  2.9340E+37  4.3999E+26  3.8608E+37
  3.5480E+02  3.9281E+37  1.4865E+37  1.6337E+26  2.4417E+37
  3.9810E+02  2.2966E+37  7.5267E+36  6.1298E+25  1.5440E+37
  4.4670E+02  1.3568E+37  3.8085E+36  2.3207E+25  9.7591E+36
  5.0120E+02  8.0953E+36  1.9264E+36  8.8602E+24  6.1689E+36
  5.6230E+02  4.8744E+36  9.7434E+35  3.4072E+24  3.9000E+36
  6.3100E+02  2.9549E+36  4.9207E+35  1.3173E+24  2.4628E+36
  7.0790E+02  1.8054E+36  2.4866E+35  5.1254E+23  1.5567E+36
  7.9430E+02  1.1087E+36  1.2550E+35  2.0014E+23  9.8321E+35
  8.9130E+02  6.8404E+35  6.3288E+34  7.8420E+22  6.2075E+35
  1.0000E+03  4.2404E+35  3.1918E+34  3.0841E+22  3.9213E+35
