  1.0000E-03  8.9933E+44  0.0000E+00  2.2710E+43  8.7662E+44
  1.1220E-03  1.0092E+45  0.0000E+00  2.5616E+43  9.8357E+44
  1.2590E-03  1.1313E+45  0.0000E+00  2.7661E+43  1.1037E+45
  1.4130E-03  1.2675E+45  0.0000E+00  2.8829E+43  1.2387E+45
  1.5850E-03  1.4194E+45  0.0000E+00  2.9945E+43  1.3894E+45
  1.7780E-03  1.5954E+45  0.0000E+00  3.6782E+43  1.5586E+45
  1.9950E-03  1.7871E+45  0.0000E+00  3.8305E+43  1.7488E+45
  2.2390E-03  1.9998E+45  0.0000E+00  3.7108E+43  1.9627E+45
  2.5120E-03  2.2498E+45  0.0000E+00  4.7827E+43  2.2020E+45
  2.8180E-03  2.5188E+45  0.0000E+00  4.8572E+43  2.4702E+45
  3.1620E-03  2.8200E+45  0.0000E+00  4.8133E+43  2.7718E+45
  3.5480E-03  3.1575E+45  0.0000E+00  4.7165E+43  3.1103E+45
  3.9810E-03  3.5357E+45  0.0000E+00  4.5882E+43  3.4898E+45
  4.4670E-03  4.0307E+45  0.0000E+00  1.1485E+44  3.9158E+45
  5.0120E-03  4.5153E+45  0.0000E+00  1.2175E+44  4.3936E+45
  5.6230E-03  5.0558E+45  0.0000E+00  1.2652E+44  4.9292E+45
  5.9570E-03  5.3505E+45  0.0000E+00  1.2843E+44  5.2220E+45
  6.6830E-03  5.9908E+45  0.0000E+00  1.3224E+44  5.8585E+45
  7.4990E-03  6.7118E+45  0.0000E+00  1.3803E+44  6.5738E+45
  8.4140E-03  7.5183E+45  0.0000E+00  1.4249E+44  7.3758E+45
  9.4410E-03  8.4229E+45  0.0000E+00  1.4676E+44  8.2761E+45
  1.0590E-02  9.4326E+45  0.0000E+00  1.4931E+44  9.2833E+45
  1.1890E-02  1.0584E+46  0.0000E+00  1.6127E+44  1.0423E+46
  1.3340E-02  1.1861E+46  0.0000E+00  1.6715E+44  1.1694E+46
  1.4960E-02  1.3289E+46  0.0000E+00  1.7463E+44  1.3114E+46
  1.6790E-02  1.4900E+46  0.0000E+00  1.8153E+44  1.4718E+46
  1.8840E-02  1.6704E+46  0.0000E+00  1.8840E+44  1.6515E+46
  2.1130E-02  1.8722E+46  0.0000E+00  1.9856E+44  1.8524E+46
  2.3710E-02  2.0993E+46  0.0000E+00  2.0830E+44  2.0785E+46
  2.6610E-02  2.3544E+46  0.0000E+00  2.1804E+44  2.3326E+46
  2.9850E-02  2.6394E+46  1.5605E-82  2.2800E+44  2.6166E+46
  3.3500E-02  2.9604E+46  9.8061E-68  2.3783E+44  2.9367E+46
  3.7580E-02  3.3198E+46  1.2268E-54  2.5520E+44  3.2942E+46
  4.2170E-02  3.7274E+46  5.2385E-43  3.0678E+44  3.6967E+46
  4.7320E-02  4.1802E+46  1.3270E-32  3.2021E+44  4.1482E+46
  5.3090E-02  4.3521E+46  2.2761E-23  3.0887E+44  4.3212E+46
  6.6830E-02  4.1525E+46  6.9845E-08  2.5680E+44  4.1268E+46
  7.4990E-02  4.0570E+46  2.0736E-01  2.4203E+44  4.0328E+46
  8.4140E-02  3.9643E+46  1.1100E+05  2.3273E+44  3.9410E+46
  9.4410E-02  3.8741E+46  1.3524E+10  2.2889E+44  3.8513E+46
  1.0590E-01  3.5280E+46  4.1351E+14  2.2448E+44  3.5055E+46
  1.1890E-01  2.9663E+46  3.5182E+18  1.9607E+44  2.9467E+46
  1.3340E-01  2.4975E+46  7.9247E+21  1.7961E+44  2.4795E+46
  1.4960E-01  2.1025E+46  9.6612E+24  1.4695E+44  2.0878E+46
  1.5850E-01  1.9275E+46  2.8721E+26  1.2964E+44  1.9145E+46
  1.7780E-01  1.6216E+46  1.4255E+29  1.0119E+44  1.6114E+46
  1.9950E-01  1.3625E+46  3.6502E+31  6.6951E+43  1.3558E+46
  2.2390E-01  1.1462E+46  4.0810E+33  5.8585E+43  1.1403E+46
  2.3710E-01  1.0528E+46  2.9096E+34  6.3667E+43  1.0464E+46
  2.5120E-01  9.6625E+45  1.7922E+35  6.6678E+43  9.5958E+45
  2.6610E-01  8.8673E+45  1.0091E+36  6.6091E+43  8.8012E+45
  2.8180E-01  8.1397E+45  5.1362E+36  6.3586E+43  8.0761E+45
  2.9850E-01  7.4686E+45  2.3647E+37  6.0755E+43  7.4079E+45
  3.1620E-01  6.8531E+45  9.7531E+37  5.8414E+43  6.7947E+45
  3.3500E-01  6.2870E+45  3.6639E+38  5.6164E+43  6.2308E+45
  3.5480E-01  5.7703E+45  1.2570E+39  5.3826E+43  5.7165E+45
  3.7580E-01  5.2957E+45  3.9840E+39  5.1542E+43  5.2442E+45
  3.9810E-01  4.8592E+45  1.1614E+40  4.9434E+43  4.8097E+45
  4.2170E-01  4.4592E+45  3.1127E+40  4.7577E+43  4.4116E+45
  4.4670E-01  4.0927E+45  7.7275E+40  4.5980E+43  4.0466E+45
  4.7320E-01  3.7560E+45  1.8028E+41  4.4382E+43  3.7115E+45
  5.0120E-01  3.4479E+45  3.9626E+41  4.2726E+43  3.4048E+45
  5.3090E-01  3.1651E+45  8.2524E+41  4.1052E+43  3.1232E+45
  5.6230E-01  2.9062E+45  1.6251E+42  3.9422E+43  2.8651E+45
  5.9570E-01  2.6684E+45  3.0474E+42  3.7807E+43  2.6276E+45
  6.3100E-01  2.4520E+45  5.4382E+42  3.6223E+43  2.4103E+45
  6.6830E-01  2.2553E+45  9.2492E+42  3.4645E+43  2.2114E+45
  7.0790E-01  2.0767E+45  1.5054E+43  3.3177E+43  2.0284E+45
  7.4990E-01  1.9157E+45  2.3480E+43  3.1771E+43  1.8605E+45
  7.9430E-01  1.7722E+45  3.5147E+43  3.0436E+43  1.7066E+45
  8.4140E-01  1.6452E+45  5.0685E+43  2.9178E+43  1.5653E+45
  8.9130E-01  1.5344E+45  7.0629E+43  2.8010E+43  1.4357E+45
  9.4410E-01  1.4390E+45  9.5107E+43  2.6910E+43  1.3170E+45
  1.0000E+00  1.3580E+45  1.2399E+44  2.5836E+43  1.2081E+45
  1.0590E+00  1.2902E+45  1.5684E+44  2.4823E+43  1.1086E+45
  1.1220E+00  1.2340E+45  1.9369E+44  2.3827E+43  1.0165E+45
  1.1890E+00  1.1885E+45  2.3388E+44  2.2793E+43  9.3183E+44
  1.2590E+00  1.1522E+45  2.7532E+44  2.1660E+43  8.5520E+44
  1.3340E+00  1.1222E+45  3.1768E+44  2.0458E+43  7.8411E+44
  1.4130E+00  1.0967E+45  3.5824E+44  1.9219E+43  7.1927E+44
  1.4960E+00  1.0743E+45  3.9611E+44  1.7921E+43  6.6026E+44
  1.5850E+00  1.0539E+45  4.3197E+44  1.6550E+43  6.0543E+44
  1.6790E+00  1.0336E+45  4.6323E+44  1.5086E+43  5.5530E+44
  1.7780E+00  1.0117E+45  4.8855E+44  1.3531E+43  5.0957E+44
  1.8840E+00  9.8803E+44  5.0892E+44  1.1927E+43  4.6719E+44
  1.9950E+00  9.6197E+44  5.2290E+44  1.0321E+43  4.2875E+44
  2.1130E+00  9.3335E+44  5.3125E+44  8.7704E+42  3.9333E+44
  2.2390E+00  9.0160E+44  5.3367E+44  7.3217E+42  3.6061E+44
  2.3710E+00  8.6702E+44  5.3009E+44  6.0110E+42  3.3092E+44
  2.5120E+00  8.3025E+44  5.2194E+44  4.8651E+42  3.0344E+44
  2.6610E+00  7.9134E+44  5.0913E+44  3.8860E+42  2.7832E+44
  2.8180E+00  7.5035E+44  4.9190E+44  3.0654E+42  2.5538E+44
  2.9850E+00  7.0821E+44  4.7156E+44  2.3921E+42  2.3426E+44
  3.1620E+00  6.6507E+44  4.4836E+44  1.8481E+42  2.1487E+44
  3.3500E+00  6.2300E+44  4.2455E+44  1.4172E+42  1.9704E+44
  3.5480E+00  5.8042E+44  3.9856E+44  1.0773E+42  1.8078E+44
  3.7580E+00  5.3890E+44  3.7226E+44  8.1312E+41  1.6583E+44
  3.9810E+00  4.9869E+44  3.4598E+44  6.0975E+41  1.5210E+44
  4.2170E+00  4.6000E+44  3.2003E+44  4.5455E+41  1.3951E+44
  4.4670E+00  4.2310E+44  2.9480E+44  3.3699E+41  1.2796E+44
  4.7320E+00  3.8850E+44  2.7088E+44  2.4859E+41  1.1737E+44
  5.0120E+00  3.5662E+44  2.4852E+44  1.8280E+41  1.0791E+44
  5.3090E+00  3.2384E+44  2.2769E+44  1.3264E+41  9.6024E+43
  5.6230E+00  2.9354E+44  2.0864E+44  9.5730E+40  8.4805E+43
  5.9570E+00  2.6592E+44  1.9153E+44  6.8802E+40  7.4316E+43
  6.3100E+00  2.3957E+44  1.7481E+44  4.9017E+40  6.4710E+43
  6.6830E+00  2.1725E+44  1.6120E+44  3.4978E+40  5.6014E+43
  7.0790E+00  1.9603E+44  1.4782E+44  2.4658E+40  4.8190E+43
  7.4990E+00  1.8337E+44  1.4213E+44  1.7641E+40  4.1229E+43
  7.9430E+00  2.0173E+44  1.6661E+44  1.4274E+40  3.5109E+43
  8.4140E+00  2.4914E+44  2.1938E+44  1.3223E+40  2.9752E+43
  8.9130E+00  2.8518E+44  2.6006E+44  1.2251E+40  2.5104E+43
  9.4410E+00  3.0810E+44  2.8698E+44  1.2056E+40  2.1101E+43
  1.0000E+01  2.6109E+44  2.4341E+44  9.1353E+39  1.7671E+43
  1.0590E+01  2.1146E+44  1.9669E+44  6.5294E+39  1.4758E+43
  1.1220E+01  1.6567E+44  1.5339E+44  4.2438E+39  1.2267E+43
  1.1890E+01  1.3234E+44  1.2218E+44  2.7767E+39  1.0159E+43
  1.2590E+01  1.0764E+44  9.9226E+43  1.7960E+39  8.4119E+42
  1.3340E+01  8.9888E+43  8.2955E+43  1.1613E+39  6.9319E+42
  1.4130E+01  7.9331E+43  7.3625E+43  7.6652E+38  5.7050E+42
  1.4960E+01  7.7091E+43  7.2398E+43  5.5943E+38  4.6919E+42
  1.5850E+01  7.7078E+43  7.3236E+43  4.3547E+38  3.8414E+42
  1.6790E+01  7.7752E+43  7.4611E+43  3.5523E+38  3.1409E+42
  1.7780E+01  7.7613E+43  7.5046E+43  2.9692E+38  2.5663E+42
  1.8840E+01  7.5674E+43  7.3585E+43  2.4550E+38  2.0888E+42
  1.9950E+01  7.2272E+43  7.0570E+43  1.9474E+38  1.7013E+42
  2.1130E+01  6.9338E+43  6.7956E+43  1.5024E+38  1.3827E+42
  2.2390E+01  6.7276E+43  6.6156E+43  1.1635E+38  1.1203E+42
  2.3710E+01  6.5677E+43  6.4769E+43  9.0044E+37  9.0864E+41
  2.5120E+01  6.4120E+43  6.3385E+43  6.9717E+37  7.3479E+41
  2.6610E+01  6.2317E+43  6.1723E+43  5.3554E+37  5.9383E+41
  2.8180E+01  6.0079E+43  5.9599E+43  4.0888E+37  4.7994E+41
  2.9850E+01  5.7230E+43  5.6842E+43  3.0899E+37  3.8717E+41
  3.1620E+01  5.3707E+43  5.3395E+43  2.3004E+37  3.1199E+41
  3.3500E+01  4.9560E+43  4.9309E+43  1.6854E+37  2.5106E+41
  3.5480E+01  4.4948E+43  4.4746E+43  1.2146E+37  2.0210E+41
  3.7580E+01  4.0031E+43  3.9868E+43  8.5996E+36  1.6253E+41
  3.9810E+01  3.4974E+43  3.4844E+43  5.9796E+36  1.3054E+41
  4.2170E+01  3.0032E+43  2.9927E+43  4.0856E+36  1.0479E+41
  4.4670E+01  2.5374E+43  2.5290E+43  2.7430E+36  8.4074E+40
  4.7320E+01  2.1126E+43  2.1059E+43  1.8131E+36  6.7400E+40
  5.0120E+01  1.7356E+43  1.7302E+43  1.1817E+36  5.4034E+40
  5.3090E+01  1.4077E+43  1.4034E+43  7.5991E+35  4.3282E+40
  5.6230E+01  1.1294E+43  1.1260E+43  4.8305E+35  3.4667E+40
  5.9570E+01  8.9623E+42  8.9346E+42  3.0356E+35  2.7728E+40
  6.3100E+01  7.0495E+42  7.0274E+42  1.8903E+35  2.2180E+40
  6.6830E+01  5.5012E+42  5.4834E+42  1.1676E+35  1.7744E+40
  7.0790E+01  4.2611E+42  4.2469E+42  7.1568E+34  1.4183E+40
  7.4990E+01  3.2777E+42  3.2664E+42  4.3564E+34  1.1329E+40
  7.9430E+01  2.5070E+42  2.4980E+42  2.6371E+34  9.0505E+39
  8.4140E+01  1.9071E+42  1.8998E+42  1.5873E+34  7.2256E+39
  8.9130E+01  1.4446E+42  1.4389E+42  9.5158E+33  5.7665E+39
  9.4410E+01  1.0900E+42  1.0854E+42  5.6827E+33  4.6021E+39
  1.0000E+02  8.1921E+41  8.1554E+41  3.3809E+33  3.6722E+39
  1.0590E+02  6.1429E+41  6.1135E+41  2.0074E+33  2.9317E+39
  1.1220E+02  4.5936E+41  4.5702E+41  1.1883E+33  2.3358E+39
  1.1890E+02  3.4342E+41  3.4156E+41  7.0348E+32  1.8590E+39
  1.2590E+02  2.5801E+41  2.5652E+41  4.1870E+32  1.4838E+39
  1.3340E+02  1.9424E+41  1.9306E+41  2.5014E+32  1.1811E+39
  1.4130E+02  1.4496E+41  1.4402E+41  1.4866E+32  9.4117E+38
  1.4960E+02  1.0585E+41  1.0510E+41  8.6321E+31  7.5121E+38
  1.5850E+02  7.6667E+40  7.6070E+40  4.9592E+31  5.9781E+38
  1.7780E+02  4.0532E+40  4.0153E+40  1.6478E+31  3.7942E+38
  1.9950E+02  2.1437E+40  2.1196E+40  5.4825E+30  2.4043E+38
  2.2390E+02  1.1298E+40  1.1146E+40  1.8202E+30  1.5216E+38
  2.5120E+02  5.9393E+39  5.8429E+39  6.0331E+29  9.6376E+37
  2.8180E+02  3.1118E+39  3.0508E+39  1.9952E+29  6.1043E+37
  3.1620E+02  1.6242E+39  1.5856E+39  6.5799E+28  3.8617E+37
  3.5480E+02  8.4570E+38  8.2128E+38  2.1665E+28  2.4421E+37
  3.9810E+02  4.3950E+38  4.2406E+38  7.1298E+27  1.5442E+37
  4.4670E+02  2.2807E+38  2.1831E+38  2.3462E+27  9.7603E+36
  5.0120E+02  1.1830E+38  1.1213E+38  7.7290E+26  6.1695E+36
  5.6230E+02  6.1388E+37  5.7488E+37  2.5510E+26  3.9003E+36
  6.3100E+02  3.1849E+37  2.9386E+37  8.4369E+25  2.4629E+36
  7.0790E+02  1.6566E+37  1.5009E+37  2.8039E+25  1.5568E+36
  7.9430E+02  8.6309E+36  7.6476E+36  9.3565E+24  9.8325E+35
  8.9130E+02  4.5104E+36  3.8896E+36  3.1404E+24  6.2077E+35
  1.0000E+03  2.3687E+36  1.9765E+36  1.0624E+24  3.9214E+35
