  1.0000E-03  8.9166E+44  0.0000E+00  1.5044E+43  8.7662E+44
  1.1220E-03  9.9932E+44  0.0000E+00  1.5743E+43  9.8357E+44
  1.2590E-03  1.1194E+45  0.0000E+00  1.5685E+43  1.1037E+45
  1.4130E-03  1.2537E+45  0.0000E+00  1.5021E+43  1.2387E+45
  1.5850E-03  1.4039E+45  0.0000E+00  1.4455E+43  1.3894E+45
  1.7780E-03  1.5756E+45  0.0000E+00  1.6956E+43  1.5586E+45
  1.9950E-03  1.7645E+45  0.0000E+00  1.5666E+43  1.7488E+45
  2.2390E-03  1.9766E+45  0.0000E+00  1.3900E+43  1.9627E+45
  2.5120E-03  2.2189E+45  0.0000E+00  1.6913E+43  2.2020E+45
  2.8180E-03  2.4853E+45  0.0000E+00  1.5035E+43  2.4702E+45
  3.1620E-03  2.7852E+45  0.0000E+00  1.3388E+43  2.7718E+45
  3.5480E-03  3.1223E+45  0.0000E+00  1.1969E+43  3.1103E+45
  3.9810E-03  3.5006E+45  0.0000E+00  1.0722E+43  3.4898E+45
  4.4670E-03  3.9616E+45  0.0000E+00  4.5812E+43  3.9158E+45
  5.0120E-03  4.4344E+45  0.0000E+00  4.0815E+43  4.3936E+45
  5.6230E-03  4.9670E+45  0.0000E+00  3.7800E+43  4.9292E+45
  5.9570E-03  5.2591E+45  0.0000E+00  3.7065E+43  5.2220E+45
  6.6830E-03  5.8955E+45  0.0000E+00  3.7001E+43  5.8585E+45
  7.4990E-03  6.6126E+45  0.0000E+00  3.8818E+43  6.5738E+45
  8.4140E-03  7.4165E+45  0.0000E+00  4.0653E+43  7.3758E+45
  9.4410E-03  8.3194E+45  0.0000E+00  4.3307E+43  8.2761E+45
  1.0590E-02  9.3302E+45  0.0000E+00  4.6921E+43  9.2833E+45
  1.1890E-02  1.0474E+46  0.0000E+00  5.1139E+43  1.0423E+46
  1.3340E-02  1.1749E+46  0.0000E+00  5.5400E+43  1.1694E+46
  1.4960E-02  1.3174E+46  0.0000E+00  5.9965E+43  1.3114E+46
  1.6790E-02  1.4784E+46  0.0000E+00  6.5145E+43  1.4718E+46
  1.8840E-02  1.6586E+46  0.0000E+00  7.1087E+43  1.6515E+46
  2.1130E-02  1.8601E+46  0.0000E+00  7.7680E+43  1.8524E+46
  2.3710E-02  2.0869E+46  0.0000E+00  8.4880E+43  2.0785E+46
  2.6610E-02  2.3419E+46  0.0000E+00  9.2696E+43  2.3326E+46
  2.9850E-02  2.6268E+46  4.9199E-83  1.0122E+44  2.6166E+46
  3.3500E-02  2.9477E+46  3.0968E-68  1.0997E+44  2.9367E+46
  3.7580E-02  3.3060E+46  3.8725E-55  1.1753E+44  3.2942E+46
  4.2170E-02  3.7118E+46  1.6604E-43  1.5055E+44  3.6967E+46
  4.7320E-02  4.1653E+46  4.2715E-33  1.7147E+44  4.1482E+46
  5.3090E-02  4.3388E+46  7.4766E-24  1.7598E+44  4.3212E+46
  6.6830E-02  4.1415E+46  2.4054E-08  1.4689E+44  4.1268E+46
  7.4990E-02  4.0455E+46  7.3247E-02  1.2710E+44  4.0328E+46
  8.4140E-02  3.9535E+46  3.7618E+04  1.2537E+44  3.9410E+46
  9.4410E-02  3.8638E+46  4.4122E+09  1.2514E+44  3.8513E+46
  1.0590E-01  3.5183E+46  1.2407E+14  1.2739E+44  3.5055E+46
  1.1890E-01  2.9573E+46  1.0013E+18  1.0574E+44  2.9467E+46
  1.3340E-01  2.4880E+46  2.2150E+21  8.4005E+43  2.4795E+46
  1.4960E-01  2.0931E+46  2.6324E+24  5.3006E+43  2.0878E+46
  1.5850E-01  1.9187E+46  7.8117E+25  4.1656E+43  1.9145E+46
  1.7780E-01  1.6149E+46  4.0100E+28  3.4418E+43  1.6114E+46
  1.9950E-01  1.3590E+46  1.0961E+31  3.1513E+43  1.3558E+46
  2.2390E-01  1.1435E+46  1.2500E+33  3.1940E+43  1.1403E+46
  2.3710E-01  1.0498E+46  8.8077E+33  3.3970E+43  1.0464E+46
  2.5120E-01  9.6288E+45  5.4112E+34  3.2985E+43  9.5958E+45
  2.6610E-01  8.8312E+45  3.0540E+35  3.0030E+43  8.8012E+45
  2.8180E-01  8.1029E+45  1.5632E+36  2.6846E+43  8.0761E+45
  2.9850E-01  7.4320E+45  7.2451E+36  2.4078E+43  7.4079E+45
  3.1620E-01  6.8165E+45  3.0120E+37  2.1877E+43  6.7947E+45
  3.3500E-01  6.2508E+45  1.1416E+38  1.9967E+43  6.2308E+45
  3.5480E-01  5.7348E+45  3.9528E+38  1.8298E+43  5.7165E+45
  3.7580E-01  5.2610E+45  1.2674E+39  1.6876E+43  5.2442E+45
  3.9810E-01  4.8254E+45  3.7351E+39  1.5649E+43  4.8097E+45
  4.2170E-01  4.4263E+45  1.0161E+40  1.4658E+43  4.4116E+45
  4.4670E-01  4.0605E+45  2.5625E+40  1.3830E+43  4.0466E+45
  4.7320E-01  3.7247E+45  6.0830E+40  1.3109E+43  3.7115E+45
  5.0120E-01  3.4174E+45  1.3626E+41  1.2469E+43  3.4048E+45
  5.3090E-01  3.1354E+45  2.9017E+41  1.1933E+43  3.1232E+45
  5.6230E-01  2.8772E+45  5.8413E+41  1.1469E+43  2.8651E+45
  5.9570E-01  2.6398E+45  1.1205E+42  1.1079E+43  2.6276E+45
  6.3100E-01  2.4231E+45  2.0502E+42  1.0765E+43  2.4103E+45
  6.6830E-01  2.2255E+45  3.5838E+42  1.0525E+43  2.2114E+45
  7.0790E-01  2.0448E+45  6.0064E+42  1.0366E+43  2.0284E+45
  7.4990E-01  1.8804E+45  9.6515E+42  1.0267E+43  1.8605E+45
  7.9430E-01  1.7317E+45  1.4918E+43  1.0236E+43  1.7066E+45
  8.4140E-01  1.5979E+45  2.2282E+43  1.0293E+43  1.5653E+45
  8.9130E-01  1.4785E+45  3.2348E+43  1.0446E+43  1.4357E+45
  9.4410E-01  1.3732E+45  4.5536E+43  1.0672E+43  1.3170E+45
  1.0000E+00  1.2812E+45  6.2127E+43  1.0925E+43  1.2081E+45
  1.0590E+00  1.2021E+45  8.2354E+43  1.1195E+43  1.1086E+45
  1.1220E+00  1.1348E+45  1.0682E+44  1.1457E+43  1.0165E+45
  1.1890E+00  1.0794E+45  1.3587E+44  1.1673E+43  9.3183E+44
  1.2590E+00  1.0363E+45  1.6929E+44  1.1797E+43  8.5520E+44
  1.3340E+00  1.0028E+45  2.0682E+44  1.1826E+43  7.8411E+44
  1.4130E+00  9.7737E+44  2.4635E+44  1.1748E+43  7.1927E+44
  1.4960E+00  9.5899E+44  2.8719E+44  1.1549E+43  6.6026E+44
  1.5850E+00  9.4638E+44  3.2972E+44  1.1225E+43  6.0543E+44
  1.6790E+00  9.3821E+44  3.7215E+44  1.0756E+43  5.5530E+44
  1.7780E+00  9.3260E+44  4.1290E+44  1.0133E+43  5.0957E+44
  1.8840E+00  9.2828E+44  4.5171E+44  9.3771E+42  4.6719E+44
  1.9950E+00  9.2382E+44  4.8656E+44  8.5108E+42  4.2875E+44
  2.1130E+00  9.1770E+44  5.1679E+44  7.5770E+42  3.9333E+44
  2.2390E+00  9.0834E+44  5.4111E+44  6.6165E+42  3.6061E+44
  2.3710E+00  8.9523E+44  5.5865E+44  5.6699E+42  3.3092E+44
  2.5120E+00  8.7818E+44  5.6996E+44  4.7789E+42  3.0344E+44
  2.6610E+00  8.5692E+44  5.7463E+44  3.9647E+42  2.7832E+44
  2.8180E+00  8.3133E+44  5.7271E+44  3.2399E+42  2.5538E+44
  2.9850E+00  8.0218E+44  5.6530E+44  2.6124E+42  2.3426E+44
  3.1620E+00  7.6956E+44  5.5262E+44  2.0797E+42  2.1487E+44
  3.3500E+00  7.3549E+44  5.3681E+44  1.6383E+42  1.9704E+44
  3.5480E+00  6.9880E+44  5.1674E+44  1.2763E+42  1.8078E+44
  3.7580E+00  6.6098E+44  4.9416E+44  9.8432E+41  1.6583E+44
  3.9810E+00  6.2235E+44  4.6951E+44  7.5197E+41  1.5210E+44
  4.2170E+00  5.8339E+44  4.4331E+44  5.6939E+41  1.3951E+44
  4.4670E+00  5.4449E+44  4.1610E+44  4.2743E+41  1.2796E+44
  4.7320E+00  5.0618E+44  3.8850E+44  3.1808E+41  1.1737E+44
  5.0120E+00  4.6909E+44  3.6094E+44  2.3496E+41  1.0791E+44
  5.3090E+00  4.2972E+44  3.3352E+44  1.7101E+41  9.6024E+43
  5.6230E+00  3.9165E+44  3.0672E+44  1.2327E+41  8.4805E+43
  5.9570E+00  3.5531E+44  2.8090E+44  8.8067E+40  7.4316E+43
  6.3100E+00  3.1963E+44  2.5486E+44  6.2147E+40  6.4710E+43
  6.6830E+00  2.8823E+44  2.3218E+44  4.3723E+40  5.6014E+43
  7.0790E+00  2.5778E+44  2.0956E+44  3.0280E+40  4.8190E+43
  7.4990E+00  2.3279E+44  1.9154E+44  2.0825E+40  4.1229E+43
  7.9430E+00  2.2447E+44  1.8935E+44  1.5054E+40  3.5109E+43
  8.4140E+00  2.2785E+44  1.9809E+44  1.1985E+40  2.9752E+43
  8.9130E+00  2.2345E+44  1.9834E+44  9.9372E+39  2.5104E+43
  9.4410E+00  2.1296E+44  1.9185E+44  8.9910E+39  2.1101E+43
  1.0000E+01  1.8837E+44  1.7070E+44  6.9340E+39  1.7671E+43
  1.0590E+01  1.6295E+44  1.4819E+44  5.1029E+39  1.4758E+43
  1.1220E+01  1.3715E+44  1.2488E+44  3.4168E+39  1.2267E+43
  1.1890E+01  1.1410E+44  1.0393E+44  2.2545E+39  1.0159E+43
  1.2590E+01  9.4300E+43  8.5886E+43  1.4420E+39  8.4119E+42
  1.3340E+01  7.7649E+43  7.0716E+43  9.0128E+38  6.9319E+42
  1.4130E+01  6.5669E+43  5.9963E+43  5.6425E+38  5.7050E+42
  1.4960E+01  6.0152E+43  5.5460E+43  3.8925E+38  4.6919E+42
  1.5850E+01  5.6328E+43  5.2487E+43  2.8553E+38  3.8414E+42
  1.6790E+01  5.2877E+43  4.9735E+43  2.1831E+38  3.1409E+42
  1.7780E+01  4.8718E+43  4.6151E+43  1.6940E+38  2.5663E+42
  1.8840E+01  4.3308E+43  4.1219E+43  1.2809E+38  2.0888E+42
  1.9950E+01  3.7140E+43  3.5439E+43  9.1388E+37  1.7013E+42
  2.1130E+01  3.1460E+43  3.0077E+43  6.2507E+37  1.3827E+42
  2.2390E+01  2.6617E+43  2.5497E+43  4.2512E+37  1.1203E+42
  2.3710E+01  2.2514E+43  2.1605E+43  2.8759E+37  9.0864E+41
  2.5120E+01  1.8960E+43  1.8225E+43  1.9405E+37  7.3479E+41
  2.6610E+01  1.5885E+43  1.5291E+43  1.2992E+37  5.9383E+41
  2.8180E+01  1.3240E+43  1.2761E+43  8.6739E+36  4.7994E+41
  2.9850E+01  1.0943E+43  1.0556E+43  5.7543E+36  3.8717E+41
  3.1620E+01  8.9557E+42  8.6437E+42  3.7807E+36  3.1199E+41
  3.3500E+01  7.2499E+42  6.9988E+42  2.4593E+36  2.5106E+41
  3.5480E+01  5.8120E+42  5.6099E+42  1.5856E+36  2.0210E+41
  3.7580E+01  4.6044E+42  4.4419E+42  1.0106E+36  1.6253E+41
  3.9810E+01  3.5991E+42  3.4685E+42  6.3620E+35  1.3054E+41
  4.2170E+01  2.7822E+42  2.6774E+42  3.9588E+35  1.0479E+41
  4.4670E+01  2.1287E+42  2.0446E+42  2.4343E+35  8.4074E+40
  4.7320E+01  1.6142E+42  1.5468E+42  1.4817E+35  6.7400E+40
  5.0120E+01  1.2149E+42  1.1609E+42  8.9420E+34  5.4034E+40
  5.3090E+01  9.0770E+41  8.6442E+41  5.3520E+34  4.3282E+40
  5.6230E+01  6.7451E+41  6.3984E+41  3.1829E+34  3.4667E+40
  5.9570E+01  4.9816E+41  4.7044E+41  1.8799E+34  2.7728E+40
  6.3100E+01  3.6661E+41  3.4443E+41  1.1057E+34  2.2180E+40
  6.6830E+01  2.6901E+41  2.5126E+41  6.4814E+33  1.7744E+40
  7.0790E+01  1.9682E+41  1.8264E+41  3.7870E+33  1.4183E+40
  7.4990E+01  1.4366E+41  1.3233E+41  2.2070E+33  1.1329E+40
  7.9430E+01  1.0473E+41  9.5684E+40  1.2849E+33  9.0505E+39
  8.4140E+01  7.6266E+40  6.9040E+40  7.4694E+32  7.2256E+39
  8.9130E+01  5.5531E+40  4.9765E+40  4.3427E+32  5.7665E+39
  9.4410E+01  4.0439E+40  3.5837E+40  2.5256E+32  4.6021E+39
  1.0000E+02  2.9454E+40  2.5782E+40  1.4694E+32  3.6722E+39
  1.0590E+02  2.1489E+40  1.8557E+40  8.5668E+31  2.9317E+39
  1.1220E+02  1.5685E+40  1.3349E+40  4.9958E+31  2.3358E+39
  1.1890E+02  1.1481E+40  9.6217E+39  2.9221E+31  1.8590E+39
  1.2590E+02  8.4711E+39  6.9873E+39  1.7232E+31  1.4838E+39
  1.3340E+02  6.2738E+39  5.0927E+39  1.0213E+31  1.1811E+39
  1.4130E+02  4.6300E+39  3.6888E+39  6.0583E+30  9.4117E+38
  1.4960E+02  3.3725E+39  2.6212E+39  3.5501E+30  7.5121E+38
  1.5850E+02  2.4475E+39  1.8497E+39  2.0688E+30  5.9781E+38
  1.7780E+02  1.3113E+39  9.3184E+38  7.1394E+29  3.7942E+38
  1.9950E+02  7.1241E+38  4.7198E+38  2.5011E+29  2.4043E+38
  2.2390E+02  3.9145E+38  2.3929E+38  8.8747E+28  1.5216E+38
  2.5120E+02  2.1787E+38  1.2149E+38  3.1921E+28  9.6376E+37
  2.8180E+02  1.2272E+38  6.1676E+37  1.1624E+28  6.1043E+37
  3.1620E+02  6.9885E+37  3.1268E+37  4.2775E+27  3.8617E+37
  3.5480E+02  4.0266E+37  1.5845E+37  1.5906E+27  2.4421E+37
  3.9810E+02  2.3467E+37  8.0249E+36  5.9760E+26  1.5442E+37
  4.4670E+02  1.3822E+37  4.0616E+36  2.2650E+26  9.7603E+36
  5.0120E+02  8.2245E+36  2.0550E+36  8.6557E+25  6.1695E+36
  5.6230E+02  4.9400E+36  1.0396E+36  3.3312E+25  3.9003E+36
  6.3100E+02  2.9881E+36  5.2520E+35  1.2888E+25  2.4629E+36
  7.0790E+02  1.8223E+36  2.6548E+35  5.0169E+24  1.5568E+36
  7.9430E+02  1.1173E+36  1.3403E+35  1.9599E+24  9.8325E+35
  8.9130E+02  6.8838E+35  6.7611E+34  7.6818E+23  6.2077E+35
  1.0000E+03  4.2624E+35  3.4109E+34  3.0220E+23  3.9214E+35
