  1.0000E-03  3.5715E+42  0.0000E+00  3.5715E+42  1.2910E+32
  1.1220E-03  3.3203E+42  0.0000E+00  3.3203E+42  8.2441E+28
  1.2590E-03  2.8889E+42  0.0000E+00  2.8889E+42  3.2927E+25
  1.4130E-03  2.3672E+42  0.0000E+00  2.3672E+42  9.3156E+21
  1.5850E-03  1.9324E+42  0.0000E+00  1.9324E+42  9.2278E+18
  1.7780E-03  1.9952E+42  0.0000E+00  1.9952E+42  9.4435E+17
  1.9950E-03  1.3715E+42  0.0000E+00  1.3715E+42  1.0711E+12
  2.2390E-03  9.0371E+41  0.0000E+00  9.0371E+41  3.1524E+07
  2.5120E-03  9.0328E+41  0.0000E+00  9.0328E+41  3.4957E+05
  2.8180E-03  5.1431E+41  0.0000E+00  5.1431E+41  1.1220E-03
  3.1620E-03  2.9653E+41  0.0000E+00  2.9653E+41  2.7195E-11
  3.5480E-03  1.7347E+41  0.0000E+00  1.7347E+41  1.8479E-18
  3.9810E-03  1.0562E+41  0.0000E+00  1.0562E+41  5.7873E-25
  4.4670E-03  4.2879E+42  0.0000E+00  4.2879E+42  5.3424E+01
  5.0120E-03  2.1541E+42  0.0000E+00  2.1541E+42  3.8047E-08
  5.6230E-03  1.0494E+42  0.0000E+00  1.0494E+42  3.2629E-17
  5.9570E-03  7.3815E+41  0.0000E+00  7.3815E+41  1.5126E-21
  6.6830E-03  3.9131E+41  0.0000E+00  3.9131E+41  2.7398E-29
  7.4990E-03  2.3175E+41  0.0000E+00  2.3175E+41  2.0449E-35
  8.4140E-03  1.3124E+41  0.0000E+00  1.3124E+41  1.0685E-42
  9.4410E-03  7.9897E+40  0.0000E+00  7.9897E+40  1.5063E-48
  1.0590E-02  5.4251E+40  0.0000E+00  5.4251E+40  3.0184E-51
  1.1890E-02  3.5820E+40  0.0000E+00  3.5820E+40  7.4181E-58
  1.3340E-02  2.3292E+40  0.0000E+00  2.3292E+40  8.1263E-63
  1.4960E-02  1.4708E+40  0.0000E+00  1.4708E+40  4.2333E-69
  1.6790E-02  9.3934E+39  0.0000E+00  9.3934E+39  8.1380E-75
  1.8840E-02  6.1368E+39  0.0000E+00  6.1368E+39  8.4352E-80
  2.1130E-02  4.1262E+39  0.0000E+00  4.1262E+39  2.0121E-85
  2.3710E-02  2.7314E+39  0.0000E+00  2.7314E+39  2.8326E-91
  2.6610E-02  1.7732E+39  0.0000E+00  1.7732E+39  1.1649E-97
  2.9850E-02  1.1645E+39  0.0000E+00  1.1645E+39  6.0387-104
  3.3500E-02  7.7222E+38  0.0000E+00  7.7222E+38  2.4593-110
  3.7580E-02  7.3151E+38  0.0000E+00  7.3151E+38  5.2349-112
  4.2170E-02  6.9339E+38  0.0000E+00  6.9339E+38  1.7811-118
  4.7320E-02  3.6038E+38  0.0000E+00  3.6038E+38  1.0063-133
  5.3090E-02  1.8746E+38  0.0000E+00  1.8746E+38  5.3034-152
  6.6830E-02  2.2394E+37  0.0000E+00  2.2394E+37  2.3520-224
  7.4990E-02  5.3458E+36  0.0000E+00  5.3458E+36  0.0000E+00
  8.4140E-02  6.3924E+36  0.0000E+00  6.3924E+36  4.4123-259
  9.4410E-02  7.9001E+36  0.0000E+00  7.9001E+36  3.4985-251
  1.0590E-01  2.0634E+37  0.0000E+00  2.0634E+37  4.5676-219
  1.1890E-01  4.4759E+37  0.0000E+00  4.4759E+37  1.2389-182
  1.3340E-01  1.0920E+38  0.0000E+00  1.0920E+38  2.9771-156
  1.4960E-01  2.7721E+38  0.0000E+00  2.7721E+38  2.6456-139
  1.5850E-01  3.2594E+38  0.0000E+00  3.2594E+38  3.2541-136
  1.7780E-01  1.4909E+38  0.0000E+00  1.4909E+38  2.4040-141
  1.9950E-01  2.2391E+37  0.0000E+00  2.2391E+37  7.5707-172
  2.2390E-01  1.4615E+37  0.0000E+00  1.4615E+37  2.6877-190
  2.3710E-01  3.5062E+37  0.0000E+00  3.5062E+37  1.5213-167
  2.5120E-01  7.6629E+37  8.3882E-86  7.6629E+37  8.0417-144
  2.6610E-01  1.3133E+38  6.2765E-77  1.3133E+38  9.6982-128
  2.8180E-01  2.0064E+38  2.2396E-69  2.0064E+38  4.1448-116
  2.9850E-01  2.9562E+38  1.1877E-62  2.9562E+38  6.3481-107
  3.1620E-01  4.4413E+38  2.0737E-56  4.4413E+38  1.1019E-98
  3.3500E-01  6.6682E+38  1.4577E-50  6.6682E+38  3.9873E-91
  3.5480E-01  9.7253E+38  3.7222E-45  9.7253E+38  2.3532E-84
  3.7580E-01  1.4135E+39  5.5124E-40  1.4135E+39  1.0909E-77
  3.9810E-01  2.0303E+39  3.7673E-35  2.0303E+39  1.2974E-71
  4.2170E-01  3.0096E+39  2.0849E-30  3.0096E+39  4.4328E-65
  4.4670E-01  4.4917E+39  6.6067E-26  4.4917E+39  8.5814E-59
  4.7320E-01  6.6637E+39  1.2914E-21  6.6637E+39  1.1584E-52
  5.0120E-01  9.7487E+39  1.5053E-17  9.7487E+39  9.3487E-47
  5.3090E-01  1.4231E+40  1.2583E-13  1.4231E+40  8.1018E-41
  5.6230E-01  2.0301E+40  5.6852E-10  2.0301E+40  2.2642E-35
  5.9570E-01  2.8490E+40  1.6191E-06  2.8490E+40  3.1833E-30
  6.3100E-01  3.9752E+40  3.1584E-03  3.9752E+40  3.3704E-25
  6.6830E-01  5.4919E+40  4.2962E+00  5.4919E+40  2.6326E-20
  7.0790E-01  7.5613E+40  4.1234E+03  7.5613E+40  1.3207E-15
  7.4990E-01  1.0259E+41  2.6076E+06  1.0259E+41  3.0992E-11
  7.9430E-01  1.3834E+41  1.1965E+09  1.3834E+41  4.7974E-07
  8.4140E-01  1.8488E+41  4.1790E+11  1.8488E+41  5.2755E-03
  8.9130E-01  2.4732E+41  1.2423E+14  2.4732E+41  5.6727E+01
  9.4410E-01  3.2473E+41  2.8546E+16  3.2473E+41  3.8392E+05
  1.0000E+00  4.1372E+41  4.7899E+18  4.1372E+41  1.2435E+09
  1.0590E+00  5.1452E+41  6.0614E+20  5.1452E+41  2.1154E+12
  1.1220E+00  6.2650E+41  6.2596E+22  6.2650E+41  2.1836E+15
  1.1890E+00  7.4614E+41  5.3679E+24  7.4614E+41  1.4788E+18
  1.2590E+00  8.6938E+41  3.9461E+26  8.6938E+41  7.3846E+20
  1.3340E+00  9.8379E+41  2.2261E+28  9.8379E+41  2.1933E+23
  1.4130E+00  1.0782E+42  8.5464E+29  1.0782E+42  3.4644E+25
  1.4960E+00  1.1485E+42  2.3451E+31  1.1485E+42  3.2768E+27
  1.5850E+00  1.1916E+42  4.9379E+32  1.1916E+42  2.0736E+29
  1.6790E+00  1.2055E+42  8.2608E+33  1.2055E+42  9.4381E+30
  1.7780E+00  1.1875E+42  1.1087E+35  1.1875E+42  3.1415E+32
  1.8840E+00  1.1374E+42  1.1948E+36  1.1374E+42  7.5823E+33
  1.9950E+00  1.0599E+42  1.0259E+37  1.0598E+42  1.3257E+35
  2.1130E+00  9.6116E+41  7.0516E+37  9.6108E+41  1.6811E+36
  2.2390E+00  8.4987E+41  3.9135E+38  8.4946E+41  1.5684E+37
  2.3710E+00  7.3591E+41  1.7657E+39  7.3403E+41  1.0962E+38
  2.5120E+00  6.2911E+41  6.6004E+39  6.2193E+41  5.8717E+38
  2.6610E+00  5.4170E+41  2.0820E+40  5.1839E+41  2.4914E+39
  2.8180E+00  4.9146E+41  5.6611E+40  4.2619E+41  8.6589E+39
  2.9850E+00  5.0676E+41  1.3510E+41  3.4642E+41  2.5240E+40
  3.1620E+00  6.3099E+41  2.8844E+41  2.7896E+41  6.3593E+40
  3.3500E+00  9.1499E+41  5.5336E+41  2.2282E+41  1.3882E+41
  3.5480E+00  1.4320E+42  9.8037E+41  1.7688E+41  2.7476E+41
  3.7580E+00  2.2438E+42  1.6104E+42  1.3951E+41  4.9381E+41
  3.9810E+00  3.4029E+42  2.4764E+42  1.0939E+41  8.1711E+41
  4.2170E+00  4.9408E+42  3.5950E+42  8.5297E+40  1.2605E+42
  4.4670E+00  6.8605E+42  4.9632E+42  6.6145E+40  1.8311E+42
  4.7320E+00  9.0940E+42  6.5318E+42  5.0956E+40  2.5112E+42
  5.0120E+00  1.1551E+43  8.2318E+42  3.9055E+40  3.2796E+42
  5.3090E+00  1.3959E+43  9.9719E+42  2.9276E+40  3.9574E+42
  5.6230E+00  1.6200E+43  1.1641E+43  2.1714E+40  4.5369E+42
  5.9570E+00  1.8104E+43  1.3138E+43  1.5941E+40  4.9503E+42
  6.3100E+00  1.9727E+43  1.4461E+43  1.1580E+40  5.2539E+42
  6.6830E+00  2.1002E+43  1.5629E+43  8.3664E+39  5.3651E+42
  7.0790E+00  2.1965E+43  1.6586E+43  5.9646E+39  5.3722E+42
  7.4990E+00  1.9823E+43  1.5504E+43  4.1102E+39  4.3147E+42
  7.9430E+00  9.7785E+42  8.5204E+42  2.6306E+39  1.2555E+42
  8.4140E+00  2.9638E+42  2.8628E+42  1.7050E+39  9.9234E+40
  8.9130E+00  1.2686E+42  1.2600E+42  1.2251E+39  7.3208E+39
  9.4410E+00  7.3754E+41  7.3596E+41  1.0033E+39  5.7879E+38
  1.0000E+01  1.0634E+42  1.0611E+42  8.3651E+38  1.4545E+39
  1.0590E+01  1.7430E+42  1.7364E+42  6.8927E+38  5.9566E+39
  1.1220E+01  3.1218E+42  3.0923E+42  5.3362E+38  2.8902E+40
  1.1890E+01  4.9145E+42  4.8274E+42  4.0271E+38  8.6671E+40
  1.2590E+01  7.3063E+42  7.1008E+42  2.9638E+38  2.0526E+41
  1.3340E+01  9.8371E+42  9.4691E+42  2.1193E+38  3.6783E+41
  1.4130E+01  1.1476E+43  1.1023E+43  1.4711E+38  4.5223E+41
  1.4960E+01  1.0895E+43  1.0591E+43  1.0431E+38  3.0343E+41
  1.5850E+01  1.0107E+43  9.9379E+42  7.7841E+37  1.6939E+41
  1.6790E+01  9.6455E+42  9.5556E+42  6.1168E+37  8.9812E+40
  1.7780E+01  9.8316E+42  9.7770E+42  5.0217E+37  5.4474E+40
  1.8840E+01  1.0801E+43  1.0756E+43  4.1832E+37  4.4669E+40
  1.9950E+01  1.2427E+43  1.2377E+43  3.4025E+37  4.9980E+40
  2.1130E+01  1.4194E+43  1.4136E+43  2.6803E+37  5.7768E+40
  2.2390E+01  1.5828E+43  1.5766E+43  2.0980E+37  6.2353E+40
  2.3710E+01  1.7271E+43  1.7206E+43  1.6289E+37  6.4484E+40
  2.5120E+01  1.8437E+43  1.8373E+43  1.2579E+37  6.4058E+40
  2.6610E+01  1.9275E+43  1.9213E+43  9.6008E+36  6.2225E+40
  2.8180E+01  1.9714E+43  1.9655E+43  7.2636E+36  5.9130E+40
  2.9850E+01  1.9718E+43  1.9663E+43  5.4296E+36  5.5224E+40
  3.1620E+01  1.9285E+43  1.9234E+43  3.9953E+36  5.1096E+40
  3.3500E+01  1.8435E+43  1.8388E+43  2.8920E+36  4.6845E+40
  3.5480E+01  1.7232E+43  1.7190E+43  2.0593E+36  4.2644E+40
  3.7580E+01  1.5764E+43  1.5725E+43  1.4411E+36  3.8669E+40
  3.9810E+01  1.4115E+43  1.4080E+43  9.9080E+35  3.5073E+40
  4.2170E+01  1.2392E+43  1.2360E+43  6.6971E+35  3.1702E+40
  4.4670E+01  1.0681E+43  1.0652E+43  4.4503E+35  2.8504E+40
  4.7320E+01  9.0511E+42  9.0257E+42  2.9131E+35  2.5442E+40
  5.0120E+01  7.5531E+42  7.5305E+42  1.8811E+35  2.2548E+40
  5.3090E+01  6.2112E+42  6.1913E+42  1.1992E+35  1.9815E+40
  5.6230E+01  5.0433E+42  5.0260E+42  7.5608E+34  1.7273E+40
  5.9570E+01  4.0441E+42  4.0292E+42  4.7150E+34  1.4922E+40
  6.3100E+01  3.2098E+42  3.1970E+42  2.9152E+34  1.2795E+40
  6.6830E+01  2.5243E+42  2.5134E+42  1.7888E+34  1.0893E+40
  7.0790E+01  1.9683E+42  1.9591E+42  1.0898E+34  9.2032E+39
  7.4990E+01  1.5226E+42  1.5149E+42  6.5968E+33  7.7237E+39
  7.9430E+01  1.1702E+42  1.1638E+42  3.9731E+33  6.4466E+39
  8.4140E+01  8.9382E+41  8.8847E+41  2.3805E+33  5.3503E+39
  8.9130E+01  6.7940E+41  6.7498E+41  1.4213E+33  4.4182E+39
  9.4410E+01  5.1410E+41  5.1047E+41  8.4568E+32  3.6340E+39
  1.0000E+02  3.8736E+41  3.8438E+41  5.0155E+32  2.9782E+39
  1.0590E+02  2.9108E+41  2.8864E+41  2.9700E+32  2.4341E+39
  1.1220E+02  2.1805E+41  2.1607E+41  1.7540E+32  1.9795E+39
  1.1890E+02  1.6325E+41  1.6164E+41  1.0363E+32  1.6038E+39
  1.2590E+02  1.2279E+41  1.2149E+41  6.1581E+31  1.2998E+39
  1.3340E+02  9.2529E+40  9.1481E+40  3.6738E+31  1.0482E+39
  1.4130E+02  6.9120E+40  6.8275E+40  2.1816E+31  8.4557E+38
  1.4960E+02  5.0533E+40  4.9849E+40  1.2672E+31  6.8339E+38
  1.5850E+02  3.6647E+40  3.6097E+40  7.2865E+30  5.5001E+38
  1.7780E+02  1.9418E+40  1.9063E+40  2.4290E+30  3.5546E+38
  1.9950E+02  1.0293E+40  1.0064E+40  8.1242E+29  2.2838E+38
  2.2390E+02  5.4378E+39  5.2917E+39  2.7180E+29  1.4609E+38
  2.5120E+02  2.8667E+39  2.7734E+39  9.1038E+28  9.3318E+37
  2.8180E+02  1.5071E+39  1.4476E+39  3.0522E+28  5.9501E+37
  3.1620E+02  7.8994E+38  7.5210E+38  1.0241E+28  3.7841E+37
  3.5480E+02  4.1345E+38  3.8942E+38  3.4446E+27  2.4030E+37
  3.9810E+02  2.1624E+38  2.0100E+38  1.1634E+27  1.5245E+37
  4.4670E+02  1.1310E+38  1.0344E+38  3.9493E+26  9.6611E+36
  5.0120E+02  5.9230E+37  5.3110E+37  1.3495E+26  6.1195E+36
  5.6230E+02  3.1095E+37  2.7219E+37  4.6475E+25  3.8752E+36
  6.3100E+02  1.6359E+37  1.3909E+37  1.6135E+25  2.4503E+36
  7.0790E+02  8.6526E+36  7.1022E+36  5.6622E+24  1.5504E+36
  7.9430E+02  4.5979E+36  3.6178E+36  2.0065E+24  9.8005E+35
  8.9130E+02  2.4587E+36  1.8396E+36  7.1866E+23  6.1916E+35
  1.0000E+03  1.3259E+36  9.3458E+35  2.6047E+23  3.9132E+35
