  1.0000E-03  7.3181E+44  0.0000E+00  3.5366E+42  7.2827E+44
  1.1220E-03  7.8383E+44  0.0000E+00  4.1647E+42  7.7966E+44
  1.2590E-03  8.3694E+44  0.0000E+00  4.6981E+42  8.3224E+44
  1.4130E-03  8.9163E+44  0.0000E+00  5.1082E+42  8.8653E+44
  1.5850E-03  9.5651E+44  0.0000E+00  5.4270E+42  9.5109E+44
  1.7780E-03  1.0565E+45  0.0000E+00  6.4211E+42  1.0501E+45
  1.9950E-03  1.0871E+45  0.0000E+00  7.0909E+42  1.0800E+45
  2.2390E-03  1.1407E+45  0.0000E+00  7.0349E+42  1.1337E+45
  2.5120E-03  1.2430E+45  0.0000E+00  8.6995E+42  1.2343E+45
  2.8180E-03  1.2327E+45  0.0000E+00  9.4146E+42  1.2233E+45
  3.1620E-03  1.2378E+45  0.0000E+00  9.7057E+42  1.2281E+45
  3.5480E-03  1.2508E+45  0.0000E+00  9.7763E+42  1.2411E+45
  3.9810E-03  1.2760E+45  0.0000E+00  9.7125E+42  1.2662E+45
  4.4670E-03  2.1125E+45  0.0000E+00  2.9533E+43  2.0830E+45
  5.0120E-03  2.0747E+45  0.0000E+00  3.1017E+43  2.0437E+45
  5.6230E-03  2.0383E+45  0.0000E+00  3.1291E+43  2.0070E+45
  5.9570E-03  2.0262E+45  0.0000E+00  3.1111E+43  1.9951E+45
  6.6830E-03  2.0279E+45  0.0000E+00  3.0546E+43  1.9974E+45
  7.4990E-03  2.0772E+45  0.0000E+00  3.0018E+43  2.0472E+45
  8.4140E-03  2.0932E+45  0.0000E+00  2.9400E+43  2.0638E+45
  9.4410E-03  2.1526E+45  0.0000E+00  2.8504E+43  2.1241E+45
  1.0590E-02  2.3136E+45  0.0000E+00  2.6841E+43  2.2868E+45
  1.1890E-02  2.3573E+45  0.0000E+00  2.7497E+43  2.3298E+45
  1.3340E-02  2.4553E+45  0.0000E+00  2.6610E+43  2.4287E+45
  1.4960E-02  2.5090E+45  0.0000E+00  2.5993E+43  2.4830E+45
  1.6790E-02  2.5863E+45  0.0000E+00  2.5071E+43  2.5613E+45
  1.8840E-02  2.6933E+45  0.0000E+00  2.3966E+43  2.6693E+45
  2.1130E-02  2.7786E+45  0.0000E+00  2.3330E+43  2.7553E+45
  2.3710E-02  2.8582E+45  0.0000E+00  2.2444E+43  2.8358E+45
  2.6610E-02  2.9180E+45  0.0000E+00  2.1353E+43  2.8967E+45
  2.9850E-02  2.9816E+45  9.8709E-84  2.0112E+43  2.9615E+45
  3.3500E-02  3.0432E+45  5.6958E-69  1.8777E+43  3.0244E+45
  3.7580E-02  3.3291E+45  6.9555E-56  1.9979E+43  3.3092E+45
  4.2170E-02  3.3962E+45  2.7342E-44  2.0919E+43  3.3752E+45
  4.7320E-02  3.0416E+45  5.7304E-34  1.5994E+43  3.0256E+45
  5.3090E-02  2.4206E+45  7.8742E-25  1.0813E+43  2.4097E+45
  6.6830E-02  8.0190E+44  1.0076E-09  2.9447E+42  7.9895E+44
  7.4990E-02  3.9837E+44  1.7339E-03  1.5608E+42  3.9681E+44
  8.4140E-02  4.6067E+44  1.0444E+03  1.6915E+42  4.5898E+44
  9.4410E-02  5.0623E+44  1.3757E+08  1.8645E+42  5.0436E+44
  1.0590E-01  7.4062E+44  5.9343E+12  3.1136E+42  7.3751E+44
  1.1890E-01  1.0674E+45  7.8058E+16  6.0341E+42  1.0614E+45
  1.3340E-01  1.3300E+45  2.4784E+20  1.1005E+43  1.3190E+45
  1.4960E-01  1.4444E+45  3.6802E+23  1.5797E+43  1.4286E+45
  1.5850E-01  1.3875E+45  1.1328E+25  1.5814E+43  1.3716E+45
  1.7780E-01  1.0785E+45  5.3495E+27  9.8911E+42  1.0686E+45
  1.9950E-01  5.7491E+44  9.6801E+29  2.6238E+42  5.7228E+44
  2.2390E-01  3.6711E+44  8.6539E+31  1.2307E+42  3.6588E+44
  2.3710E-01  4.7072E+44  8.1738E+32  1.9534E+42  4.6876E+44
  2.5120E-01  6.1186E+44  6.8259E+33  3.1128E+42  6.0875E+44
  2.6610E-01  7.1094E+44  4.7344E+34  4.0822E+42  7.0686E+44
  2.8180E-01  7.7389E+44  2.8056E+35  4.7226E+42  7.6916E+44
  2.9850E-01  8.1235E+44  1.4570E+36  5.1602E+42  8.0719E+44
  3.1620E-01  8.4092E+44  6.6965E+36  5.5353E+42  8.3539E+44
  3.3500E-01  8.6162E+44  2.7779E+37  5.8346E+42  8.5578E+44
  3.5480E-01  8.7305E+44  1.0412E+38  6.0262E+42  8.6703E+44
  3.7580E-01  8.8302E+44  3.6029E+38  6.1375E+42  8.7689E+44
  3.9810E-01  8.8532E+44  1.1372E+39  6.2152E+42  8.7910E+44
  4.2170E-01  8.9346E+44  3.3249E+39  6.2729E+42  8.8719E+44
  4.4670E-01  8.9854E+44  8.9762E+39  6.3282E+42  8.9220E+44
  4.7320E-01  9.0147E+44  2.2733E+40  6.3354E+42  8.9511E+44
  5.0120E-01  9.0161E+44  5.4096E+40  6.2850E+42  8.9527E+44
  5.3090E-01  9.0201E+44  1.2214E+41  6.1777E+42  8.9571E+44
  5.6230E-01  8.9618E+44  2.5893E+41  6.0424E+42  8.8988E+44
  5.9570E-01  8.8640E+44  5.2050E+41  5.8753E+42  8.8000E+44
  6.3100E-01  8.7557E+44  9.9455E+41  5.6838E+42  8.6889E+44
  6.6830E-01  8.6367E+44  1.8089E+42  5.4626E+42  8.5640E+44
  7.0790E-01  8.4996E+44  3.1414E+42  5.2450E+42  8.4158E+44
  7.4990E-01  8.3327E+44  5.2035E+42  5.0295E+42  8.2304E+44
  7.9430E-01  8.1598E+44  8.2564E+42  4.8173E+42  8.0291E+44
  8.4140E-01  7.9875E+44  1.2607E+43  4.6026E+42  7.8154E+44
  8.9130E-01  7.8368E+44  1.8637E+43  4.3873E+42  7.6065E+44
  9.4410E-01  7.6897E+44  2.6577E+43  4.1652E+42  7.3823E+44
  1.0000E+00  7.5363E+44  3.6524E+43  3.9357E+42  7.1317E+44
  1.0590E+00  7.3861E+44  4.8510E+43  3.7098E+42  6.8639E+44
  1.1220E+00  7.2430E+44  6.2724E+43  3.4831E+42  6.5809E+44
  1.1890E+00  7.1148E+44  7.9132E+43  3.2491E+42  6.2910E+44
  1.2590E+00  7.0125E+44  9.7294E+43  3.0022E+42  6.0095E+44
  1.3340E+00  6.9112E+44  1.1675E+44  2.7503E+42  5.7162E+44
  1.4130E+00  6.8044E+44  1.3614E+44  2.5020E+42  5.4181E+44
  1.4960E+00  6.6941E+44  1.5492E+44  2.2576E+42  5.1224E+44
  1.5850E+00  6.5771E+44  1.7316E+44  2.0155E+42  4.8253E+44
  1.6790E+00  6.4534E+44  1.8984E+44  1.7760E+42  4.5372E+44
  1.7780E+00  6.3175E+44  2.0422E+44  1.5405E+42  4.2599E+44
  1.8840E+00  6.1645E+44  2.1636E+44  1.3134E+42  3.9878E+44
  1.9950E+00  5.9965E+44  2.2564E+44  1.1001E+42  3.7290E+44
  2.1130E+00  5.8092E+44  2.3215E+44  9.0538E+41  3.4787E+44
  2.2390E+00  5.6013E+44  2.3572E+44  7.3243E+41  3.2369E+44
  2.3710E+00  5.3794E+44  2.3646E+44  5.8355E+41  3.0090E+44
  2.5120E+00  5.1449E+44  2.3499E+44  4.5886E+41  2.7905E+44
  2.6610E+00  4.9025E+44  2.3144E+44  3.5677E+41  2.5846E+44
  2.8180E+00  4.6546E+44  2.2601E+44  2.7459E+41  2.3918E+44
  2.9850E+00  4.4054E+44  2.1931E+44  2.0957E+41  2.2102E+44
  3.1620E+00  4.1562E+44  2.1143E+44  1.5874E+41  2.0403E+44
  3.3500E+00  3.9156E+44  2.0330E+44  1.1960E+41  1.8814E+44
  3.5480E+00  3.6779E+44  1.9424E+44  8.9567E+40  1.7346E+44
  3.7580E+00  3.4478E+44  1.8491E+44  6.6725E+40  1.5981E+44
  3.9810E+00  3.2251E+44  1.7534E+44  4.9463E+40  1.4712E+44
  4.2170E+00  3.0102E+44  1.6558E+44  3.6497E+40  1.3539E+44
  4.4670E+00  2.8029E+44  1.5571E+44  2.6803E+40  1.2455E+44
  4.7320E+00  2.6043E+44  1.4588E+44  1.9585E+40  1.1453E+44
  5.0120E+00  2.4171E+44  1.3615E+44  1.4264E+40  1.0554E+44
  5.3090E+00  2.2058E+44  1.2647E+44  1.0189E+40  9.4098E+43
  5.6230E+00  2.0025E+44  1.1700E+44  7.2183E+39  8.3242E+43
  5.9570E+00  1.8090E+44  1.0785E+44  5.0741E+39  7.3049E+43
  6.3100E+00  1.6209E+44  9.8394E+43  3.5281E+39  6.3687E+43
  6.6830E+00  1.4542E+44  9.0228E+43  2.4446E+39  5.5187E+43
  7.0790E+00  1.2939E+44  8.1864E+43  1.6691E+39  4.7525E+43
  7.4990E+00  1.1680E+44  7.6155E+43  1.1442E+39  4.0645E+43
  7.9430E+00  1.1568E+44  8.1296E+43  8.6872E+38  3.4382E+43
  8.4140E+00  1.2516E+44  9.6452E+43  7.6911E+38  2.8709E+43
  8.9130E+00  1.3137E+44  1.0751E+44  7.0072E+38  2.3859E+43
  9.4410E+00  1.3387E+44  1.1410E+44  6.8531E+38  1.9762E+43
  1.0000E+01  1.1585E+44  9.9190E+43  5.0580E+38  1.6663E+43
  1.0590E+01  9.6222E+43  8.2166E+43  3.4807E+38  1.4055E+43
  1.1220E+01  7.6742E+43  6.4930E+43  2.1430E+38  1.1812E+43
  1.1890E+01  6.1041E+43  5.1180E+43  1.3183E+38  9.8611E+42
  1.2590E+01  4.8351E+43  4.0132E+43  7.8982E+37  8.2188E+42
  1.3340E+01  3.8400E+43  3.1594E+43  4.6725E+37  6.8057E+42
  1.4130E+01  3.1715E+43  2.6100E+43  2.8202E+37  5.6151E+42
  1.4960E+01  2.9057E+43  2.4445E+43  1.9369E+37  4.6122E+42
  1.5850E+01  2.7423E+43  2.3655E+43  1.4267E+37  3.7671E+42
  1.6790E+01  2.6012E+43  2.2940E+43  1.0976E+37  3.0718E+42
  1.7780E+01  2.4087E+43  2.1581E+43  8.5061E+36  2.5053E+42
  1.8840E+01  2.1229E+43  1.9189E+43  6.3183E+36  2.0391E+42
  1.9950E+01  1.7790E+43  1.6126E+43  4.3556E+36  1.6642E+42
  2.1130E+01  1.4692E+43  1.3336E+43  2.8718E+36  1.3555E+42
  2.2390E+01  1.2152E+43  1.1052E+43  1.8894E+36  1.1002E+42
  2.3710E+01  1.0070E+43  9.1764E+42  1.2400E+36  8.9370E+41
  2.5120E+01  8.3259E+42  7.6022E+42  8.1409E+35  7.2363E+41
  2.6610E+01  6.8588E+42  6.2733E+42  5.3154E+35  5.8548E+41
  2.8180E+01  5.6310E+42  5.1573E+42  3.4702E+35  4.7367E+41
  2.9850E+01  4.5909E+42  4.2085E+42  2.2568E+35  3.8246E+41
  3.1620E+01  3.7108E+42  3.4024E+42  1.4568E+35  3.0845E+41
  3.3500E+01  2.9707E+42  2.7223E+42  9.3317E+34  2.4842E+41
  3.5480E+01  2.3582E+42  2.1580E+42  5.9392E+34  2.0013E+41
  3.7580E+01  1.8518E+42  1.6907E+42  3.7448E+34  1.6106E+41
  3.9810E+01  1.4359E+42  1.3064E+42  2.3361E+34  1.2946E+41
  4.2170E+01  1.1023E+42  9.9827E+41  1.4435E+34  1.0401E+41
  4.4670E+01  8.3849E+41  7.5499E+41  8.8334E+33  8.3502E+40
  4.7320E+01  6.3294E+41  5.6595E+41  5.3626E+33  6.6987E+40
  5.0120E+01  4.7488E+41  4.2114E+41  3.2352E+33  5.3736E+40
  5.3090E+01  3.5419E+41  3.1112E+41  1.9404E+33  4.3069E+40
  5.6230E+01  2.6314E+41  2.2862E+41  1.1592E+33  3.4515E+40
  5.9570E+01  1.9459E+41  1.6697E+41  6.8939E+32  2.7620E+40
  6.3100E+01  1.4362E+41  1.2151E+41  4.0930E+32  2.2104E+40
  6.6830E+01  1.0585E+41  8.8159E+40  2.4277E+32  1.7690E+40
  7.0790E+01  7.7910E+40  6.3766E+40  1.4387E+32  1.4144E+40
  7.4990E+01  5.7295E+40  4.5993E+40  8.5231E+31  1.1302E+40
  7.9430E+01  4.2156E+40  3.3124E+40  5.0554E+31  9.0311E+39
  8.4140E+01  3.1027E+40  2.3815E+40  3.0006E+31  7.2119E+39
  8.9130E+01  2.2867E+40  1.7110E+40  1.7845E+31  5.7568E+39
  9.4410E+01  1.6881E+40  1.2285E+40  1.0636E+31  4.5952E+39
  1.0000E+02  1.2482E+40  8.8150E+39  6.3528E+30  3.6674E+39
  1.0590E+02  9.2578E+39  6.3295E+39  3.8078E+30  2.9282E+39
  1.1220E+02  6.8764E+39  4.5431E+39  2.2849E+30  2.3333E+39
  1.1890E+02  5.1250E+39  3.2677E+39  1.3754E+30  1.8573E+39
  1.2590E+02  3.8507E+39  2.3681E+39  8.3425E+29  1.4826E+39
  1.3340E+02  2.9025E+39  1.7223E+39  5.0785E+29  1.1802E+39
  1.4130E+02  2.1859E+39  1.2454E+39  3.1036E+29  9.4054E+38
  1.4960E+02  1.6349E+39  8.8418E+38  1.8880E+29  7.5076E+38
  1.5850E+02  1.2210E+39  6.2347E+38  1.1441E+29  5.9749E+38
  1.7780E+02  6.9284E+38  3.1358E+38  4.2556E+28  3.7926E+38
  1.9950E+02  3.9893E+38  1.5857E+38  1.6009E+28  2.4036E+38
  2.2390E+02  2.3240E+38  8.0280E+37  6.0781E+27  1.5212E+38
  2.5120E+02  1.3707E+38  4.0709E+37  2.3291E+27  9.6356E+37
  2.8180E+02  8.1678E+37  2.0645E+37  8.9902E+26  6.1033E+37
  3.1620E+02  4.9069E+37  1.0457E+37  3.4873E+26  3.8612E+37
  3.5480E+02  2.9713E+37  5.2949E+36  1.3589E+26  2.4419E+37
  3.9810E+02  1.8121E+37  2.6799E+36  5.3184E+25  1.5441E+37
  4.4670E+02  1.1115E+37  1.3555E+36  2.0882E+25  9.7596E+36
  5.0120E+02  6.8546E+36  6.8549E+35  8.2235E+24  6.1691E+36
  5.6230E+02  4.2468E+36  3.4664E+35  3.2461E+24  3.9002E+36
  6.3100E+02  2.6379E+36  1.7504E+35  1.2827E+24  2.4629E+36
  7.0790E+02  1.6452E+36  8.8444E+34  5.0819E+23  1.5567E+36
  7.9430E+02  1.0279E+36  4.4636E+34  2.0142E+23  9.8323E+35
  8.9130E+02  6.4327E+35  2.2510E+34  7.9887E+22  6.2076E+35
  1.0000E+03  4.0348E+35  1.1353E+34  3.1732E+22  3.9213E+35
