  1.0000E-03  7.3334E+44  0.0000E+00  4.5182E+42  7.2882E+44
  1.1220E-03  7.8603E+44  0.0000E+00  5.6008E+42  7.8043E+44
  1.2590E-03  8.3997E+44  0.0000E+00  6.6573E+42  8.3331E+44
  1.4130E-03  8.9564E+44  0.0000E+00  7.6394E+42  8.8800E+44
  1.5850E-03  9.6175E+44  0.0000E+00  8.5969E+42  9.5315E+44
  1.7780E-03  1.0640E+45  0.0000E+00  1.0876E+43  1.0531E+45
  1.9950E-03  1.0968E+45  0.0000E+00  1.2936E+43  1.0839E+45
  2.2390E-03  1.1525E+45  0.0000E+00  1.3857E+43  1.1387E+45
  2.5120E-03  1.2595E+45  0.0000E+00  1.8715E+43  1.2408E+45
  2.8180E-03  1.2528E+45  0.0000E+00  2.1979E+43  1.2308E+45
  3.1620E-03  1.2612E+45  0.0000E+00  2.4479E+43  1.2367E+45
  3.5480E-03  1.2772E+45  0.0000E+00  2.6502E+43  1.2507E+45
  3.9810E-03  1.3050E+45  0.0000E+00  2.8063E+43  1.2769E+45
  4.4670E-03  2.1268E+45  0.0000E+00  4.2526E+43  2.0843E+45
  5.0120E-03  2.0998E+45  0.0000E+00  5.1782E+43  2.0480E+45
  5.6230E-03  2.0751E+45  0.0000E+00  6.0527E+43  2.0146E+45
  5.9570E-03  2.0688E+45  0.0000E+00  6.4598E+43  2.0042E+45
  6.6830E-03  2.0815E+45  0.0000E+00  7.2096E+43  2.0094E+45
  7.4990E-03  2.1421E+45  0.0000E+00  7.9818E+43  2.0623E+45
  8.4140E-03  2.1690E+45  0.0000E+00  8.7266E+43  2.0817E+45
  9.4410E-03  2.2388E+45  0.0000E+00  9.3728E+43  2.1451E+45
  1.0590E-02  2.4094E+45  0.0000E+00  9.7231E+43  2.3122E+45
  1.1890E-02  2.4682E+45  0.0000E+00  1.0997E+44  2.3583E+45
  1.3340E-02  2.5782E+45  0.0000E+00  1.1705E+44  2.4612E+45
  1.4960E-02  2.6451E+45  0.0000E+00  1.2598E+44  2.5191E+45
  1.6790E-02  2.7353E+45  0.0000E+00  1.3377E+44  2.6015E+45
  1.8840E-02  2.8550E+45  0.0000E+00  1.4063E+44  2.7144E+45
  2.1130E-02  2.9560E+45  0.0000E+00  1.5082E+44  2.8051E+45
  2.3710E-02  3.0505E+45  0.0000E+00  1.5993E+44  2.8905E+45
  2.6610E-02  3.1246E+45  0.0000E+00  1.6830E+44  2.9563E+45
  2.9850E-02  3.2024E+45  7.5466E-84  1.7591E+44  3.0265E+45
  3.3500E-02  3.2777E+45  4.4176E-69  1.8271E+44  3.0950E+45
  3.7580E-02  3.5843E+45  5.4014E-56  1.9745E+44  3.3869E+45
  4.2170E-02  3.6869E+45  2.1438E-44  2.2752E+44  3.4594E+45
  4.7320E-02  3.3360E+45  4.5957E-34  2.2368E+44  3.1123E+45
  5.3090E-02  2.6868E+45  6.4253E-25  1.9744E+44  2.4893E+45
  6.6830E-02  9.3746E+44  8.3927E-10  1.0037E+44  8.3709E+44
  7.4990E-02  4.7894E+44  1.4462E-03  5.8684E+43  4.2026E+44
  8.4140E-02  5.4830E+44  8.9160E+02  6.3913E+43  4.8439E+44
  9.4410E-02  6.0040E+44  1.2002E+08  6.9613E+43  5.3079E+44
  1.0590E-01  8.6421E+44  5.3855E+12  9.5126E+43  7.6908E+44
  1.1890E-01  1.2122E+45  6.7648E+16  1.1643E+44  1.0958E+45
  1.3340E-01  1.4806E+45  1.9545E+20  1.2893E+44  1.3516E+45
  1.4960E-01  1.5789E+45  2.7945E+23  1.2288E+44  1.4560E+45
  1.5850E-01  1.5129E+45  8.5931E+24  1.1605E+44  1.3968E+45
  1.7780E-01  1.1894E+45  4.1881E+27  9.7305E+43  1.0921E+45
  1.9950E-01  6.4975E+44  8.1450E+29  5.8337E+43  5.9142E+44
  2.2390E-01  4.2069E+44  7.7961E+31  3.9607E+43  3.8108E+44
  2.3710E-01  5.3382E+44  7.1906E+32  4.7895E+43  4.8593E+44
  2.5120E-01  6.8358E+44  5.7423E+33  5.5678E+43  6.2791E+44
  2.6610E-01  7.8500E+44  3.8525E+34  5.8254E+43  7.2675E+44
  2.8180E-01  8.4664E+44  2.2300E+35  5.7508E+43  7.8913E+44
  2.9850E-01  8.8234E+44  1.1374E+36  5.5518E+43  8.2682E+44
  3.1620E-01  9.0786E+44  5.1466E+36  5.3328E+43  8.5453E+44
  3.3500E-01  9.2521E+44  2.1072E+37  5.0879E+43  8.7433E+44
  3.5480E-01  9.3303E+44  7.8180E+37  4.8139E+43  8.8489E+44
  3.7580E-01  9.3941E+44  2.6809E+38  4.5283E+43  8.9413E+44
  3.9810E-01  9.3811E+44  8.3967E+38  4.2512E+43  8.9560E+44
  4.2170E-01  9.4284E+44  2.4337E+39  3.9773E+43  9.0307E+44
  4.4670E-01  9.4462E+44  6.5155E+39  3.7216E+43  9.0740E+44
  4.7320E-01  9.4428E+44  1.6373E+40  3.4650E+43  9.0961E+44
  5.0120E-01  9.4120E+44  3.8688E+40  3.2077E+43  9.0908E+44
  5.3090E-01  9.3846E+44  8.6747E+40  2.9505E+43  9.0887E+44
  5.6230E-01  9.2960E+44  1.8292E+41  2.7087E+43  9.0233E+44
  5.9570E-01  9.1686E+44  3.6626E+41  2.4773E+43  8.9172E+44
  6.3100E-01  9.0314E+44  6.9752E+41  2.2552E+43  8.7989E+44
  6.6830E-01  8.8839E+44  1.2655E+42  2.0415E+43  8.6671E+44
  7.0790E-01  8.7180E+44  2.1942E+42  1.8426E+43  8.5118E+44
  7.4990E-01  8.5213E+44  3.6352E+42  1.6586E+43  8.3191E+44
  7.9430E-01  8.3169E+44  5.7741E+42  1.4863E+43  8.1106E+44
  8.4140E-01  8.1106E+44  8.8352E+42  1.3252E+43  7.8898E+44
  8.9130E-01  7.9221E+44  1.3083E+43  1.1733E+43  7.6739E+44
  9.4410E-01  7.7336E+44  1.8719E+43  1.0337E+43  7.4430E+44
  1.0000E+00  7.5359E+44  2.5900E+43  9.0736E+42  7.1862E+44
  1.0590E+00  7.3392E+44  3.4736E+43  7.9496E+42  6.9124E+44
  1.1220E+00  7.1480E+44  4.5493E+43  6.9368E+42  6.6237E+44
  1.1890E+00  6.9715E+44  5.8290E+43  6.0199E+42  6.3284E+44
  1.2590E+00  6.8223E+44  7.2858E+43  5.1856E+42  6.0419E+44
  1.3340E+00  6.6817E+44  8.9324E+43  4.4493E+42  5.7440E+44
  1.4130E+00  6.5499E+44  1.0698E+44  3.8206E+42  5.4419E+44
  1.4960E+00  6.4314E+44  1.2559E+44  3.2780E+42  5.1427E+44
  1.5850E+00  6.3257E+44  1.4551E+44  2.8007E+42  4.8425E+44
  1.6790E+00  6.2332E+44  1.6578E+44  2.3777E+42  4.5517E+44
  1.7780E+00  6.1486E+44  1.8567E+44  2.0004E+42  4.2720E+44
  1.8840E+00  6.0682E+44  2.0538E+44  1.6652E+42  3.9978E+44
  1.9950E+00  5.9883E+44  2.2373E+44  1.3706E+42  3.7373E+44
  2.1130E+00  5.9034E+44  2.4067E+44  1.1153E+42  3.4855E+44
  2.2390E+00  5.8076E+44  2.5563E+44  8.9741E+41  3.2424E+44
  2.3710E+00  5.6984E+44  2.6777E+44  7.1447E+41  3.0135E+44
  2.5120E+00  5.5747E+44  2.7749E+44  5.6383E+41  2.7941E+44
  2.6610E+00  5.4339E+44  2.8420E+44  4.4131E+41  2.5875E+44
  2.8180E+00  5.2730E+44  2.8754E+44  3.4262E+41  2.3942E+44
  2.9850E+00  5.0948E+44  2.8799E+44  2.6418E+41  2.2122E+44
  3.1620E+00  4.8985E+44  2.8545E+44  2.0233E+41  2.0419E+44
  3.3500E+00  4.6958E+44  2.8115E+44  1.5430E+41  1.8827E+44
  3.5480E+00  4.4752E+44  2.7383E+44  1.1691E+41  1.7357E+44
  3.7580E+00  4.2479E+44  2.6481E+44  8.8137E+40  1.5989E+44
  3.9810E+00  4.0167E+44  2.5441E+44  6.6156E+40  1.4719E+44
  4.2170E+00  3.7833E+44  2.4283E+44  4.9447E+40  1.3545E+44
  4.4670E+00  3.5512E+44  2.3048E+44  3.6812E+40  1.2460E+44
  4.7320E+00  3.3264E+44  2.1804E+44  2.7317E+40  1.1457E+44
  5.0120E+00  3.1142E+44  2.0583E+44  2.0241E+40  1.0558E+44
  5.3090E+00  2.8810E+44  1.9397E+44  1.4810E+40  9.4124E+43
  5.6230E+00  2.6610E+44  1.8283E+44  1.0798E+40  8.3263E+43
  5.9570E+00  2.4579E+44  1.7272E+44  7.8571E+39  7.3065E+43
  6.3100E+00  2.2577E+44  1.6206E+44  5.6706E+39  6.3700E+43
  6.6830E+00  2.0900E+44  1.5380E+44  4.1090E+39  5.5197E+43
  7.0790E+00  1.9256E+44  1.4502E+44  2.9420E+39  4.7532E+43
  7.4990E+00  1.8578E+44  1.4513E+44  2.1772E+39  4.0651E+43
  7.9430E+00  2.1834E+44  1.8395E+44  1.9628E+39  3.4386E+43
  8.4140E+00  2.9020E+44  2.6148E+44  2.1260E+39  2.8711E+43
  8.9130E+00  3.4966E+44  3.2580E+44  2.2311E+39  2.3860E+43
  9.4410E+00  3.9376E+44  3.7400E+44  2.4343E+39  1.9762E+43
  1.0000E+01  3.4206E+44  3.2540E+44  1.8348E+39  1.6663E+43
  1.0590E+01  2.8300E+44  2.6895E+44  1.2777E+39  1.4055E+43
  1.1220E+01  2.2518E+44  2.1336E+44  7.9448E+38  1.1812E+43
  1.1890E+01  1.8243E+44  1.7257E+44  5.0096E+38  9.8614E+42
  1.2590E+01  1.4957E+44  1.4135E+44  3.1112E+38  8.2191E+42
  1.3340E+01  1.2537E+44  1.1857E+44  1.9357E+38  6.8060E+42
  1.4130E+01  1.1151E+44  1.0589E+44  1.2506E+38  5.6153E+42
  1.4960E+01  1.1188E+44  1.0727E+44  9.3877E+37  4.6124E+42
  1.5850E+01  1.1604E+44  1.1228E+44  7.5956E+37  3.7673E+42
  1.6790E+01  1.2097E+44  1.1790E+44  6.4155E+37  3.0719E+42
  1.7780E+01  1.2312E+44  1.2061E+44  5.4448E+37  2.5053E+42
  1.8840E+01  1.1965E+44  1.1761E+44  4.4232E+37  2.0392E+42
  1.9950E+01  1.1091E+44  1.0925E+44  3.3295E+37  1.6643E+42
  2.1130E+01  1.0168E+44  1.0032E+44  2.4021E+37  1.3555E+42
  2.2390E+01  9.3512E+43  9.2411E+43  1.7326E+37  1.1003E+42
  2.3710E+01  8.6013E+43  8.5119E+43  1.2454E+37  8.9375E+41
  2.5120E+01  7.8786E+43  7.8063E+43  8.9425E+36  7.2367E+41
  2.6610E+01  7.1626E+43  7.1041E+43  6.3650E+36  5.8552E+41
  2.8180E+01  6.4566E+43  6.4092E+43  4.5095E+36  4.7370E+41
  2.9850E+01  5.7513E+43  5.7131E+43  3.1677E+36  3.8249E+41
  3.1620E+01  5.0513E+43  5.0205E+43  2.1967E+36  3.0848E+41
  3.3500E+01  4.3693E+43  4.3445E+43  1.5031E+36  2.4843E+41
  3.5480E+01  3.7241E+43  3.7041E+43  1.0153E+36  2.0014E+41
  3.7580E+01  3.1230E+43  3.1069E+43  6.7558E+35  1.6107E+41
  3.9810E+01  2.5731E+43  2.5602E+43  4.4232E+35  1.2947E+41
  4.2170E+01  2.0881E+43  2.0777E+43  2.8529E+35  1.0401E+41
  4.4670E+01  1.6710E+43  1.6627E+43  1.8127E+35  8.3507E+40
  4.7320E+01  1.3209E+43  1.3142E+43  1.1369E+35  6.6990E+40
  5.0120E+01  1.0330E+43  1.0276E+43  7.0510E+34  5.3739E+40
  5.3090E+01  7.9968E+42  7.9537E+42  4.3270E+34  4.3071E+40
  5.6230E+01  6.1401E+42  6.1055E+42  2.6322E+34  3.4516E+40
  5.9570E+01  4.6742E+42  4.6466E+42  1.5870E+34  2.7621E+40
  6.3100E+01  3.5364E+42  3.5143E+42  9.5067E+33  2.2104E+40
  6.6830E+01  2.6610E+42  2.6433E+42  5.6633E+33  1.7690E+40
  7.0790E+01  1.9920E+42  1.9779E+42  3.3558E+33  1.4145E+40
  7.4990E+01  1.4841E+42  1.4728E+42  1.9790E+33  1.1302E+40
  7.9430E+01  1.1018E+42  1.0928E+42  1.1633E+33  9.0313E+39
  8.4140E+01  8.1514E+41  8.0792E+41  6.8126E+32  7.2120E+39
  8.9130E+01  6.0164E+41  5.9588E+41  3.9813E+32  5.7569E+39
  9.4410E+01  4.4306E+41  4.3847E+41  2.3218E+32  4.5953E+39
  1.0000E+02  3.2557E+41  3.2190E+41  1.3513E+32  3.6674E+39
  1.0590E+02  2.3906E+41  2.3614E+41  7.8617E+31  2.9283E+39
  1.1220E+02  1.7526E+41  1.7293E+41  4.5655E+31  2.3333E+39
  1.1890E+02  1.2858E+41  1.2672E+41  2.6539E+31  1.8573E+39
  1.2590E+02  9.4877E+40  9.3394E+40  1.5523E+31  1.4826E+39
  1.3340E+02  7.0161E+40  6.8980E+40  9.1134E+30  1.1802E+39
  1.4130E+02  5.1564E+40  5.0623E+40  5.3378E+30  9.4054E+38
  1.4960E+02  3.7247E+40  3.6496E+40  3.0708E+30  7.5077E+38
  1.5850E+02  2.6716E+40  2.6118E+40  1.7500E+30  5.9750E+38
  1.7780E+02  1.3860E+40  1.3481E+40  5.7265E+29  3.7926E+38
  1.9950E+02  7.2109E+39  6.9705E+39  1.8819E+29  2.4036E+38
  2.2390E+02  3.7505E+39  3.5984E+39  6.1965E+28  1.5212E+38
  2.5120E+02  1.9524E+39  1.8561E+39  2.0461E+28  9.6356E+37
  2.8180E+02  1.0165E+39  9.5545E+38  6.7724E+27  6.1033E+37
  3.1620E+02  5.2900E+38  4.9039E+38  2.2462E+27  3.8612E+37
  3.5480E+02  2.7564E+38  2.5122E+38  7.4768E+26  2.4419E+37
  3.9810E+02  1.4390E+38  1.2846E+38  2.5016E+26  1.5441E+37
  4.4670E+02  7.5329E+37  6.5569E+37  8.4186E+25  9.7596E+36
  5.0120E+02  3.9593E+37  3.3424E+37  2.8542E+25  6.1692E+36
  5.6230E+02  2.0921E+37  1.7021E+37  9.7593E+24  3.9002E+36
  6.3100E+02  1.1111E+37  8.6485E+36  3.3661E+24  2.4629E+36
  7.0790E+02  5.9507E+36  4.3939E+36  1.1744E+24  1.5567E+36
  7.9430E+02  3.2115E+36  2.2283E+36  4.1396E+23  9.8323E+35
  8.9130E+02  1.7493E+36  1.1285E+36  1.4758E+23  6.2076E+35
  1.0000E+03  9.6346E+35  5.7133E+35  5.3272E+22  3.9213E+35
