  1.0000E-03  8.6015E+44  0.0000E+00  1.7378E+41  8.5997E+44
  1.1220E-03  9.6043E+44  0.0000E+00  2.2853E+41  9.6020E+44
  1.2590E-03  1.0721E+45  0.0000E+00  2.8643E+41  1.0718E+45
  1.4130E-03  1.1967E+45  0.0000E+00  3.4472E+41  1.1963E+45
  1.5850E-03  1.3359E+45  0.0000E+00  4.0198E+41  1.3355E+45
  1.7780E-03  1.4955E+45  0.0000E+00  5.0806E+41  1.4950E+45
  1.9950E-03  1.6628E+45  0.0000E+00  6.3317E+41  1.6621E+45
  2.2390E-03  1.8526E+45  0.0000E+00  7.0329E+41  1.8519E+45
  2.5120E-03  2.0711E+45  0.0000E+00  9.3482E+41  2.0701E+45
  2.8180E-03  2.2934E+45  0.0000E+00  1.1439E+42  2.2922E+45
  3.1620E-03  2.5434E+45  0.0000E+00  1.3186E+42  2.5421E+45
  3.5480E-03  2.8227E+45  0.0000E+00  1.4721E+42  2.8212E+45
  3.9810E-03  3.1355E+45  0.0000E+00  1.6014E+42  3.1339E+45
  4.4670E-03  3.6752E+45  0.0000E+00  2.2326E+42  3.6730E+45
  5.0120E-03  4.0646E+45  0.0000E+00  2.8696E+42  4.0617E+45
  5.6230E-03  4.4950E+45  0.0000E+00  3.5041E+42  4.4915E+45
  5.9570E-03  4.7293E+45  0.0000E+00  3.8115E+42  4.7255E+45
  6.6830E-03  5.2405E+45  0.0000E+00  4.3938E+42  5.2361E+45
  7.4990E-03  5.8219E+45  0.0000E+00  4.9726E+42  5.8169E+45
  8.4140E-03  6.4570E+45  0.0000E+00  5.5928E+42  6.4514E+45
  9.4410E-03  7.1767E+45  0.0000E+00  6.1485E+42  7.1706E+45
  1.0590E-02  8.0103E+45  0.0000E+00  6.4712E+42  8.0038E+45
  1.1890E-02  8.8999E+45  0.0000E+00  7.4212E+42  8.8925E+45
  1.3340E-02  9.9040E+45  0.0000E+00  8.0459E+42  9.8960E+45
  1.4960E-02  1.0996E+46  0.0000E+00  8.8453E+42  1.0987E+46
  1.6790E-02  1.2227E+46  0.0000E+00  9.5947E+42  1.2218E+46
  1.8840E-02  1.3608E+46  0.0000E+00  1.0292E+43  1.3597E+46
  2.1130E-02  1.5123E+46  0.0000E+00  1.1234E+43  1.5112E+46
  2.3710E-02  1.6809E+46  0.0000E+00  1.2169E+43  1.6797E+46
  2.6610E-02  1.8671E+46  0.0000E+00  1.3127E+43  1.8658E+46
  2.9850E-02  2.0732E+46  8.3027E-83  1.4067E+43  2.0717E+46
  3.3500E-02  2.3026E+46  5.2846E-68  1.4991E+43  2.3011E+46
  3.7580E-02  2.5762E+46  6.6172E-55  1.6337E+43  2.5746E+46
  4.2170E-02  2.8608E+46  2.8621E-43  1.9279E+43  2.8589E+46
  4.7320E-02  3.1310E+46  7.4960E-33  2.0098E+43  3.1289E+46
  5.3090E-02  3.1658E+46  1.3343E-23  1.9060E+43  3.1639E+46
  6.6830E-02  2.6929E+46  4.5615E-08  1.3383E+43  2.6915E+46
  7.4990E-02  2.4409E+46  1.4484E-01  1.0191E+43  2.4399E+46
  8.4140E-02  2.4317E+46  7.6086E+04  1.0456E+43  2.4307E+46
  9.4410E-02  2.4090E+46  9.1281E+09  1.0866E+43  2.4079E+46
  1.0590E-01  2.3137E+46  2.6236E+14  1.2600E+43  2.3125E+46
  1.1890E-01  2.0665E+46  2.0621E+18  1.3177E+43  2.0652E+46
  1.3340E-01  1.8174E+46  4.3418E+21  1.3226E+43  1.8161E+46
  1.4960E-01  1.5752E+46  5.0155E+24  1.1877E+43  1.5740E+46
  1.5850E-01  1.4519E+46  1.4807E+26  1.0945E+43  1.4508E+46
  1.7780E-01  1.2097E+46  7.6387E+28  8.8138E+42  1.2088E+46
  1.9950E-01  9.6551E+45  2.1728E+31  5.5678E+42  9.6496E+45
  2.2390E-01  7.8594E+45  2.5903E+33  4.0320E+42  7.8554E+45
  2.3710E-01  7.4823E+45  1.7791E+34  4.4441E+42  7.4779E+45
  2.5120E-01  7.1293E+45  1.0501E+35  4.7037E+42  7.1246E+45
  2.6610E-01  6.7103E+45  5.7399E+35  4.6263E+42  6.7057E+45
  2.8180E-01  6.2727E+45  2.8630E+36  4.3716E+42  6.2683E+45
  2.9850E-01  5.8383E+45  1.2977E+37  4.0784E+42  5.8342E+45
  3.1620E-01  5.4253E+45  5.2798E+37  3.8005E+42  5.4215E+45
  3.3500E-01  5.0349E+45  1.9594E+38  3.5270E+42  5.0313E+45
  3.5480E-01  4.6688E+45  6.6511E+38  3.2571E+42  4.6655E+45
  3.7580E-01  4.3279E+45  2.0880E+39  2.9911E+42  4.3249E+45
  3.9810E-01  4.0074E+45  6.0314E+39  2.7489E+42  4.0046E+45
  4.2170E-01  3.7133E+45  1.6016E+40  2.5144E+42  3.7107E+45
  4.4670E-01  3.4396E+45  3.9394E+40  2.3027E+42  3.4373E+45
  4.7320E-01  3.1851E+45  9.1067E+40  2.1003E+42  3.1829E+45
  5.0120E-01  2.9490E+45  1.9839E+41  1.9070E+42  2.9469E+45
  5.3090E-01  2.7303E+45  4.0953E+41  1.7205E+42  2.7282E+45
  5.6230E-01  2.5264E+45  7.9947E+41  1.5520E+42  2.5241E+45
  5.9570E-01  2.3363E+45  1.4861E+42  1.3966E+42  2.3334E+45
  6.3100E-01  2.1612E+45  2.6283E+42  1.2517E+42  2.1573E+45
  6.6830E-01  2.0000E+45  4.4301E+42  1.1163E+42  1.9944E+45
  7.0790E-01  1.8510E+45  7.1426E+42  9.9323E+41  1.8429E+45
  7.4990E-01  1.7139E+45  1.1033E+43  8.8226E+41  1.7019E+45
  7.9430E-01  1.5887E+45  1.6347E+43  7.8062E+41  1.5715E+45
  8.4140E-01  1.4747E+45  2.3328E+43  6.8750E+41  1.4507E+45
  8.9130E-01  1.3719E+45  3.2151E+43  6.0096E+41  1.3391E+45
  9.4410E-01  1.2792E+45  4.2819E+43  5.2273E+41  1.2359E+45
  1.0000E+00  1.1957E+45  5.5230E+43  4.5310E+41  1.1401E+45
  1.0590E+00  1.1211E+45  6.9124E+43  3.9173E+41  1.0515E+45
  1.1220E+00  1.0537E+45  8.4466E+43  3.3679E+41  9.6893E+44
  1.1890E+00  9.9347E+44  1.0092E+44  2.8726E+41  8.9227E+44
  1.2590E+00  9.4028E+44  1.1754E+44  2.4230E+41  8.2250E+44
  1.3340E+00  8.9160E+44  1.3423E+44  2.0287E+41  7.5717E+44
  1.4130E+00  8.4712E+44  1.4989E+44  1.6943E+41  6.9706E+44
  1.4960E+00  8.0626E+44  1.6417E+44  1.4084E+41  6.4195E+44
  1.5850E+00  7.6788E+44  1.7736E+44  1.1604E+41  5.9040E+44
  1.6790E+00  7.3151E+44  1.8841E+44  9.4527E+40  5.4300E+44
  1.7780E+00  6.9642E+44  1.9680E+44  7.5937E+40  4.9955E+44
  1.8840E+00  6.6210E+44  2.0298E+44  6.0076E+40  4.5905E+44
  1.9950E+00  6.2866E+44  2.0645E+44  4.6838E+40  4.2216E+44
  2.1130E+00  5.9559E+44  2.0755E+44  3.6001E+40  3.8801E+44
  2.2390E+00  5.6255E+44  2.0621E+44  2.7307E+40  3.5631E+44
  2.3710E+00  5.2997E+44  2.0250E+44  2.0488E+40  3.2745E+44
  2.5120E+00  4.9765E+44  1.9700E+44  1.5232E+40  3.0064E+44
  2.6610E+00  4.6581E+44  1.8975E+44  1.1241E+40  2.7605E+44
  2.8180E+00  4.3446E+44  1.8092E+44  8.2413E+39  2.5354E+44
  2.9850E+00  4.0378E+44  1.7102E+44  6.0090E+39  2.3276E+44
  3.1620E+00  3.7385E+44  1.6021E+44  4.3601E+39  2.1364E+44
  3.3500E+00  3.4539E+44  1.4935E+44  3.1552E+39  1.9603E+44
  3.5480E+00  3.1786E+44  1.3790E+44  2.2745E+39  1.7995E+44
  3.7580E+00  2.9171E+44  1.2655E+44  1.6347E+39  1.6516E+44
  3.9810E+00  2.6697E+44  1.1543E+44  1.1719E+39  1.5154E+44
  4.2170E+00  2.4371E+44  1.0466E+44  8.3821E+38  1.3905E+44
  4.4670E+00  2.2195E+44  9.4362E+43  5.9824E+38  1.2758E+44
  4.7320E+00  2.0181E+44  8.4759E+43  4.2611E+38  1.1705E+44
  5.0120E+00  1.8357E+44  7.5919E+43  3.0360E+38  1.0765E+44
  5.3090E+00  1.6363E+44  6.7820E+43  2.1151E+38  9.5811E+43
  5.6230E+00  1.4518E+44  6.0543E+43  1.4639E+38  8.4633E+43
  5.9570E+00  1.2828E+44  5.4103E+43  1.0070E+38  7.4177E+43
  6.3100E+00  1.1260E+44  4.7998E+43  6.8676E+37  6.4598E+43
  6.6830E+00  9.8905E+43  4.2981E+43  4.6660E+37  5.5924E+43
  7.0790E+00  8.6317E+43  3.8200E+43  3.1313E+37  4.8118E+43
  7.4990E+00  7.7546E+43  3.6380E+43  2.1300E+37  4.1166E+43
  7.9430E+00  8.1060E+43  4.6027E+43  1.6606E+37  3.5033E+43
  8.4140E+00  9.6576E+43  6.6932E+43  1.5605E+37  2.9644E+43
  8.9130E+00  1.0884E+44  8.3868E+43  1.4977E+37  2.4975E+43
  9.4410E+00  1.1691E+44  9.5952E+43  1.5285E+37  2.0962E+43
  1.0000E+01  9.6206E+43  7.8640E+43  1.0648E+37  1.7566E+43
  1.0590E+01  7.4879E+43  6.0193E+43  6.8216E+36  1.4685E+43
  1.1220E+01  5.5553E+43  4.3333E+43  3.8972E+36  1.2220E+43
  1.1890E+01  4.1801E+43  3.1672E+43  2.2673E+36  1.0129E+43
  1.2590E+01  3.1549E+43  2.3157E+43  1.2982E+36  8.3920E+42
  1.3340E+01  2.4148E+43  1.7229E+43  7.4330E+35  6.9189E+42
  1.4130E+01  1.9513E+43  1.3818E+43  4.3935E+35  5.6957E+42
  1.4960E+01  1.7837E+43  1.3154E+43  2.9754E+35  4.6837E+42
  1.5850E+01  1.6863E+43  1.3029E+43  2.1622E+35  3.8338E+42
  1.6790E+01  1.6040E+43  1.2906E+43  1.6430E+35  3.1338E+42
  1.7780E+01  1.4860E+43  1.2300E+43  1.2564E+35  2.5601E+42
  1.8840E+01  1.3038E+43  1.0954E+43  9.1692E+34  2.0837E+42
  1.9950E+01  1.0840E+43  9.1429E+42  6.1904E+34  1.6975E+42
  2.1130E+01  8.9105E+42  7.5306E+42  4.0074E+34  1.3799E+42
  2.2390E+01  7.3736E+42  6.2554E+42  2.5984E+34  1.1182E+42
  2.3710E+01  6.1400E+42  5.2329E+42  1.6865E+34  9.0709E+41
  2.5120E+01  5.1213E+42  4.3877E+42  1.0984E+34  7.3363E+41
  2.6610E+01  4.2695E+42  3.6766E+42  7.1351E+33  5.9296E+41
  2.8180E+01  3.5561E+42  3.0769E+42  4.6470E+33  4.7929E+41
  2.9850E+01  2.9471E+42  2.5605E+42  3.0223E+33  3.8668E+41
  3.1620E+01  2.4246E+42  2.1130E+42  1.9556E+33  3.1161E+41
  3.3500E+01  1.9771E+42  1.7263E+42  1.2584E+33  2.5078E+41
  3.5480E+01  1.5988E+42  1.3969E+42  8.0603E+32  2.0189E+41
  3.7580E+01  1.2789E+42  1.1166E+42  5.1238E+32  1.6237E+41
  3.9810E+01  1.0102E+42  8.7974E+41  3.2280E+32  1.3042E+41
  4.2170E+01  7.8964E+41  6.8493E+41  2.0177E+32  1.0471E+41
  4.4670E+01  6.1145E+41  5.2744E+41  1.2508E+32  8.4013E+40
  4.7320E+01  4.6965E+41  4.0229E+41  7.7033E+31  6.7356E+40
  5.0120E+01  3.5838E+41  3.0437E+41  4.7209E+31  5.4002E+40
  5.3090E+01  2.7175E+41  2.2849E+41  2.8800E+31  4.3259E+40
  5.6230E+01  2.0515E+41  1.7050E+41  1.7519E+31  3.4651E+40
  5.9570E+01  1.5410E+41  1.2639E+41  1.0621E+31  2.7716E+40
  6.3100E+01  1.1546E+41  9.3292E+40  6.4329E+30  2.2172E+40
  6.6830E+01  8.6350E+40  6.8612E+40  3.8956E+30  1.7738E+40
  7.0790E+01  6.4459E+40  5.0280E+40  2.3581E+30  1.4179E+40
  7.4990E+01  4.8050E+40  3.6724E+40  1.4276E+30  1.1326E+40
  7.9430E+01  3.5816E+40  2.6767E+40  8.6556E+29  9.0484E+39
  8.4140E+01  2.6690E+40  1.9466E+40  5.2518E+29  7.2241E+39
  8.9130E+01  1.9905E+40  1.4139E+40  3.1922E+29  5.7655E+39
  9.4410E+01  1.4860E+40  1.0259E+40  1.9441E+29  4.6014E+39
  1.0000E+02  1.1106E+40  7.4342E+39  1.1862E+29  3.6717E+39
  1.0590E+02  8.3199E+39  5.3886E+39  7.2582E+28  2.9313E+39
  1.1220E+02  6.2384E+39  3.9029E+39  4.4426E+28  2.3355E+39
  1.1890E+02  4.6904E+39  2.8316E+39  2.7246E+28  1.8588E+39
  1.2590E+02  3.5525E+39  2.0688E+39  1.6813E+28  1.4837E+39
  1.3340E+02  2.6973E+39  1.5163E+39  1.0396E+28  1.1810E+39
  1.4130E+02  2.0456E+39  1.1045E+39  6.4567E+27  9.4111E+38
  1.4960E+02  1.5407E+39  7.8956E+38  4.0003E+27  7.5116E+38
  1.5850E+02  1.1582E+39  5.6043E+38  2.4673E+27  5.9777E+38
  1.7780E+02  6.6466E+38  2.8526E+38  9.4646E+26  3.7940E+38
  1.9950E+02  3.8622E+38  1.4579E+38  3.6543E+26  2.4043E+38
  2.2390E+02  2.2667E+38  7.4520E+37  1.4184E+26  1.5215E+38
  2.5120E+02  1.3449E+38  3.8111E+37  5.5380E+25  9.6374E+37
  2.8180E+02  8.0516E+37  1.9474E+37  2.1715E+25  6.1042E+37
  3.1620E+02  4.8548E+37  9.9312E+36  8.5344E+24  3.8617E+37
  3.5480E+02  2.9480E+37  5.0592E+36  3.3616E+24  2.4421E+37
  3.9810E+02  1.8016E+37  2.5744E+36  1.3275E+24  1.5442E+37
  4.4670E+02  1.1069E+37  1.3084E+36  5.2500E+23  9.7602E+36
  5.0120E+02  6.8339E+36  6.6448E+35  2.0798E+23  6.1694E+36
  5.6230E+02  4.2376E+36  3.3728E+35  8.2494E+22  3.9003E+36
  6.3100E+02  2.6338E+36  1.7089E+35  3.2724E+22  2.4629E+36
  7.0790E+02  1.6434E+36  8.6606E+34  1.3005E+22  1.5568E+36
  7.9430E+02  1.0271E+36  4.3825E+34  5.1676E+21  9.8325E+35
  8.9130E+02  6.4292E+35  2.2153E+34  2.0537E+21  6.2077E+35
  1.0000E+03  4.0333E+35  1.1196E+34  8.1708E+20  3.9213E+35
