  1.0000E-03  8.7696E+44  0.0000E+00  3.3811E+41  8.7662E+44
  1.1220E-03  9.8402E+44  0.0000E+00  4.4495E+41  9.8357E+44
  1.2590E-03  1.1042E+45  0.0000E+00  5.5784E+41  1.1037E+45
  1.4130E-03  1.2394E+45  0.0000E+00  6.7137E+41  1.2387E+45
  1.5850E-03  1.3902E+45  0.0000E+00  7.8264E+41  1.3894E+45
  1.7780E-03  1.5596E+45  0.0000E+00  9.9411E+41  1.5586E+45
  1.9950E-03  1.7501E+45  0.0000E+00  1.2492E+42  1.7488E+45
  2.2390E-03  1.9641E+45  0.0000E+00  1.3925E+42  1.9627E+45
  2.5120E-03  2.2039E+45  0.0000E+00  1.8814E+42  2.2020E+45
  2.8180E-03  2.4726E+45  0.0000E+00  2.3422E+42  2.4702E+45
  3.1620E-03  2.7746E+45  0.0000E+00  2.7420E+42  2.7718E+45
  3.5480E-03  3.1134E+45  0.0000E+00  3.1089E+42  3.1103E+45
  3.9810E-03  3.4933E+45  0.0000E+00  3.4333E+42  3.4898E+45
  4.4670E-03  3.9203E+45  0.0000E+00  4.4727E+42  3.9158E+45
  5.0120E-03  4.3994E+45  0.0000E+00  5.7748E+42  4.3936E+45
  5.6230E-03  4.9364E+45  0.0000E+00  7.1210E+42  4.9292E+45
  5.9570E-03  5.2298E+45  0.0000E+00  7.7915E+42  5.2220E+45
  6.6830E-03  5.8676E+45  0.0000E+00  9.0893E+42  5.8585E+45
  7.4990E-03  6.5842E+45  0.0000E+00  1.0404E+43  6.5738E+45
  8.4140E-03  7.3877E+45  0.0000E+00  1.1860E+43  7.3758E+45
  9.4410E-03  8.2893E+45  0.0000E+00  1.3187E+43  8.2761E+45
  1.0590E-02  9.2972E+45  0.0000E+00  1.3948E+43  9.2833E+45
  1.1890E-02  1.0439E+46  0.0000E+00  1.6280E+43  1.0423E+46
  1.3340E-02  1.1712E+46  0.0000E+00  1.7848E+43  1.1694E+46
  1.4960E-02  1.3134E+46  0.0000E+00  1.9907E+43  1.3114E+46
  1.6790E-02  1.4740E+46  0.0000E+00  2.1871E+43  1.4718E+46
  1.8840E-02  1.6539E+46  0.0000E+00  2.3719E+43  1.6515E+46
  2.1130E-02  1.8550E+46  0.0000E+00  2.6250E+43  1.8524E+46
  2.3710E-02  2.0813E+46  0.0000E+00  2.8812E+43  2.0785E+46
  2.6610E-02  2.3358E+46  0.0000E+00  3.1511E+43  2.3326E+46
  2.9850E-02  2.6201E+46  5.5507E-83  3.4225E+43  2.6166E+46
  3.3500E-02  2.9404E+46  3.5963E-68  3.6976E+43  2.9367E+46
  3.7580E-02  3.2983E+46  4.5156E-55  4.0473E+43  3.2942E+46
  4.2170E-02  3.7015E+46  1.9854E-43  4.8124E+43  3.6967E+46
  4.7320E-02  4.1533E+46  5.4114E-33  5.1618E+43  4.1482E+46
  5.3090E-02  4.3263E+46  1.0065E-23  5.0581E+43  4.3212E+46
  6.6830E-02  4.1307E+46  3.9974E-08  3.9142E+43  4.1268E+46
  7.4990E-02  4.0359E+46  1.3951E-01  3.0577E+43  4.0328E+46
  8.4140E-02  3.9441E+46  7.2416E+04  3.1226E+43  3.9410E+46
  9.4410E-02  3.8545E+46  8.6331E+09  3.2362E+43  3.8513E+46
  1.0590E-01  3.5092E+46  2.3585E+14  3.6408E+43  3.5055E+46
  1.1890E-01  2.9504E+46  1.6780E+18  3.6250E+43  2.9467E+46
  1.3340E-01  2.4830E+46  3.1948E+21  3.4688E+43  2.4795E+46
  1.4960E-01  2.0909E+46  3.4748E+24  3.0258E+43  2.0878E+46
  1.5850E-01  1.9173E+46  1.0167E+26  2.7921E+43  1.9145E+46
  1.7780E-01  1.6138E+46  5.4008E+28  2.3289E+43  1.6114E+46
  1.9950E-01  1.3574E+46  1.7091E+31  1.6021E+43  1.3558E+46
  2.2390E-01  1.1415E+46  2.1967E+33  1.1933E+43  1.1403E+46
  2.3710E-01  1.0477E+46  1.4247E+34  1.2616E+43  1.0464E+46
  2.5120E-01  9.6086E+45  7.8599E+34  1.2798E+43  9.5958E+45
  2.6610E-01  8.8134E+45  4.0992E+35  1.2231E+43  8.8012E+45
  2.8180E-01  8.0874E+45  1.9775E+36  1.1321E+43  8.0761E+45
  2.9850E-01  7.4183E+45  8.7322E+36  1.0388E+43  7.4079E+45
  3.1620E-01  6.8042E+45  3.4718E+37  9.5302E+42  6.7947E+45
  3.3500E-01  6.2395E+45  1.2622E+38  8.7166E+42  6.2308E+45
  3.5480E-01  5.7244E+45  4.2096E+38  7.9431E+42  5.7165E+45
  3.7580E-01  5.2514E+45  1.3000E+39  7.1996E+42  5.2442E+45
  3.9810E-01  4.8163E+45  3.6997E+39  6.5350E+42  4.8097E+45
  4.2170E-01  4.4175E+45  9.6753E+39  5.8968E+42  4.4116E+45
  4.4670E-01  4.0520E+45  2.3456E+40  5.3284E+42  4.0466E+45
  4.7320E-01  3.7163E+45  5.3503E+40  4.7961E+42  3.7115E+45
  5.0120E-01  3.4092E+45  1.1515E+41  4.2986E+42  3.4048E+45
  5.3090E-01  3.1272E+45  2.3503E+41  3.8274E+42  3.1232E+45
  5.6230E-01  2.8690E+45  4.5455E+41  3.4103E+42  2.8651E+45
  5.9570E-01  2.6314E+45  8.3850E+41  3.0320E+42  2.6276E+45
  6.3100E-01  2.4145E+45  1.4737E+42  2.6848E+42  2.4103E+45
  6.6830E-01  2.2162E+45  2.4720E+42  2.3651E+42  2.2114E+45
  7.0790E-01  2.0345E+45  3.9726E+42  2.0786E+42  2.0284E+45
  7.4990E-01  1.8684E+45  6.1283E+42  1.8241E+42  1.8605E+45
  7.9430E-01  1.7173E+45  9.0829E+42  1.5940E+42  1.7066E+45
  8.4140E-01  1.5797E+45  1.2988E+43  1.3857E+42  1.5653E+45
  8.9130E-01  1.4549E+45  1.7958E+43  1.1944E+42  1.4357E+45
  9.4410E-01  1.3421E+45  2.4041E+43  1.0237E+42  1.3170E+45
  1.0000E+00  1.2402E+45  3.1244E+43  8.7393E+41  1.2081E+45
  1.0590E+00  1.1488E+45  3.9483E+43  7.4397E+41  1.1086E+45
  1.1220E+00  1.0660E+45  4.8815E+43  6.2969E+41  1.0165E+45
  1.1890E+00  9.9148E+44  5.9125E+43  5.2875E+41  9.3183E+44
  1.2590E+00  9.2555E+44  6.9904E+43  4.3934E+41  8.5520E+44
  1.3340E+00  8.6570E+44  8.1231E+43  3.6261E+41  7.8411E+44
  1.4130E+00  8.1208E+44  9.2509E+43  2.9895E+41  7.1927E+44
  1.4960E+00  7.6403E+44  1.0353E+44  2.4574E+41  6.6026E+44
  1.5850E+00  7.2019E+44  1.1455E+44  2.0057E+41  6.0543E+44
  1.6790E+00  6.8030E+44  1.2483E+44  1.6224E+41  5.5530E+44
  1.7780E+00  6.4366E+44  1.3396E+44  1.2978E+41  5.0957E+44
  1.8840E+00  6.0953E+44  1.4224E+44  1.0251E+41  4.6719E+44
  1.9950E+00  5.7793E+44  1.4911E+44  8.0017E+40  4.2875E+44
  2.1130E+00  5.4812E+44  1.5473E+44  6.1747E+40  3.9333E+44
  2.2390E+00  5.1959E+44  1.5894E+44  4.7148E+40  3.6061E+44
  2.3710E+00  4.9241E+44  1.6146E+44  3.5695E+40  3.3092E+44
  2.5120E+00  4.6616E+44  1.6269E+44  2.6838E+40  3.0344E+44
  2.6610E+00  4.4074E+44  1.6240E+44  2.0068E+40  2.7832E+44
  2.8180E+00  4.1592E+44  1.6052E+44  1.4930E+40  2.5538E+44
  2.9850E+00  3.9165E+44  1.5738E+44  1.1061E+40  2.3426E+44
  3.1620E+00  3.6784E+44  1.5296E+44  8.1637E+39  2.1487E+44
  3.3500E+00  3.4504E+44  1.4799E+44  6.0137E+39  1.9704E+44
  3.5480E+00  3.2256E+44  1.4178E+44  4.4141E+39  1.8078E+44
  3.7580E+00  3.0085E+44  1.3502E+44  3.2311E+39  1.6583E+44
  3.9810E+00  2.7993E+44  1.2783E+44  2.3592E+39  1.5210E+44
  4.2170E+00  2.5982E+44  1.2031E+44  1.7183E+39  1.3951E+44
  4.4670E+00  2.4057E+44  1.1261E+44  1.2483E+39  1.2796E+44
  4.7320E+00  2.2240E+44  1.0504E+44  9.0465E+38  1.1737E+44
  5.0120E+00  2.0562E+44  9.7709E+43  6.5532E+38  1.0791E+44
  5.3090E+00  1.8668E+44  9.0655E+43  4.6543E+38  9.6024E+43
  5.6230E+00  1.6884E+44  8.4036E+43  3.2870E+38  8.4805E+43
  5.9570E+00  1.5228E+44  7.7966E+43  2.3101E+38  7.4316E+43
  6.3100E+00  1.3643E+44  7.1725E+43  1.6092E+38  6.4710E+43
  6.6830E+00  1.2261E+44  6.6597E+43  1.1195E+38  5.6014E+43
  7.0790E+00  1.0948E+44  6.1292E+43  7.6885E+37  4.8190E+43
  7.4990E+00  1.0149E+44  6.0257E+43  5.4165E+37  4.1229E+43
  7.9430E+00  1.1297E+44  7.7858E+43  4.6057E+37  3.5109E+43
  8.4140E+00  1.4493E+44  1.1518E+44  4.8476E+37  2.9752E+43
  8.9130E+00  1.7241E+44  1.4731E+44  5.0643E+37  2.5104E+43
  9.4410E+00  1.9325E+44  1.7215E+44  5.5359E+37  2.1101E+43
  1.0000E+01  1.6220E+44  1.4453E+44  3.9629E+37  1.7671E+43
  1.0590E+01  1.2822E+44  1.1346E+44  2.5861E+37  1.4758E+43
  1.1220E+01  9.6257E+43  8.3989E+43  1.4895E+37  1.2267E+43
  1.1890E+01  7.3307E+43  6.3148E+43  8.7248E+36  1.0159E+43
  1.2590E+01  5.5977E+43  4.7565E+43  5.0120E+36  8.4119E+42
  1.3340E+01  4.3419E+43  3.6487E+43  2.8795E+36  6.9319E+42
  1.4130E+01  3.5790E+43  3.0085E+43  1.7266E+36  5.7050E+42
  1.4960E+01  3.3866E+43  2.9174E+43  1.2262E+36  4.6919E+42
  1.5850E+01  3.3224E+43  2.9383E+43  9.4283E+35  3.8414E+42
  1.6790E+01  3.2734E+43  2.9594E+43  7.5752E+35  3.1409E+42
  1.7780E+01  3.1291E+43  2.8725E+43  6.0807E+35  2.5663E+42
  1.8840E+01  2.8229E+43  2.6140E+43  4.6126E+35  2.0888E+42
  1.9950E+01  2.4060E+43  2.2359E+43  3.2039E+35  1.7013E+42
  2.1130E+01  2.0272E+43  1.8889E+43  2.1288E+35  1.3827E+42
  2.2390E+01  1.7207E+43  1.6087E+43  1.4186E+35  1.1203E+42
  2.3710E+01  1.4694E+43  1.3785E+43  9.4635E+34  9.0864E+41
  2.5120E+01  1.2565E+43  1.1830E+43  6.3359E+34  7.3479E+41
  2.6610E+01  1.0728E+43  1.0134E+43  4.2266E+34  5.9383E+41
  2.8180E+01  9.1384E+42  8.6584E+42  2.8228E+34  4.7994E+41
  2.9850E+01  7.7338E+42  7.3466E+42  1.8791E+34  3.8717E+41
  3.1620E+01  6.4856E+42  6.1736E+42  1.2413E+34  3.1199E+41
  3.3500E+01  5.3807E+42  5.1296E+42  8.1301E+33  2.5106E+41
  3.5480E+01  4.4177E+42  4.2156E+42  5.2831E+33  2.0210E+41
  3.7580E+01  3.5811E+42  3.4186E+42  3.3953E+33  1.6253E+41
  3.9810E+01  2.8608E+42  2.7302E+42  2.1546E+33  1.3054E+41
  4.2170E+01  2.2575E+42  2.1527E+42  1.3515E+33  1.0479E+41
  4.4670E+01  1.7615E+42  1.6774E+42  8.3788E+32  8.4074E+40
  4.7320E+01  1.3610E+42  1.2936E+42  5.1432E+32  6.7400E+40
  5.0120E+01  1.0429E+42  9.8887E+41  3.1310E+32  5.4034E+40
  5.3090E+01  7.9279E+41  7.4951E+41  1.8913E+32  4.3282E+40
  5.6230E+01  5.9900E+41  5.6433E+41  1.1355E+32  3.4667E+40
  5.9570E+01  4.4958E+41  4.2186E+41  6.7745E+31  2.7728E+40
  6.3100E+01  3.3602E+41  3.1384E+41  4.0263E+31  2.2180E+40
  6.6830E+01  2.5025E+41  2.3250E+41  2.3857E+31  1.7744E+40
  7.0790E+01  1.8573E+41  1.7155E+41  1.4095E+31  1.4183E+40
  7.4990E+01  1.3743E+41  1.2610E+41  8.3087E+30  1.1329E+40
  7.9430E+01  1.0151E+41  9.2458E+40  4.8935E+30  9.0505E+39
  8.4140E+01  7.4837E+40  6.7611E+40  2.8785E+30  7.2256E+39
  8.9130E+01  5.5132E+40  4.9366E+40  1.6936E+30  5.7665E+39
  9.4410E+01  4.0592E+40  3.5990E+40  9.9673E+29  4.6021E+39
  1.0000E+02  2.9870E+40  2.6198E+40  5.8686E+29  3.6722E+39
  1.0590E+02  2.2000E+40  1.9069E+40  3.4623E+29  2.9317E+39
  1.1220E+02  1.6201E+40  1.3865E+40  2.0429E+29  2.3358E+39
  1.1890E+02  1.1955E+40  1.0096E+40  1.2085E+29  1.8590E+39
  1.2590E+02  8.8847E+39  7.4009E+39  7.2031E+28  1.4838E+39
  1.3340E+02  6.6226E+39  5.4416E+39  4.3114E+28  1.1811E+39
  1.4130E+02  4.9162E+39  3.9750E+39  2.5843E+28  9.4117E+38
  1.4960E+02  3.6006E+39  2.8494E+39  1.5336E+28  7.5121E+38
  1.5850E+02  2.6256E+39  2.0278E+39  9.0522E+27  5.9781E+38
  1.7780E+02  1.4165E+39  1.0371E+39  3.1986E+27  3.7942E+38
  1.9950E+02  7.7271E+38  5.3227E+38  1.1452E+27  2.4043E+38
  2.2390E+02  4.2522E+38  2.7306E+38  4.1465E+26  1.5216E+38
  2.5120E+02  2.3647E+38  1.4009E+38  1.5195E+26  9.6376E+37
  2.8180E+02  1.3283E+38  7.1786E+37  5.6282E+25  6.1043E+37
  3.1620E+02  7.5315E+37  3.6698E+37  2.1031E+25  3.8617E+37
  3.5480E+02  4.3156E+37  1.8735E+37  7.9274E+24  2.4421E+37
  3.9810E+02  2.4993E+37  9.5515E+36  3.0137E+24  1.5442E+37
  4.4670E+02  1.4623E+37  4.8626E+36  1.1539E+24  9.7603E+36
  5.0120E+02  8.6426E+36  2.4731E+36  4.4479E+23  6.1695E+36
  5.6230E+02  5.1573E+36  1.2570E+36  1.7243E+23  3.9003E+36
  6.3100E+02  3.1005E+36  6.3759E+35  6.7112E+22  2.4629E+36
  7.0790E+02  1.8802E+36  3.2346E+35  2.6256E+22  1.5568E+36
  7.9430E+02  1.1471E+36  1.6382E+35  1.0299E+22  9.8325E+35
  8.9130E+02  7.0365E+35  8.2879E+34  4.0503E+21  6.2077E+35
  1.0000E+03  4.3405E+35  4.1917E+34  1.5977E+21  3.9214E+35
