  1.0000E-03  5.7508E+41  0.0000E+00  5.7478E+41  3.0621E+38
  1.1220E-03  2.4835E+41  0.0000E+00  2.4834E+41  8.0038E+36
  1.2590E-03  1.0248E+41  0.0000E+00  1.0248E+41  1.6521E+35
  1.4130E-03  4.1389E+40  0.0000E+00  4.1389E+40  2.8674E+33
  1.5850E-03  2.0040E+40  0.0000E+00  2.0040E+40  9.3468E+31
  1.7780E-03  2.2664E+40  0.0000E+00  2.2664E+40  3.1431E+31
  1.9950E-03  7.2292E+39  0.0000E+00  7.2292E+39  3.3933E+28
  2.2390E-03  2.5818E+39  0.0000E+00  2.5818E+39  1.8860E+26
  2.5120E-03  3.3308E+39  0.0000E+00  3.3308E+39  2.0732E+25
  2.8180E-03  8.4278E+38  0.0000E+00  8.4278E+38  1.1685E+21
  3.1620E-03  2.3298E+38  0.0000E+00  2.3298E+38  1.8219E+17
  3.5480E-03  6.7684E+37  0.0000E+00  6.7684E+37  4.7717E+13
  3.9810E-03  2.1376E+37  0.0000E+00  2.1376E+37  2.6960E+10
  4.4670E-03  7.5368E+39  0.0000E+00  7.5368E+39  3.3153E+23
  5.0120E-03  2.0693E+39  0.0000E+00  2.0693E+39  8.7616E+18
  5.6230E-03  5.6882E+38  0.0000E+00  5.6882E+38  2.5424E+14
  5.9570E-03  3.0465E+38  0.0000E+00  3.0465E+38  1.7258E+12
  6.6830E-03  9.8546E+37  0.0000E+00  9.8546E+37  2.3238E+08
  7.4990E-03  4.1161E+37  0.0000E+00  4.1161E+37  2.0328E+05
  8.4140E-03  1.4360E+37  0.0000E+00  1.4360E+37  4.6649E+01
  9.4410E-03  5.8581E+36  0.0000E+00  5.8581E+36  5.6192E-02
  1.0590E-02  3.2252E+36  0.0000E+00  3.2252E+36  2.6113E-03
  1.1890E-02  1.5208E+36  0.0000E+00  1.5208E+36  1.3065E-06
  1.3340E-02  7.0720E+35  0.0000E+00  7.0720E+35  4.4154E-09
  1.4960E-02  2.9561E+35  0.0000E+00  2.9561E+35  3.2221E-12
  1.6790E-02  1.2734E+35  0.0000E+00  1.2734E+35  4.5374E-15
  1.8840E-02  5.8570E+34  0.0000E+00  5.8570E+34  1.4915E-17
  2.1130E-02  2.7356E+34  0.0000E+00  2.7356E+34  2.3405E-20
  2.3710E-02  1.2029E+34  0.0000E+00  1.2029E+34  2.8174E-23
  2.6610E-02  4.8850E+33  0.0000E+00  4.8850E+33  1.8260E-26
  2.9850E-02  1.9887E+33  0.0000E+00  1.9887E+33  1.3294E-29
  3.3500E-02  7.9065E+32  0.0000E+00  7.9065E+32  8.5745E-33
  3.7580E-02  6.2382E+32  0.0000E+00  6.2382E+32  1.3084E-33
  4.2170E-02  3.9526E+32  0.0000E+00  3.9526E+32  7.7081E-37
  4.7320E-02  5.4448E+31  0.0000E+00  5.4448E+31  1.7355E-44
  5.3090E-02  5.0097E+30  0.0000E+00  5.0097E+30  1.1250E-53
  6.6830E-02  6.4415E+26  0.0000E+00  6.4415E+26  4.3138E-90
  7.4990E-02  2.1012E+24  0.0000E+00  2.1012E+24  2.6296-113
  8.4140E-02  7.1480E+24  0.0000E+00  7.1480E+24  1.4167-107
  9.4410E-02  1.8561E+25  0.0000E+00  1.8561E+25  1.3211-103
  1.0590E-01  1.0203E+27  0.0000E+00  1.0203E+27  1.8213E-87
  1.1890E-01  7.4798E+28  1.7327E-75  7.4798E+28  3.5905E-69
  1.3340E-01  2.1343E+30  1.7748E-61  2.1343E+30  6.1935E-56
  1.4960E-01  1.6435E+31  1.5271E-51  1.6435E+31  1.9183E-47
  1.5850E-01  2.3375E+31  8.2814E-49  2.3375E+31  6.5913E-46
  1.7780E-01  1.0590E+31  4.0003E-48  1.0590E+31  1.5845E-48
  1.9950E-01  1.1582E+29  6.2918E-58  1.1582E+29  6.5331E-64
  2.2390E-01  1.1288E+28  3.0556E-63  1.1288E+28  3.1227E-73
  2.3710E-01  2.5796E+29  3.2851E-53  2.5796E+29  8.4075E-62
  2.5120E-01  5.9177E+30  7.7244E-43  5.9177E+30  6.9640E-50
  2.6610E-01  4.6926E+31  1.4010E-35  4.6926E+31  8.2405E-42
  2.8180E-01  1.9963E+32  3.7141E-30  1.9963E+32  5.6202E-36
  2.9850E-01  6.2349E+32  9.2074E-26  6.2349E+32  2.2536E-31
  3.1620E-01  1.7740E+33  8.5169E-22  1.7740E+33  3.0211E-27
  3.3500E-01  4.6554E+33  3.8192E-18  4.6554E+33  1.8398E-23
  3.5480E-01  1.0958E+34  7.5247E-15  1.0958E+34  4.4997E-20
  3.7580E-01  2.5324E+34  1.2485E-11  2.5324E+34  9.7461E-17
  3.9810E-01  5.4903E+34  1.0987E-08  5.4903E+34  1.0645E-13
  4.2170E-01  1.2642E+35  1.3714E-05  1.2642E+35  1.9773E-10
  4.4670E-01  2.8747E+35  1.2616E-02  2.8747E+35  2.7597E-07
  4.7320E-01  6.3967E+35  9.4500E+00  6.3967E+35  3.2125E-04
  5.0120E-01  1.3757E+36  5.4270E+03  1.3757E+36  2.8872E-01
  5.3090E-01  2.9590E+36  3.0525E+06  2.9590E+36  2.6893E+02
  5.6230E-01  6.0315E+36  1.0261E+09  6.0315E+36  1.4175E+05
  5.9570E-01  1.1887E+37  2.4888E+11  1.1887E+37  5.2868E+07
  6.3100E-01  2.3145E+37  5.1317E+13  2.3145E+37  1.7098E+10
  6.6830E-01  4.4394E+37  8.9357E+15  4.4394E+37  4.7454E+12
  7.0790E-01  8.4268E+37  1.2460E+18  8.4268E+37  1.0539E+15
  7.4990E-01  1.5470E+38  1.2234E+20  1.5470E+38  1.5969E+17
  7.9430E-01  2.7946E+38  9.7491E+21  2.7946E+38  1.9626E+19
  8.4140E-01  4.9878E+38  6.5292E+23  4.9878E+38  2.0308E+21
  8.9130E-01  8.9799E+38  4.2023E+25  8.9799E+38  2.0778E+23
  9.4410E-01  1.5876E+39  2.1712E+27  1.5876E+39  1.6841E+25
  1.0000E+00  2.7050E+39  8.0638E+28  2.7050E+39  9.4212E+26
  1.0590E+00  4.5020E+39  2.2399E+30  4.5020E+39  3.8124E+28
  1.1220E+00  7.4124E+39  4.9707E+31  7.4124E+39  1.1994E+30
  1.1890E+00  1.2179E+40  9.1143E+32  1.2179E+40  3.0517E+31
  1.2590E+00  2.0238E+40  1.4445E+34  2.0238E+40  6.6651E+32
  1.3340E+00  3.3647E+40  1.8224E+35  3.3647E+40  1.1203E+34
  1.4130E+00  5.4984E+40  1.7409E+36  5.4982E+40  1.3707E+35
  1.4960E+00  8.8028E+40  1.3261E+37  8.8014E+40  1.2961E+36
  1.5850E+00  1.3789E+41  8.4868E+37  1.3779E+41  1.0007E+37
  1.6790E+00  2.1070E+41  4.6865E+38  2.1017E+41  6.5464E+37
  1.7780E+00  3.1227E+41  2.2487E+39  3.0965E+41  3.6595E+38
  1.8840E+00  4.4835E+41  9.3861E+39  4.3722E+41  1.7394E+39
  1.9950E+00  6.2908E+41  3.3978E+40  5.8806E+41  7.0329E+39
  2.1130E+00  8.8261E+41  1.0702E+41  7.5140E+41  2.4188E+40
  2.2390E+00  1.2780E+42  2.9492E+41  9.1184E+41  7.1266E+40
  2.3710E+00  1.9484E+42  7.1511E+41  1.0517E+42  1.8165E+41
  2.5120E+00  3.1063E+42  1.5441E+42  1.1574E+42  4.0484E+41
  2.6610E+00  5.0262E+42  3.0037E+42  1.2200E+42  8.0255E+41
  2.8180E+00  8.0095E+42  5.3332E+42  1.2370E+42  1.4393E+42
  2.9850E+00  1.2313E+43  8.7397E+42  1.2113E+42  2.3621E+42
  3.1620E+00  1.8122E+43  1.3369E+43  1.1503E+42  3.6024E+42
  3.3500E+00  2.5324E+43  1.9153E+43  1.0602E+42  5.1108E+42
  3.5480E+00  3.3962E+43  2.6103E+43  9.5446E+41  6.9040E+42
  3.7580E+00  4.3657E+43  3.3933E+43  8.3945E+41  8.8838E+42
  3.9810E+00  5.3996E+43  4.2309E+43  7.2276E+41  1.0965E+43
  4.2170E+00  6.4533E+43  5.0859E+43  6.1051E+41  1.3064E+43
  4.4670E+00  7.4815E+43  5.9206E+43  5.0668E+41  1.5102E+43
  4.7320E+00  8.4225E+43  6.6852E+43  4.1303E+41  1.6960E+43
  5.0120E+00  9.2374E+43  7.3437E+43  3.3138E+41  1.8605E+43
  5.3090E+00  9.8206E+43  7.8649E+43  2.5990E+41  1.9297E+43
  5.6230E+00  1.0192E+44  8.2284E+43  2.0038E+41  1.9434E+43
  5.9570E+00  1.0344E+44  8.4274E+43  1.5203E+41  1.9016E+43
  6.3100E+00  1.0328E+44  8.4875E+43  1.1367E+41  1.8292E+43
  6.6830E+00  1.0207E+44  8.4782E+43  8.4297E+40  1.7207E+43
  7.0790E+00  9.9703E+43  8.3664E+43  6.1525E+40  1.5978E+43
  7.4990E+00  8.9721E+43  7.6436E+43  4.2349E+40  1.3242E+43
  7.9430E+00  5.6491E+43  4.9897E+43  2.4142E+40  6.5692E+42
  8.4140E+00  2.3855E+43  2.2156E+43  1.1989E+40  1.6873E+42
  8.9130E+00  1.1257E+43  1.0832E+43  6.6332E+39  4.1772E+41
  9.4410E+00  6.4224E+42  6.3112E+42  4.3190E+39  1.0687E+41
  1.0000E+01  8.7404E+42  8.5806E+42  4.1971E+39  1.5558E+41
  1.0590E+01  1.3149E+43  1.2856E+43  4.2318E+39  2.8920E+41
  1.1220E+01  2.0494E+43  1.9906E+43  4.0560E+39  5.8406E+41
  1.1890E+01  2.7905E+43  2.6977E+43  3.5794E+39  9.2422E+41
  1.2590E+01  3.5381E+43  3.4080E+43  2.9719E+39  1.2986E+42
  1.3340E+01  4.1115E+43  3.9530E+43  2.3097E+39  1.5819E+42
  1.4130E+01  4.3413E+43  4.1818E+43  1.6722E+39  1.5933E+42
  1.4960E+01  4.1136E+43  3.9952E+43  1.1783E+39  1.1828E+42
  1.5850E+01  3.8471E+43  3.7671E+43  8.5964E+38  7.9867E+41
  1.6790E+01  3.6350E+43  3.5825E+43  6.5447E+38  5.2514E+41
  1.7780E+01  3.5384E+43  3.5014E+43  5.2230E+38  3.6934E+41
  1.8840E+01  3.5685E+43  3.5383E+43  4.2915E+38  3.0174E+41
  1.9950E+01  3.6693E+43  3.6404E+43  3.4911E+38  2.8834E+41
  2.1130E+01  3.7250E+43  3.6970E+43  2.7337E+38  2.7978E+41
  2.2390E+01  3.7042E+43  3.6780E+43  2.1025E+38  2.6188E+41
  2.3710E+01  3.6207E+43  3.5967E+43  1.5911E+38  2.4003E+41
  2.5120E+01  3.4773E+43  3.4558E+43  1.1905E+38  2.1528E+41
  2.6610E+01  3.2866E+43  3.2675E+43  8.7756E+37  1.9085E+41
  2.8180E+01  3.0577E+43  3.0410E+43  6.4022E+37  1.6734E+41
  2.9850E+01  2.7980E+43  2.7834E+43  4.6138E+37  1.4532E+41
  3.1620E+01  2.5184E+43  2.5058E+43  3.2769E+37  1.2553E+41
  3.3500E+01  2.2288E+43  2.2180E+43  2.2937E+37  1.0787E+41
  3.5480E+01  1.9418E+43  1.9325E+43  1.5837E+37  9.2377E+40
  3.7580E+01  1.6645E+43  1.6566E+43  1.0774E+37  7.8915E+40
  3.9810E+01  1.4029E+43  1.3961E+43  7.2191E+36  6.7381E+40
  4.2170E+01  1.1645E+43  1.1587E+43  4.7656E+36  5.7419E+40
  4.4670E+01  9.5265E+42  9.4777E+42  3.0980E+36  4.8785E+40
  4.7320E+01  7.6902E+42  7.6489E+42  1.9862E+36  4.1282E+40
  5.0120E+01  6.1338E+42  6.0990E+42  1.2576E+36  3.4808E+40
  5.3090E+01  4.8354E+42  4.8062E+42  7.8675E+35  2.9213E+40
  5.6230E+01  3.7744E+42  3.7500E+42  4.8712E+35  2.4416E+40
  5.9570E+01  2.9162E+42  2.8959E+42  2.9843E+35  2.0301E+40
  6.3100E+01  2.2355E+42  2.2187E+42  1.8137E+35  1.6817E+40
  6.6830E+01  1.7018E+42  1.6879E+42  1.0944E+35  1.3881E+40
  7.0790E+01  1.2868E+42  1.2754E+42  6.5594E+34  1.1409E+40
  7.4990E+01  9.6714E+41  9.5780E+41  3.9075E+34  9.3429E+39
  7.9430E+01  7.2348E+41  7.1585E+41  2.3173E+34  7.6301E+39
  8.4140E+01  5.3872E+41  5.3251E+41  1.3677E+34  6.2117E+39
  8.9130E+01  3.9983E+41  3.9478E+41  8.0477E+33  5.0432E+39
  9.4410E+01  2.9584E+41  2.9176E+41  4.7218E+33  4.0865E+39
  1.0000E+02  2.1828E+41  2.1498E+41  2.7630E+33  3.3049E+39
  1.0590E+02  1.6084E+41  1.5817E+41  1.6152E+33  2.6698E+39
  1.1220E+02  1.1826E+41  1.1611E+41  9.4201E+32  2.1492E+39
  1.1890E+02  8.6983E+40  8.5257E+40  5.4974E+32  1.7259E+39
  1.2590E+02  6.4338E+40  6.2949E+40  3.2278E+32  1.3882E+39
  1.3340E+02  4.7694E+40  4.6582E+40  1.9025E+32  1.1122E+39
  1.4130E+02  3.5119E+40  3.4228E+40  1.1180E+32  8.9179E+38
  1.4960E+02  2.5387E+40  2.4670E+40  6.4448E+31  7.1629E+38
  1.5850E+02  1.8222E+40  1.7649E+40  3.6804E+31  5.7326E+38
  1.7780E+02  9.4767E+39  9.1095E+39  1.2109E+31  3.6717E+38
  1.9950E+02  4.9445E+39  4.7103E+39  4.0044E+30  2.3429E+38
  2.2390E+02  2.5800E+39  2.4310E+39  1.3276E+30  1.4907E+38
  2.5120E+02  1.3481E+39  1.2533E+39  4.4183E+29  9.4825E+37
  2.8180E+02  7.0501E+38  6.4475E+38  1.4757E+29  6.0263E+37
  3.1620E+02  3.6890E+38  3.3068E+38  4.9457E+28  3.8224E+37
  3.5480E+02  1.9350E+38  1.6928E+38  1.6662E+28  2.4223E+37
  3.9810E+02  1.0184E+38  8.6493E+37  5.6521E+27  1.5342E+37
  4.4670E+02  5.3825E+37  4.4114E+37  1.9321E+27  9.7102E+36
  5.0120E+02  2.8616E+37  2.2472E+37  6.6654E+26  6.1443E+36
  5.6230E+02  1.5324E+37  1.1436E+37  2.3228E+26  3.8877E+36
  6.3100E+02  8.2640E+36  5.8074E+36  8.1760E+25  2.4566E+36
  7.0790E+02  4.5025E+36  2.9489E+36  2.9137E+25  1.5536E+36
  7.9430E+02  2.4764E+36  1.4948E+36  1.0496E+25  9.8164E+35
  8.9130E+02  1.3767E+36  7.5674E+35  3.8238E+24  6.1996E+35
  1.0000E+03  7.7469E+35  3.8296E+35  1.4096E+24  3.9173E+35
