  1.0000E-03  7.3157E+44  0.0000E+00  8.6648E+43  6.4492E+44
  1.1220E-03  7.7609E+44  0.0000E+00  1.0695E+44  6.6914E+44
  1.2590E-03  8.1532E+44  0.0000E+00  1.2497E+44  6.9035E+44
  1.4130E-03  8.4844E+44  0.0000E+00  1.3939E+44  7.0905E+44
  1.5850E-03  8.8855E+44  0.0000E+00  1.5288E+44  7.3567E+44
  1.7780E-03  9.9375E+44  0.0000E+00  1.9638E+44  7.9737E+44
  1.9950E-03  9.8971E+44  0.0000E+00  2.1841E+44  7.7131E+44
  2.2390E-03  9.8931E+44  0.0000E+00  2.1993E+44  7.6938E+44
  2.5120E-03  1.1130E+45  0.0000E+00  3.0060E+44  8.1237E+44
  2.8180E-03  1.0542E+45  0.0000E+00  3.1514E+44  7.3904E+44
  3.1620E-03  1.0002E+45  0.0000E+00  3.1368E+44  6.8648E+44
  3.5480E-03  9.4801E+44  0.0000E+00  3.0321E+44  6.4480E+44
  3.9810E-03  9.0332E+44  0.0000E+00  2.8747E+44  6.1584E+44
  4.4670E-03  2.0328E+45  0.0000E+00  6.2022E+44  1.4126E+45
  5.0120E-03  1.9710E+45  0.0000E+00  7.1825E+44  1.2527E+45
  5.6230E-03  1.9012E+45  0.0000E+00  7.8938E+44  1.1118E+45
  5.9570E-03  1.8678E+45  0.0000E+00  8.1522E+44  1.0526E+45
  6.6830E-03  1.8187E+45  0.0000E+00  8.5329E+44  9.6545E+44
  7.4990E-03  1.8209E+45  0.0000E+00  9.0063E+44  9.2024E+44
  8.4140E-03  1.7736E+45  0.0000E+00  9.1796E+44  8.5563E+44
  9.4410E-03  1.7504E+45  0.0000E+00  9.2739E+44  8.2301E+44
  1.0590E-02  1.7768E+45  0.0000E+00  9.2603E+44  8.5081E+44
  1.1890E-02  1.8002E+45  0.0000E+00  9.9457E+44  8.0567E+44
  1.3340E-02  1.7936E+45  0.0000E+00  1.0021E+45  7.9159E+44
  1.4960E-02  1.7674E+45  0.0000E+00  1.0132E+45  7.5417E+44
  1.6790E-02  1.7418E+45  0.0000E+00  1.0135E+45  7.2836E+44
  1.8840E-02  1.7249E+45  0.0000E+00  1.0099E+45  7.1497E+44
  2.1130E-02  1.7212E+45  0.0000E+00  1.0299E+45  6.9131E+44
  2.3710E-02  1.7003E+45  0.0000E+00  1.0353E+45  6.6496E+44
  2.6610E-02  1.6611E+45  0.0000E+00  1.0297E+45  6.3140E+44
  2.9850E-02  1.6204E+45  5.4017E-84  1.0204E+45  5.9997E+44
  3.3500E-02  1.5734E+45  2.9625E-69  1.0049E+45  5.6853E+44
  3.7580E-02  1.6658E+45  3.5805E-56  1.0541E+45  6.1163E+44
  4.2170E-02  1.8156E+45  1.3298E-44  1.2373E+45  5.7836E+44
  4.7320E-02  1.5729E+45  2.4190E-34  1.1412E+45  4.3177E+44
  5.3090E-02  1.2189E+45  2.7780E-25  9.4208E+44  2.7678E+44
  6.6830E-02  4.6489E+44  1.6799E-10  4.2455E+44  4.0334E+43
  7.4990E-02  2.6908E+44  1.7036E-04  2.5750E+44  1.1572E+43
  8.4140E-02  2.8873E+44  1.1849E+02  2.7321E+44  1.5518E+43
  9.4410E-02  3.1219E+44  1.7328E+07  2.9320E+44  1.8985E+43
  1.0590E-01  4.3831E+44  1.1160E+12  3.9668E+44  4.1622E+43
  1.1890E-01  5.7557E+44  2.1652E+16  4.8122E+44  9.4343E+43
  1.3340E-01  7.1069E+44  8.7439E+19  5.4721E+44  1.6347E+44
  1.4960E-01  7.2578E+44  1.5605E+23  5.0442E+44  2.2136E+44
  1.5850E-01  6.8885E+44  4.9769E+24  4.6806E+44  2.2079E+44
  1.7780E-01  5.5313E+44  2.2130E+27  3.9646E+44  1.5666E+44
  1.9950E-01  2.7806E+44  2.8708E+29  2.2277E+44  5.5293E+43
  2.2390E-01  1.8361E+44  2.0951E+31  1.5655E+44  2.7058E+43
  2.3710E-01  2.5551E+44  2.4895E+32  2.1042E+44  4.5097E+43
  2.5120E-01  3.4932E+44  2.6020E+33  2.7224E+44  7.7079E+43
  2.6610E-01  4.1457E+44  2.0928E+34  3.0695E+44  1.0762E+44
  2.8180E-01  4.5361E+44  1.3775E+35  3.2018E+44  1.3343E+44
  2.9850E-01  4.7954E+44  7.7683E+35  3.2449E+44  1.5505E+44
  3.1620E-01  5.0395E+44  3.8434E+36  3.2824E+44  1.7571E+44
  3.3500E-01  5.2536E+44  1.7063E+37  3.2987E+44  1.9549E+44
  3.5480E-01  5.4098E+44  6.8003E+37  3.2783E+44  2.1316E+44
  3.7580E-01  5.5626E+44  2.4983E+38  3.2485E+44  2.3141E+44
  3.9810E-01  5.6848E+44  8.3374E+38  3.2088E+44  2.4759E+44
  4.2170E-01  5.8587E+44  2.5845E+39  3.1820E+44  2.6766E+44
  4.4670E-01  6.0385E+44  7.3864E+39  3.1614E+44  2.8770E+44
  4.7320E-01  6.2062E+44  1.9786E+40  3.1267E+44  3.0793E+44
  5.0120E-01  6.3500E+44  4.9743E+40  3.0721E+44  3.2773E+44
  5.3090E-01  6.4946E+44  1.1870E+41  3.0054E+44  3.4880E+44
  5.6230E-01  6.5978E+44  2.6540E+41  2.9263E+44  3.6689E+44
  5.9570E-01  6.6699E+44  5.6232E+41  2.8345E+44  3.8297E+44
  6.3100E-01  6.7305E+44  1.1329E+42  2.7328E+44  3.9863E+44
  6.6830E-01  6.7774E+44  2.1735E+42  2.6200E+44  4.1356E+44
  7.0790E-01  6.8147E+44  3.9832E+42  2.5039E+44  4.2709E+44
  7.4990E-01  6.8276E+44  6.9635E+42  2.3813E+44  4.3767E+44
  7.9430E-01  6.8381E+44  1.1668E+43  2.2537E+44  4.4677E+44
  8.4140E-01  6.8582E+44  1.8831E+43  2.1256E+44  4.5444E+44
  8.9130E-01  6.9151E+44  2.9447E+43  1.9978E+44  4.6229E+44
  9.4410E-01  6.9987E+44  4.4439E+43  1.8745E+44  4.6798E+44
  1.0000E+00  7.1039E+44  6.4679E+43  1.7570E+44  4.7001E+44
  1.0590E+00  7.2495E+44  9.1035E+43  1.6491E+44  4.6901E+44
  1.1220E+00  7.4500E+44  1.2489E+44  1.5480E+44  4.6531E+44
  1.1890E+00  7.7189E+44  1.6728E+44  1.4510E+44  4.5951E+44
  1.2590E+00  8.0631E+44  2.1812E+44  1.3528E+44  4.5291E+44
  1.3340E+00  8.4740E+44  2.7804E+44  1.2591E+44  4.4345E+44
  1.4130E+00  8.9315E+44  3.4464E+44  1.1718E+44  4.3133E+44
  1.4960E+00  9.4302E+44  4.1693E+44  1.0866E+44  4.1743E+44
  1.5850E+00  9.9769E+44  4.9584E+44  1.0010E+44  4.0175E+44
  1.6790E+00  1.0540E+45  5.7762E+44  9.1078E+43  3.8534E+44
  1.7780E+00  1.1089E+45  6.5892E+44  8.1461E+43  3.6850E+44
  1.8840E+00  1.1617E+45  7.3936E+44  7.1581E+43  3.5080E+44
  1.9950E+00  1.2084E+45  8.1368E+44  6.1622E+43  3.3306E+44
  2.1130E+00  1.2476E+45  8.8062E+44  5.2028E+43  3.1495E+44
  2.2390E+00  1.2769E+45  9.3725E+44  4.3097E+43  2.9660E+44
  2.3710E+00  1.2938E+45  9.8011E+44  3.5034E+43  2.7864E+44
  2.5120E+00  1.2990E+45  1.0102E+45  2.8047E+43  2.6078E+44
  2.6610E+00  1.2911E+45  1.0255E+45  2.2122E+43  2.4347E+44
  2.8180E+00  1.2693E+45  1.0252E+45  1.7196E+43  2.2688E+44
  2.9850E+00  1.2354E+45  1.0113E+45  1.3202E+43  2.1092E+44
  3.1620E+00  1.1898E+45  9.8401E+44  1.0012E+43  1.9574E+44
  3.3500E+00  1.1370E+45  9.4819E+44  7.5268E+42  1.8131E+44
  3.5480E+00  1.0741E+45  9.0066E+44  5.5896E+42  1.6783E+44
  3.7580E+00  1.0056E+45  8.4628E+44  4.1110E+42  1.5517E+44
  3.9810E+00  9.3300E+44  7.8671E+44  2.9954E+42  1.4329E+44
  4.2170E+00  8.5783E+44  7.2345E+44  2.1624E+42  1.3222E+44
  4.4670E+00  7.8181E+44  6.5834E+44  1.5470E+42  1.2193E+44
  4.7320E+00  7.0736E+44  5.9391E+44  1.0978E+42  1.1235E+44
  5.0120E+00  6.3612E+44  5.3162E+44  7.7400E+41  1.0372E+44
  5.3090E+00  5.6544E+44  4.7227E+44  5.3933E+41  9.2624E+43
  5.6230E+00  4.9967E+44  4.1724E+44  3.7319E+41  8.2052E+43
  5.9570E+00  4.3958E+44  3.6723E+44  2.5681E+41  7.2090E+43
  6.3100E+00  3.8274E+44  3.1965E+44  1.7462E+41  6.2919E+43
  6.6830E+00  3.3386E+44  2.7917E+44  1.1860E+41  5.4570E+43
  7.0790E+00  2.8826E+44  2.4115E+44  7.9293E+40  4.7032E+43
  7.4990E+00  2.6454E+44  2.2426E+44  5.5868E+40  4.0224E+43
  7.9430E+00  3.1808E+44  2.8413E+44  5.2102E+40  3.3901E+43
  8.4140E+00  4.3832E+44  4.1019E+44  5.9269E+40  2.8071E+43
  8.9130E+00  5.2298E+44  4.9979E+44  6.1950E+40  2.3128E+43
  9.4410E+00  5.7059E+44  5.5153E+44  6.5483E+40  1.8996E+43
  1.0000E+01  4.5706E+44  4.4093E+44  4.5095E+40  1.6083E+43
  1.0590E+01  3.4190E+44  3.2823E+44  2.8171E+40  1.3646E+43
  1.1220E+01  2.3917E+44  2.2761E+44  1.5351E+40  1.1542E+43
  1.1890E+01  1.6852E+44  1.5883E+44  8.4443E+39  9.6817E+42
  1.2590E+01  1.1760E+44  1.0949E+44  4.5075E+39  8.1004E+42
  1.3340E+01  8.2718E+43  7.5989E+43  2.3917E+39  6.7268E+42
  1.4130E+01  6.2507E+43  5.6948E+43  1.3395E+39  5.5583E+42
  1.4960E+01  5.6730E+43  5.2167E+43  9.2553E+38  4.5623E+42
  1.5850E+01  5.3654E+43  4.9932E+43  6.9457E+38  3.7213E+42
  1.6790E+01  5.0664E+43  4.7634E+43  5.4105E+38  3.0297E+42
  1.7780E+01  4.5813E+43  4.3344E+43  4.1628E+38  2.4682E+42
  1.8840E+01  3.8409E+43  3.6400E+43  2.9873E+38  2.0090E+42
  1.9950E+01  2.9923E+43  2.8282E+43  1.9411E+38  1.6414E+42
  2.1130E+01  2.2865E+43  2.1526E+43  1.2004E+38  1.3386E+42
  2.2390E+01  1.7567E+43  1.6479E+43  7.4358E+37  1.0876E+42
  2.3710E+01  1.3575E+43  1.2691E+43  4.6106E+37  8.8417E+41
  2.5120E+01  1.0512E+43  9.7955E+42  2.8699E+37  7.1642E+41
  2.6610E+01  8.1427E+42  7.5627E+42  1.7819E+37  5.8001E+41
  2.8180E+01  6.3190E+42  5.8495E+42  1.1107E+37  4.6951E+41
  2.9850E+01  4.8948E+42  4.5155E+42  6.9221E+36  3.7929E+41
  3.1620E+01  3.7772E+42  3.4712E+42  4.2964E+36  3.0605E+41
  3.3500E+01  2.9020E+42  2.6554E+42  2.6559E+36  2.4660E+41
  3.5480E+01  2.2233E+42  2.0246E+42  1.6377E+36  1.9876E+41
  3.7580E+01  1.6924E+42  1.5323E+42  1.0033E+36  1.6004E+41
  3.9810E+01  1.2760E+42  1.1472E+42  6.0897E+35  1.2870E+41
  4.2170E+01  9.5547E+41  8.5202E+41  3.6679E+35  1.0345E+41
  4.4670E+01  7.1106E+41  6.2797E+41  2.1913E+35  8.3097E+40
  4.7320E+01  5.2654E+41  4.5985E+41  1.3006E+35  6.6693E+40
  5.0120E+01  3.8853E+41  3.3501E+41  7.6820E+34  5.3525E+40
  5.3090E+01  2.8569E+41  2.4277E+41  4.5162E+34  4.2917E+40
  5.6230E+01  2.0971E+41  1.7530E+41  2.6474E+34  3.4406E+40
  5.9570E+01  1.5353E+41  1.2599E+41  1.5462E+34  2.7542E+40
  6.3100E+01  1.1240E+41  9.0347E+40  9.0234E+33  2.2048E+40
  6.6830E+01  8.2317E+40  6.4667E+40  5.2646E+33  1.7650E+40
  7.0790E+01  6.0312E+40  4.6195E+40  3.0709E+33  1.4117E+40
  7.4990E+01  4.4219E+40  3.2937E+40  1.7918E+33  1.1282E+40
  7.9430E+01  3.2487E+40  2.3470E+40  1.0474E+33  9.0172E+39
  8.4140E+01  2.3909E+40  1.6707E+40  6.1295E+32  7.2020E+39
  8.9130E+01  1.7643E+40  1.1893E+40  3.5963E+32  5.7499E+39
  9.4410E+01  1.3056E+40  8.4653E+39  2.1155E+32  4.5903E+39
  1.0000E+02  9.6884E+39  6.0245E+39  1.2477E+32  3.6639E+39
  1.0590E+02  7.2179E+39  4.2922E+39  7.3880E+31  2.9257E+39
  1.1220E+02  5.3888E+39  3.0573E+39  4.3816E+31  2.3316E+39
  1.1890E+02  4.0378E+39  2.1818E+39  2.6080E+31  1.8560E+39
  1.2590E+02  3.0494E+39  1.5677E+39  1.5648E+31  1.4817E+39
  1.3340E+02  2.3091E+39  1.1295E+39  9.4271E+30  1.1796E+39
  1.4130E+02  1.7507E+39  8.1059E+38  5.7069E+30  9.4008E+38
  1.4960E+02  1.3243E+39  5.7384E+38  3.4422E+30  7.5044E+38
  1.5850E+02  1.0010E+39  4.0376E+38  2.0687E+30  5.9727E+38
  1.7780E+02  5.8098E+38  2.0183E+38  7.5756E+29  3.7915E+38
  1.9950E+02  3.4166E+38  1.0136E+38  2.8108E+29  2.4030E+38
  2.2390E+02  2.0307E+38  5.0980E+37  1.0546E+29  1.5209E+38
  2.5120E+02  1.2204E+38  2.5696E+37  4.0004E+28  9.6342E+37
  2.8180E+02  7.3985E+37  1.2959E+37  1.5311E+28  6.1026E+37
  3.1620E+02  4.5140E+37  6.5310E+36  5.8975E+27  3.8609E+37
  3.5480E+02  2.7709E+37  3.2922E+36  2.2847E+27  2.4417E+37
  3.9810E+02  1.7099E+37  1.6594E+36  8.8996E+26  1.5440E+37
  4.4670E+02  1.0595E+37  8.3623E+35  3.4808E+26  9.7592E+36
  5.0120E+02  6.5904E+36  4.2144E+35  1.3665E+26  6.1689E+36
  5.6230E+02  4.1125E+36  2.1245E+35  5.3807E+25  3.9001E+36
  6.3100E+02  2.5698E+36  1.0697E+35  2.1219E+25  2.4628E+36
  7.0790E+02  1.6106E+36  5.3912E+34  8.3931E+24  1.5567E+36
  7.9430E+02  1.0104E+36  2.7144E+34  3.3223E+24  9.8322E+35
  8.9130E+02  6.3441E+35  1.3659E+34  1.3163E+24  6.2075E+35
  1.0000E+03  3.9900E+35  6.8754E+33  5.2244E+23  3.9213E+35
