  1.0000E-03  9.9006E+44  0.0000E+00  1.1344E+44  8.7662E+44
  1.1220E-03  1.0954E+45  0.0000E+00  1.1178E+44  9.8357E+44
  1.2590E-03  1.2137E+45  0.0000E+00  1.1002E+44  1.1037E+45
  1.4130E-03  1.3463E+45  0.0000E+00  1.0766E+44  1.2387E+45
  1.5850E-03  1.4984E+45  0.0000E+00  1.0893E+44  1.3894E+45
  1.7780E-03  1.6992E+45  0.0000E+00  1.4060E+44  1.5586E+45
  1.9950E-03  1.8905E+45  0.0000E+00  1.4164E+44  1.7488E+45
  2.2390E-03  2.0979E+45  0.0000E+00  1.3521E+44  1.9627E+45
  2.5120E-03  2.3858E+45  0.0000E+00  1.8375E+44  2.2020E+45
  2.8180E-03  2.6512E+45  0.0000E+00  1.8093E+44  2.4702E+45
  3.1620E-03  2.9461E+45  0.0000E+00  1.7427E+44  2.7718E+45
  3.5480E-03  3.2760E+45  0.0000E+00  1.6571E+44  3.1103E+45
  3.9810E-03  3.6456E+45  0.0000E+00  1.5571E+44  3.4898E+45
  4.4670E-03  4.2821E+45  0.0000E+00  3.6628E+44  3.9158E+45
  5.0120E-03  4.8131E+45  0.0000E+00  4.1954E+44  4.3936E+45
  5.6230E-03  5.3985E+45  0.0000E+00  4.6928E+44  4.9292E+45
  5.9570E-03  5.7146E+45  0.0000E+00  4.9256E+44  5.2220E+45
  6.6830E-03  6.3951E+45  0.0000E+00  5.3655E+44  5.8585E+45
  7.4990E-03  7.1635E+45  0.0000E+00  5.8973E+44  6.5738E+45
  8.4140E-03  8.0072E+45  0.0000E+00  6.3131E+44  7.3758E+45
  9.4410E-03  8.9472E+45  0.0000E+00  6.7107E+44  8.2761E+45
  1.0590E-02  9.9899E+45  0.0000E+00  7.0662E+44  9.2833E+45
  1.1890E-02  1.1198E+46  0.0000E+00  7.7515E+44  1.0423E+46
  1.3340E-02  1.2513E+46  0.0000E+00  8.1909E+44  1.1694E+46
  1.4960E-02  1.3982E+46  0.0000E+00  8.6752E+44  1.3114E+46
  1.6790E-02  1.5633E+46  0.0000E+00  9.1445E+44  1.4718E+46
  1.8840E-02  1.7478E+46  0.0000E+00  9.6299E+44  1.6515E+46
  2.1130E-02  1.9548E+46  0.0000E+00  1.0240E+45  1.8524E+46
  2.3710E-02  2.1868E+46  0.0000E+00  1.0837E+45  2.0785E+46
  2.6610E-02  2.4470E+46  0.0000E+00  1.1434E+45  2.3326E+46
  2.9850E-02  2.7370E+46  1.2557E-82  1.2039E+45  2.6166E+46
  3.3500E-02  3.0627E+46  7.9344E-68  1.2601E+45  2.9367E+46
  3.7580E-02  3.4278E+46  9.9224E-55  1.3354E+45  3.2942E+46
  4.2170E-02  3.8653E+46  4.2625E-43  1.6858E+45  3.6967E+46
  4.7320E-02  4.3271E+46  1.1011E-32  1.7893E+45  4.1482E+46
  5.3090E-02  4.4923E+46  1.9343E-23  1.7107E+45  4.3212E+46
  6.6830E-02  4.2504E+46  6.4435E-08  1.2362E+45  4.1268E+46
  7.4990E-02  4.1329E+46  1.9816E-01  1.0008E+45  4.0328E+46
  8.4140E-02  4.0415E+46  1.0302E+05  1.0050E+45  3.9410E+46
  9.4410E-02  3.9538E+46  1.2173E+10  1.0259E+45  3.8513E+46
  1.0590E-01  3.6194E+46  3.4574E+14  1.1386E+45  3.5055E+46
  1.1890E-01  3.0525E+46  2.8184E+18  1.0575E+45  2.9467E+46
  1.3340E-01  2.5744E+46  6.3329E+21  9.4897E+44  2.4795E+46
  1.4960E-01  2.1552E+46  7.6354E+24  6.7366E+44  2.0878E+46
  1.5850E-01  1.9698E+46  2.2597E+26  5.5247E+44  1.9145E+46
  1.7780E-01  1.6551E+46  1.1229E+29  4.3638E+44  1.6114E+46
  1.9950E-01  1.3872E+46  2.9419E+31  3.1359E+44  1.3558E+46
  2.2390E-01  1.1683E+46  3.2673E+33  2.7938E+44  1.1403E+46
  2.3710E-01  1.0786E+46  2.2784E+34  3.2202E+44  1.0464E+46
  2.5120E-01  9.9403E+45  1.3803E+35  3.4446E+44  9.5958E+45
  2.6610E-01  9.1386E+45  7.6899E+35  3.3736E+44  8.8012E+45
  2.8180E-01  8.3940E+45  3.8835E+36  3.1793E+44  8.0761E+45
  2.9850E-01  7.7056E+45  1.7767E+37  2.9774E+44  7.4079E+45
  3.1620E-01  7.0762E+45  7.2845E+37  2.8152E+44  6.7947E+45
  3.3500E-01  6.4973E+45  2.7198E+38  2.6650E+44  6.2308E+45
  3.5480E-01  5.9684E+45  9.2735E+38  2.5191E+44  5.7165E+45
  3.7580E-01  5.4827E+45  2.9201E+39  2.3858E+44  5.2442E+45
  3.9810E-01  5.0363E+45  8.4620E+39  2.2660E+44  4.8097E+45
  4.2170E-01  4.6283E+45  2.2534E+40  2.1660E+44  4.4116E+45
  4.4670E-01  4.2548E+45  5.5609E+40  2.0811E+44  4.0466E+45
  4.7320E-01  3.9115E+45  1.2900E+41  1.9991E+44  3.7115E+45
  5.0120E-01  3.5967E+45  2.8209E+41  1.9166E+44  3.4048E+45
  5.3090E-01  3.3075E+45  5.8479E+41  1.8370E+44  3.1232E+45
  5.6230E-01  3.0423E+45  1.1475E+42  1.7606E+44  2.8651E+45
  5.9570E-01  2.7984E+45  2.1462E+42  1.6867E+44  2.6276E+45
  6.3100E-01  2.5757E+45  3.8239E+42  1.6153E+44  2.4103E+45
  6.6830E-01  2.3725E+45  6.5012E+42  1.5459E+44  2.2114E+45
  7.0790E-01  2.1872E+45  1.0592E+43  1.4818E+44  2.0284E+45
  7.4990E-01  2.0191E+45  1.6565E+43  1.4202E+44  1.8605E+45
  7.9430E-01  1.8677E+45  2.4903E+43  1.3617E+44  1.7066E+45
  8.4140E-01  1.7324E+45  3.6138E+43  1.3092E+44  1.5653E+45
  8.9130E-01  1.6128E+45  5.0788E+43  1.2631E+44  1.4357E+45
  9.4410E-01  1.5086E+45  6.9134E+43  1.2249E+44  1.3170E+45
  1.0000E+00  1.4187E+45  9.1322E+43  1.1930E+44  1.2081E+45
  1.0590E+00  1.3427E+45  1.1731E+44  1.1683E+44  1.1086E+45
  1.1220E+00  1.2789E+45  1.4750E+44  1.1485E+44  1.0165E+45
  1.1890E+00  1.2267E+45  1.8180E+44  1.1306E+44  9.3183E+44
  1.2590E+00  1.1852E+45  2.1900E+44  1.1102E+44  8.5520E+44
  1.3340E+00  1.1524E+45  2.5920E+44  1.0911E+44  7.8411E+44
  1.4130E+00  1.1269E+45  3.0029E+44  1.0735E+44  7.1927E+44
  1.4960E+00  1.1073E+45  3.4154E+44  1.0547E+44  6.6026E+44
  1.5850E+00  1.0925E+45  3.8374E+44  1.0335E+44  6.0543E+44
  1.6790E+00  1.0805E+45  4.2453E+44  1.0068E+44  5.5530E+44
  1.7780E+00  1.0693E+45  4.6250E+44  9.7256E+43  5.0957E+44
  1.8840E+00  1.0589E+45  4.9849E+44  9.3261E+43  4.6719E+44
  1.9950E+00  1.0481E+45  5.3070E+44  8.8630E+43  4.2875E+44
  2.1130E+00  1.0365E+45  5.5966E+44  8.3542E+43  3.9333E+44
  2.2390E+00  1.0234E+45  5.8474E+44  7.8019E+43  3.6061E+44
  2.3710E+00  1.0079E+45  6.0503E+44  7.1999E+43  3.3092E+44
  2.5120E+00  9.9047E+44  6.2137E+44  6.5658E+43  3.0344E+44
  2.6610E+00  9.6995E+44  6.3261E+44  5.9016E+43  2.7832E+44
  2.8180E+00  9.4548E+44  6.3791E+44  5.2188E+43  2.5538E+44
  2.9850E+00  9.1734E+44  6.3768E+44  4.5399E+43  2.3426E+44
  3.1620E+00  8.8506E+44  6.3136E+44  3.8840E+43  2.1487E+44
  3.3500E+00  8.5043E+44  6.2071E+44  3.2689E+43  1.9704E+44
  3.5480E+00  8.1149E+44  6.0364E+44  2.7074E+43  1.8078E+44
  3.7580E+00  7.7008E+44  5.8216E+44  2.2082E+43  1.6583E+44
  3.9810E+00  7.2668E+44  5.5683E+44  1.7754E+43  1.5210E+44
  4.2170E+00  6.8186E+44  5.2827E+44  1.4085E+43  1.3951E+44
  4.4670E+00  6.3642E+44  4.9742E+44  1.1037E+43  1.2796E+44
  4.7320E+00  5.9149E+44  4.6558E+44  8.5470E+42  1.1737E+44
  5.0120E+00  5.4807E+44  4.3360E+44  6.5535E+42  1.0791E+44
  5.3090E+00  5.0291E+44  4.0193E+44  4.9537E+42  9.6024E+43
  5.6230E+00  4.5994E+44  3.7143E+44  3.7070E+42  8.4805E+43
  5.9570E+00  4.1975E+44  3.4268E+44  2.7499E+42  7.4316E+43
  6.3100E+00  3.8064E+44  3.1392E+44  2.0171E+42  6.4710E+43
  6.6830E+00  3.4692E+44  2.8943E+44  1.4766E+42  5.6014E+43
  7.0790E+00  3.1442E+44  2.6516E+44  1.0661E+42  4.8190E+43
  7.4990E+00  2.9199E+44  2.5000E+44  7.5851E+41  4.1229E+43
  7.9430E+00  2.9988E+44  2.6424E+44  5.2975E+41  3.5109E+43
  8.4140E+00  3.2117E+44  2.9105E+44  3.6054E+41  2.9752E+43
  8.9130E+00  3.2440E+44  2.9905E+44  2.5253E+41  2.5104E+43
  9.4410E+00  3.1735E+44  2.9605E+44  1.9681E+41  2.1101E+43
  1.0000E+01  2.7351E+44  2.5568E+44  1.6338E+41  1.7671E+43
  1.0590E+01  2.3171E+44  2.1682E+44  1.3635E+41  1.4758E+43
  1.1220E+01  1.9491E+44  1.8253E+44  1.0823E+41  1.2267E+43
  1.1890E+01  1.6597E+44  1.5573E+44  8.3460E+40  1.0159E+43
  1.2590E+01  1.4359E+44  1.3512E+44  6.2649E+40  8.4119E+42
  1.3340E+01  1.2610E+44  1.1913E+44  4.5686E+40  6.9319E+42
  1.4130E+01  1.1416E+44  1.0842E+44  3.2303E+40  5.7050E+42
  1.4960E+01  1.0885E+44  1.0414E+44  2.3093E+40  4.6919E+42
  1.5850E+01  1.0574E+44  1.0188E+44  1.7240E+40  3.8414E+42
  1.6790E+01  1.0369E+44  1.0054E+44  1.3480E+40  3.1409E+42
  1.7780E+01  1.0183E+44  9.9256E+43  1.1054E+40  2.5663E+42
  1.8840E+01  9.9587E+43  9.7489E+43  9.3397E+39  2.0888E+42
  1.9950E+01  9.6828E+43  9.5119E+43  7.8436E+39  1.7013E+42
  2.1130E+01  9.4227E+43  9.2838E+43  6.3998E+39  1.3827E+42
  2.2390E+01  9.1870E+43  9.0745E+43  5.1711E+39  1.1203E+42
  2.3710E+01  8.9452E+43  8.8539E+43  4.1300E+39  9.0864E+41
  2.5120E+01  8.6597E+43  8.5859E+43  3.2710E+39  7.3479E+41
  2.6610E+01  8.3121E+43  8.2525E+43  2.5542E+39  5.9383E+41
  2.8180E+01  7.8947E+43  7.8465E+43  1.9725E+39  4.7994E+41
  2.9850E+01  7.3995E+43  7.3606E+43  1.5030E+39  3.8717E+41
  3.1620E+01  6.8316E+43  6.8003E+43  1.1264E+39  3.1199E+41
  3.3500E+01  6.2060E+43  6.1809E+43  8.3019E+38  2.5106E+41
  3.5480E+01  5.5486E+43  5.5283E+43  6.0185E+38  2.0210E+41
  3.7580E+01  4.8782E+43  4.8619E+43  4.2886E+38  1.6253E+41
  3.9810E+01  4.2126E+43  4.1995E+43  3.0035E+38  1.3054E+41
  4.2170E+01  3.5796E+43  3.5691E+43  2.0677E+38  1.0479E+41
  4.4670E+01  2.9959E+43  2.9875E+43  1.3988E+38  8.4074E+40
  4.7320E+01  2.4729E+43  2.4661E+43  9.3150E+37  6.7400E+40
  5.0120E+01  2.0155E+43  2.0101E+43  6.1140E+37  5.4034E+40
  5.3090E+01  1.6229E+43  1.6185E+43  3.9579E+37  4.3282E+40
  5.6230E+01  1.2932E+43  1.2897E+43  2.5312E+37  3.4667E+40
  5.9570E+01  1.0196E+43  1.0168E+43  1.5992E+37  2.7728E+40
  6.3100E+01  7.9716E+42  7.9494E+42  1.0006E+37  2.2180E+40
  6.6830E+01  6.1852E+42  6.1674E+42  6.2058E+36  1.7744E+40
  7.0790E+01  4.7649E+42  4.7507E+42  3.8171E+36  1.4183E+40
  7.4990E+01  3.6462E+42  3.6348E+42  2.3302E+36  1.1329E+40
  7.9430E+01  2.7751E+42  2.7661E+42  1.4139E+36  9.0505E+39
  8.4140E+01  2.1012E+42  2.0939E+42  8.5270E+35  7.2256E+39
  8.9130E+01  1.5846E+42  1.5788E+42  5.1195E+35  5.7665E+39
  9.4410E+01  1.1905E+42  1.1859E+42  3.0606E+35  4.6021E+39
  1.0000E+02  8.9116E+41  8.8748E+41  1.8223E+35  3.6722E+39
  1.0590E+02  6.6567E+41  6.6274E+41  1.0825E+35  2.9317E+39
  1.1220E+02  4.9589E+41  4.9356E+41  6.4086E+34  2.3358E+39
  1.1890E+02  3.6929E+41  3.6743E+41  3.7919E+34  1.8590E+39
  1.2590E+02  2.7631E+41  2.7482E+41  2.2544E+34  1.4838E+39
  1.3340E+02  2.0709E+41  2.0591E+41  1.3444E+34  1.1811E+39
  1.4130E+02  1.5401E+41  1.5307E+41  7.9812E+33  9.4117E+38
  1.4960E+02  1.1230E+41  1.1155E+41  4.6383E+33  7.5121E+38
  1.5850E+02  8.1247E+40  8.0649E+40  2.6671E+33  5.9781E+38
  1.7780E+02  4.2829E+40  4.2449E+40  8.8644E+32  3.7942E+38
  1.9950E+02  2.2578E+40  2.2338E+40  2.9462E+32  2.4043E+38
  2.2390E+02  1.1862E+40  1.1710E+40  9.7638E+31  1.5216E+38
  2.5120E+02  6.2174E+39  6.1210E+39  3.2284E+31  9.6376E+37
  2.8180E+02  3.2485E+39  3.1874E+39  1.0644E+31  6.1043E+37
  3.1620E+02  1.6910E+39  1.6524E+39  3.4970E+30  3.8617E+37
  3.5480E+02  8.7831E+38  8.5389E+38  1.1462E+30  2.4421E+37
  3.9810E+02  4.5537E+38  4.3993E+38  3.7522E+29  1.5442E+37
  4.4670E+02  2.3578E+38  2.2602E+38  1.2269E+29  9.7603E+36
  5.0120E+02  1.2204E+38  1.1587E+38  4.0120E+28  6.1695E+36
  5.6230E+02  6.3198E+37  5.9297E+37  1.3127E+28  3.9003E+36
  6.3100E+02  3.2724E+37  3.0261E+37  4.2973E+27  2.4629E+36
  7.0790E+02  1.6989E+37  1.5433E+37  1.4112E+27  1.5568E+36
  7.9430E+02  8.8358E+36  7.8525E+36  4.6447E+26  9.8325E+35
  8.9130E+02  4.6095E+36  3.9887E+36  1.5344E+26  6.2077E+35
  1.0000E+03  2.4167E+36  2.0245E+36  5.0982E+25  3.9214E+35
