  1.0000E-03  8.9050E+44  0.0000E+00  1.3884E+43  8.7662E+44
  1.1220E-03  9.9438E+44  0.0000E+00  1.0801E+43  9.8357E+44
  1.2590E-03  1.1127E+45  0.0000E+00  8.9694E+42  1.1037E+45
  1.4130E-03  1.2466E+45  0.0000E+00  7.9362E+42  1.2387E+45
  1.5850E-03  1.3971E+45  0.0000E+00  7.6615E+42  1.3894E+45
  1.7780E-03  1.5674E+45  0.0000E+00  8.7629E+42  1.5586E+45
  1.9950E-03  1.7571E+45  0.0000E+00  8.2755E+42  1.7488E+45
  2.2390E-03  1.9709E+45  0.0000E+00  8.1390E+42  1.9627E+45
  2.5120E-03  2.2111E+45  0.0000E+00  9.0567E+42  2.2020E+45
  2.8180E-03  2.4784E+45  0.0000E+00  8.2004E+42  2.4702E+45
  3.1620E-03  2.7793E+45  0.0000E+00  7.4618E+42  2.7718E+45
  3.5480E-03  3.1170E+45  0.0000E+00  6.7184E+42  3.1103E+45
  3.9810E-03  3.4958E+45  0.0000E+00  5.9514E+42  3.4898E+45
  4.4670E-03  3.9348E+45  0.0000E+00  1.8932E+43  3.9158E+45
  5.0120E-03  4.4143E+45  0.0000E+00  2.0671E+43  4.3936E+45
  5.6230E-03  4.9530E+45  0.0000E+00  2.3710E+43  4.9292E+45
  5.9570E-03  5.2471E+45  0.0000E+00  2.5039E+43  5.2220E+45
  6.6830E-03  5.8856E+45  0.0000E+00  2.7106E+43  5.8585E+45
  7.4990E-03  6.6027E+45  0.0000E+00  2.8902E+43  6.5738E+45
  8.4140E-03  7.4055E+45  0.0000E+00  2.9697E+43  7.3758E+45
  9.4410E-03  8.3066E+45  0.0000E+00  3.0464E+43  8.2761E+45
  1.0590E-02  9.3150E+45  0.0000E+00  3.1695E+43  9.2833E+45
  1.1890E-02  1.0455E+46  0.0000E+00  3.1840E+43  1.0423E+46
  1.3340E-02  1.1726E+46  0.0000E+00  3.2202E+43  1.1694E+46
  1.4960E-02  1.3146E+46  0.0000E+00  3.2196E+43  1.3114E+46
  1.6790E-02  1.4751E+46  0.0000E+00  3.2302E+43  1.4718E+46
  1.8840E-02  1.6548E+46  0.0000E+00  3.2523E+43  1.6515E+46
  2.1130E-02  1.8556E+46  0.0000E+00  3.2621E+43  1.8524E+46
  2.3710E-02  2.0817E+46  0.0000E+00  3.2685E+43  2.0785E+46
  2.6610E-02  2.3359E+46  0.0000E+00  3.2603E+43  2.3326E+46
  2.9850E-02  2.6199E+46  0.0000E+00  3.2393E+43  2.6166E+46
  3.3500E-02  2.9398E+46  0.0000E+00  3.1934E+43  2.9367E+46
  3.7580E-02  3.2976E+46  3.6772E-78  3.3831E+43  3.2942E+46
  4.2170E-02  3.7006E+46  4.1874E-64  3.8909E+43  3.6967E+46
  4.7320E-02  4.1516E+46  1.5814E-51  3.4298E+43  4.1482E+46
  5.3090E-02  4.3239E+46  2.3298E-40  2.6398E+43  4.3212E+46
  6.6830E-02  4.1277E+46  1.1611E-21  9.0126E+42  4.1268E+46
  7.4990E-02  4.0332E+46  6.2942E-14  4.0766E+42  4.0328E+46
  8.4140E-02  3.9415E+46  4.9796E-07  4.9958E+42  3.9410E+46
  9.4410E-02  3.8518E+46  6.7948E-01  5.9234E+42  3.8513E+46
  1.0590E-01  3.5066E+46  1.5944E+05  1.0537E+43  3.5055E+46
  1.1890E-01  2.9484E+46  9.8433E+09  1.6623E+43  2.9467E+46
  1.3340E-01  2.4817E+46  1.7974E+14  2.1763E+43  2.4795E+46
  1.4960E-01  2.0899E+46  1.5338E+18  2.0048E+43  2.0878E+46
  1.5850E-01  1.9162E+46  1.0670E+20  1.6570E+43  1.9145E+46
  1.7780E-01  1.6125E+46  2.1700E+23  1.0766E+43  1.6114E+46
  1.9950E-01  1.3563E+46  1.5837E+26  4.7851E+42  1.3558E+46
  2.2390E-01  1.1406E+46  3.8296E+28  2.8978E+42  1.1403E+46
  2.3710E-01  1.0469E+46  4.6610E+29  4.1223E+42  1.0464E+46
  2.5120E-01  9.6014E+45  5.0975E+30  5.5342E+42  9.5958E+45
  2.6610E-01  8.8075E+45  4.8631E+31  6.2787E+42  8.8012E+45
  2.8180E-01  8.0826E+45  4.0028E+32  6.5169E+42  8.0761E+45
  2.9850E-01  7.4144E+45  2.8990E+33  6.5470E+42  7.4079E+45
  3.1620E-01  6.8012E+45  1.8419E+34  6.5616E+42  6.7947E+45
  3.3500E-01  6.2373E+45  1.0467E+35  6.5326E+42  6.2308E+45
  3.5480E-01  5.7229E+45  5.3038E+35  6.4546E+42  5.7165E+45
  3.7580E-01  5.2505E+45  2.4352E+36  6.3677E+42  5.2442E+45
  3.9810E-01  4.8160E+45  1.0087E+37  6.2875E+42  4.8097E+45
  4.2170E-01  4.4179E+45  3.7884E+37  6.2687E+42  4.4116E+45
  4.4670E-01  4.0529E+45  1.2977E+38  6.2807E+42  4.0466E+45
  4.7320E-01  3.7178E+45  4.1145E+38  6.2983E+42  3.7115E+45
  5.0120E-01  3.4111E+45  1.2099E+39  6.3101E+42  3.4048E+45
  5.3090E-01  3.1295E+45  3.3305E+39  6.3374E+42  3.1232E+45
  5.6230E-01  2.8715E+45  8.5325E+39  6.3539E+42  2.8651E+45
  5.9570E-01  2.6340E+45  2.0551E+40  6.3671E+42  2.6276E+45
  6.3100E-01  2.4168E+45  4.6564E+40  6.3842E+42  2.4103E+45
  6.6830E-01  2.2179E+45  9.9463E+40  6.4016E+42  2.2114E+45
  7.0790E-01  2.0350E+45  2.0139E+41  6.4155E+42  2.0284E+45
  7.4990E-01  1.8673E+45  3.8639E+41  6.3988E+42  1.8605E+45
  7.9430E-01  1.7137E+45  7.0499E+41  6.3598E+42  1.7066E+45
  8.4140E-01  1.5729E+45  1.2296E+42  6.3191E+42  1.5653E+45
  8.9130E-01  1.4441E+45  2.0630E+42  6.2912E+42  1.4357E+45
  9.4410E-01  1.3266E+45  3.3195E+42  6.2844E+42  1.3170E+45
  1.0000E+00  1.2195E+45  5.1215E+42  6.2943E+42  1.2081E+45
  1.0590E+00  1.1225E+45  7.5989E+42  6.3385E+42  1.1086E+45
  1.1220E+00  1.0339E+45  1.0941E+43  6.4238E+42  1.0165E+45
  1.1890E+00  9.5371E+44  1.5322E+43  6.5629E+42  9.3183E+44
  1.2590E+00  8.8281E+44  2.0843E+43  6.7633E+42  8.5520E+44
  1.3340E+00  8.1884E+44  2.7670E+43  7.0598E+42  7.8411E+44
  1.4130E+00  7.6238E+44  3.5646E+43  7.4649E+42  7.1927E+44
  1.4960E+00  7.1303E+44  4.4794E+43  7.9778E+42  6.6026E+44
  1.5850E+00  6.6945E+44  5.5407E+43  8.6103E+42  6.0543E+44
  1.6790E+00  6.3207E+44  6.7406E+43  9.3582E+42  5.5530E+44
  1.7780E+00  6.0057E+44  8.0789E+43  1.0206E+43  5.0957E+44
  1.8840E+00  5.7416E+44  9.5837E+43  1.1140E+43  4.6719E+44
  1.9950E+00  5.5317E+44  1.1233E+44  1.2101E+43  4.2875E+44
  2.1130E+00  5.3661E+44  1.3025E+44  1.3032E+43  3.9333E+44
  2.2390E+00  5.2367E+44  1.4921E+44  1.3853E+43  3.6061E+44
  2.3710E+00  5.1394E+44  1.6856E+44  1.4467E+43  3.3092E+44
  2.5120E+00  5.0610E+44  1.8782E+44  1.4831E+43  3.0344E+44
  2.6610E+00  4.9933E+44  2.0611E+44  1.4904E+43  2.7832E+44
  2.8180E+00  4.9265E+44  2.2260E+44  1.4677E+43  2.5538E+44
  2.9850E+00  4.8516E+44  2.3672E+44  1.4176E+43  2.3426E+44
  3.1620E+00  4.7618E+44  2.4787E+44  1.3444E+43  2.1487E+44
  3.3500E+00  4.6535E+44  2.5581E+44  1.2497E+43  1.9704E+44
  3.5480E+00  4.5243E+44  2.6022E+44  1.1438E+43  1.8078E+44
  3.7580E+00  4.3731E+44  2.6118E+44  1.0291E+43  1.6583E+44
  3.9810E+00  4.1997E+44  2.5877E+44  9.1078E+42  1.5210E+44
  4.2170E+00  4.0077E+44  2.5332E+44  7.9364E+42  1.3951E+44
  4.4670E+00  3.8006E+44  2.4529E+44  6.8137E+42  1.2796E+44
  4.7320E+00  3.5820E+44  2.3508E+44  5.7540E+42  1.1737E+44
  5.0120E+00  3.3596E+44  2.2326E+44  4.7850E+42  1.0791E+44
  5.3090E+00  3.1014E+44  2.1022E+44  3.8962E+42  9.6024E+43
  5.6230E+00  2.8446E+44  1.9654E+44  3.1167E+42  8.4805E+43
  5.9570E+00  2.5948E+44  1.8271E+44  2.4499E+42  7.4316E+43
  6.3100E+00  2.3540E+44  1.6879E+44  1.9008E+42  6.4710E+43
  6.6830E+00  2.1411E+44  1.5664E+44  1.4603E+42  5.6014E+43
  7.0790E+00  1.9410E+44  1.4480E+44  1.1063E+42  4.8190E+43
  7.4990E+00  1.7430E+44  1.3230E+44  7.6463E+41  4.1229E+43
  7.9430E+00  1.4989E+44  1.1439E+44  3.8421E+41  3.5109E+43
  8.4140E+00  1.2149E+44  9.1578E+43  1.6431E+41  2.9752E+43
  8.9130E+00  9.9520E+43  7.4329E+43  8.7811E+40  2.5104E+43
  9.4410E+00  8.3192E+43  6.2034E+43  5.7874E+40  2.1101E+43
  1.0000E+01  7.9464E+43  6.1738E+43  5.5680E+40  1.7671E+43
  1.0590E+01  7.8168E+43  6.3353E+43  5.7379E+40  1.4758E+43
  1.1220E+01  7.8482E+43  6.6155E+43  5.9354E+40  1.2267E+43
  1.1890E+01  7.7422E+43  6.7205E+43  5.8072E+40  1.0159E+43
  1.2590E+01  7.5607E+43  6.7141E+43  5.4025E+40  8.4119E+42
  1.3340E+01  7.2196E+43  6.5217E+43  4.6604E+40  6.9319E+42
  1.4130E+01  6.7446E+43  6.1705E+43  3.5793E+40  5.7050E+42
  1.4960E+01  6.2154E+43  5.7438E+43  2.4265E+40  4.6919E+42
  1.5850E+01  5.6756E+43  5.2898E+43  1.6408E+40  3.8414E+42
  1.6790E+01  5.1442E+43  4.8290E+43  1.1399E+40  3.1409E+42
  1.7780E+01  4.6642E+43  4.4067E+43  8.4099E+39  2.5663E+42
  1.8840E+01  4.2575E+43  4.0479E+43  6.6358E+39  2.0888E+42
  1.9950E+01  3.9144E+43  3.7437E+43  5.4270E+39  1.7013E+42
  2.1130E+01  3.5744E+43  3.4357E+43  4.3089E+39  1.3827E+42
  2.2390E+01  3.2278E+43  3.1155E+43  3.3330E+39  1.1203E+42
  2.3710E+01  2.8916E+43  2.8005E+43  2.5254E+39  9.0864E+41
  2.5120E+01  2.5642E+43  2.4905E+43  1.8844E+39  7.3479E+41
  2.6610E+01  2.2543E+43  2.1948E+43  1.3845E+39  5.9383E+41
  2.8180E+01  1.9657E+43  1.9176E+43  1.0066E+39  4.7994E+41
  2.9850E+01  1.6975E+43  1.6587E+43  7.2383E+38  3.8717E+41
  3.1620E+01  1.4520E+43  1.4208E+43  5.1464E+38  3.1199E+41
  3.3500E+01  1.2296E+43  1.2045E+43  3.6186E+38  2.5106E+41
  3.5480E+01  1.0321E+43  1.0119E+43  2.5194E+38  2.0210E+41
  3.7580E+01  8.5747E+42  8.4120E+42  1.7355E+38  1.6253E+41
  3.9810E+01  7.0431E+42  6.9125E+42  1.1835E+38  1.3054E+41
  4.2170E+01  5.7247E+42  5.6198E+42  7.9776E+37  1.0479E+41
  4.4670E+01  4.6042E+42  4.5201E+42  5.3071E+37  8.4074E+40
  4.7320E+01  3.6655E+42  3.5981E+42  3.4853E+37  6.7400E+40
  5.0120E+01  2.8911E+42  2.8370E+42  2.2611E+37  5.4034E+40
  5.3090E+01  2.2582E+42  2.2149E+42  1.4488E+37  4.3282E+40
  5.6230E+01  1.7493E+42  1.7146E+42  9.1772E+36  3.4667E+40
  5.9570E+01  1.3427E+42  1.3150E+42  5.7440E+36  2.7728E+40
  6.3100E+01  1.0235E+42  1.0013E+42  3.5603E+36  2.2180E+40
  6.6830E+01  7.7513E+41  7.5738E+41  2.1872E+36  1.7744E+40
  7.0790E+01  5.8336E+41  5.6918E+41  1.3319E+36  1.4183E+40
  7.4990E+01  4.3648E+41  4.2515E+41  8.0464E+35  1.1329E+40
  7.9430E+01  3.2515E+41  3.1609E+41  4.8309E+35  9.0505E+39
  8.4140E+01  2.4114E+41  2.3391E+41  2.8818E+35  7.2256E+39
  8.9130E+01  1.7827E+41  1.7250E+41  1.7111E+35  5.7665E+39
  9.4410E+01  1.3142E+41  1.2681E+41  1.0117E+35  4.6021E+39
  1.0000E+02  9.6621E+40  9.2949E+40  5.9585E+34  3.6722E+39
  1.0590E+02  7.0957E+40  6.8026E+40  3.5022E+34  2.9317E+39
  1.1220E+02  5.1998E+40  4.9662E+40  2.0511E+34  2.3358E+39
  1.1890E+02  3.8111E+40  3.6252E+40  1.2005E+34  1.8590E+39
  1.2590E+02  2.8084E+40  2.6600E+40  7.0599E+33  1.4838E+39
  1.3340E+02  2.0730E+40  1.9549E+40  4.1619E+33  1.1811E+39
  1.4130E+02  1.5223E+40  1.4281E+40  2.4487E+33  9.4117E+38
  1.4960E+02  1.1012E+40  1.0261E+40  1.4175E+33  7.5121E+38
  1.5850E+02  7.9163E+39  7.3185E+39  8.1290E+32  5.9781E+38
  1.7780E+02  4.1303E+39  3.7509E+39  2.6915E+32  3.7942E+38
  1.9950E+02  2.1655E+39  1.9250E+39  8.9456E+31  2.4043E+38
  2.2390E+02  1.1385E+39  9.8634E+38  2.9814E+31  1.5216E+38
  2.5120E+02  6.0148E+38  5.0510E+38  9.9821E+30  9.6376E+37
  2.8180E+02  3.1926E+38  2.5822E+38  3.3583E+30  6.1043E+37
  3.1620E+02  1.7029E+38  1.3167E+38  1.1355E+30  3.8617E+37
  3.5480E+02  9.1471E+37  6.7050E+37  3.8657E+29  2.4421E+37
  3.9810E+02  4.9537E+37  3.4095E+37  1.3275E+29  1.5442E+37
  4.4670E+02  2.7073E+37  1.7313E+37  4.6012E+28  9.7603E+36
  5.0120E+02  1.4953E+37  8.7839E+36  1.6121E+28  6.1695E+36
  5.6230E+02  8.3543E+36  4.4540E+36  5.7122E+27  3.9003E+36
  6.3100E+02  4.7173E+36  2.2544E+36  2.0461E+27  2.4629E+36
  7.0790E+02  2.6981E+36  1.1413E+36  7.4231E+26  1.5568E+36
  7.9430E+02  1.5602E+36  5.7696E+35  2.7219E+26  9.8325E+35
  8.9130E+02  9.1215E+35  2.9138E+35  1.0087E+26  6.2077E+35
  1.0000E+03  5.3927E+35  1.4713E+35  3.7794E+25  3.9214E+35
