  1.0000E-03  7.2845E+44  0.0000E+00  5.2895E+42  7.2316E+44
  1.1220E-03  7.7946E+44  0.0000E+00  6.6565E+42  7.7280E+44
  1.2590E-03  8.3130E+44  0.0000E+00  7.9728E+42  8.2333E+44
  1.4130E-03  8.8442E+44  0.0000E+00  9.1678E+42  8.7525E+44
  1.5850E-03  9.4763E+44  0.0000E+00  1.0319E+43  9.3731E+44
  1.7780E-03  1.0472E+45  0.0000E+00  1.3101E+43  1.0341E+45
  1.9950E-03  1.0753E+45  0.0000E+00  1.5395E+43  1.0599E+45
  2.2390E-03  1.1260E+45  0.0000E+00  1.6374E+43  1.1096E+45
  2.5120E-03  1.2284E+45  0.0000E+00  2.2077E+43  1.2063E+45
  2.8180E-03  1.2151E+45  0.0000E+00  2.5266E+43  1.1899E+45
  3.1620E-03  1.2170E+45  0.0000E+00  2.7555E+43  1.1894E+45
  3.5480E-03  1.2264E+45  0.0000E+00  2.9302E+43  1.1971E+45
  3.9810E-03  1.2474E+45  0.0000E+00  3.0570E+43  1.2168E+45
  4.4670E-03  2.0817E+45  0.0000E+00  4.6888E+43  2.0348E+45
  5.0120E-03  2.0418E+45  0.0000E+00  5.6141E+43  1.9856E+45
  5.6230E-03  2.0043E+45  0.0000E+00  6.4667E+43  1.9396E+45
  5.9570E-03  1.9917E+45  0.0000E+00  6.8605E+43  1.9231E+45
  6.6830E-03  1.9923E+45  0.0000E+00  7.5893E+43  1.9164E+45
  7.4990E-03  2.0406E+45  0.0000E+00  8.3719E+43  1.9568E+45
  8.4140E-03  2.0552E+45  0.0000E+00  9.0918E+43  1.9643E+45
  9.4410E-03  2.1120E+45  0.0000E+00  9.7428E+43  2.0145E+45
  1.0590E-02  2.2665E+45  0.0000E+00  1.0176E+44  2.1647E+45
  1.1890E-02  2.3113E+45  0.0000E+00  1.1443E+44  2.1968E+45
  1.3340E-02  2.4050E+45  0.0000E+00  1.2188E+44  2.2831E+45
  1.4960E-02  2.4564E+45  0.0000E+00  1.3090E+44  2.3255E+45
  1.6790E-02  2.5295E+45  0.0000E+00  1.3897E+44  2.3906E+45
  1.8840E-02  2.6302E+45  0.0000E+00  1.4642E+44  2.4837E+45
  2.1130E-02  2.7122E+45  0.0000E+00  1.5712E+44  2.5550E+45
  2.3710E-02  2.7872E+45  0.0000E+00  1.6676E+44  2.6204E+45
  2.6610E-02  2.8421E+45  0.0000E+00  1.7562E+44  2.6664E+45
  2.9850E-02  2.8997E+45  6.3150E-84  1.8392E+44  2.7157E+45
  3.3500E-02  2.9542E+45  3.7128E-69  1.9149E+44  2.7627E+45
  3.7580E-02  3.2266E+45  4.5435E-56  2.0667E+44  3.0199E+45
  4.2170E-02  3.3067E+45  1.8104E-44  2.3860E+44  3.0681E+45
  4.7320E-02  2.9614E+45  3.9166E-34  2.3668E+44  2.7247E+45
  5.3090E-02  2.3569E+45  5.5282E-25  2.1084E+44  2.1461E+45
  6.6830E-02  7.8915E+44  7.3991E-10  1.0765E+44  6.8149E+44
  7.4990E-02  3.9255E+44  1.2919E-03  6.3467E+43  3.2909E+44
  8.4140E-02  4.5193E+44  7.9410E+02  6.8509E+43  3.8342E+44
  9.4410E-02  4.9742E+44  1.0649E+08  7.3915E+43  4.2351E+44
  1.0590E-01  7.3076E+44  4.7176E+12  9.8868E+43  6.3189E+44
  1.1890E-01  1.0481E+45  5.8107E+16  1.1784E+44  9.3029E+44
  1.3340E-01  1.3027E+45  1.6476E+20  1.2731E+44  1.1754E+45
  1.4960E-01  1.4055E+45  2.3265E+23  1.1848E+44  1.2870E+45
  1.5850E-01  1.3496E+45  7.1410E+24  1.1150E+44  1.2381E+45
  1.7780E-01  1.0564E+45  3.5111E+27  9.5577E+43  9.6079E+44
  1.9950E-01  5.6471E+44  7.0006E+29  6.0302E+43  5.0441E+44
  2.2390E-01  3.6113E+44  6.8044E+31  4.2623E+43  3.1851E+44
  2.3710E-01  4.6494E+44  6.2174E+32  5.1247E+43  4.1369E+44
  2.5120E-01  6.0407E+44  4.9092E+33  5.9106E+43  5.4496E+44
  2.6610E-01  7.0049E+44  3.2672E+34  6.1567E+43  6.3892E+44
  2.8180E-01  7.6077E+44  1.8805E+35  6.0711E+43  7.0006E+44
  2.9850E-01  7.9728E+44  9.5482E+35  5.8619E+43  7.3867E+44
  3.1620E-01  8.2454E+44  4.3034E+36  5.6358E+43  7.6818E+44
  3.3500E-01  8.4429E+44  1.7556E+37  5.3857E+43  7.9044E+44
  3.5480E-01  8.5507E+44  6.4921E+37  5.1070E+43  8.0400E+44
  3.7580E-01  8.6451E+44  2.2195E+38  4.8217E+43  8.1629E+44
  3.9810E-01  8.6668E+44  6.9314E+38  4.5425E+43  8.2125E+44
  4.2170E-01  8.7466E+44  2.0030E+39  4.2722E+43  8.3194E+44
  4.4670E-01  8.7989E+44  5.3467E+39  4.0195E+43  8.3969E+44
  4.7320E-01  8.8309E+44  1.3398E+40  3.7661E+43  8.4542E+44
  5.0120E-01  8.8361E+44  3.1579E+40  3.5116E+43  8.4846E+44
  5.3090E-01  8.8443E+44  7.0643E+40  3.2581E+43  8.5177E+44
  5.6230E-01  8.7921E+44  1.4868E+41  3.0171E+43  8.4889E+44
  5.9570E-01  8.7010E+44  2.9728E+41  2.7844E+43  8.4196E+44
  6.3100E-01  8.5991E+44  5.6563E+41  2.5596E+43  8.3375E+44
  6.6830E-01  8.4852E+44  1.0259E+42  2.3415E+43  8.2408E+44
  7.0790E-01  8.3516E+44  1.7792E+42  2.1357E+43  8.1202E+44
  7.4990E-01  8.1853E+44  2.9510E+42  1.9415E+43  7.9616E+44
  7.9430E-01  8.0086E+44  4.6961E+42  1.7563E+43  7.7860E+44
  8.4140E-01  7.8269E+44  7.2061E+42  1.5802E+43  7.5968E+44
  8.9130E-01  7.6595E+44  1.0710E+43  1.4113E+43  7.4113E+44
  9.4410E-01  7.4884E+44  1.5398E+43  1.2530E+43  7.2091E+44
  1.0000E+00  7.3039E+44  2.1433E+43  1.1066E+43  6.9789E+44
  1.0590E+00  7.1166E+44  2.8953E+43  9.7356E+42  6.7297E+44
  1.1220E+00  6.9315E+44  3.8239E+43  8.5127E+42  6.4640E+44
  1.1890E+00  6.7582E+44  4.9461E+43  7.3864E+42  6.1898E+44
  1.2590E+00  6.6105E+44  6.2455E+43  6.3485E+42  5.9225E+44
  1.3340E+00  6.4706E+44  7.7443E+43  5.4232E+42  5.6419E+44
  1.4130E+00  6.3400E+44  9.3888E+43  4.6285E+42  5.3549E+44
  1.4960E+00  6.2245E+44  1.1163E+44  3.9412E+42  5.0688E+44
  1.5850E+00  6.1243E+44  1.3108E+44  3.3376E+42  4.7801E+44
  1.6790E+00  6.0411E+44  1.5138E+44  2.8054E+42  4.4993E+44
  1.7780E+00  5.9702E+44  1.7186E+44  2.3349E+42  4.2283E+44
  1.8840E+00  5.9082E+44  1.9274E+44  1.9216E+42  3.9616E+44
  1.9950E+00  5.8511E+44  2.1280E+44  1.5634E+42  3.7075E+44
  2.1130E+00  5.7930E+44  2.3194E+44  1.2577E+42  3.4610E+44
  2.2390E+00  5.7279E+44  2.4955E+44  1.0010E+42  3.2224E+44
  2.3710E+00  5.6515E+44  2.6464E+44  7.8891E+41  2.9972E+44
  2.5120E+00  5.5620E+44  2.7751E+44  6.1689E+41  2.7808E+44
  2.6610E+00  5.4557E+44  2.8743E+44  4.7893E+41  2.5766E+44
  2.8180E+00  5.3278E+44  2.9389E+44  3.6914E+41  2.3853E+44
  2.9850E+00  5.1805E+44  2.9728E+44  2.8281E+41  2.2049E+44
  3.1620E+00  5.0119E+44  2.9738E+44  2.1537E+41  2.0360E+44
  3.3500E+00  4.8333E+44  2.9539E+44  1.6344E+41  1.8778E+44
  3.5480E+00  4.6315E+44  2.8986E+44  1.2323E+41  1.7317E+44
  3.7580E+00  4.4181E+44  2.8215E+44  9.2475E+40  1.5956E+44
  3.9810E+00  4.1956E+44  2.7257E+44  6.9092E+40  1.4692E+44
  4.2170E+00  3.9656E+44  2.6128E+44  5.1390E+40  1.3523E+44
  4.4670E+00  3.7316E+44  2.4871E+44  3.8055E+40  1.2441E+44
  4.7320E+00  3.5005E+44  2.3561E+44  2.8075E+40  1.1442E+44
  5.0120E+00  3.2780E+44  2.2233E+44  2.0669E+40  1.0545E+44
  5.3090E+00  3.0310E+44  2.0907E+44  1.5019E+40  9.4020E+43
  5.6230E+00  2.7945E+44  1.9626E+44  1.0867E+40  8.3179E+43
  5.9570E+00  2.5730E+44  1.8429E+44  7.8408E+39  7.2998E+43
  6.3100E+00  2.3514E+44  1.7149E+44  5.6041E+39  6.3646E+43
  6.6830E+00  2.1613E+44  1.6097E+44  4.0154E+39  5.5154E+43
  7.0790E+00  1.9724E+44  1.4974E+44  2.8384E+39  4.7498E+43
  7.4990E+00  1.8965E+44  1.4903E+44  2.0924E+39  4.0622E+43
  7.9430E+00  2.2941E+44  1.9505E+44  1.9600E+39  3.4354E+43
  8.4140E+00  3.1760E+44  2.8892E+44  2.2568E+39  2.8671E+43
  8.9130E+00  3.9152E+44  3.6770E+44  2.4676E+39  2.3814E+43
  9.4410E+00  4.4681E+44  4.2709E+44  2.7694E+39  1.9714E+43
  1.0000E+01  3.7995E+44  3.6332E+44  2.0263E+39  1.6627E+43
  1.0590E+01  3.0409E+44  2.9006E+44  1.3509E+39  1.4030E+43
  1.1220E+01  2.3070E+44  2.1890E+44  7.9347E+38  1.1796E+43
  1.1890E+01  1.7747E+44  1.6762E+44  4.7334E+38  9.8502E+42
  1.2590E+01  1.3689E+44  1.2868E+44  2.7683E+38  8.2117E+42
  1.3340E+01  1.0746E+44  1.0066E+44  1.6214E+38  6.8010E+42
  1.4130E+01  9.0155E+43  8.4543E+43  9.9675E+37  5.6117E+42
  1.4960E+01  8.7722E+43  8.3113E+43  7.3412E+37  4.6092E+42
  1.5850E+01  8.8587E+43  8.4822E+43  5.8606E+37  3.7644E+42
  1.6790E+01  8.9693E+43  8.6624E+43  4.8774E+37  3.0693E+42
  1.7780E+01  8.7923E+43  8.5420E+43  4.0443E+37  2.5030E+42
  1.8840E+01  8.1246E+43  7.9208E+43  3.1651E+37  2.0373E+42
  1.9950E+01  7.0834E+43  6.9172E+43  2.2653E+37  1.6628E+42
  2.1130E+01  6.0998E+43  5.9644E+43  1.5499E+37  1.3545E+42
  2.2390E+01  5.2874E+43  5.1775E+43  1.0626E+37  1.0995E+42
  2.3710E+01  4.6036E+43  4.5143E+43  7.2807E+36  8.9314E+41
  2.5120E+01  4.0078E+43  3.9354E+43  4.9980E+36  7.2321E+41
  2.6610E+01  3.4771E+43  3.4186E+43  3.4108E+36  5.8517E+41
  2.8180E+01  3.0042E+43  2.9569E+43  2.3247E+36  4.7343E+41
  2.9850E+01  2.5746E+43  2.5363E+43  1.5757E+36  3.8228E+41
  3.1620E+01  2.1828E+43  2.1520E+43  1.0572E+36  3.0832E+41
  3.3500E+01  1.8282E+43  1.8034E+43  7.0179E+35  2.4831E+41
  3.5480E+01  1.5135E+43  1.4935E+43  4.6116E+35  2.0005E+41
  3.7580E+01  1.2356E+43  1.2195E+43  2.9911E+35  1.6101E+41
  3.9810E+01  9.9297E+42  9.8003E+42  1.9120E+35  1.2942E+41
  4.2170E+01  7.8747E+42  7.7707E+42  1.2060E+35  1.0397E+41
  4.4670E+01  6.1692E+42  6.0857E+42  7.5057E+34  8.3479E+40
  4.7320E+01  4.7817E+42  4.7147E+42  4.6181E+34  6.6970E+40
  5.0120E+01  3.6727E+42  3.6190E+42  2.8138E+34  5.3725E+40
  5.3090E+01  2.7965E+42  2.7535E+42  1.6989E+34  4.3061E+40
  5.6230E+01  2.1149E+42  2.0804E+42  1.0182E+34  3.4509E+40
  5.9570E+01  1.5878E+42  1.5601E+42  6.0550E+33  2.7615E+40
  6.3100E+01  1.1862E+42  1.1641E+42  3.5825E+33  2.2101E+40
  6.6830E+01  8.8235E+41  8.6466E+41  2.1104E+33  1.7687E+40
  7.0790E+01  6.5367E+41  6.3953E+41  1.2379E+33  1.4143E+40
  7.4990E+01  4.8243E+41  4.7113E+41  7.2348E+32  1.1301E+40
  7.9430E+01  3.5516E+41  3.4613E+41  4.2187E+32  9.0303E+39
  8.4140E+01  2.6079E+41  2.5357E+41  2.4534E+32  7.2113E+39
  8.9130E+01  1.9120E+41  1.8545E+41  1.4251E+32  5.7564E+39
  9.4410E+01  1.3999E+41  1.3539E+41  8.2681E+31  4.5950E+39
  1.0000E+02  1.0235E+41  9.8683E+40  4.7916E+31  3.6672E+39
  1.0590E+02  7.4837E+40  7.1909E+40  2.7783E+31  2.9281E+39
  1.1220E+02  5.4667E+40  5.2334E+40  1.6092E+31  2.3332E+39
  1.1890E+02  3.9987E+40  3.8129E+40  9.3353E+30  1.8572E+39
  1.2590E+02  2.9435E+40  2.7953E+40  5.4524E+30  1.4825E+39
  1.3340E+02  2.1723E+40  2.0542E+40  3.1974E+30  1.1802E+39
  1.4130E+02  1.5947E+40  1.5007E+40  1.8730E+30  9.4051E+38
  1.4960E+02  1.1526E+40  1.0775E+40  1.0804E+30  7.5074E+38
  1.5850E+02  8.2782E+39  7.6808E+39  6.1803E+29  5.9748E+38
  1.7780E+02  4.3153E+39  3.9360E+39  2.0426E+29  3.7926E+38
  1.9950E+02  2.2628E+39  2.0225E+39  6.8047E+28  2.4035E+38
  2.2390E+02  1.1905E+39  1.0384E+39  2.2811E+28  1.5212E+38
  2.5120E+02  6.2941E+38  5.3306E+38  7.7059E+27  9.6355E+37
  2.8180E+02  3.3430E+38  2.7327E+38  2.6229E+27  6.1033E+37
  3.1620E+02  1.7836E+38  1.3975E+38  8.9938E+26  3.8612E+37
  3.5480E+02  9.5784E+37  7.1366E+37  3.1116E+26  2.4418E+37
  3.9810E+02  5.1832E+37  3.6391E+37  1.0877E+26  1.5441E+37
  4.4670E+02  2.8289E+37  1.8529E+37  3.8428E+25  9.7596E+36
  5.0120E+02  1.5594E+37  9.4250E+36  1.3733E+25  6.1691E+36
  5.6230E+02  8.6907E+36  4.7905E+36  4.9648E+24  3.9002E+36
  6.3100E+02  4.8929E+36  2.4300E+36  1.8139E+24  2.4629E+36
  7.0790E+02  2.7895E+36  1.2328E+36  6.7072E+23  1.5567E+36
  7.9430E+02  1.6076E+36  6.2435E+35  2.5038E+23  9.8323E+35
  8.9130E+02  9.3660E+35  3.1584E+35  9.4329E+22  6.2076E+35
  1.0000E+03  5.5186E+35  1.5973E+35  3.5869E+22  3.9213E+35
