  1.0000E-03  8.5288E+44  0.0000E+00  9.4683E+41  8.5194E+44
  1.1220E-03  9.5016E+44  0.0000E+00  1.2050E+42  9.4895E+44
  1.2590E-03  1.0580E+45  0.0000E+00  1.4566E+42  1.0566E+45
  1.4130E-03  1.1778E+45  0.0000E+00  1.6852E+42  1.1761E+45
  1.5850E-03  1.3117E+45  0.0000E+00  1.8883E+42  1.3098E+45
  1.7780E-03  1.4671E+45  0.0000E+00  2.3011E+42  1.4648E+45
  1.9950E-03  1.6238E+45  0.0000E+00  2.6929E+42  1.6211E+45
  2.2390E-03  1.8026E+45  0.0000E+00  2.8279E+42  1.7997E+45
  2.5120E-03  2.0117E+45  0.0000E+00  3.5602E+42  2.0081E+45
  2.8180E-03  2.2134E+45  0.0000E+00  4.0327E+42  2.2094E+45
  3.1620E-03  2.4405E+45  0.0000E+00  4.3432E+42  2.4362E+45
  3.5480E-03  2.6935E+45  0.0000E+00  4.5598E+42  2.6890E+45
  3.9810E-03  2.9771E+45  0.0000E+00  4.6989E+42  2.9724E+45
  4.4670E-03  3.5701E+45  0.0000E+00  1.0182E+43  3.5600E+45
  5.0120E-03  3.9204E+45  0.0000E+00  1.1752E+43  3.9086E+45
  5.6230E-03  4.3045E+45  0.0000E+00  1.2985E+43  4.2915E+45
  5.9570E-03  4.5132E+45  0.0000E+00  1.3499E+43  4.4997E+45
  6.6830E-03  4.9698E+45  0.0000E+00  1.4408E+43  4.9554E+45
  7.4990E-03  5.4931E+45  0.0000E+00  1.5293E+43  5.4778E+45
  8.4140E-03  6.0569E+45  0.0000E+00  1.6207E+43  6.0407E+45
  9.4410E-03  6.6996E+45  0.0000E+00  1.6958E+43  6.6827E+45
  1.0590E-02  7.4581E+45  0.0000E+00  1.7231E+43  7.4409E+45
  1.1890E-02  8.2430E+45  0.0000E+00  1.8787E+43  8.2243E+45
  1.3340E-02  9.1352E+45  0.0000E+00  1.9603E+43  9.1156E+45
  1.4960E-02  1.0091E+46  0.0000E+00  2.0682E+43  1.0070E+46
  1.6790E-02  1.1169E+46  0.0000E+00  2.1639E+43  1.1147E+46
  1.8840E-02  1.2378E+46  0.0000E+00  2.2509E+43  1.2356E+46
  2.1130E-02  1.3694E+46  0.0000E+00  2.3753E+43  1.3671E+46
  2.3710E-02  1.5149E+46  0.0000E+00  2.4951E+43  1.5124E+46
  2.6610E-02  1.6740E+46  0.0000E+00  2.6142E+43  1.6714E+46
  2.9850E-02  1.8493E+46  7.4183E-83  2.7285E+43  1.8466E+46
  3.3500E-02  2.0433E+46  4.6577E-68  2.8367E+43  2.0404E+46
  3.7580E-02  2.2831E+46  5.8266E-55  3.0612E+43  2.2800E+46
  4.2170E-02  2.5223E+46  2.4862E-43  3.6077E+43  2.5187E+46
  4.7320E-02  2.7264E+46  6.2852E-33  3.6640E+43  2.7227E+46
  5.3090E-02  2.7162E+46  1.0747E-23  3.4266E+43  2.7128E+46
  6.6830E-02  2.1820E+46  3.1993E-08  2.5486E+43  2.1795E+46
  7.4990E-02  1.9058E+46  9.3128E-02  2.2424E+43  1.9036E+46
  8.4140E-02  1.9168E+46  5.0177E+04  2.1921E+43  1.9146E+46
  9.4410E-02  1.9118E+46  6.1518E+09  2.1821E+43  1.9096E+46
  1.0590E-01  1.8857E+46  1.9103E+14  2.2693E+43  1.8835E+46
  1.1890E-01  1.7357E+46  1.6361E+18  2.2059E+43  1.7335E+46
  1.3340E-01  1.5604E+46  3.6643E+21  2.2633E+43  1.5581E+46
  1.4960E-01  1.3721E+46  4.4416E+24  2.1168E+43  1.3700E+46
  1.5850E-01  1.2679E+46  1.3230E+26  1.9349E+43  1.2660E+46
  1.7780E-01  1.0509E+46  6.6710E+28  1.4050E+43  1.0495E+46
  1.9950E-01  8.1679E+45  1.7416E+31  7.8125E+42  8.1601E+45
  2.2390E-01  6.5414E+45  1.9852E+33  6.2460E+42  6.5352E+45
  2.3710E-01  6.3420E+45  1.4288E+34  6.9662E+42  6.3350E+45
  2.5120E-01  6.1586E+45  8.8627E+34  7.5089E+42  6.1511E+45
  2.6610E-01  5.8714E+45  5.0181E+35  7.5655E+42  5.8638E+45
  2.8180E-01  5.5392E+45  2.5689E+36  7.3290E+42  5.5318E+45
  2.9850E-01  5.1929E+45  1.1892E+37  7.0107E+42  5.1859E+45
  3.1620E-01  4.8570E+45  4.9327E+37  6.7176E+42  4.8502E+45
  3.3500E-01  4.5342E+45  1.8642E+38  6.4161E+42  4.5278E+45
  3.5480E-01  4.2268E+45  6.4351E+38  6.0959E+42  4.2207E+45
  3.7580E-01  3.9385E+45  2.0538E+39  5.7642E+42  3.9327E+45
  3.9810E-01  3.6641E+45  6.0264E+39  5.4567E+42  3.6586E+45
  4.2170E-01  3.4123E+45  1.6274E+40  5.1602E+42  3.4071E+45
  4.4670E-01  3.1763E+45  4.0705E+40  4.8923E+42  3.1714E+45
  4.7320E-01  2.9552E+45  9.5686E+40  4.6240E+42  2.9505E+45
  5.0120E-01  2.7487E+45  2.1190E+41  4.3522E+42  2.7442E+45
  5.3090E-01  2.5566E+45  4.4476E+41  4.0755E+42  2.5520E+45
  5.6230E-01  2.3757E+45  8.8204E+41  3.8140E+42  2.3710E+45
  5.9570E-01  2.2058E+45  1.6647E+42  3.5612E+42  2.2006E+45
  6.3100E-01  2.0487E+45  2.9889E+42  3.3158E+42  2.0424E+45
  6.6830E-01  1.9034E+45  5.1122E+42  3.0751E+42  1.8952E+45
  7.0790E-01  1.7688E+45  8.3612E+42  2.8501E+42  1.7576E+45
  7.4990E-01  1.6444E+45  1.3090E+43  2.6393E+42  1.6286E+45
  7.9430E-01  1.5308E+45  1.9649E+43  2.4396E+42  1.5087E+45
  8.4140E-01  1.4278E+45  2.8388E+43  2.2495E+42  1.3971E+45
  8.9130E-01  1.3354E+45  3.9597E+43  2.0662E+42  1.2938E+45
  9.4410E-01  1.2528E+45  5.3307E+43  1.8911E+42  1.1976E+45
  1.0000E+00  1.1789E+45  6.9370E+43  1.7242E+42  1.1078E+45
  1.0590E+00  1.1134E+45  8.7435E+43  1.5675E+42  1.0244E+45
  1.1220E+00  1.0550E+45  1.0741E+44  1.4170E+42  9.4619E+44
  1.1890E+00  1.0033E+45  1.2877E+44  1.2701E+42  8.7330E+44
  1.2590E+00  9.5815E+44  1.5027E+44  1.1243E+42  8.0676E+44
  1.3340E+00  9.1665E+44  1.7149E+44  9.8503E+41  7.4417E+44
  1.4130E+00  8.7805E+44  1.9088E+44  8.5683E+41  6.8632E+44
  1.4960E+00  8.4171E+44  2.0790E+44  7.3858E+41  6.3307E+44
  1.5850E+00  8.0656E+44  2.2284E+44  6.2871E+41  5.8309E+44
  1.6790E+00  7.7198E+44  2.3444E+44  5.2707E+41  5.3701E+44
  1.7780E+00  7.3723E+44  2.4214E+44  4.3407E+41  4.9465E+44
  1.8840E+00  7.0197E+44  2.4655E+44  3.5080E+41  4.5508E+44
  1.9950E+00  6.6653E+44  2.4731E+44  2.7840E+41  4.1894E+44
  2.1130E+00  6.3061E+44  2.4500E+44  2.1712E+41  3.8540E+44
  2.2390E+00  5.9410E+44  2.3973E+44  1.6663E+41  3.5421E+44
  2.3710E+00  5.5777E+44  2.3190E+44  1.2617E+41  3.2574E+44
  2.5120E+00  5.2167E+44  2.2232E+44  9.4486E+40  2.9926E+44
  2.6610E+00  4.8622E+44  2.1122E+44  7.0126E+40  2.7493E+44
  2.8180E+00  4.5157E+44  1.9889E+44  5.1642E+40  2.5263E+44
  2.9850E+00  4.1802E+44  1.8596E+44  3.7793E+40  2.3202E+44
  3.1620E+00  3.8567E+44  1.7261E+44  2.7509E+40  2.1304E+44
  3.3500E+00  3.5527E+44  1.5971E+44  1.9964E+40  1.9554E+44
  3.5480E+00  3.2625E+44  1.4669E+44  1.4430E+40  1.7955E+44
  3.7580E+00  2.9898E+44  1.3414E+44  1.0398E+40  1.6482E+44
  3.9810E+00  2.7338E+44  1.2211E+44  7.4722E+39  1.5127E+44
  4.2170E+00  2.4945E+44  1.1062E+44  5.3566E+39  1.3882E+44
  4.4670E+00  2.2715E+44  9.9746E+43  3.8306E+39  1.2740E+44
  4.7320E+00  2.0649E+44  8.9595E+43  2.7325E+39  1.1690E+44
  5.0120E+00  1.8772E+44  8.0198E+43  1.9485E+39  1.0752E+44
  5.3090E+00  1.6720E+44  7.1492E+43  1.3593E+39  9.5706E+43
  5.6230E+00  1.4810E+44  6.3551E+43  9.4148E+38  8.4548E+43
  5.9570E+00  1.3051E+44  5.6398E+43  6.4772E+38  7.4108E+43
  6.3100E+00  1.1412E+44  4.9573E+43  4.4149E+38  6.4543E+43
  6.6830E+00  9.9774E+43  4.3895E+43  2.9977E+38  5.5879E+43
  7.0790E+00  8.6560E+43  3.8478E+43  2.0089E+38  4.8082E+43
  7.4990E+00  7.6708E+43  3.5572E+43  1.3601E+38  4.1135E+43
  7.9430E+00  7.7020E+43  4.2025E+43  1.0434E+38  3.4995E+43
  8.4140E+00  8.7195E+43  5.7603E+43  9.5866E+37  2.9591E+43
  8.9130E+00  9.4945E+43  7.0033E+43  9.0450E+37  2.4912E+43
  9.4410E+00  9.9463E+43  7.8568E+43  9.0999E+37  2.0894E+43
  1.0000E+01  8.1713E+43  6.4197E+43  6.3626E+37  1.7516E+43
  1.0590E+01  6.3625E+43  4.8974E+43  4.0974E+37  1.4650E+43
  1.1220E+01  4.7247E+43  3.5049E+43  2.3532E+37  1.2198E+43
  1.1890E+01  3.5428E+43  2.5314E+43  1.3713E+37  1.0114E+43
  1.2590E+01  2.6565E+43  1.8183E+43  7.8466E+36  8.3823E+42
  1.3340E+01  2.0110E+43  1.3198E+43  4.4780E+36  6.9125E+42
  1.4130E+01  1.5971E+43  1.0280E+43  2.6306E+36  5.6911E+42
  1.4960E+01  1.4226E+43  9.5467E+42  1.7638E+36  4.6797E+42
  1.5850E+01  1.3071E+43  9.2406E+42  1.2665E+36  3.8300E+42
  1.6790E+01  1.2073E+43  8.9427E+42  9.4942E+35  3.1303E+42
  1.7780E+01  1.0859E+43  8.3020E+42  7.1569E+35  2.5570E+42
  1.8840E+01  9.2412E+42  7.1600E+42  5.1477E+35  2.0812E+42
  1.9950E+01  7.4422E+42  5.7465E+42  3.4256E+35  1.6956E+42
  2.1130E+01  5.9072E+42  4.5287E+42  2.1834E+35  1.3785E+42
  2.2390E+01  4.7065E+42  3.5893E+42  1.3915E+35  1.1172E+42
  2.3710E+01  3.7664E+42  2.8601E+42  8.8684E+34  9.0634E+41
  2.5120E+01  3.0148E+42  2.2818E+42  5.6654E+34  7.3306E+41
  2.6610E+01  2.4112E+42  1.8186E+42  3.6086E+34  5.9254E+41
  2.8180E+01  1.9281E+42  1.4491E+42  2.3048E+34  4.7896E+41
  2.9850E+01  1.5362E+42  1.1498E+42  1.4709E+34  3.8643E+41
  3.1620E+01  1.2178E+42  9.0641E+41  9.3489E+33  3.1143E+41
  3.3500E+01  9.5979E+41  7.0915E+41  5.9189E+33  2.5064E+41
  3.5480E+01  7.5309E+41  5.5131E+41  3.7384E+33  2.0179E+41
  3.7580E+01  5.8677E+41  4.2447E+41  2.3486E+33  1.6230E+41
  3.9810E+01  4.5314E+41  3.2277E+41  1.4658E+33  1.3037E+41
  4.2170E+01  3.4773E+41  2.4306E+41  9.0994E+32  1.0467E+41
  4.4670E+01  2.6538E+41  1.8140E+41  5.6164E+32  8.3983E+40
  4.7320E+01  2.0167E+41  1.3434E+41  3.4522E+32  6.7334E+40
  5.0120E+01  1.5286E+41  9.8869E+40  2.1164E+32  5.3986E+40
  5.3090E+01  1.1556E+41  7.2310E+40  1.2944E+32  4.3248E+40
  5.6230E+01  8.7297E+40  5.2654E+40  7.9093E+31  3.4643E+40
  5.9570E+01  6.5846E+40  3.8135E+40  4.8254E+31  2.7711E+40
  6.3100E+01  4.9710E+40  2.7541E+40  2.9462E+31  2.2168E+40
  6.6830E+01  3.7578E+40  1.9843E+40  1.8009E+31  1.7735E+40
  7.0790E+01  2.8438E+40  1.4261E+40  1.1016E+31  1.4177E+40
  7.4990E+01  2.1551E+40  1.0226E+40  6.7464E+30  1.1325E+40
  7.9430E+01  1.6372E+40  7.3251E+39  4.1405E+30  9.0474E+39
  8.4140E+01  1.2464E+40  5.2402E+39  2.5443E+30  7.2234E+39
  8.9130E+01  9.5127E+39  3.7477E+39  1.5667E+30  5.7650E+39
  9.4410E+01  7.2804E+39  2.6794E+39  9.6670E+29  4.6010E+39
  1.0000E+02  5.5863E+39  1.9148E+39  5.9758E+29  3.6715E+39
  1.0590E+02  4.3009E+39  1.3698E+39  3.7040E+29  2.9311E+39
  1.1220E+02  3.3150E+39  9.7960E+38  2.2953E+29  2.3354E+39
  1.1890E+02  2.5608E+39  7.0203E+38  1.4241E+29  1.8587E+39
  1.2590E+02  1.9904E+39  5.0682E+38  8.8821E+28  1.4836E+39
  1.3340E+02  1.5480E+39  3.6708E+38  5.5448E+28  1.1810E+39
  1.4130E+02  1.2056E+39  2.6454E+38  3.4787E+28  9.4107E+38
  1.4960E+02  9.3868E+38  1.8754E+38  2.1809E+28  7.5114E+38
  1.5850E+02  7.2985E+38  1.3209E+38  1.3607E+28  5.9776E+38
  1.7780E+02  4.4563E+38  6.6236E+37  5.3244E+27  3.7939E+38
  1.9950E+02  2.7381E+38  3.3387E+37  2.0902E+27  2.4042E+38
  2.2390E+02  1.6900E+38  1.6852E+37  8.2275E+26  1.5215E+38
  2.5120E+02  1.0489E+38  8.5223E+36  3.2505E+26  9.6373E+37
  2.8180E+02  6.5353E+37  4.3112E+36  1.2873E+26  6.1042E+37
  3.1620E+02  4.0795E+37  2.1789E+36  5.1013E+25  3.8616E+37
  3.5480E+02  2.5522E+37  1.1011E+36  2.0231E+25  2.4421E+37
  3.9810E+02  1.5998E+37  5.5632E+35  8.0343E+24  1.5442E+37
  4.4670E+02  1.0041E+37  2.8094E+35  3.1923E+24  9.7602E+36
  5.0120E+02  6.3113E+36  1.4187E+35  1.2694E+24  6.1694E+36
  5.6230E+02  3.9719E+36  7.1643E+34  5.0505E+23  3.9003E+36
  6.3100E+02  2.4991E+36  3.6134E+34  2.0085E+23  2.4629E+36
  7.0790E+02  1.5750E+36  1.8238E+34  7.9982E+22  1.5568E+36
  7.9430E+02  9.9244E+35  9.1952E+33  3.1833E+22  9.8325E+35
  8.9130E+02  6.2540E+35  4.6330E+33  1.2668E+22  6.2077E+35
  1.0000E+03  3.9447E+35  2.3347E+33  5.0453E+21  3.9213E+35
