  1.0000E-03  8.7768E+44  0.0000E+00  1.0631E+42  8.7662E+44
  1.1220E-03  9.8498E+44  0.0000E+00  1.4076E+42  9.8357E+44
  1.2590E-03  1.1055E+45  0.0000E+00  1.7772E+42  1.1037E+45
  1.4130E-03  1.2408E+45  0.0000E+00  2.1563E+42  1.2387E+45
  1.5850E-03  1.3920E+45  0.0000E+00  2.5379E+42  1.3894E+45
  1.7780E-03  1.5619E+45  0.0000E+00  3.2664E+42  1.5586E+45
  1.9950E-03  1.7530E+45  0.0000E+00  4.1664E+42  1.7488E+45
  2.2390E-03  1.9674E+45  0.0000E+00  4.7149E+42  1.9627E+45
  2.5120E-03  2.2085E+45  0.0000E+00  6.5020E+42  2.2020E+45
  2.8180E-03  2.4785E+45  0.0000E+00  8.2491E+42  2.4702E+45
  3.1620E-03  2.7817E+45  0.0000E+00  9.8259E+42  2.7718E+45
  3.5480E-03  3.1216E+45  0.0000E+00  1.1318E+43  3.1103E+45
  3.9810E-03  3.5025E+45  0.0000E+00  1.2672E+43  3.4898E+45
  4.4670E-03  3.9301E+45  0.0000E+00  1.4294E+43  3.9158E+45
  5.0120E-03  4.4126E+45  0.0000E+00  1.8986E+43  4.3936E+45
  5.6230E-03  4.9533E+45  0.0000E+00  2.4105E+43  4.9292E+45
  5.9570E-03  5.2488E+45  0.0000E+00  2.6750E+43  5.2220E+45
  6.6830E-03  5.8905E+45  0.0000E+00  3.2014E+43  5.8585E+45
  7.4990E-03  6.6113E+45  0.0000E+00  3.7536E+43  6.5738E+45
  8.4140E-03  7.4196E+45  0.0000E+00  4.3737E+43  7.3758E+45
  9.4410E-03  8.3257E+45  0.0000E+00  4.9626E+43  8.2761E+45
  1.0590E-02  9.3368E+45  0.0000E+00  5.3493E+43  9.2833E+45
  1.1890E-02  1.0487E+46  0.0000E+00  6.3755E+43  1.0423E+46
  1.3340E-02  1.1765E+46  0.0000E+00  7.1240E+43  1.1694E+46
  1.4960E-02  1.3195E+46  0.0000E+00  8.1030E+43  1.3114E+46
  1.6790E-02  1.4809E+46  0.0000E+00  9.0749E+43  1.4718E+46
  1.8840E-02  1.6616E+46  0.0000E+00  1.0031E+44  1.6515E+46
  2.1130E-02  1.8637E+46  0.0000E+00  1.1324E+44  1.8524E+46
  2.3710E-02  2.0911E+46  0.0000E+00  1.2678E+44  2.0785E+46
  2.6610E-02  2.3468E+46  0.0000E+00  1.4151E+44  2.3326E+46
  2.9850E-02  2.6323E+46  2.5608E-83  1.5701E+44  2.6166E+46
  3.3500E-02  2.9540E+46  1.6659E-68  1.7340E+44  2.9367E+46
  3.7580E-02  3.3133E+46  2.0932E-55  1.9033E+44  3.2942E+46
  4.2170E-02  3.7198E+46  9.2365E-44  2.3096E+44  3.6967E+46
  4.7320E-02  4.1744E+46  2.5416E-33  2.6197E+44  4.1482E+46
  5.3090E-02  4.3486E+46  4.7774E-24  2.7368E+44  4.3212E+46
  6.6830E-02  4.1527E+46  1.9597E-08  2.5836E+44  4.1268E+46
  7.4990E-02  4.0557E+46  6.9974E-02  2.2842E+44  4.0328E+46
  8.4140E-02  3.9634E+46  3.6095E+04  2.2388E+44  3.9410E+46
  9.4410E-02  3.8737E+46  4.2889E+09  2.2459E+44  3.8513E+46
  1.0590E-01  3.5280E+46  1.1539E+14  2.2481E+44  3.5055E+46
  1.1890E-01  2.9662E+46  7.9854E+17  1.9468E+44  2.9467E+46
  1.3340E-01  2.4962E+46  1.4842E+21  1.6646E+44  2.4795E+46
  1.4960E-01  2.1012E+46  1.5994E+24  1.3358E+44  2.0878E+46
  1.5850E-01  1.9267E+46  4.6794E+25  1.2211E+44  1.9145E+46
  1.7780E-01  1.6223E+46  2.5126E+28  1.0884E+44  1.6114E+46
  1.9950E-01  1.3648E+46  8.1753E+30  8.9940E+43  1.3558E+46
  2.2390E-01  1.1478E+46  1.0730E+33  7.5036E+43  1.1403E+46
  2.3710E-01  1.0538E+46  6.8697E+33  7.3700E+43  1.0464E+46
  2.5120E-01  9.6650E+45  3.7373E+34  6.9210E+43  9.5958E+45
  2.6610E-01  8.8641E+45  1.9321E+35  6.2873E+43  8.8012E+45
  2.8180E-01  8.1323E+45  9.2686E+35  5.6260E+43  8.0761E+45
  2.9850E-01  7.4582E+45  4.0761E+36  5.0312E+43  7.4079E+45
  3.1620E-01  6.8398E+45  1.6152E+37  4.5127E+43  6.7947E+45
  3.3500E-01  6.2713E+45  5.8563E+37  4.0449E+43  6.2308E+45
  3.5480E-01  5.7527E+45  1.9490E+38  3.6214E+43  5.7165E+45
  3.7580E-01  5.2765E+45  6.0082E+38  3.2307E+43  5.2442E+45
  3.9810E-01  4.8386E+45  1.7073E+39  2.8881E+43  4.8097E+45
  4.2170E-01  4.4373E+45  4.4586E+39  2.5666E+43  4.4116E+45
  4.4670E-01  4.0695E+45  1.0796E+40  2.2841E+43  4.0466E+45
  4.7320E-01  3.7318E+45  2.4601E+40  2.0256E+43  3.7115E+45
  5.0120E-01  3.4227E+45  5.2916E+40  1.7899E+43  3.4048E+45
  5.3090E-01  3.1390E+45  1.0800E+41  1.5719E+43  3.1232E+45
  5.6230E-01  2.8792E+45  2.0896E+41  1.3821E+43  2.8651E+45
  5.9570E-01  2.6401E+45  3.8592E+41  1.2130E+43  2.6276E+45
  6.3100E-01  2.4216E+45  6.7960E+41  1.0603E+43  2.4103E+45
  6.6830E-01  2.2218E+45  1.1434E+42  9.2214E+42  2.2114E+45
  7.0790E-01  2.0383E+45  1.8453E+42  7.9982E+42  2.0284E+45
  7.4990E-01  1.8703E+45  2.8630E+42  6.9250E+42  1.8605E+45
  7.9430E-01  1.7168E+45  4.2749E+42  5.9668E+42  1.7066E+45
  8.4140E-01  1.5766E+45  6.1710E+42  5.1110E+42  1.5653E+45
  8.9130E-01  1.4487E+45  8.6322E+42  4.3357E+42  1.4357E+45
  9.4410E-01  1.3324E+45  1.1721E+43  3.6552E+42  1.3170E+45
  1.0000E+00  1.2267E+45  1.5495E+43  3.0689E+42  1.2081E+45
  1.0590E+00  1.1311E+45  1.9974E+43  2.5683E+42  1.1086E+45
  1.1220E+00  1.0439E+45  2.5272E+43  2.1355E+42  1.0165E+45
  1.1890E+00  9.6501E+44  3.1421E+43  1.7606E+42  9.3183E+44
  1.2590E+00  8.9487E+44  3.8231E+43  1.4360E+42  8.5520E+44
  1.3340E+00  8.3114E+44  4.5869E+43  1.1639E+42  7.8411E+44
  1.4130E+00  7.7428E+44  5.4068E+43  9.4341E+41  7.1927E+44
  1.4960E+00  7.2377E+44  6.2747E+43  7.6357E+41  6.6026E+44
  1.5850E+00  6.7819E+44  7.2144E+43  6.1446E+41  6.0543E+44
  1.6790E+00  6.3758E+44  8.1788E+43  4.9098E+41  5.5530E+44
  1.7780E+00  6.0133E+44  9.1368E+43  3.8886E+41  5.0957E+44
  1.8840E+00  5.6857E+44  1.0108E+44  3.0485E+41  4.6719E+44
  1.9950E+00  5.3932E+44  1.1034E+44  2.3684E+41  4.2875E+44
  2.1130E+00  5.1269E+44  1.1918E+44  1.8237E+41  3.9333E+44
  2.2390E+00  4.8811E+44  1.2736E+44  1.3933E+41  3.6061E+44
  2.3710E+00  4.6544E+44  1.3442E+44  1.0581E+41  3.3092E+44
  2.5120E+00  4.4407E+44  1.4055E+44  7.9973E+40  3.0344E+44
  2.6610E+00  4.2378E+44  1.4540E+44  6.0233E+40  2.7832E+44
  2.8180E+00  4.0413E+44  1.4871E+44  4.5210E+40  2.5538E+44
  2.9850E+00  3.8496E+44  1.5067E+44  3.3840E+40  2.3426E+44
  3.1620E+00  3.6604E+44  1.5115E+44  2.5260E+40  2.1487E+44
  3.3500E+00  3.4781E+44  1.5075E+44  1.8837E+40  1.9704E+44
  3.5480E+00  3.2946E+44  1.4867E+44  1.4003E+40  1.8078E+44
  3.7580E+00  3.1143E+44  1.4558E+44  1.0386E+40  1.6583E+44
  3.9810E+00  2.9374E+44  1.4163E+44  7.6874E+39  1.5210E+44
  4.2170E+00  2.7637E+44  1.3685E+44  5.6771E+39  1.3951E+44
  4.4670E+00  2.5940E+44  1.3143E+44  4.1824E+39  1.2796E+44
  4.7320E+00  2.4311E+44  1.2574E+44  3.0748E+39  1.1737E+44
  5.0120E+00  2.2785E+44  1.1993E+44  2.2598E+39  1.0791E+44
  5.3090E+00  2.1011E+44  1.1409E+44  1.6325E+39  9.6024E+43
  5.6230E+00  1.9322E+44  1.0841E+44  1.1743E+39  8.4805E+43
  5.9570E+00  1.7744E+44  1.0312E+44  8.4216E+38  7.4316E+43
  6.3100E+00  1.6190E+44  9.7195E+43  5.9893E+38  6.4710E+43
  6.6830E+00  1.4852E+44  9.2503E+43  4.2662E+38  5.6014E+43
  7.0790E+00  1.3541E+44  8.7224E+43  3.0015E+38  4.8190E+43
  7.4990E+00  1.2925E+44  8.8024E+43  2.1864E+38  4.1229E+43
  7.9430E+00  1.5228E+44  1.1717E+44  1.9811E+38  3.5109E+43
  8.4140E+00  2.0776E+44  1.7800E+44  2.2357E+38  2.9752E+43
  8.9130E+00  2.5806E+44  2.3296E+44  2.4557E+38  2.5104E+43
  9.4410E+00  2.9944E+44  2.7834E+44  2.7965E+38  2.1101E+43
  1.0000E+01  2.5599E+44  2.3832E+44  2.0492E+38  1.7671E+43
  1.0590E+01  2.0569E+44  1.9093E+44  1.3659E+38  1.4758E+43
  1.1220E+01  1.5675E+44  1.4449E+44  8.0255E+37  1.2267E+43
  1.1890E+01  1.2141E+44  1.1125E+44  4.8025E+37  1.0159E+43
  1.2590E+01  9.4374E+43  8.5962E+43  2.8212E+37  8.4119E+42
  1.3340E+01  7.4689E+43  6.7757E+43  1.6610E+37  6.9319E+42
  1.4130E+01  6.3136E+43  5.7431E+43  1.0259E+37  5.7050E+42
  1.4960E+01  6.1876E+43  5.7184E+43  7.5841E+36  4.6919E+42
  1.5850E+01  6.3026E+43  5.9185E+43  6.0860E+36  3.8414E+42
  1.6790E+01  6.4442E+43  6.1301E+43  5.0987E+36  3.1409E+42
  1.7780E+01  6.3791E+43  6.1224E+43  4.2567E+36  2.5663E+42
  1.8840E+01  5.9448E+43  5.7359E+43  3.3491E+36  2.0888E+42
  1.9950E+01  5.2172E+43  5.0471E+43  2.4046E+36  1.7013E+42
  2.1130E+01  4.5211E+43  4.3828E+43  1.6494E+36  1.3827E+42
  2.2390E+01  3.9455E+43  3.8335E+43  1.1340E+36  1.1203E+42
  2.3710E+01  3.4597E+43  3.3688E+43  7.7931E+35  9.0864E+41
  2.5120E+01  3.0351E+43  2.9616E+43  5.3675E+35  7.3479E+41
  2.6610E+01  2.6547E+43  2.5953E+43  3.6761E+35  5.9383E+41
  2.8180E+01  2.3135E+43  2.2655E+43  2.5154E+35  4.7994E+41
  2.9850E+01  2.0007E+43  1.9620E+43  1.7124E+35  3.8717E+41
  3.1620E+01  1.7124E+43  1.6812E+43  1.1544E+35  3.1199E+41
  3.3500E+01  1.4484E+43  1.4233E+43  7.7018E+34  2.5106E+41
  3.5480E+01  1.2110E+43  1.1908E+43  5.0883E+34  2.0210E+41
  3.7580E+01  9.9873E+42  9.8247E+42  3.3189E+34  1.6253E+41
  3.9810E+01  8.1076E+42  7.9771E+42  2.1338E+34  1.3054E+41
  4.2170E+01  6.4943E+42  6.3895E+42  1.3538E+34  1.0479E+41
  4.4670E+01  5.1383E+42  5.0542E+42  8.4757E+33  8.4074E+40
  4.7320E+01  4.0215E+42  3.9541E+42  5.2462E+33  6.7400E+40
  5.0120E+01  3.1182E+42  3.0642E+42  3.2157E+33  5.4034E+40
  5.3090E+01  2.3963E+42  2.3531E+42  1.9532E+33  4.3282E+40
  5.6230E+01  1.8286E+42  1.7939E+42  1.1776E+33  3.4667E+40
  5.9570E+01  1.3848E+42  1.3570E+42  7.0449E+32  2.7728E+40
  6.3100E+01  1.0432E+42  1.0210E+42  4.1928E+32  2.2180E+40
  6.6830E+01  7.8225E+41  7.6451E+41  2.4842E+32  1.7744E+40
  7.0790E+01  5.8400E+41  5.6981E+41  1.4656E+32  1.4183E+40
  7.4990E+01  4.3419E+41  4.2286E+41  8.6138E+31  1.1329E+40
  7.9430E+01  3.2189E+41  3.1284E+41  5.0508E+31  9.0505E+39
  8.4140E+01  2.3794E+41  2.3072E+41  2.9534E+31  7.2256E+39
  8.9130E+01  1.7556E+41  1.6980E+41  1.7248E+31  5.7665E+39
  9.4410E+01  1.2931E+41  1.2471E+41  1.0060E+31  4.6021E+39
  1.0000E+02  9.5080E+40  9.1408E+40  5.8603E+30  3.6722E+39
  1.0590E+02  6.9892E+40  6.6960E+40  3.4155E+30  2.9317E+39
  1.1220E+02  5.1312E+40  4.8977E+40  1.9882E+30  2.3358E+39
  1.1890E+02  3.7709E+40  3.5850E+40  1.1590E+30  1.8590E+39
  1.2590E+02  2.7876E+40  2.6392E+40  6.8008E+29  1.4838E+39
  1.3340E+02  2.0651E+40  1.9470E+40  4.0054E+29  1.1811E+39
  1.4130E+02  1.5218E+40  1.4277E+40  2.3572E+29  9.4117E+38
  1.4960E+02  1.1043E+40  1.0292E+40  1.3672E+29  7.5121E+38
  1.5850E+02  7.9626E+39  7.3648E+39  7.8658E+28  5.9781E+38
  1.7780E+02  4.1791E+39  3.7996E+39  2.6292E+28  3.7942E+38
  1.9950E+02  2.2042E+39  1.9637E+39  8.8595E+27  2.4043E+38
  2.2390E+02  1.1655E+39  1.0134E+39  3.0053E+27  1.5216E+38
  2.5120E+02  6.1893E+38  5.2256E+38  1.0279E+27  9.6376E+37
  2.8180E+02  3.2999E+38  2.6894E+38  3.5446E+26  6.1043E+37
  3.1620E+02  1.7663E+38  1.3802E+38  1.2320E+26  3.8617E+37
  3.5480E+02  9.5119E+37  7.0698E+37  4.3225E+25  2.4421E+37
  3.9810E+02  5.1591E+37  3.6149E+37  1.5327E+25  1.5442E+37
  4.4670E+02  2.8210E+37  1.8450E+37  5.4930E+24  9.7603E+36
  5.0120E+02  1.5574E+37  9.4043E+36  1.9909E+24  6.1695E+36
  5.6230E+02  8.6892E+36  4.7889E+36  7.2955E+23  3.9003E+36
  6.3100E+02  4.8962E+36  2.4332E+36  2.6998E+23  2.4629E+36
  7.0790E+02  2.7930E+36  1.2362E+36  1.0102E+23  1.5568E+36
  7.9430E+02  1.6101E+36  6.2688E+35  3.8117E+22  9.8325E+35
  8.9130E+02  9.3825E+35  3.1748E+35  1.4499E+22  6.2077E+35
  1.0000E+03  5.5286E+35  1.6072E+35  5.5598E+21  3.9214E+35
