  1.0000E-03  6.4724E+44  0.0000E+00  3.5545E+41  6.4689E+44
  1.1220E-03  6.7228E+44  0.0000E+00  4.6720E+41  6.7181E+44
  1.2590E-03  6.9454E+44  0.0000E+00  5.8458E+41  6.9395E+44
  1.4130E-03  7.1455E+44  0.0000E+00  7.0132E+41  7.1385E+44
  1.5850E-03  7.4298E+44  0.0000E+00  8.1345E+41  7.4217E+44
  1.7780E-03  8.0767E+44  0.0000E+00  1.0226E+42  8.0665E+44
  1.9950E-03  7.8369E+44  0.0000E+00  1.2689E+42  7.8242E+44
  2.2390E-03  7.8445E+44  0.0000E+00  1.3966E+42  7.8305E+44
  2.5120E-03  8.3186E+44  0.0000E+00  1.8503E+42  8.3001E+44
  2.8180E-03  7.5992E+44  0.0000E+00  2.2556E+42  7.5766E+44
  3.1620E-03  7.0870E+44  0.0000E+00  2.5874E+42  7.0611E+44
  3.5480E-03  6.6817E+44  0.0000E+00  2.8758E+42  6.6529E+44
  3.9810E-03  6.4026E+44  0.0000E+00  3.1185E+42  6.3714E+44
  4.4670E-03  1.4208E+45  0.0000E+00  4.6918E+42  1.4161E+45
  5.0120E-03  1.2696E+45  0.0000E+00  5.9058E+42  1.2637E+45
  5.6230E-03  1.1359E+45  0.0000E+00  7.0561E+42  1.1289E+45
  5.9570E-03  1.0798E+45  0.0000E+00  7.5919E+42  1.0722E+45
  6.6830E-03  9.9778E+44  0.0000E+00  8.5744E+42  9.8920E+44
  7.4990E-03  9.5766E+44  0.0000E+00  9.5161E+42  9.4814E+44
  8.4140E-03  8.9658E+44  0.0000E+00  1.0510E+43  8.8607E+44
  9.4410E-03  8.6776E+44  0.0000E+00  1.1347E+43  8.5642E+44
  1.0590E-02  9.0138E+44  0.0000E+00  1.1699E+43  8.8968E+44
  1.1890E-02  8.5954E+44  0.0000E+00  1.3250E+43  8.4629E+44
  1.3340E-02  8.4946E+44  0.0000E+00  1.4116E+43  8.3535E+44
  1.4960E-02  8.1477E+44  0.0000E+00  1.5264E+43  7.9951E+44
  1.6790E-02  7.9201E+44  0.0000E+00  1.6259E+43  7.7575E+44
  1.8840E-02  7.8221E+44  0.0000E+00  1.7103E+43  7.6511E+44
  2.1130E-02  7.6164E+44  0.0000E+00  1.8341E+43  7.4330E+44
  2.3710E-02  7.3791E+44  0.0000E+00  1.9481E+43  7.1843E+44
  2.6610E-02  7.0619E+44  0.0000E+00  2.0567E+43  6.8562E+44
  2.9850E-02  6.7651E+44  2.1137E-84  2.1530E+43  6.5498E+44
  3.3500E-02  6.4651E+44  1.1973E-69  2.2384E+43  6.2413E+44
  3.7580E-02  6.9620E+44  1.4514E-56  2.4369E+43  6.7183E+44
  4.2170E-02  6.6666E+44  5.5699E-45  2.7792E+43  6.3886E+44
  4.7320E-02  5.1092E+44  1.1031E-34  2.6909E+43  4.8401E+44
  5.3090E-02  3.3897E+44  1.4030E-25  2.3347E+43  3.1563E+44
  6.6830E-02  6.0271E+43  1.2658E-10  1.1575E+43  4.8696E+43
  7.4990E-02  2.0973E+43  1.7392E-04  6.3795E+42  1.4594E+43
  8.4140E-02  2.6540E+43  1.1415E+02  7.2488E+42  1.9291E+43
  9.4410E-02  3.1497E+43  1.6052E+07  8.1614E+42  2.3336E+43
  1.0590E-01  6.1342E+43  8.4888E+11  1.2035E+43  4.9306E+43
  1.1890E-01  1.2333E+44  1.2707E+16  1.5983E+43  1.0735E+44
  1.3340E-01  1.9926E+44  4.1648E+19  1.8779E+43  1.8049E+44
  1.4960E-01  2.5803E+44  6.4978E+22  1.8980E+43  2.3905E+44
  1.5850E-01  2.5564E+44  2.0323E+24  1.7971E+43  2.3767E+44
  1.7780E-01  1.8503E+44  9.6777E+26  1.3934E+43  1.7110E+44
  1.9950E-01  7.0465E+43  1.6209E+29  7.3116E+42  6.3153E+43
  2.2390E-01  3.6343E+43  1.4270E+31  4.4483E+42  3.1895E+43
  2.3710E-01  5.7546E+43  1.4715E+32  5.3951E+42  5.2150E+43
  2.5120E-01  9.3684E+43  1.3208E+33  6.3232E+42  8.7361E+43
  2.6610E-01  1.2703E+44  9.6056E+33  6.6399E+42  1.2039E+44
  2.8180E-01  1.5454E+44  5.8990E+34  6.5468E+42  1.4799E+44
  2.9850E-01  1.7717E+44  3.1538E+35  6.2996E+42  1.7087E+44
  3.1620E-01  1.9857E+44  1.4891E+36  6.0205E+42  1.9255E+44
  3.3500E-01  2.1890E+44  6.3408E+36  5.7091E+42  2.1319E+44
  3.5480E-01  2.3684E+44  2.4369E+37  5.3673E+42  2.3147E+44
  3.7580E-01  2.5536E+44  8.6516E+37  5.0048E+42  2.5035E+44
  3.9810E-01  2.7158E+44  2.7967E+38  4.6632E+42  2.6692E+44
  4.2170E-01  2.9188E+44  8.3856E+38  4.3195E+42  2.8756E+44
  4.4670E-01  3.1203E+44  2.3192E+39  4.0034E+42  3.0803E+44
  4.7320E-01  3.3230E+44  6.0150E+39  3.6914E+42  3.2860E+44
  5.0120E-01  3.5204E+44  1.4650E+40  3.3845E+42  3.4864E+44
  5.3090E-01  3.7308E+44  3.3858E+40  3.0799E+42  3.6997E+44
  5.6230E-01  3.9094E+44  7.3385E+40  2.8002E+42  3.8807E+44
  5.9570E-01  4.0668E+44  1.5075E+41  2.5374E+42  4.0400E+44
  6.3100E-01  4.2200E+44  2.9423E+41  2.2884E+42  4.1942E+44
  6.6830E-01  4.3664E+44  5.4643E+41  2.0518E+42  4.3404E+44
  7.0790E-01  4.4992E+44  9.6805E+41  1.8346E+42  4.4712E+44
  7.4990E-01  4.6032E+44  1.6344E+42  1.6366E+42  4.5705E+44
  7.9430E-01  4.6946E+44  2.6399E+42  1.4533E+42  4.6536E+44
  8.4140E-01  4.7753E+44  4.0982E+42  1.2831E+42  4.7215E+44
  8.9130E-01  4.8632E+44  6.1446E+42  1.1232E+42  4.7905E+44
  9.4410E-01  4.9358E+44  8.8729E+42  9.7667E+41  4.8373E+44
  1.0000E+00  4.9786E+44  1.2339E+43  8.4467E+41  4.8467E+44
  1.0590E+00  4.9982E+44  1.6563E+43  7.2747E+41  4.8253E+44
  1.1220E+00  4.9989E+44  2.1616E+43  6.2208E+41  4.7765E+44
  1.1890E+00  4.9864E+44  2.7477E+43  5.2693E+41  4.7064E+44
  1.2590E+00  4.9723E+44  3.3934E+43  4.4097E+41  4.6285E+44
  1.3340E+00  4.9349E+44  4.0895E+43  3.6579E+41  4.5223E+44
  1.4130E+00  4.8726E+44  4.7918E+43  3.0240E+41  4.3904E+44
  1.4960E+00  4.7921E+44  5.4803E+43  2.4872E+41  4.2416E+44
  1.5850E+00  4.6936E+44  6.1589E+43  2.0264E+41  4.0757E+44
  1.6790E+00  4.5833E+44  6.7831E+43  1.6326E+41  3.9033E+44
  1.7780E+00  4.4610E+44  7.3228E+43  1.2982E+41  3.7274E+44
  1.8840E+00  4.3232E+44  7.7842E+43  1.0171E+41  3.5438E+44
  1.9950E+00  4.1751E+44  8.1374E+43  7.8611E+40  3.3605E+44
  2.1130E+00  4.0139E+44  8.3888E+43  5.9960E+40  3.1744E+44
  2.2390E+00  3.8400E+44  8.5307E+43  4.5186E+40  2.9865E+44
  2.3710E+00  3.6597E+44  8.5602E+43  3.3737E+40  2.8033E+44
  2.5120E+00  3.4721E+44  8.5015E+43  2.4993E+40  2.6217E+44
  2.6610E+00  3.2817E+44  8.3544E+43  1.8408E+40  2.4461E+44
  2.8180E+00  3.0906E+44  8.1241E+43  1.3493E+40  2.2781E+44
  2.9850E+00  2.9004E+44  7.8344E+43  9.8526E+39  2.1169E+44
  3.1620E+00  2.7128E+44  7.4910E+43  7.1714E+39  1.9636E+44
  3.3500E+00  2.5316E+44  7.1334E+43  5.2119E+39  1.8182E+44
  3.5480E+00  2.3560E+44  6.7345E+43  3.7803E+39  1.6825E+44
  3.7580E+00  2.1878E+44  6.3264E+43  2.7373E+39  1.5551E+44
  3.9810E+00  2.0272E+44  5.9149E+43  1.9793E+39  1.4357E+44
  4.2170E+00  1.8750E+44  5.5039E+43  1.4297E+39  1.3246E+44
  4.4670E+00  1.7312E+44  5.0998E+43  1.0314E+39  1.2212E+44
  4.7320E+00  1.5964E+44  4.7134E+43  7.4309E+38  1.1251E+44
  5.0120E+00  1.4734E+44  4.3488E+43  5.3589E+38  1.0385E+44
  5.3090E+00  1.3278E+44  4.0054E+43  3.7687E+38  9.2727E+43
  5.6230E+00  1.1903E+44  3.6893E+43  2.6324E+38  8.2134E+43
  5.9570E+00  1.0620E+44  3.4043E+43  1.8271E+38  7.2154E+43
  6.3100E+00  9.4150E+43  3.1182E+43  1.2577E+38  6.2969E+43
  6.6830E+00  8.3500E+43  2.8891E+43  8.6241E+37  5.4609E+43
  7.0790E+00  7.3623E+43  2.6561E+43  5.8440E+37  4.7062E+43
  7.4990E+00  6.6271E+43  2.6024E+43  3.9932E+37  4.0247E+43
  7.9430E+00  6.7114E+43  3.3198E+43  3.0635E+37  3.3917E+43
  8.4140E+00  7.6552E+43  4.8472E+43  2.8221E+37  2.8080E+43
  8.9130E+00  8.4776E+43  6.1644E+43  2.7109E+37  2.3132E+43
  9.4410E+00  9.0921E+43  7.1925E+43  2.8066E+37  1.8996E+43
  1.0000E+01  7.7318E+43  6.1235E+43  2.0072E+37  1.6083E+43
  1.0590E+01  6.2488E+43  4.8841E+43  1.3216E+37  1.3646E+43
  1.1220E+01  4.8308E+43  3.6765E+43  7.7670E+36  1.1544E+43
  1.1890E+01  3.7740E+43  2.8057E+43  4.6403E+36  9.6830E+42
  1.2590E+01  2.9540E+43  2.1438E+43  2.7255E+36  8.1017E+42
  1.3340E+01  2.3394E+43  1.6666E+43  1.5984E+36  6.7280E+42
  1.4130E+01  1.9465E+43  1.3906E+43  9.6594E+35  5.5593E+42
  1.4960E+01  1.8188E+43  1.3625E+43  6.6927E+35  4.5630E+42
  1.5850E+01  1.7595E+43  1.3873E+43  4.9931E+35  3.7218E+42
  1.6790E+01  1.7162E+43  1.4132E+43  3.9057E+35  3.0301E+42
  1.7780E+01  1.6344E+43  1.3876E+43  3.0780E+35  2.4685E+42
  1.8840E+01  1.4775E+43  1.2766E+43  2.3138E+35  2.0093E+42
  1.9950E+01  1.2660E+43  1.1018E+43  1.6047E+35  1.6417E+42
  2.1130E+01  1.0713E+43  9.3738E+42  1.0657E+35  1.3388E+42
  2.2390E+01  9.1127E+42  8.0249E+42  7.0869E+34  1.0878E+42
  2.3710E+01  7.7842E+42  6.8999E+42  4.7124E+34  8.8437E+41
  2.5120E+01  6.6486E+42  5.9320E+42  3.1413E+34  7.1660E+41
  2.6610E+01  5.6633E+42  5.0832E+42  2.0853E+34  5.8017E+41
  2.8180E+01  4.8093E+42  4.3397E+42  1.3855E+34  4.6964E+41
  2.9850E+01  4.0558E+42  3.6764E+42  9.1762E+33  3.7940E+41
  3.1620E+01  3.3889E+42  3.0827E+42  6.0333E+33  3.0614E+41
  3.3500E+01  2.8017E+42  2.5550E+42  3.9362E+33  2.4668E+41
  3.5480E+01  2.2932E+42  2.0944E+42  2.5504E+33  1.9882E+41
  3.7580E+01  1.8540E+42  1.6939E+42  1.6361E+33  1.6009E+41
  3.9810E+01  1.4778E+42  1.3491E+42  1.0377E+33  1.2874E+41
  4.2170E+01  1.1641E+42  1.0607E+42  6.5144E+32  1.0348E+41
  4.4670E+01  9.0723E+41  8.2411E+41  4.0469E+32  8.3116E+40
  4.7320E+01  7.0045E+41  6.3375E+41  2.4924E+32  6.6707E+40
  5.0120E+01  5.3665E+41  4.8312E+41  1.5244E+32  5.3535E+40
  5.3090E+01  4.0814E+41  3.6522E+41  9.2638E+31  4.2924E+40
  5.6230E+01  3.0872E+41  2.7430E+41  5.6035E+31  3.4412E+40
  5.9570E+01  2.3211E+41  2.0457E+41  3.3723E+31  2.7546E+40
  6.3100E+01  1.7390E+41  1.5185E+41  2.0247E+31  2.2051E+40
  6.6830E+01  1.2991E+41  1.1225E+41  1.2135E+31  1.7652E+40
  7.0790E+01  9.6777E+40  8.2659E+40  7.2616E+30  1.4118E+40
  7.4990E+01  7.1925E+40  6.0642E+40  4.3410E+30  1.1283E+40
  7.9430E+01  5.3399E+40  4.4382E+40  2.5961E+30  9.0179E+39
  8.4140E+01  3.9601E+40  3.2398E+40  1.5525E+30  7.2025E+39
  8.9130E+01  2.9365E+40  2.3615E+40  9.2952E+29  5.7502E+39
  9.4410E+01  2.1778E+40  1.7188E+40  5.5730E+29  4.5905E+39
  1.0000E+02  1.6156E+40  1.2492E+40  3.3461E+29  3.6641E+39
  1.0590E+02  1.2004E+40  9.0780E+39  2.0146E+29  2.9259E+39
  1.1220E+02  8.9216E+39  6.5900E+39  1.2135E+29  2.3316E+39
  1.1890E+02  6.6458E+39  4.7897E+39  7.3275E+28  1.8561E+39
  1.2590E+02  4.9849E+39  3.5032E+39  4.4550E+28  1.4817E+39
  1.3340E+02  3.7480E+39  2.5684E+39  2.7167E+28  1.1796E+39
  1.4130E+02  2.8126E+39  1.8725E+39  1.6630E+28  9.4010E+38
  1.4960E+02  2.0930E+39  1.3425E+39  1.0135E+28  7.5045E+38
  1.5850E+02  1.5530E+39  9.5571E+38  6.1492E+27  5.9728E+38
  1.7780E+02  8.6755E+38  4.8839E+38  2.2892E+27  3.7916E+38
  1.9950E+02  4.9061E+38  2.5030E+38  8.6084E+26  2.4030E+38
  2.2390E+02  2.8030E+38  1.2821E+38  3.2646E+26  1.5209E+38
  2.5120E+02  1.6203E+38  6.5685E+37  1.2490E+26  9.6343E+37
  2.8180E+02  9.4640E+37  3.3613E+37  4.8126E+25  6.1027E+37
  3.1620E+02  5.5771E+37  1.7163E+37  1.8634E+25  3.8609E+37
  3.5480E+02  3.3169E+37  8.7522E+36  7.2480E+24  2.4417E+37
  3.9810E+02  1.9897E+37  4.4574E+36  2.8321E+24  1.5440E+37
  4.4670E+02  1.2026E+37  2.2671E+36  1.1103E+24  9.7592E+36
  5.0120E+02  7.3210E+36  1.1520E+36  4.3668E+23  6.1689E+36
  5.6230E+02  4.4851E+36  5.8504E+35  1.7218E+23  3.9001E+36
  6.3100E+02  2.7593E+36  2.9653E+35  6.7971E+22  2.4628E+36
  7.0790E+02  1.7070E+36  1.5033E+35  2.6906E+22  1.5567E+36
  7.9430E+02  1.0593E+36  7.6087E+34  1.0657E+22  9.8322E+35
  8.9130E+02  6.5922E+35  3.8469E+34  4.2243E+21  6.2075E+35
  1.0000E+03  4.1157E+35  1.9445E+34  1.6771E+21  3.9213E+35
