  1.0000E-03  8.7115E+44  0.0000E+00  6.0867E+40  8.7109E+44
  1.1220E-03  9.7588E+44  0.0000E+00  8.1350E+40  9.7580E+44
  1.2590E-03  1.0932E+45  0.0000E+00  1.0379E+41  1.0931E+45
  1.4130E-03  1.2247E+45  0.0000E+00  1.2738E+41  1.2246E+45
  1.5850E-03  1.3716E+45  0.0000E+00  1.5152E+41  1.3715E+45
  1.7780E-03  1.5377E+45  0.0000E+00  1.9540E+41  1.5375E+45
  1.9950E-03  1.7202E+45  0.0000E+00  2.5230E+41  1.7199E+45
  2.2390E-03  1.9261E+45  0.0000E+00  2.8914E+41  1.9258E+45
  2.5120E-03  2.1585E+45  0.0000E+00  3.9743E+41  2.1581E+45
  2.8180E-03  2.4112E+45  0.0000E+00  5.1003E+41  2.4107E+45
  3.1620E-03  2.6953E+45  0.0000E+00  6.1357E+41  2.6946E+45
  3.5480E-03  3.0135E+45  0.0000E+00  7.1259E+41  3.0128E+45
  3.9810E-03  3.3701E+45  0.0000E+00  8.0288E+41  3.3693E+45
  4.4670E-03  3.8342E+45  0.0000E+00  8.6454E+41  3.8333E+45
  5.0120E-03  4.2820E+45  0.0000E+00  1.1774E+42  4.2808E+45
  5.6230E-03  4.7818E+45  0.0000E+00  1.5247E+42  4.7803E+45
  5.9570E-03  5.0546E+45  0.0000E+00  1.7061E+42  5.0529E+45
  6.6830E-03  5.6482E+45  0.0000E+00  2.0688E+42  5.6461E+45
  7.4990E-03  6.3176E+45  0.0000E+00  2.4482E+42  6.3151E+45
  8.4140E-03  7.0619E+45  0.0000E+00  2.8779E+42  7.0590E+45
  9.4410E-03  7.8997E+45  0.0000E+00  3.2884E+42  7.8964E+45
  1.0590E-02  8.8474E+45  0.0000E+00  3.5663E+42  8.8439E+45
  1.1890E-02  9.9000E+45  0.0000E+00  4.2607E+42  9.8958E+45
  1.3340E-02  1.1078E+46  0.0000E+00  4.7819E+42  1.1074E+46
  1.4960E-02  1.2383E+46  0.0000E+00  5.4589E+42  1.2378E+46
  1.6790E-02  1.3857E+46  0.0000E+00  6.1362E+42  1.3851E+46
  1.8840E-02  1.5508E+46  0.0000E+00  6.8074E+42  1.5501E+46
  2.1130E-02  1.7343E+46  0.0000E+00  7.7016E+42  1.7335E+46
  2.3710E-02  1.9400E+46  0.0000E+00  8.6443E+42  1.9391E+46
  2.6610E-02  2.1700E+46  0.0000E+00  9.6751E+42  2.1691E+46
  2.9850E-02  2.4262E+46  1.9404E-83  1.0762E+43  2.4252E+46
  3.3500E-02  2.7139E+46  1.2568E-68  1.1915E+43  2.7127E+46
  3.7580E-02  3.0417E+46  1.5766E-55  1.3078E+43  3.0404E+46
  4.2170E-02  3.4019E+46  6.9283E-44  1.5930E+43  3.4003E+46
  4.7320E-02  3.7870E+46  1.8896E-33  1.8154E+43  3.7851E+46
  5.3090E-02  3.9074E+46  3.5161E-24  1.9033E+43  3.9055E+46
  6.6830E-02  3.5949E+46  1.3887E-08  1.8130E+43  3.5931E+46
  7.4990E-02  3.4292E+46  4.8430E-02  1.6192E+43  3.4276E+46
  8.4140E-02  3.3717E+46  2.5137E+04  1.5859E+43  3.3701E+46
  9.4410E-02  3.3091E+46  3.0000E+09  1.5885E+43  3.3075E+46
  1.0590E-01  3.0641E+46  8.2040E+13  1.5819E+43  3.0625E+46
  1.1890E-01  2.6260E+46  5.7843E+17  1.3606E+43  2.6246E+46
  1.3340E-01  2.2409E+46  1.0917E+21  1.1557E+43  2.2397E+46
  1.4960E-01  1.9042E+46  1.1887E+24  9.1827E+42  1.9033E+46
  1.5850E-01  1.7490E+46  3.4834E+25  8.3452E+42  1.7481E+46
  1.7780E-01  1.4676E+46  1.8647E+28  7.3868E+42  1.4669E+46
  1.9950E-01  1.2145E+46  5.9668E+30  6.1114E+42  1.2139E+46
  2.2390E-01  1.0111E+46  7.7461E+32  5.1261E+42  1.0106E+46
  2.3710E-01  9.3892E+45  5.0177E+33  5.0262E+42  9.3842E+45
  2.5120E-01  8.7167E+45  2.7650E+34  4.7021E+42  8.7120E+45
  2.6610E-01  8.0618E+45  1.4422E+35  4.2544E+42  8.0575E+45
  2.8180E-01  7.4419E+45  6.9619E+35  3.7934E+42  7.4381E+45
  2.9850E-01  6.8584E+45  3.0768E+36  3.3813E+42  6.8551E+45
  3.1620E-01  6.3173E+45  1.2245E+37  3.0234E+42  6.3143E+45
  3.3500E-01  5.8155E+45  4.4575E+37  2.7014E+42  5.8128E+45
  3.5480E-01  5.3539E+45  1.4887E+38  2.4113E+42  5.3515E+45
  3.7580E-01  4.9282E+45  4.6052E+38  2.1444E+42  4.9260E+45
  3.9810E-01  4.5339E+45  1.3128E+39  1.9111E+42  4.5320E+45
  4.2170E-01  4.1724E+45  3.4398E+39  1.6926E+42  4.1707E+45
  4.4670E-01  3.8394E+45  8.3559E+39  1.5009E+42  3.8379E+45
  4.7320E-01  3.5324E+45  1.9101E+40  1.3260E+42  3.5310E+45
  5.0120E-01  3.2502E+45  4.1209E+40  1.1671E+42  3.2490E+45
  5.3090E-01  2.9904E+45  8.4352E+40  1.0208E+42  2.9892E+45
  5.6230E-01  2.7509E+45  1.6364E+41  8.9389E+41  2.7499E+45
  5.9570E-01  2.5295E+45  3.0293E+41  7.8131E+41  2.5285E+45
  6.3100E-01  2.3266E+45  5.3463E+41  6.8006E+41  2.3254E+45
  6.6830E-01  2.1402E+45  9.0129E+41  5.8895E+41  2.1387E+45
  7.0790E-01  1.9685E+45  1.4570E+42  5.0855E+41  1.9665E+45
  7.4990E-01  1.8104E+45  2.2635E+42  4.3830E+41  1.8077E+45
  7.9430E-01  1.6655E+45  3.3829E+42  3.7583E+41  1.6618E+45
  8.4140E-01  1.5326E+45  4.8861E+42  3.2032E+41  1.5274E+45
  8.9130E-01  1.4109E+45  6.8363E+42  2.7025E+41  1.4038E+45
  9.4410E-01  1.2998E+45  9.2800E+42  2.2657E+41  1.2903E+45
  1.0000E+00  1.1982E+45  1.2257E+43  1.8919E+41  1.1858E+45
  1.0590E+00  1.1058E+45  1.5777E+43  1.5743E+41  1.0899E+45
  1.1220E+00  1.0210E+45  1.9921E+43  1.3009E+41  1.0010E+45
  1.1890E+00  9.4372E+44  2.4704E+43  1.0653E+41  9.1891E+44
  1.2590E+00  8.7460E+44  2.9967E+43  8.6237E+40  8.4455E+44
  1.3340E+00  8.1124E+44  3.5826E+43  6.9333E+40  7.7534E+44
  1.4130E+00  7.5417E+44  4.2059E+43  5.5733E+40  7.1206E+44
  1.4960E+00  7.0296E+44  4.8598E+43  4.4709E+40  6.5432E+44
  1.5850E+00  6.5621E+44  5.5614E+43  3.5627E+40  6.0056E+44
  1.6790E+00  6.1410E+44  6.2744E+43  2.8163E+40  5.5132E+44
  1.7780E+00  5.7610E+44  6.9749E+43  2.2048E+40  5.0633E+44
  1.8840E+00  5.4135E+44  7.6774E+43  1.7066E+40  4.6456E+44
  1.9950E+00  5.1002E+44  8.3387E+43  1.3081E+40  4.2662E+44
  2.1130E+00  4.8125E+44  8.9624E+43  9.9291E+39  3.9161E+44
  2.2390E+00  4.5453E+44  9.5301E+43  7.4723E+39  3.5922E+44
  2.3710E+00  4.2989E+44  1.0008E+44  5.5879E+39  3.2980E+44
  2.5120E+00  4.0667E+44  1.0413E+44  4.1569E+39  3.0254E+44
  2.6610E+00  3.8477E+44  1.0718E+44  3.0808E+39  2.7759E+44
  2.8180E+00  3.6384E+44  1.0905E+44  2.2756E+39  2.5479E+44
  2.9850E+00  3.4365E+44  1.0987E+44  1.6761E+39  2.3378E+44
  3.1620E+00  3.2403E+44  1.0955E+44  1.2311E+39  2.1447E+44
  3.3500E+00  3.0524E+44  1.0853E+44  9.0306E+38  1.9671E+44
  3.5480E+00  2.8671E+44  1.0620E+44  6.6062E+38  1.8051E+44
  3.7580E+00  2.6868E+44  1.0306E+44  4.8208E+38  1.6562E+44
  3.9810E+00  2.5111E+44  9.9190E+43  3.5094E+38  1.5192E+44
  4.2170E+00  2.3399E+44  9.4626E+43  2.5486E+38  1.3936E+44
  4.4670E+00  2.1735E+44  8.9506E+43  1.8458E+38  1.2784E+44
  4.7320E+00  2.0137E+44  8.4105E+43  1.3331E+38  1.1726E+44
  5.0120E+00  1.8638E+44  7.8556E+43  9.6222E+37  1.0783E+44
  5.3090E+00  1.6890E+44  7.2941E+43  6.7816E+37  9.5955E+43
  5.6230E+00  1.5220E+44  6.7447E+43  4.7453E+37  8.4749E+43
  5.9570E+00  1.3650E+44  6.2226E+43  3.2984E+37  7.4271E+43
  6.3100E+00  1.2142E+44  5.6749E+43  2.2713E+37  6.4673E+43
  6.6830E+00  1.0799E+44  5.2008E+43  1.5567E+37  5.5984E+43
  7.0790E+00  9.5269E+43  4.7102E+43  1.0529E+37  4.8166E+43
  7.4990E+00  8.7350E+43  4.6141E+43  7.2684E+36  4.1209E+43
  7.9430E+00  9.7506E+43  6.2422E+43  5.9575E+36  3.5084E+43
  8.4140E+00  1.2636E+44  9.6644E+43  6.0138E+36  2.9716E+43
  8.9130E+00  1.5052E+44  1.2546E+44  6.0843E+36  2.5061E+43
  9.4410E+00  1.6797E+44  1.4692E+44  6.4670E+36  2.1054E+43
  1.0000E+01  1.3800E+44  1.2037E+44  4.5112E+36  1.7636E+43
  1.0590E+01  1.0611E+44  9.1376E+43  2.8673E+36  1.4734E+43
  1.1220E+01  7.6827E+43  6.4575E+43  1.6085E+36  1.2252E+43
  1.1890E+01  5.6295E+43  4.6146E+43  9.1847E+35  1.0149E+43
  1.2590E+01  4.1070E+43  3.2665E+43  5.1383E+35  8.4053E+42
  1.3340E+01  3.0288E+43  2.3360E+43  2.8716E+35  6.9276E+42
  1.4130E+01  2.3779E+43  1.8078E+43  1.6694E+35  5.7019E+42
  1.4960E+01  2.1785E+43  1.7096E+43  1.1401E+35  4.6892E+42
  1.5850E+01  2.0731E+43  1.6892E+43  8.3984E+34  3.8389E+42
  1.6790E+01  1.9767E+43  1.6629E+43  6.4578E+34  3.1385E+42
  1.7780E+01  1.8159E+43  1.5595E+43  4.9599E+34  2.5643E+42
  1.8840E+01  1.5560E+43  1.3473E+43  3.5949E+34  2.0871E+42
  1.9950E+01  1.2447E+43  1.0747E+43  2.3829E+34  1.7001E+42
  2.1130E+01  9.7770E+42  8.3953E+42  1.5076E+34  1.3817E+42
  2.2390E+01  7.7160E+42  6.5963E+42  9.5448E+33  1.1196E+42
  2.3710E+01  6.1188E+42  5.2107E+42  6.0441E+33  9.0813E+41
  2.5120E+01  4.8575E+42  4.1231E+42  3.8390E+33  7.3441E+41
  2.6610E+01  3.8539E+42  3.2604E+42  2.4313E+33  5.9355E+41
  2.8180E+01  3.0594E+42  2.5797E+42  1.5448E+33  4.7973E+41
  2.9850E+01  2.4217E+42  2.0347E+42  9.8103E+32  3.8701E+41
  3.1620E+01  1.9078E+42  1.5959E+42  6.2058E+32  3.1186E+41
  3.3500E+01  1.4949E+42  1.2439E+42  3.9110E+32  2.5097E+41
  3.5480E+01  1.1667E+42  9.6468E+41  2.4595E+32  2.0203E+41
  3.7580E+01  9.0414E+41  7.4167E+41  1.5381E+32  1.6248E+41
  3.9810E+01  6.9391E+41  5.6341E+41  9.5497E+31  1.3050E+41
  4.2170E+01  5.2883E+41  4.2406E+41  5.8941E+31  1.0477E+41
  4.4670E+01  4.0050E+41  3.1645E+41  3.6149E+31  8.4054E+40
  4.7320E+01  3.0179E+41  2.3440E+41  2.2067E+31  6.7385E+40
  5.0120E+01  2.2662E+41  1.7260E+41  1.3429E+31  5.4023E+40
  5.3090E+01  1.6961E+41  1.2633E+41  8.1496E+30  4.3275E+40
  5.6230E+01  1.2674E+41  9.2078E+40  4.9396E+30  3.4662E+40
  5.9570E+01  9.4483E+40  6.6759E+40  2.9883E+30  2.7724E+40
  6.3100E+01  7.0447E+40  4.8270E+40  1.8088E+30  2.2178E+40
  6.6830E+01  5.2560E+40  3.4818E+40  1.0960E+30  1.7742E+40
  7.0790E+01  3.9236E+40  2.5054E+40  6.6455E+29  1.4182E+40
  7.4990E+01  2.9315E+40  1.7987E+40  4.0341E+29  1.1328E+40
  7.9430E+01  2.1950E+40  1.2900E+40  2.4545E+29  9.0498E+39
  8.4140E+01  1.6464E+40  9.2394E+39  1.4956E+29  7.2251E+39
  8.9130E+01  1.2381E+40  6.6152E+39  9.1344E+28  5.7662E+39
  9.4410E+01  9.3361E+39  4.7342E+39  5.5920E+28  4.6019E+39
  1.0000E+02  7.0585E+39  3.3864E+39  3.4308E+28  3.6721E+39
  1.0590E+02  5.3559E+39  2.4244E+39  2.1113E+28  2.9315E+39
  1.1220E+02  4.0705E+39  1.7348E+39  1.2996E+28  2.3357E+39
  1.1890E+02  3.1023E+39  1.2434E+39  8.0134E+27  1.8590E+39
  1.2590E+02  2.3809E+39  8.9707E+38  4.9694E+27  1.4838E+39
  1.3340E+02  1.8298E+39  6.4875E+38  3.0860E+27  1.1811E+39
  1.4130E+02  1.4084E+39  4.6727E+38  1.9263E+27  9.4115E+38
  1.4960E+02  1.0832E+39  3.3198E+38  1.2015E+27  7.5119E+38
  1.5850E+02  8.3216E+38  2.3437E+38  7.4608E+26  5.9780E+38
  1.7780E+02  4.9726E+38  1.1785E+38  2.8953E+26  3.7941E+38
  1.9950E+02  2.9993E+38  5.9495E+37  1.1289E+26  2.4043E+38
  2.2390E+02  1.8222E+38  3.0062E+37  4.4185E+25  1.5216E+38
  2.5120E+02  1.1159E+38  1.5215E+37  1.7376E+25  9.6375E+37
  2.8180E+02  6.8744E+37  7.7012E+36  6.8552E+24  6.1043E+37
  3.1620E+02  4.2511E+37  3.8940E+36  2.7081E+24  3.8617E+37
  3.5480E+02  2.6390E+37  1.9686E+36  1.0713E+24  2.4421E+37
  3.9810E+02  1.6437E+37  9.9486E+35  4.2457E+23  1.5442E+37
  4.4670E+02  1.0263E+37  5.0249E+35  1.6842E+23  9.7602E+36
  5.0120E+02  6.4232E+36  2.5377E+35  6.6881E+22  6.1695E+36
  5.6230E+02  4.0285E+36  1.2816E+35  2.6581E+22  3.9003E+36
  6.3100E+02  2.5276E+36  6.4636E+34  1.0561E+22  2.4629E+36
  7.0790E+02  1.5894E+36  3.2622E+34  4.2029E+21  1.5568E+36
  7.9430E+02  9.9970E+35  1.6446E+34  1.6718E+21  9.8325E+35
  8.9130E+02  6.2906E+35  8.2850E+33  6.6500E+20  6.2077E+35
  1.0000E+03  3.9631E+35  4.1746E+33  2.6476E+20  3.9214E+35
