  1.0000E-03  3.5915E+44  0.0000E+00  1.0520E+43  3.4863E+44
  1.1220E-03  3.2168E+44  0.0000E+00  1.1865E+43  3.0982E+44
  1.2590E-03  2.8402E+44  0.0000E+00  1.2672E+43  2.7135E+44
  1.4130E-03  2.4807E+44  0.0000E+00  1.2916E+43  2.3515E+44
  1.5850E-03  2.2484E+44  0.0000E+00  1.3037E+43  2.1180E+44
  1.7780E-03  2.3632E+44  0.0000E+00  1.5825E+43  2.2049E+44
  1.9950E-03  1.7632E+44  0.0000E+00  1.5503E+43  1.6081E+44
  2.2390E-03  1.4392E+44  0.0000E+00  1.4059E+43  1.2986E+44
  2.5120E-03  1.4403E+44  0.0000E+00  1.7877E+43  1.2615E+44
  2.8180E-03  9.2871E+43  0.0000E+00  1.6274E+43  7.6597E+43
  3.1620E-03  6.4010E+43  0.0000E+00  1.4460E+43  4.9549E+43
  3.5480E-03  4.5838E+43  0.0000E+00  1.2737E+43  3.3101E+43
  3.9810E-03  3.4439E+43  0.0000E+00  1.1248E+43  2.3191E+43
  4.4670E-03  2.1113E+44  0.0000E+00  4.3687E+43  1.6745E+44
  5.0120E-03  1.3735E+44  0.0000E+00  4.0329E+43  9.7023E+43
  5.6230E-03  9.2776E+43  0.0000E+00  3.6234E+43  5.6541E+43
  5.9570E-03  7.8023E+43  0.0000E+00  3.4229E+43  4.3794E+43
  6.6830E-03  5.8940E+43  0.0000E+00  3.0871E+43  2.8069E+43
  7.4990E-03  4.9082E+43  0.0000E+00  2.8874E+43  2.0208E+43
  8.4140E-03  3.9683E+43  0.0000E+00  2.6294E+43  1.3389E+43
  9.4410E-03  3.4075E+43  0.0000E+00  2.4244E+43  9.8317E+42
  1.0590E-02  3.1685E+43  0.0000E+00  2.2632E+43  9.0528E+42
  1.1890E-02  2.8595E+43  0.0000E+00  2.2297E+43  6.2989E+42
  1.3340E-02  2.5834E+43  0.0000E+00  2.0904E+43  4.9306E+42
  1.4960E-02  2.3087E+43  0.0000E+00  1.9579E+43  3.5081E+42
  1.6790E-02  2.0823E+43  0.0000E+00  1.8221E+43  2.6018E+42
  1.8840E-02  1.8984E+43  0.0000E+00  1.6951E+43  2.0334E+42
  2.1130E-02  1.7617E+43  0.0000E+00  1.6099E+43  1.5173E+42
  2.3710E-02  1.6163E+43  0.0000E+00  1.5049E+43  1.1141E+42
  2.6610E-02  1.4637E+43  0.0000E+00  1.3850E+43  7.8744E+41
  2.9850E-02  1.3222E+43  2.4283E-87  1.2661E+43  5.6033E+41
  3.3500E-02  1.1871E+43  9.7737E-73  1.1475E+43  3.9592E+41
  3.7580E-02  1.2367E+43  1.0842E-59  1.1975E+43  3.9244E+41
  4.2170E-02  1.2741E+43  2.9576E-48  1.2465E+43  2.7571E+41
  4.7320E-02  9.1674E+42  2.6283E-38  9.0643E+42  1.0308E+41
  5.3090E-02  5.6849E+42  1.2938E-29  5.6560E+42  2.8845E+40
  6.6830E-02  8.6787E+41  2.8772E-16  8.6771E+41  1.5243E+38
  7.4990E-02  2.3095E+41  3.7535E-11  2.3094E+41  5.4219E+36
  8.4140E-02  3.0678E+41  4.3592E-05  3.0677E+41  1.2027E+37
  9.4410E-02  3.9365E+41  9.0988E+00  3.9362E+41  2.0744E+37
  1.0590E-01  1.0004E+42  2.4593E+06  1.0002E+42  1.9025E+38
  1.1890E-01  2.4400E+42  2.4833E+11  2.4378E+42  2.2029E+39
  1.3340E-01  4.5950E+42  3.3525E+15  4.5826E+42  1.2401E+40
  1.4960E-01  6.2546E+42  1.2865E+19  6.2191E+42  3.5472E+40
  1.5850E-01  6.2975E+42  4.7300E+20  6.2568E+42  4.0722E+40
  1.7780E-01  4.5513E+42  1.6903E+23  4.5275E+42  2.3839E+40
  1.9950E-01  1.3578E+42  5.6257E+24  1.3556E+42  2.2544E+39
  2.2390E-01  5.9709E+41  1.8570E+26  5.9658E+41  5.0658E+38
  2.3710E-01  1.1034E+42  6.2580E+27  1.1010E+42  2.3902E+39
  2.5120E-01  1.9892E+42  1.9508E+29  1.9771E+42  1.2084E+40
  2.6610E-01  2.8023E+42  3.3122E+30  2.7671E+42  3.5286E+40
  2.8180E-01  3.4243E+42  3.7613E+31  3.3494E+42  7.4877E+40
  2.9850E-01  3.9351E+42  3.2720E+32  3.8019E+42  1.3324E+41
  3.1620E-01  4.4590E+42  2.3928E+33  4.2375E+42  2.2150E+41
  3.3500E-01  4.9948E+42  1.5228E+34  4.6443E+42  3.5057E+41
  3.5480E-01  5.5066E+42  8.3907E+34  4.9820E+42  5.2457E+41
  3.7580E-01  6.0798E+42  4.2477E+35  5.3008E+42  7.7899E+41
  3.9810E-01  6.7052E+42  1.8994E+36  5.5967E+42  1.1085E+42
  4.2170E-01  7.5753E+42  8.0766E+36  5.9451E+42  1.6303E+42
  4.4670E-01  8.6802E+42  3.1301E+37  6.3246E+42  2.3556E+42
  4.7320E-01  1.0063E+43  1.1289E+38  6.6977E+42  3.3652E+42
  5.0120E-01  1.1778E+43  3.7802E+38  7.0451E+42  4.7321E+42
  5.3090E-01  1.4059E+43  1.2037E+39  7.3898E+42  6.6684E+42
  5.6230E-01  1.6776E+43  3.5026E+39  7.7012E+42  9.0716E+42
  5.9570E-01  2.0066E+43  9.5076E+39  7.9808E+42  1.2076E+43
  6.3100E-01  2.4207E+43  2.4367E+40  8.2457E+42  1.5937E+43
  6.6830E-01  2.9377E+43  5.9010E+40  8.4808E+42  2.0837E+43
  7.0790E-01  3.5709E+43  1.3499E+41  8.7101E+42  2.6864E+43
  7.4990E-01  4.3010E+43  2.8912E+41  8.8997E+42  3.3821E+43
  7.9430E-01  5.1684E+43  5.8706E+41  9.0629E+42  4.2034E+43
  8.4140E-01  6.2015E+43  1.1371E+42  9.1948E+42  5.1683E+43
  8.9130E-01  7.4946E+43  2.1296E+42  9.3147E+42  6.3502E+43
  9.4410E-01  9.0093E+43  3.8013E+42  9.3812E+42  7.6911E+43
  1.0000E+00  1.0682E+44  6.4206E+42  9.3634E+42  9.1038E+43
  1.0590E+00  1.2524E+44  1.0314E+43  9.2851E+42  1.0565E+44
  1.1220E+00  1.4569E+44  1.5931E+43  9.1403E+42  1.2062E+44
  1.1890E+00  1.6855E+44  2.3756E+43  8.9156E+42  1.3588E+44
  1.2590E+00  1.9462E+44  3.4238E+43  8.5982E+42  1.5179E+44
  1.3340E+00  2.2246E+44  4.7584E+43  8.1942E+42  1.6668E+44
  1.4130E+00  2.5061E+44  6.3341E+43  7.7259E+42  1.7954E+44
  1.4960E+00  2.7900E+44  8.1340E+43  7.2022E+42  1.9045E+44
  1.5850E+00  3.0767E+44  1.0173E+44  6.6273E+42  1.9931E+44
  1.6790E+00  3.3638E+44  1.2388E+44  6.0076E+42  2.0649E+44
  1.7780E+00  3.6427E+44  1.4697E+44  5.3512E+42  2.1195E+44
  1.8840E+00  3.9045E+44  1.7058E+44  4.6793E+42  2.1520E+44
  1.9950E+00  4.1394E+44  1.9341E+44  4.0159E+42  2.1651E+44
  2.1130E+00  4.3377E+44  2.1479E+44  3.3857E+42  2.1559E+44
  2.2390E+00  4.4910E+44  2.3380E+44  2.8072E+42  2.1249E+44
  2.3710E+00  4.5965E+44  2.4961E+44  2.2933E+42  2.0775E+44
  2.5120E+00  4.6544E+44  2.6230E+44  1.8513E+42  2.0129E+44
  2.6610E+00  4.6665E+44  2.7151E+44  1.4793E+42  1.9366E+44
  2.8180E+00  4.6355E+44  2.7714E+44  1.1713E+42  1.8524E+44
  2.9850E+00  4.5683E+44  2.7975E+44  9.2079E+41  1.7616E+44
  3.1620E+00  4.4696E+44  2.7949E+44  7.1926E+41  1.6675E+44
  3.3500E+00  4.3521E+44  2.7755E+44  5.5960E+41  1.5711E+44
  3.5480E+00  4.2129E+44  2.7321E+44  4.3315E+41  1.4764E+44
  3.7580E+00  4.0623E+44  2.6758E+44  3.3399E+41  1.3831E+44
  3.9810E+00  3.9042E+44  2.6095E+44  2.5667E+41  1.2921E+44
  4.2170E+00  3.7420E+44  2.5355E+44  1.9664E+41  1.2046E+44
  4.4670E+00  3.5789E+44  2.4566E+44  1.5022E+41  1.1208E+44
  4.7320E+00  3.4191E+44  2.3770E+44  1.1441E+41  1.0410E+44
  5.0120E+00  3.2669E+44  2.2983E+44  8.6985E+40  9.6769E+43
  5.3090E+00  3.0903E+44  2.2204E+44  6.5351E+40  8.6929E+43
  5.6230E+00  2.9195E+44  2.1450E+44  4.8872E+40  7.7400E+43
  5.9570E+00  2.7577E+44  2.0744E+44  3.6412E+40  6.8293E+43
  6.3100E+00  2.5923E+44  1.9937E+44  2.6904E+40  5.9833E+43
  6.6830E+00  2.4553E+44  1.9345E+44  1.9922E+40  5.2060E+43
  7.0790E+00  2.3153E+44  1.8651E+44  1.4575E+40  4.5001E+43
  7.4990E+00  2.2236E+44  1.8392E+44  1.0640E+40  3.8425E+43
  7.9430E+00  2.3151E+44  1.9986E+44  8.1979E+39  3.1643E+43
  8.4140E+00  2.5318E+44  2.2827E+44  7.0356E+39  2.4901E+43
  8.9130E+00  2.6327E+44  2.4379E+44  6.3226E+39  1.9472E+43
  9.4410E+00  2.6344E+44  2.4823E+44  6.1863E+39  1.5203E+43
  1.0000E+01  2.4287E+44  2.2969E+44  4.8892E+39  1.3176E+43
  1.0590E+01  2.1994E+44  2.0837E+44  3.6864E+39  1.1564E+43
  1.1220E+01  1.9611E+44  1.8595E+44  2.5627E+39  1.0156E+43
  1.1890E+01  1.7489E+44  1.6613E+44  1.7903E+39  8.7557E+42
  1.2590E+01  1.5738E+44  1.4989E+44  1.2364E+39  7.4915E+42
  1.3340E+01  1.4301E+44  1.3668E+44  8.4683E+38  6.3250E+42
  1.4130E+01  1.3333E+44  1.2806E+44  5.7977E+38  5.2710E+42
  1.4960E+01  1.3067E+44  1.2636E+44  4.2317E+38  4.3076E+42
  1.5850E+01  1.2999E+44  1.2650E+44  3.2598E+38  3.4849E+42
  1.6790E+01  1.2973E+44  1.2692E+44  2.6207E+38  2.8111E+42
  1.7780E+01  1.2845E+44  1.2617E+44  2.1608E+38  2.2756E+42
  1.8840E+01  1.2520E+44  1.2334E+44  1.7678E+38  1.8526E+42
  1.9950E+01  1.2010E+44  1.1857E+44  1.3899E+38  1.5240E+42
  2.1130E+01  1.1465E+44  1.1340E+44  1.0558E+38  1.2522E+42
  2.2390E+01  1.0927E+44  1.0824E+44  7.9788E+37  1.0237E+42
  2.3710E+01  1.0377E+44  1.0293E+44  5.9854E+37  8.3664E+41
  2.5120E+01  9.7776E+43  9.7095E+43  4.4672E+37  6.8092E+41
  2.6610E+01  9.1242E+43  9.0688E+43  3.2968E+37  5.5347E+41
  2.8180E+01  8.4191E+43  8.3741E+43  2.4139E+37  4.4958E+41
  2.9850E+01  7.6600E+43  7.6236E+43  1.7477E+37  3.6434E+41
  3.1620E+01  6.8625E+43  6.8330E+43  1.2471E+37  2.9486E+41
  3.3500E+01  6.0468E+43  6.0230E+43  8.7651E+36  2.3824E+41
  3.5480E+01  5.2433E+43  5.2240E+43  6.0711E+36  1.9252E+41
  3.7580E+01  4.4707E+43  4.4552E+43  4.1389E+36  1.5541E+41
  3.9810E+01  3.7458E+43  3.7332E+43  2.7770E+36  1.2529E+41
  4.2170E+01  3.0899E+43  3.0798E+43  1.8346E+36  1.0096E+41
  4.4670E+01  2.5122E+43  2.5040E+43  1.1932E+36  8.1283E+40
  4.7320E+01  2.0159E+43  2.0094E+43  7.6527E+35  6.5382E+40
  5.0120E+01  1.5990E+43  1.5937E+43  4.8472E+35  5.2580E+40
  5.3090E+01  1.2541E+43  1.2499E+43  3.0337E+35  4.2239E+40
  5.6230E+01  9.7453E+42  9.7114E+42  1.8794E+35  3.3922E+40
  5.9570E+01  7.5002E+42  7.4730E+42  1.1522E+35  2.7197E+40
  6.3100E+01  5.7306E+42  5.7088E+42  7.0086E+34  2.1803E+40
  6.6830E+01  4.3504E+42  4.3329E+42  4.2334E+34  1.7476E+40
  7.0790E+01  3.2824E+42  3.2684E+42  2.5400E+34  1.3993E+40
  7.4990E+01  2.4627E+42  2.4515E+42  1.5148E+34  1.1195E+40
  7.9430E+01  1.8397E+42  1.8308E+42  8.9937E+33  8.9551E+39
  8.4140E+01  1.3686E+42  1.3614E+42  5.3143E+33  7.1582E+39
  8.9130E+01  1.0150E+42  1.0093E+42  3.1304E+33  5.7188E+39
  9.4410E+01  7.5073E+41  7.4616E+41  1.8386E+33  4.5683E+39
  1.0000E+02  5.5377E+41  5.5012E+41  1.0768E+33  3.6483E+39
  1.0590E+02  4.0800E+41  4.0509E+41  6.2995E+32  2.9147E+39
  1.1220E+02  3.0004E+41  2.9771E+41  3.6766E+32  2.3237E+39
  1.1890E+02  2.2078E+41  2.1893E+41  2.1472E+32  1.8505E+39
  1.2590E+02  1.6344E+41  1.6196E+41  1.2619E+32  1.4777E+39
  1.3340E+02  1.2131E+41  1.2014E+41  7.4460E+31  1.1767E+39
  1.4130E+02  8.9377E+40  8.8439E+40  4.3767E+31  9.3803E+38
  1.4960E+02  6.4527E+40  6.3778E+40  2.5184E+31  7.4900E+38
  1.5850E+02  4.6241E+40  4.5644E+40  1.4346E+31  5.9626E+38
  1.7780E+02  2.3973E+40  2.3594E+40  4.6934E+30  3.7865E+38
  1.9950E+02  1.2465E+40  1.2224E+40  1.5411E+30  2.4005E+38
  2.2390E+02  6.4744E+39  6.3225E+39  5.0626E+29  1.5196E+38
  2.5120E+02  3.3627E+39  3.2665E+39  1.6650E+29  9.6279E+37
  2.8180E+02  1.7448E+39  1.6838E+39  5.4785E+28  6.0994E+37
  3.1620E+02  9.0381E+38  8.6522E+38  1.8026E+28  3.8593E+37
  3.5480E+02  4.6810E+38  4.4369E+38  5.9395E+27  2.4409E+37
  3.9810E+02  2.4251E+38  2.2707E+38  1.9623E+27  1.5436E+37
  4.4670E+02  1.2575E+38  1.1599E+38  6.5045E+26  9.7572E+36
  5.0120E+02  6.5335E+37  5.9167E+37  2.1663E+26  6.1679E+36
  5.6230E+02  3.4049E+37  3.0149E+37  7.2567E+25  3.8995E+36
  6.3100E+02  1.7790E+37  1.5328E+37  2.4457E+25  2.4625E+36
  7.0790E+02  9.3480E+36  7.7914E+36  8.3181E+24  1.5566E+36
  7.9430E+02  4.9363E+36  3.9532E+36  2.8528E+24  9.8315E+35
  8.9130E+02  2.6238E+36  2.0031E+36  9.8809E+23  6.2072E+35
  1.0000E+03  1.4066E+36  1.0145E+36  3.4625E+23  3.9211E+35
