  1.0000E-03  1.4669E+43  0.0000E+00  4.0035E+42  1.0665E+43
  1.1220E-03  8.4705E+42  0.0000E+00  4.5488E+42  3.9217E+42
  1.2590E-03  6.2622E+42  0.0000E+00  4.9189E+42  1.3434E+42
  1.4130E-03  5.5292E+42  0.0000E+00  5.0925E+42  4.3664E+41
  1.5850E-03  5.3515E+42  0.0000E+00  5.1809E+42  1.7060E+41
  1.7780E-03  6.2295E+42  0.0000E+00  6.0969E+42  1.3253E+41
  1.9950E-03  6.1474E+42  0.0000E+00  6.1285E+42  1.8852E+40
  2.2390E-03  5.6425E+42  0.0000E+00  5.6381E+42  4.3448E+39
  2.5120E-03  6.8469E+42  0.0000E+00  6.8445E+42  2.4146E+39
  2.8180E-03  6.4514E+42  0.0000E+00  6.4513E+42  1.4304E+38
  3.1620E-03  5.8865E+42  0.0000E+00  5.8864E+42  1.1455E+37
  3.5480E-03  5.2975E+42  0.0000E+00  5.2975E+42  1.0704E+36
  3.9810E-03  4.7603E+42  0.0000E+00  4.7603E+42  1.2575E+35
  4.4670E-03  2.0989E+43  0.0000E+00  2.0988E+43  1.1504E+39
  5.0120E-03  1.9234E+43  0.0000E+00  1.9233E+43  5.3864E+37
  5.6230E-03  1.6953E+43  0.0000E+00  1.6953E+43  2.5897E+36
  5.9570E-03  1.5810E+43  0.0000E+00  1.5810E+43  6.0824E+35
  6.6830E-03  1.3858E+43  0.0000E+00  1.3858E+43  4.6163E+34
  7.4990E-03  1.2471E+43  0.0000E+00  1.2471E+43  6.1010E+33
  8.4140E-03  1.1003E+43  0.0000E+00  1.1003E+43  5.4386E+32
  9.4410E-03  9.8048E+42  0.0000E+00  9.8048E+42  7.9244E+31
  1.0590E-02  8.8349E+42  0.0000E+00  8.8349E+42  3.3993E+31
  1.1890E-02  8.2956E+42  0.0000E+00  8.2956E+42  3.8263E+30
  1.3340E-02  7.4750E+42  0.0000E+00  7.4750E+42  7.5704E+29
  1.4960E-02  6.6954E+42  0.0000E+00  6.6954E+42  9.5169E+28
  1.6790E-02  5.9568E+42  0.0000E+00  5.9568E+42  1.4536E+28
  1.8840E-02  5.2933E+42  0.0000E+00  5.2933E+42  2.8512E+27
  2.1130E-02  4.7681E+42  0.0000E+00  4.7681E+42  4.4928E+26
  2.3710E-02  4.2238E+42  0.0000E+00  4.2238E+42  6.5451E+25
  2.6610E-02  3.6701E+42  0.0000E+00  3.6701E+42  7.9338E+24
  2.9850E-02  3.1552E+42  0.0000E+00  3.1552E+42  9.9384E+23
  3.3500E-02  2.6806E+42  1.3588E-87  2.6806E+42  1.2005E+23
  3.7580E-02  2.7859E+42  1.0547E-74  2.7859E+42  7.4477E+22
  4.2170E-02  2.6613E+42  7.5483E-64  2.6613E+42  8.7559E+21
  4.7320E-02  1.6081E+42  2.9520E-55  1.6081E+42  4.9001E+19
  5.3090E-02  8.1026E+41  3.4851E-48  8.1026E+41  9.0270E+16
  6.6830E-02  6.6661E+40  3.2651E-41  6.6661E+40  1.1808E+06
  7.4990E-02  1.5518E+40  4.1053E-40  1.5518E+40  1.3291E-01
  8.4140E-02  2.0469E+40  4.7886E-33  2.0469E+40  6.8618E+00
  9.4410E-02  2.6874E+40  5.0018E-27  2.6874E+40  1.0548E+02
  1.0590E-01  8.6797E+40  9.1107E-19  8.6797E+40  6.7894E+06
  1.1890E-01  3.2772E+41  1.3300E-10  3.2772E+41  1.8175E+12
  1.3340E-01  9.0008E+41  3.3248E-04  9.0008E+41  1.4924E+16
  1.4960E-01  1.6333E+42  3.9967E+01  1.6333E+42  4.6883E+18
  1.5850E-01  1.7133E+42  2.8160E+03  1.7133E+42  1.2717E+19
  1.7780E-01  1.0277E+42  3.8495E+05  1.0277E+42  1.7859E+18
  1.9950E-01  1.7653E+41  2.9653E+04  1.7653E+41  3.7243E+13
  2.2390E-01  5.5438E+40  2.6824E+04  5.5438E+40  5.0883E+10
  2.3710E-01  1.2777E+41  8.9038E+07  1.2777E+41  1.2418E+14
  2.5120E-01  2.9403E+41  3.3482E+11  2.9403E+41  4.2395E+17
  2.6610E-01  4.8728E+41  1.4978E+14  4.8728E+41  1.0261E+20
  2.8180E-01  6.6233E+41  1.8433E+16  6.6233E+41  5.3107E+21
  2.9850E-01  8.2013E+41  1.0638E+18  8.2013E+41  1.1784E+23
  3.1620E-01  9.8334E+41  4.2819E+19  9.8334E+41  1.8842E+24
  3.3500E-01  1.1476E+42  1.3123E+21  1.1476E+42  2.3793E+25
  3.5480E-01  1.2982E+42  2.9758E+22  1.2982E+42  2.2886E+26
  3.7580E-01  1.4455E+42  6.0979E+23  1.4455E+42  2.1192E+27
  3.9810E-01  1.5891E+42  9.7828E+24  1.5891E+42  1.6012E+28
  4.2170E-01  1.7519E+42  1.6486E+26  1.7519E+42  1.4152E+29
  4.4670E-01  1.9265E+42  2.4108E+27  1.9265E+42  1.1493E+30
  4.7320E-01  2.0994E+42  3.1859E+28  2.0994E+42  8.8406E+30
  5.0120E-01  2.2618E+42  3.7422E+29  2.2618E+42  6.2955E+31
  5.3090E-01  2.4175E+42  4.2246E+30  2.4175E+42  4.5274E+32
  5.6230E-01  2.5568E+42  3.9398E+31  2.5568E+42  2.7499E+33
  5.9570E-01  2.6796E+42  3.2278E+32  2.6796E+42  1.5068E+34
  6.3100E-01  2.7918E+42  2.4408E+33  2.7918E+42  7.9149E+34
  6.6830E-01  2.8871E+42  1.7024E+34  2.8871E+42  3.9722E+35
  7.0790E-01  2.9781E+42  1.0802E+35  2.9781E+42  1.8662E+36
  7.4990E-01  3.0567E+42  5.9988E+35  3.0567E+42  7.8296E+36
  7.9430E-01  3.1291E+42  3.0485E+36  3.1290E+42  3.0885E+37
  8.4140E-01  3.1916E+42  1.4375E+37  3.1915E+42  1.1577E+38
  8.9130E-01  3.2518E+42  6.5737E+37  3.2513E+42  4.3266E+38
  9.4410E-01  3.2935E+42  2.7579E+38  3.2917E+42  1.5089E+39
  1.0000E+00  3.3080E+42  1.0260E+39  3.3023E+42  4.7127E+39
  1.0590E+00  3.3082E+42  3.4280E+39  3.2914E+42  1.3374E+40
  1.1220E+00  3.3019E+42  1.0538E+40  3.2562E+42  3.5207E+40
  1.1890E+00  3.3064E+42  3.0140E+40  3.1892E+42  8.7017E+40
  1.2590E+00  3.3696E+42  8.1176E+40  3.0827E+42  2.0574E+41
  1.3340E+00  3.5885E+42  2.0087E+41  2.9380E+42  4.4963E+41
  1.4130E+00  4.1046E+42  4.4779E+41  2.7627E+42  8.9415E+41
  1.4960E+00  5.1246E+42  9.1536E+41  2.5619E+42  1.6474E+42
  1.5850E+00  6.9436E+42  1.7497E+42  2.3388E+42  2.8550E+42
  1.6790E+00  9.9551E+42  3.1470E+42  2.0978E+42  4.7104E+42
  1.7780E+00  1.4596E+43  5.3340E+42  1.8444E+42  7.4179E+42
  1.8840E+00  2.1249E+43  8.5381E+42  1.5876E+42  1.1123E+43
  1.9950E+00  3.0127E+43  1.2886E+43  1.3383E+42  1.5903E+43
  2.1130E+00  4.1137E+43  1.8372E+43  1.1053E+42  2.1660E+43
  2.2390E+00  5.3837E+43  2.4787E+43  8.9528E+41  2.8154E+43
  2.3710E+00  6.7522E+43  3.1742E+43  7.1281E+41  3.5068E+43
  2.5120E+00  8.1295E+43  3.8796E+43  5.5917E+41  4.1939E+43
  2.6610E+00  9.4339E+43  4.5466E+43  4.3309E+41  4.8439E+43
  2.8180E+00  1.0599E+44  5.1346E+43  3.3168E+41  5.4311E+43
  2.9850E+00  1.1572E+44  5.6184E+43  2.5165E+41  5.9289E+43
  3.1620E+00  1.2333E+44  5.9827E+43  1.8939E+41  6.3312E+43
  3.3500E+00  1.2860E+44  6.2307E+43  1.4174E+41  6.6155E+43
  3.5480E+00  1.3189E+44  6.3640E+43  1.0549E+41  6.8141E+43
  3.7580E+00  1.3324E+44  6.3992E+43  7.8166E+40  6.9167E+43
  3.9810E+00  1.3288E+44  6.3491E+43  5.7701E+40  6.9329E+43
  4.2170E+00  1.3111E+44  6.2300E+43  4.2468E+40  6.8767E+43
  4.4670E+00  1.2821E+44  6.0583E+43  3.1175E+40  6.7594E+43
  4.7320E+00  1.2437E+44  5.8480E+43  2.2822E+40  6.5866E+43
  5.0120E+00  1.1999E+44  5.6127E+43  1.6697E+40  6.3846E+43
  5.3090E+00  1.1307E+44  5.3583E+43  1.1980E+40  5.9478E+43
  5.6230E+00  1.0561E+44  5.0967E+43  8.5435E+39  5.4634E+43
  5.9570E+00  9.7868E+43  4.8377E+43  6.0594E+39  4.9485E+43
  6.3100E+00  9.0009E+43  4.5611E+43  4.2642E+39  4.4394E+43
  6.6830E+00  8.2798E+43  4.3397E+43  2.9996E+39  3.9397E+43
  7.0790E+00  7.5732E+43  4.1051E+43  2.0867E+39  3.4679E+43
  7.4990E+00  6.8392E+43  3.8990E+43  1.4469E+39  2.9401E+43
  7.9430E+00  5.8713E+43  3.7363E+43  1.0586E+39  2.1348E+43
  8.4140E+00  4.6593E+43  3.3874E+43  8.7021E+38  1.2718E+43
  8.9130E+00  3.6491E+43  2.9019E+43  7.5589E+38  7.4715E+42
  9.4410E+00  2.8677E+43  2.4256E+43  7.2061E+38  4.4202E+42
  1.0000E+01  2.9041E+43  2.4682E+43  5.5635E+38  4.3591E+42
  1.0590E+01  3.0167E+43  2.5555E+43  4.0838E+38  4.6118E+42
  1.1220E+01  3.1292E+43  2.6308E+43  2.7447E+38  4.9833E+42
  1.1890E+01  3.0962E+43  2.5965E+43  1.8472E+38  4.9974E+42
  1.2590E+01  3.0227E+43  2.5389E+43  1.2268E+38  4.8378E+42
  1.3340E+01  2.9049E+43  2.4574E+43  8.0954E+37  4.4749E+42
  1.4130E+01  2.7779E+43  2.3870E+43  5.3921E+37  3.9094E+42
  1.4960E+01  2.6726E+43  2.3607E+43  3.9138E+37  3.1195E+42
  1.5850E+01  2.6025E+43  2.3612E+43  3.0348E+37  2.4127E+42
  1.6790E+01  2.5672E+43  2.3823E+43  2.4782E+37  1.8497E+42
  1.7780E+01  2.5677E+43  2.4231E+43  2.0821E+37  1.4458E+42
  1.8840E+01  2.5999E+43  2.4821E+43  1.7295E+37  1.1781E+42
  1.9950E+01  2.6458E+43  2.5452E+43  1.3710E+37  1.0059E+42
  2.1130E+01  2.6928E+43  2.6067E+43  1.0521E+37  8.6139E+41
  2.2390E+01  2.7363E+43  2.6635E+43  8.0791E+36  7.2829E+41
  2.3710E+01  2.7695E+43  2.7082E+43  6.1848E+36  6.1239E+41
  2.5120E+01  2.7802E+43  2.7292E+43  4.7279E+36  5.1058E+41
  2.6610E+01  2.7612E+43  2.7188E+43  3.5807E+36  4.2405E+41
  2.8180E+01  2.7057E+43  2.6706E+43  2.6934E+36  3.5106E+41
  2.9850E+01  2.6086E+43  2.5797E+43  2.0040E+36  2.8943E+41
  3.1620E+01  2.4696E+43  2.4458E+43  1.4683E+36  2.3806E+41
  3.3500E+01  2.2924E+43  2.2728E+43  1.0583E+36  1.9532E+41
  3.5480E+01  2.0861E+43  2.0701E+43  7.5033E+35  1.6014E+41
  3.7580E+01  1.8607E+43  1.8476E+43  5.2257E+35  1.3111E+41
  3.9810E+01  1.6260E+43  1.6153E+43  3.5739E+35  1.0723E+41
  4.2170E+01  1.3949E+43  1.3862E+43  2.4023E+35  8.7625E+40
  4.4670E+01  1.1764E+43  1.1693E+43  1.5873E+35  7.1508E+40
  4.7320E+01  9.7705E+42  9.7122E+42  1.0333E+35  5.8254E+40
  5.0120E+01  8.0031E+42  7.9557E+42  6.6364E+34  4.7407E+40
  5.3090E+01  6.4702E+42  6.4317E+42  4.2094E+34  3.8504E+40
  5.6230E+01  5.1732E+42  5.1420E+42  2.6416E+34  3.1234E+40
  5.9570E+01  4.0910E+42  4.0657E+42  1.6403E+34  2.5271E+40
  6.3100E+01  3.2069E+42  3.1864E+42  1.0102E+34  2.0427E+40
  6.6830E+01  2.4942E+42  2.4777E+42  6.1773E+33  1.6494E+40
  7.0790E+01  1.9258E+42  1.9125E+42  3.7518E+33  1.3294E+40
  7.4990E+01  1.4769E+42  1.4662E+42  2.2648E+33  1.0698E+40
  7.9430E+01  1.1265E+42  1.1179E+42  1.3607E+33  8.6022E+39
  8.4140E+01  8.5467E+41  8.4777E+41  8.1356E+32  6.9077E+39
  8.9130E+01  6.4586E+41  6.4032E+41  4.8482E+32  5.5411E+39
  9.4410E+01  4.8624E+41  4.8180E+41  2.8800E+32  4.4422E+39
  1.0000E+02  3.6474E+41  3.6118E+41  1.7056E+32  3.5588E+39
  1.0590E+02  2.7303E+41  2.7018E+41  1.0087E+32  2.8511E+39
  1.1220E+02  2.0386E+41  2.0158E+41  5.9509E+31  2.2786E+39
  1.1890E+02  1.5221E+41  1.5039E+41  3.5126E+31  1.8184E+39
  1.2590E+02  1.1424E+41  1.1278E+41  2.0856E+31  1.4547E+39
  1.3340E+02  8.5928E+40  8.4768E+40  1.2434E+31  1.1602E+39
  1.4130E+02  6.4082E+40  6.3156E+40  7.3785E+30  9.2619E+38
  1.4960E+02  4.6767E+40  4.6026E+40  4.2830E+30  7.4064E+38
  1.5850E+02  3.3860E+40  3.3270E+40  2.4610E+30  5.9039E+38
  1.7780E+02  1.7895E+40  1.7519E+40  8.1906E+29  3.7573E+38
  1.9950E+02  9.4679E+39  9.2293E+39  2.7349E+29  2.3859E+38
  2.2390E+02  4.9961E+39  4.8449E+39  9.1333E+28  1.5123E+38
  2.5120E+02  2.6321E+39  2.5362E+39  3.0531E+28  9.5912E+37
  2.8180E+02  1.3834E+39  1.3226E+39  1.0213E+28  6.0810E+37
  3.1620E+02  7.2519E+38  6.8669E+38  3.4177E+27  3.8500E+37
  3.5480E+02  3.7973E+38  3.5537E+38  1.1461E+27  2.4362E+37
  3.9810E+02  1.9877E+38  1.8335E+38  3.8574E+26  1.5412E+37
  4.4670E+02  1.0408E+38  9.4333E+37  1.3041E+26  9.7454E+36
  5.0120E+02  5.4588E+37  4.8426E+37  4.4360E+25  6.1620E+36
  5.6230E+02  2.8712E+37  2.4815E+37  1.5199E+25  3.8966E+36
  6.3100E+02  1.5140E+37  1.2679E+37  5.2471E+24  2.4610E+36
  7.0790E+02  8.0295E+36  6.4737E+36  1.8305E+24  1.5558E+36
  7.9430E+02  4.2803E+36  3.2975E+36  6.4461E+23  9.8277E+35
  8.9130E+02  2.2972E+36  1.6767E+36  2.2942E+23  6.2053E+35
  1.0000E+03  1.2438E+36  8.5180E+35  8.2625E+22  3.9201E+35
