  1.0000E-03  2.0208E+44  2.5709E+00  2.1888E+42  1.9989E+44
  1.1220E-03  1.5681E+44  2.3412E+00  2.6254E+42  1.5419E+44
  1.2590E-03  1.1905E+44  2.1433E+00  3.0038E+42  1.1604E+44
  1.4130E-03  8.9030E+43  1.9805E+00  3.3061E+42  8.5724E+43
  1.5850E-03  7.0745E+43  1.9019E+00  3.5761E+42  6.7169E+43
  1.7780E-03  7.0349E+43  2.0043E+00  4.3929E+42  6.5956E+43
  1.9950E-03  4.1724E+43  1.7376E+00  4.8889E+42  3.6835E+43
  2.2390E-03  2.9067E+43  1.6265E+00  4.9630E+42  2.4104E+43
  2.5120E-03  2.7502E+43  1.6711E+00  6.4162E+42  2.1086E+43
  2.8180E-03  1.5770E+43  1.4334E+00  6.9945E+42  8.7759E+42
  3.1620E-03  1.1376E+43  1.3035E+00  7.3365E+42  4.0398E+42
  3.5480E-03  9.5136E+42  1.2249E+00  7.5543E+42  1.9593E+42
  3.9810E-03  8.7114E+42  1.1861E+00  7.6845E+42  1.0269E+42
  4.4670E-03  4.2186E+43  2.9770E+00  1.6113E+43  2.6073E+43
  5.0120E-03  2.7733E+43  2.5239E+00  1.7808E+43  9.9250E+42
  5.6230E-03  2.2843E+43  2.2167E+00  1.9036E+43  3.8071E+42
  5.9570E-03  2.1922E+43  2.1070E+00  1.9509E+43  2.4133E+42
  6.6830E-03  2.1391E+43  1.9679E+00  2.0311E+43  1.0802E+42
  7.4990E-03  2.1783E+43  1.9140E+00  2.1201E+43  5.8223E+41
  8.4140E-03  2.2194E+43  1.8457E+00  2.1918E+43  2.7581E+41
  9.4410E-03  2.2606E+43  1.8332E+00  2.2452E+43  1.5400E+41
  1.0590E-02  2.2571E+43  1.9106E+00  2.2448E+43  1.2309E+41
  1.1890E-02  2.4256E+43  1.8947E+00  2.4193E+43  6.3182E+40
  1.3340E-02  2.4769E+43  1.9248E+00  2.4730E+43  3.9088E+40
  1.4960E-02  2.5517E+43  1.9257E+00  2.5496E+43  2.0793E+40
  1.6790E-02  2.6004E+43  1.9464E+00  2.5993E+43  1.1804E+40
  1.8840E-02  2.6296E+43  1.9876E+00  2.6289E+43  7.2785E+39
  2.1130E-02  2.7070E+43  2.0170E+00  2.7066E+43  4.1718E+39
  2.3710E-02  2.7561E+43  2.0443E+00  2.7559E+43  2.3293E+39
  2.6610E-02  2.7806E+43  2.0601E+00  2.7805E+43  1.2225E+39
  2.9850E-02  2.7835E+43  2.0774E+00  2.7835E+43  6.4773E+38
  3.3500E-02  2.7665E+43  2.0937E+00  2.7664E+43  3.3887E+38
  3.7580E-02  2.9783E+43  2.2940E+00  2.9783E+43  3.1146E+38
  4.2170E-02  3.2551E+43  2.3214E+00  3.2551E+43  1.6144E+38
  4.7320E-02  2.8437E+43  2.0251E+00  2.8437E+43  2.9327E+37
  5.3090E-02  2.1914E+43  1.5805E+00  2.1914E+43  3.4707E+36
  6.6830E-02  7.0287E+42  5.5018E-01  7.0287E+42  6.4570E+32
  7.4990E-02  2.9524E+42  2.8491E-01  2.9524E+42  2.6181E+30
  8.4140E-02  3.5761E+42  3.2989E-01  3.5761E+42  1.0125E+31
  9.4410E-02  4.2264E+42  6.8402E-01  4.2264E+42  2.5868E+31
  1.0590E-01  7.6030E+42  1.0845E+05  7.6030E+42  1.1163E+33
  1.1890E-01  1.2695E+43  1.2558E+10  1.2695E+43  7.4368E+34
  1.3340E-01  1.7741E+43  1.7276E+14  1.7741E+43  1.4951E+36
  1.4960E-01  2.0146E+43  7.1874E+17  2.0146E+43  9.8429E+36
  1.5850E-01  1.9522E+43  2.7269E+19  1.9522E+43  1.3111E+37
  1.7780E-01  1.4631E+43  9.9516E+21  1.4630E+43  5.7464E+36
  1.9950E-01  6.2406E+42  3.0033E+23  6.2406E+42  1.1915E+35
  2.2390E-01  3.3479E+42  9.8882E+24  3.3479E+42  1.0456E+34
  2.3710E-01  4.6895E+42  3.7318E+26  4.6895E+42  1.4249E+35
  2.5120E-01  6.3950E+42  1.2949E+28  6.3950E+42  2.1782E+36
  2.6610E-01  7.4530E+42  2.3846E+29  7.4530E+42  1.3433E+37
  2.8180E-01  7.9279E+42  2.8970E+30  7.9279E+42  4.8747E+37
  2.9850E-01  8.1071E+42  2.6731E+31  8.1070E+42  1.3231E+38
  3.1620E-01  8.1900E+42  2.0716E+32  8.1897E+42  3.2093E+38
  3.3500E-01  8.1785E+42  1.3980E+33  8.1778E+42  7.1769E+38
  3.5480E-01  8.0587E+42  8.1613E+33  8.0572E+42  1.4627E+39
  3.7580E-01  7.8731E+42  4.3910E+34  7.8702E+42  2.9376E+39
  3.9810E-01  7.6640E+42  2.0811E+35  7.6584E+42  5.5092E+39
  4.2170E-01  7.4466E+42  9.4412E+35  7.4357E+42  1.0882E+40
  4.4670E-01  7.2416E+42  3.9036E+36  7.2207E+42  2.0896E+40
  4.7320E-01  7.0150E+42  1.5040E+37  6.9756E+42  3.9383E+40
  5.0120E-01  6.7698E+42  5.3831E+37  6.6974E+42  7.2303E+40
  5.3090E-01  6.5244E+42  1.8382E+38  6.3911E+42  1.3308E+41
  5.6230E-01  6.3132E+42  5.7224E+38  6.0812E+42  2.3145E+41
  5.9570E-01  6.1534E+42  1.6612E+39  5.7630E+42  3.8871E+41
  6.3100E-01  6.0893E+42  4.5600E+39  5.4411E+42  6.4365E+41
  6.6830E-01  6.1738E+42  1.1849E+40  5.1125E+42  1.0494E+42
  7.0790E-01  6.5008E+42  2.9108E+40  4.7980E+42  1.6737E+42
  7.4990E-01  7.1328E+42  6.6890E+40  4.4955E+42  2.5704E+42
  7.9430E-01  8.2185E+42  1.4584E+41  4.2041E+42  3.8686E+42
  8.4140E-01  9.9495E+42  3.0384E+41  3.9221E+42  5.7236E+42
  8.9130E-01  1.2727E+43  6.1432E+41  3.6500E+42  8.4628E+42
  9.4410E-01  1.6798E+43  1.1852E+42  3.3882E+42  1.2225E+43
  1.0000E+00  2.2311E+43  2.1612E+42  3.1370E+42  1.7013E+43
  1.0590E+00  2.9575E+43  3.7421E+42  2.9027E+42  2.2930E+43
  1.1220E+00  3.9032E+43  6.2243E+42  2.6799E+42  3.0128E+43
  1.1890E+00  5.1198E+43  9.9856E+42  2.4638E+42  3.8749E+43
  1.2590E+00  6.6866E+43  1.5472E+43  2.2492E+42  4.9145E+43
  1.3340E+00  8.5742E+43  2.3053E+43  2.0407E+42  6.0648E+43
  1.4130E+00  1.0708E+44  3.2740E+43  1.8435E+42  7.2498E+43
  1.4960E+00  1.3078E+44  4.4650E+43  1.6548E+42  8.4475E+43
  1.5850E+00  1.5688E+44  5.9072E+43  1.4713E+42  9.6334E+43
  1.6790E+00  1.8512E+44  7.5781E+43  1.2917E+42  1.0805E+44
  1.7780E+00  2.1474E+44  9.4296E+43  1.1159E+42  1.1933E+44
  1.8840E+00  2.4468E+44  1.1422E+44  9.4702E+41  1.2952E+44
  1.9950E+00  2.7359E+44  1.3441E+44  7.8875E+41  1.3839E+44
  2.1130E+00  3.0005E+44  1.5400E+44  6.4480E+41  1.4541E+44
  2.2390E+00  3.2268E+44  1.7187E+44  5.1761E+41  1.5029E+44
  2.3710E+00  3.4053E+44  1.8695E+44  4.0868E+41  1.5317E+44
  2.5120E+00  3.5306E+44  1.9887E+44  3.1811E+41  1.5387E+44
  2.6610E+00  3.6009E+44  2.0708E+44  2.4449E+41  1.5277E+44
  2.8180E+00  3.6168E+44  2.1133E+44  1.8572E+41  1.5017E+44
  2.9850E+00  3.5835E+44  2.1197E+44  1.3969E+41  1.4624E+44
  3.1620E+00  3.5062E+44  2.0919E+44  1.0411E+41  1.4133E+44
  3.3500E+00  3.3960E+44  2.0398E+44  7.7107E+40  1.3555E+44
  3.5480E+00  3.2551E+44  1.9605E+44  5.6675E+40  1.2940E+44
  3.7580E+00  3.0935E+44  1.8640E+44  4.1406E+40  1.2291E+44
  3.9810E+00  2.9171E+44  1.7546E+44  3.0086E+40  1.1622E+44
  4.2170E+00  2.7316E+44  1.6363E+44  2.1754E+40  1.0951E+44
  4.4670E+00  2.5421E+44  1.5133E+44  1.5657E+40  1.0286E+44
  4.7320E+00  2.3540E+44  1.3906E+44  1.1222E+40  9.6324E+43
  5.0120E+00  2.1733E+44  1.2713E+44  8.0276E+39  9.0188E+43
  5.3090E+00  1.9721E+44  1.1568E+44  5.6444E+39  8.1528E+43
  5.6230E+00  1.7795E+44  1.0496E+44  3.9444E+39  7.2984E+43
  5.9570E+00  1.5984E+44  9.5150E+43  2.7420E+39  6.4691E+43
  6.3100E+00  1.4251E+44  8.5593E+43  1.8888E+39  5.6912E+43
  6.6830E+00  1.2732E+44  7.7634E+43  1.2997E+39  4.9689E+43
  7.0790E+00  1.1300E+44  6.9912E+43  8.8284E+38  4.3088E+43
  7.4990E+00  1.0289E+44  6.6122E+43  6.1246E+38  3.6763E+43
  7.9430E+00  1.0632E+44  7.6616E+43  5.0044E+38  2.9702E+43
  8.4140E+00  1.1930E+44  9.6902E+43  4.9166E+38  2.2400E+43
  8.9130E+00  1.2528E+44  1.0851E+44  4.8044E+38  1.6767E+43
  9.4410E+00  1.2555E+44  1.1300E+44  4.9377E+38  1.2546E+43
  1.0000E+01  1.0925E+44  9.8155E+43  3.5524E+38  1.1094E+43
  1.0590E+01  9.1617E+43  8.1596E+43  2.3572E+38  1.0022E+43
  1.1220E+01  7.3910E+43  6.4822E+43  1.3914E+38  9.0878E+42
  1.1890E+01  5.9544E+43  5.1524E+43  8.3066E+37  8.0198E+42
  1.2590E+01  4.7977E+43  4.0983E+43  4.8685E+37  6.9940E+42
  1.3340E+01  3.9045E+43  3.3057E+43  2.8510E+37  5.9888E+42
  1.4130E+01  3.3272E+43  2.8244E+43  1.7310E+37  5.0274E+42
  1.4960E+01  3.1415E+43  2.7321E+43  1.2203E+37  4.0936E+42
  1.5850E+01  3.0583E+43  2.7294E+43  9.2838E+36  3.2890E+42
  1.6790E+01  3.0030E+43  2.7398E+43  7.3980E+36  2.6324E+42
  1.7780E+01  2.9043E+43  2.6923E+43  5.9403E+36  2.1195E+42
  1.8840E+01  2.7144E+43  2.5418E+43  4.5685E+36  1.7257E+42
  1.9950E+01  2.4518E+43  2.3090E+43  3.2608E+36  1.4277E+42
  2.1130E+01  2.2075E+43  2.0895E+43  2.2393E+36  1.1805E+42
  2.2390E+01  2.0060E+43  1.9090E+43  1.5454E+36  9.7005E+41
  2.3710E+01  1.8351E+43  1.7555E+43  1.0693E+36  7.9620E+41
  2.5120E+01  1.6815E+43  1.6165E+43  7.4327E+35  6.5038E+41
  2.6610E+01  1.5375E+43  1.4845E+43  5.1510E+35  5.3037E+41
  2.8180E+01  1.3998E+43  1.3566E+43  3.5721E+35  4.3206E+41
  2.9850E+01  1.2633E+43  1.2282E+43  2.4673E+35  3.5106E+41
  3.1620E+01  1.1269E+43  1.0984E+43  1.6891E+35  2.8482E+41
  3.3500E+01  9.9139E+42  9.6832E+42  1.1448E+35  2.3068E+41
  3.5480E+01  8.5995E+42  8.4127E+42  7.6804E+34  1.8684E+41
  3.7580E+01  7.3428E+42  7.1916E+42  5.0873E+34  1.5116E+41
  3.9810E+01  6.1629E+42  6.0408E+42  3.3223E+34  1.2214E+41
  4.2170E+01  5.0951E+42  4.9965E+42  2.1410E+34  9.8642E+40
  4.4670E+01  4.1537E+42  4.0741E+42  1.3613E+34  7.9594E+40
  4.7320E+01  3.3441E+42  3.2800E+42  8.5557E+33  6.4155E+40
  5.0120E+01  2.6627E+42  2.6110E+42  5.3231E+33  5.1694E+40
  5.3090E+01  2.0978E+42  2.0562E+42  3.2806E+33  4.1602E+40
  5.6230E+01  1.6384E+42  1.6050E+42  2.0061E+33  3.3465E+40
  5.9570E+01  1.2682E+42  1.2414E+42  1.2169E+33  2.6871E+40
  6.3100E+01  9.7510E+41  9.5353E+41  7.3404E+32  2.1570E+40
  6.6830E+01  7.4527E+41  7.2796E+41  4.4068E+32  1.7311E+40
  7.0790E+01  5.6640E+41  5.5253E+41  2.6335E+32  1.3875E+40
  7.4990E+01  4.2821E+41  4.1710E+41  1.5675E+32  1.1111E+40
  7.9430E+01  3.2244E+41  3.1355E+41  9.3054E+31  8.8961E+39
  8.4140E+01  2.4185E+41  2.3473E+41  5.5080E+31  7.1163E+39
  8.9130E+01  1.8089E+41  1.7520E+41  3.2555E+31  5.6892E+39
  9.4410E+01  1.3494E+41  1.3040E+41  1.9216E+31  4.5473E+39
  1.0000E+02  1.0041E+41  9.6778E+40  1.1328E+31  3.6334E+39
  1.0590E+02  7.4635E+40  7.1731E+40  6.6804E+30  2.9041E+39
  1.1220E+02  5.5378E+40  5.3062E+40  3.9351E+30  2.3162E+39
  1.1890E+02  4.1117E+40  3.9272E+40  2.3217E+30  1.8451E+39
  1.2590E+02  3.0706E+40  2.9232E+40  1.3791E+30  1.4739E+39
  1.3340E+02  2.2987E+40  2.1813E+40  8.2252E+29  1.1740E+39
  1.4130E+02  1.7085E+40  1.6149E+40  4.8990E+29  9.3607E+38
  1.4960E+02  1.2457E+40  1.1710E+40  2.8724E+29  7.4761E+38
  1.5850E+02  9.0197E+39  8.4245E+39  1.6716E+29  5.9529E+38
  1.7780E+02  4.7752E+39  4.3970E+39  5.7277E+28  3.7817E+38
  1.9950E+02  2.5381E+39  2.2983E+39  1.9817E+28  2.3981E+38
  2.2390E+02  1.3501E+39  1.1982E+39  6.9106E+27  1.5184E+38
  2.5120E+02  7.1977E+38  6.2355E+38  2.4323E+27  9.6218E+37
  2.8180E+02  3.8449E+38  3.2353E+38  8.6386E+26  6.0964E+37
  3.1620E+02  2.0580E+38  1.6722E+38  3.0941E+26  3.8577E+37
  3.5480E+02  1.1061E+38  8.6205E+37  1.1187E+26  2.4401E+37
  3.9810E+02  5.9759E+37  4.4327E+37  4.0865E+25  1.5432E+37
  4.4670E+02  3.2494E+37  2.2738E+37  1.5073E+25  9.7552E+36
  5.0120E+02  1.7809E+37  1.1642E+37  5.6143E+24  6.1669E+36
  5.6230E+02  9.8515E+36  5.9524E+36  2.1104E+24  3.8991E+36
  6.3100E+02  5.4976E+36  3.0353E+36  7.9937E+23  2.4623E+36
  7.0790E+02  3.1035E+36  1.5470E+36  3.0541E+23  1.5565E+36
  7.9430E+02  1.7699E+36  7.8678E+35  1.1739E+23  9.8309E+35
  8.9130E+02  1.0202E+36  3.9949E+35  4.5373E+22  6.2069E+35
  1.0000E+03  5.9480E+35  2.0271E+35  1.7639E+22  3.9209E+35
