  1.0000E-03  6.0949E+42  0.0000E+00  5.9751E+42  1.1981E+41
  1.1220E-03  4.7418E+42  0.0000E+00  4.7276E+42  1.4145E+40
  1.2590E-03  3.4936E+42  0.0000E+00  3.4922E+42  1.4466E+39
  1.4130E-03  2.4375E+42  0.0000E+00  2.4374E+42  1.3300E+38
  1.5850E-03  1.7896E+42  0.0000E+00  1.7896E+42  1.7718E+37
  1.7780E-03  1.9888E+42  0.0000E+00  1.9888E+42  9.4273E+36
  1.9950E-03  1.0945E+42  0.0000E+00  1.0945E+42  1.6340E+35
  2.2390E-03  6.3011E+41  0.0000E+00  6.3011E+41  7.4863E+33
  2.5120E-03  7.0912E+41  0.0000E+00  7.0912E+41  2.0229E+33
  2.8180E-03  3.1433E+41  0.0000E+00  3.1433E+41  5.9862E+30
  3.1620E-03  1.4987E+41  0.0000E+00  1.4987E+41  3.2533E+28
  3.5480E-03  7.4836E+40  0.0000E+00  7.4836E+40  2.4144E+26
  3.9810E-03  3.9788E+40  0.0000E+00  3.9788E+40  2.8453E+24
  4.4670E-03  1.4252E+42  0.0000E+00  1.4252E+42  2.6095E+32
  5.0120E-03  6.5800E+41  0.0000E+00  6.5800E+41  4.7805E+29
  5.6230E-03  3.1773E+41  0.0000E+00  3.1773E+41  9.2343E+26
  5.9570E-03  2.2726E+41  0.0000E+00  2.2726E+41  4.6616E+25
  6.6830E-03  1.2726E+41  0.0000E+00  1.2726E+41  2.2638E+23
  7.4990E-03  8.3441E+40  0.0000E+00  8.3441E+40  3.3663E+21
  8.4140E-03  5.0463E+40  0.0000E+00  5.0463E+40  2.2642E+19
  9.4410E-03  3.3039E+40  0.0000E+00  3.3039E+40  4.1044E+17
  1.0590E-02  2.4449E+40  0.0000E+00  2.4449E+40  6.5690E+16
  1.1890E-02  1.8132E+40  0.0000E+00  1.8132E+40  7.0747E+14
  1.3340E-02  1.2731E+40  0.0000E+00  1.2731E+40  2.3780E+13
  1.4960E-02  8.6426E+39  0.0000E+00  8.6426E+39  3.2039E+11
  1.6790E-02  5.8820E+39  0.0000E+00  5.8820E+39  6.3873E+09
  1.8840E-02  4.0843E+39  0.0000E+00  4.0843E+39  2.1091E+08
  2.1130E-02  2.9265E+39  0.0000E+00  2.9265E+39  4.4800E+06
  2.3710E-02  2.0168E+39  0.0000E+00  2.0168E+39  8.1181E+04
  2.6610E-02  1.3306E+39  0.0000E+00  1.3306E+39  1.0147E+03
  2.9850E-02  8.7153E+38  0.0000E+00  8.7153E+38  1.3552E+01
  3.3500E-02  5.6032E+38  0.0000E+00  5.6032E+38  1.6805E-01
  3.7580E-02  5.1695E+38  0.0000E+00  5.1695E+38  5.7027E-02
  4.2170E-02  4.5629E+38  9.8210E-83  4.5629E+38  6.6958E-04
  4.7320E-02  1.6706E+38  5.9794E-76  1.6706E+38  1.6657E-08
  5.3090E-02  4.6711E+37  4.8970E-71  4.6711E+37  4.7332E-14
  6.6830E-02  4.0697E+35  1.4425E-72  4.0697E+35  5.0341E-36
  7.4990E-02  2.0327E+34  7.4556E-77  2.0327E+34  4.6205E-50
  8.4140E-02  3.6556E+34  2.1246E-68  3.6556E+34  1.3813E-46
  9.4410E-02  6.1429E+34  2.0818E-61  6.1429E+34  3.5686E-44
  1.0590E-01  5.4983E+35  2.4438E-49  5.4983E+35  2.0911E-34
  1.1890E-01  5.6643E+36  7.4641E-37  5.6643E+36  2.3679E-23
  1.3340E-01  3.3651E+37  2.4431E-27  3.3651E+37  2.3345E-15
  1.4960E-01  8.9821E+37  2.9645E-20  8.9821E+37  3.1422E-10
  1.5850E-01  1.0414E+38  4.9557E-18  1.0414E+38  2.5822E-09
  1.7780E-01  6.6732E+37  1.8323E-16  6.6732E+37  5.7245E-11
  1.9950E-01  5.1011E+36  4.4927E-21  5.1011E+36  2.2891E-20
  2.2390E-01  1.0995E+36  3.4325E-23  1.0995E+36  4.3155E-26
  2.3710E-01  5.9917E+36  5.0627E-17  5.9917E+36  3.3082E-19
  2.5120E-01  3.1460E+37  1.0781E-10  3.1460E+37  5.0027E-12
  2.6610E-01  8.9299E+37  3.5819E-06  8.9299E+37  3.5911E-07
  2.8180E-01  1.7709E+38  1.0031E-02  1.7709E+38  1.1391E-03
  2.9850E-01  2.9730E+38  6.8715E+00  2.9730E+38  6.5247E-01
  3.1620E-01  4.7579E+38  2.5498E+03  4.7579E+38  1.9273E+02
  3.3500E-01  7.2958E+38  6.0040E+05  7.2958E+38  3.5327E+04
  3.5480E-01  1.0572E+39  8.4727E+07  1.0572E+39  3.7341E+06
  3.7580E-01  1.5130E+39  1.0490E+10  1.5130E+39  3.6529E+08
  3.9810E-01  2.1088E+39  8.6815E+11  2.1088E+39  2.3709E+10
  4.2170E-01  3.0253E+39  8.5051E+13  3.0253E+39  2.1106E+12
  4.4670E-01  4.3470E+39  6.7616E+15  4.3470E+39  1.5840E+14
  4.7320E-01  6.2065E+39  4.6510E+17  6.2065E+39  1.0652E+16
  5.0120E-01  8.7629E+39  2.6747E+19  8.7629E+39  6.1289E+17
  5.3090E-01  1.2467E+40  1.4870E+21  1.2467E+40  3.5961E+19
  5.6230E-01  1.7463E+40  5.9842E+22  1.7463E+40  1.5004E+21
  5.9570E-01  2.4299E+40  1.9514E+24  2.4299E+40  5.0863E+22
  6.3100E-01  3.3992E+40  5.6724E+25  3.3992E+40  1.5828E+24
  6.6830E-01  4.7745E+40  1.4653E+27  4.7745E+40  4.4912E+25
  7.0790E-01  6.7514E+40  3.2666E+28  6.7514E+40  1.1159E+27
  7.4990E-01  9.4670E+40  5.8318E+29  9.4670E+40  2.2067E+28
  7.9430E-01  1.3287E+41  9.0663E+30  1.3287E+41  3.8536E+29
  8.4140E-01  1.8683E+41  1.2551E+32  1.8683E+41  6.0718E+30
  8.9130E-01  2.6640E+41  1.6764E+33  2.6640E+41  9.5112E+31
  9.4410E-01  3.7734E+41  1.9443E+34  3.7734E+41  1.2956E+33
  1.0000E+00  5.2244E+41  1.8363E+35  5.2244E+41  1.4123E+34
  1.0590E+00  7.0940E+41  1.4462E+36  7.0940E+41  1.2683E+35
  1.1220E+00  9.4703E+41  9.8983E+36  9.4702E+41  9.7969E+35
  1.1890E+00  1.2418E+42  6.0073E+37  1.2417E+42  6.6648E+36
  1.2590E+00  1.6001E+42  3.3149E+38  1.5997E+42  4.1408E+37
  1.3340E+00  2.0067E+42  1.5871E+39  2.0049E+42  2.1969E+38
  1.4130E+00  2.4362E+42  6.3868E+39  2.4289E+42  9.6274E+38
  1.4960E+00  2.8784E+42  2.2287E+40  2.8525E+42  3.6131E+39
  1.5850E+00  3.3381E+42  6.9685E+40  3.2564E+42  1.1996E+40
  1.6790E+00  3.8471E+42  1.9794E+41  3.6131E+42  3.6049E+40
  1.7780E+00  4.4965E+42  5.1256E+41  3.8853E+42  9.8563E+40
  1.8840E+00  5.4987E+42  1.2122E+42  4.0422E+42  2.4429E+41
  1.9950E+00  7.2221E+42  2.6106E+42  4.0621E+42  5.4938E+41
  2.1130E+00  1.0198E+43  5.1337E+42  3.9436E+42  1.1204E+42
  2.2390E+00  1.5031E+43  9.2486E+42  3.7015E+42  2.0804E+42
  2.3710E+00  2.2228E+43  1.5322E+43  3.3652E+42  3.5406E+42
  2.5120E+00  3.2075E+43  2.3547E+43  2.9740E+42  5.5545E+42
  2.6610E+00  4.4500E+43  3.3819E+43  2.5621E+42  8.1191E+42
  2.8180E+00  5.9100E+43  4.5771E+43  2.1572E+42  1.1172E+43
  2.9850E+00  7.5202E+43  5.8852E+43  1.7807E+42  1.4569E+43
  3.1620E+00  9.2026E+43  7.2407E+43  1.4446E+42  1.8174E+43
  3.3500E+00  1.0852E+44  8.5663E+43  1.1552E+42  2.1699E+43
  3.5480E+00  1.2421E+44  9.8141E+43  9.1163E+41  2.5156E+43
  3.7580E+00  1.3834E+44  1.0932E+44  7.1119E+41  2.8317E+43
  3.9810E+00  1.5045E+44  1.1882E+44  5.4921E+41  3.1079E+43
  4.2170E+00  1.6028E+44  1.2646E+44  4.2037E+41  3.3392E+43
  4.4670E+00  1.6773E+44  1.3218E+44  3.1918E+41  3.5227E+43
  4.7320E+00  1.7270E+44  1.3594E+44  2.4048E+41  3.6517E+43
  5.0120E+00  1.7541E+44  1.3787E+44  1.8012E+41  3.7360E+43
  5.3090E+00  1.7465E+44  1.3805E+44  1.3295E+41  3.6474E+43
  5.6230E+00  1.7168E+44  1.3670E+44  9.7354E+40  3.4877E+43
  5.9570E+00  1.6686E+44  1.3411E+44  7.0797E+40  3.2676E+43
  6.3100E+00  1.6038E+44  1.3011E+44  5.0971E+40  3.0223E+43
  6.6830E+00  1.5388E+44  1.2633E+44  3.6666E+40  2.7512E+43
  7.0790E+00  1.4633E+44  1.2151E+44  2.6027E+40  2.4790E+43
  7.4990E+00  1.3565E+44  1.1481E+44  1.8318E+40  2.0826E+43
  7.9430E+00  1.1325E+44  1.0038E+44  1.3240E+40  1.2862E+43
  8.4140E+00  8.1056E+43  7.5690E+43  1.0094E+40  5.3561E+42
  8.9130E+00  5.7289E+43  5.5103E+43  7.9032E+39  2.1781E+42
  9.4410E+00  4.1484E+43  4.0575E+43  6.7234E+39  9.0181E+41
  1.0000E+01  4.5539E+43  4.4483E+43  5.4877E+39  1.0502E+42
  1.0590E+01  5.2032E+43  5.0614E+43  4.3473E+39  1.4130E+42
  1.1220E+01  5.9401E+43  5.7404E+43  3.1597E+39  1.9934E+42
  1.1890E+01  6.2545E+43  6.0115E+43  2.2316E+39  2.4284E+42
  1.2590E+01  6.3672E+43  6.0915E+43  1.5291E+39  2.7556E+42
  1.3340E+01  6.2316E+43  5.9448E+43  1.0220E+39  2.8665E+42
  1.4130E+01  5.9250E+43  5.6589E+43  6.7687E+38  2.6610E+42
  1.4960E+01  5.5384E+43  5.3325E+43  4.7880E+38  2.0591E+42
  1.5850E+01  5.1889E+43  5.0385E+43  3.5840E+38  1.5031E+42
  1.6790E+01  4.8921E+43  4.7841E+43  2.8067E+38  1.0794E+42
  1.7780E+01  4.6545E+43  4.5738E+43  2.2570E+38  8.0654E+41
  1.8840E+01  4.4591E+43  4.3933E+43  1.7985E+38  6.5788E+41
  1.9950E+01  4.2665E+43  4.2076E+43  1.3709E+38  5.8930E+41
  2.1130E+01  4.0440E+43  3.9908E+43  1.0052E+38  5.3220E+41
  2.2390E+01  3.7942E+43  3.7472E+43  7.3174E+37  4.6986E+41
  2.3710E+01  3.5292E+43  3.4882E+43  5.2845E+37  4.0983E+41
  2.5120E+01  3.2435E+43  3.2082E+43  3.7952E+37  3.5245E+41
  2.6610E+01  2.9454E+43  2.9153E+43  2.6950E+37  3.0095E+41
  2.8180E+01  2.6410E+43  2.6155E+43  1.8998E+37  2.5531E+41
  2.9850E+01  2.3326E+43  2.3111E+43  1.3248E+37  2.1519E+41
  3.1620E+01  2.0278E+43  2.0097E+43  9.1084E+36  1.8073E+41
  3.3500E+01  1.7335E+43  1.7184E+43  6.1711E+36  1.5124E+41
  3.5480E+01  1.4588E+43  1.4462E+43  4.1237E+36  1.2633E+41
  3.7580E+01  1.2076E+43  1.1971E+43  2.7134E+36  1.0534E+41
  3.9810E+01  9.8294E+42  9.7417E+42  1.7576E+36  8.7759E+40
  4.2170E+01  7.8839E+42  7.8109E+42  1.1219E+36  7.3016E+40
  4.4670E+01  6.2388E+42  6.1782E+42  7.0567E+35  6.0629E+40
  4.7320E+01  4.8783E+42  4.8281E+42  4.3830E+35  5.0207E+40
  5.0120E+01  3.7753E+42  3.7338E+42  2.6928E+35  4.1488E+40
  5.3090E+01  2.8927E+42  2.8585E+42  1.6373E+35  3.4176E+40
  5.6230E+01  2.1990E+42  2.1709E+42  9.8724E+34  2.8083E+40
  5.9570E+01  1.6578E+42  1.6348E+42  5.9015E+34  2.2991E+40
  6.3100E+01  1.2425E+42  1.2237E+42  3.5068E+34  1.8781E+40
  6.6830E+01  9.2659E+41  9.1128E+41  2.0732E+34  1.5310E+40
  7.0790E+01  6.8767E+41  6.7523E+41  1.2197E+34  1.2444E+40
  7.4990E+01  5.0815E+41  4.9806E+41  7.1461E+33  1.0090E+40
  7.9430E+01  3.7437E+41  3.6620E+41  4.1753E+33  8.1680E+39
  8.4140E+01  2.7498E+41  2.6838E+41  2.4320E+33  6.5980E+39
  8.9130E+01  2.0161E+41  1.9629E+41  1.4145E+33  5.3203E+39
  9.4410E+01  1.4758E+41  1.4330E+41  8.2162E+32  4.2849E+39
  1.0000E+02  1.0787E+41  1.0442E+41  4.7661E+32  3.4468E+39
  1.0590E+02  7.8837E+40  7.6066E+40  2.7660E+32  2.7713E+39
  1.1220E+02  5.7569E+40  5.5347E+40  1.6036E+32  2.2218E+39
  1.1890E+02  4.2110E+40  4.0332E+40  9.3161E+31  1.7778E+39
  1.2590E+02  3.1026E+40  2.9601E+40  5.4537E+31  1.4256E+39
  1.3340E+02  2.2942E+40  2.1803E+40  3.2092E+31  1.1392E+39
  1.4130E+02  1.6851E+40  1.5940E+40  1.8833E+31  9.1117E+38
  1.4960E+02  1.2136E+40  1.1406E+40  1.0836E+31  7.3002E+38
  1.5850E+02  8.6848E+39  8.1018E+39  6.1816E+30  5.8293E+38
  1.7780E+02  4.5064E+39  4.1343E+39  2.0378E+30  3.7201E+38
  1.9950E+02  2.3558E+39  2.1191E+39  6.7823E+29  2.3672E+38
  2.2390E+02  1.2362E+39  1.0859E+39  2.2725E+29  1.5030E+38
  2.5120E+02  6.5201E+38  5.5657E+38  7.6740E+28  9.5440E+37
  2.8180E+02  3.4550E+38  2.8493E+38  2.6114E+28  6.0573E+37
  3.1620E+02  1.8391E+38  1.4553E+38  8.9519E+27  3.8381E+37
  3.5480E+02  9.8540E+37  7.4238E+37  3.0963E+27  2.4302E+37
  3.9810E+02  5.3202E+37  3.7820E+37  1.0821E+27  1.5382E+37
  4.4670E+02  2.8972E+37  1.9242E+37  3.8224E+26  9.7302E+36
  5.0120E+02  1.5935E+37  9.7811E+36  1.3658E+26  6.1543E+36
  5.6230E+02  8.8616E+36  4.9689E+36  4.9368E+25  3.8927E+36
  6.3100E+02  4.9786E+36  2.5195E+36  1.8034E+25  2.4591E+36
  7.0790E+02  2.8326E+36  1.2777E+36  6.6674E+24  1.5549E+36
  7.9430E+02  1.6293E+36  6.4698E+35  2.4886E+24  9.8228E+35
  8.9130E+02  9.4752E+35  3.2723E+35  9.3743E+23  6.2028E+35
  1.0000E+03  5.5736E+35  1.6547E+35  3.5641E+23  3.9189E+35
