  1.0000E-03  8.8565E+44  0.0000E+00  9.0345E+42  8.7662E+44
  1.1220E-03  9.9432E+44  0.0000E+00  1.0742E+43  9.8357E+44
  1.2590E-03  1.1159E+45  0.0000E+00  1.2184E+43  1.1037E+45
  1.4130E-03  1.2519E+45  0.0000E+00  1.3254E+43  1.2387E+45
  1.5850E-03  1.4035E+45  0.0000E+00  1.4108E+43  1.3894E+45
  1.7780E-03  1.5757E+45  0.0000E+00  1.7122E+43  1.5586E+45
  1.9950E-03  1.7675E+45  0.0000E+00  1.8710E+43  1.7488E+45
  2.2390E-03  1.9812E+45  0.0000E+00  1.8455E+43  1.9627E+45
  2.5120E-03  2.2257E+45  0.0000E+00  2.3692E+43  2.2020E+45
  2.8180E-03  2.4952E+45  0.0000E+00  2.4940E+43  2.4702E+45
  3.1620E-03  2.7969E+45  0.0000E+00  2.5077E+43  2.7718E+45
  3.5480E-03  3.1350E+45  0.0000E+00  2.4658E+43  3.1103E+45
  3.9810E-03  3.5138E+45  0.0000E+00  2.3935E+43  3.4898E+45
  4.4670E-03  3.9829E+45  0.0000E+00  6.7109E+43  3.9158E+45
  5.0120E-03  4.4634E+45  0.0000E+00  6.9793E+43  4.3936E+45
  5.6230E-03  4.9997E+45  0.0000E+00  7.0428E+43  4.9292E+45
  5.9570E-03  5.2923E+45  0.0000E+00  7.0284E+43  5.2220E+45
  6.6830E-03  5.9284E+45  0.0000E+00  6.9872E+43  5.8585E+45
  7.4990E-03  6.6442E+45  0.0000E+00  7.0419E+43  6.5738E+45
  8.4140E-03  7.4460E+45  0.0000E+00  7.0156E+43  7.3758E+45
  9.4410E-03  8.3458E+45  0.0000E+00  6.9710E+43  8.2761E+45
  1.0590E-02  9.3516E+45  0.0000E+00  6.8328E+43  9.2833E+45
  1.1890E-02  1.0495E+46  0.0000E+00  7.2044E+43  1.0423E+46
  1.3340E-02  1.1766E+46  0.0000E+00  7.2205E+43  1.1694E+46
  1.4960E-02  1.3187E+46  0.0000E+00  7.2998E+43  1.3114E+46
  1.6790E-02  1.4792E+46  0.0000E+00  7.3295E+43  1.4718E+46
  1.8840E-02  1.6589E+46  0.0000E+00  7.3436E+43  1.6515E+46
  2.1130E-02  1.8599E+46  0.0000E+00  7.5082E+43  1.8524E+46
  2.3710E-02  2.0861E+46  0.0000E+00  7.6214E+43  2.0785E+46
  2.6610E-02  2.3403E+46  0.0000E+00  7.7025E+43  2.3326E+46
  2.9850E-02  2.6244E+46  4.1258E-83  7.7767E+43  2.6166E+46
  3.3500E-02  2.9445E+46  2.5621E-68  7.8402E+43  2.9367E+46
  3.7580E-02  3.3026E+46  3.1857E-55  8.3740E+43  3.2942E+46
  4.2170E-02  3.7064E+46  1.3530E-43  9.7069E+43  3.6967E+46
  4.7320E-02  4.1576E+46  3.4076E-33  9.4561E+43  4.1482E+46
  5.3090E-02  4.3298E+46  5.8621E-24  8.6038E+43  4.3212E+46
  6.6830E-02  4.1334E+46  1.8833E-08  6.5970E+43  4.1268E+46
  7.4990E-02  4.0391E+46  5.9771E-02  6.2690E+43  4.0328E+46
  8.4140E-02  3.9470E+46  3.1367E+04  5.9846E+43  3.9410E+46
  9.4410E-02  3.8571E+46  3.7614E+09  5.8496E+43  3.8513E+46
  1.0590E-01  3.5112E+46  1.0739E+14  5.7043E+43  3.5055E+46
  1.1890E-01  2.9520E+46  8.8112E+17  5.2134E+43  2.9467E+46
  1.3340E-01  2.4848E+46  1.9836E+21  5.2616E+43  2.4795E+46
  1.4960E-01  2.0928E+46  2.3408E+24  4.9053E+43  2.0878E+46
  1.5850E-01  1.9190E+46  6.9009E+25  4.5308E+43  1.9145E+46
  1.7780E-01  1.6149E+46  3.5113E+28  3.4547E+43  1.6114E+46
  1.9950E-01  1.3577E+46  9.6184E+30  1.9402E+43  1.3558E+46
  2.2390E-01  1.1419E+46  1.1082E+33  1.5872E+43  1.1403E+46
  2.3710E-01  1.0482E+46  7.8360E+33  1.7954E+43  1.0464E+46
  2.5120E-01  9.6160E+45  4.8560E+34  2.0218E+43  9.5958E+45
  2.6610E-01  8.8226E+45  2.7565E+35  2.1427E+43  8.8012E+45
  2.8180E-01  8.0978E+45  1.4156E+36  2.1744E+43  8.0761E+45
  2.9850E-01  7.4296E+45  6.5718E+36  2.1710E+43  7.4079E+45
  3.1620E-01  6.8164E+45  2.7337E+37  2.1714E+43  6.7947E+45
  3.3500E-01  6.2525E+45  1.0359E+38  2.1646E+43  6.2308E+45
  3.5480E-01  5.7379E+45  3.5837E+38  2.1407E+43  5.7165E+45
  3.7580E-01  5.2653E+45  1.1480E+39  2.1095E+43  5.2442E+45
  3.9810E-01  4.8305E+45  3.3798E+39  2.0766E+43  4.8097E+45
  4.2170E-01  4.4321E+45  9.1844E+39  2.0495E+43  4.4116E+45
  4.4670E-01  4.0669E+45  2.3136E+40  2.0283E+43  4.0466E+45
  4.7320E-01  3.7315E+45  5.4845E+40  2.0001E+43  3.7115E+45
  5.0120E-01  3.4245E+45  1.2264E+41  1.9616E+43  3.4048E+45
  5.3090E-01  3.1426E+45  2.6057E+41  1.9147E+43  3.1232E+45
  5.6230E-01  2.8843E+45  5.2317E+41  1.8624E+43  2.8651E+45
  5.9570E-01  2.6466E+45  1.0005E+42  1.8034E+43  2.6276E+45
  6.3100E-01  2.4295E+45  1.8237E+42  1.7393E+43  2.4103E+45
  6.6830E-01  2.2313E+45  3.1732E+42  1.6682E+43  2.2114E+45
  7.0790E-01  2.0497E+45  5.2897E+42  1.5967E+43  2.0284E+45
  7.4990E-01  1.8842E+45  8.4506E+42  1.5231E+43  1.8605E+45
  7.9430E-01  1.7340E+45  1.2977E+43  1.4479E+43  1.7066E+45
  8.4140E-01  1.5983E+45  1.9237E+43  1.3709E+43  1.5653E+45
  8.9130E-01  1.4763E+45  2.7673E+43  1.2929E+43  1.4357E+45
  9.4410E-01  1.3677E+45  3.8547E+43  1.2136E+43  1.3170E+45
  1.0000E+00  1.2715E+45  5.1996E+43  1.1333E+43  1.2081E+45
  1.0590E+00  1.1872E+45  6.8099E+43  1.0556E+43  1.1086E+45
  1.1220E+00  1.1136E+45  8.7221E+43  9.7954E+42  1.0165E+45
  1.1890E+00  1.0503E+45  1.0947E+44  9.0428E+42  9.3183E+44
  1.2590E+00  9.9792E+44  1.3443E+44  8.2889E+42  8.5520E+44
  1.3340E+00  9.5358E+44  1.6192E+44  7.5586E+42  7.8411E+44
  1.4130E+00  9.1660E+44  1.9045E+44  6.8755E+42  7.1927E+44
  1.4960E+00  8.8614E+44  2.1965E+44  6.2322E+42  6.6026E+44
  1.5850E+00  8.6114E+44  2.5009E+44  5.6184E+42  6.0543E+44
  1.6790E+00  8.4093E+44  2.8060E+44  5.0268E+42  5.5530E+44
  1.7780E+00  8.2439E+44  3.1037E+44  4.4520E+42  5.0957E+44
  1.8840E+00  8.1093E+44  3.3984E+44  3.8994E+42  4.6719E+44
  1.9950E+00  7.9992E+44  3.6780E+44  3.3740E+42  4.2875E+44
  2.1130E+00  7.9053E+44  3.9431E+44  2.8844E+42  3.9333E+44
  2.2390E+00  7.8183E+44  4.1879E+44  2.4363E+42  3.6061E+44
  2.3710E+00  7.7329E+44  4.4034E+44  2.0335E+42  3.3092E+44
  2.5120E+00  7.6468E+44  4.5955E+44  1.6803E+42  3.0344E+44
  2.6610E+00  7.5526E+44  4.7556E+44  1.3749E+42  2.7832E+44
  2.8180E+00  7.4423E+44  4.8773E+44  1.1136E+42  2.5538E+44
  2.9850E+00  7.3168E+44  4.9652E+44  8.9404E+41  2.3426E+44
  3.1620E+00  7.1692E+44  5.0134E+44  7.1123E+41  2.1487E+44
  3.3500E+00  7.0120E+44  5.0360E+44  5.6174E+41  1.9704E+44
  3.5480E+00  6.8239E+44  5.0117E+44  4.3952E+41  1.8078E+44
  3.7580E+00  6.6163E+44  4.9545E+44  3.4107E+41  1.6583E+44
  3.9810E+00  6.3882E+44  4.8646E+44  2.6251E+41  1.5210E+44
  4.2170E+00  6.1393E+44  4.7422E+44  2.0040E+41  1.3951E+44
  4.4670E+00  5.8715E+44  4.5904E+44  1.5172E+41  1.2796E+44
  4.7320E+00  5.5900E+44  4.4152E+44  1.1391E+41  1.1737E+44
  5.0120E+00  5.3000E+44  4.2200E+44  8.4898E+40  1.0791E+44
  5.3090E+00  4.9671E+44  4.0063E+44  6.2358E+40  9.6024E+43
  5.6230E+00  4.6284E+44  3.7799E+44  4.5379E+40  8.4805E+43
  5.9570E+00  4.2908E+44  3.5473E+44  3.2748E+40  7.4316E+43
  6.3100E+00  3.9376E+44  3.2903E+44  2.3325E+40  6.4710E+43
  6.6830E+00  3.6203E+44  3.0600E+44  1.6565E+40  5.6014E+43
  7.0790E+00  3.2948E+44  2.8128E+44  1.1569E+40  4.8190E+43
  7.4990E+00  3.0618E+44  2.6494E+44  8.1630E+39  4.1229E+43
  7.9430E+00  3.1988E+44  2.8476E+44  6.5173E+39  3.5109E+43
  8.4140E+00  3.6029E+44  3.3053E+44  5.9478E+39  2.9752E+43
  8.9130E+00  3.7887E+44  3.5376E+44  5.4135E+39  2.5104E+43
  9.4410E+00  3.7873E+44  3.5763E+44  5.2309E+39  2.1101E+43
  1.0000E+01  3.3226E+44  3.1458E+44  3.9349E+39  1.7671E+43
  1.0590E+01  2.8219E+44  2.6743E+44  2.7824E+39  1.4758E+43
  1.1220E+01  2.3110E+44  2.1884E+44  1.7690E+39  1.2267E+43
  1.1890E+01  1.8781E+44  1.7765E+44  1.1178E+39  1.0159E+43
  1.2590E+01  1.5119E+44  1.4278E+44  6.8414E+38  8.4119E+42
  1.3340E+01  1.2140E+44  1.1447E+44  4.1092E+38  6.9319E+42
  1.4130E+01  1.0106E+44  9.5357E+43  2.5085E+38  5.7050E+42
  1.4960E+01  9.3320E+43  8.8628E+43  1.7441E+38  4.6919E+42
  1.5850E+01  8.8260E+43  8.4418E+43  1.2951E+38  3.8414E+42
  1.6790E+01  8.3323E+43  8.0182E+43  9.9857E+37  3.1409E+42
  1.7780E+01  7.6630E+43  7.4064E+43  7.7438E+37  2.5663E+42
  1.8840E+01  6.7435E+43  6.5346E+43  5.7837E+37  2.0888E+42
  1.9950E+01  5.6879E+43  5.5178E+43  4.0356E+37  1.7013E+42
  2.1130E+01  4.7320E+43  4.5937E+43  2.6943E+37  1.3827E+42
  2.2390E+01  3.9356E+43  3.8235E+43  1.7916E+37  1.1203E+42
  2.3710E+01  3.2753E+43  3.1845E+43  1.1867E+37  9.0864E+41
  2.5120E+01  2.7173E+43  2.6438E+43  7.8543E+36  7.3479E+41
  2.6610E+01  2.2452E+43  2.1858E+43  5.1655E+36  5.9383E+41
  2.8180E+01  1.8483E+43  1.8003E+43  3.3941E+36  4.7994E+41
  2.9850E+01  1.5110E+43  1.4723E+43  2.2202E+36  3.8717E+41
  3.1620E+01  1.2249E+43  1.1937E+43  1.4407E+36  3.1199E+41
  3.3500E+01  9.8365E+42  9.5854E+42  9.2717E+35  2.5106E+41
  3.5480E+01  7.8339E+42  7.6318E+42  5.9249E+35  2.0210E+41
  3.7580E+01  6.1724E+42  6.0099E+42  3.7482E+35  1.6253E+41
  3.9810E+01  4.8019E+42  4.6714E+42  2.3438E+35  1.3054E+41
  4.2170E+01  3.6969E+42  3.5921E+42  1.4499E+35  1.0479E+41
  4.4670E+01  2.8184E+42  2.7344E+42  8.8699E+34  8.4074E+40
  4.7320E+01  2.1303E+42  2.0629E+42  5.3743E+34  6.7400E+40
  5.0120E+01  1.5987E+42  1.5447E+42  3.2301E+34  5.4034E+40
  5.3090E+01  1.1913E+42  1.1480E+42  1.9262E+34  4.3282E+40
  5.6230E+01  8.8296E+41  8.4830E+41  1.1417E+34  3.4667E+40
  5.9570E+01  6.5049E+41  6.2276E+41  6.7225E+33  2.7728E+40
  6.3100E+01  4.7752E+41  4.5534E+41  3.9426E+33  2.2180E+40
  6.6830E+01  3.4951E+41  3.3176E+41  2.3048E+33  1.7744E+40
  7.0790E+01  2.5506E+41  2.4088E+41  1.3432E+33  1.4183E+40
  7.4990E+01  1.8566E+41  1.7433E+41  7.8081E+32  1.1329E+40
  7.9430E+01  1.3498E+41  1.2593E+41  4.5345E+32  9.0505E+39
  8.4140E+01  9.8002E+40  9.0776E+40  2.6296E+32  7.2256E+39
  8.9130E+01  7.1137E+40  6.5371E+40  1.5252E+32  5.7665E+39
  9.4410E+01  5.1633E+40  4.7031E+40  8.8485E+31  4.6021E+39
  1.0000E+02  3.7476E+40  3.3804E+40  5.1354E+31  3.6722E+39
  1.0590E+02  2.7239E+40  2.4308E+40  2.9865E+31  2.9317E+39
  1.1220E+02  1.9804E+40  1.7468E+40  1.7372E+31  2.3358E+39
  1.1890E+02  1.4434E+40  1.2575E+40  1.0133E+31  1.8590E+39
  1.2590E+02  1.0601E+40  9.1175E+39  5.9580E+30  1.4838E+39
  1.3340E+02  7.8132E+39  6.6321E+39  3.5199E+30  1.1811E+39
  1.4130E+02  5.7383E+39  4.7971E+39  2.0820E+30  9.4117E+38
  1.4960E+02  4.1605E+39  3.4093E+39  1.2177E+30  7.5121E+38
  1.5850E+02  3.0043E+39  2.4065E+39  7.0820E+29  5.9781E+38
  1.7780E+02  1.5914E+39  1.2120E+39  2.4326E+29  3.7942E+38
  1.9950E+02  8.5380E+38  6.1337E+38  8.4791E+28  2.4043E+38
  2.2390E+02  4.6284E+38  3.1068E+38  2.9935E+28  1.5216E+38
  2.5120E+02  2.5397E+38  1.5759E+38  1.0714E+28  9.6376E+37
  2.8180E+02  1.4097E+38  7.9929E+37  3.8829E+27  6.1043E+37
  3.1620E+02  7.9105E+37  4.0487E+37  1.4226E+27  3.8617E+37
  3.5480E+02  4.4922E+37  2.0501E+37  5.2690E+26  2.4421E+37
  3.9810E+02  2.5817E+37  1.0375E+37  1.9724E+26  1.5442E+37
  4.4670E+02  1.5008E+37  5.2475E+36  7.4518E+25  9.7603E+36
  5.0120E+02  8.8228E+36  2.6533E+36  2.8398E+25  6.1695E+36
  5.6230E+02  5.2419E+36  1.3415E+36  1.0903E+25  3.9003E+36
  6.3100E+02  3.1403E+36  6.7732E+35  4.2097E+24  2.4629E+36
  7.0790E+02  1.8990E+36  3.4218E+35  1.6360E+24  1.5568E+36
  7.9430E+02  1.1559E+36  1.7267E+35  6.3824E+23  9.8325E+35
  8.9130E+02  7.0783E+35  8.7063E+34  2.4987E+23  6.2077E+35
  1.0000E+03  4.3604E+35  4.3904E+34  9.8207E+22  3.9214E+35
