  1.0000E-03  6.5464E+44  0.0000E+00  7.5104E+41  6.5389E+44
  1.1220E-03  6.8214E+44  0.0000E+00  9.3627E+41  6.8120E+44
  1.2590E-03  7.0746E+44  0.0000E+00  1.1189E+42  7.0634E+44
  1.4130E-03  7.3124E+44  0.0000E+00  1.2891E+42  7.2995E+44
  1.5850E-03  7.6457E+44  0.0000E+00  1.4451E+42  7.6313E+44
  1.7780E-03  8.3673E+44  0.0000E+00  1.7788E+42  8.3495E+44
  1.9950E-03  8.1855E+44  0.0000E+00  2.1231E+42  8.1643E+44
  2.2390E-03  8.2664E+44  0.0000E+00  2.2558E+42  8.2438E+44
  2.5120E-03  8.8499E+44  0.0000E+00  2.9312E+42  8.8206E+44
  2.8180E-03  8.1700E+44  0.0000E+00  3.4666E+42  8.1353E+44
  3.1620E-03  7.6956E+44  0.0000E+00  3.8746E+42  7.6568E+44
  3.5480E-03  7.3231E+44  0.0000E+00  4.2101E+42  7.2810E+44
  3.9810E-03  7.0745E+44  0.0000E+00  4.4800E+42  7.0297E+44
  4.4670E-03  1.4513E+45  0.0000E+00  8.3522E+42  1.4430E+45
  5.0120E-03  1.3196E+45  0.0000E+00  9.9233E+42  1.3097E+45
  5.6230E-03  1.2019E+45  0.0000E+00  1.1258E+43  1.1907E+45
  5.9570E-03  1.1525E+45  0.0000E+00  1.1830E+43  1.1407E+45
  6.6830E-03  1.0818E+45  0.0000E+00  1.2819E+43  1.0690E+45
  7.4990E-03  1.0534E+45  0.0000E+00  1.3712E+43  1.0397E+45
  8.4140E-03  9.9970E+44  0.0000E+00  1.4645E+43  9.8506E+44
  9.4410E-03  9.7966E+44  0.0000E+00  1.5325E+43  9.6434E+44
  1.0590E-02  1.0292E+45  0.0000E+00  1.5314E+43  1.0138E+45
  1.1890E-02  9.9321E+44  0.0000E+00  1.6899E+43  9.7631E+44
  1.3340E-02  9.9282E+44  0.0000E+00  1.7498E+43  9.7532E+44
  1.4960E-02  9.6347E+44  0.0000E+00  1.8402E+43  9.4506E+44
  1.6790E-02  9.4739E+44  0.0000E+00  1.9052E+43  9.2834E+44
  1.8840E-02  9.4642E+44  0.0000E+00  1.9467E+43  9.2695E+44
  2.1130E-02  9.3215E+44  0.0000E+00  2.0296E+43  9.1185E+44
  2.3710E-02  9.1360E+44  0.0000E+00  2.0938E+43  8.9266E+44
  2.6610E-02  8.8485E+44  0.0000E+00  2.1434E+43  8.6341E+44
  2.9850E-02  8.5824E+44  5.7465E-84  2.1720E+43  8.3652E+44
  3.3500E-02  8.3067E+44  3.2981E-69  2.1831E+43  8.0884E+44
  3.7580E-02  8.9593E+44  4.0168E-56  2.3669E+43  8.7226E+44
  4.2170E-02  8.6789E+44  1.5671E-44  2.6100E+43  8.4179E+44
  4.7320E-02  6.8567E+44  3.2301E-34  2.3154E+43  6.6252E+44
  5.3090E-02  4.6982E+44  4.3322E-25  1.8150E+43  4.5167E+44
  6.6830E-02  8.7449E+43  4.9198E-10  6.3499E+42  8.1099E+43
  7.4990E-02  2.9924E+43  7.8853E-04  2.7107E+42  2.7214E+43
  8.4140E-02  3.8030E+43  4.8989E+02  3.3269E+42  3.4703E+43
  9.4410E-02  4.4796E+43  6.6189E+07  3.9855E+42  4.0810E+43
  1.0590E-01  8.5794E+43  3.0793E+12  7.2784E+42  7.8515E+43
  1.1890E-01  1.6651E+44  4.1718E+16  1.2253E+43  1.5425E+44
  1.3340E-01  2.5744E+44  1.3031E+20  1.7207E+43  2.4023E+44
  1.4960E-01  3.2079E+44  1.9488E+23  1.9802E+43  3.0099E+44
  1.5850E-01  3.1594E+44  6.0453E+24  1.9143E+43  2.9679E+44
  1.7780E-01  2.3493E+44  2.9114E+27  1.3762E+43  2.2116E+44
  1.9950E-01  9.6819E+43  5.2690E+29  5.5912E+42  9.1228E+43
  2.2390E-01  5.2634E+43  4.8415E+31  2.8509E+42  4.9783E+43
  2.3710E-01  8.1283E+43  4.7073E+32  3.8920E+42  7.7391E+43
  2.5120E-01  1.2812E+44  4.0051E+33  5.1569E+42  1.2296E+44
  2.6610E-01  1.6956E+44  2.8179E+34  5.8648E+42  1.6369E+44
  2.8180E-01  2.0272E+44  1.6928E+35  6.0972E+42  1.9663E+44
  2.9850E-01  2.2921E+44  8.9047E+35  6.1060E+42  2.2310E+44
  3.1620E-01  2.5369E+44  4.1473E+36  6.0408E+42  2.4765E+44
  3.3500E-01  2.7643E+44  1.7449E+37  5.9064E+42  2.7053E+44
  3.5480E-01  2.9602E+44  6.6364E+37  5.7016E+42  2.9032E+44
  3.7580E-01  3.1616E+44  2.3333E+38  5.4431E+42  3.1072E+44
  3.9810E-01  3.3320E+44  7.4791E+38  5.1854E+42  3.2801E+44
  4.2170E-01  3.5482E+44  2.2238E+39  4.9085E+42  3.4991E+44
  4.4670E-01  3.7584E+44  6.1046E+39  4.6477E+42  3.7118E+44
  4.7320E-01  3.9668E+44  1.5723E+40  4.3738E+42  3.9229E+44
  5.0120E-01  4.1667E+44  3.8051E+40  4.0880E+42  4.1255E+44
  5.3090E-01  4.3796E+44  8.7406E+40  3.7883E+42  4.3408E+44
  5.6230E-01  4.5538E+44  1.8836E+41  3.5047E+42  4.5168E+44
  5.9570E-01  4.7026E+44  3.8472E+41  3.2297E+42  4.6664E+44
  6.3100E-01  4.8457E+44  7.4658E+41  2.9622E+42  4.8086E+44
  6.6830E-01  4.9815E+44  1.3784E+42  2.7008E+42  4.9408E+44
  7.0790E-01  5.1022E+44  2.4275E+42  2.4588E+42  5.0533E+44
  7.4990E-01  5.1925E+44  4.0723E+42  2.2367E+42  5.1294E+44
  7.9430E-01  5.2717E+44  6.5346E+42  2.0302E+42  5.1860E+44
  8.4140E-01  5.3442E+44  1.0076E+43  1.8364E+42  5.2251E+44
  8.9130E-01  5.4301E+44  1.5012E+43  1.6529E+42  5.2635E+44
  9.4410E-01  5.5084E+44  2.1537E+43  1.4816E+42  5.2782E+44
  1.0000E+00  5.5650E+44  2.9735E+43  1.3239E+42  5.2544E+44
  1.0590E+00  5.6069E+44  3.9613E+43  1.1813E+42  5.1989E+44
  1.1220E+00  5.6385E+44  5.1287E+43  1.0503E+42  5.1152E+44
  1.1890E+00  5.6661E+44  6.4669E+43  9.2809E+41  5.0102E+44
  1.2590E+00  5.6993E+44  7.9281E+43  8.1256E+41  4.8984E+44
  1.3340E+00  5.7145E+44  9.4788E+43  7.0644E+41  4.7596E+44
  1.4130E+00  5.7050E+44  1.1011E+44  6.1195E+41  4.5978E+44
  1.4960E+00  5.6751E+44  1.2481E+44  5.2722E+41  4.4218E+44
  1.5850E+00  5.6249E+44  1.3894E+44  4.5018E+41  4.2309E+44
  1.6790E+00  5.5559E+44  1.5161E+44  3.8004E+41  4.0360E+44
  1.7780E+00  5.4652E+44  1.6222E+44  3.1637E+41  3.8399E+44
  1.8840E+00  5.3497E+44  1.7088E+44  2.5930E+41  3.6383E+44
  1.9950E+00  5.2124E+44  1.7709E+44  2.0927E+41  3.4394E+44
  2.1130E+00  5.0511E+44  1.8096E+44  1.6631E+41  3.2398E+44
  2.2390E+00  4.8658E+44  1.8240E+44  1.3025E+41  3.0405E+44
  2.3710E+00  4.6634E+44  1.8146E+44  1.0072E+41  2.8478E+44
  2.5120E+00  4.4456E+44  1.7867E+44  7.7049E+40  2.6582E+44
  2.6610E+00  4.2177E+44  1.7411E+44  5.8406E+40  2.4760E+44
  2.8180E+00  3.9829E+44  1.6798E+44  4.3916E+40  2.3026E+44
  2.9850E+00  3.7451E+44  1.6079E+44  3.2801E+40  2.1369E+44
  3.1620E+00  3.5071E+44  1.5268E+44  2.4356E+40  1.9801E+44
  3.3500E+00  3.2765E+44  1.4446E+44  1.8020E+40  1.8317E+44
  3.5480E+00  3.0503E+44  1.3566E+44  1.3273E+40  1.6936E+44
  3.7580E+00  2.8331E+44  1.2689E+44  9.7437E+39  1.5642E+44
  3.9810E+00  2.6257E+44  1.1824E+44  7.1314E+39  1.4431E+44
  4.2170E+00  2.4289E+44  1.0982E+44  5.2063E+39  1.3307E+44
  4.4670E+00  2.2435E+44  1.0173E+44  3.7915E+39  1.2262E+44
  4.7320E+00  2.0705E+44  9.4131E+43  2.7545E+39  1.1292E+44
  5.0120E+00  1.9127E+44  8.7077E+43  2.0003E+39  1.0419E+44
  5.3090E+00  1.7353E+44  8.0528E+43  1.4241E+39  9.2999E+43
  5.6230E+00  1.5690E+44  7.4550E+43  1.0078E+39  8.2350E+43
  5.9570E+00  1.4150E+44  6.9178E+43  7.0936E+38  7.2325E+43
  6.3100E+00  1.2695E+44  6.3843E+43  4.9506E+38  6.3102E+43
  6.6830E+00  1.1428E+44  5.9567E+43  3.4497E+38  5.4713E+43
  7.0790E+00  1.0239E+44  5.5245E+43  2.3741E+38  4.7143E+43
  7.4990E+00  9.3639E+43  5.3329E+43  1.6499E+38  4.0310E+43
  7.9430E+00  9.5032E+43  6.1066E+43  1.2911E+38  3.3966E+43
  8.4140E+00  1.0549E+44  7.7369E+43  1.1967E+38  2.8119E+43
  8.9130E+00  1.1257E+44  8.9402E+43  1.1388E+38  2.3164E+43
  9.4410E+00  1.1606E+44  9.7037E+43  1.1610E+38  1.9022E+43
  1.0000E+01  1.0047E+44  8.4368E+43  8.5314E+37  1.6104E+43
  1.0590E+01  8.3839E+43  7.0178E+43  5.8197E+37  1.3662E+43
  1.1220E+01  6.7833E+43  5.6277E+43  3.5588E+37  1.1555E+43
  1.1890E+01  5.5242E+43  4.5551E+43  2.1964E+37  9.6918E+42
  1.2590E+01  4.5275E+43  3.7167E+43  1.3315E+37  8.1085E+42
  1.3340E+01  3.7510E+43  3.0776E+43  8.0354E+36  6.7333E+42
  1.4130E+01  3.2312E+43  2.6748E+43  4.9720E+36  5.5635E+42
  1.4960E+01  3.0360E+43  2.5794E+43  3.4964E+36  4.5664E+42
  1.5850E+01  2.9294E+43  2.5569E+43  2.6415E+36  3.7246E+42
  1.6790E+01  2.8470E+43  2.5437E+43  2.0901E+36  3.0324E+42
  1.7780E+01  2.7216E+43  2.4746E+43  1.6707E+36  2.4704E+42
  1.8840E+01  2.5058E+43  2.3047E+43  1.2835E+36  2.0108E+42
  1.9950E+01  2.2183E+43  2.0540E+43  9.1695E+35  1.6430E+42
  2.1130E+01  1.9445E+43  1.8105E+43  6.2835E+35  1.3399E+42
  2.2390E+01  1.7081E+43  1.5992E+43  4.3054E+35  1.0887E+42
  2.3710E+01  1.5019E+43  1.4134E+43  2.9449E+35  8.8512E+41
  2.5120E+01  1.3156E+43  1.2438E+43  2.0151E+35  7.1722E+41
  2.6610E+01  1.1455E+43  1.0874E+43  1.3700E+35  5.8068E+41
  2.8180E+01  9.9054E+42  9.4353E+42  9.2960E+34  4.7006E+41
  2.9850E+01  8.4759E+42  8.0962E+42  6.2684E+34  3.7975E+41
  3.1620E+01  7.1636E+42  6.8572E+42  4.1837E+34  3.0642E+41
  3.3500E+01  5.9722E+42  5.7253E+42  2.7621E+34  2.4690E+41
  3.5480E+01  4.9152E+42  4.7162E+42  1.8051E+34  1.9899E+41
  3.7580E+01  3.9871E+42  3.8269E+42  1.1648E+34  1.6022E+41
  3.9810E+01  3.1839E+42  3.0551E+42  7.4146E+33  1.2884E+41
  4.2170E+01  2.5092E+42  2.4057E+42  4.6610E+33  1.0355E+41
  4.4670E+01  1.9539E+42  1.8707E+42  2.8934E+33  8.3172E+40
  4.7320E+01  1.5057E+42  1.4390E+42  1.7772E+33  6.6748E+40
  5.0120E+01  1.1502E+42  1.0967E+42  1.0820E+33  5.3565E+40
  5.3090E+01  8.7133E+41  8.2838E+41  6.5326E+32  4.2946E+40
  5.6230E+01  6.5586E+41  6.2143E+41  3.9188E+32  3.4427E+40
  5.9570E+01  4.9031E+41  4.6275E+41  2.3351E+32  2.7557E+40
  6.3100E+01  3.6495E+41  3.4289E+41  1.3857E+32  2.2059E+40
  6.6830E+01  2.7067E+41  2.5301E+41  8.1969E+31  1.7658E+40
  7.0790E+01  2.0004E+41  1.8592E+41  4.8339E+31  1.4122E+40
  7.4990E+01  1.4739E+41  1.3611E+41  2.8438E+31  1.1286E+40
  7.9430E+01  1.0842E+41  9.9398E+40  1.6715E+31  9.0199E+39
  8.4140E+01  7.9606E+40  7.2402E+40  9.8117E+30  7.2039E+39
  8.9130E+01  5.8412E+40  5.2661E+40  5.7607E+30  5.7512E+39
  9.4410E+01  4.2842E+40  3.8251E+40  3.3836E+30  4.5913E+39
  1.0000E+02  3.1410E+40  2.7745E+40  1.9883E+30  3.6646E+39
  1.0590E+02  2.3053E+40  2.0127E+40  1.1709E+30  2.9262E+39
  1.1220E+02  1.6920E+40  1.4588E+40  6.8966E+29  2.3319E+39
  1.1890E+02  1.2448E+40  1.0591E+40  4.0737E+29  1.8563E+39
  1.2590E+02  9.2266E+39  7.7448E+39  2.4252E+29  1.4819E+39
  1.3340E+02  6.8626E+39  5.6829E+39  1.4503E+29  1.1797E+39
  1.4130E+02  5.0821E+39  4.1419E+39  8.6837E+28  9.4017E+38
  1.4960E+02  3.7099E+39  2.9594E+39  5.1430E+28  7.5050E+38
  1.5850E+02  2.6967E+39  2.0994E+39  3.0300E+28  5.9731E+38
  1.7780E+02  1.4472E+39  1.0681E+39  1.0677E+28  3.7917E+38
  1.9950E+02  7.8611E+38  5.4580E+38  3.8149E+27  2.4031E+38
  2.2390E+02  4.3103E+38  2.7894E+38  1.3792E+27  1.5210E+38
  2.5120E+02  2.3898E+38  1.4263E+38  5.0486E+26  9.6345E+37
  2.8180E+02  1.3390E+38  7.2873E+37  1.8684E+26  6.1028E+37
  3.1620E+02  7.5766E+37  3.7157E+37  6.9779E+25  3.8609E+37
  3.5480E+02  4.3343E+37  1.8925E+37  2.6292E+25  2.4417E+37
  3.9810E+02  2.5069E+37  9.6289E+36  9.9929E+24  1.5440E+37
  4.4670E+02  1.4653E+37  4.8932E+36  3.8257E+24  9.7593E+36
  5.0120E+02  8.6537E+36  2.4848E+36  1.4746E+24  6.1690E+36
  5.6230E+02  5.1612E+36  1.2611E+36  5.7166E+23  3.9001E+36
  6.3100E+02  3.1017E+36  6.3893E+35  2.2251E+23  2.4628E+36
  7.0790E+02  1.8805E+36  3.2379E+35  8.7057E+22  1.5567E+36
  7.9430E+02  1.1471E+36  1.6384E+35  3.4151E+22  9.8322E+35
  8.9130E+02  7.0358E+35  8.2821E+34  1.3431E+22  6.2076E+35
  1.0000E+03  4.3398E+35  4.1858E+34  5.2983E+21  3.9213E+35
