  1.0000E-03  2.8461E+44  0.0000E+00  1.3685E+44  1.4776E+44
  1.1220E-03  2.2452E+44  0.0000E+00  1.1888E+44  1.0564E+44
  1.2590E-03  1.6748E+44  0.0000E+00  9.4084E+43  7.3395E+43
  1.4130E-03  1.1871E+44  0.0000E+00  6.8791E+43  4.9918E+43
  1.5850E-03  8.9035E+43  0.0000E+00  5.2491E+43  3.6543E+43
  1.7780E-03  1.0214E+44  0.0000E+00  6.6856E+43  3.5284E+43
  1.9950E-03  5.7244E+43  0.0000E+00  4.0064E+43  1.7179E+43
  2.2390E-03  3.3416E+43  0.0000E+00  2.3256E+43  1.0160E+43
  2.5120E-03  4.2186E+43  0.0000E+00  3.3621E+43  8.5644E+42
  2.8180E-03  1.9176E+43  0.0000E+00  1.6249E+43  2.9270E+42
  3.1620E-03  9.0477E+42  0.0000E+00  7.9177E+42  1.1300E+42
  3.5480E-03  4.3464E+42  0.0000E+00  3.8821E+42  4.6428E+41
  3.9810E-03  2.1730E+42  0.0000E+00  1.9637E+42  2.0927E+41
  4.4670E-03  6.9246E+43  0.0000E+00  6.0185E+43  9.0612E+42
  5.0120E-03  3.7742E+43  0.0000E+00  3.4931E+43  2.8117E+42
  5.6230E-03  2.0980E+43  0.0000E+00  2.0098E+43  8.8165E+41
  5.9570E-03  1.5818E+43  0.0000E+00  1.5310E+43  5.0765E+41
  6.6830E-03  9.4679E+42  0.0000E+00  9.2765E+42  1.9144E+41
  7.4990E-03  6.5843E+42  0.0000E+00  6.4940E+42  9.0326E+40
  8.4140E-03  4.0436E+42  0.0000E+00  4.0072E+42  3.6368E+40
  9.4410E-03  2.6272E+42  0.0000E+00  2.6093E+42  1.7856E+40
  1.0590E-02  1.8780E+42  0.0000E+00  1.8644E+42  1.3549E+40
  1.1890E-02  1.4859E+42  0.0000E+00  1.4799E+42  5.9980E+39
  1.3340E-02  1.0285E+42  0.0000E+00  1.0251E+42  3.3320E+39
  1.4960E-02  6.9624E+41  0.0000E+00  6.9470E+41  1.5411E+39
  1.6790E-02  4.6617E+41  0.0000E+00  4.6540E+41  7.7138E+38
  1.8840E-02  3.1718E+41  0.0000E+00  3.1675E+41  4.2702E+38
  2.1130E-02  2.2907E+41  0.0000E+00  2.2886E+41  2.1635E+38
  2.3710E-02  1.5710E+41  0.0000E+00  1.5700E+41  1.0621E+38
  2.6610E-02  1.0261E+41  0.0000E+00  1.0256E+41  4.8418E+37
  2.9850E-02  6.6657E+40  0.0000E+00  6.6635E+40  2.2355E+37
  3.3500E-02  4.2453E+40  6.2478E-77  4.2443E+40  1.0173E+37
  3.7580E-02  3.7584E+40  6.1652E-64  3.7575E+40  8.9829E+36
  4.2170E-02  3.7648E+40  1.0860E-52  3.7644E+40  4.0429E+36
  4.7320E-02  1.4933E+40  3.4606E-43  1.4932E+40  5.2969E+35
  5.3090E-02  4.4997E+39  4.9499E-35  4.4996E+39  4.2341E+34
  6.6830E-02  4.0345E+37  7.8794E-24  4.0345E+37  1.6176E+30
  7.4990E-02  1.7007E+36  4.2278E-20  1.7007E+36  2.4428E+27
  8.4140E-02  3.1264E+36  1.0751E-13  3.1264E+36  1.1935E+28
  9.4410E-02  5.2983E+36  3.8373E-08  5.2983E+36  3.5701E+28
  1.0590E-01  4.7755E+37  9.3832E-02  4.7755E+37  3.0078E+30
  1.1890E-01  4.1710E+38  1.1324E+05  4.1710E+38  4.3034E+32
  1.3340E-01  2.0301E+39  9.1185E+09  2.0301E+39  1.5011E+34
  1.4960E-01  4.1588E+39  1.1018E+14  4.1587E+39  1.3973E+35
  1.5850E-01  4.6904E+39  4.9892E+15  4.6902E+39  1.9885E+35
  1.7780E-01  3.9599E+39  1.2662E+18  3.9598E+39  8.0535E+34
  1.9950E-01  4.5802E+38  5.3409E+18  4.5802E+38  9.1349E+32
  2.2390E-01  1.2836E+38  4.9544E+19  1.2836E+38  5.6450E+31
  2.3710E-01  7.2332E+38  7.8475E+21  7.2332E+38  1.2623E+33
  2.5120E-01  3.7303E+39  1.2191E+24  3.7303E+39  3.2325E+34
  2.6610E-01  1.0198E+40  6.1167E+25  1.0198E+40  2.8338E+35
  2.8180E-01  1.9453E+40  1.5161E+27  1.9451E+40  1.3300E+36
  2.9850E-01  3.1681E+40  2.4385E+28  3.1676E+40  4.4286E+36
  3.1620E-01  4.9755E+40  3.0897E+29  4.9743E+40  1.2913E+37
  3.3500E-01  7.5246E+40  3.2503E+30  7.5212E+40  3.4213E+37
  3.5480E-01  1.0764E+41  2.8057E+31  1.0756E+41  8.1211E+37
  3.7580E-01  1.5289E+41  2.2067E+32  1.5270E+41  1.8977E+38
  3.9810E-01  2.1173E+41  1.4729E+33  2.1132E+41  4.0840E+38
  4.2170E-01  3.0256E+41  9.6223E+33  3.0162E+41  9.3629E+38
  4.4670E-01  4.3404E+41  5.6303E+34  4.3197E+41  2.0745E+39
  4.7320E-01  6.1705E+41  3.0316E+35  6.1256E+41  4.4961E+39
  5.0120E-01  8.6344E+41  1.4927E+36  8.5400E+41  9.4463E+39
  5.3090E-01  1.2127E+42  6.9987E+36  1.1927E+42  1.9922E+40
  5.6230E-01  1.6715E+42  2.9043E+37  1.6322E+42  3.9247E+40
  5.9570E-01  2.2782E+42  1.1031E+38  2.2040E+42  7.4151E+40
  6.3100E-01  3.1011E+42  3.9253E+38  2.9629E+42  1.3774E+41
  6.6830E-01  4.2107E+42  1.3094E+39  3.9581E+42  2.5122E+41
  7.0790E-01  5.7247E+42  4.0774E+39  5.2745E+42  4.4609E+41
  7.4990E-01  7.6770E+42  1.1653E+40  6.9086E+42  7.5672E+41
  7.9430E-01  1.0239E+43  3.1239E+40  8.9558E+42  1.2523E+42
  8.4140E-01  1.3636E+43  7.9238E+40  1.1527E+43  2.0299E+42
  8.9130E-01  1.8356E+43  1.9436E+41  1.4875E+43  3.2868E+42
  9.4410E-01  2.4623E+43  4.4946E+41  1.8998E+43  5.1755E+42
  1.0000E+00  3.2494E+43  9.6637E+41  2.3734E+43  7.7942E+42
  1.0590E+00  4.2395E+43  1.9461E+42  2.9155E+43  1.1294E+43
  1.1220E+00  5.4884E+43  3.7269E+42  3.5286E+43  1.5871E+43
  1.1890E+00  7.0635E+43  6.8266E+42  4.2072E+43  2.1736E+43
  1.2590E+00  9.0718E+43  1.1998E+43  4.9458E+43  2.9263E+43
  1.3340E+00  1.1537E+44  2.0109E+43  5.7117E+43  3.8139E+43
  1.4130E+00  1.4428E+44  3.1813E+43  6.4612E+43  4.7859E+43
  1.4960E+00  1.7785E+44  4.7958E+43  7.1636E+43  5.8253E+43
  1.5850E+00  2.1680E+44  6.9778E+43  7.7898E+43  6.9125E+43
  1.6790E+00  2.6130E+44  9.7990E+43  8.2891E+43  8.0422E+43
  1.7780E+00  3.1068E+44  1.3288E+44  8.5951E+43  9.1845E+43
  1.8840E+00  3.6421E+44  1.7474E+44  8.6697E+43  1.0278E+44
  1.9950E+00  4.1982E+44  2.2213E+44  8.4816E+43  1.1288E+44
  2.1130E+00  4.7578E+44  2.7373E+44  8.0523E+43  1.2153E+44
  2.2390E+00  5.2979E+44  3.2721E+44  7.4237E+43  1.2835E+44
  2.3710E+00  5.7915E+44  3.7936E+44  6.6497E+43  1.3330E+44
  2.5120E+00  6.2264E+44  4.2841E+44  5.8110E+43  1.3612E+44
  2.6610E+00  6.5832E+44  4.7163E+44  4.9620E+43  1.3707E+44
  2.8180E+00  6.8476E+44  5.0688E+44  4.1465E+43  1.3641E+44
  2.9850E+00  7.0185E+44  5.3357E+44  3.4011E+43  1.3427E+44
  3.1620E+00  7.0922E+44  5.5082E+44  2.7423E+43  1.3098E+44
  3.3500E+00  7.0843E+44  5.5998E+44  2.1808E+43  1.2664E+44
  3.5480E+00  6.9817E+44  5.5932E+44  1.7085E+43  1.2177E+44
  3.7580E+00  6.8062E+44  5.5102E+44  1.3220E+43  1.1638E+44
  3.9810E+00  6.5680E+44  5.3604E+44  1.0114E+43  1.1065E+44
  4.2170E+00  6.2769E+44  5.1528E+44  7.6576E+42  1.0476E+44
  4.4670E+00  5.9459E+44  4.9003E+44  5.7416E+42  9.8820E+43
  4.7320E+00  5.5924E+44  4.6209E+44  4.2685E+42  9.2887E+43
  5.0120E+00  5.2306E+44  4.3265E+44  3.1522E+42  8.7254E+43
  5.3090E+00  4.8389E+44  4.0249E+44  2.3004E+42  7.9097E+43
  5.6230E+00  4.4546E+44  3.7282E+44  1.6676E+42  7.0977E+43
  5.9570E+00  4.0875E+44  3.4451E+44  1.2027E+42  6.3037E+43
  6.3100E+00  3.7179E+44  3.1537E+44  8.5794E+41  5.5557E+43
  6.6830E+00  3.3968E+44  2.9049E+44  6.1261E+41  4.8579E+43
  7.0790E+00  3.0786E+44  2.6525E+44  4.3118E+41  4.2183E+43
  7.4990E+00  2.9138E+44  2.5511E+44  3.1291E+41  3.5959E+43
  7.9430E+00  3.3036E+44  3.0137E+44  2.7137E+41  2.8717E+43
  8.4140E+00  3.9782E+44  3.7645E+44  2.6475E+41  2.1113E+43
  8.9130E+00  4.2223E+44  4.0659E+44  2.4315E+41  1.5395E+43
  9.4410E+00  4.1552E+44  4.0406E+44  2.3016E+41  1.1232E+43
  1.0000E+01  3.6593E+44  3.5571E+44  1.7629E+41  1.0047E+43
  1.0590E+01  3.1178E+44  3.0243E+44  1.2722E+41  9.2307E+42
  1.1220E+01  2.5506E+44  2.4645E+44  8.2250E+40  8.5290E+42
  1.1890E+01  2.0706E+44  1.9937E+44  5.2686E+40  7.6301E+42
  1.2590E+01  1.6767E+44  1.6091E+44  3.2901E+40  6.7288E+42
  1.3340E+01  1.3716E+44  1.3133E+44  2.0397E+40  5.8094E+42
  1.4130E+01  1.1789E+44  1.1298E+44  1.2992E+40  4.8976E+42
  1.4960E+01  1.1257E+44  1.0858E+44  9.3945E+39  3.9792E+42
  1.5850E+01  1.1038E+44  1.0719E+44  7.2643E+39  3.1840E+42
  1.6790E+01  1.0869E+44  1.0614E+44  5.8614E+39  2.5366E+42
  1.7780E+01  1.0544E+44  1.0340E+44  4.8062E+39  2.0359E+42
  1.8840E+01  9.9562E+43  9.7901E+43  3.8595E+39  1.6578E+42
  1.9950E+01  9.1777E+43  9.0398E+43  2.9486E+39  1.3762E+42
  2.1130E+01  8.4712E+43  8.3567E+43  2.1858E+39  1.1423E+42
  2.2390E+01  7.8992E+43  7.8049E+43  1.6287E+39  9.4153E+41
  2.3710E+01  7.4169E+43  7.3392E+43  1.2155E+39  7.7483E+41
  2.5120E+01  6.9716E+43  6.9081E+43  9.0957E+38  6.3434E+41
  2.6610E+01  6.5339E+43  6.4820E+43  6.7683E+38  5.1832E+41
  2.8180E+01  6.0866E+43  6.0442E+43  5.0184E+38  4.2299E+41
  2.9850E+01  5.6110E+43  5.5766E+43  3.6902E+38  3.4423E+41
  3.1620E+01  5.1036E+43  5.0756E+43  2.6780E+38  2.7969E+41
  3.3500E+01  4.5706E+43  4.5479E+43  1.9153E+38  2.2684E+41
  3.5480E+01  4.0284E+43  4.0100E+43  1.3494E+38  1.8396E+41
  3.7580E+01  3.4902E+43  3.4753E+43  9.3496E+37  1.4901E+41
  3.9810E+01  2.9690E+43  2.9569E+43  6.3670E+37  1.2056E+41
  4.2170E+01  2.4848E+43  2.4750E+43  4.2643E+37  9.7480E+40
  4.4670E+01  2.0484E+43  2.0405E+43  2.8088E+37  7.8747E+40
  4.7320E+01  1.6659E+43  1.6595E+43  1.8232E+37  6.3541E+40
  5.0120E+01  1.3385E+43  1.3333E+43  1.1680E+37  5.1250E+40
  5.3090E+01  1.0630E+43  1.0589E+43  7.3898E+36  4.1283E+40
  5.6230E+01  8.3612E+42  8.3280E+42  4.6262E+36  3.3236E+40
  5.9570E+01  6.5125E+42  6.4858E+42  2.8657E+36  2.6707E+40
  6.3100E+01  5.0344E+42  5.0129E+42  1.7607E+36  2.1454E+40
  6.6830E+01  3.8656E+42  3.8484E+42  1.0740E+36  1.7228E+40
  7.0790E+01  2.9495E+42  2.9357E+42  6.5067E+35  1.3816E+40
  7.4990E+01  2.2373E+42  2.2262E+42  3.9179E+35  1.1069E+40
  7.9430E+01  1.6892E+42  1.6804E+42  2.3479E+35  8.8664E+39
  8.4140E+01  1.2697E+42  1.2626E+42  1.4001E+35  7.0953E+39
  8.9130E+01  9.5119E+41  9.4552E+41  8.3214E+34  5.6743E+39
  9.4410E+01  7.1038E+41  7.0585E+41  4.9299E+34  4.5368E+39
  1.0000E+02  5.2893E+41  5.2530E+41  2.9115E+34  3.6260E+39
  1.0590E+02  3.9322E+41  3.9032E+41  1.7171E+34  2.8988E+39
  1.1220E+02  2.9172E+41  2.8941E+41  1.0101E+34  2.3125E+39
  1.1890E+02  2.1652E+41  2.1467E+41  5.9453E+33  1.8425E+39
  1.2590E+02  1.6162E+41  1.6015E+41  3.5203E+33  1.4720E+39
  1.3340E+02  1.2097E+41  1.1979E+41  2.0931E+33  1.1726E+39
  1.4130E+02  8.9785E+40  8.8850E+40  1.2385E+33  9.3509E+38
  1.4960E+02  6.5213E+40  6.4466E+40  7.1619E+32  7.4692E+38
  1.5850E+02  4.7000E+40  4.6406E+40  4.0986E+32  5.9480E+38
  1.7780E+02  2.4638E+40  2.4260E+40  1.3527E+32  3.7792E+38
  1.9950E+02  1.2941E+40  1.2702E+40  4.4754E+31  2.3969E+38
  2.2390E+02  6.7840E+39  6.6322E+39  1.4791E+31  1.5178E+38
  2.5120E+02  3.5520E+39  3.4558E+39  4.8857E+30  9.6188E+37
  2.8180E+02  1.8560E+39  1.7951E+39  1.6117E+30  6.0949E+37
  3.1620E+02  9.6729E+38  9.2872E+38  5.3063E+29  3.8570E+37
  3.5480E+02  5.0357E+38  4.7917E+38  1.7458E+29  2.4397E+37
  3.9810E+02  2.6200E+38  2.4657E+38  5.7465E+28  1.5430E+37
  4.4670E+02  1.3632E+38  1.2656E+38  1.8932E+28  9.7542E+36
  5.0120E+02  7.1006E+37  6.4839E+37  6.2501E+27  6.1664E+36
  5.6230E+02  3.7066E+37  3.3167E+37  2.0696E+27  3.8988E+36
  6.3100E+02  1.9382E+37  1.6920E+37  6.8750E+26  2.4622E+36
  7.0790E+02  1.0184E+37  8.6272E+36  2.2977E+26  1.5564E+36
  7.9430E+02  5.3723E+36  4.3892E+36  7.7207E+25  9.8306E+35
  8.9130E+02  2.8501E+36  2.2294E+36  2.6127E+25  6.2067E+35
  1.0000E+03  1.5236E+36  1.1316E+36  8.9235E+24  3.9209E+35
