  1.0000E-03  3.7789E+42  0.0000E+00  1.9895E+42  1.7894E+42
  1.1220E-03  2.8876E+42  0.0000E+00  2.4684E+42  4.1921E+41
  1.2590E-03  3.0128E+42  0.0000E+00  2.9238E+42  8.9010E+40
  1.4130E-03  3.3472E+42  0.0000E+00  3.3296E+42  1.7582E+40
  1.5850E-03  3.7091E+42  0.0000E+00  3.7046E+42  4.5137E+39
  1.7780E-03  4.6260E+42  0.0000E+00  4.6230E+42  3.0626E+39
  1.9950E-03  5.3952E+42  0.0000E+00  5.3950E+42  1.9013E+38
  2.2390E-03  5.6613E+42  0.0000E+00  5.6613E+42  2.3358E+37
  2.5120E-03  7.4931E+42  0.0000E+00  7.4931E+42  9.9451E+36
  2.8180E-03  8.5616E+42  0.0000E+00  8.5616E+42  1.8041E+35
  3.1620E-03  9.3000E+42  0.0000E+00  9.3000E+42  5.0013E+33
  3.5480E-03  9.8462E+42  0.0000E+00  9.8462E+42  1.7210E+32
  3.9810E-03  1.0233E+43  0.0000E+00  1.0233E+43  8.1579E+30
  4.4670E-03  1.8338E+43  0.0000E+00  1.8338E+43  2.4997E+36
  5.0120E-03  2.1359E+43  0.0000E+00  2.1359E+43  3.3050E+34
  5.6230E-03  2.3899E+43  0.0000E+00  2.3899E+43  4.5427E+32
  5.9570E-03  2.4989E+43  0.0000E+00  2.4989E+43  5.8651E+31
  6.6830E-03  2.6899E+43  0.0000E+00  2.6899E+43  1.5282E+30
  7.4990E-03  2.8846E+43  0.0000E+00  2.8846E+43  8.6831E+28
  8.4140E-03  3.0605E+43  0.0000E+00  3.0605E+43  2.8259E+27
  9.4410E-03  3.2016E+43  0.0000E+00  3.2016E+43  1.8350E+26
  1.0590E-02  3.2478E+43  0.0000E+00  3.2478E+43  5.4558E+25
  1.1890E-02  3.5788E+43  0.0000E+00  3.5788E+43  2.4580E+24
  1.3340E-02  3.7215E+43  0.0000E+00  3.7215E+43  2.4531E+23
  1.4960E-02  3.9094E+43  0.0000E+00  3.9094E+43  1.2925E+22
  1.6790E-02  4.0544E+43  0.0000E+00  4.0544E+43  8.9590E+20
  1.8840E-02  4.1659E+43  0.0000E+00  4.1659E+43  8.8386E+19
  2.1130E-02  4.3632E+43  0.0000E+00  4.3632E+43  6.4065E+18
  2.3710E-02  4.5177E+43  0.0000E+00  4.5177E+43  4.1589E+17
  2.6610E-02  4.6373E+43  0.0000E+00  4.6373E+43  2.0862E+16
  2.9850E-02  4.7237E+43  0.0000E+00  4.7237E+43  1.0980E+15
  3.3500E-02  4.7778E+43  0.0000E+00  4.7778E+43  5.4960E+13
  3.7580E-02  5.1507E+43  4.4547E-83  5.1507E+43  2.6851E+13
  4.2170E-02  5.7559E+43  1.6592E-72  5.7559E+43  1.2941E+12
  4.7320E-02  5.2693E+43  1.4137E-64  5.2693E+43  8.9834E+08
  5.3090E-02  4.2814E+43  2.7529E-58  4.2814E+43  1.3612E+05
  6.6830E-02  1.6287E+43  2.3375E-54  1.6287E+43  8.8014E-11
  7.4990E-02  7.6133E+42  3.7473E-55  7.6133E+42  1.8286E-20
  8.4140E-02  8.9106E+42  1.4150E-47  8.9106E+42  4.4234E-18
  9.4410E-02  1.0254E+43  3.4344E-41  1.0254E+43  1.9729E-16
  1.0590E-01  1.6796E+43  1.4684E-31  1.6796E+43  9.9890E-10
  1.1890E-01  2.5026E+43  7.2840E-22  2.5026E+43  3.8201E-02
  1.3340E-01  3.2005E+43  2.2749E-14  3.2005E+43  1.1389E+04
  1.4960E-01  3.3932E+43  1.4882E-08  3.3932E+43  3.5730E+07
  1.5850E-01  3.2562E+43  1.4715E-06  3.2562E+43  1.4838E+08
  1.7780E-01  2.5545E+43  1.3555E-04  2.5545E+43  1.0832E+07
  1.9950E-01  1.2437E+43  7.2020E-07  1.2437E+43  3.7669E+00
  2.2390E-01  7.2891E+42  1.1044E-06  7.2891E+42  4.4170E-04
  2.3710E-01  9.6688E+42  1.2105E-02  9.6688E+42  2.4402E+01
  2.5120E-01  1.2397E+43  2.0583E+02  1.2397E+43  2.1526E+06
  2.6610E-01  1.3841E+43  3.5845E+05  1.3841E+43  4.7407E+09
  2.8180E-01  1.4279E+43  1.3247E+08  1.4279E+43  1.2173E+12
  2.9850E-01  1.4257E+43  1.9525E+10  1.4257E+43  9.5923E+13
  3.1620E-01  1.4101E+43  1.8802E+12  1.4101E+43  4.7872E+15
  3.3500E-01  1.3811E+43  1.3146E+14  1.3811E+43  1.7193E+17
  3.5480E-01  1.3373E+43  6.4252E+15  1.3373E+43  4.2229E+18
  3.7580E-01  1.2848E+43  2.7784E+17  1.2848E+43  9.8580E+19
  3.9810E-01  1.2306E+43  9.0789E+18  1.2306E+43  1.7299E+21
  4.2170E-01  1.1751E+43  3.1113E+20  1.1751E+43  3.7874E+22
  4.4670E-01  1.1221E+43  9.0081E+21  1.1221E+43  7.3613E+23
  4.7320E-01  1.0657E+43  2.2945E+23  1.0657E+43  1.3264E+25
  5.0120E-01  1.0058E+43  5.0433E+24  1.0058E+43  2.1461E+26
  5.3090E-01  9.4298E+42  1.0484E+26  9.4298E+42  3.5240E+27
  5.6230E-01  8.8170E+42  1.7453E+27  8.8170E+42  4.5647E+28
  5.9570E-01  8.2090E+42  2.4994E+28  8.2090E+42  5.1183E+29
  6.3100E-01  7.6078E+42  3.2530E+29  7.6078E+42  5.4089E+30
  6.6830E-01  7.0102E+42  3.8547E+30  7.0102E+42  5.3633E+31
  7.0790E-01  6.4431E+42  4.1033E+31  6.4431E+42  4.8460E+32
  7.4990E-01  5.9061E+42  3.7458E+32  5.9061E+42  3.7337E+33
  7.9430E-01  5.3933E+42  3.0845E+33  5.3933E+42  2.6367E+34
  8.4140E-01  4.9022E+42  2.3295E+34  4.9022E+42  1.7331E+35
  8.9130E-01  4.4290E+42  1.7006E+35  4.4290E+42  1.1339E+36
  9.4410E-01  3.9806E+42  1.1223E+36  3.9806E+42  6.7323E+36
  1.0000E+00  3.5613E+42  6.4096E+36  3.5612E+42  3.4251E+37
  1.0590E+00  3.1772E+42  3.2097E+37  3.1770E+42  1.5229E+38
  1.1220E+00  2.8212E+42  1.4511E+38  2.8204E+42  6.0945E+38
  1.1890E+00  2.4895E+42  5.9955E+38  2.4866E+42  2.2321E+39
  1.2590E+00  2.1819E+42  2.2958E+39  2.1720E+42  7.6767E+39
  1.3340E+00  1.9156E+42  7.9145E+39  1.8840E+42  2.3658E+40
  1.4130E+00  1.7170E+42  2.3916E+40  1.6292E+42  6.3891E+40
  1.4960E+00  1.6222E+42  6.4730E+40  1.4025E+42  1.5504E+41
  1.5850E+00  1.7043E+42  1.6101E+41  1.1978E+42  3.4551E+41
  1.6790E+00  2.1024E+42  3.7091E+41  1.0128E+42  7.1872E+41
  1.7780E+00  3.0394E+42  7.9310E+41  8.4568E+41  1.4007E+42
  1.8840E+00  4.8258E+42  1.5795E+42  6.9644E+41  2.5498E+42
  1.9950E+00  7.8264E+42  2.9189E+42  5.6571E+41  4.3418E+42
  2.1130E+00  1.2385E+43  5.0218E+42  4.5337E+41  6.9095E+42
  2.2390E+00  1.8727E+43  8.0630E+42  3.5875E+41  1.0305E+43
  2.3710E+00  2.6864E+43  1.2106E+43  2.8076E+41  1.4477E+43
  2.5120E+00  3.6569E+43  1.7129E+43  2.1775E+41  1.9222E+43
  2.6610E+00  4.7430E+43  2.2952E+43  1.6757E+41  2.4310E+43
  2.8180E+00  5.8922E+43  2.9300E+43  1.2804E+41  2.9495E+43
  2.9850E+00  7.0448E+43  3.5871E+43  9.7259E+40  3.4480E+43
  3.1620E+00  8.1508E+43  4.2343E+43  7.3482E+40  3.9091E+43
  3.3500E+00  9.1477E+43  4.8423E+43  5.5342E+40  4.2999E+43
  3.5480E+00  1.0024E+44  5.3846E+43  4.1486E+40  4.6354E+43
  3.7580E+00  1.0748E+44  5.8482E+43  3.0991E+40  4.8964E+43
  3.9810E+00  1.1308E+44  6.2233E+43  2.3082E+40  5.0825E+43
  4.2170E+00  1.1706E+44  6.5051E+43  1.7145E+40  5.1990E+43
  4.4670E+00  1.1951E+44  6.6980E+43  1.2704E+40  5.2514E+43
  4.7320E+00  1.2053E+44  6.8117E+43  9.3937E+39  5.2406E+43
  5.0120E+00  1.2045E+44  6.8577E+43  6.9448E+39  5.1866E+43
  5.3090E+00  1.1764E+44  6.8444E+43  5.0577E+39  4.9196E+43
  5.6230E+00  1.1378E+44  6.7879E+43  3.6704E+39  4.5892E+43
  5.9570E+00  1.0917E+44  6.7058E+43  2.6578E+39  4.2108E+43
  6.3100E+00  1.0388E+44  6.5659E+43  1.9116E+39  3.8220E+43
  6.6830E+00  9.9038E+43  6.4786E+43  1.3799E+39  3.4250E+43
  7.0790E+00  9.3909E+43  6.3488E+43  9.8617E+38  3.0420E+43
  7.4990E+00  8.8785E+43  6.3101E+43  7.1838E+38  2.5684E+43
  7.9430E+00  8.2426E+43  6.4961E+43  6.0222E+38  1.7464E+43
  8.4140E+00  7.1894E+43  6.2892E+43  5.9777E+38  9.0012E+42
  8.9130E+00  6.2462E+43  5.7904E+43  5.9955E+38  4.5573E+42
  9.4410E+00  5.5881E+43  5.3546E+43  6.3993E+38  2.3340E+42
  1.0000E+01  5.7317E+43  5.4856E+43  4.9133E+38  2.4608E+42
  1.0590E+01  5.9459E+43  5.6591E+43  3.5252E+38  2.8681E+42
  1.1220E+01  6.1757E+43  5.8306E+43  2.2906E+38  3.4507E+42
  1.1890E+01  6.2434E+43  5.8691E+43  1.5121E+38  3.7425E+42
  1.2590E+01  6.2741E+43  5.8878E+43  9.8915E+37  3.8624E+42
  1.3340E+01  6.2445E+43  5.8699E+43  6.4859E+37  3.7457E+42
  1.4130E+01  6.2178E+43  5.8824E+43  4.3711E+37  3.3533E+42
  1.4960E+01  6.2960E+43  6.0318E+43  3.3326E+37  2.6427E+42
  1.5850E+01  6.4516E+43  6.2519E+43  2.7319E+37  1.9967E+42
  1.6790E+01  6.6563E+43  6.5073E+43  2.3466E+37  1.4909E+42
  1.7780E+01  6.8765E+43  6.7621E+43  2.0419E+37  1.1444E+42
  1.8840E+01  7.0695E+43  6.9762E+43  1.7185E+37  9.3292E+41
  1.9950E+01  7.1815E+43  7.1003E+43  1.3506E+37  8.1217E+41
  2.1130E+01  7.2231E+43  7.1520E+43  1.0180E+37  7.1062E+41
  2.2390E+01  7.2038E+43  7.1427E+43  7.6513E+36  6.1144E+41
  2.3710E+01  7.1150E+43  7.0628E+43  5.7129E+36  5.2183E+41
  2.5120E+01  6.9403E+43  6.8962E+43  4.2493E+36  4.4059E+41
  2.6610E+01  6.6759E+43  6.6389E+43  3.1244E+36  3.7006E+41
  2.8180E+01  6.3274E+43  6.2964E+43  2.2801E+36  3.0941E+41
  2.9850E+01  5.8976E+43  5.8719E+43  1.6458E+36  2.5738E+41
  3.1620E+01  5.4001E+43  5.3788E+43  1.1702E+36  2.1350E+41
  3.3500E+01  4.8537E+43  4.8361E+43  8.1930E+35  1.7656E+41
  3.5480E+01  4.2856E+43  4.2710E+43  5.6518E+35  1.4584E+41
  3.7580E+01  3.7152E+43  3.7032E+43  3.8346E+35  1.2028E+41
  3.9810E+01  3.1603E+43  3.1504E+43  2.5570E+35  9.9097E+40
  4.2170E+01  2.6432E+43  2.6351E+43  1.6776E+35  8.1556E+40
  4.4670E+01  2.1763E+43  2.1696E+43  1.0831E+35  6.7013E+40
  4.7320E+01  1.7665E+43  1.7611E+43  6.8947E+34  5.4947E+40
  5.0120E+01  1.4160E+43  1.4115E+43  4.3354E+34  4.4986E+40
  5.3090E+01  1.1215E+43  1.1179E+43  2.6949E+34  3.6742E+40
  5.6230E+01  8.7939E+42  8.7640E+42  1.6590E+34  2.9956E+40
  5.9570E+01  6.8250E+42  6.8007E+42  1.0113E+34  2.4350E+40
  6.3100E+01  5.2553E+42  5.2355E+42  6.1202E+33  1.9764E+40
  6.6830E+01  4.0181E+42  4.0021E+42  3.6802E+33  1.6019E+40
  7.0790E+01  3.0519E+42  3.0390E+42  2.1997E+33  1.2953E+40
  7.4990E+01  2.3039E+42  2.2934E+42  1.3076E+33  1.0455E+40
  7.9430E+01  1.7309E+42  1.7225E+42  7.7426E+32  8.4290E+39
  8.4140E+01  1.2944E+42  1.2876E+42  4.5649E+32  6.7844E+39
  8.9130E+01  9.6466E+41  9.5921E+41  2.6842E+32  5.4533E+39
  9.4410E+01  7.1662E+41  7.1224E+41  1.5742E+32  4.3798E+39
  1.0000E+02  5.3074E+41  5.2722E+41  9.2085E+31  3.5144E+39
  1.0590E+02  3.9246E+41  3.8964E+41  5.3822E+31  2.8195E+39
  1.1220E+02  2.8954E+41  2.8728E+41  3.1388E+31  2.2561E+39
  1.1890E+02  2.1362E+41  2.1182E+41  1.8316E+31  1.8023E+39
  1.2590E+02  1.5841E+41  1.5696E+41  1.0750E+31  1.4432E+39
  1.3340E+02  1.1766E+41  1.1651E+41  6.3317E+30  1.1519E+39
  1.4130E+02  8.6820E+40  8.5900E+40  3.7187E+30  9.2027E+38
  1.4960E+02  6.2935E+40  6.2199E+40  2.1435E+30  7.3645E+38
  1.5850E+02  4.5281E+40  4.4694E+40  1.2234E+30  5.8745E+38
  1.7780E+02  2.3608E+40  2.3234E+40  4.0130E+29  3.7427E+38
  1.9950E+02  1.2323E+40  1.2085E+40  1.3203E+29  2.3786E+38
  2.2390E+02  6.4211E+39  6.2703E+39  4.3456E+28  1.5086E+38
  2.5120E+02  3.3437E+39  3.2480E+39  1.4322E+28  9.5726E+37
  2.8180E+02  1.7387E+39  1.6780E+39  4.7238E+27  6.0717E+37
  3.1620E+02  9.0234E+38  8.6389E+38  1.5585E+27  3.8453E+37
  3.5480E+02  4.6807E+38  4.4374E+38  5.1510E+26  2.4339E+37
  3.9810E+02  2.4282E+38  2.2742E+38  1.7077E+26  1.5400E+37
  4.4670E+02  1.2604E+38  1.1630E+38  5.6826E+25  9.7394E+36
  5.0120E+02  6.5545E+37  5.9386E+37  1.9009E+25  6.1590E+36
  5.6230E+02  3.4181E+37  3.0286E+37  6.3988E+24  3.8950E+36
  6.3100E+02  1.7869E+37  1.5408E+37  2.1684E+24  2.4603E+36
  7.0790E+02  9.3925E+36  7.8371E+36  7.4190E+23  1.5555E+36
  7.9430E+02  4.9608E+36  3.9783E+36  2.5608E+23  9.8258E+35
  8.9130E+02  2.6370E+36  2.0166E+36  8.9306E+22  6.2043E+35
  1.0000E+03  1.4136E+36  1.0217E+36  3.1518E+22  3.9197E+35
