  1.0000E-03  8.6356E+44  0.0000E+00  5.9332E+40  8.6350E+44
  1.1220E-03  9.6522E+44  0.0000E+00  7.8444E+40  9.6514E+44
  1.2590E-03  1.0787E+45  0.0000E+00  9.8808E+40  1.0786E+45
  1.4130E-03  1.2054E+45  0.0000E+00  1.1942E+41  1.2052E+45
  1.5850E-03  1.3469E+45  0.0000E+00  1.3947E+41  1.3468E+45
  1.7780E-03  1.5085E+45  0.0000E+00  1.7511E+41  1.5083E+45
  1.9950E-03  1.6803E+45  0.0000E+00  2.1914E+41  1.6801E+45
  2.2390E-03  1.8751E+45  0.0000E+00  2.4355E+41  1.8748E+45
  2.5120E-03  2.0976E+45  0.0000E+00  3.2021E+41  2.0973E+45
  2.8180E-03  2.3291E+45  0.0000E+00  3.9323E+41  2.3288E+45
  3.1620E-03  2.5895E+45  0.0000E+00  4.5389E+41  2.5890E+45
  3.5480E-03  2.8805E+45  0.0000E+00  5.0677E+41  2.8800E+45
  3.9810E-03  3.2066E+45  0.0000E+00  5.5070E+41  3.2060E+45
  4.4670E-03  3.7247E+45  0.0000E+00  8.1709E+41  3.7239E+45
  5.0120E-03  4.1317E+45  0.0000E+00  1.0476E+42  4.1306E+45
  5.6230E-03  4.5829E+45  0.0000E+00  1.2735E+42  4.5816E+45
  5.9570E-03  4.8287E+45  0.0000E+00  1.3816E+42  4.8273E+45
  6.6830E-03  5.3644E+45  0.0000E+00  1.5842E+42  5.3628E+45
  7.4990E-03  5.9718E+45  0.0000E+00  1.7805E+42  5.9701E+45
  8.4140E-03  6.6394E+45  0.0000E+00  1.9931E+42  6.6374E+45
  9.4410E-03  7.3941E+45  0.0000E+00  2.1790E+42  7.3919E+45
  1.0590E-02  8.2614E+45  0.0000E+00  2.2780E+42  8.2591E+45
  1.1890E-02  9.1989E+45  0.0000E+00  2.5938E+42  9.1964E+45
  1.3340E-02  1.0254E+46  0.0000E+00  2.7955E+42  1.0252E+46
  1.4960E-02  1.1409E+46  0.0000E+00  3.0544E+42  1.1406E+46
  1.6790E-02  1.2711E+46  0.0000E+00  3.2936E+42  1.2708E+46
  1.8840E-02  1.4170E+46  0.0000E+00  3.5134E+42  1.4167E+46
  2.1130E-02  1.5779E+46  0.0000E+00  3.8087E+42  1.5775E+46
  2.3710E-02  1.7573E+46  0.0000E+00  4.0999E+42  1.7569E+46
  2.6610E-02  1.9562E+46  0.0000E+00  4.3966E+42  1.9557E+46
  2.9850E-02  2.1767E+46  3.3113E-83  4.6846E+42  2.1762E+46
  3.3500E-02  2.4229E+46  2.1320E-68  4.9636E+42  2.4224E+46
  3.7580E-02  2.7123E+46  2.6734E-55  5.3955E+42  2.7118E+46
  4.2170E-02  3.0185E+46  1.1676E-43  6.3792E+42  3.0179E+46
  4.7320E-02  3.3208E+46  3.1321E-33  6.6132E+42  3.3201E+46
  5.3090E-02  3.3787E+46  5.7152E-24  6.2583E+42  3.3781E+46
  6.6830E-02  2.9446E+46  2.1009E-08  4.5732E+42  2.9441E+46
  7.4990E-02  2.7113E+46  6.9789E-02  3.8408E+42  2.7109E+46
  8.4140E-02  2.6904E+46  3.6530E+04  3.8122E+42  2.6900E+46
  9.4410E-02  2.6578E+46  4.3794E+09  3.8550E+42  2.6574E+46
  1.0590E-01  2.5244E+46  1.2331E+14  4.1975E+42  2.5239E+46
  1.1890E-01  2.2264E+46  9.1073E+17  4.2503E+42  2.2260E+46
  1.3340E-01  1.9401E+46  1.7877E+21  4.3132E+42  1.9397E+46
  1.4960E-01  1.6716E+46  1.9840E+24  3.9376E+42  1.6712E+46
  1.5850E-01  1.5391E+46  5.8239E+25  3.6167E+42  1.5387E+46
  1.7780E-01  1.2850E+46  3.0742E+28  2.7925E+42  1.2847E+46
  1.9950E-01  1.0367E+46  9.3970E+30  1.6570E+42  1.0366E+46
  2.2390E-01  8.4957E+45  1.1810E+33  1.2359E+42  8.4945E+45
  2.3710E-01  8.0260E+45  7.8483E+33  1.3716E+42  8.0246E+45
  2.5120E-01  7.5861E+45  4.4474E+34  1.4629E+42  7.5847E+45
  2.6610E-01  7.1017E+45  2.3628E+35  1.4498E+42  7.1002E+45
  2.8180E-01  6.6128E+45  1.1551E+36  1.3788E+42  6.6114E+45
  2.9850E-01  6.1360E+45  5.1542E+36  1.2938E+42  6.1347E+45
  3.1620E-01  5.6864E+45  2.0682E+37  1.2129E+42  5.6852E+45
  3.3500E-01  5.2639E+45  7.5819E+37  1.1320E+42  5.2628E+45
  3.5480E-01  4.8703E+45  2.5469E+38  1.0507E+42  4.8692E+45
  3.7580E-01  4.5048E+45  7.9198E+38  9.6921E+41  4.5038E+45
  3.9810E-01  4.1628E+45  2.2679E+39  8.9462E+41  4.1619E+45
  4.2170E-01  3.8490E+45  5.9697E+39  8.2175E+41  3.8482E+45
  4.4670E-01  3.5580E+45  1.4561E+40  7.5559E+41  3.5572E+45
  4.7320E-01  3.2881E+45  3.3404E+40  6.9163E+41  3.2873E+45
  5.0120E-01  3.0384E+45  7.2273E+40  6.2988E+41  3.0377E+45
  5.3090E-01  2.8075E+45  1.4828E+41  5.6961E+41  2.8067E+45
  5.6230E-01  2.5929E+45  2.8803E+41  5.1486E+41  2.5921E+45
  5.9570E-01  2.3933E+45  5.3333E+41  4.6401E+41  2.3923E+45
  6.3100E-01  2.2094E+45  9.4045E+41  4.1628E+41  2.2081E+45
  6.6830E-01  2.0400E+45  1.5820E+42  3.7135E+41  2.0381E+45
  7.0790E-01  1.8832E+45  2.5479E+42  3.3031E+41  1.8803E+45
  7.4990E-01  1.7382E+45  3.9356E+42  2.9307E+41  1.7340E+45
  7.9430E-01  1.6050E+45  5.8357E+42  2.5876E+41  1.5989E+45
  8.4140E-01  1.4825E+45  8.3404E+42  2.2712E+41  1.4739E+45
  8.9130E-01  1.3705E+45  1.1514E+43  1.9757E+41  1.3588E+45
  9.4410E-01  1.2679E+45  1.5368E+43  1.7071E+41  1.2524E+45
  1.0000E+00  1.1740E+45  1.9878E+43  1.4673E+41  1.1539E+45
  1.0590E+00  1.0883E+45  2.4950E+43  1.2557E+41  1.0632E+45
  1.1220E+00  1.0093E+45  3.0568E+43  1.0665E+41  9.7867E+44
  1.1890E+00  9.3706E+44  3.6598E+43  8.9698E+40  9.0037E+44
  1.2590E+00  8.7195E+44  4.2670E+43  7.4509E+40  8.2921E+44
  1.3340E+00  8.1150E+44  4.8740E+43  6.1345E+40  7.6270E+44
  1.4130E+00  7.5608E+44  5.4397E+43  5.0345E+40  7.0163E+44
  1.4960E+00  7.0525E+44  5.9488E+43  4.1111E+40  6.4572E+44
  1.5850E+00  6.5763E+44  6.4103E+43  3.3251E+40  5.9350E+44
  1.6790E+00  6.1341E+44  6.7842E+43  2.6595E+40  5.4554E+44
  1.7780E+00  5.7216E+44  7.0521E+43  2.0996E+40  5.0162E+44
  1.8840E+00  5.3307E+44  7.2323E+43  1.6331E+40  4.6074E+44
  1.9950E+00  4.9664E+44  7.3100E+43  1.2534E+40  4.2352E+44
  2.1130E+00  4.6213E+44  7.3014E+43  9.4951E+39  3.8911E+44
  2.2390E+00  4.2929E+44  7.2080E+43  7.1079E+39  3.5720E+44
  2.3710E+00  3.9853E+44  7.0364E+43  5.2735E+39  3.2816E+44
  2.5120E+00  3.6933E+44  6.8106E+43  3.8828E+39  3.0122E+44
  2.6610E+00  3.4186E+44  6.5341E+43  2.8434E+39  2.7652E+44
  2.8180E+00  3.1606E+44  6.2135E+43  2.0731E+39  2.5392E+44
  2.9850E+00  2.9175E+44  5.8679E+43  1.5063E+39  2.3307E+44
  3.1620E+00  2.6892E+44  5.5020E+43  1.0914E+39  2.1390E+44
  3.3500E+00  2.4770E+44  5.1452E+43  7.8982E+38  1.9624E+44
  3.5480E+00  2.2789E+44  4.7768E+43  5.7081E+38  1.8013E+44
  3.7580E+00  2.0948E+44  4.4185E+43  4.1200E+38  1.6530E+44
  3.9810E+00  1.9238E+44  4.0725E+43  2.9709E+38  1.5166E+44
  4.2170E+00  1.7655E+44  3.7402E+43  2.1411E+38  1.3915E+44
  4.4670E+00  1.6190E+44  3.4241E+43  1.5420E+38  1.2766E+44
  4.7320E+00  1.4841E+44  3.1296E+43  1.1093E+38  1.1712E+44
  5.0120E+00  1.3628E+44  2.8578E+43  7.9925E+37  1.0771E+44
  5.3090E+00  1.2192E+44  2.6065E+43  5.6014E+37  9.5855E+43
  5.6230E+00  1.0845E+44  2.3785E+43  3.8965E+37  8.4669E+43
  5.9570E+00  9.5957E+43  2.1751E+43  2.6909E+37  7.4206E+43
  6.3100E+00  8.4370E+43  1.9749E+43  1.8431E+37  6.4621E+43
  6.6830E+00  7.4091E+43  1.8148E+43  1.2556E+37  5.5942E+43
  7.0790E+00  6.4681E+43  1.6548E+43  8.4534E+36  4.8133E+43
  7.4990E+00  5.7229E+43  1.6050E+43  5.6902E+36  4.1180E+43
  7.9430E+00  5.5283E+43  2.0234E+43  4.1313E+36  3.5049E+43
  8.4140E+00  5.9162E+43  2.9495E+43  3.4815E+36  2.9667E+43
  8.9130E+00  6.2677E+43  3.7675E+43  3.1100E+36  2.5003E+43
  9.4410E+00  6.5185E+43  4.4194E+43  3.0358E+36  2.0992E+43
  1.0000E+01  5.4836E+43  3.7247E+43  2.1585E+36  1.7589E+43
  1.0590E+01  4.4024E+43  2.9323E+43  1.4276E+36  1.4701E+43
  1.1220E+01  3.3969E+43  2.1738E+43  8.5156E+35  1.2230E+43
  1.1890E+01  2.6482E+43  1.6347E+43  5.1535E+35  1.0135E+43
  1.2590E+01  2.0689E+43  1.2293E+43  3.0690E+35  8.3963E+42
  1.3340E+01  1.6315E+43  9.3935E+42  1.8197E+35  6.9217E+42
  1.4130E+01  1.3406E+43  7.7088E+42  1.0982E+35  5.6976E+42
  1.4960E+01  1.2153E+43  7.4673E+42  7.3628E+34  4.6855E+42
  1.5850E+01  1.1358E+43  7.5223E+42  5.2634E+34  3.8354E+42
  1.6790E+01  1.0712E+43  7.5770E+42  3.9405E+34  3.1353E+42
  1.7780E+01  9.9002E+42  7.3388E+42  2.9907E+34  2.5614E+42
  1.8840E+01  8.7192E+42  6.6345E+42  2.1878E+34  2.0848E+42
  1.9950E+01  7.3043E+42  5.6060E+42  1.4928E+34  1.6983E+42
  2.1130E+01  6.0423E+42  4.6618E+42  9.7772E+33  1.3805E+42
  2.2390E+01  5.0184E+42  3.8998E+42  6.3999E+33  1.1187E+42
  2.3710E+01  4.1844E+42  3.2770E+42  4.1863E+33  9.0742E+41
  2.5120E+01  3.4880E+42  2.7541E+42  2.7432E+33  7.3388E+41
  2.6610E+01  2.9015E+42  2.3083E+42  1.7910E+33  5.9315E+41
  2.8180E+01  2.4087E+42  1.9293E+42  1.1711E+33  4.7943E+41
  2.9850E+01  1.9883E+42  1.6015E+42  7.6423E+32  3.8678E+41
  3.1620E+01  1.6288E+42  1.3171E+42  4.9603E+32  3.1169E+41
  3.3500E+01  1.3227E+42  1.0719E+42  3.2017E+32  2.5084E+41
  3.5480E+01  1.0658E+42  8.6382E+41  2.0575E+32  2.0193E+41
  3.7580E+01  8.4996E+41  6.8756E+41  1.3128E+32  1.6240E+41
  3.9810E+01  6.6978E+41  5.3933E+41  8.3072E+31  1.3045E+41
  4.2170E+01  5.2274E+41  4.1802E+41  5.2189E+31  1.0473E+41
  4.4670E+01  4.0447E+41  3.2045E+41  3.2540E+31  8.4026E+40
  4.7320E+01  3.1068E+41  2.4332E+41  2.0169E+31  6.7365E+40
  5.0120E+01  2.3730E+41  1.8329E+41  1.2447E+31  5.4009E+40
  5.3090E+01  1.8027E+41  1.3701E+41  7.6516E+30  4.3264E+40
  5.6230E+01  1.3647E+41  1.0182E+41  4.6923E+30  3.4654E+40
  5.9570E+01  1.0290E+41  7.5176E+40  2.8692E+30  2.7719E+40
  6.3100E+01  7.7454E+40  5.5280E+40  1.7535E+30  2.2174E+40
  6.6830E+01  5.8246E+40  4.0506E+40  1.0718E+30  1.7740E+40
  7.0790E+01  4.3758E+40  2.9579E+40  6.5491E+29  1.4180E+40
  7.4990E+01  3.2857E+40  2.1530E+40  4.0031E+29  1.1327E+40
  7.9430E+01  2.4690E+40  1.5641E+40  2.4505E+29  9.0488E+39
  8.4140E+01  1.8563E+40  1.1339E+40  1.5011E+29  7.2244E+39
  8.9130E+01  1.3977E+40  8.2109E+39  9.2105E+28  5.7657E+39
  9.4410E+01  1.0541E+40  5.9395E+39  5.6614E+28  4.6015E+39
  1.0000E+02  7.9636E+39  4.2918E+39  3.4854E+28  3.6718E+39
  1.0590E+02  6.0335E+39  3.1021E+39  2.1513E+28  2.9314E+39
  1.1220E+02  4.5760E+39  2.2404E+39  1.3276E+28  2.3355E+39
  1.1890E+02  3.4794E+39  1.6205E+39  8.2042E+27  1.8589E+39
  1.2590E+02  2.6637E+39  1.1800E+39  5.0976E+27  1.4837E+39
  1.3340E+02  2.0425E+39  8.6147E+38  3.1712E+27  1.1810E+39
  1.4130E+02  1.5667E+39  6.2557E+38  1.9823E+27  9.4112E+38
  1.4960E+02  1.1980E+39  4.4684E+38  1.2374E+27  7.5117E+38
  1.5850E+02  9.1474E+38  3.1696E+38  7.6877E+26  5.9778E+38
  1.7780E+02  5.4035E+38  1.6094E+38  2.9857E+26  3.7941E+38
  1.9950E+02  3.2244E+38  8.2017E+37  1.1646E+26  2.4043E+38
  2.2390E+02  1.9396E+38  4.1801E+37  4.5593E+25  1.5215E+38
  2.5120E+02  1.1770E+38  2.1321E+37  1.7930E+25  9.6374E+37
  2.8180E+02  7.1911E+37  1.0868E+37  7.0731E+24  6.1042E+37
  3.1620E+02  4.4147E+37  5.5301E+36  2.7938E+24  3.8617E+37
  3.5480E+02  2.7232E+37  2.8115E+36  1.1050E+24  2.4421E+37
  3.9810E+02  1.6870E+37  1.4280E+36  4.3783E+23  1.5442E+37
  4.4670E+02  1.0485E+37  7.2457E+35  1.7364E+23  9.7602E+36
  5.0120E+02  6.5368E+36  3.6741E+35  6.8944E+22  6.1694E+36
  5.6230E+02  4.0866E+36  1.8623E+35  2.7396E+22  3.9003E+36
  6.3100E+02  2.5572E+36  9.4237E+34  1.0884E+22  2.4629E+36
  7.0790E+02  1.6045E+36  4.7703E+34  4.3307E+21  1.5568E+36
  7.9430E+02  1.0074E+36  2.4113E+34  1.7225E+21  9.8325E+35
  8.9130E+02  6.3295E+35  1.2177E+34  6.8508E+20  6.2077E+35
  1.0000E+03  3.9828E+35  6.1489E+33  2.7274E+20  3.9213E+35
