  1.0000E-03  8.0303E+44  2.9183E+00  1.1362E+42  8.0190E+44
  1.1220E-03  8.8108E+44  2.9449E+00  1.4012E+42  8.7968E+44
  1.2590E-03  9.6537E+44  2.9699E+00  1.6555E+42  9.6372E+44
  1.4130E-03  1.0567E+45  2.9972E+00  1.8886E+42  1.0549E+45
  1.5850E-03  1.1604E+45  3.0662E+00  2.1079E+42  1.1583E+45
  1.7780E-03  1.2923E+45  3.2660E+00  2.6111E+42  1.2897E+45
  1.9950E-03  1.3911E+45  3.1516E+00  3.1007E+42  1.3880E+45
  2.2390E-03  1.5120E+45  3.1422E+00  3.3104E+42  1.5087E+45
  2.5120E-03  1.6732E+45  3.2760E+00  4.3587E+42  1.6688E+45
  2.8180E-03  1.7693E+45  3.0977E+00  5.1982E+42  1.7641E+45
  3.1620E-03  1.8826E+45  3.0132E+00  5.8896E+42  1.8767E+45
  3.5480E-03  2.0092E+45  2.9817E+00  6.4993E+42  2.0027E+45
  3.9810E-03  2.1539E+45  3.0045E+00  7.0205E+42  2.1469E+45
  4.4670E-03  2.9009E+45  6.6773E+00  1.1471E+43  2.8895E+45
  5.0120E-03  3.0544E+45  6.1130E+00  1.3889E+43  3.0405E+45
  5.6230E-03  3.2171E+45  5.6790E+00  1.6198E+43  3.2009E+45
  5.9570E-03  3.3067E+45  5.5156E+00  1.7280E+43  3.2894E+45
  6.6830E-03  3.5142E+45  5.3176E+00  1.9281E+43  3.4949E+45
  7.4990E-03  3.7770E+45  5.2602E+00  2.1215E+43  3.7558E+45
  8.4140E-03  4.0272E+45  5.1837E+00  2.3286E+43  4.0039E+45
  9.4410E-03  4.3361E+45  5.2102E+00  2.5001E+43  4.3111E+45
  1.0590E-02  4.7684E+45  5.4013E+00  2.5590E+43  4.7428E+45
  1.1890E-02  5.1122E+45  5.4289E+00  2.8947E+43  5.0833E+45
  1.3340E-02  5.5375E+45  5.5380E+00  3.0714E+43  5.5068E+45
  1.4960E-02  5.9415E+45  5.5885E+00  3.3119E+43  5.9084E+45
  1.6790E-02  6.4046E+45  5.6761E+00  3.5156E+43  6.3694E+45
  1.8840E-02  6.9365E+45  5.8004E+00  3.6830E+43  6.8997E+45
  2.1130E-02  7.4773E+45  5.9003E+00  3.9376E+43  7.4379E+45
  2.3710E-02  8.0503E+45  5.9929E+00  4.1678E+43  8.0086E+45
  2.6610E-02  8.6367E+45  6.0545E+00  4.3833E+43  8.5929E+45
  2.9850E-02  9.2673E+45  6.1072E+00  4.5687E+43  9.2216E+45
  3.3500E-02  9.9411E+45  6.1510E+00  4.7281E+43  9.8938E+45
  3.7580E-02  1.1018E+46  6.7656E+00  5.1448E+43  1.0966E+46
  4.2170E-02  1.1816E+46  6.8257E+00  5.8408E+43  1.1758E+46
  4.7320E-02  1.1910E+46  5.8862E+00  5.5873E+43  1.1854E+46
  5.3090E-02  1.0913E+46  4.5359E+00  4.7791E+43  1.0865E+46
  6.6830E-02  6.2830E+45  1.5757E+00  2.2347E+43  6.2606E+45
  7.4990E-02  4.4425E+45  8.1526E-01  1.1839E+43  4.4307E+45
  8.4140E-02  4.7045E+45  6.3043E+03  1.3564E+43  4.6909E+45
  9.4410E-02  4.8617E+45  8.2765E+08  1.5373E+43  4.8464E+45
  1.0590E-01  5.5506E+45  3.1244E+13  2.3403E+43  5.5272E+45
  1.1890E-01  6.0333E+45  3.1029E+17  3.2267E+43  6.0010E+45
  1.3340E-01  6.1178E+45  7.2313E+20  3.9004E+43  6.0788E+45
  1.4960E-01  5.8089E+45  9.0453E+23  4.0212E+43  5.7687E+45
  1.5850E-01  5.4452E+45  2.7280E+25  3.8233E+43  5.4069E+45
  1.7780E-01  4.4189E+45  1.3645E+28  2.9435E+43  4.3895E+45
  1.9950E-01  2.9962E+45  3.2446E+30  1.4885E+43  2.9813E+45
  2.2390E-01  2.2114E+45  3.6888E+32  8.8491E+42  2.2026E+45
  2.3710E-01  2.3812E+45  2.9263E+33  1.0967E+43  2.3702E+45
  2.5120E-01  2.5793E+45  1.9703E+34  1.3115E+43  2.5662E+45
  2.6610E-01  2.6482E+45  1.1783E+35  1.3943E+43  2.6343E+45
  2.8180E-01  2.6362E+45  6.2912E+35  1.3855E+43  2.6224E+45
  2.9850E-01  2.5787E+45  3.0149E+36  1.3407E+43  2.5653E+45
  3.1620E-01  2.5057E+45  1.2919E+37  1.2872E+43  2.4928E+45
  3.3500E-01  2.4226E+45  5.0390E+37  1.2252E+43  2.4103E+45
  3.5480E-01  2.3304E+45  1.7926E+38  1.1554E+43  2.3188E+45
  3.7580E-01  2.2398E+45  5.9023E+38  1.0798E+43  2.2290E+45
  3.9810E-01  2.1434E+45  1.7833E+39  1.0081E+43  2.1333E+45
  4.2170E-01  2.0577E+45  4.9729E+39  9.3523E+42  2.0484E+45
  4.4670E-01  1.9722E+45  1.2837E+40  8.6796E+42  1.9635E+45
  4.7320E-01  1.8880E+45  3.1138E+40  8.0116E+42  1.8800E+45
  5.0120E-01  1.8049E+45  7.1119E+40  7.3513E+42  1.7975E+45
  5.3090E-01  1.7257E+45  1.5406E+41  6.6926E+42  1.7189E+45
  5.6230E-01  1.6446E+45  3.1466E+41  6.0887E+42  1.6382E+45
  5.9570E-01  1.5638E+45  6.1094E+41  5.5216E+42  1.5577E+45
  6.3100E-01  1.4863E+45  1.1284E+42  4.9855E+42  1.4801E+45
  6.6830E-01  1.4119E+45  1.9858E+42  4.4769E+42  1.4054E+45
  7.0790E-01  1.3397E+45  3.3414E+42  4.0140E+42  1.3324E+45
  7.4990E-01  1.2692E+45  5.3786E+42  3.5964E+42  1.2602E+45
  7.9430E-01  1.2020E+45  8.3059E+42  3.2143E+42  1.1905E+45
  8.4140E-01  1.1387E+45  1.2360E+43  2.8630E+42  1.1235E+45
  8.9130E-01  1.0805E+45  1.7808E+43  2.5370E+42  1.0601E+45
  9.4410E-01  1.0261E+45  2.4806E+43  2.2410E+42  9.9904E+44
  1.0000E+00  9.7483E+44  3.3434E+43  1.9758E+42  9.3942E+44
  1.0590E+00  9.2736E+44  4.3716E+43  1.7422E+42  8.8190E+44
  1.1220E+00  8.8347E+44  5.5845E+43  1.5330E+42  8.2609E+44
  1.1890E+00  8.4376E+44  6.9835E+43  1.3438E+42  7.7258E+44
  1.2590E+00  8.0922E+44  8.5317E+43  1.1710E+42  7.2273E+44
  1.3340E+00  7.7762E+44  1.0222E+44  1.0166E+42  6.7438E+44
  1.4130E+00  7.4888E+44  1.1963E+44  8.8254E+41  6.2836E+44
  1.4960E+00  7.2300E+44  1.3725E+44  7.6462E+41  5.8498E+44
  1.5850E+00  6.9935E+44  1.5534E+44  6.5874E+41  5.4335E+44
  1.6790E+00  6.7785E+44  1.7298E+44  5.6299E+41  5.0430E+44
  1.7780E+00  6.5781E+44  1.8948E+44  4.7591E+41  4.6785E+44
  1.8840E+00  6.3858E+44  2.0497E+44  3.9705E+41  4.3322E+44
  1.9950E+00  6.1995E+44  2.1848E+44  3.2673E+41  4.0115E+44
  2.1130E+00  6.0114E+44  2.2992E+44  2.6503E+41  3.7096E+44
  2.2390E+00  5.8150E+44  2.3878E+44  2.1193E+41  3.4251E+44
  2.3710E+00  5.6100E+44  2.4459E+44  1.6725E+41  3.1625E+44
  2.5120E+00  5.3937E+44  2.4768E+44  1.3047E+41  2.9155E+44
  2.6610E+00  5.1656E+44  2.4779E+44  1.0071E+41  2.6866E+44
  2.8180E+00  4.9248E+44  2.4488E+44  7.6962E+40  2.4752E+44
  2.9850E+00  4.6738E+44  2.3947E+44  5.8306E+40  2.2785E+44
  3.1620E+00  4.4136E+44  2.3169E+44  4.3814E+40  2.0963E+44
  3.3500E+00  4.1540E+44  2.2262E+44  3.2730E+40  1.9274E+44
  3.5480E+00  3.8887E+44  2.1160E+44  2.4275E+40  1.7725E+44
  3.7580E+00  3.6257E+44  1.9962E+44  1.7897E+40  1.6293E+44
  3.9810E+00  3.3669E+44  1.8698E+44  1.3122E+40  1.4970E+44
  4.2170E+00  3.1146E+44  1.7392E+44  9.5729E+39  1.3753E+44
  4.4670E+00  2.8710E+44  1.6077E+44  6.9499E+39  1.2632E+44
  4.7320E+00  2.6393E+44  1.4792E+44  5.0229E+39  1.1600E+44
  5.0120E+00  2.4239E+44  1.3561E+44  3.6214E+39  1.0678E+44
  5.3090E+00  2.1900E+44  1.2390E+44  2.5635E+39  9.5099E+43
  5.6230E+00  1.9706E+44  1.1300E+44  1.8024E+39  8.4055E+43
  5.9570E+00  1.7675E+44  1.0304E+44  1.2598E+39  7.3708E+43
  6.3100E+00  1.5750E+44  9.3282E+43  8.7231E+38  6.4219E+43
  6.6830E+00  1.4076E+44  8.5139E+43  6.0267E+38  5.5617E+43
  7.0790E+00  1.2505E+44  7.7176E+43  4.1092E+38  4.7871E+43
  7.4990E+00  1.1435E+44  7.3398E+43  2.8505E+38  4.0949E+43
  7.9430E+00  1.2051E+44  8.5750E+43  2.2970E+38  3.4758E+43
  8.4140E+00  1.4166E+44  1.1242E+44  2.2079E+38  2.9246E+43
  8.9130E+00  1.5668E+44  1.3219E+44  2.1244E+38  2.4496E+43
  9.4410E+00  1.6529E+44  1.4484E+44  2.1590E+38  2.0445E+43
  1.0000E+01  1.4082E+44  1.2364E+44  1.5658E+38  1.7178E+43
  1.0590E+01  1.1469E+44  1.0028E+44  1.0513E+38  1.4415E+43
  1.1220E+01  8.9794E+43  7.7748E+43  6.2946E+37  1.2046E+43
  1.1890E+01  7.0973E+43  6.0958E+43  3.8014E+37  1.0015E+43
  1.2590E+01  5.6423E+43  4.8105E+43  2.2499E+37  8.3184E+42
  1.3340E+01  4.5529E+43  3.8658E+43  1.3264E+37  6.8709E+42
  1.4130E+01  3.8658E+43  3.2997E+43  8.0680E+36  5.6615E+42
  1.4960E+01  3.6657E+43  3.2004E+43  5.6618E+36  4.6534E+42
  1.5850E+01  3.5899E+43  3.2094E+43  4.2798E+36  3.8055E+42
  1.6790E+01  3.5431E+43  3.2324E+43  3.3855E+36  3.1074E+42
  1.7780E+01  3.4285E+43  3.1748E+43  2.6983E+36  2.5368E+42
  1.8840E+01  3.1798E+43  2.9733E+43  2.0605E+36  2.0647E+42
  1.9950E+01  2.8255E+43  2.6571E+43  1.4604E+36  1.6833E+42
  2.1130E+01  2.4916E+43  2.3546E+43  9.9363E+35  1.3695E+42
  2.2390E+01  2.2115E+43  2.1004E+43  6.7750E+35  1.1106E+42
  2.3710E+01  1.9714E+43  1.8812E+43  4.6215E+35  9.0143E+41
  2.5120E+01  1.7562E+43  1.6832E+43  3.1607E+35  7.2941E+41
  2.6610E+01  1.5586E+43  1.4996E+43  2.1522E+35  5.8981E+41
  2.8180E+01  1.3759E+43  1.3282E+43  1.4652E+35  4.7692E+41
  2.9850E+01  1.2033E+43  1.1649E+43  9.9289E+34  3.8490E+41
  3.1620E+01  1.0400E+43  1.0090E+43  6.6682E+34  3.1029E+41
  3.3500E+01  8.8685E+42  8.6187E+42  4.4344E+34  2.4979E+41
  3.5480E+01  7.4630E+42  7.2619E+42  2.9212E+34  2.0115E+41
  3.7580E+01  6.1870E+42  6.0252E+42  1.9011E+34  1.6182E+41
  3.9810E+01  5.0457E+42  4.9157E+42  1.2206E+34  1.3002E+41
  4.2170E+01  4.0575E+42  3.9531E+42  7.7401E+33  1.0441E+41
  4.4670E+01  3.2210E+42  3.1372E+42  4.8463E+33  8.3799E+40
  4.7320E+01  2.5281E+42  2.4609E+42  3.0018E+33  6.7202E+40
  5.0120E+01  1.9649E+42  1.9110E+42  1.8423E+33  5.3891E+40
  5.3090E+01  1.5129E+42  1.4697E+42  1.1209E+33  4.3180E+40
  5.6230E+01  1.1562E+42  1.1216E+42  6.7728E+32  3.4594E+40
  5.9570E+01  8.7676E+41  8.4908E+41  4.0630E+32  2.7676E+40
  6.3100E+01  6.6122E+41  6.3907E+41  2.4262E+32  2.2144E+40
  6.6830E+01  4.9631E+41  4.7859E+41  1.4432E+32  1.7718E+40
  7.0790E+01  3.7085E+41  3.5669E+41  8.5538E+31  1.4164E+40
  7.4990E+01  2.7597E+41  2.6465E+41  5.0544E+31  1.1316E+40
  7.9430E+01  2.0478E+41  1.9574E+41  2.9819E+31  9.0412E+39
  8.4140E+01  1.5152E+41  1.4430E+41  1.7558E+31  7.2190E+39
  8.9130E+01  1.1192E+41  1.0615E+41  1.0333E+31  5.7619E+39
  9.4410E+01  8.2535E+40  7.7936E+40  6.0799E+30  4.5988E+39
  1.0000E+02  6.0775E+40  5.7105E+40  3.5765E+30  3.6699E+39
  1.0590E+02  4.4750E+40  4.1820E+40  2.1068E+30  2.9300E+39
  1.1220E+02  3.2919E+40  3.0584E+40  1.2407E+30  2.3346E+39
  1.1890E+02  2.4251E+40  2.2393E+40  7.3234E+29  1.8582E+39
  1.2590E+02  1.7984E+40  1.6501E+40  4.3547E+29  1.4832E+39
  1.3340E+02  1.3376E+40  1.2196E+40  2.6008E+29  1.1807E+39
  1.4130E+02  9.8902E+39  8.9493E+39  1.5537E+29  9.4087E+38
  1.4960E+02  7.1882E+39  6.4372E+39  9.1660E+28  7.5100E+38
  1.5850E+02  5.1937E+39  4.5960E+39  5.3752E+28  5.9766E+38
  1.7780E+02  2.7451E+39  2.3657E+39  1.8745E+28  3.7934E+38
  1.9950E+02  1.4618E+39  1.2214E+39  6.6200E+27  2.4040E+38
  2.2390E+02  7.8199E+38  6.2985E+38  2.3630E+27  1.5214E+38
  2.5120E+02  4.2100E+38  3.2464E+38  8.5343E+26  9.6366E+37
  2.8180E+02  2.2806E+38  1.6702E+38  3.1156E+26  6.1038E+37
  3.1620E+02  1.2430E+38  8.5688E+37  1.1480E+26  3.8615E+37
  3.5480E+02  6.8303E+37  4.3883E+37  4.2703E+25  2.4420E+37
  3.9810E+02  3.7876E+37  2.2435E+37  1.6037E+25  1.5441E+37
  4.4670E+02  2.1209E+37  1.1449E+37  6.0729E+24  9.7600E+36
  5.0120E+02  1.2005E+37  5.8359E+36  2.3181E+24  6.1693E+36
  5.6230E+02  6.8721E+36  2.9718E+36  8.9095E+23  3.9003E+36
  6.3100E+02  3.9730E+36  1.5101E+36  3.4423E+23  2.4629E+36
  7.0790E+02  2.3240E+36  7.6725E+35  1.3383E+23  1.5568E+36
  7.9430E+02  1.3724E+36  3.8913E+35  5.2220E+22  9.8324E+35
  8.9130E+02  8.1787E+35  1.9710E+35  2.0445E+22  6.2077E+35
  1.0000E+03  4.9193E+35  9.9794E+34  8.0354E+21  3.9213E+35
