  1.0000E-03  8.7699E+44  0.0000E+00  3.6655E+41  8.7662E+44
  1.1220E-03  9.8406E+44  0.0000E+00  4.8560E+41  9.8357E+44
  1.2590E-03  1.1043E+45  0.0000E+00  6.1298E+41  1.1037E+45
  1.4130E-03  1.2394E+45  0.0000E+00  7.4262E+41  1.2387E+45
  1.5850E-03  1.3903E+45  0.0000E+00  8.6951E+41  1.3894E+45
  1.7780E-03  1.5597E+45  0.0000E+00  1.0964E+42  1.5586E+45
  1.9950E-03  1.7502E+45  0.0000E+00  1.3804E+42  1.7488E+45
  2.2390E-03  1.9643E+45  0.0000E+00  1.5415E+42  1.9627E+45
  2.5120E-03  2.2040E+45  0.0000E+00  2.0443E+42  2.2020E+45
  2.8180E-03  2.4728E+45  0.0000E+00  2.5337E+42  2.4702E+45
  3.1620E-03  2.7748E+45  0.0000E+00  2.9487E+42  2.7718E+45
  3.5480E-03  3.1136E+45  0.0000E+00  3.3178E+42  3.1103E+45
  3.9810E-03  3.4935E+45  0.0000E+00  3.6312E+42  3.4898E+45
  4.4670E-03  3.9209E+45  0.0000E+00  5.1082E+42  3.9158E+45
  5.0120E-03  4.4002E+45  0.0000E+00  6.6119E+42  4.3936E+45
  5.6230E-03  4.9374E+45  0.0000E+00  8.1238E+42  4.9292E+45
  5.9570E-03  5.2309E+45  0.0000E+00  8.8601E+42  5.2220E+45
  6.6830E-03  5.8688E+45  0.0000E+00  1.0258E+43  5.8585E+45
  7.4990E-03  6.5854E+45  0.0000E+00  1.1631E+43  6.5738E+45
  8.4140E-03  7.3890E+45  0.0000E+00  1.3134E+43  7.3758E+45
  9.4410E-03  8.2906E+45  0.0000E+00  1.4470E+43  8.2761E+45
  1.0590E-02  9.2985E+45  0.0000E+00  1.5210E+43  9.2833E+45
  1.1890E-02  1.0440E+46  0.0000E+00  1.7475E+43  1.0423E+46
  1.3340E-02  1.1713E+46  0.0000E+00  1.8964E+43  1.1694E+46
  1.4960E-02  1.3135E+46  0.0000E+00  2.0884E+43  1.3114E+46
  1.6790E-02  1.4741E+46  0.0000E+00  2.2684E+43  1.4718E+46
  1.8840E-02  1.6540E+46  0.0000E+00  2.4356E+43  1.6515E+46
  2.1130E-02  1.8550E+46  0.0000E+00  2.6600E+43  1.8524E+46
  2.3710E-02  2.0813E+46  0.0000E+00  2.8841E+43  2.0785E+46
  2.6610E-02  2.3357E+46  0.0000E+00  3.1158E+43  2.3326E+46
  2.9850E-02  2.6200E+46  4.8643E-83  3.3442E+43  2.6166E+46
  3.3500E-02  2.9402E+46  3.1504E-68  3.5694E+43  2.9367E+46
  3.7580E-02  3.2981E+46  3.9562E-55  3.8872E+43  3.2942E+46
  4.2170E-02  3.7013E+46  1.7386E-43  4.6209E+43  3.6967E+46
  4.7320E-02  4.1530E+46  4.7327E-33  4.8655E+43  4.1482E+46
  5.3090E-02  4.3259E+46  8.7871E-24  4.6823E+43  4.3212E+46
  6.6830E-02  4.1304E+46  3.4529E-08  3.5977E+43  4.1268E+46
  7.4990E-02  4.0359E+46  1.1965E-01  3.0792E+43  4.0328E+46
  8.4140E-02  3.9441E+46  6.2150E+04  3.0456E+43  3.9410E+46
  9.4410E-02  3.8543E+46  7.4120E+09  3.0744E+43  3.8513E+46
  1.0590E-01  3.5088E+46  2.0294E+14  3.2944E+43  3.5055E+46
  1.1890E-01  2.9500E+46  1.4463E+18  3.2424E+43  2.9467E+46
  1.3340E-01  2.4827E+46  2.7630E+21  3.1905E+43  2.4795E+46
  1.4960E-01  2.0907E+46  3.0142E+24  2.8386E+43  2.0878E+46
  1.5850E-01  1.9171E+46  8.8229E+25  2.5997E+43  1.9145E+46
  1.7780E-01  1.6135E+46  4.6870E+28  2.0528E+43  1.6114E+46
  1.9950E-01  1.3571E+46  1.4786E+31  1.2833E+43  1.3558E+46
  2.2390E-01  1.1413E+46  1.8956E+33  9.6994E+42  1.1403E+46
  2.3710E-01  1.0475E+46  1.2321E+34  1.0563E+43  1.0464E+46
  2.5120E-01  9.6069E+45  6.8179E+34  1.1037E+43  9.5958E+45
  2.6610E-01  8.8120E+45  3.5637E+35  1.0777E+43  8.8012E+45
  2.8180E-01  8.0862E+45  1.7219E+36  1.0139E+43  8.0761E+45
  2.9850E-01  7.4173E+45  7.6119E+36  9.4303E+42  7.4079E+45
  3.1620E-01  6.8034E+45  3.0291E+37  8.7687E+42  6.7947E+45
  3.3500E-01  6.2389E+45  1.1020E+38  8.1216E+42  6.2308E+45
  3.5480E-01  5.7240E+45  3.6769E+38  7.4863E+42  5.7165E+45
  3.7580E-01  5.2510E+45  1.1359E+39  6.8600E+42  5.2442E+45
  3.9810E-01  4.8160E+45  3.2329E+39  6.2920E+42  4.8097E+45
  4.2170E-01  4.4174E+45  8.4549E+39  5.7404E+42  4.4116E+45
  4.4670E-01  4.0519E+45  2.0494E+40  5.2428E+42  4.0466E+45
  4.7320E-01  3.7163E+45  4.6729E+40  4.7673E+42  3.7115E+45
  5.0120E-01  3.4092E+45  1.0051E+41  4.3135E+42  3.4048E+45
  5.3090E-01  3.1273E+45  2.0500E+41  3.8755E+42  3.1232E+45
  5.6230E-01  2.8690E+45  3.9605E+41  3.4815E+42  2.8651E+45
  5.9570E-01  2.6314E+45  7.2959E+41  3.1190E+42  2.6276E+45
  6.3100E-01  2.4144E+45  1.2801E+42  2.7818E+42  2.4103E+45
  6.6830E-01  2.2160E+45  2.1431E+42  2.4671E+42  2.2114E+45
  7.0790E-01  2.0340E+45  3.4356E+42  2.1820E+42  2.0284E+45
  7.4990E-01  1.8677E+45  5.2843E+42  1.9258E+42  1.8605E+45
  7.9430E-01  1.7161E+45  7.8040E+42  1.6917E+42  1.7066E+45
  8.4140E-01  1.5779E+45  1.1112E+43  1.4777E+42  1.5653E+45
  8.9130E-01  1.4523E+45  1.5284E+43  1.2793E+42  1.4357E+45
  9.4410E-01  1.3384E+45  2.0333E+43  1.1007E+42  1.3170E+45
  1.0000E+00  1.2353E+45  2.6228E+43  9.4264E+41  1.2081E+45
  1.0590E+00  1.1422E+45  3.2849E+43  8.0429E+41  1.1086E+45
  1.1220E+00  1.0574E+45  4.0180E+43  6.8157E+41  1.0165E+45
  1.1890E+00  9.8046E+44  4.8055E+43  5.7230E+41  9.3183E+44
  1.2590E+00  9.1168E+44  5.5999E+43  4.7488E+41  8.5520E+44
  1.3340E+00  8.4848E+44  6.3985E+43  3.9084E+41  7.8411E+44
  1.4130E+00  7.9109E+44  7.1495E+43  3.2087E+41  7.1927E+44
  1.4960E+00  7.3886E+44  7.8346E+43  2.6226E+41  6.6026E+44
  1.5850E+00  6.9032E+44  8.4675E+43  2.1244E+41  6.0543E+44
  1.6790E+00  6.4543E+44  8.9958E+43  1.7026E+41  5.5530E+44
  1.7780E+00  6.0366E+44  9.3954E+43  1.3472E+41  5.0957E+44
  1.8840E+00  5.6420E+44  9.6910E+43  1.0508E+41  4.6719E+44
  1.9950E+00  5.2742E+44  9.8596E+43  8.0891E+40  4.2875E+44
  2.1130E+00  4.9261E+44  9.9215E+43  6.1479E+40  3.9333E+44
  2.2390E+00  4.5942E+44  9.8763E+43  4.6185E+40  3.6061E+44
  2.3710E+00  4.2822E+44  9.7273E+43  3.4389E+40  3.3092E+44
  2.5120E+00  3.9852E+44  9.5051E+43  2.5415E+40  3.0344E+44
  2.6610E+00  3.7044E+44  9.2101E+43  1.8681E+40  2.7832E+44
  2.8180E+00  3.4387E+44  8.8475E+43  1.3669E+40  2.5538E+44
  2.9850E+00  3.1869E+44  8.4421E+43  9.9653E+39  2.3426E+44
  3.1620E+00  2.9485E+44  7.9978E+43  7.2438E+39  2.1487E+44
  3.3500E+00  2.7260E+44  7.5558E+43  5.2585E+39  1.9704E+44
  3.5480E+00  2.5162E+44  7.0835E+43  3.8103E+39  1.8078E+44
  3.7580E+00  2.3198E+44  6.6139E+43  2.7566E+39  1.6583E+44
  3.9810E+00  2.1361E+44  6.1508E+43  1.9918E+39  1.5210E+44
  4.2170E+00  1.9648E+44  5.6967E+43  1.4377E+39  1.3951E+44
  4.4670E+00  1.8053E+44  5.2567E+43  1.0366E+39  1.2796E+44
  4.7320E+00  1.6578E+44  4.8410E+43  7.4647E+38  1.1737E+44
  5.0120E+00  1.5244E+44  4.4526E+43  5.3810E+38  1.0791E+44
  5.3090E+00  1.3692E+44  4.0900E+43  3.7828E+38  9.6024E+43
  5.6230E+00  1.2239E+44  3.7584E+43  2.6414E+38  8.4805E+43
  5.9570E+00  1.0893E+44  3.4612E+43  1.8328E+38  7.4316E+43
  6.3100E+00  9.6357E+43  3.1648E+43  1.2613E+38  6.4710E+43
  6.6830E+00  8.5293E+43  2.9279E+43  8.6471E+37  5.6014E+43
  7.0790E+00  7.5072E+43  2.6882E+43  5.8585E+37  4.8190E+43
  7.4990E+00  6.7566E+43  2.6337E+43  4.0032E+37  4.1229E+43
  7.9430E+00  6.8891E+43  3.3782E+43  3.0741E+37  3.5109E+43
  8.4140E+00  7.9689E+43  4.9936E+43  2.8362E+37  2.9752E+43
  8.9130E+00  8.9376E+43  6.4273E+43  2.7269E+37  2.5104E+43
  9.4410E+00  9.6912E+43  7.5811E+43  2.8240E+37  2.1101E+43
  1.0000E+01  8.1755E+43  6.4085E+43  2.0176E+37  1.7671E+43
  1.0590E+01  6.5406E+43  5.0648E+43  1.3272E+37  1.4758E+43
  1.1220E+01  5.0031E+43  3.7764E+43  7.7923E+36  1.2267E+43
  1.1890E+01  3.8785E+43  2.8625E+43  4.6523E+36  1.0159E+43
  1.2590E+01  3.0168E+43  2.1756E+43  2.7311E+36  8.4119E+42
  1.3340E+01  2.3781E+43  1.6849E+43  1.6010E+36  6.9319E+42
  1.4130E+01  1.9735E+43  1.4030E+43  9.6731E+35  5.7050E+42
  1.4960E+01  1.8445E+43  1.3753E+43  6.7020E+35  4.6919E+42
  1.5850E+01  1.7858E+43  1.4016E+43  4.9998E+35  3.8414E+42
  1.6790E+01  1.7434E+43  1.4293E+43  3.9105E+35  3.1409E+42
  1.7780E+01  1.6607E+43  1.4041E+43  3.0812E+35  2.5663E+42
  1.8840E+01  1.4999E+43  1.2911E+43  2.3157E+35  2.0888E+42
  1.9950E+01  1.2828E+43  1.1127E+43  1.6057E+35  1.7013E+42
  2.1130E+01  1.0835E+43  9.4527E+42  1.0662E+35  1.3827E+42
  2.2390E+01  9.2035E+42  8.0832E+42  7.0894E+34  1.1203E+42
  2.3710E+01  7.8523E+42  6.9436E+42  4.7136E+34  9.0864E+41
  2.5120E+01  6.6999E+42  5.9651E+42  3.1418E+34  7.3479E+41
  2.6610E+01  5.7022E+42  5.1083E+42  2.0855E+34  5.9383E+41
  2.8180E+01  4.8388E+42  4.3588E+42  1.3855E+34  4.7994E+41
  2.9850E+01  4.0782E+42  3.6910E+42  9.1759E+33  3.8717E+41
  3.1620E+01  3.4058E+42  3.0938E+42  6.0329E+33  3.1199E+41
  3.3500E+01  2.8143E+42  2.5633E+42  3.9359E+33  2.5106E+41
  3.5480E+01  2.3026E+42  2.1005E+42  2.5502E+33  2.0210E+41
  3.7580E+01  1.8609E+42  1.6984E+42  1.6360E+33  1.6253E+41
  3.9810E+01  1.4828E+42  1.3523E+42  1.0376E+33  1.3054E+41
  4.2170E+01  1.1677E+42  1.0629E+42  6.5139E+32  1.0479E+41
  4.4670E+01  9.0975E+41  8.2567E+41  4.0467E+32  8.4074E+40
  4.7320E+01  7.0221E+41  6.3481E+41  2.4923E+32  6.7400E+40
  5.0120E+01  5.3787E+41  4.8384E+41  1.5244E+32  5.4034E+40
  5.3090E+01  4.0898E+41  3.6570E+41  9.2637E+31  4.3282E+40
  5.6230E+01  3.0929E+41  2.7462E+41  5.6035E+31  3.4667E+40
  5.9570E+01  2.3250E+41  2.0478E+41  3.3724E+31  2.7728E+40
  6.3100E+01  1.7416E+41  1.5198E+41  2.0247E+31  2.2180E+40
  6.6830E+01  1.3009E+41  1.1234E+41  1.2136E+31  1.7744E+40
  7.0790E+01  9.6899E+40  8.2716E+40  7.2619E+30  1.4183E+40
  7.4990E+01  7.2008E+40  6.0679E+40  4.3412E+30  1.1329E+40
  7.9430E+01  5.3456E+40  4.4406E+40  2.5962E+30  9.0505E+39
  8.4140E+01  3.9639E+40  3.2414E+40  1.5526E+30  7.2256E+39
  8.9130E+01  2.9392E+40  2.3625E+40  9.2957E+29  5.7665E+39
  9.4410E+01  2.1796E+40  1.7194E+40  5.5734E+29  4.6021E+39
  1.0000E+02  1.6168E+40  1.2496E+40  3.3463E+29  3.6722E+39
  1.0590E+02  1.2012E+40  9.0806E+39  2.0147E+29  2.9317E+39
  1.1220E+02  8.9274E+39  6.5917E+39  1.2136E+29  2.3358E+39
  1.1890E+02  6.6498E+39  4.7908E+39  7.3280E+28  1.8590E+39
  1.2590E+02  4.9877E+39  3.5039E+39  4.4552E+28  1.4838E+39
  1.3340E+02  3.7500E+39  2.5689E+39  2.7168E+28  1.1811E+39
  1.4130E+02  2.8140E+39  1.8728E+39  1.6631E+28  9.4117E+38
  1.4960E+02  2.0939E+39  1.3427E+39  1.0135E+28  7.5121E+38
  1.5850E+02  1.5536E+39  9.5583E+38  6.1495E+27  5.9781E+38
  1.7780E+02  8.6786E+38  4.8844E+38  2.2893E+27  3.7942E+38
  1.9950E+02  4.9076E+38  2.5032E+38  8.6088E+26  2.4043E+38
  2.2390E+02  2.8038E+38  1.2822E+38  3.2647E+26  1.5216E+38
  2.5120E+02  1.6206E+38  6.5689E+37  1.2490E+26  9.6376E+37
  2.8180E+02  9.4658E+37  3.3614E+37  4.8127E+25  6.1043E+37
  3.1620E+02  5.5780E+37  1.7163E+37  1.8634E+25  3.8617E+37
  3.5480E+02  3.3173E+37  8.7524E+36  7.2481E+24  2.4421E+37
  3.9810E+02  1.9899E+37  4.4575E+36  2.8321E+24  1.5442E+37
  4.4670E+02  1.2027E+37  2.2671E+36  1.1103E+24  9.7603E+36
  5.0120E+02  7.3215E+36  1.1520E+36  4.3669E+23  6.1695E+36
  5.6230E+02  4.4854E+36  5.8504E+35  1.7218E+23  3.9003E+36
  6.3100E+02  2.7595E+36  2.9654E+35  6.7971E+22  2.4629E+36
  7.0790E+02  1.7071E+36  1.5033E+35  2.6906E+22  1.5568E+36
  7.9430E+02  1.0593E+36  7.6088E+34  1.0657E+22  9.8325E+35
  8.9130E+02  6.5924E+35  3.8469E+34  4.2243E+21  6.2077E+35
  1.0000E+03  4.1158E+35  1.9445E+34  1.6771E+21  3.9214E+35
