  1.0000E-03  8.8318E+44  0.0000E+00  6.5660E+42  8.7662E+44
  1.1220E-03  9.9167E+44  0.0000E+00  8.0921E+42  9.8357E+44
  1.2590E-03  1.1132E+45  0.0000E+00  9.5451E+42  1.1037E+45
  1.4130E-03  1.2495E+45  0.0000E+00  1.0843E+43  1.2387E+45
  1.5850E-03  1.4015E+45  0.0000E+00  1.2038E+43  1.3894E+45
  1.7780E-03  1.5735E+45  0.0000E+00  1.4942E+43  1.5586E+45
  1.9950E-03  1.7663E+45  0.0000E+00  1.7438E+43  1.7488E+45
  2.2390E-03  1.9810E+45  0.0000E+00  1.8260E+43  1.9627E+45
  2.5120E-03  2.2260E+45  0.0000E+00  2.3984E+43  2.2020E+45
  2.8180E-03  2.4977E+45  0.0000E+00  2.7469E+43  2.4702E+45
  3.1620E-03  2.8017E+45  0.0000E+00  2.9846E+43  2.7718E+45
  3.5480E-03  3.1419E+45  0.0000E+00  3.1563E+43  3.1103E+45
  3.9810E-03  3.5226E+45  0.0000E+00  3.2721E+43  3.4898E+45
  4.4670E-03  3.9782E+45  0.0000E+00  6.2351E+43  3.9158E+45
  5.0120E-03  4.4665E+45  0.0000E+00  7.2873E+43  4.3936E+45
  5.6230E-03  5.0109E+45  0.0000E+00  8.1668E+43  4.9292E+45
  5.9570E-03  5.3075E+45  0.0000E+00  8.5412E+43  5.2220E+45
  6.6830E-03  5.9505E+45  0.0000E+00  9.1932E+43  5.8585E+45
  7.4990E-03  6.6722E+45  0.0000E+00  9.8407E+43  6.5738E+45
  8.4140E-03  7.4803E+45  0.0000E+00  1.0447E+44  7.3758E+45
  9.4410E-03  8.3853E+45  0.0000E+00  1.0920E+44  8.2761E+45
  1.0590E-02  9.3936E+45  0.0000E+00  1.1030E+44  9.2833E+45
  1.1890E-02  1.0544E+46  0.0000E+00  1.2155E+44  1.0423E+46
  1.3340E-02  1.1820E+46  0.0000E+00  1.2630E+44  1.1694E+46
  1.4960E-02  1.3247E+46  0.0000E+00  1.3284E+44  1.3114E+46
  1.6790E-02  1.4856E+46  0.0000E+00  1.3798E+44  1.4718E+46
  1.8840E-02  1.6657E+46  0.0000E+00  1.4204E+44  1.6515E+46
  2.1130E-02  1.8673E+46  0.0000E+00  1.4911E+44  1.8524E+46
  2.3710E-02  2.0940E+46  0.0000E+00  1.5506E+44  2.0785E+46
  2.6610E-02  2.3487E+46  0.0000E+00  1.6022E+44  2.3326E+46
  2.9850E-02  2.6331E+46  1.2850E-82  1.6452E+44  2.6166E+46
  3.3500E-02  2.9535E+46  8.0723E-68  1.6801E+44  2.9367E+46
  3.7580E-02  3.3123E+46  1.0092E-54  1.8107E+44  3.2942E+46
  4.2170E-02  3.7175E+46  4.3136E-43  2.0762E+44  3.6967E+46
  4.7320E-02  4.1681E+46  1.0957E-32  1.9907E+44  4.1482E+46
  5.3090E-02  4.3386E+46  1.8890E-23  1.7356E+44  4.3212E+46
  6.6830E-02  4.1371E+46  5.9721E-08  1.0313E+44  4.1268E+46
  7.4990E-02  4.0409E+46  1.8218E-01  8.1054E+43  4.0328E+46
  8.4140E-02  3.9491E+46  9.8018E+04  8.1306E+43  3.9410E+46
  9.4410E-02  3.8596E+46  1.2050E+10  8.3270E+43  3.8513E+46
  1.0590E-01  3.5152E+46  3.6908E+14  9.6883E+43  3.5055E+46
  1.1890E-01  2.9577E+46  3.0877E+18  1.0982E+44  2.9467E+46
  1.3340E-01  2.4920E+46  6.7972E+21  1.2435E+44  2.4795E+46
  1.4960E-01  2.1002E+46  8.1783E+24  1.2349E+44  2.0878E+46
  1.5850E-01  1.9261E+46  2.4280E+26  1.1611E+44  1.9145E+46
  1.7780E-01  1.6204E+46  1.2160E+29  8.9254E+43  1.6114E+46
  1.9950E-01  1.3604E+46  3.2045E+31  4.6331E+43  1.3558E+46
  2.2390E-01  1.1435E+46  3.6732E+33  3.1456E+43  1.1403E+46
  2.3710E-01  1.0502E+46  2.5865E+34  3.7967E+43  1.0464E+46
  2.5120E-01  9.6407E+45  1.5691E+35  4.4863E+43  9.5958E+45
  2.6610E-01  8.8492E+45  8.7423E+35  4.7975E+43  8.8012E+45
  2.8180E-01  8.1243E+45  4.4174E+36  4.8259E+43  8.0761E+45
  2.9850E-01  7.4553E+45  2.0220E+37  4.7396E+43  7.4079E+45
  3.1620E-01  6.8410E+45  8.2984E+37  4.6337E+43  6.7947E+45
  3.3500E-01  6.2758E+45  3.1040E+38  4.4983E+43  6.2308E+45
  3.5480E-01  5.7597E+45  1.0611E+39  4.3263E+43  5.7165E+45
  3.7580E-01  5.2855E+45  3.3521E+39  4.1321E+43  5.2442E+45
  3.9810E-01  4.8492E+45  9.7417E+39  3.9413E+43  4.8097E+45
  4.2170E-01  4.4491E+45  2.6023E+40  3.7485E+43  4.4116E+45
  4.4670E-01  4.0824E+45  6.4387E+40  3.5689E+43  4.0466E+45
  4.7320E-01  3.7454E+45  1.4969E+41  3.3812E+43  3.7115E+45
  5.0120E-01  3.4370E+45  3.2780E+41  3.1844E+43  3.4048E+45
  5.3090E-01  3.1537E+45  6.7990E+41  2.9789E+43  3.1232E+45
  5.6230E-01  2.8943E+45  1.3330E+42  2.7811E+43  2.8651E+45
  5.9570E-01  2.6559E+45  2.4875E+42  2.5867E+43  2.6276E+45
  6.3100E-01  2.4387E+45  4.4151E+42  2.3956E+43  2.4103E+45
  6.6830E-01  2.2409E+45  7.4645E+42  2.2068E+43  2.2114E+45
  7.0790E-01  2.0608E+45  1.2070E+43  2.0294E+43  2.0284E+45
  7.4990E-01  1.8978E+45  1.8693E+43  1.8634E+43  1.8605E+45
  7.9430E-01  1.7514E+45  2.7769E+43  1.7067E+43  1.7066E+45
  8.4140E-01  1.6206E+45  3.9724E+43  1.5583E+43  1.5653E+45
  8.9130E-01  1.5048E+45  5.4888E+43  1.4168E+43  1.4357E+45
  9.4410E-01  1.4031E+45  7.3272E+43  1.2841E+43  1.3170E+45
  1.0000E+00  1.3144E+45  9.4701E+43  1.1610E+43  1.2081E+45
  1.0590E+00  1.2378E+45  1.1876E+44  1.0491E+43  1.1086E+45
  1.1220E+00  1.1714E+45  1.4545E+44  9.4540E+42  1.0165E+45
  1.1890E+00  1.1145E+45  1.7423E+44  8.4791E+42  9.3183E+44
  1.2590E+00  1.0664E+45  2.0361E+44  7.5450E+42  8.5520E+44
  1.3340E+00  1.0242E+45  2.3338E+44  6.6775E+42  7.8411E+44
  1.4130E+00  9.8686E+44  2.6169E+44  5.8953E+42  7.1927E+44
  1.4960E+00  9.5345E+44  2.8801E+44  5.1823E+42  6.6026E+44
  1.5850E+00  9.2293E+44  3.1297E+44  4.5221E+42  6.0543E+44
  1.6790E+00  8.9404E+44  3.3483E+44  3.9056E+42  5.5530E+44
  1.7780E+00  8.6565E+44  3.5275E+44  3.3288E+42  5.0957E+44
  1.8840E+00  8.3753E+44  3.6754E+44  2.7967E+42  4.6719E+44
  1.9950E+00  8.0931E+44  3.7825E+44  2.3147E+42  4.2875E+44
  2.1130E+00  7.8064E+44  3.8542E+44  1.8877E+42  3.9333E+44
  2.2390E+00  7.5101E+44  3.8889E+44  1.5178E+42  3.6061E+44
  2.3710E+00  7.2062E+44  3.8850E+44  1.2047E+42  3.3092E+44
  2.5120E+00  6.8968E+44  3.8529E+44  9.4605E+41  3.0344E+44
  2.6610E+00  6.5816E+44  3.7911E+44  7.3590E+41  2.7832E+44
  2.8180E+00  6.2597E+44  3.7002E+44  5.6737E+41  2.5538E+44
  2.9850E+00  5.9364E+44  3.5895E+44  4.3429E+41  2.3426E+44
  3.1620E+00  5.6118E+44  3.4598E+44  3.3022E+41  2.1487E+44
  3.3500E+00  5.3005E+44  3.3277E+44  2.5013E+41  1.9704E+44
  3.5480E+00  4.9893E+44  3.1796E+44  1.8837E+41  1.8078E+44
  3.7580E+00  4.6895E+44  3.0298E+44  1.4130E+41  1.6583E+44
  3.9810E+00  4.4023E+44  2.8803E+44  1.0561E+41  1.5210E+44
  4.2170E+00  4.1285E+44  2.7326E+44  7.8693E+40  1.3951E+44
  4.4670E+00  3.8692E+44  2.5890E+44  5.8458E+40  1.2796E+44
  4.7320E+00  3.6279E+44  2.4538E+44  4.3310E+40  1.1737E+44
  5.0120E+00  3.4073E+44  2.3278E+44  3.2049E+40  1.0791E+44
  5.3090E+00  3.1703E+44  2.2099E+44  2.3430E+40  9.6024E+43
  5.6230E+00  2.9494E+44  2.1012E+44  1.7060E+40  8.4805E+43
  5.9570E+00  2.7461E+44  2.0028E+44  1.2384E+40  7.4316E+43
  6.3100E+00  2.5443E+44  1.8972E+44  8.9090E+39  6.4710E+43
  6.6830E+00  2.3760E+44  1.8158E+44  6.4238E+39  5.6014E+43
  7.0790E+00  2.2071E+44  1.7251E+44  4.5705E+39  4.8190E+43
  7.4990E+00  2.1124E+44  1.7000E+44  3.3163E+39  4.1229E+43
  7.9430E+00  2.3233E+44  1.9721E+44  2.8062E+39  3.5109E+43
  8.4140E+00  2.8382E+44  2.5406E+44  2.8193E+39  2.9752E+43
  8.9130E+00  3.2532E+44  3.0021E+44  2.8161E+39  2.5104E+43
  9.4410E+00  3.5432E+44  3.3321E+44  2.9605E+39  2.1101E+43
  1.0000E+01  3.1101E+44  2.9334E+44  2.2273E+39  1.7671E+43
  1.0590E+01  2.6168E+44  2.4692E+44  1.5546E+39  1.4758E+43
  1.1220E+01  2.1260E+44  2.0033E+44  9.7051E+38  1.2267E+43
  1.1890E+01  1.7417E+44  1.6401E+44  6.0982E+38  1.0159E+43
  1.2590E+01  1.4336E+44  1.3495E+44  3.7522E+38  8.4119E+42
  1.3340E+01  1.1924E+44  1.1231E+44  2.2939E+38  6.9319E+42
  1.4130E+01  1.0360E+44  9.7898E+43  1.4419E+38  5.7050E+42
  1.4960E+01  9.9632E+43  9.4940E+43  1.0419E+38  4.6919E+42
  1.5850E+01  9.8448E+43  9.4606E+43  8.0874E+37  3.8414E+42
  1.6790E+01  9.7527E+43  9.4386E+43  6.5439E+37  3.1409E+42
  1.7780E+01  9.4297E+43  9.1731E+43  5.3189E+37  2.5663E+42
  1.8840E+01  8.7086E+43  8.4997E+43  4.1373E+37  2.0888E+42
  1.9950E+01  7.6800E+43  7.5098E+43  2.9831E+37  1.7013E+42
  2.1130E+01  6.6852E+43  6.5470E+43  2.0580E+37  1.3827E+42
  2.2390E+01  5.8245E+43  5.7125E+43  1.4170E+37  1.1203E+42
  2.3710E+01  5.0748E+43  4.9839E+43  9.7223E+36  9.0864E+41
  2.5120E+01  4.4025E+43  4.3290E+43  6.6638E+36  7.3479E+41
  2.6610E+01  3.7955E+43  3.7361E+43  4.5325E+36  5.9383E+41
  2.8180E+01  3.2505E+43  3.2026E+43  3.0739E+36  4.7994E+41
  2.9850E+01  2.7558E+43  2.7171E+43  2.0703E+36  3.8717E+41
  3.1620E+01  2.3089E+43  2.2777E+43  1.3794E+36  3.1199E+41
  3.3500E+01  1.9095E+43  1.8844E+43  9.0879E+35  2.5106E+41
  3.5480E+01  1.5602E+43  1.5400E+43  5.9256E+35  2.0210E+41
  3.7580E+01  1.2573E+43  1.2410E+43  3.8140E+35  1.6253E+41
  3.9810E+01  9.9774E+42  9.8468E+42  2.4205E+35  1.3054E+41
  4.2170E+01  7.8165E+42  7.7117E+42  1.5164E+35  1.0479E+41
  4.4670E+01  6.0519E+42  5.9679E+42  9.3760E+34  8.4074E+40
  4.7320E+01  4.6377E+42  4.5703E+42  5.7330E+34  6.7400E+40
  5.0120E+01  3.5232E+42  3.4692E+42  3.4724E+34  5.4034E+40
  5.3090E+01  2.6542E+42  2.6109E+42  2.0843E+34  4.3282E+40
  5.6230E+01  1.9866E+42  1.9520E+42  1.2422E+34  3.4667E+40
  5.9570E+01  1.4766E+42  1.4489E+42  7.3470E+33  2.7728E+40
  6.3100E+01  1.0925E+42  1.0704E+42  4.3243E+33  2.2180E+40
  6.6830E+01  8.0525E+41  7.8751E+41  2.5348E+33  1.7744E+40
  7.0790E+01  5.9128E+41  5.7710E+41  1.4799E+33  1.4183E+40
  7.4990E+01  4.3270E+41  4.2137E+41  8.6107E+32  1.1329E+40
  7.9430E+01  3.1600E+41  3.0695E+41  5.0005E+32  9.0505E+39
  8.4140E+01  2.3026E+41  2.2304E+41  2.8971E+32  7.2256E+39
  8.9130E+01  1.6761E+41  1.6184E+41  1.6772E+32  5.7665E+39
  9.4410E+01  1.2189E+41  1.1729E+41  9.7021E+31  4.6021E+39
  1.0000E+02  8.8560E+40  8.4888E+40  5.6085E+31  3.6722E+39
  1.0590E+02  6.4379E+40  6.1447E+40  3.2454E+31  2.9317E+39
  1.1220E+02  4.6777E+40  4.4441E+40  1.8767E+31  2.3358E+39
  1.1890E+02  3.4053E+40  3.2194E+40  1.0876E+31  1.8590E+39
  1.2590E+02  2.4969E+40  2.3485E+40  6.3509E+30  1.4838E+39
  1.3340E+02  1.8368E+40  1.7187E+40  3.7258E+30  1.1811E+39
  1.4130E+02  1.3441E+40  1.2499E+40  2.1837E+30  9.4117E+38
  1.4960E+02  9.6739E+39  8.9227E+39  1.2598E+30  7.5121E+38
  1.5850E+02  6.9223E+39  6.3245E+39  7.2126E+29  5.9781E+38
  1.7780E+02  3.5902E+39  3.2107E+39  2.3944E+29  3.7942E+38
  1.9950E+02  1.8774E+39  1.6369E+39  8.0353E+28  2.4043E+38
  2.2390E+02  9.8687E+38  8.3471E+38  2.7204E+28  1.5216E+38
  2.5120E+02  5.2233E+38  4.2596E+38  9.3051E+27  9.6376E+37
  2.8180E+02  2.7826E+38  2.1722E+38  3.2147E+27  6.1043E+37
  3.1620E+02  1.4918E+38  1.1057E+38  1.1212E+27  3.8617E+37
  3.5480E+02  8.0651E+37  5.6230E+37  3.9528E+26  2.4421E+37
  3.9810E+02  4.4011E+37  2.8569E+37  1.4100E+26  1.5442E+37
  4.4670E+02  2.4260E+37  1.4500E+37  5.0872E+25  9.7603E+36
  5.0120E+02  1.3524E+37  7.3545E+36  1.8571E+25  6.1695E+36
  5.6230E+02  7.6292E+36  3.7289E+36  6.8555E+24  3.9003E+36
  6.3100E+02  4.3503E+36  1.8874E+36  2.5553E+24  2.4629E+36
  7.0790E+02  2.5125E+36  9.5566E+35  9.6275E+23  1.5568E+36
  7.9430E+02  1.4664E+36  4.8320E+35  3.6561E+23  9.8325E+35
  8.9130E+02  8.6485E+35  2.4408E+35  1.3987E+23  6.2077E+35
  1.0000E+03  5.1541E+35  1.2328E+35  5.3912E+22  3.9214E+35
