  1.0000E-03  9.6957E+44  0.0000E+00  9.2953E+43  8.7662E+44
  1.1220E-03  1.1017E+45  0.0000E+00  1.1813E+44  9.8357E+44
  1.2590E-03  1.2462E+45  0.0000E+00  1.4249E+44  1.1037E+45
  1.4130E-03  1.4032E+45  0.0000E+00  1.6452E+44  1.2387E+45
  1.5850E-03  1.5754E+45  0.0000E+00  1.8594E+44  1.3894E+45
  1.7780E-03  1.8005E+45  0.0000E+00  2.4188E+44  1.5586E+45
  1.9950E-03  2.0363E+45  0.0000E+00  2.8751E+44  1.7488E+45
  2.2390E-03  2.2682E+45  0.0000E+00  3.0547E+44  1.9627E+45
  2.5120E-03  2.6319E+45  0.0000E+00  4.2989E+44  2.2020E+45
  2.8180E-03  2.9680E+45  0.0000E+00  4.9773E+44  2.4702E+45
  3.1620E-03  3.3152E+45  0.0000E+00  5.4336E+44  2.7718E+45
  3.5480E-03  3.6847E+45  0.0000E+00  5.7446E+44  3.1103E+45
  3.9810E-03  4.0822E+45  0.0000E+00  5.9236E+44  3.4898E+45
  4.4670E-03  4.8089E+45  0.0000E+00  8.9308E+44  3.9158E+45
  5.0120E-03  5.5128E+45  0.0000E+00  1.1192E+45  4.3936E+45
  5.6230E-03  6.2715E+45  0.0000E+00  1.3422E+45  4.9292E+45
  5.9570E-03  6.6707E+45  0.0000E+00  1.4487E+45  5.2220E+45
  6.6830E-03  7.5050E+45  0.0000E+00  1.6465E+45  5.8585E+45
  7.4990E-03  8.4344E+45  0.0000E+00  1.8606E+45  6.5738E+45
  8.4140E-03  9.4342E+45  0.0000E+00  2.0583E+45  7.3758E+45
  9.4410E-03  1.0507E+46  0.0000E+00  2.2313E+45  8.2761E+45
  1.0590E-02  1.1614E+46  0.0000E+00  2.3302E+45  9.2833E+45
  1.1890E-02  1.3114E+46  0.0000E+00  2.6909E+45  1.0423E+46
  1.3340E-02  1.4584E+46  0.0000E+00  2.8904E+45  1.1694E+46
  1.4960E-02  1.6262E+46  0.0000E+00  3.1483E+45  1.3114E+46
  1.6790E-02  1.8098E+46  0.0000E+00  3.3791E+45  1.4718E+46
  1.8840E-02  2.0109E+46  0.0000E+00  3.5933E+45  1.6515E+46
  2.1130E-02  2.2440E+46  0.0000E+00  3.9168E+45  1.8524E+46
  2.3710E-02  2.5005E+46  0.0000E+00  4.2204E+45  2.0785E+46
  2.6610E-02  2.7847E+46  0.0000E+00  4.5203E+45  2.3326E+46
  2.9850E-02  3.0987E+46  5.8388E-83  4.8202E+45  2.6166E+46
  3.3500E-02  3.4481E+46  3.7796E-68  5.1141E+45  2.9367E+46
  3.7580E-02  3.8433E+46  4.7447E-55  5.4902E+45  3.2942E+46
  4.2170E-02  4.3691E+46  2.0838E-43  6.7245E+45  3.6967E+46
  4.7320E-02  4.8697E+46  5.6679E-33  7.2147E+45  4.1482E+46
  5.3090E-02  5.0272E+46  1.0516E-23  7.0596E+45  4.3212E+46
  6.6830E-02  4.6624E+46  4.1293E-08  5.3555E+45  4.1268E+46
  7.4990E-02  4.4667E+46  1.4267E-01  4.3384E+45  4.0328E+46
  8.4140E-02  4.3693E+46  7.4099E+04  4.2833E+45  3.9410E+46
  9.4410E-02  4.2839E+46  8.8311E+09  4.3269E+45  3.8513E+46
  1.0590E-01  3.9677E+46  2.4235E+14  4.6218E+45  3.5055E+46
  1.1890E-01  3.3735E+46  1.7331E+18  4.2673E+45  2.9467E+46
  1.3340E-01  2.8660E+46  3.3240E+21  3.8640E+45  2.4795E+46
  1.4960E-01  2.3961E+46  3.6480E+24  3.0821E+45  2.0878E+46
  1.5850E-01  2.1940E+46  1.0686E+26  2.7952E+45  1.9145E+46
  1.7780E-01  1.8641E+46  5.6630E+28  2.5265E+45  1.6114E+46
  1.9950E-01  1.5494E+46  1.7754E+31  1.9363E+45  1.3558E+46
  2.2390E-01  1.3022E+46  2.2667E+33  1.6184E+45  1.1403E+46
  2.3710E-01  1.2250E+46  1.4757E+34  1.7858E+45  1.0464E+46
  2.5120E-01  1.1463E+46  8.1811E+34  1.8675E+45  9.5958E+45
  2.6610E-01  1.0618E+46  4.2827E+35  1.8168E+45  8.8012E+45
  2.8180E-01  9.7803E+45  2.0714E+36  1.7043E+45  8.0761E+45
  2.9850E-01  8.9930E+45  9.1638E+36  1.5851E+45  7.4079E+45
  3.1620E-01  8.2745E+45  3.6488E+37  1.4799E+45  6.7947E+45
  3.3500E-01  7.6102E+45  1.3282E+38  1.3794E+45  6.2308E+45
  3.5480E-01  6.9969E+45  4.4336E+38  1.2804E+45  5.7165E+45
  3.7580E-01  6.4302E+45  1.3701E+39  1.1861E+45  5.2442E+45
  3.9810E-01  5.9092E+45  3.9017E+39  1.0994E+45  4.8097E+45
  4.2170E-01  5.4295E+45  1.0210E+40  1.0179E+45  4.4116E+45
  4.4670E-01  4.9913E+45  2.4770E+40  9.4468E+44  4.0466E+45
  4.7320E-01  4.5852E+45  5.6547E+40  8.7366E+44  3.7115E+45
  5.0120E-01  4.2092E+45  1.2183E+41  8.0430E+44  3.4048E+45
  5.3090E-01  3.8603E+45  2.4905E+41  7.3684E+44  3.1232E+45
  5.6230E-01  3.5402E+45  4.8266E+41  6.7457E+44  2.8651E+45
  5.9570E-01  3.2442E+45  8.9289E+41  6.1578E+44  2.6276E+45
  6.3100E-01  2.9717E+45  1.5754E+42  5.5976E+44  2.4103E+45
  6.6830E-01  2.7202E+45  2.6565E+42  5.0617E+44  2.2114E+45
  7.0790E-01  2.4890E+45  4.2992E+42  4.5629E+44  2.0284E+45
  7.4990E-01  2.2770E+45  6.6930E+42  4.0981E+44  1.8605E+45
  7.9430E-01  2.0825E+45  1.0036E+43  3.6589E+44  1.7066E+45
  8.4140E-01  1.9046E+45  1.4565E+43  3.2470E+44  1.5653E+45
  8.9130E-01  1.7419E+45  2.0509E+43  2.8563E+44  1.4357E+45
  9.4410E-01  1.5948E+45  2.8068E+43  2.4975E+44  1.3170E+45
  1.0000E+00  1.4629E+45  3.7446E+43  2.1735E+44  1.2081E+45
  1.0590E+00  1.3459E+45  4.8784E+43  1.8855E+44  1.1086E+45
  1.1220E+00  1.2417E+45  6.2475E+43  1.6266E+44  1.0165E+45
  1.1890E+00  1.1500E+45  7.8739E+43  1.3938E+44  9.3183E+44
  1.2590E+00  1.0709E+45  9.7236E+43  1.1844E+44  8.5520E+44
  1.3340E+00  1.0030E+45  1.1855E+44  1.0032E+44  7.8411E+44
  1.4130E+00  9.4657E+44  1.4209E+44  8.5205E+43  7.1927E+44
  1.4960E+00  9.0045E+44  1.6773E+44  7.2466E+43  6.6026E+44
  1.5850E+00  8.6319E+44  1.9623E+44  6.1523E+43  6.0543E+44
  1.6790E+00  8.3369E+44  2.2636E+44  5.2023E+43  5.5530E+44
  1.7780E+00  8.1049E+44  2.5723E+44  4.3691E+43  5.0957E+44
  1.8840E+00  7.9296E+44  2.8937E+44  3.6403E+43  4.6719E+44
  1.9950E+00  7.7973E+44  3.2093E+44  3.0053E+43  4.2875E+44
  2.1130E+00  7.6984E+44  3.5192E+44  2.4587E+43  3.9333E+44
  2.2390E+00  7.6200E+44  3.8146E+44  1.9935E+43  3.6061E+44
  2.3710E+00  7.5477E+44  4.0784E+44  1.6016E+43  3.3092E+44
  2.5120E+00  7.4778E+44  4.3156E+44  1.2776E+43  3.0344E+44
  2.6610E+00  7.3974E+44  4.5130E+44  1.0118E+43  2.7832E+44
  2.8180E+00  7.2937E+44  4.6604E+44  7.9515E+42  2.5538E+44
  2.9850E+00  7.1673E+44  4.7625E+44  6.2080E+42  2.3426E+44
  3.1620E+00  7.0106E+44  4.8138E+44  4.8135E+42  2.1487E+44
  3.3500E+00  6.8398E+44  4.8322E+44  3.7169E+42  1.9704E+44
  3.5480E+00  6.6270E+44  4.7908E+44  2.8473E+42  1.8078E+44
  3.7580E+00  6.3914E+44  4.7113E+44  2.1688E+42  1.6583E+44
  3.9810E+00  6.1351E+44  4.5977E+44  1.6429E+42  1.5210E+44
  4.2170E+00  5.8587E+44  4.4512E+44  1.2375E+42  1.3951E+44
  4.4670E+00  5.5670E+44  4.2781E+44  9.2696E+41  1.2796E+44
  4.7320E+00  5.2715E+44  4.0910E+44  6.9107E+41  1.1737E+44
  5.0120E+00  4.9797E+44  3.8954E+44  5.1348E+41  1.0791E+44
  5.3090E+00  4.6586E+44  3.6945E+44  3.7754E+41  9.6024E+43
  5.6230E+00  4.3470E+44  3.4962E+44  2.7638E+41  8.4805E+43
  5.9570E+00  4.0527E+44  3.3076E+44  2.0179E+41  7.4316E+43
  6.3100E+00  3.7462E+44  3.0977E+44  1.4575E+41  6.4710E+43
  6.6830E+00  3.4858E+44  2.9246E+44  1.0559E+41  5.6014E+43
  7.0790E+00  3.2160E+44  2.7333E+44  7.5354E+40  4.8190E+43
  7.4990E+00  3.1491E+44  2.7362E+44  5.6469E+40  4.1229E+43
  7.9430E+00  3.9819E+44  3.6302E+44  5.5032E+40  3.5109E+43
  8.4140E+00  5.7747E+44  5.4766E+44  6.5663E+40  2.9752E+43
  8.9130E+00  7.3263E+44  7.0745E+44  7.3015E+40  2.5104E+43
  9.4410E+00  8.5313E+44  8.3194E+44  8.2653E+40  2.1101E+43
  1.0000E+01  7.2241E+44  7.0467E+44  6.0431E+40  1.7671E+43
  1.0590E+01  5.7303E+44  5.5823E+44  4.0160E+40  1.4758E+43
  1.1220E+01  4.2903E+44  4.1674E+44  2.3439E+40  1.2267E+43
  1.1890E+01  3.2585E+44  3.1567E+44  1.3880E+40  1.0159E+43
  1.2590E+01  2.4761E+44  2.3919E+44  8.0416E+39  8.4119E+42
  1.3340E+01  1.9127E+44  1.8433E+44  4.6610E+39  6.9319E+42
  1.4130E+01  1.5837E+44  1.5266E+44  2.8419E+39  5.7050E+42
  1.4960E+01  1.5378E+44  1.4908E+44  2.0926E+39  4.6919E+42
  1.5850E+01  1.5509E+44  1.5125E+44  1.6708E+39  3.8414E+42
  1.6790E+01  1.5646E+44  1.5332E+44  1.3883E+39  3.1409E+42
  1.7780E+01  1.5210E+44  1.4954E+44  1.1461E+39  2.5663E+42
  1.8840E+01  1.3851E+44  1.3642E+44  8.9014E+38  2.0888E+42
  1.9950E+01  1.1831E+44  1.1661E+44  6.3053E+38  1.7013E+42
  2.1130E+01  9.9575E+43  9.8191E+43  4.2648E+38  1.3827E+42
  2.2390E+01  8.4301E+43  8.3180E+43  2.8901E+38  1.1203E+42
  2.3710E+01  7.1677E+43  7.0768E+43  1.9574E+38  9.0864E+41
  2.5120E+01  6.0939E+43  6.0204E+43  1.3283E+38  7.3479E+41
  2.6610E+01  5.1651E+43  5.1057E+43  8.9634E+37  5.9383E+41
  2.8180E+01  4.3636E+43  4.3156E+43  6.0434E+37  4.7994E+41
  2.9850E+01  3.6597E+43  3.6210E+43  4.0538E+37  3.8717E+41
  3.1620E+01  3.0397E+43  3.0085E+43  2.6932E+37  3.1199E+41
  3.3500E+01  2.4970E+43  2.4719E+43  1.7711E+37  2.5106E+41
  3.5480E+01  2.0302E+43  2.0100E+43  1.1537E+37  2.0210E+41
  3.7580E+01  1.6297E+43  1.6134E+43  7.4213E+36  1.6253E+41
  3.9810E+01  1.2888E+43  1.2757E+43  4.7066E+36  1.3054E+41
  4.2170E+01  1.0067E+43  9.9623E+42  2.9466E+36  1.0479E+41
  4.4670E+01  7.7751E+42  7.6910E+42  1.8208E+36  8.4074E+40
  4.7320E+01  5.9460E+42  5.8786E+42  1.1127E+36  6.7400E+40
  5.0120E+01  4.5097E+42  4.4557E+42  6.7360E+35  5.4034E+40
  5.3090E+01  3.3933E+42  3.3500E+42  4.0418E+35  4.3282E+40
  5.6230E+01  2.5377E+42  2.5031E+42  2.4081E+35  3.4667E+40
  5.9570E+01  1.8852E+42  1.8575E+42  1.4240E+35  2.7728E+40
  6.3100E+01  1.3945E+42  1.3724E+42  8.3794E+34  2.2180E+40
  6.6830E+01  1.0278E+42  1.0100E+42  4.9103E+34  1.7744E+40
  7.0790E+01  7.5478E+41  7.4060E+41  2.8659E+34  1.4183E+40
  7.4990E+01  5.5247E+41  5.4114E+41  1.6667E+34  1.1329E+40
  7.9430E+01  4.0359E+41  3.9454E+41  9.6730E+33  9.0505E+39
  8.4140E+01  2.9419E+41  2.8696E+41  5.5995E+33  7.2256E+39
  8.9130E+01  2.1422E+41  2.0845E+41  3.2380E+33  5.7665E+39
  9.4410E+01  1.5582E+41  1.5122E+41  1.8704E+33  4.6021E+39
  1.0000E+02  1.1323E+41  1.0956E+41  1.0792E+33  3.6722E+39
  1.0590E+02  8.2319E+40  7.9387E+40  6.2312E+32  2.9317E+39
  1.1220E+02  5.9802E+40  5.7466E+40  3.5938E+32  2.3358E+39
  1.1890E+02  4.3512E+40  4.1653E+40  2.0761E+32  1.8590E+39
  1.2590E+02  3.1868E+40  3.0384E+40  1.2075E+32  1.4838E+39
  1.3340E+02  2.3399E+40  2.2218E+40  7.0515E+31  1.1811E+39
  1.4130E+02  1.7101E+40  1.6160E+40  4.1136E+31  9.4117E+38
  1.4960E+02  1.2316E+40  1.1564E+40  2.3628E+31  7.5121E+38
  1.5850E+02  8.8156E+39  8.2178E+39  1.3456E+31  5.9781E+38
  1.7780E+02  4.5647E+39  4.1852E+39  4.4051E+30  3.7942E+38
  1.9950E+02  2.3786E+39  2.1382E+39  1.4527E+30  2.4043E+38
  2.2390E+02  1.2443E+39  1.0921E+39  4.8170E+29  1.5216E+38
  2.5120E+02  6.5447E+38  5.5809E+38  1.6081E+29  9.6376E+37
  2.8180E+02  3.4599E+38  2.8495E+38  5.4043E+28  6.1043E+37
  3.1620E+02  1.8381E+38  1.4520E+38  1.8278E+28  3.8617E+37
  3.5480E+02  9.8332E+37  7.3911E+37  6.2313E+27  2.4421E+37
  3.9810E+02  5.3024E+37  3.7582E+37  2.1448E+27  1.5442E+37
  4.4670E+02  2.8848E+37  1.9087E+37  7.4569E+26  9.7603E+36
  5.0120E+02  1.5856E+37  9.6869E+36  2.6218E+26  6.1695E+36
  5.6230E+02  8.8140E+36  4.9137E+36  9.3256E+25  3.9003E+36
  6.3100E+02  4.9510E+36  2.4880E+36  3.3537E+25  2.4629E+36
  7.0790E+02  2.8170E+36  1.2602E+36  1.2215E+25  1.5568E+36
  7.9430E+02  1.6206E+36  6.3730E+35  4.4964E+24  9.8325E+35
  8.9130E+02  9.4275E+35  3.2198E+35  1.6724E+24  6.2077E+35
  1.0000E+03  5.5478E+35  1.6265E+35  6.2866E+23  3.9214E+35
