  1.0000E-03  3.3090E+42  0.0000E+00  3.1855E+42  1.2353E+41
  1.1220E-03  9.0888E+41  0.0000E+00  8.9417E+41  1.4714E+40
  1.2590E-03  2.2183E+41  0.0000E+00  2.2030E+41  1.5213E+39
  1.4130E-03  4.9184E+40  0.0000E+00  4.9042E+40  1.4172E+38
  1.5850E-03  1.4272E+40  0.0000E+00  1.4253E+40  1.9184E+37
  1.7780E-03  1.9835E+40  0.0000E+00  1.9824E+40  1.0405E+37
  1.9950E-03  2.7182E+39  0.0000E+00  2.7181E+39  1.8456E+35
  2.2390E-03  4.2345E+38  0.0000E+00  4.2344E+38  8.6752E+33
  2.5120E-03  7.1382E+38  0.0000E+00  7.1382E+38  2.4088E+33
  2.8180E-03  5.8260E+37  0.0000E+00  5.8260E+37  7.3416E+30
  3.1620E-03  5.6450E+36  0.0000E+00  5.6450E+36  4.1040E+28
  3.5480E-03  6.1194E+35  0.0000E+00  6.1194E+35  3.1272E+26
  3.9810E-03  7.8542E+34  0.0000E+00  7.8542E+34  3.7718E+24
  4.4670E-03  1.3028E+39  0.0000E+00  1.3028E+39  2.7495E+32
  5.0120E-03  1.2868E+38  0.0000E+00  1.2868E+38  5.2887E+29
  5.6230E-03  1.2768E+37  0.0000E+00  1.2768E+37  1.0746E+27
  5.9570E-03  4.2066E+36  0.0000E+00  4.2066E+36  5.5604E+25
  6.6830E-03  5.7464E+35  0.0000E+00  5.7464E+35  2.8250E+23
  7.4990E-03  1.2723E+35  0.0000E+00  1.2723E+35  4.3805E+21
  8.4140E-03  2.0438E+34  0.0000E+00  2.0438E+34  3.0654E+19
  9.4410E-03  4.4534E+33  0.0000E+00  4.4534E+33  5.7651E+17
  1.0590E-02  1.7509E+33  0.0000E+00  1.7509E+33  9.5519E+16
  1.1890E-02  4.6035E+32  0.0000E+00  4.6035E+32  1.0657E+15
  1.3340E-02  1.2758E+32  0.0000E+00  1.2758E+32  3.7082E+13
  1.4960E-02  2.8648E+31  0.0000E+00  2.8648E+31  5.1766E+11
  1.6790E-02  6.9211E+30  0.0000E+00  6.9211E+30  1.0693E+10
  1.8840E-02  1.9089E+30  0.0000E+00  1.9089E+30  3.6583E+08
  2.1130E-02  5.2286E+29  0.0000E+00  5.2286E+29  8.0554E+06
  2.3710E-02  1.3058E+29  0.0000E+00  1.3058E+29  1.5144E+05
  2.6610E-02  2.8620E+28  0.0000E+00  2.8620E+28  1.9675E+03
  2.9850E-02  6.3496E+27  0.0000E+00  6.3496E+27  2.7365E+01
  3.3500E-02  1.3454E+27  0.0000E+00  1.3454E+27  3.5391E-01
  3.7580E-02  8.0700E+26  0.0000E+00  8.0700E+26  1.2073E-01
  4.2170E-02  4.4131E+26  0.0000E+00  4.4131E+26  1.4791E-03
  4.7320E-02  1.8965E+25  6.2507E-86  1.8965E+25  4.1070E-08
  5.3090E-02  3.8721E+23  3.4443E-82  3.8721E+23  1.3265E-13
  6.6830E-02  9.7990E+16  2.0464E-88  9.7990E+16  2.1837E-35
  7.4990E-02  5.2161E+12  0.0000E+00  5.2161E+12  2.7767E-49
  8.4140E-02  4.0733E+13  1.1501E-86  4.0733E+13  7.4820E-46
  9.4410E-02  2.1609E+14  3.0485E-79  2.1609E+14  1.7816E-43
  1.0590E-01  2.6304E+17  3.5682E-65  2.6304E+17  7.9654E-34
  1.1890E-01  3.0492E+20  2.8979E-50  3.0492E+20  6.7056E-23
  1.3340E-01  5.9851E+22  6.8831E-39  5.9851E+22  5.3000E-15
  1.4960E-01  1.0607E+24  1.0871E-30  1.0607E+24  6.0765E-10
  1.5850E-01  1.7187E+24  2.7267E-28  1.7187E+24  4.8760E-09
  1.7780E-01  5.9171E+23  3.9021E-27  5.9171E+23  1.1946E-10
  1.9950E-01  5.8870E+20  6.8807E-34  5.8870E+20  6.5864E-20
  2.2390E-01  1.5092E+19  2.1849E-37  1.5092E+19  1.5534E-25
  2.3710E-01  3.5231E+21  1.1407E-29  3.5231E+21  1.0297E-18
  2.5120E-01  7.1904E+23  1.0394E-21  7.1904E+23  1.3368E-11
  2.6610E-01  2.2223E+25  4.3050E-16  2.2223E+25  8.6864E-07
  2.8180E-01  2.4266E+26  7.3232E-12  2.4266E+26  2.5784E-03
  2.9850E-01  1.6090E+27  2.0597E-08  1.6090E+27  1.4047E+00
  3.1620E-01  9.2786E+27  2.6826E-05  9.2786E+27  3.9726E+02
  3.3500E-01  4.7311E+28  1.9734E-02  4.7311E+28  7.0060E+04
  3.5480E-01  2.0410E+29  7.6358E+00  2.0410E+29  7.1610E+06
  3.7580E-01  8.7133E+29  2.5329E+03  8.7133E+29  6.7971E+08
  3.9810E-01  3.3546E+30  5.1278E+05  3.3546E+30  4.2878E+10
  4.2170E-01  1.4576E+31  1.3116E+08  1.4576E+31  3.7106E+12
  4.4670E-01  6.2231E+31  2.6173E+10  6.2231E+31  2.7081E+14
  4.7320E-01  2.5883E+32  4.3990E+12  2.5883E+32  1.7730E+16
  5.0120E-01  1.0263E+33  5.9650E+14  1.0263E+33  9.9449E+17
  5.3090E-01  4.1309E+33  7.8372E+16  4.1309E+33  5.6949E+19
  5.6230E-01  1.5226E+34  6.9252E+18  1.5226E+34  2.3221E+21
  5.9570E-01  5.3469E+34  4.7401E+20  5.3469E+34  7.7010E+22
  6.3100E-01  1.8613E+35  2.8369E+22  1.8613E+35  2.3458E+24
  6.6830E-01  6.4103E+35  1.4778E+24  6.4103E+35  6.5209E+25
  7.0790E-01  2.1926E+36  6.4518E+25  2.1926E+36  1.5873E+27
  7.4990E-01  7.1421E+36  2.1471E+27  7.1421E+36  3.0763E+28
  7.9430E-01  2.2721E+37  6.0519E+28  2.2721E+37  5.2642E+29
  8.4140E-01  7.0848E+37  1.4832E+30  7.0848E+37  8.1297E+30
  8.9130E-01  2.2190E+38  3.4930E+31  2.2190E+38  1.2474E+32
  9.4410E-01  6.6333E+38  6.9135E+32  6.6333E+38  1.6657E+33
  1.0000E+00  1.8184E+39  1.0599E+34  1.8183E+39  1.7824E+34
  1.0590E+00  4.6292E+39  1.2970E+35  4.6289E+39  1.5724E+35
  1.1220E+00  1.1077E+40  1.3316E+36  1.1075E+40  1.1935E+36
  1.1890E+00  2.5016E+40  1.1759E+37  2.4997E+40  7.9815E+36
  1.2590E+00  5.3979E+40  9.2280E+37  5.3838E+40  4.8755E+37
  1.3340E+00  1.1146E+41  6.0579E+38  1.1060E+41  2.5458E+38
  1.4130E+00  2.1988E+41  3.2044E+39  2.1558E+41  1.0998E+39
  1.4960E+00  4.2273E+41  1.4201E+40  4.0446E+41  4.0736E+39
  1.5850E+00  8.1053E+41  5.4848E+40  7.4232E+41  1.3361E+40
  1.6790E+00  1.5707E+42  1.8822E+41  1.3427E+42  3.9697E+40
  1.7780E+00  3.0646E+42  5.7698E+41  2.3803E+42  1.0738E+41
  1.8840E+00  5.9316E+42  1.5820E+42  4.0860E+42  2.6354E+41
  1.9950E+00  1.1146E+43  3.8748E+42  6.6842E+42  5.8739E+41
  2.1130E+00  1.9985E+43  8.5021E+42  1.0295E+43  1.1883E+42
  2.2390E+00  3.3792E+43  1.6793E+43  1.4808E+43  2.1907E+42
  2.3710E+00  5.3542E+43  3.0035E+43  1.9802E+43  3.7048E+42
  2.5120E+00  7.9592E+43  4.9121E+43  2.4691E+43  5.7802E+42
  2.6610E+00  1.1143E+44  7.4187E+43  2.8836E+43  8.4086E+42
  2.8180E+00  1.4784E+44  1.0457E+44  3.1746E+43  1.1522E+43
  2.9850E+00  1.8695E+44  1.3882E+44  3.3156E+43  1.4971E+43
  3.1620E+00  2.2680E+44  1.7510E+44  3.3082E+43  1.8615E+43
  3.3500E+00  2.6458E+44  2.1081E+44  3.1601E+43  2.2165E+43
  3.5480E+00  2.9959E+44  2.4475E+44  2.9198E+43  2.5635E+43
  3.7580E+00  3.2980E+44  2.7488E+44  2.6126E+43  2.8794E+43
  3.9810E+00  3.5412E+44  2.9985E+44  2.2722E+43  3.1545E+43
  4.2170E+00  3.7207E+44  3.1896E+44  1.9277E+43  3.3838E+43
  4.4670E+00  3.8354E+44  3.3190E+44  1.5996E+43  3.5646E+43
  4.7320E+00  3.8823E+44  3.3834E+44  1.2985E+43  3.6904E+43
  5.0120E+00  3.8671E+44  3.3866E+44  1.0339E+43  3.7714E+43
  5.3090E+00  3.7807E+44  3.3323E+44  8.0573E+42  3.6783E+43
  5.6230E+00  3.6420E+44  3.2289E+44  6.1638E+42  3.5142E+43
  5.9570E+00  3.4613E+44  3.0860E+44  4.6349E+42  3.2899E+43
  6.3100E+00  3.2498E+44  2.9114E+44  3.4312E+42  3.0407E+43
  6.6830E+00  3.0443E+44  2.7424E+44  2.5217E+42  2.7664E+43
  7.0790E+00  2.8249E+44  2.5575E+44  1.8225E+42  2.4914E+43
  7.4990E+00  2.5098E+44  2.2882E+44  1.2371E+42  2.0920E+43
  7.9430E+00  1.8400E+44  1.7041E+44  6.7414E+41  1.2916E+43
  8.4140E+00  1.0249E+44  9.6824E+43  2.9076E+41  5.3775E+42
  8.9130E+00  5.5158E+43  5.2840E+43  1.3184E+41  2.1865E+42
  9.4410E+00  2.9991E+43  2.9018E+43  6.8333E+40  9.0518E+41
  1.0000E+01  3.6395E+43  3.5269E+43  7.1996E+40  1.0538E+42
  1.0590E+01  4.8539E+43  4.7040E+43  8.1644E+40  1.4173E+42
  1.1220E+01  6.5453E+43  6.3366E+43  8.8129E+40  1.9990E+42
  1.1890E+01  7.7268E+43  7.4750E+43  8.3246E+40  2.4346E+42
  1.2590E+01  8.5818E+43  8.2984E+43  7.2322E+40  2.7621E+42
  1.3340E+01  8.9294E+43  8.6363E+43  5.7680E+40  2.8729E+42
  1.4130E+01  8.7721E+43  8.5012E+43  4.2137E+40  2.6666E+42
  1.4960E+01  8.1464E+43  7.9371E+43  2.9228E+40  2.0634E+42
  1.5850E+01  7.5387E+43  7.3860E+43  2.0874E+40  1.5062E+42
  1.6790E+01  7.0591E+43  6.9494E+43  1.5595E+40  1.0816E+42
  1.7780E+01  6.8221E+43  6.7400E+43  1.2405E+40  8.0829E+41
  1.8840E+01  6.8886E+43  6.8216E+43  1.0442E+40  6.5933E+41
  1.9950E+01  7.1692E+43  7.1092E+43  8.9247E+39  5.9062E+41
  2.1130E+01  7.4555E+43  7.4015E+43  7.4051E+39  5.3341E+41
  2.2390E+01  7.6935E+43  7.6458E+43  6.0550E+39  4.7096E+41
  2.3710E+01  7.8842E+43  7.8426E+43  4.8866E+39  4.1082E+41
  2.5120E+01  8.0145E+43  7.9788E+43  3.9130E+39  3.5333E+41
  2.6610E+01  8.0718E+43  8.0413E+43  3.0950E+39  3.0172E+41
  2.8180E+01  8.0431E+43  8.0172E+43  2.4268E+39  2.5597E+41
  2.9850E+01  7.9164E+43  7.8947E+43  1.8827E+39  2.1575E+41
  3.1620E+01  7.6825E+43  7.6643E+43  1.4407E+39  1.8120E+41
  3.3500E+01  7.3433E+43  7.3280E+43  1.0870E+39  1.5163E+41
  3.5480E+01  6.9111E+43  6.8984E+43  8.0853E+38  1.2665E+41
  3.7580E+01  6.3979E+43  6.3873E+43  5.9220E+38  1.0558E+41
  3.9810E+01  5.8149E+43  5.8061E+43  4.2678E+38  8.7955E+40
  4.2170E+01  5.1954E+43  5.1880E+43  3.0253E+38  7.3168E+40
  4.4670E+01  4.5657E+43  4.5596E+43  2.1081E+38  6.0745E+40
  4.7320E+01  3.9510E+43  3.9460E+43  1.4459E+38  5.0295E+40
  5.0120E+01  3.3698E+43  3.3657E+43  9.7715E+37  4.1554E+40
  5.3090E+01  2.8341E+43  2.8307E+43  6.5100E+37  3.4225E+40
  5.6230E+01  2.3540E+43  2.3512E+43  4.2815E+37  2.8119E+40
  5.9570E+01  1.9309E+43  1.9286E+43  2.7799E+37  2.3017E+40
  6.3100E+01  1.5673E+43  1.5654E+43  1.7856E+37  1.8800E+40
  6.6830E+01  1.2598E+43  1.2582E+43  1.1357E+37  1.5324E+40
  7.0790E+01  1.0035E+43  1.0022E+43  7.1563E+36  1.2454E+40
  7.4990E+01  7.9240E+42  7.9139E+42  4.4706E+36  1.0097E+40
  7.9430E+01  6.2116E+42  6.2034E+42  2.7726E+36  8.1732E+39
  8.4140E+01  4.8351E+42  4.8285E+42  1.7071E+36  6.6017E+39
  8.9130E+01  3.7422E+42  3.7369E+42  1.0452E+36  5.3229E+39
  9.4410E+01  2.8803E+42  2.8760E+42  6.3646E+35  4.2868E+39
  1.0000E+02  2.2052E+42  2.2018E+42  3.8556E+35  3.4482E+39
  1.0590E+02  1.6820E+42  1.6792E+42  2.3275E+35  2.7723E+39
  1.1220E+02  1.2777E+42  1.2755E+42  1.3989E+35  2.2224E+39
  1.1890E+02  9.6890E+41  9.6712E+41  8.3946E+34  1.7783E+39
  1.2590E+02  7.3684E+41  7.3542E+41  5.0546E+34  1.4259E+39
  1.3340E+02  5.6067E+41  5.5953E+41  3.0501E+34  1.1395E+39
  1.4130E+02  4.2289E+41  4.2198E+41  1.8309E+34  9.1136E+38
  1.4960E+02  3.1258E+41  3.1185E+41  1.0756E+34  7.3015E+38
  1.5850E+02  2.2912E+41  2.2853E+41  6.2493E+33  5.8302E+38
  1.7780E+02  1.2356E+41  1.2319E+41  2.1153E+33  3.7205E+38
  1.9950E+02  6.6407E+40  6.6170E+40  7.1404E+32  2.3675E+38
  2.2390E+02  3.5465E+40  3.5314E+40  2.3979E+32  1.5031E+38
  2.5120E+02  1.8845E+40  1.8749E+40  8.0182E+31  9.5446E+37
  2.8180E+02  9.9581E+39  9.8975E+39  2.6685E+31  6.0576E+37
  3.1620E+02  5.2315E+39  5.1931E+39  8.8352E+30  3.8382E+37
  3.5480E+02  2.7366E+39  2.7123E+39  2.9139E+30  2.4303E+37
  3.9810E+02  1.4260E+39  1.4106E+39  9.5822E+29  1.5382E+37
  4.4670E+02  7.4050E+38  7.3077E+38  3.1426E+29  9.7304E+36
  5.0120E+02  3.8356E+38  3.7740E+38  1.0289E+29  6.1544E+36
  5.6230E+02  1.9830E+38  1.9441E+38  3.3650E+28  3.8928E+36
  6.3100E+02  1.0225E+38  9.9791E+37  1.0990E+28  2.4591E+36
  7.0790E+02  5.2710E+37  5.1155E+37  3.5933E+27  1.5549E+36
  7.9430E+02  2.7130E+37  2.6148E+37  1.1747E+27  9.8229E+35
  8.9130E+02  1.3956E+37  1.3336E+37  3.8451E+26  6.2029E+35
  1.0000E+03  7.1854E+36  6.7935E+36  1.2623E+26  3.9189E+35
