  1.0000E-03  5.6613E+44  0.0000E+00  1.0014E+42  5.6513E+44
  1.1220E-03  5.6865E+44  0.0000E+00  1.2475E+42  5.6741E+44
  1.2590E-03  5.6722E+44  0.0000E+00  1.4900E+42  5.6573E+44
  1.4130E-03  5.6290E+44  0.0000E+00  1.7129E+42  5.6119E+44
  1.5850E-03  5.6858E+44  0.0000E+00  1.9108E+42  5.6667E+44
  1.7780E-03  6.1503E+44  0.0000E+00  2.3373E+42  6.1270E+44
  1.9950E-03  5.6238E+44  0.0000E+00  2.7650E+42  5.5962E+44
  2.2390E-03  5.3928E+44  0.0000E+00  2.9027E+42  5.3638E+44
  2.5120E-03  5.6469E+44  0.0000E+00  3.7360E+42  5.6095E+44
  2.8180E-03  4.7381E+44  0.0000E+00  4.3422E+42  4.6947E+44
  3.1620E-03  4.0974E+44  0.0000E+00  4.7682E+42  4.0497E+44
  3.5480E-03  3.5984E+44  0.0000E+00  5.0930E+42  3.5475E+44
  3.9810E-03  3.2324E+44  0.0000E+00  5.3360E+42  3.1791E+44
  4.4670E-03  8.8752E+44  0.0000E+00  1.1097E+43  8.7642E+44
  5.0120E-03  7.2930E+44  0.0000E+00  1.2836E+43  7.1647E+44
  5.6230E-03  6.0135E+44  0.0000E+00  1.4161E+43  5.8719E+44
  5.9570E-03  5.5000E+44  0.0000E+00  1.4679E+43  5.3532E+44
  6.6830E-03  4.7466E+44  0.0000E+00  1.5518E+43  4.5914E+44
  7.4990E-03  4.3247E+44  0.0000E+00  1.6243E+43  4.1622E+44
  8.4140E-03  3.7978E+44  0.0000E+00  1.6969E+43  3.6281E+44
  9.4410E-03  3.4953E+44  0.0000E+00  1.7411E+43  3.3212E+44
  1.0590E-02  3.5553E+44  0.0000E+00  1.7122E+43  3.3841E+44
  1.1890E-02  3.2065E+44  0.0000E+00  1.8542E+43  3.0211E+44
  1.3340E-02  3.0394E+44  0.0000E+00  1.8863E+43  2.8508E+44
  1.4960E-02  2.7650E+44  0.0000E+00  1.9463E+43  2.5704E+44
  1.6790E-02  2.5624E+44  0.0000E+00  1.9779E+43  2.3646E+44
  1.8840E-02  2.4281E+44  0.0000E+00  1.9850E+43  2.2296E+44
  2.1130E-02  2.2594E+44  0.0000E+00  2.0320E+43  2.0562E+44
  2.3710E-02  2.0879E+44  0.0000E+00  2.0569E+43  1.8822E+44
  2.6610E-02  1.8984E+44  0.0000E+00  2.0639E+43  1.6920E+44
  2.9850E-02  1.7302E+44  1.8541E-84  2.0486E+43  1.5253E+44
  3.3500E-02  1.5722E+44  1.0110E-69  2.0157E+43  1.3707E+44
  3.7580E-02  1.6672E+44  1.2137E-56  2.1774E+43  1.4495E+44
  4.2170E-02  1.5341E+44  4.4948E-45  2.3522E+43  1.2989E+44
  4.7320E-02  1.0568E+44  8.2134E-35  1.9788E+43  8.5896E+43
  5.3090E-02  6.2139E+43  9.5507E-26  1.4585E+43  4.7554E+43
  6.6830E-02  7.8876E+42  6.2615E-11  4.1376E+42  3.7500E+42
  7.4990E-02  2.2816E+42  7.1419E-05  1.5370E+42  7.4461E+41
  8.4140E-02  3.0418E+42  4.8499E+01  1.9606E+42  1.0812E+42
  9.4410E-02  3.8173E+42  6.9677E+06  2.4260E+42  1.3913E+42
  1.0590E-01  8.8399E+42  4.1178E+11  4.9804E+42  3.8594E+42
  1.1890E-01  2.1066E+43  7.2900E+15  9.5780E+42  1.1488E+43
  1.3340E-01  3.9048E+43  2.7678E+19  1.4872E+43  2.4175E+43
  1.4960E-01  5.5144E+43  4.7010E+22  1.8378E+43  3.6766E+43
  1.5850E-01  5.5542E+43  1.4917E+24  1.7976E+43  3.7566E+43
  1.7780E-01  3.8875E+43  6.9064E+26  1.2450E+43  2.6425E+43
  1.9950E-01  1.2115E+43  9.9288E+28  4.4055E+42  7.7092E+42
  2.2390E-01  5.4568E+42  7.9250E+30  2.0441E+42  3.4127E+42
  2.3710E-01  9.8703E+42  9.1207E+31  2.9947E+42  6.8756E+42
  2.5120E-01  1.8588E+43  9.2734E+32  4.2741E+42  1.4314E+43
  2.6610E-01  2.7999E+43  7.3674E+33  5.1069E+42  2.2892E+43
  2.8180E-01  3.6892E+43  4.8329E+34  5.4918E+42  3.1400E+43
  2.9850E-01  4.5214E+43  2.7255E+35  5.6449E+42  3.9569E+43
  3.1620E-01  5.3972E+43  1.3513E+36  5.7147E+42  4.8258E+43
  3.3500E-01  6.3178E+43  6.0211E+36  5.7050E+42  5.7473E+43
  3.5480E-01  7.2253E+43  2.4108E+37  5.6091E+42  6.6644E+43
  3.7580E-01  8.2425E+43  8.9171E+37  5.4472E+42  7.6978E+43
  3.9810E-01  9.2386E+43  2.9933E+38  5.2732E+42  8.7112E+43
  4.2170E-01  1.0521E+44  9.3561E+38  5.0746E+42  1.0014E+44
  4.4670E-01  1.1903E+44  2.6948E+39  4.8836E+42  1.1415E+44
  4.7320E-01  1.3408E+44  7.2750E+39  4.6689E+42  1.2941E+44
  5.0120E-01  1.5005E+44  1.8424E+40  4.4303E+42  1.4561E+44
  5.3090E-01  1.6819E+44  4.4308E+40  4.1666E+42  1.6398E+44
  5.6230E-01  1.8562E+44  9.9589E+40  3.9089E+42  1.8161E+44
  5.9570E-01  2.0288E+44  2.1169E+41  3.6505E+42  1.9902E+44
  6.3100E-01  2.2106E+44  4.2721E+41  3.3925E+42  2.1724E+44
  6.6830E-01  2.4003E+44  8.1969E+41  3.1328E+42  2.3608E+44
  7.0790E-01  2.5921E+44  1.4983E+42  2.8887E+42  2.5482E+44
  7.4990E-01  2.7722E+44  2.6026E+42  2.6607E+42  2.7196E+44
  7.9430E-01  2.9527E+44  4.3197E+42  2.4454E+42  2.8850E+44
  8.4140E-01  3.1360E+44  6.8846E+42  2.2395E+42  3.0448E+44
  8.9130E-01  3.3389E+44  1.0609E+43  2.0412E+42  3.2124E+44
  9.4410E-01  3.5421E+44  1.5724E+43  1.8519E+42  3.3663E+44
  1.0000E+00  3.7297E+44  2.2379E+43  1.6732E+42  3.4892E+44
  1.0590E+00  3.9049E+44  3.0671E+43  1.5083E+42  3.5831E+44
  1.1220E+00  4.0713E+44  4.0794E+43  1.3538E+42  3.6499E+44
  1.1890E+00  4.2333E+44  5.2778E+43  1.2066E+42  3.6935E+44
  1.2590E+00  4.3993E+44  6.6347E+43  1.0645E+42  3.7252E+44
  1.3340E+00  4.5457E+44  8.1182E+43  9.3138E+41  3.7246E+44
  1.4130E+00  4.6613E+44  9.6257E+43  8.1097E+41  3.6906E+44
  1.4960E+00  4.7498E+44  1.1112E+44  7.0164E+41  3.6316E+44
  1.5850E+00  4.8117E+44  1.2574E+44  6.0134E+41  3.5483E+44
  1.6790E+00  4.8484E+44  1.3926E+44  5.0939E+41  3.4508E+44
  1.7780E+00  4.8560E+44  1.5099E+44  4.2549E+41  3.3418E+44
  1.8840E+00  4.8304E+44  1.6090E+44  3.5002E+41  3.2180E+44
  1.9950E+00  4.7734E+44  1.6839E+44  2.8363E+41  3.0867E+44
  2.1130E+00  4.6826E+44  1.7348E+44  2.2644E+41  2.9456E+44
  2.2390E+00  4.5579E+44  1.7599E+44  1.7821E+41  2.7962E+44
  2.3710E+00  4.4067E+44  1.7599E+44  1.3853E+41  2.6454E+44
  2.5120E+00  4.2315E+44  1.7395E+44  1.0654E+41  2.4909E+44
  2.6610E+00  4.0388E+44  1.7001E+44  8.1204E+40  2.3378E+44
  2.8180E+00  3.8332E+44  1.6442E+44  6.1388E+40  2.1884E+44
  2.9850E+00  3.6199E+44  1.5769E+44  4.6095E+40  2.0426E+44
  3.1620E+00  3.4027E+44  1.5003E+44  3.4407E+40  1.9021E+44
  3.3500E+00  3.1897E+44  1.4223E+44  2.5586E+40  1.7672E+44
  3.5480E+00  2.9793E+44  1.3390E+44  1.8944E+40  1.6402E+44
  3.7580E+00  2.7762E+44  1.2562E+44  1.3978E+40  1.5198E+44
  3.9810E+00  2.5815E+44  1.1751E+44  1.0283E+40  1.4063E+44
  4.2170E+00  2.3967E+44  1.0965E+44  7.5470E+39  1.3001E+44
  4.4670E+00  2.2223E+44  1.0215E+44  5.5257E+39  1.2007E+44
  4.7320E+00  2.0596E+44  9.5155E+43  4.0362E+39  1.1080E+44
  5.0120E+00  1.9111E+44  8.8696E+43  2.9471E+39  1.0241E+44
  5.3090E+00  1.7427E+44  8.2725E+43  2.1106E+39  9.1545E+43
  5.6230E+00  1.5846E+44  7.7293E+43  1.5027E+39  8.1167E+43
  5.9570E+00  1.4379E+44  7.2425E+43  1.0643E+39  7.1363E+43
  6.3100E+00  1.2988E+44  6.7556E+43  7.4757E+38  6.2324E+43
  6.6830E+00  1.1783E+44  6.3743E+43  5.2456E+38  5.4083E+43
  7.0790E+00  1.0647E+44  5.9834E+43  3.6366E+38  4.6635E+43
  7.4990E+00  9.7749E+43  5.7885E+43  2.5332E+38  3.9863E+43
  7.9430E+00  9.7123E+43  6.3710E+43  1.9396E+38  3.3412E+43
  8.4140E+00  1.0332E+44  7.5984E+43  1.7272E+38  2.7339E+43
  8.9130E+00  1.0673E+44  8.4482E+43  1.5982E+38  2.2251E+43
  9.4410E+00  1.0748E+44  8.9419E+43  1.6004E+38  1.8061E+43
  1.0000E+01  9.5100E+43  7.9727E+43  1.1973E+38  1.5373E+43
  1.0590E+01  8.1885E+43  6.8740E+43  8.3797E+37  1.3145E+43
  1.1220E+01  6.8921E+43  5.7705E+43  5.2946E+37  1.1215E+43
  1.1890E+01  5.8150E+43  4.8684E+43  3.3660E+37  9.4666E+42
  1.2590E+01  4.9374E+43  4.1412E+43  2.1024E+37  7.9612E+42
  1.3340E+01  4.2238E+43  3.5602E+43  1.3041E+37  6.6364E+42
  1.4130E+01  3.7261E+43  3.1767E+43  8.2357E+36  5.4943E+42
  1.4960E+01  3.5286E+43  3.0781E+43  5.8279E+36  4.5051E+42
  1.5850E+01  3.4203E+43  3.0536E+43  4.4186E+36  3.6676E+42
  1.6790E+01  3.3398E+43  3.0419E+43  3.5098E+36  2.9796E+42
  1.7780E+01  3.2193E+43  2.9769E+43  2.8264E+36  2.4239E+42
  1.8840E+01  3.0066E+43  2.8093E+43  2.2002E+36  1.9730E+42
  1.9950E+01  2.7134E+43  2.5520E+43  1.6011E+36  1.6146E+42
  2.1130E+01  2.4241E+43  2.2922E+43  1.1180E+36  1.3190E+42
  2.2390E+01  2.1652E+43  2.0578E+43  7.7930E+35  1.0733E+42
  2.3710E+01  1.9317E+43  1.8444E+43  5.4138E+35  8.7364E+41
  2.5120E+01  1.7136E+43  1.6427E+43  3.7564E+35  7.0863E+41
  2.6610E+01  1.5086E+43  1.4512E+43  2.5861E+35  5.7425E+41
  2.8180E+01  1.3170E+43  1.2705E+43  1.7741E+35  4.6523E+41
  2.9850E+01  1.1363E+43  1.0987E+43  1.2079E+35  3.7611E+41
  3.1620E+01  9.6731E+42  9.3694E+42  8.1300E+34  3.0370E+41
  3.3500E+01  8.1152E+42  7.8703E+42  5.4070E+34  2.4486E+41
  3.5480E+01  6.7153E+42  6.5178E+42  3.5558E+34  1.9747E+41
  3.7580E+01  5.4735E+42  5.3144E+42  2.3070E+34  1.5909E+41
  3.9810E+01  4.3898E+42  4.2618E+42  1.4755E+34  1.2800E+41
  4.2170E+01  3.4729E+42  3.3699E+42  9.3136E+33  1.0294E+41
  4.4670E+01  2.7134E+42  2.6307E+42  5.8015E+33  8.2728E+40
  4.7320E+01  2.0972E+42  2.0307E+42  3.5735E+33  6.6428E+40
  5.0120E+01  1.6060E+42  1.5527E+42  2.1803E+33  5.3334E+40
  5.3090E+01  1.2191E+42  1.1763E+42  1.3184E+33  4.2780E+40
  5.6230E+01  9.1916E+41  8.8485E+41  7.9168E+32  3.4309E+40
  5.9570E+01  6.8802E+41  6.6054E+41  4.7191E+32  2.7473E+40
  6.3100E+01  5.1256E+41  4.9056E+41  2.7999E+32  2.1999E+40
  6.6830E+01  3.8032E+41  3.6270E+41  1.6550E+32  1.7615E+40
  7.0790E+01  2.8111E+41  2.6702E+41  9.7469E+31  1.4092E+40
  7.4990E+01  2.0708E+41  1.9581E+41  5.7234E+31  1.1265E+40
  7.9430E+01  1.5222E+41  1.4322E+41  3.3559E+31  9.0048E+39
  8.4140E+01  1.1166E+41  1.0446E+41  1.9641E+31  7.1933E+39
  8.9130E+01  8.1819E+40  7.6075E+40  1.1492E+31  5.7437E+39
  9.4410E+01  5.9907E+40  5.5321E+40  6.7230E+30  4.5859E+39
  1.0000E+02  4.3829E+40  4.0169E+40  3.9329E+30  3.6608E+39
  1.0590E+02  3.2090E+40  2.9166E+40  2.3045E+30  2.9235E+39
  1.1220E+02  2.3488E+40  2.1158E+40  1.3502E+30  2.3300E+39
  1.1890E+02  1.7228E+40  1.5373E+40  7.9313E+29  1.8549E+39
  1.2590E+02  1.2730E+40  1.1249E+40  4.6953E+29  1.4809E+39
  1.3340E+02  9.4387E+39  8.2597E+39  2.7928E+29  1.1790E+39
  1.4130E+02  6.9631E+39  6.0235E+39  1.6615E+29  9.3967E+38
  1.4960E+02  5.0563E+39  4.3061E+39  9.7578E+28  7.5015E+38
  1.5850E+02  3.6533E+39  3.0562E+39  5.6963E+28  5.9707E+38
  1.7780E+02  1.9353E+39  1.5562E+39  1.9703E+28  3.7905E+38
  1.9950E+02  1.0361E+39  7.9587E+38  6.9083E+27  2.4025E+38
  2.2390E+02  5.5907E+38  4.0700E+38  2.4502E+27  1.5207E+38
  2.5120E+02  3.0456E+38  2.0824E+38  8.7991E+26  9.6329E+37
  2.8180E+02  1.6746E+38  1.0644E+38  3.1963E+26  6.1020E+37
  3.1620E+02  9.2898E+37  5.4292E+37  1.1727E+26  3.8606E+37
  3.5480E+02  5.2078E+37  2.7663E+37  4.3462E+25  2.4415E+37
  3.9810E+02  2.9517E+37  1.4079E+37  1.6271E+25  1.5439E+37
  4.4670E+02  1.6915E+37  7.1563E+36  6.1455E+24  9.7588E+36
  5.0120E+02  9.8035E+36  3.6348E+36  2.3407E+24  6.1687E+36
  5.6230E+02  5.7451E+36  1.8452E+36  8.9807E+23  3.9000E+36
  6.3100E+02  3.3977E+36  9.3498E+35  3.4648E+23  2.4627E+36
  7.0790E+02  2.0306E+36  4.7389E+35  1.3455E+23  1.5567E+36
  7.9430E+02  1.2230E+36  2.3983E+35  5.2451E+22  9.8320E+35
  8.9130E+02  7.4199E+35  1.2124E+35  2.0521E+22  6.2075E+35
  1.0000E+03  4.5341E+35  6.1283E+34  8.0603E+21  3.9212E+35
