  1.0000E-03  1.4608E+43  0.0000E+00  3.9758E+42  1.0632E+43
  1.1220E-03  8.4132E+42  0.0000E+00  4.5072E+42  3.9060E+42
  1.2590E-03  6.2239E+42  0.0000E+00  4.8875E+42  1.3364E+42
  1.4130E-03  5.5377E+42  0.0000E+00  5.1039E+42  4.3375E+41
  1.5850E-03  5.4501E+42  0.0000E+00  5.2809E+42  1.6916E+41
  1.7780E-03  6.5148E+42  0.0000E+00  6.3837E+42  1.3110E+41
  1.9950E-03  6.5873E+42  0.0000E+00  6.5686E+42  1.8601E+40
  2.2390E-03  6.2575E+42  0.0000E+00  6.2532E+42  4.2744E+39
  2.5120E-03  7.8871E+42  0.0000E+00  7.8847E+42  2.3676E+39
  2.8180E-03  7.7123E+42  0.0000E+00  7.7122E+42  1.3981E+38
  3.1620E-03  7.3186E+42  0.0000E+00  7.3185E+42  1.1161E+37
  3.5480E-03  6.8455E+42  0.0000E+00  6.8455E+42  1.0399E+36
  3.9810E-03  6.3718E+42  0.0000E+00  6.3718E+42  1.2186E+35
  4.4670E-03  1.9704E+43  0.0000E+00  1.9703E+43  1.1458E+39
  5.0120E-03  1.9317E+43  0.0000E+00  1.9317E+43  5.3350E+37
  5.6230E-03  1.8324E+43  0.0000E+00  1.8324E+43  2.5501E+36
  5.9570E-03  1.7729E+43  0.0000E+00  1.7729E+43  5.9723E+35
  6.6830E-03  1.6636E+43  0.0000E+00  1.6636E+43  4.5090E+34
  7.4990E-03  1.5966E+43  0.0000E+00  1.5966E+43  5.9300E+33
  8.4140E-03  1.4968E+43  0.0000E+00  1.4968E+43  5.2622E+32
  9.4410E-03  1.4129E+43  0.0000E+00  1.4129E+43  7.6346E+31
  1.0590E-02  1.3470E+43  0.0000E+00  1.3470E+43  3.2613E+31
  1.1890E-02  1.3340E+43  0.0000E+00  1.3340E+43  3.6560E+30
  1.3340E-02  1.2698E+43  0.0000E+00  1.2698E+43  7.2042E+29
  1.4960E-02  1.2021E+43  0.0000E+00  1.2021E+43  9.0195E+28
  1.6790E-02  1.1311E+43  0.0000E+00  1.1311E+43  1.3719E+28
  1.8840E-02  1.0636E+43  0.0000E+00  1.0636E+43  2.6798E+27
  2.1130E-02  1.0135E+43  0.0000E+00  1.0135E+43  4.2051E+26
  2.3710E-02  9.5117E+42  0.0000E+00  9.5117E+42  6.0998E+25
  2.6610E-02  8.7824E+42  0.0000E+00  8.7824E+42  7.3608E+24
  2.9850E-02  8.0470E+42  0.0000E+00  8.0470E+42  9.1771E+23
  3.3500E-02  7.3038E+42  1.4147E-80  7.3038E+42  1.1031E+23
  3.7580E-02  7.6623E+42  1.3128E-67  7.6623E+42  6.8396E+22
  4.2170E-02  7.7773E+42  1.8310E-56  7.7773E+42  8.0011E+21
  4.7320E-02  5.5404E+42  3.3951E-47  5.5404E+42  4.4201E+19
  5.3090E-02  3.3579E+42  2.5625E-39  3.3579E+42  8.0210E+16
  6.6830E-02  4.4729E+41  3.2675E-29  4.4729E+41  9.9728E+05
  7.4990E-02  1.0972E+41  3.5954E-26  1.0972E+41  1.0803E-01
  8.4140E-02  1.4933E+41  1.2688E-19  1.4933E+41  5.6469E+00
  9.4410E-02  1.9450E+41  5.5895E-14  1.9450E+41  8.7660E+01
  1.0590E-01  5.2450E+41  3.6361E-07  5.2450E+41  5.8270E+06
  1.1890E-01  1.3841E+42  1.5125E+00  1.3841E+42  1.6158E+12
  1.3340E-01  2.7441E+42  3.3134E+05  2.7441E+42  1.3621E+16
  1.4960E-01  3.8957E+42  7.4155E+09  3.8957E+42  4.3620E+18
  1.5850E-01  3.9383E+42  3.7472E+11  3.9383E+42  1.1865E+19
  1.7780E-01  2.7584E+42  8.0372E+13  2.7584E+42  1.6459E+18
  1.9950E-01  7.7336E+41  1.1659E+14  7.7336E+41  3.3020E+13
  2.2390E-01  3.2438E+41  5.4048E+14  3.2438E+41  4.3906E+10
  2.3710E-01  6.1423E+41  1.9025E+17  6.1423E+41  1.0899E+14
  2.5120E-01  1.1377E+42  7.0565E+19  1.1377E+42  3.7877E+17
  2.6610E-01  1.6278E+42  6.4546E+21  1.6278E+42  9.2743E+19
  2.8180E-01  2.0037E+42  2.4809E+23  2.0037E+42  4.8371E+21
  2.9850E-01  2.3003E+42  5.6554E+24  2.3003E+42  1.0795E+23
  3.1620E-01  2.5814E+42  9.8098E+25  2.5814E+42  1.7348E+24
  3.3500E-01  2.8399E+42  1.3768E+27  2.8399E+42  2.2003E+25
  3.5480E-01  3.0518E+42  1.5374E+28  3.0518E+42  2.1245E+26
  3.7580E-01  3.2455E+42  1.5602E+29  3.2455E+42  1.9740E+27
  3.9810E-01  3.4159E+42  1.3133E+30  3.4159E+42  1.4963E+28
  4.2170E-01  3.6068E+42  1.1048E+31  3.6068E+42  1.3267E+29
  4.4670E-01  3.8004E+42  8.2560E+31  3.8004E+42  1.0809E+30
  4.7320E-01  3.9756E+42  5.6535E+32  3.9756E+42  8.3388E+30
  5.0120E-01  4.1208E+42  3.5173E+33  4.1208E+42  5.9552E+31
  5.3090E-01  4.2455E+42  2.0942E+34  4.2455E+42  4.2942E+32
  5.6230E-01  4.3356E+42  1.0842E+35  4.3356E+42  2.6150E+33
  5.9570E-01  4.3933E+42  5.0903E+35  4.3933E+42  1.4364E+34
  6.3100E-01  4.4275E+42  2.2359E+36  4.4275E+42  7.5633E+34
  6.6830E-01  4.4316E+42  9.1948E+36  4.4316E+42  3.8045E+35
  7.0790E-01  4.4196E+42  3.5152E+37  4.4195E+42  1.7916E+36
  7.4990E-01  4.3815E+42  1.2204E+38  4.3814E+42  7.5334E+36
  7.9430E-01  4.3243E+42  3.9590E+38  4.3239E+42  2.9785E+37
  8.4140E-01  4.2473E+42  1.2127E+39  4.2460E+42  1.1190E+38
  8.9130E-01  4.1594E+42  3.6089E+39  4.1554E+42  4.1920E+38
  9.4410E-01  4.0535E+42  1.0081E+40  4.0420E+42  1.4653E+39
  1.0000E+00  3.9318E+42  2.5906E+40  3.9013E+42  4.5863E+39
  1.0590E+00  3.8219E+42  6.1775E+40  3.7471E+42  1.3041E+40
  1.1220E+00  3.7527E+42  1.3915E+41  3.5792E+42  3.4402E+40
  1.1890E+00  3.7797E+42  2.9832E+41  3.3962E+42  8.5198E+40
  1.2590E+00  4.0121E+42  6.1250E+41  3.1978E+42  2.0183E+41
  1.3340E+00  4.6211E+42  1.1908E+42  2.9884E+42  4.4192E+41
  1.4130E+00  5.8194E+42  2.1618E+42  2.7773E+42  8.8029E+41
  1.4960E+00  7.8994E+42  3.7093E+42  2.5657E+42  1.6244E+42
  1.5850E+00  1.1281E+43  6.1098E+42  2.3519E+42  2.8191E+42
  1.6790E+00  1.6477E+43  9.6837E+42  2.1361E+42  4.6573E+42
  1.7780E+00  2.4046E+43  1.4785E+43  1.9172E+42  7.3435E+42
  1.8840E+00  3.4539E+43  2.1817E+43  1.6975E+42  1.1024E+43
  1.9950E+00  4.8262E+43  3.1002E+43  1.4811E+42  1.5779E+43
  2.1130E+00  6.5272E+43  4.2489E+43  1.2727E+42  2.1510E+43
  2.2390E+00  8.5212E+43  5.6152E+43  1.0767E+42  2.7984E+43
  2.3710E+00  1.0728E+44  7.1506E+43  8.9693E+41  3.4881E+43
  2.5120E+00  1.3055E+44  8.8068E+43  7.3688E+41  4.1743E+43
  2.6610E+00  1.5386E+44  1.0502E+44  5.9731E+41  4.8241E+43
  2.8180E+00  1.7611E+44  1.2151E+44  4.7779E+41  5.4115E+43
  2.9850E+00  1.9637E+44  1.3690E+44  3.7763E+41  5.9100E+43
  3.1620E+00  2.1390E+44  1.5047E+44  2.9499E+41  6.3134E+43
  3.3500E+00  2.2812E+44  1.6190E+44  2.2824E+41  6.5990E+43
  3.5480E+00  2.3874E+44  1.7057E+44  1.7469E+41  6.7991E+43
  3.7580E+00  2.4568E+44  1.7651E+44  1.3242E+41  6.9032E+43
  3.9810E+00  2.4897E+44  1.7966E+44  9.9480E+40  6.9208E+43
  4.2170E+00  2.4882E+44  1.8008E+44  7.4093E+40  6.8660E+43
  4.4670E+00  2.4558E+44  1.7802E+44  5.4731E+40  6.7501E+43
  4.7320E+00  2.3967E+44  1.7384E+44  4.0113E+40  6.5785E+43
  5.0120E+00  2.3173E+44  1.6792E+44  2.9224E+40  6.3776E+43
  5.3090E+00  2.2000E+44  1.6056E+44  2.0940E+40  5.9419E+43
  5.6230E+00  2.0683E+44  1.5223E+44  1.4880E+40  5.4586E+43
  5.9570E+00  1.9284E+44  1.4338E+44  1.0496E+40  4.9446E+43
  6.3100E+00  1.7792E+44  1.3355E+44  7.3223E+39  4.4363E+43
  6.6830E+00  1.6410E+44  1.2472E+44  5.0953E+39  3.9372E+43
  7.0790E+00  1.5000E+44  1.1534E+44  3.4938E+39  3.4659E+43
  7.4990E+00  1.3832E+44  1.0894E+44  2.4385E+39  2.9386E+43
  7.9430E+00  1.3425E+44  1.1291E+44  1.9750E+39  2.1339E+43
  8.4140E+00  1.2889E+44  1.1618E+44  1.8561E+39  1.2713E+43
  8.9130E+00  1.1709E+44  1.0962E+44  1.7201E+39  7.4695E+42
  9.4410E+00  1.0405E+44  9.9631E+43  1.6806E+39  4.4193E+42
  1.0000E+01  9.8678E+43  9.4318E+43  1.2494E+39  4.3583E+42
  1.0590E+01  9.2832E+43  8.8220E+43  8.6547E+38  4.6109E+42
  1.1220E+01  8.5022E+43  8.0039E+43  5.3392E+38  4.9823E+42
  1.1890E+01  7.5192E+43  7.0195E+43  3.2782E+38  4.9964E+42
  1.2590E+01  6.5201E+43  6.0364E+43  1.9540E+38  4.8368E+42
  1.3340E+01  5.5705E+43  5.1231E+43  1.1498E+38  4.4740E+42
  1.4130E+01  4.8384E+43  4.4475E+43  6.9444E+37  3.9086E+42
  1.4960E+01  4.4903E+43  4.1784E+43  4.8424E+37  3.1189E+42
  1.5850E+01  4.2444E+43  4.0032E+43  3.6288E+37  2.4123E+42
  1.6790E+01  4.0232E+43  3.8383E+43  2.8364E+37  1.8494E+42
  1.7780E+01  3.7651E+43  3.6205E+43  2.2294E+37  1.4456E+42
  1.8840E+01  3.4320E+43  3.3142E+43  1.6782E+37  1.1779E+42
  1.9950E+01  3.0406E+43  2.9400E+43  1.1719E+37  1.0057E+42
  2.1130E+01  2.6648E+43  2.5787E+43  7.8355E+36  8.6121E+41
  2.2390E+01  2.3317E+43  2.2589E+43  5.2357E+36  7.2813E+41
  2.3710E+01  2.0381E+43  1.9769E+43  3.4937E+36  6.1225E+41
  2.5120E+01  1.7724E+43  1.7214E+43  2.3339E+36  5.1045E+41
  2.6610E+01  1.5318E+43  1.4894E+43  1.5509E+36  4.2394E+41
  2.8180E+01  1.3148E+43  1.2797E+43  1.0303E+36  3.5096E+41
  2.9850E+01  1.1172E+43  1.0883E+43  6.8134E+35  2.8935E+41
  3.1620E+01  9.3825E+42  9.1445E+42  4.4675E+35  2.3800E+41
  3.3500E+01  7.7780E+42  7.5828E+42  2.9028E+35  1.9527E+41
  3.5480E+01  6.3703E+42  6.2102E+42  1.8706E+35  1.6010E+41
  3.7580E+01  5.1459E+42  5.0148E+42  1.1921E+35  1.3108E+41
  3.9810E+01  4.0944E+42  3.9872E+42  7.5020E+34  1.0721E+41
  4.2170E+01  3.2166E+42  3.1289E+42  4.6674E+34  8.7605E+40
  4.4670E+01  2.4975E+42  2.4260E+42  2.8702E+34  7.1492E+40
  4.7320E+01  1.9195E+42  1.8612E+42  1.7478E+34  5.8243E+40
  5.0120E+01  1.4625E+42  1.4151E+42  1.0557E+34  4.7399E+40
  5.3090E+01  1.1051E+42  1.0666E+42  6.3278E+33  3.8498E+40
  5.6230E+01  8.2969E+41  7.9846E+41  3.7706E+33  3.1229E+40
  5.9570E+01  6.1865E+41  5.9338E+41  2.2328E+33  2.5268E+40
  6.3100E+01  4.5927E+41  4.3884E+41  1.3174E+33  2.0424E+40
  6.6830E+01  3.3969E+41  3.2319E+41  7.7519E+32  1.6492E+40
  7.0790E+01  2.5035E+41  2.3706E+41  4.5490E+32  1.3292E+40
  7.4990E+01  1.8393E+41  1.7323E+41  2.6641E+32  1.0697E+40
  7.9430E+01  1.3488E+41  1.2628E+41  1.5593E+32  8.6016E+39
  8.4140E+01  9.8732E+40  9.1824E+40  9.1185E+31  6.9073E+39
  8.9130E+01  7.2215E+40  6.6675E+40  5.3351E+31  5.5408E+39
  9.4410E+01  5.2792E+40  4.8350E+40  3.1236E+31  4.4420E+39
  1.0000E+02  3.8573E+40  3.5014E+40  1.8303E+31  3.5587E+39
  1.0590E+02  2.8212E+40  2.5361E+40  1.0750E+31  2.8510E+39
  1.1220E+02  2.0632E+40  1.8353E+40  6.3168E+30  2.2785E+39
  1.1890E+02  1.5123E+40  1.3305E+40  3.7231E+30  1.8183E+39
  1.2590E+02  1.1169E+40  9.7141E+39  2.2120E+30  1.4547E+39
  1.3340E+02  8.2772E+39  7.1171E+39  1.3204E+30  1.1601E+39
  1.4130E+02  6.1063E+39  5.1801E+39  7.8939E+29  9.2617E+38
  1.4960E+02  4.4380E+39  3.6974E+39  4.6714E+29  7.4063E+38
  1.5850E+02  3.2106E+39  2.6202E+39  2.7507E+29  5.9038E+38
  1.7780E+02  1.7061E+39  1.3304E+39  9.6851E+28  3.7573E+38
  1.9950E+02  9.1716E+38  6.7857E+38  3.4597E+28  2.3859E+38
  2.2390E+02  4.9743E+38  3.4620E+38  1.2511E+28  1.5123E+38
  2.5120E+02  2.7267E+38  1.7675E+38  4.5826E+27  9.5911E+37
  2.8180E+02  1.5099E+38  9.0179E+37  1.6976E+27  6.0809E+37
  3.1620E+02  8.4422E+37  4.5922E+37  6.3471E+26  3.8500E+37
  3.5480E+02  4.7726E+37  2.3364E+37  2.3944E+26  2.4362E+37
  3.9810E+02  2.7287E+37  1.1875E+37  9.1119E+25  1.5412E+37
  4.4670E+02  1.5774E+37  6.0291E+36  3.4926E+25  9.7453E+36
  5.0120E+02  9.2210E+36  3.0591E+36  1.3477E+25  6.1619E+36
  5.6230E+02  5.4480E+36  1.5515E+36  5.2298E+24  3.8965E+36
  6.3100E+02  3.2466E+36  7.8552E+35  2.0374E+24  2.4610E+36
  7.0790E+02  1.9537E+36  3.9785E+35  7.9777E+23  1.5558E+36
  7.9430E+02  1.1840E+36  2.0121E+35  3.1316E+23  9.8277E+35
  8.9130E+02  7.2219E+35  1.0166E+35  1.2323E+23  6.2053E+35
  1.0000E+03  4.4337E+35  5.1358E+34  4.8636E+22  3.9201E+35
