  1.0000E-03  1.1206E+45  0.0000E+00  2.4398E+44  8.7662E+44
  1.1220E-03  1.2419E+45  0.0000E+00  2.5832E+44  9.8357E+44
  1.2590E-03  1.3633E+45  0.0000E+00  2.5964E+44  1.1037E+45
  1.4130E-03  1.4905E+45  0.0000E+00  2.5178E+44  1.2387E+45
  1.5850E-03  1.6386E+45  0.0000E+00  2.4921E+44  1.3894E+45
  1.7780E-03  1.8754E+45  0.0000E+00  3.1681E+44  1.5586E+45
  1.9950E-03  2.0549E+45  0.0000E+00  3.0607E+44  1.7488E+45
  2.2390E-03  2.2434E+45  0.0000E+00  2.8067E+44  1.9627E+45
  2.5120E-03  2.5764E+45  0.0000E+00  3.7438E+44  2.2020E+45
  2.8180E-03  2.8190E+45  0.0000E+00  3.4875E+44  2.4702E+45
  3.1620E-03  3.0917E+45  0.0000E+00  3.1981E+44  2.7718E+45
  3.5480E-03  3.4012E+45  0.0000E+00  2.9087E+44  3.1103E+45
  3.9810E-03  3.7525E+45  0.0000E+00  2.6269E+44  3.4898E+45
  4.4670E-03  4.7131E+45  0.0000E+00  7.9726E+44  3.9158E+45
  5.0120E-03  5.2454E+45  0.0000E+00  8.5178E+44  4.3936E+45
  5.6230E-03  5.8261E+45  0.0000E+00  8.9690E+44  4.9292E+45
  5.9570E-03  6.1390E+45  0.0000E+00  9.1700E+44  5.2220E+45
  6.6830E-03  6.8152E+45  0.0000E+00  9.5663E+44  5.8585E+45
  7.4990E-03  7.5918E+45  0.0000E+00  1.0180E+45  6.5738E+45
  8.4140E-03  8.4307E+45  0.0000E+00  1.0549E+45  7.3758E+45
  9.4410E-03  9.3692E+45  0.0000E+00  1.0931E+45  8.2761E+45
  1.0590E-02  1.0418E+46  0.0000E+00  1.1344E+45  9.2833E+45
  1.1890E-02  1.1636E+46  0.0000E+00  1.2130E+45  1.0423E+46
  1.3340E-02  1.2952E+46  0.0000E+00  1.2580E+45  1.1694E+46
  1.4960E-02  1.4419E+46  0.0000E+00  1.3046E+45  1.3114E+46
  1.6790E-02  1.6069E+46  0.0000E+00  1.3508E+45  1.4718E+46
  1.8840E-02  1.7917E+46  0.0000E+00  1.4018E+45  1.6515E+46
  2.1130E-02  1.9990E+46  0.0000E+00  1.4664E+45  1.8524E+46
  2.3710E-02  2.2313E+46  0.0000E+00  1.5287E+45  2.0785E+46
  2.6610E-02  2.4916E+46  0.0000E+00  1.5894E+45  2.3326E+46
  2.9850E-02  2.7818E+46  2.2287E-82  1.6514E+45  2.6166E+46
  3.3500E-02  3.1073E+46  1.3841E-67  1.7063E+45  2.9367E+46
  3.7580E-02  3.4741E+46  1.7262E-54  1.7987E+45  3.2942E+46
  4.2170E-02  3.9235E+46  7.2947E-43  2.2680E+45  3.6967E+46
  4.7320E-02  4.3842E+46  1.8135E-32  2.3599E+45  4.1482E+46
  5.3090E-02  4.5421E+46  3.0613E-23  2.2089E+45  4.3212E+46
  6.6830E-02  4.2783E+46  9.1721E-08  1.5150E+45  4.1268E+46
  7.4990E-02  4.1532E+46  2.6850E-01  1.2035E+45  4.0328E+46
  8.4140E-02  4.0623E+46  1.4041E+05  1.2128E+45  3.9410E+46
  9.4410E-02  3.9755E+46  1.6603E+10  1.2423E+45  3.8513E+46
  1.0590E-01  3.6460E+46  4.8453E+14  1.4045E+45  3.5055E+46
  1.1890E-01  3.0798E+46  4.2266E+18  1.3308E+45  2.9467E+46
  1.3340E-01  2.6015E+46  1.0272E+22  1.2193E+45  2.4795E+46
  1.4960E-01  2.1744E+46  1.3075E+25  8.6552E+44  2.0878E+46
  1.5850E-01  1.9845E+46  3.8938E+26  6.9991E+44  1.9145E+46
  1.7780E-01  1.6650E+46  1.8651E+29  5.3601E+44  1.6114E+46
  1.9950E-01  1.3931E+46  4.4250E+31  3.7344E+44  1.3558E+46
  2.2390E-01  1.1738E+46  4.6382E+33  3.3496E+44  1.1403E+46
  2.3710E-01  1.0859E+46  3.3558E+34  3.9420E+44  1.0464E+46
  2.5120E-01  1.0026E+46  2.1355E+35  4.3056E+44  9.5958E+45
  2.6610E-01  9.2293E+45  1.2354E+36  4.2811E+44  8.8012E+45
  2.8180E-01  8.4845E+45  6.4180E+36  4.0839E+44  8.0761E+45
  2.9850E-01  7.7948E+45  3.0045E+37  3.8688E+44  7.4079E+45
  3.1620E-01  7.1652E+45  1.2576E+38  3.7056E+44  6.7947E+45
  3.3500E-01  6.5864E+45  4.7838E+38  3.5561E+44  6.2308E+45
  3.5480E-01  6.0574E+45  1.6575E+39  3.4088E+44  5.7165E+45
  3.7580E-01  5.5719E+45  5.2978E+39  3.2778E+44  5.2442E+45
  3.9810E-01  5.1260E+45  1.5564E+40  3.1626E+44  4.8097E+45
  4.2170E-01  4.7197E+45  4.2043E+40  3.0798E+44  4.4116E+45
  4.4670E-01  4.3485E+45  1.0520E+41  3.0182E+44  4.0466E+45
  4.7320E-01  4.0078E+45  2.4727E+41  2.9603E+44  3.7115E+45
  5.0120E-01  3.6953E+45  5.4748E+41  2.8995E+44  3.4048E+45
  5.3090E-01  3.4086E+45  1.1487E+42  2.8431E+44  3.1232E+45
  5.6230E-01  3.1461E+45  2.2785E+42  2.7871E+44  2.8651E+45
  5.9570E-01  2.9051E+45  4.3036E+42  2.7322E+44  2.6276E+45
  6.3100E-01  2.6861E+45  7.7381E+42  2.6801E+44  2.4103E+45
  6.6830E-01  2.4877E+45  1.3265E+43  2.6302E+44  2.2114E+45
  7.0790E-01  2.3090E+45  2.1772E+43  2.5885E+44  2.0284E+45
  7.4990E-01  2.1497E+45  3.4253E+43  2.5494E+44  1.8605E+45
  7.9430E-01  2.0099E+45  5.1748E+43  2.5156E+44  1.7066E+45
  8.4140E-01  1.8900E+45  7.5359E+43  2.4928E+44  1.5653E+45
  8.9130E-01  1.7902E+45  1.0616E+44  2.4831E+44  1.4357E+45
  9.4410E-01  1.7101E+45  1.4457E+44  2.4857E+44  1.3170E+45
  1.0000E+00  1.6481E+45  1.9057E+44  2.4938E+44  1.2081E+45
  1.0590E+00  1.6031E+45  2.4374E+44  2.5081E+44  1.1086E+45
  1.1220E+00  1.5732E+45  3.0444E+44  2.5223E+44  1.0165E+45
  1.1890E+00  1.5565E+45  3.7188E+44  2.5277E+44  9.3183E+44
  1.2590E+00  1.5494E+45  4.4303E+44  2.5119E+44  8.5520E+44
  1.3340E+00  1.5493E+45  5.1718E+44  2.4804E+44  7.8411E+44
  1.4130E+00  1.5521E+45  5.8960E+44  2.4323E+44  7.1927E+44
  1.4960E+00  1.5551E+45  6.5861E+44  2.3623E+44  6.6026E+44
  1.5850E+00  1.5574E+45  7.2517E+44  2.2678E+44  6.0543E+44
  1.6790E+00  1.5543E+45  7.8474E+44  2.1426E+44  5.5530E+44
  1.7780E+00  1.5426E+45  8.3459E+44  1.9844E+44  5.0957E+44
  1.8840E+00  1.5231E+45  8.7592E+44  1.8003E+44  4.6719E+44
  1.9950E+00  1.4942E+45  9.0581E+44  1.5964E+44  4.2875E+44
  2.1130E+00  1.4569E+45  9.2508E+44  1.3847E+44  3.9333E+44
  2.2390E+00  1.4110E+45  9.3291E+44  1.1752E+44  3.6061E+44
  2.3710E+00  1.3576E+45  9.2899E+44  9.7672E+43  3.3092E+44
  2.5120E+00  1.2988E+45  9.1565E+44  7.9745E+43  3.0344E+44
  2.6610E+00  1.2352E+45  8.9285E+44  6.4029E+43  2.7832E+44
  2.8180E+00  1.1671E+45  8.6114E+44  5.0606E+43  2.5538E+44
  2.9850E+00  1.0967E+45  8.2294E+44  3.9461E+43  2.3426E+44
  3.1620E+00  1.0242E+45  7.7897E+44  3.0385E+43  2.1487E+44
  3.3500E+00  9.5350E+44  7.3329E+44  2.3178E+43  1.9704E+44
  3.5480E+00  8.8183E+44  6.8356E+44  1.7488E+43  1.8078E+44
  3.7580E+00  8.1204E+44  6.3313E+44  1.3078E+43  1.6583E+44
  3.9810E+00  7.4457E+44  5.8277E+44  9.7024E+42  1.5210E+44
  4.2170E+00  6.7983E+44  5.3317E+44  7.1448E+42  1.3951E+44
  4.4670E+00  6.1831E+44  4.8513E+44  5.2254E+42  1.2796E+44
  4.7320E+00  5.6090E+44  4.3973E+44  3.7984E+42  1.1737E+44
  5.0120E+00  5.0813E+44  3.9746E+44  2.7491E+42  1.0791E+44
  5.3090E+00  4.5629E+44  3.5830E+44  1.9675E+42  9.6024E+43
  5.6230E+00  4.0891E+44  3.2271E+44  1.4004E+42  8.4805E+43
  5.9570E+00  3.6618E+44  2.9087E+44  9.9264E+41  7.4316E+43
  6.3100E+00  3.2586E+44  2.6045E+44  6.9698E+41  6.4710E+43
  6.6830E+00  2.9195E+44  2.3545E+44  4.9038E+41  5.6014E+43
  7.0790E+00  2.6004E+44  2.1151E+44  3.4059E+41  4.8190E+43
  7.4990E+00  2.4133E+44  1.9985E+44  2.4184E+41  4.1229E+43
  7.9430E+00  2.6868E+44  2.3337E+44  1.9993E+41  3.5109E+43
  8.4140E+00  3.3653E+44  3.0659E+44  1.9013E+41  2.9752E+43
  8.9130E+00  3.8469E+44  3.5941E+44  1.7630E+41  2.5104E+43
  9.4410E+00  4.1202E+44  3.9075E+44  1.7100E+41  2.1101E+43
  1.0000E+01  3.4400E+44  3.2620E+44  1.2783E+41  1.7671E+43
  1.0590E+01  2.7360E+44  2.5875E+44  8.9772E+40  1.4758E+43
  1.1220E+01  2.0935E+44  1.9702E+44  5.6824E+40  1.2267E+43
  1.1890E+01  1.6293E+44  1.5273E+44  3.6035E+40  1.0159E+43
  1.2590E+01  1.2867E+44  1.2023E+44  2.2483E+40  8.4119E+42
  1.3340E+01  1.0414E+44  9.7198E+43  1.4005E+40  6.9319E+42
  1.4130E+01  8.9364E+43  8.3650E+43  8.9563E+39  5.7050E+42
  1.4960E+01  8.5323E+43  8.0624E+43  6.4362E+39  4.6919E+42
  1.5850E+01  8.3874E+43  8.0028E+43  4.9431E+39  3.8414E+42
  1.6790E+01  8.3034E+43  7.9889E+43  3.9707E+39  3.1409E+42
  1.7780E+01  8.0997E+43  7.8427E+43  3.2508E+39  2.5663E+42
  1.8840E+01  7.6669E+43  7.4577E+43  2.6117E+39  2.0888E+42
  1.9950E+01  7.0667E+43  6.8964E+43  1.9994E+39  1.7013E+42
  2.1130E+01  6.5309E+43  6.3925E+43  1.4863E+39  1.3827E+42
  2.2390E+01  6.1059E+43  5.9937E+43  1.1101E+39  1.1203E+42
  2.3710E+01  5.7510E+43  5.6601E+43  8.3004E+38  9.0864E+41
  2.5120E+01  5.4221E+43  5.3486E+43  6.2176E+38  7.3479E+41
  2.6610E+01  5.0955E+43  5.0361E+43  4.6282E+38  5.9383E+41
  2.8180E+01  4.7571E+43  4.7090E+43  3.4301E+38  4.7994E+41
  2.9850E+01  4.3924E+43  4.3537E+43  2.5195E+38  3.8717E+41
  3.1620E+01  3.9995E+43  3.9683E+43  1.8254E+38  3.1199E+41
  3.3500E+01  3.5837E+43  3.5586E+43  1.3027E+38  2.5106E+41
  3.5480E+01  3.1589E+43  3.1386E+43  9.1554E+37  2.0210E+41
  3.7580E+01  2.7361E+43  2.7199E+43  6.3264E+37  1.6253E+41
  3.9810E+01  2.3267E+43  2.3136E+43  4.2964E+37  1.3054E+41
  4.2170E+01  1.9464E+43  1.9359E+43  2.8698E+37  1.0479E+41
  4.4670E+01  1.6039E+43  1.5955E+43  1.8854E+37  8.4074E+40
  4.7320E+01  1.3039E+43  1.2971E+43  1.2208E+37  6.7400E+40
  5.0120E+01  1.0472E+43  1.0418E+43  7.8027E+36  5.4034E+40
  5.3090E+01  8.3147E+42  8.2715E+42  4.9262E+36  4.3282E+40
  5.6230E+01  6.5386E+42  6.5039E+42  3.0779E+36  3.4667E+40
  5.9570E+01  5.0920E+42  5.0643E+42  1.9032E+36  2.7728E+40
  6.3100E+01  3.9360E+42  3.9138E+42  1.1674E+36  2.2180E+40
  6.6830E+01  3.0222E+42  3.0044E+42  7.1112E+35  1.7744E+40
  7.0790E+01  2.3060E+42  2.2919E+42  4.3029E+35  1.4183E+40
  7.4990E+01  1.7494E+42  1.7381E+42  2.5882E+35  1.1329E+40
  7.9430E+01  1.3210E+42  1.3120E+42  1.5496E+35  9.0505E+39
  8.4140E+01  9.9315E+41  9.8593E+41  9.2334E+34  7.2256E+39
  8.9130E+01  7.4422E+41  7.3845E+41  5.4844E+34  5.7665E+39
  9.4410E+01  5.5598E+41  5.5138E+41  3.2476E+34  4.6021E+39
  1.0000E+02  4.1411E+41  4.1044E+41  1.9173E+34  3.6722E+39
  1.0590E+02  3.0798E+41  3.0505E+41  1.1305E+34  2.9317E+39
  1.1220E+02  2.2859E+41  2.2625E+41  6.6500E+33  2.3358E+39
  1.1890E+02  1.6976E+41  1.6790E+41  3.9145E+33  1.8590E+39
  1.2590E+02  1.2681E+41  1.2533E+41  2.3186E+33  1.4838E+39
  1.3340E+02  9.4997E+40  9.3816E+40  1.3794E+33  1.1811E+39
  1.4130E+02  7.0559E+40  6.9618E+40  8.1656E+32  9.4117E+38
  1.4960E+02  5.1258E+40  5.0507E+40  4.7225E+32  7.5121E+38
  1.5850E+02  3.6949E+40  3.6351E+40  2.7031E+32  5.9781E+38
  1.7780E+02  1.9384E+40  1.9005E+40  8.9310E+31  3.7942E+38
  1.9950E+02  1.0194E+40  9.9534E+39  2.9602E+31  2.4043E+38
  2.2390E+02  5.3511E+39  5.1989E+39  9.8075E+30  1.5216E+38
  2.5120E+02  2.8063E+39  2.7099E+39  3.2496E+30  9.6376E+37
  2.8180E+02  1.4691E+39  1.4081E+39  1.0762E+30  6.1043E+37
  3.1620E+02  7.6736E+38  7.2874E+38  3.5603E+29  3.8617E+37
  3.5480E+02  4.0052E+38  3.7610E+38  1.1783E+29  2.4421E+37
  3.9810E+02  2.0903E+38  1.9358E+38  3.9061E+28  1.5442E+37
  4.4670E+02  1.0915E+38  9.9390E+37  1.2979E+28  9.7603E+36
  5.0120E+02  5.7100E+37  5.0930E+37  4.3284E+27  6.1695E+36
  5.6230E+02  2.9958E+37  2.6058E+37  1.4504E+27  3.9003E+36
  6.3100E+02  1.5759E+37  1.3296E+37  4.8852E+26  2.4629E+36
  7.0790E+02  8.3374E+36  6.7806E+36  1.6588E+26  1.5568E+36
  7.9430E+02  4.4336E+36  3.4503E+36  5.6744E+25  9.8325E+35
  8.9130E+02  2.3735E+36  1.7528E+36  1.9587E+25  6.2077E+35
  1.0000E+03  1.2819E+36  8.8977E+35  6.8354E+24  3.9214E+35
