  1.0000E-03  8.6022E+44  0.0000E+00  1.7528E+41  8.6004E+44
  1.1220E-03  9.6053E+44  0.0000E+00  2.3126E+41  9.6030E+44
  1.2590E-03  1.0723E+45  0.0000E+00  2.9085E+41  1.0720E+45
  1.4130E-03  1.1969E+45  0.0000E+00  3.5130E+41  1.1965E+45
  1.5850E-03  1.3362E+45  0.0000E+00  4.1103E+41  1.3358E+45
  1.7780E-03  1.4960E+45  0.0000E+00  5.2118E+41  1.4955E+45
  1.9950E-03  1.6634E+45  0.0000E+00  6.5397E+41  1.6627E+45
  2.2390E-03  1.8534E+45  0.0000E+00  7.3020E+41  1.8527E+45
  2.5120E-03  2.0722E+45  0.0000E+00  9.7663E+41  2.0712E+45
  2.8180E-03  2.2948E+45  0.0000E+00  1.2062E+42  2.2936E+45
  3.1620E-03  2.5452E+45  0.0000E+00  1.4016E+42  2.5438E+45
  3.5480E-03  2.8249E+45  0.0000E+00  1.5763E+42  2.8233E+45
  3.9810E-03  3.1382E+45  0.0000E+00  1.7259E+42  3.1365E+45
  4.4670E-03  3.6756E+45  0.0000E+00  2.3078E+42  3.6733E+45
  5.0120E-03  4.0657E+45  0.0000E+00  2.9934E+42  4.0627E+45
  5.6230E-03  4.4970E+45  0.0000E+00  3.6892E+42  4.4933E+45
  5.9570E-03  4.7318E+45  0.0000E+00  4.0304E+42  4.7277E+45
  6.6830E-03  5.2440E+45  0.0000E+00  4.6821E+42  5.2393E+45
  7.4990E-03  5.8265E+45  0.0000E+00  5.3338E+42  5.8212E+45
  8.4140E-03  6.4630E+45  0.0000E+00  6.0388E+42  6.4569E+45
  9.4410E-03  7.1842E+45  0.0000E+00  6.6754E+42  7.1775E+45
  1.0590E-02  8.0195E+45  0.0000E+00  7.0512E+42  8.0125E+45
  1.1890E-02  8.9111E+45  0.0000E+00  8.1375E+42  8.9030E+45
  1.3340E-02  9.9176E+45  0.0000E+00  8.8637E+42  9.9088E+45
  1.4960E-02  1.1012E+46  0.0000E+00  9.7956E+42  1.1002E+46
  1.6790E-02  1.2247E+46  0.0000E+00  1.0675E+43  1.2236E+46
  1.8840E-02  1.3631E+46  0.0000E+00  1.1499E+43  1.3619E+46
  2.1130E-02  1.5151E+46  0.0000E+00  1.2610E+43  1.5138E+46
  2.3710E-02  1.6841E+46  0.0000E+00  1.3719E+43  1.6828E+46
  2.6610E-02  1.8709E+46  0.0000E+00  1.4864E+43  1.8695E+46
  2.9850E-02  2.0777E+46  7.7718E-83  1.5997E+43  2.0761E+46
  3.3500E-02  2.3079E+46  4.9522E-68  1.7119E+43  2.3062E+46
  3.7580E-02  2.5822E+46  6.1990E-55  1.8676E+43  2.5803E+46
  4.2170E-02  2.8678E+46  2.6836E-43  2.2087E+43  2.8656E+46
  4.7320E-02  3.1397E+46  7.0462E-33  2.3210E+43  3.1374E+46
  5.3090E-02  3.1759E+46  1.2570E-23  2.2188E+43  3.1737E+46
  6.6830E-02  2.7050E+46  4.3138E-08  1.5793E+43  2.7034E+46
  7.4990E-02  2.4543E+46  1.3711E-01  1.1926E+43  2.4531E+46
  8.4140E-02  2.4443E+46  7.2101E+04  1.2277E+43  2.4431E+46
  9.4410E-02  2.4209E+46  8.6588E+09  1.2790E+43  2.4196E+46
  1.0590E-01  2.3232E+46  2.4940E+14  1.4833E+43  2.3217E+46
  1.1890E-01  2.0731E+46  1.9518E+18  1.5384E+43  2.0716E+46
  1.3340E-01  1.8219E+46  4.0711E+21  1.5241E+43  1.8204E+46
  1.4960E-01  1.5783E+46  4.6706E+24  1.3545E+43  1.5770E+46
  1.5850E-01  1.4546E+46  1.3770E+26  1.2481E+43  1.4534E+46
  1.7780E-01  1.2124E+46  7.1241E+28  1.0183E+43  1.2114E+46
  1.9950E-01  9.6865E+45  2.0449E+31  6.6174E+42  9.6799E+45
  2.2390E-01  7.8905E+45  2.4551E+33  4.8268E+42  7.8857E+45
  2.3710E-01  7.5087E+45  1.6816E+34  5.2718E+42  7.5034E+45
  2.5120E-01  7.1511E+45  9.8769E+34  5.5239E+42  7.1456E+45
  2.6610E-01  6.7288E+45  5.3778E+35  5.3929E+42  6.7234E+45
  2.8180E-01  6.2887E+45  2.6745E+36  5.0675E+42  6.2836E+45
  2.9850E-01  5.8523E+45  1.2093E+37  4.7055E+42  5.8476E+45
  3.1620E-01  5.4376E+45  4.9089E+37  4.3647E+42  5.4332E+45
  3.3500E-01  5.0457E+45  1.8180E+38  4.0327E+42  5.0416E+45
  3.5480E-01  4.6783E+45  6.1599E+38  3.7086E+42  4.6746E+45
  3.7580E-01  4.3363E+45  1.9305E+39  3.3916E+42  4.3329E+45
  3.9810E-01  4.0148E+45  5.5677E+39  3.1042E+42  4.0117E+45
  4.2170E-01  3.7198E+45  1.4761E+40  2.8265E+42  3.7170E+45
  4.4670E-01  3.4454E+45  3.6247E+40  2.5765E+42  3.4428E+45
  4.7320E-01  3.1902E+45  8.3665E+40  2.3389E+42  3.1878E+45
  5.0120E-01  2.9535E+45  1.8200E+41  2.1134E+42  2.9512E+45
  5.3090E-01  2.7342E+45  3.7521E+41  1.8972E+42  2.7320E+45
  5.6230E-01  2.5298E+45  7.3162E+41  1.7032E+42  2.5274E+45
  5.9570E-01  2.3392E+45  1.3586E+42  1.5252E+42  2.3364E+45
  6.3100E-01  2.1637E+45  2.4008E+42  1.3602E+42  2.1599E+45
  6.6830E-01  2.0019E+45  4.0437E+42  1.2068E+42  1.9967E+45
  7.0790E-01  1.8524E+45  6.5159E+42  1.0682E+42  1.8449E+45
  7.4990E-01  1.7147E+45  1.0061E+43  9.4388E+41  1.7037E+45
  7.9430E-01  1.5888E+45  1.4904E+43  8.3063E+41  1.5730E+45
  8.4140E-01  1.4740E+45  2.1269E+43  7.2744E+41  1.4520E+45
  8.9130E-01  1.3702E+45  2.9317E+43  6.3206E+41  1.3402E+45
  9.4410E-01  1.2764E+45  3.9058E+43  5.4640E+41  1.2368E+45
  1.0000E+00  1.1917E+45  5.0412E+43  4.7072E+41  1.1409E+45
  1.0590E+00  1.1158E+45  6.3152E+43  4.0449E+41  1.0522E+45
  1.1220E+00  1.0471E+45  7.7259E+43  3.4565E+41  9.6951E+44
  1.1890E+00  9.8549E+44  9.2436E+43  2.9303E+41  8.9276E+44
  1.2590E+00  9.3099E+44  1.0783E+44  2.4572E+41  8.2291E+44
  1.3340E+00  8.8108E+44  1.2337E+44  2.0457E+41  7.5751E+44
  1.4130E+00  8.3557E+44  1.3805E+44  1.6998E+41  6.9735E+44
  1.4960E+00  7.9389E+44  1.5156E+44  1.4065E+41  6.4219E+44
  1.5850E+00  7.5487E+44  1.6415E+44  1.1540E+41  5.9060E+44
  1.6790E+00  7.1811E+44  1.7485E+44  9.3658E+40  5.4317E+44
  1.7780E+00  6.8291E+44  1.8315E+44  7.5007E+40  4.9968E+44
  1.8840E+00  6.4869E+44  1.8947E+44  5.9188E+40  4.5916E+44
  1.9950E+00  6.1559E+44  1.9329E+44  4.6054E+40  4.2225E+44
  2.1130E+00  5.8304E+44  1.9492E+44  3.5346E+40  3.8808E+44
  2.2390E+00  5.5069E+44  1.9429E+44  2.6785E+40  3.5637E+44
  2.3710E+00  5.1892E+44  1.9141E+44  2.0087E+40  3.2749E+44
  2.5120E+00  4.8750E+44  1.8681E+44  1.4934E+40  3.0067E+44
  2.6610E+00  4.5661E+44  1.8052E+44  1.1024E+40  2.7608E+44
  2.8180E+00  4.2623E+44  1.7266E+44  8.0874E+39  2.5356E+44
  2.9850E+00  3.9651E+44  1.6373E+44  5.9021E+39  2.3278E+44
  3.1620E+00  3.6751E+44  1.5385E+44  4.2873E+39  2.1366E+44
  3.3500E+00  3.3991E+44  1.4386E+44  3.1064E+39  1.9605E+44
  3.5480E+00  3.1318E+44  1.3321E+44  2.2424E+39  1.7997E+44
  3.7580E+00  2.8775E+44  1.2258E+44  1.6141E+39  1.6517E+44
  3.9810E+00  2.6367E+44  1.1212E+44  1.1588E+39  1.5155E+44
  4.2170E+00  2.4098E+44  1.0192E+44  8.3017E+38  1.3906E+44
  4.4670E+00  2.1971E+44  9.2126E+43  5.9344E+38  1.2759E+44
  4.7320E+00  2.0002E+44  8.2961E+43  4.2336E+38  1.1706E+44
  5.0120E+00  1.8216E+44  7.4502E+43  3.0214E+38  1.0765E+44
  5.3090E+00  1.6255E+44  6.6735E+43  2.1086E+38  9.5813E+43
  5.6230E+00  1.4438E+44  5.9748E+43  1.4622E+38  8.4635E+43
  5.9570E+00  1.2774E+44  5.3565E+43  1.0079E+38  7.4179E+43
  6.3100E+00  1.1228E+44  4.7684E+43  6.8892E+37  6.4599E+43
  6.6830E+00  9.8789E+43  4.2864E+43  4.6924E+37  5.5924E+43
  7.0790E+00  8.6376E+43  3.8257E+43  3.1573E+37  4.8118E+43
  7.4990E+00  7.7829E+43  3.6662E+43  2.1566E+37  4.1167E+43
  7.9430E+00  8.1899E+43  4.6865E+43  1.6996E+37  3.5033E+43
  8.4140E+00  9.8420E+43  6.8776E+43  1.6227E+37  2.9644E+43
  8.9130E+00  1.1171E+44  8.6732E+43  1.5785E+37  2.4975E+43
  9.4410E+00  1.2075E+44  9.9787E+43  1.6310E+37  2.0962E+43
  1.0000E+01  9.9697E+43  8.2130E+43  1.1415E+37  1.7566E+43
  1.0590E+01  7.7879E+43  6.3193E+43  7.3392E+36  1.4685E+43
  1.1220E+01  5.8040E+43  4.5820E+43  4.2034E+36  1.2220E+43
  1.1890E+01  4.3939E+43  3.3810E+43  2.4532E+36  1.0129E+43
  1.2590E+01  3.3426E+43  2.5034E+43  1.4096E+36  8.3921E+42
  1.3340E+01  2.5846E+43  1.8927E+43  8.1061E+35  6.9189E+42
  1.4130E+01  2.1150E+43  1.5454E+43  4.8243E+35  5.6957E+42
  1.4960E+01  1.9621E+43  1.4937E+43  3.3089E+35  4.6837E+42
  1.5850E+01  1.8863E+43  1.5029E+43  2.4425E+35  3.8338E+42
  1.6790E+01  1.8278E+43  1.5144E+43  1.8879E+35  3.1338E+42
  1.7780E+01  1.7283E+43  1.4723E+43  1.4690E+35  2.5601E+42
  1.8840E+01  1.5523E+43  1.3439E+43  1.0907E+35  2.0837E+42
  1.9950E+01  1.3250E+43  1.1553E+43  7.4871E+34  1.6975E+42
  2.1130E+01  1.1214E+43  9.8340E+42  4.9328E+34  1.3799E+42
  2.2390E+01  9.5786E+42  8.4604E+42  3.2607E+34  1.1182E+42
  2.3710E+01  8.2465E+42  7.3394E+42  2.1600E+34  9.0710E+41
  2.5120E+01  7.1224E+42  6.3887E+42  1.4374E+34  7.3364E+41
  2.6610E+01  6.1527E+42  5.5597E+42  9.5453E+33  5.9297E+41
  2.8180E+01  5.3102E+42  4.8309E+42  6.3556E+33  4.7929E+41
  2.9850E+01  4.5589E+42  4.1722E+42  4.2247E+33  3.8668E+41
  3.1620E+01  3.8822E+42  3.5706E+42  2.7917E+33  3.1162E+41
  3.3500E+01  3.2728E+42  3.0220E+42  1.8323E+33  2.5078E+41
  3.5480E+01  2.7313E+42  2.5294E+42  1.1951E+33  2.0189E+41
  3.7580E+01  2.2511E+42  2.0887E+42  7.7212E+32  1.6237E+41
  3.9810E+01  1.8288E+42  1.6984E+42  4.9344E+32  1.3042E+41
  4.2170E+01  1.4676E+42  1.3629E+42  3.1218E+32  1.0471E+41
  4.4670E+01  1.1644E+42  1.0804E+42  1.9547E+32  8.4013E+40
  4.7320E+01  9.1468E+41  8.4732E+41  1.2133E+32  6.7356E+40
  5.0120E+01  7.1233E+41  6.5833E+41  7.4770E+31  5.4002E+40
  5.3090E+01  5.5016E+41  5.0690E+41  4.5769E+31  4.3259E+40
  5.6230E+01  4.2216E+41  3.8751E+41  2.7876E+31  3.4651E+40
  5.9570E+01  3.2169E+41  2.9397E+41  1.6885E+31  2.7716E+40
  6.3100E+01  2.4398E+41  2.2181E+41  1.0198E+31  2.2172E+40
  6.6830E+01  1.8430E+41  1.6657E+41  6.1457E+30  1.7738E+40
  7.0790E+01  1.3868E+41  1.2450E+41  3.6955E+30  1.4179E+40
  7.4990E+01  1.0399E+41  9.2662E+40  2.2187E+30  1.1326E+40
  7.9430E+01  7.7798E+40  6.8750E+40  1.3318E+30  9.0484E+39
  8.4140E+01  5.8070E+40  5.0846E+40  7.9892E+29  7.2241E+39
  8.9130E+01  4.3291E+40  3.7526E+40  4.7956E+29  5.7655E+39
  9.4410E+01  3.2240E+40  2.7639E+40  2.8811E+29  4.6014E+39
  1.0000E+02  2.3987E+40  2.0315E+40  1.7323E+29  3.6717E+39
  1.0590E+02  1.7854E+40  1.4923E+40  1.0440E+29  2.9313E+39
  1.1220E+02  1.3282E+40  1.0946E+40  6.2922E+28  2.3355E+39
  1.1890E+02  9.8963E+39  8.0375E+39  3.8007E+28  1.8588E+39
  1.2590E+02  7.4217E+39  5.9380E+39  2.3113E+28  1.4837E+39
  1.3340E+02  5.5797E+39  4.3987E+39  1.4098E+28  1.1810E+39
  1.4130E+02  4.1768E+39  3.2357E+39  8.6246E+27  9.4111E+38
  1.4960E+02  3.0857E+39  2.3345E+39  5.2434E+27  7.5116E+38
  1.5850E+02  2.2694E+39  1.6716E+39  3.1726E+27  5.9778E+38
  1.7780E+02  1.2439E+39  8.6453E+38  1.1749E+27  3.7940E+38
  1.9950E+02  6.8859E+38  4.4817E+38  4.3949E+26  2.4043E+38
  2.2390E+02  3.8412E+38  2.3196E+38  1.6579E+26  1.5215E+38
  2.5120E+02  2.1632E+38  1.1995E+38  6.3102E+25  9.6374E+37
  2.8180E+02  1.2294E+38  6.1894E+37  2.4194E+25  6.1042E+37
  3.1620E+02  7.0454E+37  3.1837E+37  9.3250E+24  3.8617E+37
  3.5480E+02  4.0764E+37  1.6343E+37  3.6121E+24  2.4421E+37
  3.9810E+02  2.3814E+37  8.3726E+36  1.4062E+24  1.5442E+37
  4.4670E+02  1.4041E+37  4.2809E+36  5.4954E+23  9.7602E+36
  5.0120E+02  8.3550E+36  2.1856E+36  2.1554E+23  6.1694E+36
  5.6230E+02  5.0149E+36  1.1146E+36  8.4784E+22  3.9003E+36
  6.3100E+02  3.0300E+36  5.6707E+35  3.3404E+22  2.4629E+36
  7.0790E+02  1.8452E+36  2.8844E+35  1.3201E+22  1.5568E+36
  7.9430E+02  1.1297E+36  1.4643E+35  5.2214E+21  9.8325E+35
  8.9130E+02  6.9501E+35  7.4236E+34  2.0673E+21  6.2077E+35
  1.0000E+03  4.2975E+35  3.7616E+34  8.2001E+20  3.9213E+35
