  1.0000E-03  8.8841E+44  0.0000E+00  1.1792E+43  8.7662E+44
  1.1220E-03  9.9775E+44  0.0000E+00  1.4171E+43  9.8357E+44
  1.2590E-03  1.1200E+45  0.0000E+00  1.6280E+43  1.1037E+45
  1.4130E-03  1.2567E+45  0.0000E+00  1.8021E+43  1.2387E+45
  1.5850E-03  1.4091E+45  0.0000E+00  1.9681E+43  1.3894E+45
  1.7780E-03  1.5833E+45  0.0000E+00  2.4715E+43  1.5586E+45
  1.9950E-03  1.7766E+45  0.0000E+00  2.7824E+43  1.7488E+45
  2.2390E-03  1.9913E+45  0.0000E+00  2.8604E+43  1.9627E+45
  2.5120E-03  2.2401E+45  0.0000E+00  3.8110E+43  2.2020E+45
  2.8180E-03  2.5121E+45  0.0000E+00  4.1896E+43  2.4702E+45
  3.1620E-03  2.8161E+45  0.0000E+00  4.4209E+43  2.7718E+45
  3.5480E-03  3.1560E+45  0.0000E+00  4.5696E+43  3.1103E+45
  3.9810E-03  3.5364E+45  0.0000E+00  4.6543E+43  3.4898E+45
  4.4670E-03  4.0006E+45  0.0000E+00  8.4763E+43  3.9158E+45
  5.0120E-03  4.4910E+45  0.0000E+00  9.7417E+43  4.3936E+45
  5.6230E-03  5.0376E+45  0.0000E+00  1.0839E+44  4.9292E+45
  5.9570E-03  5.3353E+45  0.0000E+00  1.1329E+44  5.2220E+45
  6.6830E-03  5.9808E+45  0.0000E+00  1.2232E+44  5.8585E+45
  7.4990E-03  6.7063E+45  0.0000E+00  1.3246E+44  6.5738E+45
  8.4140E-03  7.5174E+45  0.0000E+00  1.4155E+44  7.3758E+45
  9.4410E-03  8.4258E+45  0.0000E+00  1.4972E+44  8.2761E+45
  1.0590E-02  9.4378E+45  0.0000E+00  1.5452E+44  9.2833E+45
  1.1890E-02  1.0595E+46  0.0000E+00  1.7228E+44  1.0423E+46
  1.3340E-02  1.1876E+46  0.0000E+00  1.8200E+44  1.1694E+46
  1.4960E-02  1.3308E+46  0.0000E+00  1.9437E+44  1.3114E+46
  1.6790E-02  1.4924E+46  0.0000E+00  2.0552E+44  1.4718E+46
  1.8840E-02  1.6731E+46  0.0000E+00  2.1588E+44  1.6515E+46
  2.1130E-02  1.8755E+46  0.0000E+00  2.3128E+44  1.8524E+46
  2.3710E-02  2.1030E+46  0.0000E+00  2.4566E+44  2.0785E+46
  2.6610E-02  2.3586E+46  0.0000E+00  2.5966E+44  2.3326E+46
  2.9850E-02  2.6440E+46  5.7276E-83  2.7334E+44  2.6166E+46
  3.3500E-02  2.9653E+46  3.6765E-68  2.8654E+44  2.9367E+46
  3.7580E-02  3.3252E+46  4.6112E-55  3.0954E+44  3.2942E+46
  4.2170E-02  3.7331E+46  2.0092E-43  3.6451E+44  3.6967E+46
  4.7320E-02  4.1856E+46  5.3576E-33  3.7376E+44  4.1482E+46
  5.3090E-02  4.3562E+46  9.7282E-24  3.5007E+44  4.3212E+46
  6.6830E-02  4.1512E+46  3.5755E-08  2.4393E+44  4.1268E+46
  7.4990E-02  4.0524E+46  1.1859E-01  1.9533E+44  4.0328E+46
  8.4140E-02  3.9606E+46  6.2168E+04  1.9545E+44  3.9410E+46
  9.4410E-02  3.8712E+46  7.4684E+09  1.9920E+44  3.8513E+46
  1.0590E-01  3.5276E+46  2.1150E+14  2.2032E+44  3.5055E+46
  1.1890E-01  2.9689E+46  1.5801E+18  2.2114E+44  2.9467E+46
  1.3340E-01  2.5014E+46  3.1416E+21  2.1863E+44  2.4795E+46
  1.4960E-01  2.1071E+46  3.5258E+24  1.9286E+44  2.0878E+46
  1.5850E-01  1.9323E+46  1.0361E+26  1.7787E+44  1.9145E+46
  1.7780E-01  1.6263E+46  5.4074E+28  1.4824E+44  1.6114E+46
  1.9950E-01  1.3655E+46  1.6142E+31  9.6532E+43  1.3558E+46
  2.2390E-01  1.1476E+46  1.9946E+33  7.3221E+43  1.1403E+46
  2.3710E-01  1.0547E+46  1.3289E+34  8.2269E+43  1.0464E+46
  2.5120E-01  9.6851E+45  7.5661E+34  8.9276E+43  9.5958E+45
  2.6610E-01  8.8911E+45  4.0359E+35  8.9924E+43  8.8012E+45
  2.8180E-01  8.1630E+45  1.9792E+36  8.6889E+43  8.0761E+45
  2.9850E-01  7.4907E+45  8.8563E+36  8.2827E+43  7.4079E+45
  3.1620E-01  6.8736E+45  3.5645E+37  7.8985E+43  6.7947E+45
  3.3500E-01  6.3059E+45  1.3111E+38  7.5094E+43  6.2308E+45
  3.5480E-01  5.7875E+45  4.4195E+38  7.1023E+43  5.7165E+45
  3.7580E-01  5.3111E+45  1.3795E+39  6.6973E+43  5.2442E+45
  3.9810E-01  4.8729E+45  3.9678E+39  6.3171E+43  4.8097E+45
  4.2170E-01  4.4712E+45  1.0501E+40  5.9580E+43  4.4116E+45
  4.4670E-01  4.1030E+45  2.5781E+40  5.6344E+43  4.0466E+45
  4.7320E-01  3.7647E+45  5.9595E+40  5.3151E+43  3.7115E+45
  5.0120E-01  3.4549E+45  1.3008E+41  4.9965E+43  3.4048E+45
  5.3090E-01  3.1703E+45  2.6967E+41  4.6804E+43  3.1232E+45
  5.6230E-01  2.9095E+45  5.2994E+41  4.3814E+43  2.8651E+45
  5.9570E-01  2.6695E+45  9.9410E+41  4.0922E+43  2.6276E+45
  6.3100E-01  2.4502E+45  1.7793E+42  3.8120E+43  2.4103E+45
  6.6830E-01  2.2498E+45  3.0443E+42  3.5380E+43  2.2114E+45
  7.0790E-01  2.0662E+45  4.9979E+42  3.2794E+43  2.0284E+45
  7.4990E-01  1.8987E+45  7.8836E+42  3.0332E+43  1.8605E+45
  7.9430E-01  1.7465E+45  1.1967E+43  2.7967E+43  1.7066E+45
  8.4140E-01  1.6086E+45  1.7557E+43  2.5700E+43  1.5653E+45
  8.9130E-01  1.4842E+45  2.4978E+43  2.3513E+43  1.4357E+45
  9.4410E-01  1.3729E+45  3.4461E+43  2.1438E+43  1.3170E+45
  1.0000E+00  1.2738E+45  4.6173E+43  1.9483E+43  1.2081E+45
  1.0590E+00  1.1864E+45  6.0181E+43  1.7678E+43  1.1086E+45
  1.1220E+00  1.1093E+45  7.6800E+43  1.5988E+43  1.0165E+45
  1.1890E+00  1.0423E+45  9.6094E+43  1.4389E+43  9.3183E+44
  1.2590E+00  9.8557E+44  1.1751E+44  1.2860E+43  8.5520E+44
  1.3340E+00  9.3675E+44  1.4120E+44  1.1444E+43  7.8411E+44
  1.4130E+00  8.9550E+44  1.6606E+44  1.0173E+43  7.1927E+44
  1.4960E+00  8.6098E+44  1.9170E+44  9.0181E+42  6.6026E+44
  1.5850E+00  8.3199E+44  2.1861E+44  7.9483E+42  6.0543E+44
  1.6790E+00  8.0762E+44  2.4537E+44  6.9453E+42  5.5530E+44
  1.7780E+00  7.8653E+44  2.7096E+44  5.9978E+42  5.0957E+44
  1.8840E+00  7.6800E+44  2.9571E+44  5.1113E+42  4.6719E+44
  1.9950E+00  7.5111E+44  3.1807E+44  4.2936E+42  4.2875E+44
  2.1130E+00  7.3492E+44  3.3804E+44  3.5555E+42  3.9333E+44
  2.2390E+00  7.1839E+44  3.5488E+44  2.9032E+42  3.6061E+44
  2.3710E+00  7.0089E+44  3.6764E+44  2.3391E+42  3.3092E+44
  2.5120E+00  6.8219E+44  3.7688E+44  1.8638E+42  3.0344E+44
  2.6610E+00  6.6174E+44  3.8195E+44  1.4698E+42  2.7832E+44
  2.8180E+00  6.3901E+44  3.8248E+44  1.1475E+42  2.5538E+44
  2.9850E+00  6.1432E+44  3.7917E+44  8.8817E+41  2.3426E+44
  3.1620E+00  5.8753E+44  3.7198E+44  6.8182E+41  2.1487E+44
  3.3500E+00  5.6012E+44  3.6256E+44  5.2051E+41  1.9704E+44
  3.5480E+00  5.3057E+44  3.4940E+44  3.9419E+41  1.8078E+44
  3.7580E+00  5.0032E+44  3.3419E+44  2.9670E+41  1.6583E+44
  3.9810E+00  4.6968E+44  3.1736E+44  2.2204E+41  1.5210E+44
  4.2170E+00  4.3888E+44  2.9920E+44  1.6525E+41  1.3951E+44
  4.4670E+00  4.0833E+44  2.8024E+44  1.2234E+41  1.2796E+44
  4.7320E+00  3.7877E+44  2.6132E+44  9.0148E+40  1.1737E+44
  5.0120E+00  3.5079E+44  2.4282E+44  6.6233E+40  1.0791E+44
  5.3090E+00  3.2099E+44  2.2491E+44  4.8032E+40  9.6024E+43
  5.6230E+00  2.9291E+44  2.0807E+44  3.4662E+40  8.4805E+43
  5.9570E+00  2.6695E+44  1.9261E+44  2.4925E+40  7.4316E+43
  6.3100E+00  2.4161E+44  1.7688E+44  1.7755E+40  6.4710E+43
  6.6830E+00  2.1994E+44  1.6392E+44  1.2672E+40  5.6014E+43
  7.0790E+00  1.9893E+44  1.5073E+44  8.9253E+39  4.8190E+43
  7.4990E+00  1.8880E+44  1.4756E+44  6.4950E+39  4.1229E+43
  7.9430E+00  2.2130E+44  1.8619E+44  5.7658E+39  3.5109E+43
  8.4140E+00  2.9415E+44  2.6439E+44  6.1251E+39  2.9752E+43
  8.9130E+00  3.5089E+44  3.2578E+44  6.2829E+39  2.5104E+43
  9.4410E+00  3.8914E+44  3.6803E+44  6.6893E+39  2.1101E+43
  1.0000E+01  3.2937E+44  3.1170E+44  4.9397E+39  1.7671E+43
  1.0590E+01  2.6406E+44  2.4930E+44  3.3672E+39  1.4758E+43
  1.1220E+01  2.0209E+44  1.8982E+44  2.0465E+39  1.2267E+43
  1.1890E+01  1.5709E+44  1.4693E+44  1.2605E+39  1.0159E+43
  1.2590E+01  1.2314E+44  1.1473E+44  7.6469E+38  8.4119E+42
  1.3340E+01  9.8685E+43  9.1752E+43  4.6525E+38  6.9319E+42
  1.4130E+01  8.4358E+43  7.8653E+43  2.9443E+38  5.7050E+42
  1.4960E+01  8.2141E+43  7.7449E+43  2.1620E+38  4.6919E+42
  1.5850E+01  8.2775E+43  7.8934E+43  1.7095E+38  3.8414E+42
  1.6790E+01  8.3873E+43  8.0732E+43  1.4124E+38  3.1409E+42
  1.7780E+01  8.3079E+43  8.0513E+43  1.1769E+38  2.5663E+42
  1.8840E+01  7.8852E+43  7.6763E+43  9.4504E+37  2.0888E+42
  1.9950E+01  7.1914E+43  7.0212E+43  7.0979E+37  1.7013E+42
  2.1130E+01  6.5447E+43  6.4064E+43  5.1482E+37  1.3827E+42
  2.2390E+01  6.0253E+43  5.9133E+43  3.7548E+37  1.1203E+42
  2.3710E+01  5.5903E+43  5.4994E+43  2.7434E+37  9.0864E+41
  2.5120E+01  5.1978E+43  5.1243E+43  2.0112E+37  7.3479E+41
  2.6610E+01  4.8219E+43  4.7625E+43  1.4668E+37  5.9383E+41
  2.8180E+01  4.4510E+43  4.4030E+43  1.0673E+37  4.7994E+41
  2.9850E+01  4.0700E+43  4.0313E+43  7.7117E+36  3.8717E+41
  3.1620E+01  3.6750E+43  3.6438E+43  5.5055E+36  3.1199E+41
  3.3500E+01  3.2700E+43  3.2449E+43  3.8786E+36  2.5106E+41
  3.5480E+01  2.8660E+43  2.8458E+43  2.6956E+36  2.0210E+41
  3.7580E+01  2.4706E+43  2.4543E+43  1.8443E+36  1.6253E+41
  3.9810E+01  2.0918E+43  2.0788E+43  1.2413E+36  1.3054E+41
  4.2170E+01  1.7432E+43  1.7328E+43  8.2237E+35  1.0479E+41
  4.4670E+01  1.4315E+43  1.4231E+43  5.3628E+35  8.4074E+40
  4.7320E+01  1.1601E+43  1.1534E+43  3.4491E+35  6.7400E+40
  5.0120E+01  9.2921E+42  9.2381E+42  2.1911E+35  5.4034E+40
  5.3090E+01  7.3596E+42  7.3163E+42  1.3758E+35  4.3282E+40
  5.6230E+01  5.7749E+42  5.7402E+42  8.5537E+34  3.4667E+40
  5.9570E+01  4.4884E+42  4.4607E+42  5.2653E+34  2.7728E+40
  6.3100E+01  3.4632E+42  3.4410E+42  3.2167E+34  2.2180E+40
  6.6830E+01  2.6549E+42  2.6371E+42  1.9521E+34  1.7744E+40
  7.0790E+01  2.0228E+42  2.0086E+42  1.1772E+34  1.4183E+40
  7.4990E+01  1.5324E+42  1.5210E+42  7.0581E+33  1.1329E+40
  7.9430E+01  1.1557E+42  1.1466E+42  4.2136E+33  9.0505E+39
  8.4140E+01  8.6781E+41  8.6059E+41  2.5040E+33  7.2256E+39
  8.9130E+01  6.4957E+41  6.4380E+41  1.4836E+33  5.7665E+39
  9.4410E+01  4.8474E+41  4.8014E+41  8.7642E+32  4.6021E+39
  1.0000E+02  3.6068E+41  3.5700E+41  5.1627E+32  3.6722E+39
  1.0590E+02  2.6797E+41  2.6504E+41  3.0378E+32  2.9317E+39
  1.1220E+02  1.9869E+41  1.9635E+41  1.7833E+32  2.3358E+39
  1.1890E+02  1.4737E+41  1.4551E+41  1.0475E+32  1.8590E+39
  1.2590E+02  1.0992E+41  1.0844E+41  6.1891E+31  1.4838E+39
  1.3340E+02  8.2181E+40  8.1000E+40  3.6713E+31  1.1811E+39
  1.4130E+02  6.0964E+40  6.0023E+40  2.1690E+31  9.4117E+38
  1.4960E+02  4.4311E+40  4.3560E+40  1.2547E+31  7.5121E+38
  1.5850E+02  3.1962E+40  3.1364E+40  7.1848E+30  5.9781E+38
  1.7780E+02  1.6772E+40  1.6392E+40  2.3735E+30  3.7942E+38
  1.9950E+02  8.8181E+39  8.5777E+39  7.8641E+29  2.4043E+38
  2.2390E+02  4.6283E+39  4.4761E+39  2.6056E+29  1.5216E+38
  2.5120E+02  2.4275E+39  2.3311E+39  8.6395E+28  9.6376E+37
  2.8180E+02  1.2713E+39  1.2102E+39  2.8653E+28  6.1043E+37
  3.1620E+02  6.6448E+38  6.2586E+38  9.5007E+27  3.8617E+37
  3.5480E+02  3.4720E+38  3.2278E+38  3.1543E+27  2.4421E+37
  3.9810E+02  1.8148E+38  1.6603E+38  1.0501E+27  1.5442E+37
  4.4670E+02  9.4956E+37  8.5196E+37  3.5076E+26  9.7603E+36
  5.0120E+02  4.9802E+37  4.3633E+37  1.1774E+26  6.1695E+36
  5.6230E+02  2.6213E+37  2.2313E+37  3.9764E+25  3.9003E+36
  6.3100E+02  1.3843E+37  1.1380E+37  1.3515E+25  2.4629E+36
  7.0790E+02  7.3578E+36  5.8010E+36  4.6366E+24  1.5568E+36
  7.9430E+02  3.9339E+36  2.9507E+36  1.6044E+24  9.8325E+35
  8.9130E+02  2.1192E+36  1.4984E+36  5.6080E+23  6.2077E+35
  1.0000E+03  1.1525E+36  7.6038E+35  1.9832E+23  3.9214E+35
