  1.0000E-03  9.1809E+44  0.0000E+00  4.1468E+43  8.7662E+44
  1.1220E-03  1.0183E+45  0.0000E+00  3.4715E+43  9.8357E+44
  1.2590E-03  1.1328E+45  0.0000E+00  2.9090E+43  1.1037E+45
  1.4130E-03  1.2632E+45  0.0000E+00  2.4513E+43  1.2387E+45
  1.5850E-03  1.4113E+45  0.0000E+00  2.1828E+43  1.3894E+45
  1.7780E-03  1.5833E+45  0.0000E+00  2.4743E+43  1.5586E+45
  1.9950E-03  1.7698E+45  0.0000E+00  2.1006E+43  1.7488E+45
  2.2390E-03  1.9810E+45  0.0000E+00  1.8228E+43  1.9627E+45
  2.5120E-03  2.2228E+45  0.0000E+00  2.0830E+43  2.2020E+45
  2.8180E-03  2.4888E+45  0.0000E+00  1.8624E+43  2.4702E+45
  3.1620E-03  2.7891E+45  0.0000E+00  1.7247E+43  2.7718E+45
  3.5480E-03  3.1264E+45  0.0000E+00  1.6151E+43  3.1103E+45
  3.9810E-03  3.5049E+45  0.0000E+00  1.5060E+43  3.4898E+45
  4.4670E-03  3.9981E+45  0.0000E+00  8.2232E+43  3.9158E+45
  5.0120E-03  4.4686E+45  0.0000E+00  7.5060E+43  4.3936E+45
  5.6230E-03  5.0025E+45  0.0000E+00  7.3213E+43  4.9292E+45
  5.9570E-03  5.2958E+45  0.0000E+00  7.3723E+43  5.2220E+45
  6.6830E-03  5.9348E+45  0.0000E+00  7.6323E+43  5.8585E+45
  7.4990E-03  6.6540E+45  0.0000E+00  8.0202E+43  6.5738E+45
  8.4140E-03  7.4600E+45  0.0000E+00  8.4122E+43  7.3758E+45
  9.4410E-03  8.3635E+45  0.0000E+00  8.7374E+43  8.2761E+45
  1.0590E-02  9.3724E+45  0.0000E+00  8.9115E+43  9.2833E+45
  1.1890E-02  1.0518E+46  0.0000E+00  9.4649E+43  1.0423E+46
  1.3340E-02  1.1792E+46  0.0000E+00  9.7733E+43  1.1694E+46
  1.4960E-02  1.3215E+46  0.0000E+00  1.0138E+44  1.3114E+46
  1.6790E-02  1.4823E+46  0.0000E+00  1.0474E+44  1.4718E+46
  1.8840E-02  1.6623E+46  0.0000E+00  1.0798E+44  1.6515E+46
  2.1130E-02  1.8636E+46  0.0000E+00  1.1206E+44  1.8524E+46
  2.3710E-02  2.0901E+46  0.0000E+00  1.1605E+44  2.0785E+46
  2.6610E-02  2.3446E+46  0.0000E+00  1.1990E+44  2.3326E+46
  2.9850E-02  2.6290E+46  3.0921E-86  1.2338E+44  2.6166E+46
  3.3500E-02  2.9493E+46  3.3588E-71  1.2611E+44  2.9367E+46
  3.7580E-02  3.3077E+46  6.9717E-58  1.3428E+44  3.2942E+46
  4.2170E-02  3.7129E+46  4.6004E-46  1.6177E+44  3.6967E+46
  4.7320E-02  4.1639E+46  1.6481E-35  1.5751E+44  4.1482E+46
  5.3090E-02  4.3349E+46  3.7875E-26  1.3659E+44  4.3212E+46
  6.6830E-02  4.1339E+46  1.7269E-10  7.1205E+43  4.1268E+46
  7.4990E-02  4.0373E+46  5.8420E-04  4.4534E+43  4.0328E+46
  8.4140E-02  3.9459E+46  4.5565E+02  4.9101E+43  3.9410E+46
  9.4410E-02  3.8566E+46  7.5741E+07  5.3669E+43  3.8513E+46
  1.0590E-01  3.5129E+46  3.6957E+12  7.3628E+43  3.5055E+46
  1.1890E-01  2.9556E+46  4.8396E+16  8.8976E+43  2.9467E+46
  1.3340E-01  2.4894E+46  1.3476E+20  9.8137E+43  2.4795E+46
  1.4960E-01  2.0962E+46  2.0284E+23  8.3055E+43  2.0878E+46
  1.5850E-01  1.9215E+46  6.6964E+24  6.9392E+43  1.9145E+46
  1.7780E-01  1.6162E+46  3.8229E+27  4.7982E+43  1.6114E+46
  1.9950E-01  1.3584E+46  1.0259E+30  2.6184E+43  1.3558E+46
  2.2390E-01  1.1422E+46  1.2960E+32  1.9137E+43  1.1403E+46
  2.3710E-01  1.0488E+46  1.0651E+33  2.3821E+43  1.0464E+46
  2.5120E-01  9.6237E+45  7.3562E+33  2.7879E+43  9.5958E+45
  2.6610E-01  8.8301E+45  4.5490E+34  2.8928E+43  8.8012E+45
  2.8180E-01  8.1043E+45  2.5184E+35  2.8207E+43  8.0761E+45
  2.9850E-01  7.4349E+45  1.2554E+36  2.6973E+43  7.4079E+45
  3.1620E-01  6.8205E+45  5.5965E+36  2.5848E+43  6.7947E+45
  3.3500E-01  6.2555E+45  2.2701E+37  2.4667E+43  6.2308E+45
  3.5480E-01  5.7399E+45  8.3896E+37  2.3420E+43  5.7165E+45
  3.7580E-01  5.2663E+45  2.8568E+38  2.2168E+43  5.2442E+45
  3.9810E-01  4.8308E+45  8.9249E+38  2.1031E+43  4.8097E+45
  4.2170E-01  4.4317E+45  2.5580E+39  2.0018E+43  4.4116E+45
  4.4670E-01  4.0658E+45  6.7772E+39  1.9133E+43  4.0466E+45
  4.7320E-01  3.7298E+45  1.6831E+40  1.8266E+43  3.7115E+45
  5.0120E-01  3.4222E+45  3.9277E+40  1.7399E+43  3.4048E+45
  5.3090E-01  3.1398E+45  8.6657E+40  1.6557E+43  3.1232E+45
  5.6230E-01  2.8811E+45  1.8027E+41  1.5779E+43  2.8651E+45
  5.9570E-01  2.6430E+45  3.5630E+41  1.5064E+43  2.6276E+45
  6.3100E-01  2.4254E+45  6.6912E+41  1.4416E+43  2.4103E+45
  6.6830E-01  2.2264E+45  1.1961E+42  1.3847E+43  2.2114E+45
  7.0790E-01  2.0439E+45  2.0451E+42  1.3396E+43  2.0284E+45
  7.4990E-01  1.8769E+45  3.3482E+42  1.3053E+43  1.8605E+45
  7.9430E-01  1.7247E+45  5.2633E+42  1.2847E+43  1.7066E+45
  8.4140E-01  1.5861E+45  7.9796E+42  1.2836E+43  1.5653E+45
  8.9130E-01  1.4605E+45  1.1734E+43  1.3073E+43  1.4357E+45
  9.4410E-01  1.3473E+45  1.6709E+43  1.3598E+43  1.3170E+45
  1.0000E+00  1.2456E+45  2.3052E+43  1.4393E+43  1.2081E+45
  1.0590E+00  1.1550E+45  3.0908E+43  1.5493E+43  1.1086E+45
  1.1220E+00  1.0740E+45  4.0590E+43  1.6913E+43  1.0165E+45
  1.1890E+00  1.0028E+45  5.2336E+43  1.8650E+43  9.3183E+44
  1.2590E+00  9.4208E+44  6.6207E+43  2.0666E+43  8.5520E+44
  1.3340E+00  8.8939E+44  8.2323E+43  2.2957E+43  7.8411E+44
  1.4130E+00  8.4469E+44  1.0001E+44  2.5405E+43  7.1927E+44
  1.4960E+00  8.0735E+44  1.1918E+44  2.7914E+43  6.6026E+44
  1.5850E+00  7.7609E+44  1.4023E+44  3.0427E+43  6.0543E+44
  1.6790E+00  7.5070E+44  1.6261E+44  3.2784E+43  5.5530E+44
  1.7780E+00  7.3023E+44  1.8586E+44  3.4794E+43  5.0957E+44
  1.8840E+00  7.1348E+44  2.0995E+44  3.6347E+43  4.6719E+44
  1.9950E+00  6.9994E+44  2.3390E+44  3.7292E+43  4.2875E+44
  2.1130E+00  6.8824E+44  2.5729E+44  3.7618E+43  3.9333E+44
  2.2390E+00  6.7722E+44  2.7928E+44  3.7337E+43  3.6061E+44
  2.3710E+00  6.6653E+44  2.9916E+44  3.6461E+43  3.3092E+44
  2.5120E+00  6.5542E+44  3.1687E+44  3.5103E+43  3.0344E+44
  2.6610E+00  6.4353E+44  3.3191E+44  3.3300E+43  2.7832E+44
  2.8180E+00  6.3044E+44  3.4395E+44  3.1105E+43  2.5538E+44
  2.9850E+00  6.1593E+44  3.5306E+44  2.8599E+43  2.3426E+44
  3.1620E+00  5.9968E+44  3.5894E+44  2.5872E+43  2.1487E+44
  3.3500E+00  5.8191E+44  3.6190E+44  2.2978E+43  1.9704E+44
  3.5480E+00  5.6219E+44  3.6133E+44  2.0083E+43  1.8078E+44
  3.7580E+00  5.4066E+44  3.5758E+44  1.7247E+43  1.6583E+44
  3.9810E+00  5.1728E+44  3.5063E+44  1.4559E+43  1.5210E+44
  4.2170E+00  4.9232E+44  3.4072E+44  1.2091E+43  1.3951E+44
  4.4670E+00  4.6606E+44  3.2821E+44  9.8861E+42  1.2796E+44
  4.7320E+00  4.3879E+44  3.1348E+44  7.9510E+42  1.1737E+44
  5.0120E+00  4.1124E+44  2.9703E+44  6.3000E+42  1.0791E+44
  5.3090E+00  3.8009E+44  2.7917E+44  4.8954E+42  9.6024E+43
  5.6230E+00  3.4906E+44  2.6051E+44  3.7435E+42  8.4805E+43
  5.9570E+00  3.1871E+44  2.4158E+44  2.8195E+42  7.4316E+43
  6.3100E+00  2.8897E+44  2.2216E+44  2.0941E+42  6.4710E+43
  6.6830E+00  2.6241E+44  2.0485E+44  1.5435E+42  5.6014E+43
  7.0790E+00  2.3691E+44  1.8760E+44  1.1200E+42  4.8190E+43
  7.4990E+00  2.1306E+44  1.7106E+44  7.7049E+41  4.1229E+43
  7.9430E+00  1.9029E+44  1.5473E+44  4.5047E+41  3.5109E+43
  8.4140E+00  1.6606E+44  1.3607E+44  2.3717E+41  2.9752E+43
  8.9130E+00  1.4515E+44  1.1990E+44  1.4118E+41  2.5104E+43
  9.4410E+00  1.2815E+44  1.0695E+44  9.9678E+40  2.1101E+43
  1.0000E+01  1.1941E+44  1.0165E+44  9.0987E+40  1.7671E+43
  1.0590E+01  1.1283E+44  9.7984E+43  8.5967E+40  1.4758E+43
  1.1220E+01  1.0720E+44  9.4851E+43  7.8170E+40  1.2267E+43
  1.1890E+01  9.9890E+43  8.9664E+43  6.6756E+40  1.0159E+43
  1.2590E+01  9.1597E+43  8.3132E+43  5.3699E+40  8.4119E+42
  1.3340E+01  8.2157E+43  7.5185E+43  4.0383E+40  6.9319E+42
  1.4130E+01  7.3434E+43  6.7701E+43  2.8316E+40  5.7050E+42
  1.4960E+01  6.7919E+43  6.3208E+43  1.9459E+40  4.6919E+42
  1.5850E+01  6.3215E+43  5.9360E+43  1.3734E+40  3.8414E+42
  1.6790E+01  5.8590E+43  5.5439E+43  1.0002E+40  3.1409E+42
  1.7780E+01  5.3749E+43  5.1175E+43  7.5696E+39  2.5663E+42
  1.8840E+01  4.8634E+43  4.6539E+43  5.8868E+39  2.0888E+42
  1.9950E+01  4.3392E+43  4.1686E+43  4.5543E+39  1.7013E+42
  2.1130E+01  3.8274E+43  3.6888E+43  3.3937E+39  1.3827E+42
  2.2390E+01  3.3497E+43  3.2374E+43  2.4812E+39  1.1203E+42
  2.3710E+01  2.9157E+43  2.8246E+43  1.7864E+39  9.0864E+41
  2.5120E+01  2.5177E+43  2.4441E+43  1.2728E+39  7.3479E+41
  2.6610E+01  2.1579E+43  2.0984E+43  8.9518E+38  5.9383E+41
  2.8180E+01  1.8367E+43  1.7886E+43  6.2487E+38  4.7994E+41
  2.9850E+01  1.5490E+43  1.5103E+43  4.3214E+38  3.8717E+41
  3.1620E+01  1.2937E+43  1.2625E+43  2.9556E+38  3.1199E+41
  3.3500E+01  1.0693E+43  1.0441E+43  1.9994E+38  2.5106E+41
  3.5480E+01  8.7563E+42  8.5541E+42  1.3394E+38  2.0210E+41
  3.7580E+01  7.0916E+42  6.9289E+42  8.8701E+37  1.6253E+41
  3.9810E+01  5.6709E+42  5.5403E+42  5.8050E+37  1.3054E+41
  4.2170E+01  4.4854E+42  4.3806E+42  3.7534E+37  1.0479E+41
  4.4670E+01  3.5106E+42  3.4265E+42  2.3956E+37  8.4074E+40
  4.7320E+01  2.7213E+42  2.6538E+42  1.5109E+37  6.7400E+40
  5.0120E+01  2.0917E+42  2.0377E+42  9.4279E+36  5.4034E+40
  5.3090E+01  1.5943E+42  1.5510E+42  5.8212E+36  4.3282E+40
  5.6230E+01  1.2069E+42  1.1722E+42  3.5618E+36  3.4667E+40
  5.9570E+01  9.0676E+41  8.7903E+41  2.1586E+36  2.7728E+40
  6.3100E+01  6.7778E+41  6.5560E+41  1.2991E+36  2.2180E+40
  6.6830E+01  5.0432E+41  4.8658E+41  7.7698E+35  1.7744E+40
  7.0790E+01  3.7359E+41  3.5941E+41  4.6190E+35  1.4183E+40
  7.4990E+01  2.7563E+41  2.6430E+41  2.7313E+35  1.1329E+40
  7.9430E+01  2.0282E+41  1.9377E+41  1.6091E+35  9.0505E+39
  8.4140E+01  1.4883E+41  1.4160E+41  9.4413E+34  7.2256E+39
  8.9130E+01  1.0904E+41  1.0327E+41  5.5265E+34  5.7665E+39
  9.4410E+01  7.9781E+40  7.5179E+40  3.2280E+34  4.6021E+39
  1.0000E+02  5.8300E+40  5.4628E+40  1.8818E+34  3.6722E+39
  1.0590E+02  4.2611E+40  3.9680E+40  1.0968E+34  2.9317E+39
  1.1220E+02  3.1116E+40  2.8781E+40  6.3807E+33  2.3358E+39
  1.1890E+02  2.2754E+40  2.0895E+40  3.7159E+33  1.8590E+39
  1.2590E+02  1.6750E+40  1.5266E+40  2.1779E+33  1.4838E+39
  1.3340E+02  1.2363E+40  1.1182E+40  1.2813E+33  1.1811E+39
  1.4130E+02  9.0837E+39  8.1425E+39  7.5296E+32  9.4117E+38
  1.4960E+02  6.5785E+39  5.8273E+39  4.3559E+32  7.5121E+38
  1.5850E+02  4.7393E+39  4.1415E+39  2.4996E+32  5.9781E+38
  1.7780E+02  2.4911E+39  2.1117E+39  8.3184E+31  3.7942E+38
  1.9950E+02  1.3205E+39  1.0801E+39  2.7913E+31  2.4043E+38
  2.2390E+02  7.0433E+38  5.5217E+38  9.4295E+30  1.5216E+38
  2.5120E+02  3.7871E+38  2.8234E+38  3.2120E+30  9.6376E+37
  2.8180E+02  2.0524E+38  1.4419E+38  1.1032E+30  6.1043E+37
  3.1620E+02  1.1209E+38  7.3477E+37  3.8200E+29  3.8617E+37
  3.5480E+02  6.1818E+37  3.7397E+37  1.3356E+29  2.4421E+37
  3.9810E+02  3.4451E+37  1.9010E+37  4.7208E+28  1.5442E+37
  4.4670E+02  1.9411E+37  9.6504E+36  1.6871E+28  9.7603E+36
  5.0120E+02  1.1065E+37  4.8951E+36  6.0999E+27  6.1695E+36
  5.6230E+02  6.3820E+36  2.4817E+36  2.2308E+27  3.9003E+36
  6.3100E+02  3.7188E+36  1.2559E+36  8.2414E+26  2.4629E+36
  7.0790E+02  2.1925E+36  6.3572E+35  3.0796E+26  1.5568E+36
  7.9430E+02  1.3046E+36  3.2132E+35  1.1608E+26  9.8325E+35
  8.9130E+02  7.8302E+35  1.6225E+35  4.4119E+25  6.2077E+35
  1.0000E+03  4.7405E+35  8.1920E+34  1.6908E+25  3.9214E+35
