  1.0000E-03  5.1101E+44  0.0000E+00  7.1393E+42  5.0387E+44
  1.1220E-03  4.9966E+44  0.0000E+00  8.1966E+42  4.9147E+44
  1.2590E-03  4.8415E+44  0.0000E+00  8.9607E+42  4.7519E+44
  1.4130E-03  4.6592E+44  0.0000E+00  9.3618E+42  4.5656E+44
  1.5850E-03  4.5836E+44  0.0000E+00  9.5631E+42  4.4879E+44
  1.7780E-03  4.9238E+44  0.0000E+00  1.1228E+43  4.8115E+44
  1.9950E-03  4.2809E+44  0.0000E+00  1.1383E+43  4.1671E+44
  2.2390E-03  3.9410E+44  0.0000E+00  1.0450E+43  3.8365E+44
  2.5120E-03  4.0719E+44  0.0000E+00  1.2664E+43  3.9453E+44
  2.8180E-03  3.1798E+44  0.0000E+00  1.1932E+43  3.0605E+44
  3.1620E-03  2.5744E+44  0.0000E+00  1.0807E+43  2.4663E+44
  3.5480E-03  2.1226E+44  0.0000E+00  9.6224E+42  2.0263E+44
  3.9810E-03  1.7986E+44  0.0000E+00  8.5427E+42  1.7132E+44
  4.4670E-03  6.3183E+44  0.0000E+00  4.1256E+43  5.9058E+44
  5.0120E-03  4.8279E+44  0.0000E+00  3.7530E+43  4.4526E+44
  5.6230E-03  3.6950E+44  0.0000E+00  3.2667E+43  3.3683E+44
  5.9570E-03  3.2579E+44  0.0000E+00  3.0238E+43  2.9555E+44
  6.6830E-03  2.6284E+44  0.0000E+00  2.6102E+43  2.3674E+44
  7.4990E-03  2.2649E+44  0.0000E+00  2.3145E+43  2.0335E+44
  8.4140E-03  1.8630E+44  0.0000E+00  2.0117E+43  1.6619E+44
  9.4410E-03  1.6213E+44  0.0000E+00  1.7657E+43  1.4447E+44
  1.0590E-02  1.5947E+44  0.0000E+00  1.5637E+43  1.4383E+44
  1.1890E-02  1.3564E+44  0.0000E+00  1.4545E+43  1.2109E+44
  1.3340E-02  1.2231E+44  0.0000E+00  1.2921E+43  1.0938E+44
  1.4960E-02  1.0472E+44  0.0000E+00  1.1431E+43  9.3288E+43
  1.6790E-02  9.1631E+43  0.0000E+00  1.0037E+43  8.1593E+43
  1.8840E-02  8.2432E+43  0.0000E+00  8.7976E+42  7.3635E+43
  2.1130E-02  7.2460E+43  0.0000E+00  7.8393E+42  6.4621E+43
  2.3710E-02  6.3043E+43  0.0000E+00  6.8676E+42  5.6176E+43
  2.6610E-02  5.3632E+43  0.0000E+00  5.9025E+42  4.7730E+43
  2.9850E-02  4.5728E+43  1.2384E-85  5.0191E+42  4.0709E+43
  3.3500E-02  3.8798E+43  5.9929E-71  4.2185E+42  3.4579E+43
  3.7580E-02  4.0382E+43  6.9913E-58  4.3711E+42  3.6011E+43
  4.2170E-02  3.4668E+43  2.3029E-46  4.1855E+42  3.0482E+43
  4.7320E-02  2.0145E+43  3.1877E-36  2.5005E+42  1.7645E+43
  5.3090E-02  9.5891E+42  2.6724E-27  1.2602E+42  8.3288E+42
  6.6830E-02  4.7612E+41  4.8361E-13  1.2764E+41  3.4848E+41
  7.4990E-02  8.7385E+40  2.3873E-07  4.1083E+40  4.6302E+40
  8.4140E-02  1.2275E+41  1.9234E-01  4.8579E+40  7.4174E+40
  9.4410E-02  1.6130E+41  3.0805E+04  5.9173E+40  1.0213E+41
  1.0590E-01  5.3077E+41  3.0670E+09  1.5667E+41  3.7410E+41
  1.1890E-01  2.0661E+42  1.0784E+14  5.3849E+41  1.5276E+42
  1.3340E-01  5.5244E+42  7.1717E+17  1.4831E+42  4.0413E+42
  1.4960E-01  9.8554E+42  1.7121E+21  2.7409E+42  7.1145E+42
  1.5850E-01  1.0354E+43  5.7437E+22  2.8848E+42  7.4695E+42
  1.7780E-01  6.7395E+42  2.3610E+25  1.6958E+42  5.0437E+42
  1.9950E-01  1.4142E+42  1.8528E+27  2.7948E+41  1.1347E+42
  2.2390E-01  5.2025E+41  9.8278E+28  9.0268E+40  4.2998E+41
  2.3710E-01  1.2598E+42  1.7225E+30  2.0241E+41  1.0573E+42
  2.5120E-01  3.1706E+42  2.7667E+31  4.6103E+41  2.7096E+42
  2.6610E-01  5.7556E+42  2.9968E+32  7.6561E+41  4.9900E+42
  2.8180E-01  8.6272E+42  2.4531E+33  1.0441E+42  7.5830E+42
  2.9850E-01  1.1662E+43  1.6449E+34  1.2988E+42  1.0363E+43
  3.1620E-01  1.5160E+43  9.5078E+34  1.5667E+42  1.3593E+43
  3.3500E-01  1.9150E+43  4.8665E+35  1.8408E+42  1.7309E+43
  3.5480E-01  2.3409E+43  2.2009E+36  2.0962E+42  2.1313E+43
  3.7580E-01  2.8470E+43  9.1619E+36  2.3493E+42  2.6120E+43
  3.9810E-01  3.3800E+43  3.4215E+37  2.6017E+42  3.1199E+43
  4.2170E-01  4.0901E+43  1.1989E+38  2.8907E+42  3.8010E+43
  4.4670E-01  4.9027E+43  3.8521E+38  3.2067E+42  4.5820E+43
  4.7320E-01  5.8384E+43  1.1560E+39  3.5255E+42  5.4857E+43
  5.0120E-01  6.8892E+43  3.2395E+39  3.8314E+42  6.5058E+43
  5.3090E-01  8.1388E+43  8.6223E+39  4.1296E+42  7.7250E+43
  5.6230E-01  9.4234E+43  2.1254E+40  4.4031E+42  8.9810E+43
  5.9570E-01  1.0774E+44  4.9267E+40  4.6494E+42  1.0304E+44
  6.3100E-01  1.2261E+44  1.0820E+41  4.8773E+42  1.1763E+44
  6.6830E-01  1.3883E+44  2.2539E+41  5.0721E+42  1.3353E+44
  7.0790E-01  1.5601E+44  4.4597E+41  5.2557E+42  1.5031E+44
  7.4990E-01  1.7303E+44  8.3398E+41  5.4098E+42  1.6679E+44
  7.9430E-01  1.9068E+44  1.4868E+42  5.5429E+42  1.8365E+44
  8.4140E-01  2.0911E+44  2.5409E+42  5.6448E+42  2.0092E+44
  8.9130E-01  2.2965E+44  4.2060E+42  5.7265E+42  2.1972E+44
  9.4410E-01  2.5066E+44  6.6825E+42  5.7559E+42  2.3822E+44
  1.0000E+00  2.7061E+44  1.0147E+43  5.7157E+42  2.5475E+44
  1.0590E+00  2.8964E+44  1.4788E+43  5.6257E+42  2.6923E+44
  1.1220E+00  3.0805E+44  2.0875E+43  5.4852E+42  2.8169E+44
  1.1890E+00  3.2624E+44  2.8638E+43  5.2875E+42  2.9231E+44
  1.2590E+00  3.4521E+44  3.8208E+43  5.0293E+42  3.0197E+44
  1.3340E+00  3.6284E+44  4.9505E+43  4.7181E+42  3.0862E+44
  1.4130E+00  3.7814E+44  6.1913E+43  4.3738E+42  3.1185E+44
  1.4960E+00  3.9149E+44  7.5180E+43  4.0077E+42  3.1230E+44
  1.5850E+00  4.0305E+44  8.9344E+43  3.6252E+42  3.1008E+44
  1.6790E+00  4.1315E+44  1.0386E+44  3.2346E+42  3.0605E+44
  1.7780E+00  4.2149E+44  1.1820E+44  2.8423E+42  3.0045E+44
  1.8840E+00  4.2752E+44  1.3214E+44  2.4575E+42  2.9292E+44
  1.9950E+00  4.3124E+44  1.4503E+44  2.0921E+42  2.8412E+44
  2.1130E+00  4.3218E+44  1.5658E+44  1.7542E+42  2.7384E+44
  2.2390E+00  4.3010E+44  1.6640E+44  1.4497E+42  2.6225E+44
  2.3710E+00  4.2541E+44  1.7421E+44  1.1829E+42  2.5001E+44
  2.5120E+00  4.1816E+44  1.8021E+44  9.5460E+41  2.3699E+44
  2.6610E+00  4.0876E+44  1.8428E+44  7.6285E+41  2.2372E+44
  2.8180E+00  3.9749E+44  1.8641E+44  6.0409E+41  2.1048E+44
  2.9850E+00  3.8472E+44  1.8693E+44  4.7457E+41  1.9731E+44
  3.1620E+00  3.7066E+44  1.8584E+44  3.7007E+41  1.8445E+44
  3.3500E+00  3.5602E+44  1.8381E+44  2.8686E+41  1.7192E+44
  3.5480E+00  3.4056E+44  1.8031E+44  2.2095E+41  1.6003E+44
  3.7580E+00  3.2472E+44  1.7589E+44  1.6918E+41  1.4867E+44
  3.9810E+00  3.0864E+44  1.7063E+44  1.2880E+41  1.3787E+44
  4.2170E+00  2.9246E+44  1.6466E+44  9.7547E+40  1.2770E+44
  4.4670E+00  2.7634E+44  1.5811E+44  7.3486E+40  1.1815E+44
  4.7320E+00  2.6047E+44  1.5123E+44  5.5053E+40  1.0919E+44
  5.0120E+00  2.4523E+44  1.4413E+44  4.1082E+40  1.0106E+44
  5.3090E+00  2.2735E+44  1.3688E+44  3.0102E+40  9.0442E+43
  5.6230E+00  2.0994E+44  1.2965E+44  2.1883E+40  8.0267E+43
  5.9570E+00  1.9326E+44  1.2261E+44  1.5795E+40  7.0630E+43
  6.3100E+00  1.7686E+44  1.1512E+44  1.1288E+40  6.1730E+43
  6.6830E+00  1.6249E+44  1.0888E+44  8.0517E+39  5.3601E+43
  7.0790E+00  1.4853E+44  1.0228E+44  5.6676E+39  4.6246E+43
  7.4990E+00  1.3731E+44  9.7789E+43  3.9667E+39  3.9519E+43
  7.9430E+00  1.3487E+44  1.0189E+44  2.9122E+39  3.2984E+43
  8.4140E+00  1.3897E+44  1.1223E+44  2.3653E+39  2.6737E+43
  8.9130E+00  1.3912E+44  1.1757E+44  2.0140E+39  2.1554E+43
  9.4410E+00  1.3594E+44  1.1860E+44  1.8772E+39  1.7333E+43
  1.0000E+01  1.2313E+44  1.0831E+44  1.4594E+39  1.4817E+43
  1.0590E+01  1.0931E+44  9.6559E+43  1.0823E+39  1.2749E+43
  1.1220E+01  9.5159E+43  8.4206E+43  7.3437E+38  1.0953E+43
  1.1890E+01  8.2418E+43  7.3126E+43  4.9500E+38  9.2920E+42
  1.2590E+01  7.1665E+43  6.3818E+43  3.2649E+38  7.8467E+42
  1.3340E+01  6.2587E+43  5.6026E+43  2.1204E+38  6.5609E+42
  1.4130E+01  5.6028E+43  5.0588E+43  1.3787E+38  5.4403E+42
  1.4960E+01  5.3152E+43  4.8695E+43  9.7172E+37  4.4573E+42
  1.5850E+01  5.1392E+43  4.7768E+43  7.2660E+37  3.6232E+42
  1.6790E+01  4.9988E+43  4.7049E+43  5.6786E+37  2.9386E+42
  1.7780E+01  4.8161E+43  4.5773E+43  4.5355E+37  2.3877E+42
  1.8840E+01  4.5333E+43  4.3390E+43  3.5636E+37  1.9436E+42
  1.9950E+01  4.1613E+43  4.0021E+43  2.6660E+37  1.5925E+42
  2.1130E+01  3.7907E+43  3.6604E+43  1.9211E+37  1.3028E+42
  2.2390E+01  3.4506E+43  3.3444E+43  1.3785E+37  1.0613E+42
  2.3710E+01  3.1354E+43  3.0490E+43  9.8393E+36  8.6470E+41
  2.5120E+01  2.8309E+43  2.7607E+43  7.0002E+36  7.0195E+41
  2.6610E+01  2.5353E+43  2.4784E+43  4.9346E+36  5.6925E+41
  2.8180E+01  2.2495E+43  2.2033E+43  3.4597E+36  4.6147E+41
  2.9850E+01  1.9709E+43  1.9335E+43  2.4035E+36  3.7329E+41
  3.1620E+01  1.7024E+43  1.6723E+43  1.6486E+36  3.0158E+41
  3.3500E+01  1.4481E+43  1.4238E+43  1.1158E+36  2.4328E+41
  3.5480E+01  1.2138E+43  1.1942E+43  7.4566E+35  1.9629E+41
  3.7580E+01  1.0015E+43  9.8566E+42  4.9113E+35  1.5821E+41
  3.9810E+01  8.1264E+42  7.9990E+42  3.1869E+35  1.2736E+41
  4.2170E+01  6.5002E+42  6.3978E+42  2.0390E+35  1.0247E+41
  4.4670E+01  5.1316E+42  5.0492E+42  1.2862E+35  8.2385E+40
  4.7320E+01  4.0046E+42  3.9384E+42  8.0144E+34  6.6179E+40
  5.0120E+01  3.0940E+42  3.0409E+42  4.9407E+34  5.3155E+40
  5.3090E+01  2.3677E+42  2.3250E+42  3.0151E+34  4.2652E+40
  5.6230E+01  1.7982E+42  1.7639E+42  1.8249E+34  3.4217E+40
  5.9570E+01  1.3548E+42  1.3274E+42  1.0951E+34  2.7407E+40
  6.3100E+01  1.0151E+42  9.9314E+41  6.5330E+33  2.1953E+40
  6.6830E+01  7.5696E+41  7.3938E+41  3.8779E+33  1.7582E+40
  7.0790E+01  5.6189E+41  5.4782E+41  2.2908E+33  1.4068E+40
  7.4990E+01  4.1538E+41  4.0413E+41  1.3477E+33  1.1248E+40
  7.9430E+01  3.0621E+41  2.9722E+41  7.9076E+32  8.9930E+39
  8.4140E+01  2.2509E+41  2.1790E+41  4.6260E+32  7.1850E+39
  8.9130E+01  1.6519E+41  1.5945E+41  2.7026E+32  5.7378E+39
  9.4410E+01  1.2105E+41  1.1646E+41  1.5770E+32  4.5817E+39
  1.0000E+02  8.8574E+40  8.4916E+40  9.1912E+31  3.6578E+39
  1.0590E+02  6.4818E+40  6.1896E+40  5.3603E+31  2.9214E+39
  1.1220E+02  4.7395E+40  4.5066E+40  3.1233E+31  2.3285E+39
  1.1890E+02  3.4715E+40  3.2861E+40  1.8235E+31  1.8539E+39
  1.2590E+02  2.5611E+40  2.4131E+40  1.0727E+31  1.4801E+39
  1.3340E+02  1.8961E+40  1.7782E+40  6.3414E+30  1.1785E+39
  1.4130E+02  1.3946E+40  1.3007E+40  3.7417E+30  9.3928E+38
  1.4960E+02  1.0066E+40  9.3159E+39  2.1694E+30  7.4988E+38
  1.5850E+02  7.2197E+39  6.6228E+39  1.2481E+30  5.9687E+38
  1.7780E+02  3.7635E+39  3.3845E+39  4.1870E+29  3.7896E+38
  1.9950E+02  1.9771E+39  1.7369E+39  1.4201E+29  2.4020E+38
  2.2390E+02  1.0431E+39  8.9105E+38  4.8587E+28  1.5204E+38
  2.5120E+02  5.5349E+38  4.5717E+38  1.6790E+28  9.6317E+37
  2.8180E+02  2.9527E+38  2.3426E+38  5.8585E+27  6.1014E+37
  3.1620E+02  1.5835E+38  1.1975E+38  2.0632E+27  3.8602E+37
  3.5480E+02  8.5546E+37  6.1133E+37  7.3413E+26  2.4414E+37
  3.9810E+02  4.6603E+37  3.1165E+37  2.6418E+26  1.5438E+37
  4.4670E+02  2.5624E+37  1.5866E+37  9.6109E+25  9.7584E+36
  5.0120E+02  1.4238E+37  8.0692E+36  3.5354E+25  6.1685E+36
  5.6230E+02  8.0011E+36  4.1012E+36  1.3142E+25  3.8999E+36
  6.3100E+02  4.5431E+36  2.0804E+36  4.9289E+24  2.4627E+36
  7.0790E+02  2.6121E+36  1.0555E+36  1.8671E+24  1.5567E+36
  7.9430E+02  1.5178E+36  5.3460E+35  7.1239E+23  9.8319E+35
  8.9130E+02  8.9122E+35  2.7047E+35  2.7365E+23  6.2074E+35
  1.0000E+03  5.2893E+35  1.3681E+35  1.0583E+23  3.9212E+35
