  1.0000E-03  8.8720E+44  0.0000E+00  1.0579E+43  8.7662E+44
  1.1220E-03  9.9638E+44  0.0000E+00  1.2808E+43  9.8357E+44
  1.2590E-03  1.1185E+45  0.0000E+00  1.4810E+43  1.1037E+45
  1.4130E-03  1.2551E+45  0.0000E+00  1.6445E+43  1.2387E+45
  1.5850E-03  1.4073E+45  0.0000E+00  1.7849E+43  1.3894E+45
  1.7780E-03  1.5805E+45  0.0000E+00  2.1896E+43  1.5586E+45
  1.9950E-03  1.7734E+45  0.0000E+00  2.4575E+43  1.7488E+45
  2.2390E-03  1.9875E+45  0.0000E+00  2.4823E+43  1.9627E+45
  2.5120E-03  2.2340E+45  0.0000E+00  3.2046E+43  2.2020E+45
  2.8180E-03  2.5051E+45  0.0000E+00  3.4831E+43  2.4702E+45
  3.1620E-03  2.8080E+45  0.0000E+00  3.6126E+43  2.7718E+45
  3.5480E-03  3.1469E+45  0.0000E+00  3.6642E+43  3.1103E+45
  3.9810E-03  3.5265E+45  0.0000E+00  3.6653E+43  3.4898E+45
  4.4670E-03  4.0031E+45  0.0000E+00  8.7255E+43  3.9158E+45
  5.0120E-03  4.4894E+45  0.0000E+00  9.5771E+43  4.3936E+45
  5.6230E-03  5.0303E+45  0.0000E+00  1.0107E+44  4.9292E+45
  5.9570E-03  5.3248E+45  0.0000E+00  1.0280E+44  5.2220E+45
  6.6830E-03  5.9640E+45  0.0000E+00  1.0544E+44  5.8585E+45
  7.4990E-03  6.6824E+45  0.0000E+00  1.0856E+44  6.5738E+45
  8.4140E-03  7.4867E+45  0.0000E+00  1.1082E+44  7.3758E+45
  9.4410E-03  8.3882E+45  0.0000E+00  1.1215E+44  8.2761E+45
  1.0590E-02  9.3939E+45  0.0000E+00  1.1064E+44  9.2833E+45
  1.1890E-02  1.0541E+46  0.0000E+00  1.1841E+44  1.0423E+46
  1.3340E-02  1.1814E+46  0.0000E+00  1.1998E+44  1.1694E+46
  1.4960E-02  1.3237E+46  0.0000E+00  1.2294E+44  1.3114E+46
  1.6790E-02  1.4843E+46  0.0000E+00  1.2471E+44  1.4718E+46
  1.8840E-02  1.6641E+46  0.0000E+00  1.2569E+44  1.6515E+46
  2.1130E-02  1.8653E+46  0.0000E+00  1.2923E+44  1.8524E+46
  2.3710E-02  2.0916E+46  0.0000E+00  1.3176E+44  2.0785E+46
  2.6610E-02  2.3460E+46  0.0000E+00  1.3358E+44  2.3326E+46
  2.9850E-02  2.6301E+46  1.3569E-82  1.3476E+44  2.6166E+46
  3.3500E-02  2.9502E+46  8.5694E-68  1.3539E+44  2.9367E+46
  3.7580E-02  3.3088E+46  1.0735E-54  1.4547E+44  3.2942E+46
  4.2170E-02  3.7132E+46  4.6072E-43  1.6496E+44  3.6967E+46
  4.7320E-02  4.1636E+46  1.1809E-32  1.5426E+44  4.1482E+46
  5.3090E-02  4.3345E+46  2.0539E-23  1.3256E+44  4.3212E+46
  6.6830E-02  4.1352E+46  6.6184E-08  8.3326E+43  4.1268E+46
  7.4990E-02  4.0400E+46  2.0308E-01  7.1629E+43  4.0328E+46
  8.4140E-02  3.9480E+46  1.0825E+05  7.0133E+43  3.9410E+46
  9.4410E-02  3.8583E+46  1.3161E+10  7.0370E+43  3.8513E+46
  1.0590E-01  3.5132E+46  3.9413E+14  7.6902E+43  3.5055E+46
  1.1890E-01  2.9552E+46  3.2529E+18  8.4266E+43  2.9467E+46
  1.3340E-01  2.4893E+46  7.1482E+21  9.7552E+43  2.4795E+46
  1.4960E-01  2.0979E+46  8.5839E+24  1.0075E+44  2.0878E+46
  1.5850E-01  1.9240E+46  2.5487E+26  9.5171E+43  1.9145E+46
  1.7780E-01  1.6184E+46  1.2781E+29  7.0016E+43  1.6114E+46
  1.9950E-01  1.3592E+46  3.3864E+31  3.3529E+43  1.3558E+46
  2.2390E-01  1.1426E+46  3.8833E+33  2.3096E+43  1.1403E+46
  2.3710E-01  1.0492E+46  2.7215E+34  2.7770E+43  1.0464E+46
  2.5120E-01  9.6291E+45  1.6445E+35  3.3258E+43  9.5958E+45
  2.6610E-01  8.8375E+45  9.1421E+35  3.6335E+43  8.8012E+45
  2.8180E-01  8.1134E+45  4.6133E+36  3.7320E+43  8.0761E+45
  2.9850E-01  7.4453E+45  2.1100E+37  3.7384E+43  7.4079E+45
  3.1620E-01  6.8319E+45  8.6532E+37  3.7299E+43  6.7947E+45
  3.3500E-01  6.2678E+45  3.2345E+38  3.6961E+43  6.2308E+45
  3.5480E-01  5.7527E+45  1.1049E+39  3.6263E+43  5.7165E+45
  3.7580E-01  5.2795E+45  3.4875E+39  3.5344E+43  5.2442E+45
  3.9810E-01  4.8442E+45  1.0127E+40  3.4406E+43  4.8097E+45
  4.2170E-01  4.4451E+45  2.7027E+40  3.3471E+43  4.4116E+45
  4.4670E-01  4.0793E+45  6.6807E+40  3.2634E+43  4.0466E+45
  4.7320E-01  3.7433E+45  1.5516E+41  3.1687E+43  3.7115E+45
  5.0120E-01  3.4357E+45  3.3948E+41  3.0598E+43  3.4048E+45
  5.3090E-01  3.1533E+45  7.0345E+41  2.9380E+43  3.1232E+45
  5.6230E-01  2.8947E+45  1.3781E+42  2.8146E+43  2.8651E+45
  5.9570E-01  2.6570E+45  2.5698E+42  2.6863E+43  2.6276E+45
  6.3100E-01  2.4404E+45  4.5580E+42  2.5546E+43  2.4103E+45
  6.6830E-01  2.2433E+45  7.7008E+42  2.4174E+43  2.2114E+45
  7.0790E-01  2.0637E+45  1.2443E+43  2.2853E+43  2.0284E+45
  7.4990E-01  1.9013E+45  1.9256E+43  2.1566E+43  1.8605E+45
  7.9430E-01  1.7555E+45  2.8579E+43  2.0309E+43  1.7066E+45
  8.4140E-01  1.6252E+45  4.0834E+43  1.9071E+43  1.5653E+45
  8.9130E-01  1.5099E+45  5.6328E+43  1.7851E+43  1.4357E+45
  9.4410E-01  1.4087E+45  7.5031E+43  1.6644E+43  1.3170E+45
  1.0000E+00  1.3203E+45  9.6705E+43  1.5453E+43  1.2081E+45
  1.0590E+00  1.2437E+45  1.2085E+44  1.4312E+43  1.1086E+45
  1.1220E+00  1.1771E+45  1.4734E+44  1.3198E+43  1.0165E+45
  1.1890E+00  1.1194E+45  1.7551E+44  1.2088E+43  9.3183E+44
  1.2590E+00  1.0699E+45  2.0371E+44  1.0961E+43  8.5520E+44
  1.3340E+00  1.0255E+45  2.3158E+44  9.8544E+42  7.8411E+44
  1.4130E+00  9.8529E+44  2.5721E+44  8.8063E+42  7.1927E+44
  1.4960E+00  9.4809E+44  2.8002E+44  7.8107E+42  6.6026E+44
  1.5850E+00  9.1282E+44  3.0052E+44  6.8574E+42  6.0543E+44
  1.6790E+00  8.7835E+44  3.1710E+44  5.9447E+42  5.5530E+44
  1.7780E+00  8.4368E+44  3.2903E+44  5.0757E+42  5.0957E+44
  1.8840E+00  8.0865E+44  3.3720E+44  4.2642E+42  4.6719E+44
  1.9950E+00  7.7326E+44  3.4099E+44  3.5250E+42  4.2875E+44
  2.1130E+00  7.3731E+44  3.4111E+44  2.8685E+42  3.9333E+44
  2.2390E+00  7.0053E+44  3.3762E+44  2.2996E+42  3.6061E+44
  2.3710E+00  6.6351E+44  3.3077E+44  1.8191E+42  3.3092E+44
  2.5120E+00  6.2646E+44  3.2160E+44  1.4231E+42  3.0344E+44
  2.6610E+00  5.8962E+44  3.1020E+44  1.1024E+42  2.7832E+44
  2.8180E+00  5.5306E+44  2.9683E+44  8.4632E+41  2.5538E+44
  2.9850E+00  5.1721E+44  2.8231E+44  6.4485E+41  2.3426E+44
  3.1620E+00  4.8215E+44  2.6679E+44  4.8801E+41  2.1487E+44
  3.3500E+00  4.4903E+44  2.5162E+44  3.6771E+41  1.9704E+44
  3.5480E+00  4.1686E+44  2.3581E+44  2.7556E+41  1.8078E+44
  3.7580E+00  3.8641E+44  2.2037E+44  2.0565E+41  1.6583E+44
  3.9810E+00  3.5768E+44  2.0543E+44  1.5292E+41  1.5210E+44
  4.2170E+00  3.3071E+44  1.9108E+44  1.1337E+41  1.3951E+44
  4.4670E+00  3.0551E+44  1.7747E+44  8.3823E+40  1.2796E+44
  4.7320E+00  2.8228E+44  1.6485E+44  6.1821E+40  1.1737E+44
  5.0120E+00  2.6124E+44  1.5328E+44  4.5566E+40  1.0791E+44
  5.3090E+00  2.3872E+44  1.4266E+44  3.3095E+40  9.6024E+43
  5.6230E+00  2.1793E+44  1.3310E+44  2.3938E+40  8.4805E+43
  5.9570E+00  1.9897E+44  1.2464E+44  1.7263E+40  7.4316E+43
  6.3100E+00  1.8094E+44  1.1622E+44  1.2360E+40  6.4710E+43
  6.6830E+00  1.6578E+44  1.0976E+44  8.8735E+39  5.6014E+43
  7.0790E+00  1.5139E+44  1.0319E+44  6.3033E+39  4.8190E+43
  7.4990E+00  1.4226E+44  1.0103E+44  4.5255E+39  4.1229E+43
  7.9430E+00  1.5216E+44  1.1704E+44  3.6157E+39  3.5109E+43
  8.4140E+00  1.8105E+44  1.5129E+44  3.3402E+39  2.9752E+43
  8.9130E+00  2.0484E+44  1.7973E+44  3.1565E+39  2.5104E+43
  9.4410E+00  2.2200E+44  2.0090E+44  3.2024E+39  2.1101E+43
  1.0000E+01  1.9394E+44  1.7626E+44  2.4591E+39  1.7671E+43
  1.0590E+01  1.6313E+44  1.4837E+44  1.7801E+39  1.4758E+43
  1.1220E+01  1.3385E+44  1.2158E+44  1.1751E+39  1.2267E+43
  1.1890E+01  1.1193E+44  1.0177E+44  7.8408E+38  1.0159E+43
  1.2590E+01  9.5448E+43  8.7036E+43  5.1859E+38  8.4119E+42
  1.3340E+01  8.3394E+43  7.6462E+43  3.4316E+38  6.9319E+42
  1.4130E+01  7.6491E+43  7.0786E+43  2.3150E+38  5.7050E+42
  1.4960E+01  7.6462E+43  7.1770E+43  1.7262E+38  4.6919E+42
  1.5850E+01  7.8647E+43  7.4805E+43  1.3755E+38  3.8414E+42
  1.6790E+01  8.1712E+43  7.8571E+43  1.1494E+38  3.1409E+42
  1.7780E+01  8.4095E+43  8.1529E+43  9.8199E+37  2.5663E+42
  1.8840E+01  8.4513E+43  8.2424E+43  8.2533E+37  2.0888E+42
  1.9950E+01  8.2878E+43  8.1177E+43  6.6043E+37  1.7013E+42
  2.1130E+01  8.1207E+43  7.9825E+43  5.1147E+37  1.3827E+42
  2.2390E+01  8.0065E+43  7.8945E+43  3.9636E+37  1.1203E+42
  2.3710E+01  7.9056E+43  7.8147E+43  3.0607E+37  9.0864E+41
  2.5120E+01  7.7785E+43  7.7051E+43  2.3596E+37  7.3479E+41
  2.6610E+01  7.5955E+43  7.5362E+43  1.8016E+37  5.9383E+41
  2.8180E+01  7.3409E+43  7.2929E+43  1.3659E+37  4.7994E+41
  2.9850E+01  6.9983E+43  6.9596E+43  1.0243E+37  3.8717E+41
  3.1620E+01  6.5644E+43  6.5332E+43  7.5658E+36  3.1199E+41
  3.3500E+01  6.0489E+43  6.0238E+43  5.4987E+36  2.5106E+41
  3.5480E+01  5.4745E+43  5.4543E+43  3.9319E+36  2.0210E+41
  3.7580E+01  4.8628E+43  4.8465E+43  2.7625E+36  1.6253E+41
  3.9810E+01  4.2353E+43  4.2223E+43  1.9064E+36  1.3054E+41
  4.2170E+01  3.6243E+43  3.6138E+43  1.2930E+36  1.0479E+41
  4.4670E+01  3.0510E+43  3.0426E+43  8.6200E+35  8.4074E+40
  4.7320E+01  2.5305E+43  2.5238E+43  5.6593E+35  6.7400E+40
  5.0120E+01  2.0709E+43  2.0655E+43  3.6646E+35  5.4034E+40
  5.3090E+01  1.6733E+43  1.6690E+43  2.3423E+35  4.3282E+40
  5.6230E+01  1.3374E+43  1.3340E+43  1.4804E+35  3.4667E+40
  5.9570E+01  1.0574E+43  1.0546E+43  9.2528E+34  2.7728E+40
  6.3100E+01  8.2880E+42  8.2659E+42  5.7326E+34  2.2180E+40
  6.6830E+01  6.4456E+42  6.4279E+42  3.5240E+34  1.7744E+40
  7.0790E+01  4.9763E+42  4.9621E+42  2.1504E+34  1.4183E+40
  7.4990E+01  3.8159E+42  3.8045E+42  1.3034E+34  1.1329E+40
  7.9430E+01  2.9099E+42  2.9008E+42  7.8587E+33  9.0505E+39
  8.4140E+01  2.2073E+42  2.2000E+42  4.7127E+33  7.2256E+39
  8.9130E+01  1.6675E+42  1.6617E+42  2.8154E+33  5.7665E+39
  9.4410E+01  1.2548E+42  1.2502E+42  1.6758E+33  4.6021E+39
  1.0000E+02  9.4083E+41  9.3715E+41  9.9391E+32  3.6722E+39
  1.0590E+02  7.0384E+41  7.0091E+41  5.8843E+32  2.9317E+39
  1.1220E+02  5.2514E+41  5.2280E+41  3.4736E+32  2.3358E+39
  1.1890E+02  3.9172E+41  3.8986E+41  2.0507E+32  1.8590E+39
  1.2590E+02  2.9363E+41  2.9215E+41  1.2172E+32  1.4838E+39
  1.3340E+02  2.2054E+41  2.1936E+41  7.2506E+31  1.1811E+39
  1.4130E+02  1.6426E+41  1.6332E+41  4.2990E+31  9.4117E+38
  1.4960E+02  1.1981E+41  1.1906E+41  2.4934E+31  7.5121E+38
  1.5850E+02  8.6693E+40  8.6095E+40  1.4309E+31  5.9781E+38
  1.7780E+02  4.5721E+40  4.5342E+40  4.7429E+30  3.7942E+38
  1.9950E+02  2.4121E+40  2.3881E+40  1.5742E+30  2.4043E+38
  2.2390E+02  1.2684E+40  1.2532E+40  5.2159E+29  1.5216E+38
  2.5120E+02  6.6537E+39  6.5573E+39  1.7261E+29  9.6376E+37
  2.8180E+02  3.4793E+39  3.4182E+39  5.7019E+28  6.1043E+37
  3.1620E+02  1.8126E+39  1.7740E+39  1.8790E+28  3.8617E+37
  3.5480E+02  9.4213E+38  9.1771E+38  6.1853E+27  2.4421E+37
  3.9810E+02  4.8876E+38  4.7332E+38  2.0360E+27  1.5442E+37
  4.4670E+02  2.5319E+38  2.4343E+38  6.7048E+26  9.7603E+36
  5.0120E+02  1.3109E+38  1.2492E+38  2.2116E+26  6.1695E+36
  5.6230E+02  6.7894E+37  6.3994E+37  7.3136E+25  3.9003E+36
  6.3100E+02  3.5151E+37  3.2688E+37  2.4250E+25  2.4629E+36
  7.0790E+02  1.8242E+37  1.6685E+37  8.0855E+24  1.5568E+36
  7.9430E+02  9.4801E+36  8.4969E+36  2.7090E+24  9.8325E+35
  8.9130E+02  4.9401E+36  4.3193E+36  9.1360E+23  6.2077E+35
  1.0000E+03  2.5860E+36  2.1939E+36  3.1080E+23  3.9214E+35
