  1.0000E-03  2.5262E+44  0.0000E+00  9.2400E+42  2.4338E+44
  1.1220E-03  2.0693E+44  0.0000E+00  9.5127E+42  1.9742E+44
  1.2590E-03  1.6616E+44  0.0000E+00  9.3127E+42  1.5684E+44
  1.4130E-03  1.3140E+44  0.0000E+00  8.6961E+42  1.2270E+44
  1.5850E-03  1.0926E+44  0.0000E+00  8.0985E+42  1.0116E+44
  1.7780E-03  1.1107E+44  0.0000E+00  9.3639E+42  1.0171E+44
  1.9950E-03  7.0520E+43  0.0000E+00  7.9939E+42  6.2526E+43
  2.2390E-03  5.0600E+43  0.0000E+00  6.4089E+42  4.4191E+43
  2.5120E-03  4.7862E+43  0.0000E+00  7.5846E+42  4.0277E+43
  2.8180E-03  2.4905E+43  0.0000E+00  5.7130E+42  1.9192E+43
  3.1620E-03  1.4231E+43  0.0000E+00  4.2486E+42  9.9824E+42
  3.5480E-03  8.5826E+42  0.0000E+00  3.1515E+42  5.4311E+42
  3.9810E-03  5.5315E+42  0.0000E+00  2.3726E+42  3.1588E+42
  4.4670E-03  7.1915E+43  0.0000E+00  2.2023E+43  4.9892E+43
  5.0120E-03  3.8374E+43  0.0000E+00  1.6232E+43  2.2142E+43
  5.6230E-03  2.1516E+43  0.0000E+00  1.1618E+43  9.8984E+42
  5.9570E-03  1.6585E+43  0.0000E+00  9.8322E+42  6.7527E+42
  6.6830E-03  1.0715E+43  0.0000E+00  7.2663E+42  3.4483E+42
  7.4990E-03  7.8182E+42  0.0000E+00  5.7492E+42  2.0690E+42
  8.4140E-03  5.4721E+42  0.0000E+00  4.3641E+42  1.1080E+42
  9.4410E-03  4.1163E+42  0.0000E+00  3.4319E+42  6.8439E+41
  1.0590E-02  3.4238E+42  0.0000E+00  2.8458E+42  5.7796E+41
  1.1890E-02  2.7480E+42  0.0000E+00  2.4164E+42  3.3152E+41
  1.3340E-02  2.1902E+42  0.0000E+00  1.9664E+42  2.2380E+41
  1.4960E-02  1.7093E+42  0.0000E+00  1.5769E+42  1.3243E+41
  1.6790E-02  1.3453E+42  0.0000E+00  1.2624E+42  8.2959E+40
  1.8840E-02  1.0739E+42  0.0000E+00  1.0181E+42  5.5861E+40
  2.1130E-02  8.7567E+41  0.0000E+00  8.4038E+41  3.5290E+40
  2.3710E-02  7.0042E+41  0.0000E+00  6.7862E+41  2.1797E+40
  2.6610E-02  5.4756E+41  0.0000E+00  5.3480E+41  1.2763E+40
  2.9850E-02  4.2630E+41  1.2435E-88  4.1876E+41  7.5402E+39
  3.3500E-02  3.2874E+41  4.3851E-74  3.2434E+41  4.4083E+39
  3.7580E-02  3.2621E+41  4.6978E-61  3.2204E+41  4.1623E+39
  4.2170E-02  3.1596E+41  1.1212E-49  3.1355E+41  2.4141E+39
  4.7320E-02  1.7457E+41  7.2926E-40  1.7400E+41  5.7356E+38
  5.3090E-02  8.4833E+40  2.4787E-31  8.4740E+40  9.3429E+37
  6.6830E-02  1.0027E+40  1.3036E-18  1.0027E+40  5.9530E+34
  7.4990E-02  3.1853E+39  6.8472E-14  3.1853E+39  5.4080E+32
  8.4140E-02  3.6764E+39  9.8841E-08  3.6764E+39  1.6948E+33
  9.4410E-02  4.3877E+39  2.3831E-02  4.3877E+39  3.7265E+33
  1.0590E-01  1.0281E+40  1.1938E+04  1.0281E+40  8.9832E+34
  1.1890E-01  2.7206E+40  2.5277E+09  2.7203E+40  3.1048E+36
  1.3340E-01  7.2874E+40  5.9456E+13  7.2835E+40  3.8685E+37
  1.4960E-01  1.3528E+41  3.2550E+17  1.3509E+41  1.8565E+38
  1.5850E-01  1.4488E+41  1.2796E+19  1.4464E+41  2.3393E+38
  1.7780E-01  8.9645E+40  4.1144E+21  8.9530E+40  1.1537E+38
  1.9950E-01  1.4541E+40  7.3309E+22  1.4536E+40  4.2766E+36
  2.2390E-01  6.1709E+39  1.6373E+24  6.1704E+39  5.4036E+35
  2.3710E-01  1.4642E+40  8.7313E+25  1.4637E+40  4.9785E+36
  2.5120E-01  3.5122E+40  4.4263E+27  3.5072E+40  5.0581E+37
  2.6610E-01  6.2271E+40  1.0468E+29  6.2034E+40  2.3685E+38
  2.8180E-01  9.0915E+40  1.5112E+30  9.0209E+40  7.0602E+38
  2.9850E-01  1.2161E+41  1.5895E+31  1.1997E+41  1.6421E+39
  3.1620E-01  1.5960E+41  1.3784E+32  1.5613E+41  3.4700E+39
  3.3500E-01  2.0541E+41  1.0255E+33  1.9857E+41  6.8416E+39
  3.5480E-01  2.5665E+41  6.4979E+33  2.4419E+41  1.2461E+40
  3.7580E-01  3.1965E+41  3.7730E+34  2.9722E+41  2.2434E+40
  3.9810E-01  3.9505E+41  1.9112E+35  3.5699E+41  3.8063E+40
  4.2170E-01  5.0292E+41  9.2926E+35  4.3534E+41  6.7580E+40
  4.4670E-01  6.4889E+41  4.0964E+36  5.3180E+41  1.1708E+41
  4.7320E-01  8.4501E+41  1.6747E+37  6.4537E+41  1.9962E+41
  5.0120E-01  1.1077E+42  6.3258E+37  7.7478E+41  3.3282E+41
  5.3090E-01  1.4842E+42  2.2734E+38  9.2767E+41  5.5633E+41
  5.6230E-01  1.9817E+42  7.3883E+38  1.0955E+42  8.8545E+41
  5.9570E-01  2.6502E+42  2.2255E+39  1.2807E+42  1.3673E+42
  6.3100E-01  3.5835E+42  6.3130E+39  1.4912E+42  2.0860E+42
  6.6830E-01  4.8835E+42  1.6876E+40  1.7261E+42  3.1405E+42
  7.0790E-01  6.6754E+42  4.2448E+40  1.9949E+42  4.6380E+42
  7.4990E-01  9.0146E+42  9.9279E+40  2.2874E+42  6.6279E+42
  7.9430E-01  1.2139E+43  2.1937E+41  2.6150E+42  9.3049E+42
  8.4140E-01  1.6311E+43  4.6123E+41  2.9791E+42  1.2871E+43
  8.9130E-01  2.2127E+43  9.3863E+41  3.3999E+42  1.7789E+43
  9.4410E-01  2.9760E+43  1.8150E+42  3.8476E+42  2.4097E+43
  1.0000E+00  3.9202E+43  3.3014E+42  4.2884E+42  3.1612E+43
  1.0590E+00  5.0742E+43  5.6836E+42  4.7214E+42  4.0337E+43
  1.1220E+00  6.4850E+43  9.3768E+42  5.1355E+42  5.0338E+43
  1.1890E+00  8.2070E+43  1.4900E+43  5.5073E+42  6.1663E+43
  1.2590E+00  1.0332E+44  2.2873E+43  5.8103E+42  7.4633E+43
  1.3340E+00  1.2797E+44  3.3730E+43  6.0179E+42  8.8220E+43
  1.4130E+00  1.5497E+44  4.7376E+43  6.1155E+42  1.0148E+44
  1.4960E+00  1.8423E+44  6.3908E+43  6.1059E+42  1.1421E+44
  1.5850E+00  2.1582E+44  8.3649E+43  5.9942E+42  1.2617E+44
  1.6790E+00  2.4953E+44  1.0633E+44  5.7805E+42  1.3742E+44
  1.7780E+00  2.8453E+44  1.3137E+44  5.4660E+42  1.4770E+44
  1.8840E+00  3.1970E+44  1.5824E+44  5.0654E+42  1.5639E+44
  1.9950E+00  3.5365E+44  1.8564E+44  4.5973E+42  1.6342E+44
  2.1130E+00  3.8488E+44  2.1249E+44  4.0872E+42  1.6831E+44
  2.2390E+00  4.1191E+44  2.3744E+44  3.5599E+42  1.7091E+44
  2.3710E+00  4.3383E+44  2.5927E+44  3.0403E+42  1.7152E+44
  2.5120E+00  4.5011E+44  2.7756E+44  2.5512E+42  1.7000E+44
  2.6610E+00  4.6054E+44  2.9161E+44  2.1057E+42  1.6682E+44
  2.8180E+00  4.6517E+44  3.0113E+44  1.7112E+42  1.6233E+44
  2.9850E+00  4.6452E+44  3.0646E+44  1.3716E+42  1.5669E+44
  3.1620E+00  4.5898E+44  3.0763E+44  1.0854E+42  1.5026E+44
  3.3500E+00  4.4970E+44  3.0568E+44  8.4972E+41  1.4316E+44
  3.5480E+00  4.3671E+44  3.0017E+44  6.5803E+41  1.3588E+44
  3.7580E+00  4.2095E+44  2.9205E+44  5.0459E+41  1.2840E+44
  3.9810E+00  4.0289E+44  2.8165E+44  3.8337E+41  1.2086E+44
  4.2170E+00  3.8309E+44  2.6937E+44  2.8877E+41  1.1343E+44
  4.4670E+00  3.6201E+44  2.5562E+44  2.1572E+41  1.0617E+44
  4.7320E+00  3.4014E+44  2.4086E+44  1.5980E+41  9.9121E+43
  5.0120E+00  3.1812E+44  2.2544E+44  1.1757E+41  9.2560E+43
  5.3090E+00  2.9312E+44  2.0956E+44  8.5045E+40  8.3476E+43
  5.6230E+00  2.6823E+44  1.9359E+44  6.0915E+40  7.4577E+43
  5.9570E+00  2.4390E+44  1.7787E+44  4.3231E+40  6.5990E+43
  6.3100E+00  2.1973E+44  1.6174E+44  3.0310E+40  5.7965E+43
  6.6830E+00  1.9812E+44  1.4755E+44  2.1174E+40  5.0543E+43
  7.0790E+00  1.7704E+44  1.3325E+44  1.4563E+40  4.3776E+43
  7.4990E+00  1.5910E+44  1.2173E+44  9.9478E+39  3.7357E+43
  7.9430E+00  1.5015E+44  1.1976E+44  7.1421E+39  3.0379E+43
  8.4140E+00  1.4622E+44  1.2296E+44  5.6240E+39  2.3248E+43
  8.9130E+00  1.3803E+44  1.2036E+44  4.5927E+39  1.7664E+43
  9.4410E+00  1.2752E+44  1.1411E+44  4.0879E+39  1.3412E+43
  1.0000E+01  1.1498E+44  1.0320E+44  3.1516E+39  1.1777E+43
  1.0590E+01  1.0159E+44  9.1050E+43  2.3177E+39  1.0533E+43
  1.1220E+01  8.7065E+43  7.7617E+43  1.5460E+39  9.4467E+42
  1.1890E+01  7.3071E+43  6.4801E+43  1.0126E+39  8.2694E+42
  1.2590E+01  6.0692E+43  5.3527E+43  6.4211E+38  7.1643E+42
  1.3340E+01  5.0057E+43  4.3952E+43  3.9782E+38  6.1048E+42
  1.4130E+01  4.2268E+43  3.7155E+43  2.4703E+38  5.1119E+42
  1.4960E+01  3.8484E+43  3.4316E+43  1.6907E+38  4.1676E+42
  1.5850E+01  3.5848E+43  3.2491E+43  1.2316E+38  3.3563E+42
  1.6790E+01  3.3559E+43  3.0866E+43  9.3651E+37  2.6936E+42
  1.7780E+01  3.0911E+43  2.8738E+43  7.2338E+37  2.1728E+42
  1.8840E+01  2.7488E+43  2.5718E+43  5.4423E+37  1.7690E+42
  1.9950E+01  2.3558E+43  2.2097E+43  3.8594E+37  1.4607E+42
  2.1130E+01  1.9936E+43  1.8730E+43  2.6240E+37  1.2052E+42
  2.2390E+01  1.6855E+43  1.5866E+43  1.7752E+37  9.8860E+41
  2.3710E+01  1.4248E+43  1.3438E+43  1.1954E+37  8.1023E+41
  2.5120E+01  1.1993E+43  1.1332E+43  8.0328E+36  6.6102E+41
  2.6610E+01  1.0043E+43  9.5044E+42  5.3583E+36  5.3845E+41
  2.8180E+01  8.3656E+42  7.9273E+42  3.5656E+36  4.3822E+41
  2.9850E+01  6.9083E+42  6.5525E+42  2.3583E+36  3.5574E+41
  3.1620E+01  5.6476E+42  5.3592E+42  1.5451E+36  2.8837E+41
  3.3500E+01  4.5656E+42  4.3322E+42  1.0024E+36  2.3336E+41
  3.5480E+01  3.6540E+42  3.4652E+42  6.4467E+35  1.8886E+41
  3.7580E+01  2.8895E+42  2.7368E+42  4.0997E+35  1.5267E+41
  3.9810E+01  2.2542E+42  2.1309E+42  2.5755E+35  1.2327E+41
  4.2170E+01  1.7392E+42  1.6397E+42  1.6000E+35  9.9469E+40
  4.4670E+01  1.3284E+42  1.2482E+42  9.8266E+34  8.0199E+40
  4.7320E+01  1.0058E+42  9.4123E+41  5.9773E+34  6.4595E+40
  5.0120E+01  7.5620E+41  7.0419E+41  3.6069E+34  5.2012E+40
  5.3090E+01  5.6461E+41  5.2277E+41  2.1602E+34  4.1831E+40
  5.6230E+01  4.1948E+41  3.8585E+41  1.2864E+34  3.3629E+40
  5.9570E+01  3.0993E+41  2.8295E+41  7.6140E+33  2.6988E+40
  6.3100E+01  2.2831E+41  2.0665E+41  4.4915E+33  2.1654E+40
  6.6830E+01  1.6779E+41  1.5042E+41  2.6429E+33  1.7370E+40
  7.0790E+01  1.2304E+41  1.0912E+41  1.5513E+33  1.3918E+40
  7.4990E+01  9.0058E+40  7.8917E+40  9.0906E+32  1.1141E+40
  7.9430E+01  6.5890E+40  5.6973E+40  5.3260E+32  8.9174E+39
  8.4140E+01  4.8181E+40  4.1049E+40  3.1186E+32  7.1314E+39
  8.9130E+01  3.5251E+40  2.9551E+40  1.8277E+32  5.6999E+39
  9.4410E+01  2.5812E+40  2.1257E+40  1.0724E+32  4.5549E+39
  1.0000E+02  1.8917E+40  1.5278E+40  6.2998E+31  3.6388E+39
  1.0590E+02  1.3896E+40  1.0988E+40  3.7113E+31  2.9080E+39
  1.1220E+02  1.0217E+40  7.8985E+39  2.1881E+31  2.3189E+39
  1.1890E+02  7.5371E+39  5.6900E+39  1.2944E+31  1.8471E+39
  1.2590E+02  5.6061E+39  4.1308E+39  7.7204E+30  1.4753E+39
  1.3340E+02  4.1854E+39  3.0104E+39  4.6268E+30  1.1750E+39
  1.4130E+02  3.1168E+39  2.1801E+39  2.7787E+30  9.3678E+38
  1.4960E+02  2.2963E+39  1.5482E+39  1.6536E+30  7.4811E+38
  1.5850E+02  1.6874E+39  1.0918E+39  9.7966E+29  5.9564E+38
  1.7780E+02  9.2789E+38  5.4955E+38  3.4938E+29  3.7834E+38
  1.9950E+02  5.1809E+38  2.7819E+38  1.2646E+29  2.3990E+38
  2.2390E+02  2.9287E+38  1.4099E+38  4.6345E+28  1.5189E+38
  2.5120E+02  1.6780E+38  7.1562E+37  1.7198E+28  9.6240E+37
  2.8180E+02  9.7297E+37  3.6322E+37  6.4511E+27  6.0975E+37
  3.1620E+02  5.6995E+37  1.8412E+37  2.4402E+27  3.8583E+37
  3.5480E+02  3.3733E+37  9.3296E+36  9.3039E+26  2.4404E+37
  3.9810E+02  2.0158E+37  4.7249E+36  3.5743E+26  1.5433E+37
  4.4670E+02  1.2147E+37  2.3913E+36  1.3815E+26  9.7559E+36
  5.0120E+02  7.3772E+36  1.2099E+36  5.3696E+25  6.1673E+36
  5.6230E+02  4.5114E+36  6.1213E+35  2.0966E+25  3.8992E+36
  6.3100E+02  2.7716E+36  3.0924E+35  8.2105E+24  2.4624E+36
  7.0790E+02  1.7128E+36  1.5632E+35  3.2289E+24  1.5565E+36
  7.9430E+02  1.0620E+36  7.8921E+34  1.2721E+24  9.8311E+35
  8.9130E+02  6.6052E+35  3.9814E+34  5.0207E+23  6.2070E+35
  1.0000E+03  4.1219E+35  2.0087E+34  1.9864E+23  3.9210E+35
