  1.0000E-03  5.2542E+43  0.0000E+00  8.7523E+42  4.3789E+43
  1.1220E-03  3.2227E+43  0.0000E+00  9.2509E+42  2.2976E+43
  1.2590E-03  2.0631E+43  0.0000E+00  9.1703E+42  1.1460E+43
  1.4130E-03  1.4107E+43  0.0000E+00  8.6075E+42  5.4992E+42
  1.5850E-03  1.0982E+43  0.0000E+00  8.0121E+42  2.9700E+42
  1.7780E-03  1.1646E+43  0.0000E+00  9.1202E+42  2.5261E+42
  1.9950E-03  8.4333E+42  0.0000E+00  7.7468E+42  6.8651E+41
  2.2390E-03  6.4575E+42  0.0000E+00  6.2009E+42  2.5656E+41
  2.5120E-03  7.3025E+42  0.0000E+00  7.1303E+42  1.7220E+41
  2.8180E-03  5.3621E+42  0.0000E+00  5.3364E+42  2.5786E+40
  3.1620E-03  3.9587E+42  0.0000E+00  3.9539E+42  4.7339E+39
  3.5480E-03  2.9255E+42  0.0000E+00  2.9246E+42  9.6633E+38
  3.9810E-03  2.1974E+42  0.0000E+00  2.1972E+42  2.3104E+38
  4.4670E-03  2.1984E+43  0.0000E+00  2.1830E+43  1.5491E+41
  5.0120E-03  1.5679E+43  0.0000E+00  1.5660E+43  1.9213E+40
  5.6230E-03  1.0881E+43  0.0000E+00  1.0879E+43  2.4183E+39
  5.9570E-03  9.0686E+42  0.0000E+00  9.0677E+42  8.9916E+38
  6.6830E-03  6.5135E+42  0.0000E+00  6.5134E+42  1.5491E+38
  7.4990E-03  5.0090E+42  0.0000E+00  5.0090E+42  3.8874E+37
  8.4140E-03  3.6949E+42  0.0000E+00  3.6949E+42  7.5257E+36
  9.4410E-03  2.8380E+42  0.0000E+00  2.8380E+42  2.0325E+36
  1.0590E-02  2.3312E+42  0.0000E+00  2.3312E+42  1.1336E+36
  1.1890E-02  1.9027E+42  0.0000E+00  1.9027E+42  2.5834E+35
  1.3340E-02  1.5140E+42  0.0000E+00  1.5140E+42  8.5904E+34
  1.4960E-02  1.1775E+42  0.0000E+00  1.1775E+42  2.1062E+34
  1.6790E-02  9.1777E+41  0.0000E+00  9.1777E+41  5.8837E+33
  1.8840E-02  7.2349E+41  0.0000E+00  7.2349E+41  1.9424E+33
  2.1130E-02  5.7935E+41  0.0000E+00  5.7935E+41  5.5348E+32
  2.3710E-02  4.5439E+41  0.0000E+00  4.5439E+41  1.4947E+32
  2.6610E-02  3.4736E+41  0.0000E+00  3.4736E+41  3.5592E+31
  2.9850E-02  2.6412E+41  0.0000E+00  2.6412E+41  8.6355E+30
  3.3500E-02  1.9877E+41  7.5105E-78  1.9877E+41  2.0400E+30
  3.7580E-02  1.9665E+41  7.3021E-65  1.9665E+41  1.5273E+30
  4.2170E-02  1.8402E+41  1.2080E-53  1.8402E+41  3.5407E+29
  4.7320E-02  9.6212E+40  3.3190E-44  9.6212E+40  9.6126E+27
  5.3090E-02  4.4659E+40  4.0246E-36  4.4659E+40  1.1762E+26
  6.6830E-02  4.8089E+39  3.7866E-25  4.8089E+39  3.0288E+18
  7.4990E-02  1.4218E+39  1.6249E-21  1.4218E+39  4.0133E+13
  8.4140E-02  1.6671E+39  4.7388E-15  1.6671E+39  6.5821E+14
  9.4410E-02  2.0101E+39  1.9012E-09  2.0101E+39  4.6325E+15
  1.0590E-01  4.8654E+39  6.0885E-03  4.8654E+39  1.1409E+19
  1.1890E-01  1.3155E+40  9.4723E+03  1.3155E+40  7.4006E+22
  1.3340E-01  3.7780E+40  8.9766E+08  3.7780E+40  4.1378E+25
  1.4960E-01  7.7028E+40  1.2425E+13  7.7028E+40  2.3674E+27
  1.5850E-01  8.3835E+40  5.8331E+14  8.3835E+40  4.6589E+27
  1.7780E-01  4.8533E+40  1.4584E+17  4.8533E+40  1.0070E+27
  1.9950E-01  6.9159E+39  5.2972E+17  6.9159E+39  4.1961E+23
  2.2390E-01  2.9878E+39  4.9683E+18  2.9878E+39  3.3516E+21
  2.3710E-01  7.2718E+39  8.8625E+20  7.2718E+39  7.5801E+23
  2.5120E-01  1.8105E+40  1.5608E+23  1.8105E+40  2.1698E+26
  2.6610E-01  3.3503E+40  8.6759E+24  3.3503E+40  9.7186E+27
  2.8180E-01  5.0960E+40  2.3423E+26  5.0960E+40  1.4712E+29
  2.9850E-01  7.0634E+40  4.0585E+27  7.0634E+40  1.2312E+30
  3.1620E-01  9.5639E+40  5.5238E+28  9.5639E+40  8.1889E+30
  3.3500E-01  1.2632E+41  6.2319E+29  1.2632E+41  4.6144E+31
  3.5480E-01  1.6087E+41  5.7492E+30  1.6087E+41  2.1503E+32
  3.7580E-01  2.0255E+41  4.8376E+31  2.0255E+41  9.7146E+32
  3.9810E-01  2.5086E+41  3.4422E+32  2.5086E+41  3.8203E+33
  4.2170E-01  3.1577E+41  2.4101E+33  3.1577E+41  1.6679E+34
  4.4670E-01  3.9709E+41  1.5101E+34  3.9709E+41  6.8773E+34
  4.7320E-01  4.9509E+41  8.7047E+34  4.9509E+41  2.7296E+35
  5.0120E-01  6.0924E+41  4.5820E+35  6.0924E+41  1.0267E+36
  5.3090E-01  7.4634E+41  2.2993E+36  7.4633E+41  3.8803E+36
  5.6230E-01  8.9864E+41  1.0164E+37  8.9862E+41  1.3072E+37
  5.9570E-01  1.0687E+42  4.0992E+37  1.0686E+42  4.1032E+37
  6.3100E-01  1.2642E+42  1.5469E+38  1.2640E+42  1.2511E+38
  6.6830E-01  1.4856E+42  5.4644E+38  1.4847E+42  3.6952E+38
  7.0790E-01  1.7433E+42  1.7979E+39  1.7405E+42  1.0442E+39
  7.4990E-01  2.0330E+42  5.4039E+39  2.0248E+42  2.7340E+39
  7.9430E-01  2.3738E+42  1.5197E+40  2.3518E+42  6.8717E+39
  8.4140E-01  2.7833E+42  4.0344E+40  2.7263E+42  1.6685E+40
  8.9130E-01  3.3171E+42  1.0361E+41  3.1731E+42  4.0472E+40
  9.4410E-01  4.0118E+42  2.5010E+41  3.6681E+42  9.3623E+40
  1.0000E+00  4.9407E+42  5.5794E+41  4.1820E+42  2.0075E+41
  1.0590E+00  6.2768E+42  1.1594E+42  4.7141E+42  4.0328E+41
  1.1220E+00  8.3035E+42  2.2797E+42  5.2538E+42  7.6992E+41
  1.1890E+00  1.1449E+43  4.2692E+42  5.7720E+42  1.4082E+42
  1.2590E+00  1.6383E+43  7.6546E+42  6.2278E+42  2.5007E+42
  1.3340E+00  2.3783E+43  1.3002E+43  6.5771E+42  4.2048E+42
  1.4130E+00  3.4088E+43  2.0683E+43  6.7831E+42  6.6220E+42
  1.4960E+00  4.7881E+43  3.1154E+43  6.8347E+42  9.8921E+42
  1.5850E+00  6.5893E+43  4.5005E+43  6.7297E+42  1.4158E+43
  1.6790E+00  8.8531E+43  6.2486E+43  6.4589E+42  1.9586E+43
  1.7780E+00  1.1573E+44  8.3465E+43  6.0262E+42  2.6238E+43
  1.8840E+00  1.4700E+44  1.0757E+44  5.4624E+42  3.3960E+43
  1.9950E+00  1.8096E+44  1.3362E+44  4.8078E+42  4.2532E+43
  2.1130E+00  2.1589E+44  1.6029E+44  4.1141E+42  5.1483E+43
  2.2390E+00  2.4962E+44  1.8589E+44  3.4275E+42  6.0304E+43
  2.3710E+00  2.8015E+44  2.0879E+44  2.7876E+42  6.8575E+43
  2.5120E+00  3.0608E+44  2.2808E+44  2.2218E+42  7.5773E+43
  2.6610E+00  3.2633E+44  2.4288E+44  1.7398E+42  8.1711E+43
  2.8180E+00  3.4048E+44  2.5282E+44  1.3415E+42  8.6309E+43
  2.9850E+00  3.4870E+44  2.5821E+44  1.0214E+42  8.9464E+43
  3.1620E+00  3.5134E+44  2.5927E+44  7.6905E+41  9.1309E+43
  3.3500E+00  3.4941E+44  2.5706E+44  5.7468E+41  9.1775E+43
  3.5480E+00  3.4329E+44  2.5153E+44  4.2589E+41  9.1332E+43
  3.7580E+00  3.3391E+44  2.4364E+44  3.1355E+41  8.9955E+43
  3.9810E+00  3.2185E+44  2.3380E+44  2.2947E+41  8.7813E+43
  4.2170E+00  3.0773E+44  2.2246E+44  1.6704E+41  8.5096E+43
  4.4670E+00  2.9207E+44  2.1002E+44  1.2098E+41  8.1937E+43
  4.7320E+00  2.7534E+44  1.9683E+44  8.7157E+40  7.8416E+43
  5.0120E+00  2.5812E+44  1.8323E+44  6.2558E+40  7.4827E+43
  5.3090E+00  2.3813E+44  1.6932E+44  4.4210E+40  6.8766E+43
  5.6230E+00  2.1790E+44  1.5543E+44  3.1004E+40  6.2437E+43
  5.9570E+00  1.9787E+44  1.4185E+44  2.1587E+40  5.6007E+43
  6.3100E+00  1.7783E+44  1.2801E+44  1.4865E+40  4.9808E+43
  6.6830E+00  1.5984E+44  1.1595E+44  1.0221E+40  4.3879E+43
  7.0790E+00  1.4226E+44  1.0389E+44  6.9237E+39  3.8366E+43
  7.4990E+00  1.2668E+44  9.4030E+43  4.6977E+39  3.2649E+43
  7.9430E+00  1.1651E+44  9.1496E+43  3.4826E+39  2.5007E+43
  8.4140E+00  1.0992E+44  9.3168E+43  2.9763E+39  1.6749E+43
  8.9130E+00  1.0200E+44  9.0901E+43  2.6319E+39  1.1098E+43
  9.4410E+00  9.3597E+43  8.6217E+43  2.5102E+39  7.3778E+42
  1.0000E+01  8.4721E+43  7.7824E+43  1.8594E+39  6.8954E+42
  1.0590E+01  7.5024E+43  6.8274E+43  1.2875E+39  6.7484E+42
  1.1220E+01  6.4330E+43  5.7642E+43  7.9858E+38  6.6876E+42
  1.1890E+01  5.3869E+43  4.7572E+43  4.9301E+38  6.2968E+42
  1.2590E+01  4.4583E+43  3.8793E+43  2.9671E+38  5.7896E+42
  1.3340E+01  3.6583E+43  3.1428E+43  1.7627E+38  5.1553E+42
  1.4130E+01  3.0677E+43  2.6261E+43  1.0667E+38  4.4162E+42
  1.4960E+01  2.7674E+43  2.4115E+43  7.3034E+37  3.5596E+42
  1.5850E+01  2.5549E+43  2.2744E+43  5.3619E+37  2.8055E+42
  1.6790E+01  2.3732E+43  2.1535E+43  4.1174E+37  2.1971E+42
  1.7780E+01  2.1704E+43  1.9961E+43  3.1923E+37  1.7427E+42
  1.8840E+01  1.9147E+43  1.7728E+43  2.3778E+37  1.4194E+42
  1.9950E+01  1.6258E+43  1.5065E+43  1.6465E+37  1.1930E+42
  2.1130E+01  1.3626E+43  1.2622E+43  1.0913E+37  1.0040E+42
  2.2390E+01  1.1413E+43  1.0576E+43  7.2192E+36  8.3690E+41
  2.3710E+01  9.5617E+42  8.8664E+42  4.7644E+36  6.9527E+41
  2.5120E+01  7.9793E+42  7.4056E+42  3.1442E+36  5.7377E+41
  2.6610E+01  6.6274E+42  6.1552E+42  2.0629E+36  4.7220E+41
  2.8180E+01  5.4787E+42  5.0909E+42  1.3523E+36  3.8778E+41
  2.9850E+01  4.4923E+42  4.1749E+42  8.8230E+35  3.1740E+41
  3.1620E+01  3.6486E+42  3.3893E+42  5.7082E+35  2.5930E+41
  3.3500E+01  2.9321E+42  2.7207E+42  3.6608E+35  2.1140E+41
  3.5480E+01  2.3342E+42  2.1619E+42  2.3300E+35  1.7230E+41
  3.7580E+01  1.8371E+42  1.6969E+42  1.4677E+35  1.4025E+41
  3.9810E+01  1.4273E+42  1.3133E+42  9.1398E+34  1.1405E+41
  4.2170E+01  1.0975E+42  1.0048E+42  5.6335E+34  9.2668E+40
  4.4670E+01  8.3598E+41  7.6076E+41  3.4365E+34  7.5217E+40
  4.7320E+01  6.3173E+41  5.7076E+41  2.0786E+34  6.0967E+40
  5.0120E+01  4.7437E+41  4.2499E+41  1.2489E+34  4.9382E+40
  5.3090E+01  3.5403E+41  3.1410E+41  7.4565E+33  3.9934E+40
  5.6230E+01  2.6314E+41  2.3087E+41  4.4326E+33  3.2265E+40
  5.9570E+01  1.9465E+41  1.6864E+41  2.6225E+33  2.6012E+40
  6.3100E+01  1.4369E+41  1.2273E+41  1.5485E+33  2.0957E+40
  6.6830E+01  1.0591E+41  8.9035E+40  9.1320E+32  1.6874E+40
  7.0790E+01  7.7954E+40  6.4390E+40  5.3793E+32  1.3564E+40
  7.4990E+01  5.7325E+40  4.6434E+40  3.1672E+32  1.0890E+40
  7.9430E+01  4.2173E+40  3.3434E+40  1.8667E+32  8.7393E+39
  8.4140E+01  3.1035E+40  2.4030E+40  1.1007E+32  7.0051E+39
  8.9130E+01  2.2870E+40  1.7260E+40  6.5032E+31  5.6103E+39
  9.4410E+01  1.6881E+40  1.2389E+40  3.8502E+31  4.4914E+39
  1.0000E+02  1.2481E+40  8.8870E+39  2.2842E+31  3.5937E+39
  1.0590E+02  9.2557E+39  6.3797E+39  1.3599E+31  2.8760E+39
  1.1220E+02  6.8746E+39  4.5783E+39  8.1070E+30  2.2962E+39
  1.1890E+02  5.1239E+39  3.2930E+39  4.8496E+30  1.8309E+39
  1.2590E+02  3.8508E+39  2.3871E+39  2.9246E+30  1.4637E+39
  1.3340E+02  2.9038E+39  1.7372E+39  1.7712E+30  1.1666E+39
  1.4130E+02  2.1873E+39  1.2564E+39  1.0763E+30  9.3082E+38
  1.4960E+02  1.6352E+39  8.9130E+38  6.5002E+29  7.4391E+38
  1.5850E+02  1.2206E+39  6.2789E+38  3.9104E+29  5.9269E+38
  1.7780E+02  6.9230E+38  3.1542E+38  1.4358E+29  3.7687E+38
  1.9950E+02  3.9855E+38  1.5939E+38  5.3409E+28  2.3916E+38
  2.2390E+02  2.3217E+38  8.0654E+37  2.0077E+28  1.5152E+38
  2.5120E+02  1.3694E+38  4.0883E+37  7.6271E+27  9.6056E+37
  2.8180E+02  8.1608E+37  2.0726E+37  2.9220E+27  6.0882E+37
  3.1620E+02  4.9032E+37  1.0495E+37  1.1262E+27  3.8536E+37
  3.5480E+02  2.9694E+37  5.3133E+36  4.3646E+26  2.4380E+37
  3.9810E+02  1.8110E+37  2.6887E+36  1.7005E+26  1.5421E+37
  4.4670E+02  1.1110E+37  1.3598E+36  6.6516E+25  9.7500E+36
  5.0120E+02  6.8519E+36  6.8759E+35  2.6113E+25  6.1643E+36
  5.6230E+02  4.2454E+36  3.4767E+35  1.0282E+25  3.8977E+36
  6.3100E+02  2.6372E+36  1.7555E+35  4.0543E+24  2.4616E+36
  7.0790E+02  1.6448E+36  8.8703E+34  1.6035E+24  1.5561E+36
  7.9430E+02  1.0277E+36  4.4767E+34  6.3468E+23  9.8292E+35
  8.9130E+02  6.4318E+35  2.2576E+34  2.5144E+23  6.2060E+35
  1.0000E+03  4.0344E+35  1.1387E+34  9.9786E+22  3.9205E+35
