  1.0000E-03  8.7851E+44  0.0000E+00  1.8896E+42  8.7662E+44
  1.1220E-03  9.8600E+44  0.0000E+00  2.4246E+42  9.8357E+44
  1.2590E-03  1.1066E+45  0.0000E+00  2.9570E+42  1.1037E+45
  1.4130E-03  1.2421E+45  0.0000E+00  3.4543E+42  1.2387E+45
  1.5850E-03  1.3933E+45  0.0000E+00  3.9086E+42  1.3894E+45
  1.7780E-03  1.5634E+45  0.0000E+00  4.8342E+42  1.5586E+45
  1.9950E-03  1.7546E+45  0.0000E+00  5.7874E+42  1.7488E+45
  2.2390E-03  1.9689E+45  0.0000E+00  6.1769E+42  1.9627E+45
  2.5120E-03  2.2100E+45  0.0000E+00  8.0123E+42  2.2020E+45
  2.8180E-03  2.4796E+45  0.0000E+00  9.3916E+42  2.4702E+45
  3.1620E-03  2.7823E+45  0.0000E+00  1.0423E+43  2.7718E+45
  3.5480E-03  3.1215E+45  0.0000E+00  1.1254E+43  3.1103E+45
  3.9810E-03  3.5017E+45  0.0000E+00  1.1902E+43  3.4898E+45
  4.4670E-03  3.9375E+45  0.0000E+00  2.1713E+43  3.9158E+45
  5.0120E-03  4.4195E+45  0.0000E+00  2.5939E+43  4.3936E+45
  5.6230E-03  4.9589E+45  0.0000E+00  2.9661E+43  4.9292E+45
  5.9570E-03  5.2534E+45  0.0000E+00  3.1326E+43  5.2220E+45
  6.6830E-03  5.8929E+45  0.0000E+00  3.4341E+43  5.8585E+45
  7.4990E-03  6.6111E+45  0.0000E+00  3.7245E+43  6.5738E+45
  8.4140E-03  7.4162E+45  0.0000E+00  4.0308E+43  7.3758E+45
  9.4410E-03  8.3189E+45  0.0000E+00  4.2838E+43  8.2761E+45
  1.0590E-02  9.3270E+45  0.0000E+00  4.3731E+43  9.2833E+45
  1.1890E-02  1.0472E+46  0.0000E+00  4.8730E+43  1.0423E+46
  1.3340E-02  1.1745E+46  0.0000E+00  5.1378E+43  1.1694E+46
  1.4960E-02  1.3169E+46  0.0000E+00  5.4954E+43  1.3114E+46
  1.6790E-02  1.4777E+46  0.0000E+00  5.8058E+43  1.4718E+46
  1.8840E-02  1.6576E+46  0.0000E+00  6.0734E+43  1.6515E+46
  2.1130E-02  1.8588E+46  0.0000E+00  6.4679E+43  1.8524E+46
  2.3710E-02  2.0853E+46  0.0000E+00  6.8395E+43  2.0785E+46
  2.6610E-02  2.3398E+46  0.0000E+00  7.2038E+43  2.3326E+46
  2.9850E-02  2.6242E+46  1.1539E-82  7.5405E+43  2.6166E+46
  3.3500E-02  2.9445E+46  7.4069E-68  7.8526E+43  2.9367E+46
  3.7580E-02  3.3028E+46  9.2973E-55  8.5149E+43  3.2942E+46
  4.2170E-02  3.7066E+46  4.0524E-43  9.9208E+43  3.6967E+46
  4.7320E-02  4.1581E+46  1.0788E-32  9.9364E+43  4.1482E+46
  5.3090E-02  4.3304E+46  1.9541E-23  9.1185E+43  4.3212E+46
  6.6830E-02  4.1333E+46  7.0980E-08  6.4554E+43  4.1268E+46
  7.4990E-02  4.0384E+46  2.3203E-01  5.5501E+43  4.0328E+46
  8.4140E-02  3.9465E+46  1.2214E+05  5.4663E+43  3.9410E+46
  9.4410E-02  3.8568E+46  1.4718E+10  5.5056E+43  3.8513E+46
  1.0590E-01  3.5115E+46  4.2109E+14  5.9717E+43  3.5055E+46
  1.1890E-01  2.9529E+46  3.2140E+18  6.2065E+43  2.9467E+46
  1.3340E-01  2.4862E+46  6.5223E+21  6.6214E+43  2.4795E+46
  1.4960E-01  2.0942E+46  7.3906E+24  6.3629E+43  2.0878E+46
  1.5850E-01  1.9204E+46  2.1751E+26  5.9055E+43  1.9145E+46
  1.7780E-01  1.6159E+46  1.1280E+29  4.4239E+43  1.6114E+46
  1.9950E-01  1.3582E+46  3.3070E+31  2.3927E+43  1.3558E+46
  2.2390E-01  1.1420E+46  4.0276E+33  1.7260E+43  1.1403E+46
  2.3710E-01  1.0484E+46  2.7049E+34  1.9603E+43  1.0464E+46
  2.5120E-01  9.6175E+45  1.5518E+35  2.1651E+43  9.5958E+45
  2.6610E-01  8.8233E+45  8.3095E+35  2.2112E+43  8.8012E+45
  2.8180E-01  8.0976E+45  4.0812E+36  2.1534E+43  8.0761E+45
  2.9850E-01  7.4285E+45  1.8271E+37  2.0618E+43  7.4079E+45
  3.1620E-01  6.8144E+45  7.3508E+37  1.9703E+43  6.7947E+45
  3.3500E-01  6.2495E+45  2.7004E+38  1.8732E+43  6.2308E+45
  3.5480E-01  5.7342E+45  9.0852E+38  1.7687E+43  5.7165E+45
  3.7580E-01  5.2608E+45  2.8273E+39  1.6589E+43  5.2442E+45
  3.9810E-01  4.8253E+45  8.1033E+39  1.5566E+43  4.8097E+45
  4.2170E-01  4.4262E+45  2.1336E+40  1.4550E+43  4.4116E+45
  4.4670E-01  4.0603E+45  5.2054E+40  1.3624E+43  4.0466E+45
  4.7320E-01  3.7243E+45  1.1940E+41  1.2704E+43  3.7115E+45
  5.0120E-01  3.4168E+45  2.5821E+41  1.1788E+43  3.4048E+45
  5.3090E-01  3.1346E+45  5.2916E+41  1.0867E+43  3.1232E+45
  5.6230E-01  2.8762E+45  1.0264E+42  1.0014E+43  2.8651E+45
  5.9570E-01  2.6387E+45  1.8970E+42  9.2026E+42  2.6276E+45
  6.3100E-01  2.4221E+45  3.3368E+42  8.4263E+42  2.4103E+45
  6.6830E-01  2.2247E+45  5.5950E+42  7.6784E+42  2.2114E+45
  7.0790E-01  2.0444E+45  8.9771E+42  6.9882E+42  2.0284E+45
  7.4990E-01  1.8806E+45  1.3806E+43  6.3540E+42  1.8605E+45
  7.9430E-01  1.7327E+45  2.0371E+43  5.7629E+42  1.7066E+45
  8.4140E-01  1.5995E+45  2.8951E+43  5.2088E+42  1.5653E+45
  8.9130E-01  1.4801E+45  3.9718E+43  4.6831E+42  1.4357E+45
  9.4410E-01  1.3738E+45  5.2647E+43  4.1923E+42  1.3170E+45
  1.0000E+00  1.2794E+45  6.7584E+43  3.7391E+42  1.2081E+45
  1.0590E+00  1.1961E+45  8.4161E+43  3.3269E+42  1.1086E+45
  1.1220E+00  1.1218E+45  1.0227E+44  2.9452E+42  1.0165E+45
  1.1890E+00  1.0559E+45  1.2144E+44  2.5873E+42  9.3183E+44
  1.2590E+00  9.9791E+44  1.4046E+44  2.2477E+42  8.5520E+44
  1.3340E+00  9.4521E+44  1.5917E+44  1.9357E+42  7.8411E+44
  1.4130E+00  8.9721E+44  1.7628E+44  1.6588E+42  7.1927E+44
  1.4960E+00  8.5307E+44  1.9140E+44  1.4117E+42  6.6026E+44
  1.5850E+00  8.1150E+44  2.0487E+44  1.1888E+42  6.0543E+44
  1.6790E+00  7.7183E+44  2.1554E+44  9.8807E+41  5.5530E+44
  1.7780E+00  7.3330E+44  2.2292E+44  8.0845E+41  5.0957E+44
  1.8840E+00  6.9548E+44  2.2764E+44  6.5042E+41  4.6719E+44
  1.9950E+00  6.5858E+44  2.2932E+44  5.1483E+41  4.2875E+44
  2.1130E+00  6.2219E+44  2.2846E+44  4.0118E+41  3.9333E+44
  2.2390E+00  5.8606E+44  2.2515E+44  3.0812E+41  3.6061E+44
  2.3710E+00  5.5071E+44  2.1956E+44  2.3382E+41  3.3092E+44
  2.5120E+00  5.1605E+44  2.1243E+44  1.7570E+41  3.0344E+44
  2.6610E+00  4.8228E+44  2.0383E+44  1.3098E+41  2.7832E+44
  2.8180E+00  4.4941E+44  1.9393E+44  9.6957E+40  2.5538E+44
  2.9850E+00  4.1763E+44  1.8330E+44  7.1377E+40  2.3426E+44
  3.1620E+00  3.8695E+44  1.7203E+44  5.2291E+40  2.1487E+44
  3.3500E+00  3.5810E+44  1.6102E+44  3.8216E+40  1.9704E+44
  3.5480E+00  3.3042E+44  1.4962E+44  2.7826E+40  1.8078E+44
  3.7580E+00  3.0433E+44  1.3848E+44  2.0207E+40  1.6583E+44
  3.9810E+00  2.7980E+44  1.2769E+44  1.4641E+40  1.5210E+44
  4.2170E+00  2.5681E+44  1.1729E+44  1.0587E+40  1.3951E+44
  4.4670E+00  2.3536E+44  1.0739E+44  7.6410E+39  1.2796E+44
  4.7320E+00  2.1552E+44  9.8150E+43  5.5043E+39  1.1737E+44
  5.0120E+00  1.9755E+44  8.9629E+43  3.9660E+39  1.0791E+44
  5.3090E+00  1.7780E+44  8.1771E+43  2.8024E+39  9.6024E+43
  5.6230E+00  1.5946E+44  7.4656E+43  1.9696E+39  8.4805E+43
  5.9570E+00  1.4264E+44  6.8321E+43  1.3777E+39  7.4316E+43
  6.3100E+00  1.2685E+44  6.2138E+43  9.5577E+38  6.4710E+43
  6.6830E+00  1.1320E+44  5.7183E+43  6.6256E+38  5.6014E+43
  7.0790E+00  1.0047E+44  5.2284E+43  4.5377E+38  4.8190E+43
  7.4990E+00  9.1767E+43  5.0538E+43  3.1618E+38  4.1229E+43
  7.9430E+00  9.6799E+43  6.1690E+43  2.5626E+38  3.5109E+43
  8.4140E+00  1.1594E+44  8.6190E+43  2.5289E+38  2.9752E+43
  8.9130E+00  1.3209E+44  1.0699E+44  2.5340E+38  2.5104E+43
  9.4410E+00  1.4392E+44  1.2282E+44  2.6926E+38  2.1101E+43
  1.0000E+01  1.2142E+44  1.0375E+44  1.9446E+38  1.7671E+43
  1.0590E+01  9.7299E+43  8.2541E+43  1.2905E+38  1.4758E+43
  1.1220E+01  7.4781E+43  6.2514E+43  7.6229E+37  1.2267E+43
  1.1890E+01  5.8361E+43  4.8202E+43  4.5751E+37  1.0159E+43
  1.2590E+01  4.5920E+43  3.7508E+43  2.7022E+37  8.4119E+42
  1.3340E+01  3.6762E+43  2.9830E+43  1.5966E+37  6.9319E+42
  1.4130E+01  3.1040E+43  2.5335E+43  9.7736E+36  5.7050E+42
  1.4960E+01  2.9368E+43  2.4676E+43  6.9380E+36  4.6919E+42
  1.5850E+01  2.8715E+43  2.4873E+43  5.3161E+36  3.8414E+42
  1.6790E+01  2.8285E+43  2.5145E+43  4.2662E+36  3.1409E+42
  1.7780E+01  2.7252E+43  2.4685E+43  3.4427E+36  2.5663E+42
  1.8840E+01  2.5049E+43  2.2960E+43  2.6487E+36  2.0888E+42
  1.9950E+01  2.1959E+43  2.0257E+43  1.8808E+36  1.7013E+42
  2.1130E+01  1.9073E+43  1.7690E+43  1.2802E+36  1.3827E+42
  2.2390E+01  1.6668E+43  1.5548E+43  8.7312E+35  1.1203E+42
  2.3710E+01  1.4627E+43  1.3719E+43  5.9542E+35  9.0864E+41
  2.5120E+01  1.2825E+43  1.2090E+43  4.0685E+35  7.3479E+41
  2.6610E+01  1.1201E+43  1.0608E+43  2.7654E+35  5.9383E+41
  2.8180E+01  9.7341E+42  9.2542E+42  1.8780E+35  4.7994E+41
  2.9850E+01  8.3823E+42  7.9951E+42  1.2686E+35  3.8717E+41
  3.1620E+01  7.1356E+42  6.8236E+42  8.4868E+34  3.1199E+41
  3.3500E+01  5.9956E+42  5.7445E+42  5.6188E+34  2.5106E+41
  3.5480E+01  4.9746E+42  4.7725E+42  3.6836E+34  2.0210E+41
  3.7580E+01  4.0684E+42  3.9059E+42  2.3848E+34  1.6253E+41
  3.9810E+01  3.2749E+42  3.1443E+42  1.5228E+34  1.3054E+41
  4.2170E+01  2.6010E+42  2.4963E+42  9.6019E+33  1.0479E+41
  4.4670E+01  2.0407E+42  1.9567E+42  5.9780E+33  8.4074E+40
  4.7320E+01  1.5842E+42  1.5168E+42  3.6821E+33  6.7400E+40
  5.0120E+01  1.2187E+42  1.1646E+42  2.2476E+33  5.4034E+40
  5.3090E+01  9.2944E+41  8.8616E+41  1.3604E+33  4.3282E+40
  5.6230E+01  7.0414E+41  6.6947E+41  8.1803E+32  3.4667E+40
  5.9570E+01  5.2968E+41  5.0195E+41  4.8850E+32  2.7728E+40
  6.3100E+01  3.9659E+41  3.7441E+41  2.9047E+32  2.2180E+40
  6.6830E+01  2.9576E+41  2.7802E+41  1.7212E+32  1.7744E+40
  7.0790E+01  2.1974E+41  2.0555E+41  1.0166E+32  1.4183E+40
  7.4990E+01  1.6270E+41  1.5137E+41  5.9879E+31  1.1329E+40
  7.9430E+01  1.2022E+41  1.1117E+41  3.5228E+31  9.0505E+39
  8.4140E+01  8.8639E+40  8.1413E+40  2.0693E+31  7.2256E+39
  8.9130E+01  6.5288E+40  5.9521E+40  1.2154E+31  5.7665E+39
  9.4410E+01  4.8048E+40  4.3446E+40  7.1386E+30  4.6021E+39
  1.0000E+02  3.5333E+40  3.1661E+40  4.1935E+30  3.6722E+39
  1.0590E+02  2.6000E+40  2.3068E+40  2.4677E+30  2.9317E+39
  1.1220E+02  1.9126E+40  1.6790E+40  1.4521E+30  2.3358E+39
  1.1890E+02  1.4097E+40  1.2238E+40  8.5668E+29  1.8590E+39
  1.2590E+02  1.0464E+40  8.9804E+39  5.0922E+29  1.4838E+39
  1.3340E+02  7.7919E+39  6.6108E+39  3.0401E+29  1.1811E+39
  1.4130E+02  5.7746E+39  4.8335E+39  1.8165E+29  9.4117E+38
  1.4960E+02  4.2167E+39  3.4654E+39  1.0731E+29  7.5121E+38
  1.5850E+02  3.0643E+39  2.4665E+39  6.3031E+28  5.9781E+38
  1.7780E+02  1.6416E+39  1.2622E+39  2.2058E+28  3.7942E+38
  1.9950E+02  8.8866E+38  6.4823E+38  7.8215E+27  2.4043E+38
  2.2390E+02  4.8491E+38  3.3275E+38  2.8049E+27  1.5216E+38
  2.5120E+02  2.6719E+38  1.7082E+38  1.0182E+27  9.6376E+37
  2.8180E+02  1.4862E+38  8.7574E+37  3.7368E+26  6.1043E+37
  3.1620E+02  8.3407E+37  4.4789E+37  1.3843E+26  3.8617E+37
  3.5480E+02  4.7296E+37  2.2875E+37  5.1762E+25  2.4421E+37
  3.9810E+02  2.7108E+37  1.1666E+37  1.9536E+25  1.5442E+37
  4.4670E+02  1.5702E+37  5.9412E+36  7.4317E+24  9.7603E+36
  5.0120E+02  9.1921E+36  3.0226E+36  2.8484E+24  6.1695E+36
  5.6230E+02  5.4370E+36  1.5367E+36  1.0988E+24  3.9003E+36
  6.3100E+02  3.2426E+36  7.7966E+35  4.2591E+23  2.4629E+36
  7.0790E+02  1.9524E+36  3.9562E+35  1.6604E+23  1.5568E+36
  7.9430E+02  1.1837E+36  2.0041E+35  6.4940E+22  9.8325E+35
  8.9130E+02  7.2218E+35  1.0141E+35  2.5476E+22  6.2077E+35
  1.0000E+03  4.4343E+35  5.1297E+34  1.0029E+22  3.9214E+35
