  1.0000E-03  8.7850E+44  0.0000E+00  1.8810E+42  8.7662E+44
  1.1220E-03  9.8601E+44  0.0000E+00  2.4357E+42  9.8357E+44
  1.2590E-03  1.1067E+45  0.0000E+00  3.0101E+42  1.1037E+45
  1.4130E-03  1.2423E+45  0.0000E+00  3.5781E+42  1.2387E+45
  1.5850E-03  1.3936E+45  0.0000E+00  4.1402E+42  1.3894E+45
  1.7780E-03  1.5639E+45  0.0000E+00  5.2824E+42  1.5586E+45
  1.9950E-03  1.7554E+45  0.0000E+00  6.5614E+42  1.7488E+45
  2.2390E-03  1.9700E+45  0.0000E+00  7.2774E+42  1.9627E+45
  2.5120E-03  2.2119E+45  0.0000E+00  9.9198E+42  2.2020E+45
  2.8180E-03  2.4825E+45  0.0000E+00  1.2257E+43  2.4702E+45
  3.1620E-03  2.7861E+45  0.0000E+00  1.4300E+43  2.7718E+45
  3.5480E-03  3.1265E+45  0.0000E+00  1.6186E+43  3.1103E+45
  3.9810E-03  3.5077E+45  0.0000E+00  1.7862E+43  3.4898E+45
  4.4670E-03  3.9382E+45  0.0000E+00  2.2344E+43  3.9158E+45
  5.0120E-03  4.4224E+45  0.0000E+00  2.8809E+43  4.3936E+45
  5.6230E-03  4.9649E+45  0.0000E+00  3.5636E+43  4.9292E+45
  5.9570E-03  5.2611E+45  0.0000E+00  3.9091E+43  5.2220E+45
  6.6830E-03  5.9044E+45  0.0000E+00  4.5865E+43  5.8585E+45
  7.4990E-03  6.6267E+45  0.0000E+00  5.2900E+43  6.5738E+45
  8.4140E-03  7.4365E+45  0.0000E+00  6.0649E+43  7.3758E+45
  9.4410E-03  8.3440E+45  0.0000E+00  6.7855E+43  8.2761E+45
  1.0590E-02  9.3556E+45  0.0000E+00  7.2309E+43  9.2833E+45
  1.1890E-02  1.0508E+46  0.0000E+00  8.5048E+43  1.0423E+46
  1.3340E-02  1.1788E+46  0.0000E+00  9.3859E+43  1.1694E+46
  1.4960E-02  1.3219E+46  0.0000E+00  1.0536E+44  1.3114E+46
  1.6790E-02  1.4835E+46  0.0000E+00  1.1648E+44  1.4718E+46
  1.8840E-02  1.6643E+46  0.0000E+00  1.2715E+44  1.6515E+46
  2.1130E-02  1.8665E+46  0.0000E+00  1.4173E+44  1.8524E+46
  2.3710E-02  2.0941E+46  0.0000E+00  1.5660E+44  2.0785E+46
  2.6610E-02  2.3499E+46  0.0000E+00  1.7237E+44  2.3326E+46
  2.9850E-02  2.6355E+46  3.7770E-83  1.8849E+44  2.6166E+46
  3.3500E-02  2.9572E+46  2.4341E-68  2.0506E+44  2.9367E+46
  3.7580E-02  3.3167E+46  3.0528E-55  2.2442E+44  3.2942E+46
  4.2170E-02  3.7236E+46  1.3346E-43  2.6880E+44  3.6967E+46
  4.7320E-02  4.1776E+46  3.5901E-33  2.9380E+44  4.1482E+46
  5.3090E-02  4.3506E+46  6.5744E-24  2.9379E+44  4.3212E+46
  6.6830E-02  4.1505E+46  2.4605E-08  2.3722E+44  4.1268E+46
  7.4990E-02  4.0517E+46  8.3179E-02  1.8818E+44  4.0328E+46
  8.4140E-02  3.9600E+46  4.3457E+04  1.9028E+44  3.9410E+46
  9.4410E-02  3.8708E+46  5.2093E+09  1.9558E+44  3.8513E+46
  1.0590E-01  3.5269E+46  1.4555E+14  2.1376E+44  3.5055E+46
  1.1890E-01  2.9671E+46  1.0599E+18  2.0407E+44  2.9467E+46
  1.3340E-01  2.4983E+46  2.0548E+21  1.8774E+44  2.4795E+46
  1.4960E-01  2.1037E+46  2.2709E+24  1.5844E+44  2.0878E+46
  1.5850E-01  1.9291E+46  6.6688E+25  1.4594E+44  1.9145E+46
  1.7780E-01  1.6241E+46  3.5375E+28  1.2642E+44  1.6114E+46
  1.9950E-01  1.3652E+46  1.0948E+31  9.4269E+43  1.3558E+46
  2.2390E-01  1.1477E+46  1.3916E+33  7.3549E+43  1.1403E+46
  2.3710E-01  1.0541E+46  9.1878E+33  7.6247E+43  1.0464E+46
  2.5120E-01  9.6714E+45  5.1709E+34  7.5623E+43  9.5958E+45
  2.6610E-01  8.8724E+45  2.7367E+35  7.1161E+43  8.8012E+45
  2.8180E-01  8.1413E+45  1.3352E+36  6.5196E+43  8.0761E+45
  2.9850E-01  7.4672E+45  5.9511E+36  5.9357E+43  7.4079E+45
  3.1620E-01  6.8487E+45  2.3867E+37  5.4087E+43  6.7947E+45
  3.3500E-01  6.2800E+45  8.7498E+37  4.9171E+43  6.2308E+45
  3.5480E-01  5.7610E+45  2.9408E+38  4.4572E+43  5.7165E+45
  3.7580E-01  5.2844E+45  9.1535E+38  4.0223E+43  5.2442E+45
  3.9810E-01  4.8461E+45  2.6243E+39  3.6350E+43  4.8097E+45
  4.2170E-01  4.4443E+45  6.9187E+39  3.2666E+43  4.4116E+45
  4.4670E-01  4.0760E+45  1.6908E+40  2.9396E+43  4.0466E+45
  4.7320E-01  3.7379E+45  3.8877E+40  2.6357E+43  3.7115E+45
  5.0120E-01  3.4284E+45  8.4342E+40  2.3540E+43  3.4048E+45
  5.3090E-01  3.1443E+45  1.7360E+41  2.0897E+43  3.1232E+45
  5.6230E-01  2.8840E+45  3.3846E+41  1.8569E+43  2.8651E+45
  5.9570E-01  2.6447E+45  6.2940E+41  1.6469E+43  2.6276E+45
  6.3100E-01  2.4260E+45  1.1155E+42  1.4552E+43  2.4103E+45
  6.6830E-01  2.2261E+45  1.8876E+42  1.2798E+43  2.2114E+45
  7.0790E-01  2.0427E+45  3.0614E+42  1.1232E+43  2.0284E+45
  7.4990E-01  1.8751E+45  4.7678E+42  9.8444E+42  1.8605E+45
  7.9430E-01  1.7223E+45  7.1386E+42  8.5934E+42  1.7066E+45
  8.4140E-01  1.5831E+45  1.0321E+43  7.4645E+42  1.5653E+45
  8.9130E-01  1.4566E+45  1.4447E+43  6.4315E+42  1.4357E+45
  9.4410E-01  1.3421E+45  1.9599E+43  5.5129E+42  1.3170E+45
  1.0000E+00  1.2387E+45  2.5840E+43  4.7092E+42  1.2081E+45
  1.0590E+00  1.1458E+45  3.3165E+43  4.0131E+42  1.1086E+45
  1.1220E+00  1.0616E+45  4.1705E+43  3.4018E+42  1.0165E+45
  1.1890E+00  9.8615E+44  5.1454E+43  2.8629E+42  9.3183E+44
  1.2590E+00  9.1964E+44  6.2049E+43  2.3866E+42  8.5520E+44
  1.3340E+00  8.5974E+44  7.3659E+43  1.9784E+42  7.8411E+44
  1.4130E+00  8.0670E+44  8.5786E+43  1.6401E+42  7.1927E+44
  1.4960E+00  7.5988E+44  9.8269E+43  1.3574E+42  6.6026E+44
  1.5850E+00  7.1796E+44  1.1141E+44  1.1171E+42  6.0543E+44
  1.6790E+00  6.8070E+44  1.2448E+44  9.1264E+41  5.5530E+44
  1.7780E+00  6.4732E+44  1.3701E+44  7.3854E+41  5.0957E+44
  1.8840E+00  6.1706E+44  1.4928E+44  5.9113E+41  4.6719E+44
  1.9950E+00  5.8974E+44  1.6052E+44  4.6822E+41  4.2875E+44
  2.1130E+00  5.6451E+44  1.7081E+44  3.6705E+41  3.9333E+44
  2.2390E+00  5.4073E+44  1.7984E+44  2.8501E+41  3.6061E+44
  2.3710E+00  5.1821E+44  1.8707E+44  2.1952E+41  3.3092E+44
  2.5120E+00  4.9647E+44  1.9285E+44  1.6799E+41  3.0344E+44
  2.6610E+00  4.7522E+44  1.9677E+44  1.2785E+41  2.7832E+44
  2.8180E+00  4.5405E+44  1.9857E+44  9.6793E+40  2.5538E+44
  2.9850E+00  4.3291E+44  1.9858E+44  7.2957E+40  2.3426E+44
  3.1620E+00  4.1160E+44  1.9668E+44  5.4756E+40  2.1487E+44
  3.3500E+00  3.9080E+44  1.9372E+44  4.1005E+40  1.9704E+44
  3.5480E+00  3.6954E+44  1.8874E+44  3.0570E+40  1.8078E+44
  3.7580E+00  3.4848E+44  1.8263E+44  2.2716E+40  1.6583E+44
  3.9810E+00  3.2769E+44  1.7558E+44  1.6829E+40  1.5210E+44
  4.2170E+00  3.0721E+44  1.6769E+44  1.2430E+40  1.3951E+44
  4.4670E+00  2.8716E+44  1.5919E+44  9.1532E+39  1.2796E+44
  4.7320E+00  2.6793E+44  1.5056E+44  6.7224E+39  1.1737E+44
  5.0120E+00  2.4991E+44  1.4199E+44  4.9332E+39  1.0791E+44
  5.3090E+00  2.2959E+44  1.3356E+44  3.5632E+39  9.6024E+43
  5.6230E+00  2.1035E+44  1.2554E+44  2.5629E+39  8.4805E+43
  5.9570E+00  1.9246E+44  1.1814E+44  1.8382E+39  7.4316E+43
  6.3100E+00  1.7495E+44  1.1024E+44  1.3073E+39  6.4710E+43
  6.6830E+00  1.5991E+44  1.0390E+44  9.3168E+38  5.6014E+43
  7.0790E+00  1.4528E+44  9.7093E+43  6.5588E+38  4.8190E+43
  7.4990E+00  1.3829E+44  9.7062E+43  4.7820E+38  4.1229E+43
  7.9430E+00  1.6258E+44  1.2747E+44  4.3261E+38  3.5109E+43
  8.4140E+00  2.2047E+44  1.9072E+44  4.8316E+38  2.9752E+43
  8.9130E+00  2.7134E+44  2.4623E+44  5.2350E+38  2.5104E+43
  9.4410E+00  3.1162E+44  2.9051E+44  5.8783E+38  2.1101E+43
  1.0000E+01  2.6531E+44  2.4764E+44  4.3212E+38  1.7671E+43
  1.0590E+01  2.1279E+44  1.9803E+44  2.9010E+38  1.4758E+43
  1.1220E+01  1.6229E+44  1.5002E+44  1.7224E+38  1.2267E+43
  1.1890E+01  1.2597E+44  1.1581E+44  1.0410E+38  1.0159E+43
  1.2590E+01  9.8417E+43  9.0005E+43  6.1869E+37  8.4119E+42
  1.3340E+01  7.8495E+43  7.1563E+43  3.6890E+37  6.9319E+42
  1.4130E+01  6.6920E+43  6.1215E+43  2.3044E+37  5.7050E+42
  1.4960E+01  6.5845E+43  6.1153E+43  1.7108E+37  4.6919E+42
  1.5850E+01  6.7330E+43  6.3488E+43  1.3769E+37  3.8414E+42
  1.6790E+01  6.9227E+43  6.6086E+43  1.1579E+37  3.1409E+42
  1.7780E+01  6.9170E+43  6.6604E+43  9.7335E+36  2.5663E+42
  1.8840E+01  6.5440E+43  6.3351E+43  7.7535E+36  2.0888E+42
  1.9950E+01  5.8640E+43  5.6938E+43  5.6675E+36  1.7013E+42
  2.1130E+01  5.2039E+43  5.0656E+43  3.9668E+36  1.3827E+42
  2.2390E+01  4.6562E+43  4.5441E+43  2.7843E+36  1.1203E+42
  2.3710E+01  4.1875E+43  4.0966E+43  1.9535E+36  9.0864E+41
  2.5120E+01  3.7678E+43  3.6943E+43  1.3735E+36  7.3479E+41
  2.6610E+01  3.3784E+43  3.3191E+43  9.5984E+35  5.9383E+41
  2.8180E+01  3.0150E+43  2.9670E+43  6.6959E+35  4.7994E+41
  2.9850E+01  2.6671E+43  2.6284E+43  4.6430E+35  3.8717E+41
  3.1620E+01  2.3321E+43  2.3009E+43  3.1850E+35  3.1199E+41
  3.3500E+01  2.0124E+43  1.9873E+43  2.1599E+35  2.5106E+41
  3.5480E+01  1.7139E+43  1.6937E+43  1.4486E+35  2.0210E+41
  3.7580E+01  1.4379E+43  1.4216E+43  9.5816E+34  1.6253E+41
  3.9810E+01  1.1862E+43  1.1731E+43  6.2418E+34  1.3054E+41
  4.2170E+01  9.6440E+42  9.5392E+42  4.0091E+34  1.0479E+41
  4.4670E+01  7.7364E+42  7.6524E+42  2.5387E+34  8.4074E+40
  4.7320E+01  6.1329E+42  6.0655E+42  1.5880E+34  6.7400E+40
  5.0120E+01  4.8117E+42  4.7577E+42  9.8292E+33  5.4034E+40
  5.3090E+01  3.7382E+42  3.6949E+42  6.0237E+33  4.3282E+40
  5.6230E+01  2.8810E+42  2.8464E+42  3.6615E+33  3.4667E+40
  5.9570E+01  2.2019E+42  2.1742E+42  2.2069E+33  2.7728E+40
  6.3100E+01  1.6727E+42  1.6505E+42  1.3223E+33  2.2180E+40
  6.6830E+01  1.2639E+42  1.2461E+42  7.8822E+32  1.7744E+40
  7.0790E+01  9.5014E+41  9.3595E+41  4.6754E+32  1.4183E+40
  7.4990E+01  7.1087E+41  6.9954E+41  2.7611E+32  1.1329E+40
  7.9430E+01  5.3001E+41  5.2096E+41  1.6257E+32  9.0505E+39
  8.4140E+01  3.9378E+41  3.8656E+41  9.5398E+31  7.2256E+39
  8.9130E+01  2.9187E+41  2.8611E+41  5.5878E+31  5.7665E+39
  9.4410E+01  2.1584E+41  2.1124E+41  3.2669E+31  4.6021E+39
  1.0000E+02  1.5927E+41  1.5559E+41  1.9066E+31  3.6722E+39
  1.0590E+02  1.1743E+41  1.1450E+41  1.1126E+31  2.9317E+39
  1.1220E+02  8.6438E+40  8.4103E+40  6.4818E+30  2.3358E+39
  1.1890E+02  6.3668E+40  6.1809E+40  3.7804E+30  1.8590E+39
  1.2590E+02  4.7159E+40  4.5675E+40  2.2184E+30  1.4838E+39
  1.3340E+02  3.5002E+40  3.3821E+40  1.3066E+30  1.1811E+39
  1.4130E+02  2.5822E+40  2.4881E+40  7.6820E+29  9.4117E+38
  1.4960E+02  1.8733E+40  1.7982E+40  4.4427E+29  7.5121E+38
  1.5850E+02  1.3497E+40  1.2899E+40  2.5465E+29  5.9781E+38
  1.7780E+02  7.0658E+39  6.6864E+39  8.4368E+28  3.7942E+38
  1.9950E+02  3.7108E+39  3.4704E+39  2.8113E+28  2.4043E+38
  2.2390E+02  1.9497E+39  1.7976E+39  9.4044E+27  1.5216E+38
  2.5120E+02  1.0263E+39  9.2997E+38  3.1627E+27  9.6376E+37
  2.8180E+02  5.4103E+38  4.7999E+38  1.0691E+27  6.1043E+37
  3.1620E+02  2.8556E+38  2.4694E+38  3.6326E+26  3.8617E+37
  3.5480E+02  1.5119E+38  1.2677E+38  1.2427E+26  2.4421E+37
  3.9810E+02  8.0388E+37  6.4946E+37  4.2871E+25  1.5442E+37
  4.4670E+02  4.2965E+37  3.3205E+37  1.4924E+25  9.7603E+36
  5.0120E+02  2.3120E+37  1.6951E+37  5.2491E+24  6.1695E+36
  5.6230E+02  1.2544E+37  8.6434E+36  1.8664E+24  3.9003E+36
  6.3100E+02  6.8598E+36  4.3969E+36  6.7053E+23  2.4629E+36
  7.0790E+02  3.7930E+36  2.2362E+36  2.4388E+23  1.5568E+36
  7.9430E+02  2.1183E+36  1.1351E+36  8.9612E+22  9.8325E+35
  8.9130E+02  1.1961E+36  5.7533E+35  3.3267E+22  6.2077E+35
  1.0000E+03  6.8361E+35  2.9147E+35  1.2481E+22  3.9214E+35
