  1.0000E-03  8.6344E+44  0.0000E+00  5.9134E+40  8.6338E+44
  1.1220E-03  9.6504E+44  0.0000E+00  7.7835E+40  9.6496E+44
  1.2590E-03  1.0784E+45  0.0000E+00  9.7566E+40  1.0783E+45
  1.4130E-03  1.2050E+45  0.0000E+00  1.1730E+41  1.2049E+45
  1.5850E-03  1.3464E+45  0.0000E+00  1.3622E+41  1.3462E+45
  1.7780E-03  1.5076E+45  0.0000E+00  1.6960E+41  1.5075E+45
  1.9950E-03  1.6792E+45  0.0000E+00  2.0978E+41  1.6790E+45
  2.2390E-03  1.8735E+45  0.0000E+00  2.3101E+41  1.8733E+45
  2.5120E-03  2.0955E+45  0.0000E+00  2.9886E+41  2.0952E+45
  2.8180E-03  2.3264E+45  0.0000E+00  3.6067E+41  2.3260E+45
  3.1620E-03  2.5860E+45  0.0000E+00  4.0980E+41  2.5856E+45
  3.5480E-03  2.8762E+45  0.0000E+00  4.5071E+41  2.8758E+45
  3.9810E-03  3.2014E+45  0.0000E+00  4.8287E+41  3.2009E+45
  4.4670E-03  3.7243E+45  0.0000E+00  7.9415E+41  3.7235E+45
  5.0120E-03  4.1300E+45  0.0000E+00  9.9920E+41  4.1290E+45
  5.6230E-03  4.5795E+45  0.0000E+00  1.1916E+42  4.5783E+45
  5.9570E-03  4.8244E+45  0.0000E+00  1.2810E+42  4.8231E+45
  6.6830E-03  5.3581E+45  0.0000E+00  1.4457E+42  5.3567E+45
  7.4990E-03  5.9633E+45  0.0000E+00  1.6027E+42  5.9617E+45
  8.4140E-03  6.6283E+45  0.0000E+00  1.7708E+42  6.6265E+45
  9.4410E-03  7.3800E+45  0.0000E+00  1.9156E+42  7.3781E+45
  1.0590E-02  8.2438E+45  0.0000E+00  1.9916E+42  8.2418E+45
  1.1890E-02  9.1774E+45  0.0000E+00  2.2369E+42  9.1751E+45
  1.3340E-02  1.0228E+46  0.0000E+00  2.3914E+42  1.0226E+46
  1.4960E-02  1.1377E+46  0.0000E+00  2.5874E+42  1.1374E+46
  1.6790E-02  1.2673E+46  0.0000E+00  2.7686E+42  1.2670E+46
  1.8840E-02  1.4125E+46  0.0000E+00  2.9371E+42  1.4122E+46
  2.1130E-02  1.5725E+46  0.0000E+00  3.1605E+42  1.5722E+46
  2.3710E-02  1.7508E+46  0.0000E+00  3.3821E+42  1.7505E+46
  2.6610E-02  1.9486E+46  0.0000E+00  3.6088E+42  1.9482E+46
  2.9850E-02  2.1677E+46  4.2314E-83  3.8316E+42  2.1673E+46
  3.3500E-02  2.4122E+46  2.7170E-68  4.0492E+42  2.4118E+46
  3.7580E-02  2.7003E+46  3.4035E-55  4.3872E+42  2.6999E+46
  4.2170E-02  3.0043E+46  1.4828E-43  5.2253E+42  3.0038E+46
  4.7320E-02  3.3029E+46  3.9574E-33  5.4640E+42  3.3024E+46
  5.3090E-02  3.3578E+46  7.1828E-24  5.2552E+42  3.3573E+46
  6.6830E-02  2.9186E+46  2.6034E-08  4.2123E+42  2.9182E+46
  7.4990E-02  2.6819E+46  8.5733E-02  3.8686E+42  2.6815E+46
  8.4140E-02  2.6630E+46  4.4931E+04  3.7415E+42  2.6626E+46
  9.4410E-02  2.6321E+46  5.3895E+09  3.6963E+42  2.6317E+46
  1.0590E-01  2.5043E+46  1.5252E+14  3.7259E+42  2.5039E+46
  1.1890E-01  2.2129E+46  1.1407E+18  3.4831E+42  2.2125E+46
  1.3340E-01  1.9311E+46  2.2650E+21  3.4197E+42  1.9307E+46
  1.4960E-01  1.6655E+46  2.5249E+24  3.0737E+42  1.6652E+46
  1.5850E-01  1.5337E+46  7.4132E+25  2.7953E+42  1.5334E+46
  1.7780E-01  1.2796E+46  3.8944E+28  2.0981E+42  1.2794E+46
  1.9950E-01  1.0302E+46  1.1754E+31  1.2548E+42  1.0301E+46
  2.2390E-01  8.4301E+45  1.4643E+33  1.0174E+42  8.4291E+45
  2.3710E-01  7.9711E+45  9.7874E+33  1.1045E+42  7.9700E+45
  2.5120E-01  7.5413E+45  5.5808E+34  1.1540E+42  7.5402E+45
  2.6610E-01  7.0640E+45  2.9763E+35  1.1341E+42  7.0629E+45
  2.8180E-01  6.5804E+45  1.4587E+36  1.0766E+42  6.5793E+45
  2.9850E-01  6.1078E+45  6.5204E+36  1.0115E+42  6.1068E+45
  3.1620E-01  5.6617E+45  2.6204E+37  9.5187E+41  5.6608E+45
  3.3500E-01  5.2423E+45  9.6185E+37  8.9280E+41  5.2414E+45
  3.5480E-01  4.8512E+45  3.2345E+38  8.3346E+41  4.8504E+45
  3.7580E-01  4.4879E+45  1.0068E+39  7.7399E+41  4.4872E+45
  3.9810E-01  4.1479E+45  2.8855E+39  7.1944E+41  4.1472E+45
  4.2170E-01  3.8359E+45  7.6024E+39  6.6648E+41  3.8352E+45
  4.4670E-01  3.5465E+45  1.8560E+40  6.1827E+41  3.5458E+45
  4.7320E-01  3.2779E+45  4.2614E+40  5.7118E+41  3.2773E+45
  5.0120E-01  3.0295E+45  9.2268E+40  5.2507E+41  3.0289E+45
  5.3090E-01  2.7997E+45  1.8943E+41  4.7952E+41  2.7990E+45
  5.6230E-01  2.5861E+45  3.6815E+41  4.3757E+41  2.5853E+45
  5.9570E-01  2.3873E+45  6.8191E+41  3.9810E+41  2.3863E+45
  6.3100E-01  2.2044E+45  1.2027E+42  3.6061E+41  2.2028E+45
  6.6830E-01  2.0358E+45  2.0232E+42  3.2486E+41  2.0334E+45
  7.0790E-01  1.8798E+45  3.2578E+42  2.9182E+41  1.8762E+45
  7.4990E-01  1.7357E+45  5.0298E+42  2.6145E+41  1.7304E+45
  7.9430E-01  1.6035E+45  7.4525E+42  2.3311E+41  1.5958E+45
  8.4140E-01  1.4821E+45  1.0640E+43  2.0668E+41  1.4713E+45
  8.9130E-01  1.3713E+45  1.4668E+43  1.8170E+41  1.3565E+45
  9.4410E-01  1.2701E+45  1.9543E+43  1.5871E+41  1.2504E+45
  1.0000E+00  1.1776E+45  2.5219E+43  1.3787E+41  1.1523E+45
  1.0590E+00  1.0935E+45  3.1567E+43  1.1922E+41  1.0618E+45
  1.1220E+00  1.0161E+45  3.8546E+43  1.0231E+41  9.7746E+44
  1.1890E+00  9.4541E+44  4.5970E+43  8.6930E+40  8.9936E+44
  1.2590E+00  8.8179E+44  5.3361E+43  7.2928E+40  8.2836E+44
  1.3340E+00  8.2270E+44  6.0639E+43  6.0613E+40  7.6200E+44
  1.4130E+00  7.6838E+44  6.7280E+43  5.0178E+40  7.0105E+44
  1.4960E+00  7.1837E+44  7.3095E+43  4.1298E+40  6.4523E+44
  1.5850E+00  6.7131E+44  7.8180E+43  3.3642E+40  5.9310E+44
  1.6790E+00  6.2730E+44  8.2059E+43  2.7078E+40  5.4521E+44
  1.7780E+00  5.8590E+44  8.4529E+43  2.1492E+40  5.0135E+44
  1.8840E+00  5.4635E+44  8.5819E+43  1.6790E+40  4.6052E+44
  1.9950E+00  5.0916E+44  8.5804E+43  1.2931E+40  4.2335E+44
  2.1130E+00  4.7367E+44  8.4700E+43  9.8202E+39  3.8897E+44
  2.2390E+00  4.3966E+44  8.2559E+43  7.3628E+39  3.5709E+44
  2.3710E+00  4.0760E+44  7.9526E+43  5.4666E+39  3.2807E+44
  2.5120E+00  3.7705E+44  7.5897E+43  4.0250E+39  3.0114E+44
  2.6610E+00  3.4822E+44  7.1759E+43  2.9456E+39  2.7646E+44
  2.8180E+00  3.2110E+44  6.7225E+43  2.1451E+39  2.5387E+44
  2.9850E+00  2.9556E+44  6.2526E+43  1.5561E+39  2.3303E+44
  3.1620E+00  2.7160E+44  5.7732E+43  1.1254E+39  2.1386E+44
  3.3500E+00  2.4938E+44  5.3166E+43  8.1270E+38  1.9622E+44
  3.5480E+00  2.2873E+44  4.8627E+43  5.8607E+38  1.8010E+44
  3.7580E+00  2.0961E+44  4.4329E+43  4.2209E+38  1.6528E+44
  3.9810E+00  1.9192E+44  4.0282E+43  3.0371E+38  1.5164E+44
  4.2170E+00  1.7563E+44  3.6491E+43  2.1843E+38  1.3914E+44
  4.4670E+00  1.6062E+44  3.2969E+43  1.5700E+38  1.2765E+44
  4.7320E+00  1.4685E+44  2.9744E+43  1.1274E+38  1.1711E+44
  5.0120E+00  1.3451E+44  2.6813E+43  8.1094E+37  1.0770E+44
  5.3090E+00  1.1999E+44  2.4138E+43  5.6719E+37  9.5850E+43
  5.6230E+00  1.0640E+44  2.1734E+43  3.9371E+37  8.4665E+43
  5.9570E+00  9.3803E+43  1.9600E+43  2.7125E+37  7.4203E+43
  6.3100E+00  8.2163E+43  1.7544E+43  1.8535E+37  6.4619E+43
  6.6830E+00  7.1833E+43  1.5892E+43  1.2592E+37  5.5941E+43
  7.0790E+00  6.2407E+43  1.4276E+43  8.4561E+36  4.8131E+43
  7.4990E+00  5.4755E+43  1.3577E+43  5.6604E+36  4.1178E+43
  7.9430E+00  5.1665E+43  1.6616E+43  4.0223E+36  3.5048E+43
  8.4140E+00  5.3336E+43  2.3669E+43  3.2579E+36  2.9667E+43
  8.9130E+00  5.4843E+43  2.9840E+43  2.8039E+36  2.5002E+43
  9.4410E+00  5.5654E+43  3.4663E+43  2.6447E+36  2.0992E+43
  1.0000E+01  4.6566E+43  2.8977E+43  1.8726E+36  1.7589E+43
  1.0590E+01  3.7292E+43  2.2591E+43  1.2407E+36  1.4701E+43
  1.1220E+01  2.8770E+43  1.6540E+43  7.4584E+35  1.2230E+43
  1.1890E+01  2.2386E+43  1.2251E+43  4.5429E+35  1.0135E+43
  1.2590E+01  1.7441E+43  9.0443E+42  2.7242E+35  8.3962E+42
  1.3340E+01  1.3685E+43  6.7638E+42  1.6244E+35  6.9216E+42
  1.4130E+01  1.1127E+43  5.4297E+42  9.8016E+34  5.6976E+42
  1.4960E+01  9.8603E+42  5.1749E+42  6.4619E+34  4.6854E+42
  1.5850E+01  8.9703E+42  5.1349E+42  4.5116E+34  3.8354E+42
  1.6790E+01  8.2278E+42  5.0925E+42  3.2901E+34  3.1353E+42
  1.7780E+01  7.4077E+42  4.8463E+42  2.4376E+34  2.5614E+42
  1.8840E+01  6.3738E+42  4.2891E+42  1.7510E+34  2.0847E+42
  1.9950E+01  5.2336E+42  3.5353E+42  1.1821E+34  1.6983E+42
  2.1130E+01  4.2432E+42  2.8627E+42  7.6745E+33  1.3805E+42
  2.2390E+01  3.4497E+42  2.3311E+42  4.9739E+33  1.1187E+42
  2.3710E+01  2.8145E+42  1.9071E+42  3.2202E+33  9.0741E+41
  2.5120E+01  2.2949E+42  1.5610E+42  2.0873E+33  7.3387E+41
  2.6610E+01  1.8684E+42  1.2752E+42  1.3485E+33  5.9314E+41
  2.8180E+01  1.5195E+42  1.0401E+42  8.7297E+32  4.7942E+41
  2.9850E+01  1.2303E+42  8.4357E+41  5.6443E+32  3.8678E+41
  3.1620E+01  9.9048E+41  6.7879E+41  3.6350E+32  3.1169E+41
  3.3500E+01  7.9210E+41  5.4127E+41  2.3319E+32  2.5083E+41
  3.5480E+01  6.3008E+41  4.2815E+41  1.4923E+32  2.0193E+41
  3.7580E+01  4.9735E+41  3.3495E+41  9.5031E+31  1.6240E+41
  3.9810E+01  3.8895E+41  2.5851E+41  6.0170E+31  1.3044E+41
  4.2170E+01  3.0209E+41  1.9736E+41  3.7911E+31  1.0473E+41
  4.4670E+01  2.3320E+41  1.4918E+41  2.3760E+31  8.4025E+40
  4.7320E+01  1.7916E+41  1.1180E+41  1.4832E+31  6.7364E+40
  5.0120E+01  1.3720E+41  8.3188E+40  9.2348E+30  5.4008E+40
  5.3090E+01  1.0474E+41  6.1472E+40  5.7360E+30  4.3264E+40
  5.6230E+01  7.9849E+40  4.5195E+40  3.5589E+30  3.4654E+40
  5.9570E+01  6.0751E+40  3.3032E+40  2.2040E+30  2.7719E+40
  6.3100E+01  4.6234E+40  2.4060E+40  1.3653E+30  2.2174E+40
  6.6830E+01  3.5213E+40  1.7474E+40  8.4626E+29  1.7739E+40
  7.0790E+01  2.6833E+40  1.2653E+40  5.2458E+29  1.4180E+40
  7.4990E+01  2.0465E+40  9.1377E+39  3.2532E+29  1.1327E+40
  7.9430E+01  1.5638E+40  6.5893E+39  2.0204E+29  9.0488E+39
  8.4140E+01  1.1968E+40  4.7436E+39  1.2554E+29  7.2244E+39
  8.9130E+01  9.1783E+39  3.4126E+39  7.8098E+28  5.7657E+39
  9.4410E+01  7.0549E+39  2.4534E+39  4.8650E+28  4.6015E+39
  1.0000E+02  5.4343E+39  1.7625E+39  3.0339E+28  3.6718E+39
  1.0590E+02  4.1984E+39  1.2670E+39  1.8957E+28  2.9314E+39
  1.1220E+02  3.2459E+39  9.1034E+38  1.1833E+28  2.3355E+39
  1.1890E+02  2.5141E+39  6.5523E+38  7.3892E+27  1.8589E+39
  1.2590E+02  1.9586E+39  4.7490E+38  4.6350E+27  1.4837E+39
  1.3340E+02  1.5262E+39  3.4519E+38  2.9080E+27  1.1810E+39
  1.4130E+02  1.1908E+39  2.4964E+38  1.8335E+27  9.4112E+38
  1.4960E+02  9.2882E+38  1.7765E+38  1.1554E+27  7.5117E+38
  1.5850E+02  7.2335E+38  1.2557E+38  7.2426E+26  5.9778E+38
  1.7780E+02  4.4276E+38  6.3355E+37  2.8560E+26  3.7941E+38
  1.9950E+02  2.7253E+38  3.2103E+37  1.1280E+26  2.4043E+38
  2.2390E+02  1.6843E+38  1.6279E+37  4.4615E+25  1.5215E+38
  2.5120E+02  1.0464E+38  8.2662E+36  1.7695E+25  9.6374E+37
  2.8180E+02  6.5239E+37  4.1969E+36  7.0294E+24  6.1042E+37
  3.1620E+02  4.0745E+37  2.1279E+36  2.7925E+24  3.8617E+37
  3.5480E+02  2.5499E+37  1.0784E+36  1.1097E+24  2.4421E+37
  3.9810E+02  1.5988E+37  5.4623E+35  4.4139E+23  1.5442E+37
  4.4670E+02  1.0037E+37  2.7647E+35  1.7560E+23  9.7602E+36
  5.0120E+02  6.3093E+36  1.3988E+35  6.9898E+22  6.1694E+36
  5.6230E+02  3.9711E+36  7.0764E+34  2.7832E+22  3.9003E+36
  6.3100E+02  2.4987E+36  3.5746E+34  1.1075E+22  2.4629E+36
  7.0790E+02  1.5749E+36  1.8067E+34  4.4128E+21  1.5568E+36
  7.9430E+02  9.9237E+35  9.1197E+33  1.7570E+21  9.8325E+35
  8.9130E+02  6.2537E+35  4.5998E+33  6.9942E+20  6.2077E+35
  1.0000E+03  3.9446E+35  2.3202E+33  2.7864E+20  3.9213E+35
