  1.0000E-03  8.6900E+44  0.0000E+00  1.7344E+41  8.6883E+44
  1.1220E-03  9.7286E+44  0.0000E+00  2.2987E+41  9.7263E+44
  1.2590E-03  1.0891E+45  0.0000E+00  2.9055E+41  1.0888E+45
  1.4130E-03  1.2193E+45  0.0000E+00  3.5295E+41  1.2189E+45
  1.5850E-03  1.3647E+45  0.0000E+00  4.1584E+41  1.3643E+45
  1.7780E-03  1.5298E+45  0.0000E+00  5.3519E+41  1.5293E+45
  1.9950E-03  1.7094E+45  0.0000E+00  6.8390E+41  1.7087E+45
  2.2390E-03  1.9123E+45  0.0000E+00  7.7524E+41  1.9116E+45
  2.5120E-03  2.1426E+45  0.0000E+00  1.0690E+42  2.1415E+45
  2.8180E-03  2.3894E+45  0.0000E+00  1.3597E+42  2.3881E+45
  3.1620E-03  2.6670E+45  0.0000E+00  1.6239E+42  2.6654E+45
  3.5480E-03  2.9776E+45  0.0000E+00  1.8755E+42  2.9758E+45
  3.9810E-03  3.3258E+45  0.0000E+00  2.1055E+42  3.3237E+45
  4.4670E-03  3.8009E+45  0.0000E+00  2.3512E+42  3.7985E+45
  5.0120E-03  4.2377E+45  0.0000E+00  3.1293E+42  4.2345E+45
  5.6230E-03  4.7245E+45  0.0000E+00  3.9817E+42  4.7205E+45
  5.9570E-03  4.9900E+45  0.0000E+00  4.4235E+42  4.9856E+45
  6.6830E-03  5.5680E+45  0.0000E+00  5.3049E+42  5.5627E+45
  7.4990E-03  6.2210E+45  0.0000E+00  6.2304E+42  6.2148E+45
  8.4140E-03  6.9445E+45  0.0000E+00  7.2757E+42  6.9372E+45
  9.4410E-03  7.7599E+45  0.0000E+00  8.2718E+42  7.7517E+45
  1.0590E-02  8.6869E+45  0.0000E+00  8.9283E+42  8.6779E+45
  1.1890E-02  9.7085E+45  0.0000E+00  1.0661E+43  9.6978E+45
  1.3340E-02  1.0854E+46  0.0000E+00  1.1936E+43  1.0842E+46
  1.4960E-02  1.2118E+46  0.0000E+00  1.3608E+43  1.2105E+46
  1.6790E-02  1.3546E+46  0.0000E+00  1.5276E+43  1.3531E+46
  1.8840E-02  1.5146E+46  0.0000E+00  1.6922E+43  1.5129E+46
  2.1130E-02  1.6920E+46  0.0000E+00  1.9147E+43  1.6901E+46
  2.3710E-02  1.8907E+46  0.0000E+00  2.1490E+43  1.8885E+46
  2.6610E-02  2.1123E+46  0.0000E+00  2.4055E+43  2.1099E+46
  2.9850E-02  2.3589E+46  1.5130E-83  2.6765E+43  2.3562E+46
  3.3500E-02  2.6354E+46  9.8073E-69  2.9649E+43  2.6324E+46
  3.7580E-02  2.9527E+46  1.2312E-55  3.2584E+43  2.9494E+46
  4.2170E-02  3.2986E+46  5.4129E-44  3.9586E+43  3.2946E+46
  4.7320E-02  3.6618E+46  1.4764E-33  4.5181E+43  3.6573E+46
  5.3090E-02  3.7658E+46  2.7456E-24  4.7577E+43  3.7610E+46
  6.6830E-02  3.4183E+46  1.0776E-08  4.6446E+43  3.4137E+46
  7.4990E-02  3.2333E+46  3.7420E-02  4.1971E+43  3.2291E+46
  8.4140E-02  3.1854E+46  1.9427E+04  4.0947E+43  3.1813E+46
  9.4410E-02  3.1305E+46  2.3187E+09  4.0931E+43  3.1264E+46
  1.0590E-01  2.9153E+46  6.3585E+13  4.0328E+43  2.9113E+46
  1.1890E-01  2.5147E+46  4.4957E+17  3.4363E+43  2.5112E+46
  1.3340E-01  2.1560E+46  8.4902E+20  2.9042E+43  2.1530E+46
  1.4960E-01  1.8373E+46  9.2556E+23  2.3181E+43  1.8350E+46
  1.5850E-01  1.6885E+46  2.7144E+25  2.1175E+43  1.6864E+46
  1.7780E-01  1.4160E+46  1.4552E+28  1.8902E+43  1.4142E+46
  1.9950E-01  1.1659E+46  4.6546E+30  1.5841E+43  1.1643E+46
  2.2390E-01  9.6780E+45  6.0447E+32  1.3308E+43  9.6646E+45
  2.3710E-01  9.0253E+45  3.9254E+33  1.2906E+43  9.0124E+45
  2.5120E-01  8.4157E+45  2.1681E+34  1.1981E+43  8.4037E+45
  2.6610E-01  7.8066E+45  1.1326E+35  1.0809E+43  7.7958E+45
  2.8180E-01  7.2220E+45  5.4750E+35  9.6276E+42  7.2123E+45
  2.9850E-01  6.6672E+45  2.4225E+36  8.5795E+42  6.6586E+45
  3.1620E-01  6.1506E+45  9.6522E+36  7.6709E+42  6.1430E+45
  3.3500E-01  5.6701E+45  3.5175E+37  6.8562E+42  5.6633E+45
  3.5480E-01  5.2268E+45  1.1760E+38  6.1229E+42  5.2207E+45
  3.7580E-01  4.8173E+45  3.6415E+38  5.4493E+42  4.8118E+45
  3.9810E-01  4.4370E+45  1.0390E+39  4.8609E+42  4.4322E+45
  4.2170E-01  4.0884E+45  2.7253E+39  4.3099E+42  4.0841E+45
  4.4670E-01  3.7666E+45  6.6267E+39  3.8271E+42  3.7628E+45
  4.7320E-01  3.4695E+45  1.5163E+40  3.3870E+42  3.4661E+45
  5.0120E-01  3.1959E+45  3.2744E+40  2.9870E+42  3.1929E+45
  5.3090E-01  2.9438E+45  6.7094E+40  2.6183E+42  2.9411E+45
  5.6230E-01  2.7109E+45  1.3029E+41  2.2982E+42  2.7084E+45
  5.9570E-01  2.4952E+45  2.4145E+41  2.0138E+42  2.4929E+45
  6.3100E-01  2.2971E+45  4.2660E+41  1.7575E+42  2.2949E+45
  6.6830E-01  2.1150E+45  7.2008E+41  1.5262E+42  2.1128E+45
  7.0790E-01  1.9469E+45  1.1657E+42  1.3218E+42  1.9444E+45
  7.4990E-01  1.7919E+45  1.8137E+42  1.1428E+42  1.7889E+45
  7.9430E-01  1.6495E+45  2.7156E+42  9.8320E+41  1.6458E+45
  8.4140E-01  1.5187E+45  3.9304E+42  8.4086E+41  1.5139E+45
  8.9130E-01  1.3988E+45  5.5126E+42  7.1203E+41  1.3925E+45
  9.4410E-01  1.2889E+45  7.5042E+42  5.9908E+41  1.2808E+45
  1.0000E+00  1.1883E+45  9.9433E+42  5.0185E+41  1.1779E+45
  1.0590E+00  1.0966E+45  1.2846E+43  4.1890E+41  1.0833E+45
  1.1220E+00  1.0121E+45  1.6286E+43  3.4724E+41  9.9551E+44
  1.1890E+00  9.3497E+44  2.0288E+43  2.8523E+41  9.1440E+44
  1.2590E+00  8.6578E+44  2.4731E+43  2.3165E+41  8.4082E+44
  1.3340E+00  8.0219E+44  2.9724E+43  1.8681E+41  7.7228E+44
  1.4130E+00  7.4478E+44  3.5092E+43  1.5056E+41  7.0954E+44
  1.4960E+00  6.9315E+44  4.0784E+43  1.2107E+41  6.5225E+44
  1.5850E+00  6.4592E+44  4.6954E+43  9.6695E+40  5.9887E+44
  1.6790E+00  6.0331E+44  5.3297E+43  7.6624E+40  5.4994E+44
  1.7780E+00  5.6487E+44  5.9608E+43  6.0145E+40  5.0520E+44
  1.8840E+00  5.2971E+44  6.6014E+43  4.6692E+40  4.6365E+44
  1.9950E+00  4.9804E+44  7.2127E+43  3.5905E+40  4.2588E+44
  2.1130E+00  4.6902E+44  7.7976E+43  2.7354E+40  3.9101E+44
  2.2390E+00  4.4215E+44  8.3393E+43  2.0669E+40  3.5874E+44
  2.3710E+00  4.1749E+44  8.8068E+43  1.5525E+40  3.2941E+44
  2.5120E+00  3.9437E+44  9.2138E+43  1.1606E+40  3.0222E+44
  2.6610E+00  3.7271E+44  9.5364E+43  8.6482E+39  2.7733E+44
  2.8180E+00  3.5216E+44  9.7572E+43  6.4254E+39  2.5458E+44
  2.9850E+00  3.3251E+44  9.8892E+43  4.7627E+39  2.3361E+44
  3.1620E+00  3.1357E+44  9.9235E+43  3.5226E+39  2.1433E+44
  3.3500E+00  2.9560E+44  9.8998E+43  2.6035E+39  1.9660E+44
  3.5480E+00  2.7807E+44  9.7646E+43  1.9200E+39  1.8042E+44
  3.7580E+00  2.6117E+44  9.5634E+43  1.4134E+39  1.6554E+44
  3.9810E+00  2.4490E+44  9.3046E+43  1.0388E+39  1.5185E+44
  4.2170E+00  2.2922E+44  8.9908E+43  7.6211E+38  1.3931E+44
  4.4670E+00  2.1414E+44  8.6344E+43  5.5804E+38  1.2780E+44
  4.7320E+00  1.9983E+44  8.2602E+43  4.0784E+38  1.1723E+44
  5.0120E+00  1.8658E+44  7.8781E+43  2.9809E+38  1.0780E+44
  5.3090E+00  1.7086E+44  7.4929E+43  2.1337E+38  9.5930E+43
  5.6230E+00  1.5592E+44  7.1190E+43  1.5191E+38  8.4729E+43
  5.9570E+00  1.4195E+44  6.7698E+43  1.0768E+38  7.4255E+43
  6.3100E+00  1.2845E+44  6.3788E+43  7.5699E+37  6.4660E+43
  6.6830E+00  1.1666E+44  6.0685E+43  5.3175E+37  5.5974E+43
  7.0790E+00  1.0535E+44  5.7194E+43  3.6900E+37  4.8158E+43
  7.4990E+00  9.8904E+43  5.7703E+43  2.6294E+37  4.1201E+43
  7.9430E+00  1.1195E+44  7.6875E+43  2.2682E+37  3.5074E+43
  8.4140E+00  1.4661E+44  1.1691E+44  2.4319E+37  2.9701E+43
  8.9130E+00  1.7809E+44  1.5304E+44  2.5912E+37  2.5042E+43
  9.4410E+00  2.0390E+44  1.8286E+44  2.8911E+37  2.1034E+43
  1.0000E+01  1.7409E+44  1.5646E+44  2.1027E+37  1.7621E+43
  1.0590E+01  1.3993E+44  1.2521E+44  1.3937E+37  1.4723E+43
  1.1220E+01  1.0682E+44  9.4574E+43  8.1553E+36  1.2245E+43
  1.1890E+01  8.2784E+43  7.2640E+43  4.8575E+36  1.0145E+43
  1.2590E+01  6.4346E+43  5.5944E+43  2.8393E+36  8.4025E+42
  1.3340E+01  5.0844E+43  4.3918E+43  1.6614E+36  6.9258E+42
  1.4130E+01  4.2772E+43  3.7072E+43  1.0162E+36  5.7006E+42
  1.4960E+01  4.1500E+43  3.6812E+43  7.3875E+35  4.6881E+42
  1.5850E+01  4.1833E+43  3.7995E+43  5.8262E+35  3.8378E+42
  1.6790E+01  4.2363E+43  3.9226E+43  4.8039E+35  3.1375E+42
  1.7780E+01  4.1578E+43  3.9015E+43  3.9556E+35  2.5634E+42
  1.8840E+01  3.8445E+43  3.6359E+43  3.0754E+35  2.0863E+42
  1.9950E+01  3.3495E+43  3.1795E+43  2.1858E+35  1.6995E+42
  2.1130E+01  2.8813E+43  2.7432E+43  1.4853E+35  1.3813E+42
  2.2390E+01  2.4961E+43  2.3842E+43  1.0121E+35  1.1193E+42
  2.3710E+01  2.1736E+43  2.0828E+43  6.8983E+34  9.0792E+41
  2.5120E+01  1.8945E+43  1.8211E+43  4.7163E+34  7.3425E+41
  2.6610E+01  1.6474E+43  1.5881E+43  3.2097E+34  5.9343E+41
  2.8180E+01  1.4284E+43  1.3805E+43  2.1847E+34  4.7964E+41
  2.9850E+01  1.2300E+43  1.1913E+43  1.4809E+34  3.8694E+41
  3.1620E+01  1.0491E+43  1.0179E+43  9.9509E+33  3.1182E+41
  3.3500E+01  8.8483E+42  8.5974E+42  6.6235E+33  2.5093E+41
  3.5480E+01  7.3823E+42  7.1803E+42  4.3693E+33  2.0200E+41
  3.7580E+01  6.0783E+42  5.9158E+42  2.8477E+33  1.6246E+41
  3.9810E+01  4.9292E+42  4.7987E+42  1.8308E+33  1.3048E+41
  4.2170E+01  3.9462E+42  3.8414E+42  1.1622E+33  1.0475E+41
  4.4670E+01  3.1218E+42  3.0378E+42  7.2847E+32  8.4046E+40
  4.7320E+01  2.4440E+42  2.3766E+42  4.5165E+32  6.7380E+40
  5.0120E+01  1.8962E+42  1.8422E+42  2.7742E+32  5.4019E+40
  5.3090E+01  1.4585E+42  1.4153E+42  1.6892E+32  4.3272E+40
  5.6230E+01  1.1143E+42  1.0796E+42  1.0214E+32  3.4660E+40
  5.9570E+01  8.4504E+41  8.1732E+41  6.1305E+31  2.7723E+40
  6.3100E+01  6.3765E+41  6.1548E+41  3.6617E+31  2.2177E+40
  6.6830E+01  4.7904E+41  4.6130E+41  2.1782E+31  1.7742E+40
  7.0790E+01  3.5836E+41  3.4418E+41  1.2905E+31  1.4181E+40
  7.4990E+01  2.6703E+41  2.5570E+41  7.6201E+30  1.1328E+40
  7.9430E+01  1.9844E+41  1.8939E+41  4.4903E+30  9.0495E+39
  8.4140E+01  1.4707E+41  1.3984E+41  2.6397E+30  7.2249E+39
  8.9130E+01  1.0881E+41  1.0304E+41  1.5503E+30  5.7661E+39
  9.4410E+01  8.0372E+40  7.5771E+40  9.0968E+29  4.6018E+39
  1.0000E+02  5.9278E+40  5.5606E+40  5.3335E+29  3.6720E+39
  1.0590E+02  4.3716E+40  4.0784E+40  3.1296E+29  2.9315E+39
  1.1220E+02  3.2204E+40  2.9868E+40  1.8348E+29  2.3356E+39
  1.1890E+02  2.3751E+40  2.1892E+40  1.0776E+29  1.8589E+39
  1.2590E+02  1.7623E+40  1.6139E+40  6.3711E+28  1.4838E+39
  1.3340E+02  1.3106E+40  1.1925E+40  3.7812E+28  1.1811E+39
  1.4130E+02  9.6969E+39  8.7557E+39  2.2440E+28  9.4114E+38
  1.4960E+02  7.0675E+39  6.3163E+39  1.3145E+28  7.5119E+38
  1.5850E+02  5.1206E+39  4.5228E+39  7.6452E+27  5.9779E+38
  1.7780E+02  2.7162E+39  2.3368E+39  2.6157E+27  3.7941E+38
  1.9950E+02  1.4500E+39  1.2096E+39  9.0410E+26  2.4043E+38
  2.2390E+02  7.7727E+38  6.2512E+38  3.1529E+26  1.5216E+38
  2.5120E+02  4.1917E+38  3.2279E+38  1.1109E+26  9.6375E+37
  2.8180E+02  2.2738E+38  1.6634E+38  3.9538E+25  6.1043E+37
  3.1620E+02  1.2408E+38  8.5459E+37  1.4202E+25  3.8617E+37
  3.5480E+02  6.8242E+37  4.3821E+37  5.1525E+24  2.4421E+37
  3.9810E+02  3.7869E+37  2.2427E+37  1.8894E+24  1.5442E+37
  4.4670E+02  2.1216E+37  1.1456E+37  6.9969E+23  9.7602E+36
  5.0120E+02  1.2013E+37  5.8439E+36  2.6167E+23  6.1694E+36
  5.6230E+02  6.8782E+36  2.9779E+36  9.8748E+22  3.9003E+36
  6.3100E+02  3.9769E+36  1.5140E+36  3.7541E+22  2.4629E+36
  7.0790E+02  2.3264E+36  7.6961E+35  1.4392E+22  1.5568E+36
  7.9430E+02  1.3737E+36  3.9047E+35  5.5483E+21  9.8325E+35
  8.9130E+02  8.1861E+35  1.9784E+35  2.1503E+21  6.2077E+35
  1.0000E+03  4.9233E+35  1.0020E+35  8.3789E+20  3.9214E+35
