  1.0000E-03  2.0383E+44  0.0000E+00  8.8465E+42  1.9498E+44
  1.1220E-03  1.5902E+44  0.0000E+00  9.5684E+42  1.4946E+44
  1.2590E-03  1.2154E+44  0.0000E+00  9.8097E+42  1.1173E+44
  1.4130E-03  9.1579E+43  0.0000E+00  9.6267E+42  8.1952E+43
  1.5850E-03  7.3269E+43  0.0000E+00  9.4477E+42  6.3821E+43
  1.7780E-03  7.3819E+43  0.0000E+00  1.1304E+43  6.2515E+43
  1.9950E-03  4.4940E+43  0.0000E+00  1.0437E+43  3.4503E+43
  2.2390E-03  3.1511E+43  0.0000E+00  9.1413E+42  2.2370E+43
  2.5120E-03  3.0749E+43  0.0000E+00  1.1267E+43  1.9481E+43
  2.8180E-03  1.7415E+43  0.0000E+00  9.4413E+42  7.9732E+42
  3.1620E-03  1.1411E+43  0.0000E+00  7.7960E+42  3.6153E+42
  3.5480E-03  8.1215E+42  0.0000E+00  6.3928E+42  1.7286E+42
  3.9810E-03  6.1680E+42  0.0000E+00  5.2736E+42  8.9445E+41
  4.4670E-03  4.9205E+43  0.0000E+00  2.5222E+43  2.3983E+43
  5.0120E-03  3.0213E+43  0.0000E+00  2.1251E+43  8.9619E+42
  5.6230E-03  2.0764E+43  0.0000E+00  1.7389E+43  3.3750E+42
  5.9570E-03  1.7810E+43  0.0000E+00  1.5690E+43  2.1206E+42
  6.6830E-03  1.3947E+43  0.0000E+00  1.3012E+43  9.3436E+41
  7.4990E-03  1.1869E+43  0.0000E+00  1.1372E+43  4.9727E+41
  8.4140E-03  9.7460E+42  0.0000E+00  9.5139E+42  2.3211E+41
  9.4410E-03  8.3270E+42  0.0000E+00  8.1989E+42  1.2805E+41
  1.0590E-02  7.5746E+42  0.0000E+00  7.4729E+42  1.0173E+41
  1.1890E-02  6.8074E+42  0.0000E+00  6.7559E+42  5.1523E+40
  1.3340E-02  5.9977E+42  0.0000E+00  5.9661E+42  3.1549E+40
  1.4960E-02  5.1748E+42  0.0000E+00  5.1583E+42  1.6569E+40
  1.6790E-02  4.4743E+42  0.0000E+00  4.4650E+42  9.2964E+39
  1.8840E-02  3.9063E+42  0.0000E+00  3.9007E+42  5.6732E+39
  2.1130E-02  3.4508E+42  0.0000E+00  3.4476E+42  3.2143E+39
  2.3710E-02  2.9909E+42  0.0000E+00  2.9891E+42  1.7732E+39
  2.6610E-02  2.5343E+42  0.0000E+00  2.5334E+42  9.1858E+38
  2.9850E-02  2.1371E+42  2.5769E-88  2.1367E+42  4.8044E+38
  3.3500E-02  1.7843E+42  9.2581E-74  1.7841E+42  2.4806E+38
  3.7580E-02  1.8118E+42  9.9540E-61  1.8115E+42  2.2723E+38
  4.2170E-02  1.7757E+42  2.4174E-49  1.7756E+42  1.1622E+38
  4.7320E-02  1.0990E+42  1.6439E-39  1.0989E+42  2.0457E+37
  5.3090E-02  5.7630E+41  5.8764E-31  5.7630E+41  2.3316E+36
  6.6830E-02  5.5189E+40  3.6902E-18  5.5189E+40  3.7449E+32
  7.4990E-02  1.2287E+40  2.1356E-13  1.2287E+40  1.3809E+30
  8.4140E-02  1.6241E+40  2.9550E-07  1.6241E+40  5.4704E+30
  9.4410E-02  2.1235E+40  6.8587E-02  2.1235E+40  1.4216E+31
  1.0590E-01  6.2258E+40  3.0604E+04  6.2258E+40  6.5619E+32
  1.1890E-01  1.8182E+41  5.7550E+09  1.8182E+41  4.7175E+34
  1.3340E-01  4.1517E+41  1.2752E+14  4.1517E+41  1.0024E+36
  1.4960E-01  6.4051E+41  6.6829E+17  6.4051E+41  6.8417E+36
  1.5850E-01  6.6472E+41  2.5928E+19  6.6471E+41  9.1724E+36
  1.7780E-01  4.7625E+41  8.3834E+21  4.7625E+41  3.9719E+36
  1.9950E-01  1.1381E+41  1.5945E+23  1.1381E+41  7.7145E+34
  2.2390E-01  4.6698E+40  3.6409E+24  4.6698E+40  6.5021E+33
  2.3710E-01  1.0472E+41  1.8209E+26  1.0472E+41  9.2828E+34
  2.5120E-01  2.3054E+41  8.6852E+27  2.3054E+41  1.4896E+36
  2.6610E-01  3.7524E+41  1.9725E+29  3.7523E+41  9.4926E+36
  2.8180E-01  5.1155E+41  2.7641E+30  5.1151E+41  3.5270E+37
  2.9850E-01  6.4266E+41  2.8387E+31  6.4256E+41  9.7530E+37
  3.1620E-01  7.8916E+41  2.4082E+32  7.8892E+41  2.4053E+38
  3.3500E-01  9.4879E+41  1.7545E+33  9.4825E+41  5.4617E+38
  3.5480E-01  1.1086E+42  1.0898E+34  1.1074E+42  1.1284E+39
  3.7580E-01  1.2863E+42  6.2019E+34  1.2840E+42  2.2967E+39
  3.9810E-01  1.4715E+42  3.0831E+35  1.4671E+42  4.3601E+39
  4.2170E-01  1.7069E+42  1.4693E+36  1.6982E+42  8.7254E+39
  4.4670E-01  1.9784E+42  6.3523E+36  1.9614E+42  1.6967E+40
  4.7320E-01  2.2818E+42  2.5478E+37  2.2494E+42  3.2372E+40
  5.0120E-01  2.6132E+42  9.4507E+37  2.5530E+42  6.0137E+40
  5.3090E-01  3.0005E+42  3.3369E+38  2.8882E+42  1.1200E+41
  5.6230E-01  3.4187E+42  1.0674E+39  3.2207E+42  1.9693E+41
  5.9570E-01  3.8906E+42  3.1696E+39  3.5533E+42  3.3415E+41
  6.3100E-01  4.4664E+42  8.8749E+39  3.8986E+42  5.5890E+41
  6.6830E-01  5.1922E+42  2.3454E+40  4.2486E+42  9.2016E+41
  7.0790E-01  6.1498E+42  5.8419E+40  4.6099E+42  1.4814E+42
  7.4990E-01  7.3891E+42  1.3558E+41  4.9582E+42  2.2953E+42
  7.9430E-01  9.0908E+42  2.9781E+41  5.3092E+42  3.4838E+42
  8.4140E-01  1.1485E+43  6.2360E+41  5.6648E+42  5.1966E+42
  8.9130E-01  1.5062E+43  1.2659E+42  6.0494E+42  7.7466E+42
  9.4410E-01  2.0153E+43  2.4466E+42  6.4290E+42  1.1278E+43
  1.0000E+00  2.7036E+43  4.4568E+42  6.7725E+42  1.5807E+43
  1.0590E+00  3.6232E+43  7.6954E+42  7.0907E+42  2.1446E+43
  1.1220E+00  4.8478E+43  1.2748E+43  7.3782E+42  2.8352E+43
  1.1890E+00  6.4651E+43  2.0357E+43  7.6169E+42  3.6678E+43
  1.2590E+00  8.5968E+43  3.1409E+43  7.7812E+42  4.6777E+43
  1.3340E+00  1.1245E+44  4.6572E+43  7.8517E+42  5.8024E+43
  1.4130E+00  1.4328E+44  6.5784E+43  7.8169E+42  6.9678E+43
  1.4960E+00  1.7842E+44  8.9225E+43  7.6724E+42  8.1524E+43
  1.5850E+00  2.1813E+44  1.1740E+44  7.4161E+42  9.3319E+43
  1.6790E+00  2.6196E+44  1.4989E+44  7.0375E+42  1.0503E+44
  1.7780E+00  3.0868E+44  1.8578E+44  6.5336E+42  1.1637E+44
  1.8840E+00  3.5685E+44  2.2426E+44  5.9264E+42  1.2667E+44
  1.9950E+00  4.0415E+44  2.6320E+44  5.2435E+42  1.3571E+44
  2.1130E+00  4.4836E+44  3.0090E+44  4.5267E+42  1.4293E+44
  2.2390E+00  4.8707E+44  3.3522E+44  3.8147E+42  1.4803E+44
  2.3710E+00  5.1846E+44  3.6417E+44  3.1425E+42  1.5114E+44
  2.5120E+00  5.4162E+44  3.8700E+44  2.5383E+42  1.5208E+44
  2.6610E+00  5.5590E+44  4.0269E+44  2.0137E+42  1.5119E+44
  2.8180E+00  5.6122E+44  4.1086E+44  1.5712E+42  1.4880E+44
  2.9850E+00  5.5836E+44  4.1211E+44  1.2085E+42  1.4505E+44
  3.1620E+00  5.4800E+44  4.0678E+44  9.1745E+41  1.4031E+44
  3.3500E+00  5.3204E+44  3.9668E+44  6.8966E+41  1.3467E+44
  3.5480E+00  5.1061E+44  3.8144E+44  5.1273E+41  1.2866E+44
  3.7580E+00  4.8544E+44  3.6279E+44  3.7774E+41  1.2227E+44
  3.9810E+00  4.5752E+44  3.4156E+44  2.7599E+41  1.1568E+44
  4.2170E+00  4.2781E+44  3.1856E+44  2.0013E+41  1.0905E+44
  4.4670E+00  3.9722E+44  2.9460E+44  1.4409E+41  1.0247E+44
  4.7320E+00  3.6666E+44  2.7056E+44  1.0308E+41  9.5996E+43
  5.0120E+00  3.3702E+44  2.4704E+44  7.3404E+40  8.9910E+43
  5.3090E+00  3.0567E+44  2.2432E+44  5.1536E+40  8.1298E+43
  5.6230E+00  2.7574E+44  2.0291E+44  3.5933E+40  7.2795E+43
  5.9570E+00  2.4767E+44  1.8311E+44  2.4905E+40  6.4537E+43
  6.3100E+00  2.2072E+44  1.6392E+44  1.7087E+40  5.6787E+43
  6.6830E+00  1.9724E+44  1.4764E+44  1.1710E+40  4.9587E+43
  7.0790E+00  1.7499E+44  1.3198E+44  7.9145E+39  4.3005E+43
  7.4990E+00  1.5886E+44  1.2216E+44  5.4532E+39  3.6691E+43
  7.9430E+00  1.6157E+44  1.3195E+44  4.3806E+39  2.9619E+43
  8.4140E+00  1.7526E+44  1.5296E+44  4.1226E+39  2.2294E+43
  8.9130E+00  1.7753E+44  1.6087E+44  3.8216E+39  1.6654E+43
  9.4410E+00  1.7171E+44  1.5927E+44  3.7182E+39  1.2438E+43
  1.0000E+01  1.4979E+44  1.3878E+44  2.6989E+39  1.1008E+43
  1.0590E+01  1.2657E+44  1.1661E+44  1.8215E+39  9.9572E+42
  1.1220E+01  1.0308E+44  9.4032E+43  1.0952E+39  9.0425E+42
  1.1890E+01  8.3169E+43  7.5180E+43  6.5853E+38  7.9882E+42
  1.2590E+01  6.6873E+43  5.9900E+43  3.8634E+38  6.9724E+42
  1.3340E+01  5.3956E+43  4.7982E+43  2.2479E+38  5.9741E+42
  1.4130E+01  4.5194E+43  4.0177E+43  1.3461E+38  5.0168E+42
  1.4960E+01  4.1471E+43  3.7387E+43  9.2833E+37  4.0843E+42
  1.5850E+01  3.9019E+43  3.5739E+43  6.8771E+37  3.2805E+42
  1.6790E+01  3.6892E+43  3.4267E+43  5.3191E+37  2.6246E+42
  1.7780E+01  3.4274E+43  3.2161E+43  4.1425E+37  2.1127E+42
  1.8840E+01  3.0693E+43  2.8973E+43  3.0941E+37  1.7202E+42
  1.9950E+01  2.6490E+43  2.5066E+43  2.1483E+37  1.4235E+42
  2.1130E+01  2.2655E+43  2.1477E+43  1.4310E+37  1.1774E+42
  2.2390E+01  1.9432E+43  1.8464E+43  9.5386E+36  9.6771E+41
  2.3710E+01  1.6710E+43  1.5915E+43  6.3567E+36  7.9444E+41
  2.5120E+01  1.4333E+43  1.3684E+43  4.2435E+36  6.4905E+41
  2.6610E+01  1.2242E+43  1.1712E+43  2.8195E+36  5.2936E+41
  2.8180E+01  1.0400E+43  9.9691E+42  1.8730E+36  4.3130E+41
  2.9850E+01  8.7550E+42  8.4045E+42  1.2385E+36  3.5048E+41
  3.1620E+01  7.2885E+42  7.0041E+42  8.1183E+35  2.8438E+41
  3.3500E+01  5.9917E+42  5.7613E+42  5.2718E+35  2.3035E+41
  3.5480E+01  4.8676E+42  4.6810E+42  3.3939E+35  1.8659E+41
  3.7580E+01  3.9009E+42  3.7499E+42  2.1601E+35  1.5097E+41
  3.9810E+01  3.0800E+42  2.9580E+42  1.3577E+35  1.2201E+41
  4.2170E+01  2.4020E+42  2.3034E+42  8.4359E+34  9.8541E+40
  4.4670E+01  1.8522E+42  1.7727E+42  5.1813E+34  7.9520E+40
  4.7320E+01  1.4145E+42  1.3504E+42  3.1518E+34  6.4102E+40
  5.0120E+01  1.0715E+42  1.0199E+42  1.9020E+34  5.1655E+40
  5.3090E+01  8.0543E+41  7.6385E+41  1.1392E+34  4.1574E+40
  5.6230E+01  6.0193E+41  5.6848E+41  6.7851E+33  3.3445E+40
  5.9570E+01  4.4703E+41  4.2017E+41  4.0171E+33  2.6856E+40
  6.3100E+01  3.3074E+41  3.0918E+41  2.3705E+33  2.1560E+40
  6.6830E+01  2.4396E+41  2.2665E+41  1.3955E+33  1.7303E+40
  7.0790E+01  1.7941E+41  1.6554E+41  8.1952E+32  1.3870E+40
  7.4990E+01  1.3161E+41  1.2051E+41  4.8048E+32  1.1108E+40
  7.9430E+01  9.6434E+40  8.7540E+40  2.8164E+32  8.8935E+39
  8.4140E+01  7.0565E+40  6.3451E+40  1.6499E+32  7.1145E+39
  8.9130E+01  5.1627E+40  4.5939E+40  9.6736E+31  5.6879E+39
  9.4410E+01  3.7774E+40  3.3227E+40  5.6777E+31  4.5464E+39
  1.0000E+02  2.7640E+40  2.4007E+40  3.3361E+31  3.6328E+39
  1.0590E+02  2.0256E+40  1.7353E+40  1.9655E+31  2.9037E+39
  1.1220E+02  1.4852E+40  1.2536E+40  1.1588E+31  2.3159E+39
  1.1890E+02  1.0920E+40  9.0752E+39  6.8548E+30  1.8449E+39
  1.2590E+02  8.0945E+39  6.6207E+39  4.0884E+30  1.4737E+39
  1.3340E+02  6.0233E+39  4.8495E+39  2.4501E+30  1.1738E+39
  1.4130E+02  4.4633E+39  3.5273E+39  1.4709E+30  9.3598E+38
  1.4960E+02  3.2603E+39  2.5127E+39  8.7426E+29  7.4755E+38
  1.5850E+02  2.3723E+39  1.7770E+39  5.1719E+29  5.9524E+38
  1.7780E+02  1.2778E+39  8.9966E+38  1.8390E+29  3.7814E+38
  1.9950E+02  6.9777E+38  4.5797E+38  6.6352E+28  2.3980E+38
  2.2390E+02  3.8513E+38  2.3329E+38  2.4234E+28  1.5184E+38
  2.5120E+02  2.1518E+38  1.1897E+38  8.9623E+27  9.6216E+37
  2.8180E+02  1.2160E+38  6.0637E+37  3.3503E+27  6.0963E+37
  3.1620E+02  6.9431E+37  3.0854E+37  1.2632E+27  3.8577E+37
  3.5480E+02  4.0088E+37  1.5687E+37  4.8015E+26  2.4401E+37
  3.9810E+02  2.3401E+37  7.9690E+36  1.8395E+26  1.5432E+37
  4.4670E+02  1.3799E+37  4.0443E+36  7.0923E+25  9.7551E+36
  5.0120E+02  8.2182E+36  2.0513E+36  2.7506E+25  6.1669E+36
  5.6230E+02  4.9391E+36  1.0401E+36  1.0720E+25  3.8990E+36
  6.3100E+02  2.9888E+36  5.2648E+35  4.1913E+24  2.4623E+36
  7.0790E+02  1.8231E+36  2.6661E+35  1.6461E+24  1.5565E+36
  7.9430E+02  1.1179E+36  1.3482E+35  6.4777E+23  9.8309E+35
  8.9130E+02  6.8880E+35  6.8111E+34  2.5542E+23  6.2069E+35
  1.0000E+03  4.2650E+35  3.4407E+34  1.0098E+23  3.9209E+35
