  1.0000E-03  1.9549E+42  0.0000E+00  1.8332E+42  1.2173E+41
  1.1220E-03  5.0767E+41  0.0000E+00  4.9322E+41  1.4443E+40
  1.2590E-03  1.2595E+41  0.0000E+00  1.2446E+41  1.4867E+39
  1.4130E-03  3.0035E+40  0.0000E+00  2.9897E+40  1.3781E+38
  1.5850E-03  9.4819E+39  0.0000E+00  9.4633E+39  1.8559E+37
  1.7780E-03  1.1852E+40  0.0000E+00  1.1842E+40  1.0023E+37
  1.9950E-03  1.6659E+39  0.0000E+00  1.6657E+39  1.7628E+35
  2.2390E-03  2.9753E+38  0.0000E+00  2.9752E+38  8.2198E+33
  2.5120E-03  3.9335E+38  0.0000E+00  3.9334E+38  2.2676E+33
  2.8180E-03  3.1234E+37  0.0000E+00  3.1234E+37  6.8324E+30
  3.1620E-03  3.0868E+36  0.0000E+00  3.0868E+36  3.7790E+28
  3.5480E-03  3.4538E+35  0.0000E+00  3.4538E+35  2.8510E+26
  3.9810E-03  4.6145E+34  0.0000E+00  4.6145E+34  3.4082E+24
  4.4670E-03  3.8017E+38  0.0000E+00  3.8017E+38  2.6408E+32
  5.0120E-03  3.4674E+37  0.0000E+00  3.4674E+37  5.0013E+29
  5.6230E-03  3.2356E+36  0.0000E+00  3.2356E+36  1.0002E+27
  5.9570E-03  1.0368E+36  0.0000E+00  1.0368E+36  5.1363E+25
  6.6830E-03  1.3451E+35  0.0000E+00  1.3451E+35  2.5735E+23
  7.4990E-03  2.8059E+34  0.0000E+00  2.8059E+34  3.9424E+21
  8.4140E-03  4.1512E+33  0.0000E+00  4.1512E+33  2.7245E+19
  9.4410E-03  8.6015E+32  0.0000E+00  8.6015E+32  5.0679E+17
  1.0590E-02  3.5536E+32  0.0000E+00  3.5536E+32  8.3265E+16
  1.1890E-02  7.9881E+31  0.0000E+00  7.9881E+31  9.1856E+14
  1.3340E-02  2.1267E+31  0.0000E+00  2.1267E+31  3.1646E+13
  1.4960E-02  4.3708E+30  0.0000E+00  4.3708E+30  4.3692E+11
  1.6790E-02  9.9354E+29  0.0000E+00  9.9354E+29  8.9291E+09
  1.8840E-02  2.6408E+29  0.0000E+00  2.6408E+29  3.0241E+08
  2.1130E-02  6.6818E+28  0.0000E+00  6.6818E+28  6.5881E+06
  2.3710E-02  1.5494E+28  0.0000E+00  1.5494E+28  1.2250E+05
  2.6610E-02  3.1276E+27  0.0000E+00  3.1276E+27  1.5730E+03
  2.9850E-02  6.4316E+26  0.0000E+00  6.4316E+26  2.1616E+01
  3.3500E-02  1.2786E+26  0.0000E+00  1.2786E+26  2.7613E-01
  3.7580E-02  8.2747E+25  0.0000E+00  8.2747E+25  9.3993E-02
  4.2170E-02  2.6330E+25  0.0000E+00  2.6330E+25  1.1372E-03
  4.7320E-02  6.8527E+23  4.0629E-86  6.8527E+23  3.0606E-08
  5.3090E-02  8.1306E+21  2.1880E-82  8.1306E+21  9.5291E-14
  6.6830E-02  2.4272E+14  1.1606E-88  2.4272E+14  1.3744E-35
  7.4990E-02  3.3859E+09  0.0000E+00  3.3859E+09  1.5922E-49
  8.4140E-02  4.5829E+10  6.2781E-87  4.5829E+10  4.4094E-46
  9.4410E-02  3.1111E+11  1.7775E-79  3.1111E+11  1.0720E-43
  1.0590E-01  7.7182E+14  2.4348E-65  7.7182E+14  5.1561E-34
  1.1890E-01  3.9654E+18  2.0182E-50  3.9654E+18  4.7066E-23
  1.3340E-01  2.0066E+21  4.4391E-39  2.0066E+21  3.9494E-15
  1.4960E-01  8.1944E+22  7.4442E-31  8.1944E+22  4.7217E-10
  1.5850E-01  1.5849E+23  1.9375E-28  1.5849E+23  3.8141E-09
  1.7780E-01  5.2068E+22  2.8296E-27  5.2068E+22  9.1390E-11
  1.9950E-01  2.6843E+19  4.8042E-34  2.6843E+19  4.6450E-20
  2.2390E-01  2.9126E+17  1.4649E-37  2.9126E+17  1.0372E-25
  2.3710E-01  8.7493E+19  7.5383E-30  8.7493E+19  7.1777E-19
  2.5120E-01  2.9351E+22  6.6685E-22  2.9351E+22  9.7488E-12
  2.6610E-01  1.3963E+24  2.6947E-16  1.3963E+24  6.5267E-07
  2.8180E-01  2.1397E+25  4.4845E-12  2.1397E+25  1.9776E-03
  2.9850E-01  1.8288E+26  1.2375E-08  1.8288E+26  1.0945E+00
  3.1620E-01  1.2841E+27  1.5866E-05  1.2841E+27  3.1388E+02
  3.3500E-01  7.7459E+27  1.1540E-02  7.7459E+27  5.6052E+04
  3.5480E-01  3.8606E+28  4.4322E+00  3.8606E+28  5.7928E+06
  3.7580E-01  1.8872E+29  1.4599E+03  1.8872E+29  5.5554E+08
  3.9810E-01  8.1314E+29  2.9368E+05  8.1314E+29  3.5383E+10
  4.2170E-01  3.9648E+30  7.4526E+07  3.9648E+30  3.0924E+12
  4.4670E-01  1.8695E+31  1.4764E+10  1.8695E+31  2.2787E+14
  4.7320E-01  8.5389E+31  2.4644E+12  8.5389E+31  1.5059E+16
  5.0120E-01  3.6980E+32  3.3188E+14  3.6980E+32  8.5220E+17
  5.3090E-01  1.6219E+33  4.3245E+16  1.6219E+33  4.9228E+19
  5.6230E-01  6.3833E+33  3.7914E+18  6.3833E+33  2.0236E+21
  5.9570E-01  2.3518E+34  2.5746E+20  2.3518E+34  6.7632E+22
  6.3100E-01  8.4544E+34  1.5277E+22  8.4544E+34  2.0757E+24
  6.6830E-01  2.9529E+35  7.8852E+23  2.9529E+35  5.8123E+25
  7.0790E-01  9.9753E+35  3.4109E+25  9.9753E+35  1.4249E+27
  7.4990E-01  3.1278E+36  1.1256E+27  3.1278E+36  2.7806E+28
  7.9430E-01  9.4330E+36  3.1469E+28  9.4330E+36  4.7904E+29
  8.4140E-01  2.7674E+37  7.6512E+29  2.7674E+37  7.4469E+30
  8.9130E-01  8.2047E+37  1.7865E+31  8.2047E+37  1.1504E+32
  9.4410E-01  2.3431E+38  3.5085E+32  2.3431E+38  1.5460E+33
  1.0000E+00  6.2140E+38  5.3467E+33  6.2138E+38  1.6641E+34
  1.0590E+00  1.5521E+39  6.5157E+34  1.5518E+39  1.4763E+35
  1.1220E+00  3.6973E+39  6.6753E+35  3.6955E+39  1.1267E+36
  1.1890E+00  8.4328E+39  5.8934E+36  8.4194E+39  7.5738E+36
  1.2590E+00  1.8622E+40  4.6282E+37  1.8530E+40  4.6500E+37
  1.3340E+00  3.9395E+40  3.0482E+38  3.8846E+40  2.4396E+38
  1.4130E+00  7.9622E+40  1.6221E+39  7.6941E+40  1.0584E+39
  1.4960E+00  1.5763E+41  7.2497E+39  1.4645E+41  3.9354E+39
  1.5850E+00  3.1428E+41  2.8313E+40  2.7301E+41  1.2954E+40
  1.6790E+00  6.4091E+41  9.8404E+40  5.0389E+41  3.8615E+40
  1.7780E+00  1.3278E+42  3.0586E+41  9.1721E+41  1.0478E+41
  1.8840E+00  2.7363E+42  8.5178E+41  1.6266E+42  2.5788E+41
  1.9950E+00  5.4568E+42  2.1204E+42  2.7601E+42  5.7625E+41
  2.1130E+00  1.0319E+43  4.7333E+42  4.4173E+42  1.1684E+42
  2.2390E+00  1.8276E+43  9.5155E+42  6.6016E+42  2.1585E+42
  2.3710E+00  3.0129E+43  1.7315E+43  9.1568E+42  3.6569E+42
  2.5120E+00  4.6332E+43  2.8802E+43  1.1816E+43  5.7145E+42
  2.6610E+00  6.6770E+43  4.4202E+43  1.4244E+43  8.3243E+42
  2.8180E+00  9.0781E+43  6.3219E+43  1.6141E+43  1.1420E+43
  2.9850E+00  1.1721E+44  8.5045E+43  1.7309E+43  1.4854E+43
  3.1620E+00  1.4473E+44  1.0855E+44  1.7694E+43  1.8486E+43
  3.3500E+00  1.7144E+44  1.3213E+44  1.7282E+43  2.2029E+43
  3.5480E+00  1.9663E+44  1.5484E+44  1.6300E+43  2.5494E+43
  3.7580E+00  2.1892E+44  1.7539E+44  1.4872E+43  2.8654E+43
  3.9810E+00  2.3750E+44  1.9291E+44  1.3181E+43  3.1407E+43
  4.2170E+00  2.5198E+44  2.0688E+44  1.1393E+43  3.3706E+43
  4.4670E+00  2.6226E+44  2.1711E+44  9.6323E+42  3.5522E+43
  4.7320E+00  2.6820E+44  2.2344E+44  7.9732E+42  3.6789E+43
  5.0120E+00  2.7020E+44  2.2611E+44  6.4806E+42  3.7608E+43
  5.3090E+00  2.6718E+44  2.2533E+44  5.1550E+42  3.6690E+43
  5.6230E+00  2.6066E+44  2.2157E+44  4.0298E+42  3.5061E+43
  5.9570E+00  2.5128E+44  2.1535E+44  3.1002E+42  3.2830E+43
  6.3100E+00  2.3954E+44  2.0684E+44  2.3507E+42  3.0349E+43
  6.6830E+00  2.2792E+44  1.9853E+44  1.7695E+42  2.7616E+43
  7.0790E+00  2.1498E+44  1.8879E+44  1.3110E+42  2.4874E+43
  7.4990E+00  1.9543E+44  1.7363E+44  9.1241E+41  2.0888E+43
  7.9430E+00  1.4932E+44  1.3592E+44  5.0440E+41  1.2893E+43
  8.4140E+00  8.6403E+43  8.0823E+43  2.1533E+41  5.3642E+42
  8.9130E+00  4.7083E+43  4.4808E+43  9.5489E+40  2.1795E+42
  9.4410E+00  2.5563E+43  2.4613E+43  4.8181E+40  9.0168E+41
  1.0000E+01  3.0994E+43  2.9892E+43  5.1521E+40  1.0501E+42
  1.0590E+01  4.1585E+43  4.0111E+43  6.0196E+40  1.4132E+42
  1.1220E+01  5.6795E+43  5.4733E+43  6.7946E+40  1.9943E+42
  1.1890E+01  6.8384E+43  6.5886E+43  6.7376E+40  2.4299E+42
  1.2590E+01  7.7785E+43  7.4965E+43  6.1744E+40  2.7578E+42
  1.3340E+01  8.3134E+43  8.0213E+43  5.1966E+40  2.8692E+42
  1.4130E+01  8.3884E+43  8.1181E+43  3.9695E+40  2.6635E+42
  1.4960E+01  7.9999E+43  7.7910E+43  2.8173E+40  2.0609E+42
  1.5850E+01  7.6160E+43  7.4635E+43  2.0498E+40  1.5042E+42
  1.6790E+01  7.3291E+43  7.2195E+43  1.5579E+40  1.0801E+42
  1.7780E+01  7.2307E+43  7.1487E+43  1.2614E+40  8.0702E+41
  1.8840E+01  7.3627E+43  7.2958E+43  1.0833E+40  6.5830E+41
  1.9950E+01  7.6240E+43  7.5641E+43  9.4584E+39  5.8975E+41
  2.1130E+01  7.8091E+43  7.7550E+43  7.9711E+39  5.3267E+41
  2.2390E+01  7.8649E+43  7.8172E+43  6.5603E+39  4.7034E+41
  2.3710E+01  7.8036E+43  7.7621E+43  5.2850E+39  4.1030E+41
  2.5120E+01  7.6234E+43  7.5877E+43  4.1920E+39  3.5290E+41
  2.6610E+01  7.3350E+43  7.3045E+43  3.2637E+39  3.0137E+41
  2.8180E+01  6.9506E+43  6.9248E+43  2.5052E+39  2.5568E+41
  2.9850E+01  6.4801E+43  6.4584E+43  1.8940E+39  2.1552E+41
  3.1620E+01  5.9411E+43  5.9228E+43  1.4076E+39  1.8102E+41
  3.3500E+01  5.3543E+43  5.3390E+43  1.0286E+39  1.5148E+41
  3.5480E+01  4.7476E+43  4.7349E+43  7.3968E+38  1.2653E+41
  3.7580E+01  4.1391E+43  4.1285E+43  5.2311E+38  1.0549E+41
  3.9810E+01  3.5442E+43  3.5354E+43  3.6384E+38  8.7883E+40
  4.2170E+01  2.9859E+43  2.9786E+43  2.4885E+38  7.3113E+40
  4.4670E+01  2.4771E+43  2.4710E+43  1.6730E+38  6.0704E+40
  4.7320E+01  2.0263E+43  2.0212E+43  1.1071E+38  5.0264E+40
  5.0120E+01  1.6364E+43  1.6323E+43  7.2207E+37  4.1530E+40
  5.3090E+01  1.3054E+43  1.3020E+43  4.6444E+37  3.4208E+40
  5.6230E+01  1.0305E+43  1.0276E+43  2.9509E+37  2.8106E+40
  5.9570E+01  8.0473E+42  8.0243E+42  1.8519E+37  2.3008E+40
  6.3100E+01  6.2321E+42  6.2133E+42  1.1508E+37  1.8794E+40
  6.6830E+01  4.7899E+42  4.7746E+42  7.0882E+36  1.5319E+40
  7.0790E+01  3.6555E+42  3.6431E+42  4.3294E+36  1.2451E+40
  7.4990E+01  2.7715E+42  2.7614E+42  2.6243E+36  1.0095E+40
  7.9430E+01  2.0904E+42  2.0822E+42  1.5812E+36  8.1714E+39
  8.4140E+01  1.5687E+42  1.5621E+42  9.4688E+35  6.6004E+39
  8.9130E+01  1.1729E+42  1.1675E+42  5.6455E+35  5.3220E+39
  9.4410E+01  8.7380E+41  8.6951E+41  3.3520E+35  4.2861E+39
  1.0000E+02  6.4883E+41  6.4539E+41  1.9824E+35  3.4477E+39
  1.0590E+02  4.8090E+41  4.7812E+41  1.1699E+35  2.7720E+39
  1.1220E+02  3.5553E+41  3.5331E+41  6.8811E+34  2.2222E+39
  1.1890E+02  2.6281E+41  2.6103E+41  4.0455E+34  1.7781E+39
  1.2590E+02  1.9524E+41  1.9381E+41  2.3901E+34  1.4258E+39
  1.3340E+02  1.4531E+41  1.4417E+41  1.4164E+34  1.1394E+39
  1.4130E+02  1.0737E+41  1.0646E+41  8.3606E+33  9.1129E+38
  1.4960E+02  7.7862E+40  7.7132E+40  4.8359E+33  7.3010E+38
  1.5850E+02  5.6042E+40  5.5459E+40  2.7682E+33  5.8299E+38
  1.7780E+02  2.9257E+40  2.8885E+40  9.1224E+32  3.7204E+38
  1.9950E+02  1.5290E+40  1.5054E+40  3.0088E+32  2.3674E+38
  2.2390E+02  7.9739E+39  7.8236E+39  9.9055E+31  1.5030E+38
  2.5120E+02  4.1539E+39  4.0584E+39  3.2577E+31  9.5444E+37
  2.8180E+02  2.1598E+39  2.0992E+39  1.0696E+31  6.0575E+37
  3.1620E+02  1.1202E+39  1.0818E+39  3.5036E+30  3.8382E+37
  3.5480E+02  5.8048E+38  5.5618E+38  1.1465E+30  2.4303E+37
  3.9810E+02  3.0064E+38  2.8526E+38  3.7516E+29  1.5382E+37
  4.4670E+02  1.5571E+38  1.4598E+38  1.2280E+29  9.7303E+36
  5.0120E+02  8.0736E+37  7.4581E+37  4.0257E+28  6.1544E+36
  5.6230E+02  4.1948E+37  3.8055E+37  1.3227E+28  3.8927E+36
  6.3100E+02  2.1829E+37  1.9370E+37  4.3558E+27  2.4591E+36
  7.0790E+02  1.1411E+37  9.8559E+36  1.4418E+27  1.5549E+36
  7.9430E+02  5.9872E+36  5.0049E+36  4.7928E+26  9.8228E+35
  8.9130E+02  3.1581E+36  2.5378E+36  1.6028E+26  6.2029E+35
  1.0000E+03  1.6780E+36  1.2861E+36  5.4039E+25  3.9189E+35
