  1.0000E-03  8.6420E+44  0.0000E+00  3.4675E+41  8.6386E+44
  1.1220E-03  9.6607E+44  0.0000E+00  4.4932E+41  9.6562E+44
  1.2590E-03  1.0797E+45  0.0000E+00  5.5422E+41  1.0791E+45
  1.4130E-03  1.2066E+45  0.0000E+00  6.5550E+41  1.2059E+45
  1.5850E-03  1.3482E+45  0.0000E+00  7.5006E+41  1.3474E+45
  1.7780E-03  1.5094E+45  0.0000E+00  9.1547E+41  1.5085E+45
  1.9950E-03  1.6814E+45  0.0000E+00  1.0937E+42  1.6804E+45
  2.2390E-03  1.8760E+45  0.0000E+00  1.1787E+42  1.8748E+45
  2.5120E-03  2.0978E+45  0.0000E+00  1.4614E+42  2.0963E+45
  2.8180E-03  2.3295E+45  0.0000E+00  1.6740E+42  2.3279E+45
  3.1620E-03  2.5899E+45  0.0000E+00  1.8178E+42  2.5881E+45
  3.5480E-03  2.8810E+45  0.0000E+00  1.9145E+42  2.8791E+45
  3.9810E-03  3.2071E+45  0.0000E+00  1.9661E+42  3.2051E+45
  4.4670E-03  3.7375E+45  0.0000E+00  4.1171E+42  3.7334E+45
  5.0120E-03  4.1449E+45  0.0000E+00  4.9425E+42  4.1399E+45
  5.6230E-03  4.5960E+45  0.0000E+00  5.6442E+42  4.5904E+45
  5.9570E-03  4.8416E+45  0.0000E+00  5.9561E+42  4.8357E+45
  6.6830E-03  5.3769E+45  0.0000E+00  6.5305E+42  5.3704E+45
  7.4990E-03  5.9832E+45  0.0000E+00  7.0989E+42  5.9761E+45
  8.4140E-03  6.6502E+45  0.0000E+00  7.6961E+42  6.6425E+45
  9.4410E-03  7.4036E+45  0.0000E+00  8.2456E+42  7.3954E+45
  1.0590E-02  8.2673E+45  0.0000E+00  8.6585E+42  8.2587E+45
  1.1890E-02  9.2035E+45  0.0000E+00  9.5165E+42  9.1939E+45
  1.3340E-02  1.0256E+46  0.0000E+00  1.0171E+43  1.0245E+46
  1.4960E-02  1.1407E+46  0.0000E+00  1.0940E+43  1.1396E+46
  1.6790E-02  1.2705E+46  0.0000E+00  1.1727E+43  1.2693E+46
  1.8840E-02  1.4159E+46  0.0000E+00  1.2557E+43  1.4146E+46
  2.1130E-02  1.5761E+46  0.0000E+00  1.3551E+43  1.5747E+46
  2.3710E-02  1.7547E+46  0.0000E+00  1.4616E+43  1.7532E+46
  2.6610E-02  1.9527E+46  0.0000E+00  1.5769E+43  1.9511E+46
  2.9850E-02  2.1720E+46  8.4320E-83  1.7004E+43  2.1703E+46
  3.3500E-02  2.4167E+46  5.3758E-68  1.8285E+43  2.4149E+46
  3.7580E-02  2.7054E+46  6.7341E-55  1.9696E+43  2.7035E+46
  4.2170E-02  3.0099E+46  2.9149E-43  2.4430E+43  3.0075E+46
  4.7320E-02  3.3078E+46  7.6449E-33  2.7223E+43  3.3050E+46
  5.3090E-02  3.3613E+46  1.3617E-23  2.7926E+43  3.3585E+46
  6.6830E-02  2.9196E+46  4.6619E-08  2.5875E+43  2.9170E+46
  7.4990E-02  2.6798E+46  1.4812E-01  2.4960E+43  2.6773E+46
  8.4140E-02  2.6625E+46  7.8469E+04  2.3904E+43  2.6601E+46
  9.4410E-02  2.6331E+46  9.4919E+09  2.3331E+43  2.6308E+46
  1.0590E-01  2.5089E+46  2.7615E+14  2.2030E+43  2.5067E+46
  1.1890E-01  2.2200E+46  2.1517E+18  1.7773E+43  2.2182E+46
  1.3340E-01  1.9395E+46  4.4556E+21  1.4865E+43  1.9380E+46
  1.4960E-01  1.6742E+46  5.1221E+24  1.1199E+43  1.6731E+46
  1.5850E-01  1.5418E+46  1.5115E+26  9.5403E+42  1.5409E+46
  1.7780E-01  1.2850E+46  7.8178E+28  7.2300E+42  1.2842E+46
  1.9950E-01  1.0322E+46  2.2424E+31  5.5824E+42  1.0316E+46
  2.2390E-01  8.4316E+45  2.6957E+33  5.5109E+42  8.4261E+45
  2.3710E-01  7.9755E+45  1.8422E+34  5.6435E+42  7.9699E+45
  2.5120E-01  7.5484E+45  1.0791E+35  5.4183E+42  7.5429E+45
  2.6610E-01  7.0719E+45  5.8668E+35  4.9922E+42  7.0669E+45
  2.8180E-01  6.5880E+45  2.9150E+36  4.5394E+42  6.5835E+45
  2.9850E-01  6.1148E+45  1.3173E+37  4.1395E+42  6.1107E+45
  3.1620E-01  5.6682E+45  5.3455E+37  3.8154E+42  5.6643E+45
  3.3500E-01  5.2481E+45  1.9796E+38  3.5264E+42  5.2446E+45
  3.5480E-01  4.8564E+45  6.7089E+38  3.2630E+42  4.8531E+45
  3.7580E-01  4.4924E+45  2.1033E+39  3.0214E+42  4.4893E+45
  3.9810E-01  4.1518E+45  6.0693E+39  2.8074E+42  4.1490E+45
  4.2170E-01  3.8391E+45  1.6102E+40  2.6151E+42  3.8365E+45
  4.4670E-01  3.5492E+45  3.9577E+40  2.4442E+42  3.5467E+45
  4.7320E-01  3.2802E+45  9.1463E+40  2.2814E+42  3.2778E+45
  5.0120E-01  3.0314E+45  1.9926E+41  2.1239E+42  3.0290E+45
  5.3090E-01  2.8012E+45  4.1151E+41  1.9709E+42  2.7988E+45
  5.6230E-01  2.5875E+45  8.0409E+41  1.8282E+42  2.5849E+45
  5.9570E-01  2.3889E+45  1.4968E+42  1.6929E+42  2.3857E+45
  6.3100E-01  2.2064E+45  2.6523E+42  1.5635E+42  2.2021E+45
  6.6830E-01  2.0385E+45  4.4808E+42  1.4388E+42  2.0326E+45
  7.0790E-01  1.8839E+45  7.2441E+42  1.3217E+42  1.8754E+45
  7.4990E-01  1.7420E+45  1.1224E+43  1.2112E+42  1.7295E+45
  7.9430E-01  1.6127E+45  1.6685E+43  1.1059E+42  1.5949E+45
  8.4140E-01  1.4953E+45  2.3890E+43  1.0063E+42  1.4704E+45
  8.9130E-01  1.3896E+45  3.3027E+43  9.1050E+41  1.3557E+45
  9.4410E-01  1.2946E+45  4.4103E+43  8.2041E+41  1.2497E+45
  1.0000E+00  1.2093E+45  5.7000E+43  7.3625E+41  1.1516E+45
  1.0590E+00  1.1332E+45  7.1410E+43  6.5827E+41  1.0611E+45
  1.1220E+00  1.0647E+45  8.7228E+43  5.8452E+41  9.7690E+44
  1.1890E+00  1.0034E+45  1.0400E+44  5.1410E+41  8.9887E+44
  1.2590E+00  9.4900E+44  1.2062E+44  4.4628E+41  8.2794E+44
  1.3340E+00  8.9884E+44  1.3682E+44  3.8357E+41  7.6164E+44
  1.4130E+00  8.5242E+44  1.5135E+44  3.2773E+41  7.0074E+44
  1.4960E+00  8.0900E+44  1.6375E+44  2.7775E+41  6.4497E+44
  1.5850E+00  7.6729E+44  1.7418E+44  2.3253E+41  5.9288E+44
  1.6790E+00  7.2679E+44  1.8157E+44  1.9179E+41  5.4503E+44
  1.7780E+00  6.8683E+44  1.8548E+44  1.5544E+41  5.0120E+44
  1.8840E+00  6.4692E+44  1.8640E+44  1.2363E+41  4.6039E+44
  1.9950E+00  6.0750E+44  1.8416E+44  9.6588E+40  4.2325E+44
  2.1130E+00  5.6822E+44  1.7926E+44  7.4165E+40  3.8888E+44
  2.2390E+00  5.2900E+44  1.7192E+44  5.6041E+40  3.5702E+44
  2.3710E+00  4.9067E+44  1.6261E+44  4.1799E+40  3.2802E+44
  2.5120E+00  4.5316E+44  1.5203E+44  3.0835E+40  3.0110E+44
  2.6610E+00  4.1697E+44  1.4052E+44  2.2552E+40  2.7643E+44
  2.8180E+00  3.8230E+44  1.2844E+44  1.6375E+40  2.5384E+44
  2.9850E+00  3.4935E+44  1.1633E+44  1.1822E+40  2.3301E+44
  3.1620E+00  3.1825E+44  1.0440E+44  8.4949E+39  2.1385E+44
  3.3500E+00  2.8951E+44  9.3300E+43  6.0900E+39  1.9620E+44
  3.5480E+00  2.6284E+44  8.2736E+43  4.3554E+39  1.8009E+44
  3.7580E+00  2.3833E+44  7.3054E+43  3.1095E+39  1.6527E+44
  3.9810E+00  2.1588E+44  6.4237E+43  2.2173E+39  1.5164E+44
  4.2170E+00  1.9541E+44  5.6278E+43  1.5802E+39  1.3913E+44
  4.4670E+00  1.7680E+44  4.9148E+43  1.1257E+39  1.2765E+44
  4.7320E+00  1.5993E+44  4.2819E+43  8.0131E+38  1.1711E+44
  5.0120E+00  1.4494E+44  3.7238E+43  5.7147E+38  1.0770E+44
  5.3090E+00  1.2814E+44  3.2293E+43  3.9714E+38  9.5849E+43
  5.6230E+00  1.1263E+44  2.7964E+43  2.7401E+38  8.4664E+43
  5.9570E+00  9.8409E+43  2.4207E+43  1.8771E+38  7.4202E+43
  6.3100E+00  8.5396E+43  2.0777E+43  1.2755E+38  6.4619E+43
  6.6830E+00  7.4000E+43  1.8060E+43  8.6274E+37  5.5941E+43
  7.0790E+00  6.3689E+43  1.5557E+43  5.7702E+37  4.8131E+43
  7.4990E+00  5.5129E+43  1.3950E+43  3.8400E+37  4.1179E+43
  7.9430E+00  5.0362E+43  1.5312E+43  2.6738E+37  3.5050E+43
  8.4140E+00  4.9480E+43  1.9809E+43  2.0790E+37  2.9671E+43
  8.9130E+00  4.8767E+43  2.3759E+43  1.7159E+37  2.5008E+43
  9.4410E+00  4.7771E+43  2.6773E+43  1.5510E+37  2.0998E+43
  1.0000E+01  3.9737E+43  2.2143E+43  1.0934E+37  1.7593E+43
  1.0590E+01  3.1794E+43  1.7090E+43  7.2618E+36  1.4704E+43
  1.1220E+01  2.4610E+43  1.2378E+43  4.4092E+36  1.2232E+43
  1.1890E+01  1.9167E+43  9.0308E+42  2.7062E+36  1.0136E+43
  1.2590E+01  1.4947E+43  6.5504E+42  1.6365E+36  8.3970E+42
  1.3340E+01  1.1716E+43  4.7943E+42  9.8323E+35  6.9221E+42
  1.4130E+01  9.4518E+42  3.7538E+42  5.9547E+35  5.6979E+42
  1.4960E+01  8.1728E+42  3.4871E+42  3.8846E+35  4.6857E+42
  1.5850E+01  7.2124E+42  3.3767E+42  2.6635E+35  3.8357E+42
  1.6790E+01  6.4074E+42  3.2719E+42  1.8995E+35  3.1355E+42
  1.7780E+01  5.6041E+42  3.0425E+42  1.3769E+35  2.5617E+42
  1.8840E+01  4.7124E+42  2.6275E+42  9.7309E+34  2.0850E+42
  1.9950E+01  3.8084E+42  2.1099E+42  6.5171E+34  1.6985E+42
  2.1130E+01  3.0432E+42  1.6627E+42  4.2112E+34  1.3806E+42
  2.2390E+01  2.4358E+42  1.3171E+42  2.7151E+34  1.1187E+42
  2.3710E+01  1.9560E+42  1.0485E+42  1.7488E+34  9.0746E+41
  2.5120E+01  1.5693E+42  8.3541E+41  1.1274E+34  7.3390E+41
  2.6610E+01  1.2579E+42  6.6477E+41  7.2475E+33  5.9316E+41
  2.8180E+01  1.0082E+42  5.2874E+41  4.6700E+33  4.7944E+41
  2.9850E+01  8.0548E+41  4.1869E+41  3.0070E+33  3.8679E+41
  3.1620E+01  6.4106E+41  3.2936E+41  1.9307E+33  3.1170E+41
  3.3500E+01  5.0797E+41  2.5713E+41  1.2361E+33  2.5084E+41
  3.5480E+01  4.0139E+41  1.9946E+41  7.9053E+32  2.0194E+41
  3.7580E+01  3.1564E+41  1.5323E+41  5.0376E+32  1.6240E+41
  3.9810E+01  2.4672E+41  1.1627E+41  3.1972E+32  1.3045E+41
  4.2170E+01  1.9210E+41  8.7372E+40  2.0223E+32  1.0473E+41
  4.4670E+01  1.4910E+41  6.5072E+40  1.2741E+32  8.4025E+40
  4.7320E+01  1.1546E+41  4.8096E+40  8.0045E+31  6.7365E+40
  5.0120E+01  8.9340E+40  3.5331E+40  5.0207E+31  5.4009E+40
  5.3090E+01  6.9059E+40  2.5795E+40  3.1437E+31  4.3264E+40
  5.6230E+01  5.3406E+40  1.8752E+40  1.9673E+31  3.4654E+40
  5.9570E+01  4.1279E+40  1.3560E+40  1.2292E+31  2.7719E+40
  6.3100E+01  3.1953E+40  9.7792E+39  7.6841E+30  2.2174E+40
  6.6830E+01  2.4776E+40  7.0360E+39  4.8065E+30  1.7740E+40
  7.0790E+01  1.9230E+40  5.0504E+39  3.0062E+30  1.4180E+40
  7.4990E+01  1.4944E+40  3.6171E+39  1.8807E+30  1.1327E+40
  7.9430E+01  1.1637E+40  2.5882E+39  1.1778E+30  9.0488E+39
  8.4140E+01  9.0740E+39  1.8496E+39  7.3775E+29  7.2244E+39
  8.9130E+01  7.0872E+39  1.3215E+39  4.6243E+29  5.7657E+39
  9.4410E+01  5.5454E+39  9.4392E+38  2.9013E+29  4.6015E+39
  1.0000E+02  4.3458E+39  6.7400E+38  1.8214E+29  3.6718E+39
  1.0590E+02  3.4131E+39  4.8175E+38  1.1451E+29  2.9314E+39
  1.1220E+02  2.6798E+39  3.4425E+38  7.1879E+28  2.3355E+39
  1.1890E+02  2.1054E+39  2.4651E+38  4.5115E+28  1.8589E+39
  1.2590E+02  1.6615E+39  1.7782E+38  2.8427E+28  1.4837E+39
  1.3340E+02  1.3097E+39  1.2867E+38  1.7907E+28  1.1810E+39
  1.4130E+02  1.0338E+39  9.2658E+37  1.1337E+28  9.4112E+38
  1.4960E+02  8.1684E+38  6.5673E+37  7.1754E+27  7.5117E+38
  1.5850E+02  6.4403E+38  4.6244E+37  4.5156E+27  5.9778E+38
  1.7780E+02  4.0258E+38  2.3172E+37  1.7923E+27  3.7941E+38
  1.9950E+02  2.5210E+38  1.1670E+37  7.1155E+26  2.4043E+38
  2.2390E+02  1.5804E+38  5.8862E+36  2.8263E+26  1.5215E+38
  2.5120E+02  9.9349E+37  2.9747E+36  1.1248E+26  9.6374E+37
  2.8180E+02  6.2546E+37  1.5039E+36  4.4810E+25  6.1042E+37
  3.1620E+02  3.9376E+37  7.5965E+35  1.7842E+25  3.8617E+37
  3.5480E+02  2.4805E+37  3.8371E+35  7.1028E+24  2.4421E+37
  3.9810E+02  1.5636E+37  1.9377E+35  2.8294E+24  1.5442E+37
  4.4670E+02  9.8580E+36  9.7815E+34  1.1270E+24  9.7602E+36
  5.0120E+02  6.2188E+36  4.9374E+34  4.4902E+23  6.1694E+36
  5.6230E+02  3.9252E+36  2.4926E+34  1.7893E+23  3.9003E+36
  6.3100E+02  2.4755E+36  1.2568E+34  7.1249E+22  2.4629E+36
  7.0790E+02  1.5631E+36  6.3416E+33  2.8402E+22  1.5568E+36
  7.9430E+02  9.8645E+35  3.1965E+33  1.1313E+22  9.8325E+35
  8.9130E+02  6.2238E+35  1.6102E+33  4.5049E+21  6.2077E+35
  1.0000E+03  3.9295E+35  8.1124E+32  1.7951E+21  3.9213E+35
