  1.0000E-03  9.3510E+43  0.0000E+00  1.8814E+42  9.1629E+43
  1.1220E-03  6.0400E+43  0.0000E+00  2.3281E+42  5.8072E+43
  1.2590E-03  3.8245E+43  0.0000E+00  2.7395E+42  3.5505E+43
  1.4130E-03  2.4229E+43  0.0000E+00  3.0863E+42  2.1143E+43
  1.5850E-03  1.7220E+43  0.0000E+00  3.3775E+42  1.3843E+43
  1.7780E-03  1.7018E+43  0.0000E+00  4.1096E+42  1.2909E+43
  1.9950E-03  9.7234E+42  0.0000E+00  4.6854E+42  5.0380E+42
  2.2390E-03  7.2967E+42  0.0000E+00  4.7758E+42  2.5209E+42
  2.5120E-03  8.0790E+42  0.0000E+00  6.0964E+42  1.9827E+42
  2.8180E-03  7.2474E+42  0.0000E+00  6.7534E+42  4.9403E+41
  3.1620E-03  7.2617E+42  0.0000E+00  7.1180E+42  1.4369E+41
  3.5480E-03  7.3730E+42  0.0000E+00  7.3278E+42  4.5225E+40
  3.9810E-03  7.4496E+42  0.0000E+00  7.4336E+42  1.5998E+40
  4.4670E-03  1.9490E+43  0.0000E+00  1.7742E+43  1.7476E+42
  5.0120E-03  1.9903E+43  0.0000E+00  1.9516E+43  3.8747E+41
  5.6230E-03  2.0654E+43  0.0000E+00  2.0567E+43  8.7113E+40
  5.9570E-03  2.0923E+43  0.0000E+00  2.0881E+43  4.2789E+40
  6.6830E-03  2.1313E+43  0.0000E+00  2.1301E+43  1.2148E+40
  7.4990E-03  2.1712E+43  0.0000E+00  2.1707E+43  4.5834E+39
  8.4140E-03  2.1990E+43  0.0000E+00  2.1989E+43  1.4119E+39
  9.4410E-03  2.2015E+43  0.0000E+00  2.2015E+43  5.5945E+38
  1.0590E-02  2.1368E+43  0.0000E+00  2.1367E+43  3.8578E+38
  1.1890E-02  2.2590E+43  0.0000E+00  2.2590E+43  1.3388E+38
  1.3340E-02  2.2529E+43  0.0000E+00  2.2529E+43  6.2046E+37
  1.4960E-02  2.2703E+43  0.0000E+00  2.2703E+43  2.2778E+37
  1.6790E-02  2.2576E+43  0.0000E+00  2.2576E+43  9.2456E+36
  1.8840E-02  2.2223E+43  0.0000E+00  2.2223E+43  4.2668E+36
  2.1130E-02  2.2296E+43  0.0000E+00  2.2296E+43  1.7595E+36
  2.3710E-02  2.2098E+43  0.0000E+00  2.2098E+43  6.9712E+35
  2.6610E-02  2.1669E+43  0.0000E+00  2.1669E+43  2.5144E+35
  2.9850E-02  2.1030E+43  8.4705E-88  2.1030E+43  9.2250E+34
  3.3500E-02  2.0225E+43  3.6263E-73  2.0225E+43  3.3237E+34
  3.7580E-02  2.1695E+43  4.0917E-60  2.1695E+43  2.7534E+34
  4.2170E-02  2.3024E+43  1.1943E-48  2.3024E+43  9.7837E+33
  4.7320E-02  1.8439E+43  1.2528E-38  1.8439E+43  7.3785E+32
  5.3090E-02  1.2831E+43  7.5813E-30  1.2831E+43  3.0444E+31
  6.6830E-02  2.9319E+42  3.8470E-16  2.9319E+42  8.3745E+25
  7.4990E-02  9.5439E+41  8.5796E-11  9.5439E+41  2.3897E+22
  8.4140E-02  1.2512E+42  8.1584E-05  1.2512E+42  1.7536E+23
  9.4410E-02  1.5822E+42  1.4646E+01  1.5822E+42  6.9387E+23
  1.0590E-01  3.5711E+42  2.4354E+06  3.5711E+42  1.8492E+26
  1.1890E-01  7.6427E+42  1.5836E+11  7.6427E+42  9.8058E+28
  1.3340E-01  1.2861E+43  1.6902E+15  1.2861E+43  8.8251E+30
  1.4960E-01  1.6699E+43  5.4336E+18  1.6699E+43  1.5052E+32
  1.5850E-01  1.6501E+43  1.9246E+20  1.6501E+43  2.3974E+32
  1.7780E-01  1.1327E+43  7.3659E+22  1.1327E+43  8.2118E+31
  1.9950E-01  3.6625E+42  3.4423E+24  3.6625E+42  3.1813E+29
  2.2390E-01  1.6144E+42  1.3215E+26  1.6144E+42  1.0349E+28
  2.3710E-01  2.5460E+42  3.4715E+27  2.5460E+42  5.2919E+29
  2.5120E-01  3.9164E+42  8.6370E+28  3.9164E+42  3.2093E+31
  2.6610E-01  4.9228E+42  1.2691E+30  4.9228E+42  5.0540E+32
  2.8180E-01  5.4918E+42  1.3021E+31  5.4918E+42  3.6296E+33
  2.9850E-01  5.8140E+42  1.0469E+32  5.8140E+42  1.6925E+34
  3.1620E-01  6.0482E+42  7.1386E+32  6.0482E+42  6.6791E+34
  3.3500E-01  6.1937E+42  4.2603E+33  6.1937E+42  2.3368E+35
  3.5480E-01  6.2322E+42  2.2146E+34  6.2322E+42  7.1182E+35
  3.7580E-01  6.1942E+42  1.0603E+35  6.1942E+42  2.1278E+36
  3.9810E-01  6.1275E+42  4.5037E+35  6.1275E+42  5.7309E+36
  4.2170E-01  6.0380E+42  1.8186E+36  6.0380E+42  1.6731E+37
  4.4670E-01  5.9487E+42  6.7125E+36  5.9486E+42  4.6772E+37
  4.7320E-01  5.8217E+42  2.3128E+37  5.8215E+42  1.2718E+38
  5.0120E-01  5.6531E+42  7.4280E+37  5.6527E+42  3.3251E+38
  5.3090E-01  5.4449E+42  2.2769E+38  5.4438E+42  8.7394E+38
  5.6230E-01  5.2254E+42  6.4090E+38  5.2226E+42  2.1068E+39
  5.9570E-01  4.9908E+42  1.6903E+39  4.9843E+42  4.8173E+39
  6.3100E-01  4.7479E+42  4.2277E+39  4.7329E+42  1.0781E+40
  6.6830E-01  4.4984E+42  1.0043E+40  4.4648E+42  2.3577E+40
  7.0790E-01  4.2758E+42  2.2643E+40  4.2033E+42  4.9834E+40
  7.4990E-01  4.0946E+42  4.8026E+40  3.9472E+42  9.9389E+40
  7.9430E-01  3.9846E+42  9.7056E+40  3.6955E+42  1.9205E+41
  8.4140E-01  3.9940E+42  1.8819E+41  3.4443E+42  3.6149E+41
  8.9130E-01  4.2290E+42  3.5518E+41  3.1945E+42  6.7932E+41
  9.4410E-01  4.8212E+42  6.4328E+41  2.9456E+42  1.2323E+42
  1.0000E+00  5.9214E+42  1.1089E+42  2.6997E+42  2.1128E+42
  1.0590E+00  7.7419E+42  1.8272E+42  2.4651E+42  3.4495E+42
  1.1220E+00  1.0566E+43  2.9096E+42  2.2387E+42  5.4176E+42
  1.1890E+00  1.4749E+43  4.4948E+42  2.0177E+42  8.2363E+42
  1.2590E+00  2.0794E+43  6.7465E+42  1.8003E+42  1.2247E+43
  1.3340E+00  2.8878E+43  9.8008E+42  1.5921E+42  1.7485E+43
  1.4130E+00  3.8857E+43  1.3661E+43  1.4001E+42  2.3796E+43
  1.4960E+00  5.0775E+43  1.8396E+43  1.2229E+42  3.1157E+43
  1.5850E+00  6.4741E+43  2.4163E+43  1.0579E+42  3.9519E+43
  1.6790E+00  8.0743E+43  3.0949E+43  9.0480E+41  4.8889E+43
  1.7780E+00  9.8508E+43  3.8670E+43  7.6346E+41  5.9075E+43
  1.8840E+00  1.1753E+44  4.7304E+43  6.3477E+41  6.9590E+43
  1.9950E+00  1.3711E+44  5.6545E+43  5.2030E+41  8.0048E+43
  2.1130E+00  1.5643E+44  6.6195E+43  4.2069E+41  8.9810E+43
  2.2390E+00  1.7463E+44  7.5930E+43  3.3592E+41  9.8363E+43
  2.3710E+00  1.9110E+44  8.5372E+43  2.6545E+41  1.0546E+44
  2.5120E+00  2.0535E+44  9.4427E+43  2.0805E+41  1.1072E+44
  2.6610E+00  2.1719E+44  1.0282E+44  1.6198E+41  1.1420E+44
  2.8180E+00  2.2656E+44  1.1038E+44  1.2536E+41  1.1605E+44
  2.9850E+00  2.3357E+44  1.1715E+44  9.6559E+40  1.1632E+44
  3.1620E+00  2.3840E+44  1.2304E+44  7.4037E+40  1.1528E+44
  3.3500E+00  2.4134E+44  1.2830E+44  5.6610E+40  1.1298E+44
  3.5480E+00  2.4256E+44  1.3256E+44  4.3091E+40  1.0995E+44
  3.7580E+00  2.4230E+44  1.3607E+44  3.2673E+40  1.0620E+44
  3.9810E+00  2.4069E+44  1.3876E+44  2.4673E+40  1.0191E+44
  4.2170E+00  2.3786E+44  1.4057E+44  1.8553E+40  9.7273E+43
  4.4670E+00  2.3389E+44  1.4145E+44  1.3886E+40  9.2423E+43
  4.7320E+00  2.2885E+44  1.4141E+44  1.0339E+40  8.7424E+43
  5.0120E+00  2.2297E+44  1.4039E+44  7.6678E+39  8.2574E+43
  5.3090E+00  2.1348E+44  1.3827E+44  5.5874E+39  7.5212E+43
  5.6230E+00  2.0287E+44  1.3510E+44  4.0382E+39  6.7767E+43
  5.9570E+00  1.9144E+44  1.3104E+44  2.8966E+39  6.0393E+43
  6.3100E+00  1.7880E+44  1.2541E+44  2.0537E+39  5.3390E+43
  6.6830E+00  1.6703E+44  1.2023E+44  1.4523E+39  4.6805E+43
  7.0790E+00  1.5448E+44  1.1374E+44  1.0112E+39  4.0739E+43
  7.4990E+00  1.4322E+44  1.0853E+44  7.0933E+38  3.4688E+43
  7.9430E+00  1.3812E+44  1.1091E+44  5.6041E+38  2.7216E+43
  8.4140E+00  1.3603E+44  1.1679E+44  5.2083E+38  1.9244E+43
  8.9130E+00  1.3133E+44  1.1785E+44  4.9438E+38  1.3482E+43
  9.4410E+00  1.2570E+44  1.1624E+44  5.0136E+38  9.4612E+42
  1.0000E+01  1.1726E+44  1.0864E+44  3.7539E+38  8.6167E+42
  1.0590E+01  1.0750E+44  9.9376E+43  2.6143E+38  8.1252E+42
  1.1220E+01  9.5984E+43  8.8256E+43  1.6268E+38  7.7276E+42
  1.1890E+01  8.3739E+43  7.6679E+43  1.0123E+38  7.0604E+42
  1.2590E+01  7.1671E+43  6.5337E+43  6.1185E+37  6.3344E+42
  1.3340E+01  6.0379E+43  5.4840E+43  3.6435E+37  5.5389E+42
  1.4130E+01  5.1751E+43  4.7050E+43  2.2173E+37  4.7003E+42
  1.4960E+01  4.7907E+43  4.4101E+43  1.5523E+37  3.8061E+42
  1.5850E+01  4.5183E+43  4.2157E+43  1.1661E+37  3.0264E+42
  1.6790E+01  4.2550E+43  4.0156E+43  9.1171E+36  2.3940E+42
  1.7780E+01  3.9243E+43  3.7331E+43  7.1496E+36  1.9121E+42
  1.8840E+01  3.4907E+43  3.3350E+43  5.3562E+36  1.5572E+42
  1.9950E+01  2.9938E+43  2.8638E+43  3.7141E+36  1.2994E+42
  2.1130E+01  2.5297E+43  2.4212E+43  2.4591E+36  1.0848E+42
  2.2390E+01  2.1303E+43  2.0404E+43  1.6231E+36  8.9842E+41
  2.3710E+01  1.7906E+43  1.7164E+43  1.0677E+36  7.4232E+41
  2.5120E+01  1.4975E+43  1.4365E+43  7.0217E+35  6.0979E+41
  2.6610E+01  1.2456E+43  1.1956E+43  4.5900E+35  4.9978E+41
  2.8180E+01  1.0310E+43  9.9013E+42  2.9991E+35  4.0894E+41
  2.9850E+01  8.4683E+42  8.1347E+42  1.9517E+35  3.3361E+41
  3.1620E+01  6.8935E+42  6.6218E+42  1.2605E+35  2.7167E+41
  3.3500E+01  5.5570E+42  5.3362E+42  8.0772E+34  2.2080E+41
  3.5480E+01  4.4419E+42  4.2625E+42  5.1425E+34  1.7942E+41
  3.7580E+01  3.5124E+42  3.3668E+42  3.2427E+34  1.4562E+41
  3.9810E+01  2.7425E+42  2.6244E+42  2.0218E+34  1.1805E+41
  4.2170E+01  2.1191E+42  2.0234E+42  1.2479E+34  9.5633E+40
  4.4670E+01  1.6215E+42  1.5441E+42  7.6214E+33  7.7396E+40
  4.7320E+01  1.2302E+42  1.1677E+42  4.6138E+33  6.2558E+40
  5.0120E+01  9.2673E+41  8.7619E+41  2.7729E+33  5.0539E+40
  5.3090E+01  6.9323E+41  6.5246E+41  1.6551E+33  4.0770E+40
  5.6230E+01  5.1588E+41  4.8301E+41  9.8286E+32  3.2868E+40
  5.9570E+01  3.8164E+41  3.5519E+41  5.8037E+32  2.6444E+40
  6.3100E+01  2.8137E+41  2.6011E+41  3.4171E+32  2.1266E+40
  6.6830E+01  2.0687E+41  1.8978E+41  2.0075E+32  1.7094E+40
  7.0790E+01  1.5169E+41  1.3797E+41  1.1770E+32  1.3721E+40
  7.4990E+01  1.1097E+41  9.9969E+40  6.8906E+31  1.1002E+40
  7.9430E+01  8.1109E+40  7.2291E+40  4.0343E+31  8.8185E+39
  8.4140E+01  5.9221E+40  5.2160E+40  2.3612E+31  7.0613E+39
  8.9130E+01  4.3244E+40  3.7594E+40  1.3835E+31  5.6502E+39
  9.4410E+01  3.1587E+40  2.7067E+40  8.1166E+30  4.5197E+39
  1.0000E+02  2.3082E+40  1.9468E+40  4.7683E+30  3.6138E+39
  1.0590E+02  1.6898E+40  1.4007E+40  2.8094E+30  2.8902E+39
  1.1220E+02  1.2377E+40  1.0071E+40  1.6567E+30  2.3064E+39
  1.1890E+02  9.0899E+39  7.2517E+39  9.8000E+29  1.8381E+39
  1.2590E+02  6.7271E+39  5.2582E+39  5.8435E+29  1.4689E+39
  1.3340E+02  4.9943E+39  3.8239E+39  3.4995E+29  1.1704E+39
  1.4130E+02  3.6995E+39  2.7660E+39  2.1019E+29  9.3349E+38
  1.4960E+02  2.7131E+39  1.9673E+39  1.2533E+29  7.4579E+38
  1.5850E+02  1.9838E+39  1.3898E+39  7.4418E+28  5.9401E+38
  1.7780E+02  1.0782E+39  7.0071E+38  2.6632E+28  3.7753E+38
  1.9950E+02  5.9434E+38  3.5485E+38  9.6678E+27  2.3949E+38
  2.2390E+02  3.3151E+38  1.7982E+38  3.5524E+27  1.5168E+38
  2.5120E+02  1.8738E+38  9.1244E+37  1.3217E+27  9.6138E+37
  2.8180E+02  1.0721E+38  4.6291E+37  4.9695E+26  6.0924E+37
  3.1620E+02  6.2010E+37  2.3453E+37  1.8839E+26  3.8557E+37
  3.5480E+02  3.6268E+37  1.1878E+37  7.1973E+25  2.4391E+37
  3.9810E+02  2.1439E+37  6.0119E+36  2.7699E+25  1.5427E+37
  4.4670E+02  1.2794E+37  3.0409E+36  1.0723E+25  9.7526E+36
  5.0120E+02  7.7033E+36  1.5377E+36  4.1732E+24  6.1656E+36
  5.6230E+02  4.6759E+36  7.7748E+35  1.6313E+24  3.8984E+36
  6.3100E+02  2.8545E+36  3.9255E+35  6.3944E+23  2.4620E+36
  7.0790E+02  1.7546E+36  1.9832E+35  2.5167E+23  1.5563E+36
  7.9430E+02  1.0831E+36  1.0007E+35  9.9216E+22  9.8301E+35
  8.9130E+02  6.7111E+35  5.0458E+34  3.9180E+22  6.2065E+35
  1.0000E+03  4.1752E+35  2.5444E+34  1.5508E+22  3.9207E+35
