  1.0000E-03  2.5785E+40  0.0000E+00  2.5768E+40  1.7137E+37
  1.1220E-03  3.0018E+39  0.0000E+00  3.0016E+39  2.1590E+35
  1.2590E-03  3.0603E+38  0.0000E+00  3.0603E+38  2.0498E+33
  1.4130E-03  2.8362E+37  0.0000E+00  2.8362E+37  1.5801E+31
  1.5850E-03  4.0410E+36  0.0000E+00  4.0410E+36  2.5784E+29
  1.7780E-03  4.4076E+36  0.0000E+00  4.4076E+36  6.7876E+28
  1.9950E-03  1.4480E+35  0.0000E+00  1.4480E+35  1.8942E+25
  2.2390E-03  8.0070E+33  0.0000E+00  8.0070E+33  3.7244E+22
  2.5120E-03  7.7690E+33  0.0000E+00  7.7690E+33  2.5704E+21
  2.8180E-03  8.2952E+31  0.0000E+00  8.2952E+31  2.1120E+16
  3.1620E-03  1.3417E+30  0.0000E+00  1.3417E+30  5.8441E+11
  3.5480E-03  2.7298E+28  0.0000E+00  2.7298E+28  3.0055E+07
  3.9810E-03  7.7240E+26  0.0000E+00  7.7240E+26  3.8745E+03
  4.4670E-03  3.6608E+33  0.0000E+00  3.6608E+33  1.8009E+19
  5.0120E-03  4.0555E+31  0.0000E+00  4.0555E+31  5.9198E+13
  5.6230E-03  4.7014E+29  0.0000E+00  4.7014E+29  2.1728E+08
  5.9570E-03  5.5636E+28  0.0000E+00  5.5636E+28  5.4861E+05
  6.6830E-03  1.2162E+27  0.0000E+00  1.2162E+27  1.2602E+01
  7.4990E-03  6.2035E+25  0.0000E+00  6.2035E+25  2.7021E-03
  8.4140E-03  1.7269E+24  0.0000E+00  1.7269E+24  1.1766E-07
  9.4410E-03  9.2203E+22  0.0000E+00  9.2203E+22  3.7073E-11
  1.0590E-02  1.9434E+22  0.0000E+00  1.9434E+22  9.1188E-13
  1.1890E-02  9.8555E+20  0.0000E+00  9.8555E+20  1.0086E-16
  1.3340E-02  8.2359E+19  0.0000E+00  8.2359E+19  1.0892E-19
  1.4960E-02  3.9936E+18  0.0000E+00  3.9936E+18  1.8897E-23
  1.6790E-02  2.4101E+17  0.0000E+00  2.4101E+17  7.1795E-27
  1.8840E-02  1.9899E+16  0.0000E+00  1.9899E+16  7.4963E-30
  2.1130E-02  1.3746E+15  0.0000E+00  1.3746E+15  3.2399E-33
  2.3710E-02  8.2151E+13  0.0000E+00  8.2151E+13  1.0201E-36
  2.6610E-02  3.7767E+12  0.0000E+00  3.7767E+12  1.5329E-40
  2.9850E-02  1.7997E+11  0.0000E+00  1.7997E+11  2.6430E-44
  3.3500E-02  8.0448E+09  0.0000E+00  8.0448E+09  3.9397E-48
  3.7580E-02  3.4316E+09  0.0000E+00  3.4316E+09  4.0798E-49
  4.2170E-02  2.6880E+08  0.0000E+00  2.6880E+08  5.4575E-53
  4.7320E-02  2.1295E+05  0.0000E+00  2.1295E+05  3.7621E-62
  5.3090E-02  3.8205E+01  0.0000E+00  3.8205E+01  3.7789E-73
  6.6830E-02  7.3445E-14  0.0000E+00  7.3445E-14  1.0623-116
  7.4990E-02  2.5183E-23  0.0000E+00  2.5183E-23  1.7725-144
  8.4140E-02  4.5947E-21  0.0000E+00  4.5947E-21  1.3050-137
  9.4410E-02  1.9543E-19  0.0000E+00  1.9543E-19  7.5031-133
  1.0590E-01  8.4689E-13  0.0000E+00  8.4689E-13  1.6170-113
  1.1890E-01  1.9111E-05  0.0000E+00  1.9111E-05  1.3388E-91
  1.3340E-01  4.2527E+00  0.0000E+00  4.2527E+00  9.7914E-76
  1.4960E-01  8.1563E+03  2.1360E-86  8.1563E+03  1.5056E-65
  1.5850E-01  3.1692E+04  4.8577E-83  3.1692E+04  1.0561E-63
  1.7780E-01  3.1997E+03  2.1525E-83  3.1997E+03  7.6853E-67
  1.9950E-01  1.3880E-03  0.0000E+00  1.3880E-03  2.8823E-85
  2.2390E-01  2.1859E-07  0.0000E+00  2.1859E-07  1.9675E-96
  2.3710E-01  1.3223E-02  0.0000E+00  1.3223E-02  9.4251E-83
  2.5120E-01  1.0529E+03  1.0522E-78  1.0529E+03  1.7331E-68
  2.6610E-01  1.9826E+06  2.9799E-68  1.9826E+06  7.9891E-59
  2.8180E-01  4.2709E+08  1.6034E-60  4.2709E+08  7.6920E-52
  2.9850E-01  2.9339E+10  2.6379E-54  2.9339E+10  2.4960E-46
  3.1620E-01  1.3390E+12  1.0491E-48  1.3390E+12  2.1831E-41
  3.3500E-01  4.4936E+13  1.4781E-43  4.4936E+13  7.4276E-37
  3.5480E-01  1.0402E+15  6.3712E-39  1.0402E+15  8.4848E-33
  3.7580E-01  2.2996E+16  2.1904E-34  2.2996E+16  8.3660E-29
  3.9810E-01  3.9310E+17  3.0541E-30  3.9310E+17  3.6419E-25
  4.2170E-01  8.4172E+18  7.3842E-26  8.4172E+18  2.9862E-21
  4.4670E-01  1.6542E+20  1.1747E-21  1.6542E+20  1.7408E-17
  4.7320E-01  3.0396E+21  1.4127E-17  3.0396E+21  8.1677E-14
  5.0120E-01  5.0338E+22  1.1739E-13  5.0338E+22  2.8121E-10
  5.3090E-01  8.4982E+23  9.6456E-10  8.4982E+23  1.0097E-06
  5.6230E-01  1.1570E+25  3.7919E-06  1.1570E+25  1.8366E-03
  5.9570E-01  1.3831E+26  9.3875E-03  1.3831E+26  2.2104E+00
  6.3100E-01  1.5734E+27  1.8644E+01  1.5734E+27  2.2434E+03
  6.6830E-01  1.6929E+28  2.9382E+04  1.6929E+28  1.8960E+06
  7.0790E-01  1.6977E+29  3.3960E+07  1.6977E+29  1.2284E+09
  7.4990E-01  1.4754E+30  2.3808E+10  1.4754E+30  5.0435E+11
  7.9430E-01  1.1898E+31  1.2472E+13  1.1898E+31  1.6134E+14
  8.4140E-01  9.0642E+31  5.1242E+15  9.0642E+31  4.2032E+16
  8.9130E-01  6.9816E+32  2.0080E+18  6.9816E+32  1.0808E+19
  9.4410E-01  4.9519E+33  5.7528E+20  4.9519E+33  2.1039E+21
  1.0000E+00  3.0245E+34  1.0233E+23  3.0245E+34  2.6296E+23
  1.0590E+00  1.6260E+35  1.1977E+25  1.6260E+35  2.2325E+25
  1.1220E+00  7.8860E+35  1.0132E+27  7.8860E+35  1.4037E+27
  1.1890E+00  3.4789E+36  6.5001E+28  3.4789E+36  6.8508E+28
  1.2590E+00  1.4222E+37  3.3813E+30  1.4222E+37  2.7860E+30
  1.3340E+00  5.2151E+37  1.2602E+32  5.2150E+37  8.2858E+31
  1.4130E+00  1.6804E+38  3.1331E+33  1.6803E+38  1.6856E+33
  1.4960E+00  4.8708E+38  5.5989E+34  4.8699E+38  2.5194E+34
  1.5850E+00  1.3016E+39  7.7389E+35  1.3006E+39  2.9557E+35
  1.6790E+00  3.2628E+39  8.6138E+36  3.2514E+39  2.8441E+36
  1.7780E+00  7.7402E+39  7.7988E+37  7.6395E+39  2.2676E+37
  1.8840E+00  1.7695E+40  5.7405E+38  1.6972E+40  1.4894E+38
  1.9950E+00  4.0324E+40  3.4263E+39  3.6091E+40  8.0604E+38
  2.1130E+00  9.4918E+40  1.6647E+40  7.4676E+40  3.5948E+39
  2.2390E+00  2.3098E+41  6.6430E+40  1.5122E+41  1.3325E+40
  2.3710E+00  5.5677E+41  2.2003E+41  2.9521E+41  4.1521E+40
  2.5120E+00  1.2701E+42  6.1540E+41  5.4453E+41  1.1020E+41
  2.6610E+00  2.6684E+42  1.4816E+42  9.3258E+41  2.5422E+41
  2.8180E+00  5.1265E+42  3.1336E+42  1.4727E+42  5.2015E+41
  2.9850E+00  9.0181E+42  5.9191E+42  2.1418E+42  9.5719E+41
  3.1620E+00  1.4666E+43  1.0165E+43  2.8883E+42  1.6134E+42
  3.3500E+00  2.2051E+43  1.5956E+43  3.6014E+42  2.4941E+42
  3.5480E+00  3.1316E+43  2.3440E+43  4.2397E+42  3.6357E+42
  3.7580E+00  4.2070E+43  3.2358E+43  4.7113E+42  5.0003E+42
  3.9810E+00  5.3847E+43  4.2329E+43  4.9755E+42  6.5428E+42
  4.2170E+00  6.6112E+43  5.2878E+43  5.0265E+42  8.2073E+42
  4.4670E+00  7.8302E+43  6.3489E+43  4.8836E+42  9.9294E+42
  4.7320E+00  8.9607E+43  7.3438E+43  4.5658E+42  1.1603E+43
  5.0120E+00  9.9489E+43  8.2185E+43  4.1254E+42  1.3179E+43
  5.3090E+00  1.0691E+44  8.9231E+43  3.5948E+42  1.4088E+43
  5.6230E+00  1.1183E+44  9.4233E+43  3.0342E+42  1.4560E+43
  5.9570E+00  1.1406E+44  9.7012E+43  2.4852E+42  1.4560E+43
  6.3100E+00  1.1429E+44  9.8014E+43  1.9918E+42  1.4284E+43
  6.6830E+00  1.1319E+44  9.7964E+43  1.5681E+42  1.3658E+43
  7.0790E+00  1.1068E+44  9.6599E+43  1.2097E+42  1.2876E+43
  7.4990E+00  9.7227E+43  8.5805E+43  8.1272E+41  1.0609E+43
  7.9430E+00  5.2097E+43  4.7044E+43  3.0961E+41  4.7440E+42
  8.4140E+00  1.4447E+43  1.3415E+43  6.3219E+40  9.6844E+41
  8.9130E+00  3.8397E+42  3.6360E+42  1.4311E+40  1.8935E+41
  9.4410E+00  1.0903E+42  1.0476E+42  4.1292E+39  3.8532E+40
  1.0000E+01  1.8950E+42  1.8266E+42  6.0626E+39  6.2408E+40
  1.0590E+01  4.1452E+42  3.9988E+42  1.0999E+40  1.3535E+41
  1.1220E+01  9.5873E+42  9.2426E+42  2.0330E+40  3.2437E+41
  1.1890E+01  1.6993E+43  1.6382E+43  2.9311E+40  5.8154E+41
  1.2590E+01  2.6406E+43  2.5465E+43  3.6638E+40  9.0478E+41
  1.3340E+01  3.5550E+43  3.4323E+43  3.8982E+40  1.1885E+42
  1.4130E+01  4.0849E+43  3.9571E+43  3.3948E+40  1.2446E+42
  1.4960E+01  3.8568E+43  3.7639E+43  2.3530E+40  9.0592E+41
  1.5850E+01  3.5533E+43  3.4927E+43  1.6193E+40  5.8942E+41
  1.6790E+01  3.3497E+43  3.3114E+43  1.1695E+40  3.7162E+41
  1.7780E+01  3.3857E+43  3.3594E+43  9.4010E+39  2.5392E+41
  1.8840E+01  3.7456E+43  3.7240E+43  8.5848E+39  2.0759E+41
  1.9950E+01  4.3890E+43  4.3677E+43  8.4348E+39  2.0457E+41
  2.1130E+01  5.0758E+43  5.0545E+43  8.0206E+39  2.0537E+41
  2.2390E+01  5.6892E+43  5.6687E+43  7.3381E+39  1.9764E+41
  2.3710E+01  6.2082E+43  6.1890E+43  6.4968E+39  1.8546E+41
  2.5120E+01  6.6167E+43  6.5991E+43  5.6172E+39  1.6967E+41
  2.6610E+01  6.9017E+43  6.8860E+43  4.7396E+39  1.5312E+41
  2.8180E+01  7.0509E+43  7.0369E+43  3.9220E+39  1.3638E+41
  2.9850E+01  7.0625E+43  7.0501E+43  3.1863E+39  1.2012E+41
  3.1620E+01  6.9379E+43  6.9271E+43  2.5396E+39  1.0517E+41
  3.3500E+01  6.6857E+43  6.6764E+43  1.9872E+39  9.1520E+40
  3.5480E+01  6.3248E+43  6.3168E+43  1.5276E+39  7.9319E+40
  3.7580E+01  5.8731E+43  5.8661E+43  1.1537E+39  6.8558E+40
  3.9810E+01  5.3475E+43  5.3415E+43  8.5652E+38  5.9237E+40
  4.2170E+01  4.7792E+43  4.7740E+43  6.2427E+38  5.1068E+40
  4.4670E+01  4.1950E+43  4.1905E+43  4.4627E+38  4.3875E+40
  4.7320E+01  3.6201E+43  3.6163E+43  3.1321E+38  3.7520E+40
  5.0120E+01  3.0747E+43  3.0715E+43  2.1601E+38  3.1948E+40
  5.3090E+01  2.5718E+43  2.5691E+43  1.4648E+38  2.7057E+40
  5.6230E+01  2.1219E+43  2.1196E+43  9.7793E+37  2.2803E+40
  5.9570E+01  1.7270E+43  1.7250E+43  6.4287E+37  1.9104E+40
  6.3100E+01  1.3895E+43  1.3879E+43  4.1706E+37  1.5933E+40
  6.6830E+01  1.1064E+43  1.1051E+43  2.6731E+37  1.3232E+40
  7.0790E+01  8.7240E+42  8.7131E+42  1.6939E+37  1.0935E+40
  7.4990E+01  6.8165E+42  6.8075E+42  1.0622E+37  8.9982E+39
  7.9430E+01  5.2858E+42  5.2784E+42  6.6025E+36  7.3803E+39
  8.4140E+01  4.0693E+42  4.0633E+42  4.0686E+36  6.0312E+39
  8.9130E+01  3.1146E+42  3.1096E+42  2.4902E+36  4.9131E+39
  9.4410E+01  2.3707E+42  2.3668E+42  1.5143E+36  3.9928E+39
  1.0000E+02  1.7954E+42  1.7922E+42  9.1542E+35  3.2376E+39
  1.0590E+02  1.3548E+42  1.3522E+42  5.5108E+35  2.6215E+39
  1.1220E+02  1.0182E+42  1.0161E+42  3.3005E+35  2.1145E+39
  1.1890E+02  7.6390E+41  7.6220E+41  1.9722E+35  1.7010E+39
  1.2590E+02  5.7487E+41  5.7350E+41  1.1817E+35  1.3703E+39
  1.3340E+02  4.3276E+41  4.3166E+41  7.0903E+34  1.0993E+39
  1.4130E+02  3.2332E+41  3.2243E+41  4.2355E+34  8.8246E+38
  1.4960E+02  2.3721E+41  2.3650E+41  2.4812E+34  7.0966E+38
  1.5850E+02  1.7263E+41  1.7206E+41  1.4375E+34  5.6859E+38
  1.7780E+02  9.1795E+40  9.1430E+40  4.8318E+33  3.6483E+38
  1.9950E+02  4.8683E+40  4.8450E+40  1.6187E+33  2.3311E+38
  2.2390E+02  2.5688E+40  2.5539E+40  5.3955E+32  1.4848E+38
  2.5120E+02  1.3504E+40  1.3409E+40  1.7914E+32  9.4525E+37
  2.8180E+02  7.0685E+39  7.0083E+39  5.9222E+31  6.0111E+37
  3.1620E+02  3.6826E+39  3.6444E+39  1.9486E+31  3.8148E+37
  3.5480E+02  1.9125E+39  1.8883E+39  6.3898E+30  2.4185E+37
  3.9810E+02  9.9038E+38  9.7506E+38  2.0901E+30  1.5323E+37
  4.4670E+02  5.1162E+38  5.0192E+38  6.8209E+29  9.7005E+36
  5.0120E+02  2.6388E+38  2.5774E+38  2.2231E+29  6.1394E+36
  5.6230E+02  1.3598E+38  1.3210E+38  7.2397E+28  3.8852E+36
  6.3100E+02  6.9954E+37  6.7499E+37  2.3552E+28  2.4553E+36
  7.0790E+02  3.6014E+37  3.4462E+37  7.6716E+27  1.5530E+36
  7.9430E+02  1.8533E+37  1.7552E+37  2.4992E+27  9.8132E+35
  8.9130E+02  9.5428E+36  8.9230E+36  8.1526E+26  6.1980E+35
  1.0000E+03  4.9240E+36  4.5324E+36  2.6678E+26  3.9165E+35
