  1.0000E-03  9.7331E+44  0.0000E+00  9.6693E+43  8.7662E+44
  1.1220E-03  1.0800E+45  0.0000E+00  9.6449E+43  9.8357E+44
  1.2590E-03  1.1980E+45  0.0000E+00  9.4322E+43  1.1037E+45
  1.4130E-03  1.3299E+45  0.0000E+00  9.1171E+43  1.2387E+45
  1.5850E-03  1.4808E+45  0.0000E+00  9.1411E+43  1.3894E+45
  1.7780E-03  1.6750E+45  0.0000E+00  1.1637E+44  1.5586E+45
  1.9950E-03  1.8627E+45  0.0000E+00  1.1390E+44  1.7488E+45
  2.2390E-03  2.0704E+45  0.0000E+00  1.0771E+44  1.9627E+45
  2.5120E-03  2.3423E+45  0.0000E+00  1.4030E+44  2.2020E+45
  2.8180E-03  2.6025E+45  0.0000E+00  1.3230E+44  2.4702E+45
  3.1620E-03  2.8951E+45  0.0000E+00  1.2326E+44  2.7718E+45
  3.5480E-03  3.2240E+45  0.0000E+00  1.1371E+44  3.1103E+45
  3.9810E-03  3.5935E+45  0.0000E+00  1.0367E+44  3.4898E+45
  4.4670E-03  4.1825E+45  0.0000E+00  2.6671E+44  3.9158E+45
  5.0120E-03  4.7028E+45  0.0000E+00  3.0920E+44  4.3936E+45
  5.6230E-03  5.2802E+45  0.0000E+00  3.5100E+44  4.9292E+45
  5.9570E-03  5.5933E+45  0.0000E+00  3.7131E+44  5.2220E+45
  6.6830E-03  6.2690E+45  0.0000E+00  4.1047E+44  5.8585E+45
  7.4990E-03  7.0296E+45  0.0000E+00  4.5580E+44  6.5738E+45
  8.4140E-03  7.8672E+45  0.0000E+00  4.9133E+44  7.3758E+45
  9.4410E-03  8.8022E+45  0.0000E+00  5.2606E+44  8.2761E+45
  1.0590E-02  9.8449E+45  0.0000E+00  5.6158E+44  9.2833E+45
  1.1890E-02  1.1028E+46  0.0000E+00  6.0504E+44  1.0423E+46
  1.3340E-02  1.2333E+46  0.0000E+00  6.3880E+44  1.1694E+46
  1.4960E-02  1.3786E+46  0.0000E+00  6.7205E+44  1.3114E+46
  1.6790E-02  1.5424E+46  0.0000E+00  7.0576E+44  1.4718E+46
  1.8840E-02  1.7257E+46  0.0000E+00  7.4169E+44  1.6515E+46
  2.1130E-02  1.9305E+46  0.0000E+00  7.8185E+44  1.8524E+46
  2.3710E-02  2.1607E+46  0.0000E+00  8.2235E+44  2.0785E+46
  2.6610E-02  2.4189E+46  0.0000E+00  8.6295E+44  2.3326E+46
  2.9850E-02  2.7070E+46  1.4164E-82  9.0369E+44  2.6166E+46
  3.3500E-02  3.0306E+46  8.8662E-68  9.3963E+44  2.9367E+46
  3.7580E-02  3.3932E+46  1.1092E-54  9.8990E+44  3.2942E+46
  4.2170E-02  3.8236E+46  4.7209E-43  1.2695E+45  3.6967E+46
  4.7320E-02  4.2818E+46  1.1934E-32  1.3364E+45  4.1482E+46
  5.3090E-02  4.4471E+46  2.0541E-23  1.2585E+45  4.3212E+46
  6.6830E-02  4.2136E+46  6.5411E-08  8.6814E+44  4.1268E+46
  7.4990E-02  4.1008E+46  1.9687E-01  6.7984E+44  4.0328E+46
  8.4140E-02  4.0100E+46  1.0084E+05  6.8994E+44  3.9410E+46
  9.4410E-02  3.9224E+46  1.1697E+10  7.1136E+44  3.8513E+46
  1.0590E-01  3.5875E+46  3.2554E+14  8.1998E+44  3.5055E+46
  1.1890E-01  3.0252E+46  2.7544E+18  7.8489E+44  2.9467E+46
  1.3340E-01  2.5512E+46  6.6650E+21  7.1656E+44  2.4795E+46
  1.4960E-01  2.1370E+46  8.5049E+24  4.9183E+44  2.0878E+46
  1.5850E-01  1.9533E+46  2.5381E+26  3.8788E+44  1.9145E+46
  1.7780E-01  1.6406E+46  1.2173E+29  2.9138E+44  1.6114E+46
  1.9950E-01  1.3765E+46  2.9266E+31  2.0747E+44  1.3558E+46
  2.2390E-01  1.1590E+46  3.0599E+33  1.8705E+44  1.1403E+46
  2.3710E-01  1.0683E+46  2.1745E+34  2.1890E+44  1.0464E+46
  2.5120E-01  9.8310E+45  1.3634E+35  2.3520E+44  9.5958E+45
  2.6610E-01  9.0303E+45  7.8104E+35  2.2910E+44  8.8012E+45
  2.8180E-01  8.2903E+45  4.0276E+36  2.1419E+44  8.0761E+45
  2.9850E-01  7.6070E+45  1.8744E+37  1.9916E+44  7.4079E+45
  3.1620E-01  6.9820E+45  7.8046E+37  1.8735E+44  6.7947E+45
  3.3500E-01  6.4074E+45  2.9547E+38  1.7660E+44  6.2308E+45
  3.5480E-01  5.8830E+45  1.0193E+39  1.6649E+44  5.7165E+45
  3.7580E-01  5.4017E+45  3.2433E+39  1.5749E+44  5.2442E+45
  3.9810E-01  4.9594E+45  9.4908E+39  1.4963E+44  4.8097E+45
  4.2170E-01  4.5551E+45  2.5523E+40  1.4345E+44  4.4116E+45
  4.4670E-01  4.1851E+45  6.3594E+40  1.3842E+44  4.0466E+45
  4.7320E-01  3.8454E+45  1.4887E+41  1.3376E+44  3.7115E+45
  5.0120E-01  3.5343E+45  3.2833E+41  1.2921E+44  3.4048E+45
  5.3090E-01  3.2489E+45  6.8614E+41  1.2506E+44  3.1232E+45
  5.6230E-01  2.9877E+45  1.3564E+42  1.2117E+44  2.8651E+45
  5.9570E-01  2.7477E+45  2.5541E+42  1.1756E+44  2.6276E+45
  6.3100E-01  2.5292E+45  4.5798E+42  1.1427E+44  2.4103E+45
  6.6830E-01  2.3306E+45  7.8319E+42  1.1133E+44  2.2114E+45
  7.0790E-01  2.1502E+45  1.2832E+43  1.0893E+44  2.0284E+45
  7.4990E-01  1.9875E+45  2.0167E+43  1.0686E+44  1.8605E+45
  7.9430E-01  1.8423E+45  3.0459E+43  1.0525E+44  1.7066E+45
  8.4140E-01  1.7141E+45  4.4376E+43  1.0443E+44  1.5653E+45
  8.9130E-01  1.6028E+45  6.2603E+43  1.0446E+44  1.4357E+45
  9.4410E-01  1.5078E+45  8.5448E+43  1.0541E+44  1.3170E+45
  1.0000E+00  1.4281E+45  1.1300E+44  1.0698E+44  1.2081E+45
  1.0590E+00  1.3628E+45  1.4512E+44  1.0912E+44  1.1086E+45
  1.1220E+00  1.3102E+45  1.8220E+44  1.1149E+44  1.0165E+45
  1.1890E+00  1.2694E+45  2.2394E+44  1.1368E+44  9.3183E+44
  1.2590E+00  1.2390E+45  2.6877E+44  1.1499E+44  8.5520E+44
  1.3340E+00  1.2162E+45  3.1633E+44  1.1577E+44  7.8411E+44
  1.4130E+00  1.1989E+45  3.6370E+44  1.1590E+44  7.1927E+44
  1.4960E+00  1.1852E+45  4.0986E+44  1.1507E+44  6.6026E+44
  1.5850E+00  1.1740E+45  4.5539E+44  1.1318E+44  6.0543E+44
  1.6790E+00  1.1626E+45  4.9747E+44  1.0979E+44  5.5530E+44
  1.7780E+00  1.1485E+45  5.3424E+44  1.0472E+44  5.0957E+44
  1.8840E+00  1.1316E+45  5.6619E+44  9.8222E+43  4.6719E+44
  1.9950E+00  1.1104E+45  5.9119E+44  9.0434E+43  4.2875E+44
  2.1130E+00  1.0846E+45  6.0944E+44  8.1842E+43  3.9333E+44
  2.2390E+00  1.0535E+45  6.2010E+44  7.2846E+43  3.6061E+44
  2.3710E+00  1.0175E+45  6.2272E+44  6.3816E+43  3.3092E+44
  2.5120E+00  9.7734E+44  6.1867E+44  5.5227E+43  3.0344E+44
  2.6610E+00  9.3348E+44  6.0788E+44  4.7283E+43  2.7832E+44
  2.8180E+00  8.8636E+44  5.9085E+44  4.0126E+43  2.5538E+44
  2.9850E+00  8.3742E+44  5.6930E+44  3.3857E+43  2.3426E+44
  3.1620E+00  7.8722E+44  5.4389E+44  2.8459E+43  2.1487E+44
  3.3500E+00  7.3827E+44  5.1736E+44  2.3866E+43  1.9704E+44
  3.5480E+00  6.8931E+44  4.8855E+44  1.9984E+43  1.8078E+44
  3.7580E+00  6.4206E+44  4.5952E+44  1.6702E+43  1.6583E+44
  3.9810E+00  5.9672E+44  4.3070E+44  1.3923E+43  1.5210E+44
  4.2170E+00  5.5357E+44  4.0249E+44  1.1565E+43  1.3951E+44
  4.4670E+00  5.1276E+44  3.7524E+44  9.5609E+42  1.2796E+44
  4.7320E+00  4.7455E+44  3.4934E+44  7.8456E+42  1.1737E+44
  5.0120E+00  4.3920E+44  3.2490E+44  6.3863E+42  1.0791E+44
  5.3090E+00  4.0286E+44  3.0171E+44  5.1236E+42  9.6024E+43
  5.6230E+00  3.6877E+44  2.7990E+44  4.0580E+42  8.4805E+43
  5.9570E+00  3.3698E+44  2.5949E+44  3.1703E+42  7.4316E+43
  6.3100E+00  3.0643E+44  2.3927E+44  2.4462E+42  6.4710E+43
  6.6830E+00  2.8006E+44  2.2217E+44  1.8735E+42  5.6014E+43
  7.0790E+00  2.5480E+44  2.0520E+44  1.4135E+42  4.8190E+43
  7.4990E+00  2.3185E+44  1.8964E+44  9.7823E+41  4.1229E+43
  7.9430E+00  2.1451E+44  1.7890E+44  5.0162E+41  3.5109E+43
  8.4140E+00  2.1303E+44  1.8304E+44  2.3716E+41  2.9752E+43
  8.9130E+00  2.1509E+44  1.8983E+44  1.4978E+41  2.5104E+43
  9.4410E+00  2.1350E+44  1.9229E+44  1.1775E+41  2.1101E+43
  1.0000E+01  1.8297E+44  1.6520E+44  9.7680E+40  1.7671E+43
  1.0590E+01  1.5348E+44  1.3864E+44  8.3363E+40  1.4758E+43
  1.1220E+01  1.2842E+44  1.1608E+44  7.2558E+40  1.2267E+43
  1.1890E+01  1.1076E+44  1.0053E+44  6.4841E+40  1.0159E+43
  1.2590E+01  9.9240E+43  9.0769E+43  5.8969E+40  8.4119E+42
  1.3340E+01  9.1711E+43  8.4727E+43  5.2187E+40  6.9319E+42
  1.4130E+01  8.6669E+43  8.0922E+43  4.2000E+40  5.7050E+42
  1.4960E+01  8.2750E+43  7.8028E+43  2.9535E+40  4.6919E+42
  1.5850E+01  8.0109E+43  7.6246E+43  2.1104E+40  3.8414E+42
  1.6790E+01  7.8741E+43  7.5584E+43  1.5912E+40  3.1409E+42
  1.7780E+01  7.8504E+43  7.5925E+43  1.3064E+40  2.5663E+42
  1.8840E+01  7.9389E+43  7.7288E+43  1.1703E+40  2.0888E+42
  1.9950E+01  8.1476E+43  7.9764E+43  1.1001E+40  1.7013E+42
  2.1130E+01  8.4435E+43  8.3042E+43  1.0145E+40  1.3827E+42
  2.2390E+01  8.7752E+43  8.6623E+43  9.1712E+39  1.1203E+42
  2.3710E+01  9.0998E+43  9.0081E+43  8.1199E+39  9.0864E+41
  2.5120E+01  9.3792E+43  9.3050E+43  7.0791E+39  7.3479E+41
  2.6610E+01  9.5806E+43  9.5206E+43  6.0551E+39  5.9383E+41
  2.8180E+01  9.6768E+43  9.6283E+43  5.0982E+39  4.7994E+41
  2.9850E+01  9.6500E+43  9.6109E+43  4.2254E+39  3.8717E+41
  3.1620E+01  9.4880E+43  9.4565E+43  3.4422E+39  3.1199E+41
  3.3500E+01  9.1903E+43  9.1649E+43  2.7571E+39  2.5106E+41
  3.5480E+01  8.7686E+43  8.7482E+43  2.1717E+39  2.0210E+41
  3.7580E+01  8.2355E+43  8.2190E+43  1.6824E+39  1.6253E+41
  3.9810E+01  7.6025E+43  7.5893E+43  1.2823E+39  1.3054E+41
  4.2170E+01  6.9027E+43  6.8922E+43  9.6023E+38  1.0479E+41
  4.4670E+01  6.1654E+43  6.1569E+43  7.0552E+38  8.4074E+40
  4.7320E+01  5.4206E+43  5.4138E+43  5.0898E+38  6.7400E+40
  5.0120E+01  4.6943E+43  4.6889E+43  3.6077E+38  5.4034E+40
  5.3090E+01  4.0054E+43  4.0011E+43  2.5132E+38  4.3282E+40
  5.6230E+01  3.3718E+43  3.3683E+43  1.7226E+38  3.4667E+40
  5.9570E+01  2.7997E+43  2.7969E+43  1.1618E+38  2.7728E+40
  6.3100E+01  2.2975E+43  2.2953E+43  7.7247E+37  2.2180E+40
  6.6830E+01  1.8648E+43  1.8630E+43  5.0689E+37  1.7744E+40
  7.0790E+01  1.4980E+43  1.4966E+43  3.2848E+37  1.4183E+40
  7.4990E+01  1.1916E+43  1.1905E+43  2.1041E+37  1.1329E+40
  7.9430E+01  9.3996E+42  9.3905E+42  1.3344E+37  9.0505E+39
  8.4140E+01  7.3553E+42  7.3481E+42  8.3803E+36  7.2256E+39
  8.9130E+01  5.7173E+42  5.7116E+42  5.2211E+36  5.7665E+39
  9.4410E+01  4.4160E+42  4.4114E+42  3.2284E+36  4.6021E+39
  1.0000E+02  3.3908E+42  3.3872E+42  1.9823E+36  3.6722E+39
  1.0590E+02  2.5921E+42  2.5892E+42  1.2108E+36  2.9317E+39
  1.1220E+02  1.9721E+42  1.9697E+42  7.3511E+35  2.3358E+39
  1.1890E+02  1.4965E+42  1.4946E+42  4.4483E+35  1.8590E+39
  1.2590E+02  1.1379E+42  1.1365E+42  2.6961E+35  1.4838E+39
  1.3340E+02  8.6493E+41  8.6375E+41  1.6348E+35  1.1811E+39
  1.4130E+02  6.5221E+41  6.5127E+41  9.8650E+34  9.4117E+38
  1.4960E+02  4.8303E+41  4.8228E+41  5.8384E+34  7.5121E+38
  1.5850E+02  3.5473E+41  3.5413E+41  3.4157E+34  5.9781E+38
  1.7780E+02  1.9170E+41  1.9132E+41  1.1682E+34  3.7942E+38
  1.9950E+02  1.0312E+41  1.0288E+41  3.9727E+33  2.4043E+38
  2.2390E+02  5.5089E+40  5.4937E+40  1.3415E+33  1.5216E+38
  2.5120E+02  2.9276E+40  2.9179E+40  4.5042E+32  9.6376E+37
  2.8180E+02  1.5468E+40  1.5407E+40  1.5033E+32  6.1043E+37
  3.1620E+02  8.1237E+39  8.0850E+39  4.9861E+31  3.8617E+37
  3.5480E+02  4.2471E+39  4.2227E+39  1.6455E+31  2.4421E+37
  3.9810E+02  2.2112E+39  2.1957E+39  5.4087E+30  1.5442E+37
  4.4670E+02  1.1469E+39  1.1371E+39  1.7710E+30  9.7603E+36
  5.0120E+02  5.9319E+38  5.8702E+38  5.7824E+29  6.1695E+36
  5.6230E+02  3.0612E+38  3.0222E+38  1.8833E+29  3.9003E+36
  6.3100E+02  1.5750E+38  1.5503E+38  6.1167E+28  2.4629E+36
  7.0790E+02  8.0974E+37  7.9417E+37  1.9855E+28  1.5568E+36
  7.9430E+02  4.1548E+37  4.0565E+37  6.4320E+27  9.8325E+35
  8.9130E+02  2.1294E+37  2.0673E+37  2.0817E+27  6.2077E+35
  1.0000E+03  1.0915E+37  1.0523E+37  6.7401E+26  3.9214E+35
