  1.0000E-03  4.6539E+43  0.0000E+00  8.4019E+42  3.8137E+43
  1.1220E-03  2.6443E+43  0.0000E+00  7.0776E+42  1.9365E+43
  1.2590E-03  1.5027E+43  0.0000E+00  5.6720E+42  9.3546E+42
  1.4130E-03  8.7364E+42  0.0000E+00  4.3801E+42  4.3563E+42
  1.5850E-03  5.8658E+42  0.0000E+00  3.5508E+42  2.3149E+42
  1.7780E-03  6.1373E+42  0.0000E+00  4.1269E+42  2.0104E+42
  1.9950E-03  3.3498E+42  0.0000E+00  2.8289E+42  5.2091E+41
  2.2390E-03  2.1435E+42  0.0000E+00  1.9530E+42  1.9058E+41
  2.5120E-03  2.5085E+42  0.0000E+00  2.3778E+42  1.3068E+41
  2.8180E-03  1.4786E+42  0.0000E+00  1.4605E+42  1.8164E+40
  3.1620E-03  9.2785E+41  0.0000E+00  9.2472E+41  3.1293E+39
  3.5480E-03  5.9679E+41  0.0000E+00  5.9619E+41  6.0148E+38
  3.9810E-03  3.9658E+41  0.0000E+00  3.9644E+41  1.3597E+38
  4.4670E-03  5.4599E+42  0.0000E+00  5.3725E+42  8.7358E+40
  5.0120E-03  3.4433E+42  0.0000E+00  3.4329E+42  1.0331E+40
  5.6230E-03  2.2104E+42  0.0000E+00  2.2091E+42  1.2457E+39
  5.9570E-03  1.7918E+42  0.0000E+00  1.7914E+42  4.5423E+38
  6.6830E-03  1.2372E+42  0.0000E+00  1.2371E+42  7.5718E+37
  7.4990E-03  9.4579E+41  0.0000E+00  9.4577E+41  1.8729E+37
  8.4140E-03  6.8083E+41  0.0000E+00  6.8083E+41  3.4955E+36
  9.4410E-03  5.1444E+41  0.0000E+00  5.1444E+41  9.2538E+35
  1.0590E-02  4.1713E+41  0.0000E+00  4.1713E+41  5.2876E+35
  1.1890E-02  3.5158E+41  0.0000E+00  3.5158E+41  1.1641E+35
  1.3340E-02  2.7895E+41  0.0000E+00  2.7895E+41  3.8305E+34
  1.4960E-02  2.1821E+41  0.0000E+00  2.1821E+41  9.1221E+33
  1.6790E-02  1.7038E+41  0.0000E+00  1.7038E+41  2.4966E+33
  1.8840E-02  1.3442E+41  0.0000E+00  1.3442E+41  8.1672E+32
  2.1130E-02  1.0976E+41  0.0000E+00  1.0976E+41  2.2855E+32
  2.3710E-02  8.7157E+40  0.0000E+00  8.7157E+40  6.0497E+31
  2.6610E-02  6.7272E+40  0.0000E+00  6.7272E+40  1.4055E+31
  2.9850E-02  5.1642E+40  0.0000E+00  5.1642E+40  3.3444E+30
  3.3500E-02  3.9151E+40  4.0871E-84  3.9151E+40  7.7590E+29
  3.7580E-02  3.8070E+40  3.3934E-71  3.8070E+40  5.7144E+29
  4.2170E-02  3.7790E+40  3.1030E-60  3.7790E+40  1.3005E+29
  4.7320E-02  1.9972E+40  2.1270E-51  1.9972E+40  3.4470E+27
  5.3090E-02  8.6688E+39  4.9003E-44  8.6688E+39  4.0724E+25
  6.6830E-02  3.9371E+38  6.0888E-36  3.9371E+38  7.9864E+17
  7.4990E-02  5.5467E+37  3.6351E-34  5.5467E+37  9.7436E+12
  8.4140E-02  7.9683E+37  2.7870E-27  7.9683E+37  1.5600E+14
  9.4410E-02  1.1175E+38  2.1296E-21  1.1175E+38  1.0601E+15
  1.0590E-01  4.6866E+38  1.1897E-13  4.6866E+38  2.5459E+18
  1.1890E-01  2.0733E+39  5.3597E-06  2.0733E+39  1.6379E+22
  1.3340E-01  6.5098E+39  6.1509E+00  6.5098E+39  8.9950E+24
  1.4960E-01  1.1789E+40  4.0705E+05  1.1789E+40  4.9134E+26
  1.5850E-01  1.2650E+40  2.5239E+07  1.2650E+40  9.6913E+26
  1.7780E-01  8.8351E+39  3.8900E+09  8.8351E+39  2.3481E+26
  1.9950E-01  1.4071E+39  8.0108E+08  1.4071E+39  1.1356E+23
  2.2390E-01  4.6618E+38  1.2226E+09  4.6618E+38  1.0512E+21
  2.3710E-01  1.4360E+39  1.8718E+12  1.4360E+39  2.5519E+23
  2.5120E-01  4.2579E+39  3.1483E+15  4.2579E+39  7.8515E+25
  2.6610E-01  8.2965E+39  8.0272E+17  8.2965E+39  3.7207E+27
  2.8180E-01  1.2649E+40  6.4916E+19  1.2649E+40  5.9315E+28
  2.9850E-01  1.7294E+40  2.6678E+21  1.7294E+40  5.1947E+29
  3.1620E-01  2.3014E+40  7.8646E+22  2.3014E+40  3.6090E+30
  3.3500E-01  2.9846E+40  1.7995E+24  2.9846E+40  2.1219E+31
  3.5480E-01  3.7325E+40  3.1224E+25  3.7325E+40  1.0293E+32
  3.7580E-01  4.6343E+40  4.8936E+26  4.6343E+40  4.8643E+32
  3.9810E-01  5.6756E+40  6.1328E+27  5.6756E+40  1.9894E+33
  4.2170E-01  7.1013E+40  7.9008E+28  7.1013E+40  9.0994E+33
  4.4670E-01  8.9336E+40  8.8995E+29  8.9336E+40  3.9188E+34
  4.7320E-01  1.1202E+41  9.0869E+30  1.1202E+41  1.6241E+35
  5.0120E-01  1.3937E+41  8.2978E+31  1.3937E+41  6.3739E+35
  5.3090E-01  1.7402E+41  7.2454E+32  1.7401E+41  2.5199E+36
  5.6230E-01  2.1472E+41  5.3213E+33  2.1471E+41  8.8358E+36
  5.9570E-01  2.6299E+41  3.4674E+34  2.6296E+41  2.8795E+37
  6.3100E-01  3.2204E+41  2.0897E+35  3.2195E+41  9.1075E+37
  6.6830E-01  3.9361E+41  1.1642E+36  3.9333E+41  2.7894E+38
  7.0790E-01  4.8191E+41  5.9319E+36  4.8109E+41  8.1498E+38
  7.4990E-01  5.8583E+41  2.6774E+37  5.8361E+41  2.1967E+39
  7.9430E-01  7.1256E+41  1.1117E+38  7.0678E+41  5.6661E+39
  8.4140E-01  8.7020E+41  4.2975E+38  8.5567E+41  1.4094E+40
  8.9130E-01  1.0812E+42  1.6055E+39  1.0446E+42  3.4975E+40
  9.4410E-01  1.3598E+42  5.5344E+39  1.2716E+42  8.2639E+40
  1.0000E+00  1.7272E+42  1.7132E+40  1.5295E+42  1.8057E+41
  1.0590E+00  2.2418E+42  4.8192E+40  1.8251E+42  3.6858E+41
  1.1220E+00  3.0033E+42  1.2593E+41  2.1642E+42  7.1309E+41
  1.1890E+00  4.1761E+42  3.0873E+41  2.5484E+42  1.3189E+42
  1.2590E+00  6.0613E+42  7.1741E+41  2.9795E+42  2.3643E+42
  1.3340E+00  8.9965E+42  1.5513E+42  3.4378E+42  4.0074E+42
  1.4130E+00  1.3321E+43  3.0720E+42  3.8950E+42  6.3543E+42
  1.4960E+00  1.9541E+43  5.6592E+42  4.3348E+42  9.5471E+42
  1.5850E+00  2.8344E+43  9.8710E+42  4.7412E+42  1.3731E+43
  1.6790E+00  4.0545E+43  1.6382E+43  5.0883E+42  1.9075E+43
  1.7780E+00  5.6891E+43  2.5911E+43  5.3391E+42  2.5641E+43
  1.8840E+00  7.7912E+43  3.9163E+43  5.4643E+42  3.3285E+43
  1.9950E+00  1.0367E+44  5.6445E+43  5.4420E+42  4.1788E+43
  2.1130E+00  1.3369E+44  7.7732E+43  5.2720E+42  5.0685E+43
  2.2390E+00  1.6684E+44  1.0240E+44  4.9691E+42  5.9470E+43
  2.3710E+00  2.0152E+44  1.2924E+44  4.5612E+42  6.7724E+43
  2.5120E+00  2.3602E+44  1.5701E+44  4.0902E+42  7.4922E+43
  2.6610E+00  2.6862E+44  1.8416E+44  3.5898E+42  8.0875E+43
  2.8180E+00  2.9786E+44  2.0927E+44  3.0894E+42  8.5499E+43
  2.9850E+00  3.2272E+44  2.3141E+44  2.6134E+42  8.8689E+43
  3.1620E+00  3.4248E+44  2.4973E+44  2.1765E+42  9.0574E+43
  3.3500E+00  3.5691E+44  2.6404E+44  1.7878E+42  9.1083E+43
  3.5480E+00  3.6600E+44  2.7387E+44  1.4500E+42  9.0686E+43
  3.7580E+00  3.7007E+44  2.7955E+44  1.1622E+42  8.9357E+43
  3.9810E+00  3.6947E+44  2.8129E+44  9.2130E+41  8.7262E+43
  4.2170E+00  3.6479E+44  2.7948E+44  7.2306E+41  8.4590E+43
  4.4670E+00  3.5666E+44  2.7462E+44  5.6214E+41  8.1476E+43
  4.7320E+00  3.4568E+44  2.6725E+44  4.3286E+41  7.7995E+43
  5.0120E+00  3.3269E+44  2.5792E+44  3.3063E+41  7.4441E+43
  5.3090E+00  3.1566E+44  2.4699E+44  2.4867E+41  6.8420E+43
  5.6230E+00  2.9732E+44  2.3501E+44  1.8516E+41  6.2126E+43
  5.9570E+00  2.7834E+44  2.2247E+44  1.3661E+41  5.5727E+43
  6.3100E+00  2.5849E+44  2.0884E+44  9.9682E+40  4.9556E+43
  6.6830E+00  2.4059E+44  1.9686E+44  7.2529E+40  4.3657E+43
  7.0790E+00  2.2247E+44  1.8425E+44  5.2046E+40  3.8171E+43
  7.4990E+00  2.0474E+44  1.7226E+44  3.6415E+40  3.2441E+43
  7.9430E+00  1.8534E+44  1.6066E+44  2.4383E+40  2.4655E+43
  8.4140E+00  1.5929E+44  1.4302E+44  1.6554E+40  1.6249E+43
  8.9130E+00  1.3292E+44  1.2232E+44  1.2133E+40  1.0590E+43
  9.4410E+00  1.0990E+44  1.0296E+44  1.0013E+40  6.9285E+42
  1.0000E+01  1.0842E+44  1.0190E+44  8.3333E+39  6.5192E+42
  1.0590E+01  1.0875E+44  1.0230E+44  6.8358E+39  6.4441E+42
  1.1220E+01  1.0857E+44  1.0211E+44  5.2499E+39  6.4580E+42
  1.1890E+01  1.0432E+44  9.8184E+43  3.9326E+39  6.1299E+42
  1.2590E+01  9.8981E+43  9.3304E+43  2.8670E+39  5.6738E+42
  1.3340E+01  9.2446E+43  8.7367E+43  2.0292E+39  5.0769E+42
  1.4130E+01  8.6147E+43  8.1786E+43  1.3962E+39  4.3599E+42
  1.4960E+01  8.1825E+43  7.8315E+43  9.8643E+38  3.5092E+42
  1.5850E+01  7.8517E+43  7.5758E+43  7.3032E+38  2.7588E+42
  1.6790E+01  7.5716E+43  7.3561E+43  5.6501E+38  2.1545E+42
  1.7780E+01  7.2976E+43  7.1270E+43  4.5261E+38  1.7056E+42
  1.8840E+01  6.9917E+43  6.8527E+43  3.6491E+38  1.3893E+42
  1.9950E+01  6.6295E+43  6.5124E+43  2.8589E+38  1.1703E+42
  2.1130E+01  6.2298E+43  6.1311E+43  2.1598E+38  9.8731E+41
  2.2390E+01  5.8133E+43  5.7309E+43  1.6144E+38  8.2464E+41
  2.3710E+01  5.3888E+43  5.3201E+43  1.1939E+38  6.8629E+41
  2.5120E+01  4.9459E+43  4.8891E+43  8.7613E+37  5.6721E+41
  2.6610E+01  4.4918E+43  4.4451E+43  6.3493E+37  4.6742E+41
  2.8180E+01  4.0340E+43  3.9956E+43  4.5624E+37  3.8431E+41
  2.9850E+01  3.5739E+43  3.5424E+43  3.2414E+37  3.1488E+41
  3.1620E+01  3.1203E+43  3.0946E+43  2.2705E+37  2.5747E+41
  3.3500E+01  2.6825E+43  2.6615E+43  1.5676E+37  2.1007E+41
  3.5480E+01  2.2727E+43  2.2556E+43  1.0677E+37  1.7133E+41
  3.7580E+01  1.8958E+43  1.8819E+43  7.1636E+36  1.3955E+41
  3.9810E+01  1.5556E+43  1.5442E+43  4.7344E+36  1.1354E+41
  4.2170E+01  1.2581E+43  1.2489E+43  3.0835E+36  9.2299E+40
  4.4670E+01  1.0040E+43  9.9650E+42  1.9785E+36  7.4951E+40
  4.7320E+01  7.9161E+42  7.8553E+42  1.2528E+36  6.0776E+40
  5.0120E+01  6.1758E+42  6.1266E+42  7.8392E+35  4.9245E+40
  5.3090E+01  4.7688E+42  4.7290E+42  4.8502E+35  3.9836E+40
  5.6230E+01  3.6518E+42  3.6196E+42  2.9722E+35  3.2195E+40
  5.9570E+01  2.7721E+42  2.7461E+42  1.8035E+35  2.5962E+40
  6.3100E+01  2.0910E+42  2.0700E+42  1.0864E+35  2.0922E+40
  6.6830E+01  1.5685E+42  1.5516E+42  6.5032E+34  1.6848E+40
  7.0790E+01  1.1703E+42  1.1567E+42  3.8688E+34  1.3546E+40
  7.4990E+01  8.6892E+41  8.5804E+41  2.2892E+34  1.0878E+40
  7.9430E+01  6.4292E+41  6.3419E+41  1.3492E+34  8.7302E+39
  8.4140E+01  4.7403E+41  4.6703E+41  7.9193E+33  6.9987E+39
  8.9130E+01  3.4871E+41  3.4310E+41  4.6364E+33  5.6057E+39
  9.4410E+01  2.5598E+41  2.5149E+41  2.7080E+33  4.4881E+39
  1.0000E+02  1.8753E+41  1.8394E+41  1.5781E+33  3.5914E+39
  1.0590E+02  1.3732E+41  1.3444E+41  9.1924E+32  2.8743E+39
  1.1220E+02  1.0041E+41  9.8114E+40  5.3443E+32  2.2951E+39
  1.1890E+02  7.3508E+40  7.1678E+40  3.1107E+32  1.8301E+39
  1.2590E+02  5.4169E+40  5.2706E+40  1.8228E+32  1.4631E+39
  1.3340E+02  4.0041E+40  3.8875E+40  1.0729E+32  1.1662E+39
  1.4130E+02  2.9397E+40  2.8466E+40  6.2951E+31  9.3053E+38
  1.4960E+02  2.1168E+40  2.0425E+40  3.6201E+31  7.4370E+38
  1.5850E+02  1.5140E+40  1.4547E+40  2.0625E+31  5.9254E+38
  1.7780E+02  7.8325E+39  7.4557E+39  6.7638E+30  3.7680E+38
  1.9950E+02  4.0733E+39  3.8342E+39  2.2324E+30  2.3913E+38
  2.2390E+02  2.1216E+39  1.9701E+39  7.3940E+29  1.5150E+38
  2.5120E+02  1.1081E+39  1.0120E+39  2.4604E+29  9.6046E+37
  2.8180E+02  5.7993E+38  5.1905E+38  8.2233E+28  6.0878E+37
  3.1620E+02  3.0407E+38  2.6554E+38  2.7600E+28  3.8534E+37
  3.5480E+02  1.6002E+38  1.3564E+38  9.3188E+27  2.4379E+37
  3.9810E+02  8.4601E+37  6.9180E+37  3.1703E+27  1.5421E+37
  4.4670E+02  4.4981E+37  3.5231E+37  1.0876E+27  9.7497E+36
  5.0120E+02  2.4088E+37  1.7923E+37  3.7675E+26  6.1641E+36
  5.6230E+02  1.3009E+37  9.1117E+36  1.3189E+26  3.8977E+36
  6.3100E+02  7.0844E+36  4.6228E+36  4.6656E+25  2.4616E+36
  7.0790E+02  3.9017E+36  2.3456E+36  1.6713E+25  1.5561E+36
  7.9430E+02  2.1711E+36  1.1882E+36  6.0520E+24  9.8291E+35
  8.9130E+02  1.2218E+36  6.0118E+35  2.2160E+24  6.2060E+35
  1.0000E+03  6.9614E+35  3.0409E+35  8.2090E+23  3.9205E+35
