  1.0000E-03  4.0647E+43  0.0000E+00  1.2082E+42  3.9439E+43
  1.1220E-03  2.1724E+43  0.0000E+00  1.5302E+42  2.0194E+43
  1.2590E-03  1.1690E+43  0.0000E+00  1.8500E+42  9.8403E+42
  1.4130E-03  6.7735E+42  0.0000E+00  2.1502E+42  4.6233E+42
  1.5850E-03  4.9076E+42  0.0000E+00  2.4336E+42  2.4739E+42
  1.7780E-03  5.2046E+42  0.0000E+00  3.0546E+42  2.1500E+42
  1.9950E-03  4.2388E+42  0.0000E+00  3.6736E+42  5.6528E+41
  2.2390E-03  4.1571E+42  0.0000E+00  3.9481E+42  2.0894E+41
  2.5120E-03  5.4150E+42  0.0000E+00  5.2714E+42  1.4363E+41
  2.8180E-03  6.2795E+42  0.0000E+00  6.2591E+42  2.0393E+40
  3.1620E-03  7.0385E+42  0.0000E+00  7.0350E+42  3.5802E+39
  3.5480E-03  7.6897E+42  0.0000E+00  7.6890E+42  7.0048E+38
  3.9810E-03  8.2252E+42  0.0000E+00  8.2250E+42  1.6094E+38
  4.4670E-03  1.3027E+43  0.0000E+00  1.2929E+43  9.8603E+40
  5.0120E-03  1.5696E+43  0.0000E+00  1.5684E+43  1.1906E+40
  5.6230E-03  1.8256E+43  0.0000E+00  1.8254E+43  1.4651E+39
  5.9570E-03  1.9445E+43  0.0000E+00  1.9445E+43  5.3946E+38
  6.6830E-03  2.1637E+43  0.0000E+00  2.1636E+43  9.1482E+37
  7.4990E-03  2.3825E+43  0.0000E+00  2.3825E+43  2.2921E+37
  8.4140E-03  2.6057E+43  0.0000E+00  2.6057E+43  4.3492E+36
  9.4410E-03  2.7957E+43  0.0000E+00  2.7957E+43  1.1661E+36
  1.0590E-02  2.8795E+43  0.0000E+00  2.8795E+43  6.6883E+35
  1.1890E-02  3.2546E+43  0.0000E+00  3.2546E+43  1.4949E+35
  1.3340E-02  3.4589E+43  0.0000E+00  3.4589E+43  4.9701E+34
  1.4960E-02  3.7280E+43  0.0000E+00  3.7280E+43  1.2004E+34
  1.6790E-02  3.9608E+43  0.0000E+00  3.9608E+43  3.3266E+33
  1.8840E-02  4.1602E+43  0.0000E+00  4.1602E+43  1.0995E+33
  2.1130E-02  4.4590E+43  0.0000E+00  4.4590E+43  3.1145E+32
  2.3710E-02  4.7304E+43  0.0000E+00  4.7304E+43  8.3494E+31
  2.6610E-02  4.9851E+43  0.0000E+00  4.9851E+43  1.9672E+31
  2.9850E-02  5.2130E+43  0.0000E+00  5.2130E+43  4.7445E+30
  3.3500E-02  5.4164E+43  1.4334E-81  5.4164E+43  1.1158E+30
  3.7580E-02  5.8833E+43  1.3253E-68  5.8833E+43  8.2538E+29
  4.2170E-02  6.7202E+43  1.8399E-57  6.7202E+43  1.9045E+29
  4.7320E-02  6.5375E+43  3.4375E-48  6.5375E+43  5.2077E+27
  5.3090E-02  5.7074E+43  2.6649E-40  5.7074E+43  6.3887E+25
  6.6830E-02  2.8439E+43  4.6491E-30  2.8439E+43  1.4663E+18
  7.4990E-02  1.5884E+43  7.4498E-27  1.5884E+43  1.9664E+13
  8.4140E-02  1.7800E+43  2.6533E-20  1.7800E+43  3.0841E+14
  9.4410E-02  1.9815E+43  1.2326E-14  1.9815E+43  2.0686E+15
  1.0590E-01  2.8495E+43  7.9122E-08  2.8495E+43  4.6749E+18
  1.1890E-01  3.6792E+43  2.5599E-01  3.6792E+43  2.8036E+22
  1.3340E-01  4.2315E+43  4.0281E+04  4.2315E+43  1.4644E+25
  1.4960E-01  4.1927E+43  8.4957E+08  4.1927E+43  7.7625E+26
  1.5850E-01  3.9732E+43  4.4026E+10  3.9732E+43  1.5216E+27
  1.7780E-01  3.1853E+43  1.0551E+13  3.1853E+43  3.6963E+26
  1.9950E-01  1.7627E+43  2.0921E+13  1.7627E+43  1.8785E+23
  2.2390E-01  1.1172E+43  1.4416E+14  1.1172E+43  1.7852E+21
  2.3710E-01  1.3533E+43  4.2891E+16  1.3533E+43  4.1281E+23
  2.5120E-01  1.5822E+43  1.3076E+19  1.5822E+43  1.2075E+26
  2.6610E-01  1.6612E+43  1.0827E+21  1.6612E+43  5.5263E+27
  2.8180E-01  1.6410E+43  3.9778E+22  1.6410E+43  8.5850E+28
  2.9850E-01  1.5832E+43  8.9052E+23  1.5832E+43  7.3643E+29
  3.1620E-01  1.5179E+43  1.5422E+25  1.5179E+43  5.0212E+30
  3.3500E-01  1.4447E+43  2.1938E+26  1.4447E+43  2.9013E+31
  3.5480E-01  1.3634E+43  2.5164E+27  1.3634E+43  1.3854E+32
  3.7580E-01  1.2774E+43  2.6484E+28  1.2774E+43  6.4444E+32
  3.9810E-01  1.1954E+43  2.3278E+29  1.1954E+43  2.5982E+33
  4.2170E-01  1.1132E+43  2.0610E+30  1.1132E+43  1.1699E+34
  4.4670E-01  1.0373E+43  1.6319E+31  1.0373E+43  4.9634E+34
  4.7320E-01  9.6190E+42  1.1923E+32  9.6190E+42  2.0271E+35
  5.0120E-01  8.8704E+42  7.9569E+32  8.8704E+42  7.8432E+35
  5.3090E-01  8.1238E+42  5.1133E+33  8.1238E+42  3.0564E+36
  5.6230E-01  7.4317E+42  2.8631E+34  7.4317E+42  1.0577E+37
  5.9570E-01  6.7759E+42  1.4569E+35  6.7759E+42  3.4044E+37
  6.3100E-01  6.1512E+42  6.9530E+35  6.1511E+42  1.0638E+38
  6.6830E-01  5.5538E+42  3.1119E+36  5.5535E+42  3.2198E+38
  7.0790E-01  5.0039E+42  1.2954E+37  5.0030E+42  9.3019E+38
  7.4990E-01  4.5016E+42  4.8873E+37  4.4991E+42  2.4814E+39
  7.9430E-01  4.0383E+42  1.7208E+38  4.0318E+42  6.3379E+39
  8.4140E-01  3.6131E+42  5.7122E+38  3.5970E+42  1.5617E+40
  8.9130E-01  3.2283E+42  1.8417E+39  3.1881E+42  3.8395E+40
  9.4410E-01  2.9075E+42  5.5544E+39  2.8120E+42  8.9922E+40
  1.0000E+00  2.6814E+42  1.5315E+40  2.4711E+42  1.9490E+41
  1.0590E+00  2.6009E+42  3.8928E+40  2.1671E+42  3.9493E+41
  1.1220E+00  2.7438E+42  9.2907E+40  1.8920E+42  7.5894E+41
  1.1890E+00  3.2458E+42  2.0971E+41  1.6411E+42  1.3949E+42
  1.2590E+00  4.3469E+42  4.5038E+41  1.4106E+42  2.4860E+42
  1.3340E+00  6.3043E+42  9.0831E+41  1.2049E+42  4.1910E+42
  1.4130E+00  9.3359E+42  1.6948E+42  1.0274E+42  6.6138E+42
  1.4960E+00  1.3731E+43  2.9634E+42  8.7284E+41  9.8947E+42
  1.5850E+00  1.9847E+43  4.9346E+42  7.3629E+41  1.4176E+43
  1.6790E+00  2.8082E+43  7.8439E+42  6.1533E+41  1.9623E+43
  1.7780E+00  3.8718E+43  1.1916E+43  5.0822E+41  2.6293E+43
  1.8840E+00  5.1814E+43  1.7368E+43  4.1429E+41  3.4031E+43
  1.9950E+00  6.7167E+43  2.4221E+43  3.3339E+41  4.2612E+43
  2.1130E+00  8.4243E+43  3.2413E+43  2.6492E+41  5.1565E+43
  2.2390E+00  1.0226E+44  4.1676E+43  2.0803E+41  6.0378E+43
  2.3710E+00  1.2032E+44  5.1526E+43  1.6169E+41  6.8633E+43
  2.5120E+00  1.3751E+44  6.1573E+43  1.2461E+41  7.5810E+43
  2.6610E+00  1.5309E+44  7.1268E+43  9.5347E+40  8.1723E+43
  2.8180E+00  1.6649E+44  8.0119E+43  7.2460E+40  8.6294E+43
  2.9850E+00  1.7733E+44  8.7852E+43  5.4757E+40  8.9422E+43
  3.1620E+00  1.8547E+44  9.4189E+43  4.1161E+40  9.1242E+43
  3.3500E+00  1.9089E+44  9.9173E+43  3.0848E+40  9.1684E+43
  3.5480E+00  1.9373E+44  1.0249E+44  2.3008E+40  9.1223E+43
  3.7580E+00  1.9423E+44  1.0438E+44  1.7100E+40  8.9833E+43
  3.9810E+00  1.9263E+44  1.0494E+44  1.2669E+40  8.7682E+43
  4.2170E+00  1.8925E+44  1.0428E+44  9.3595E+39  8.4958E+43
  4.4670E+00  1.8441E+44  1.0260E+44  6.8951E+39  8.1797E+43
  4.7320E+00  1.7847E+44  1.0019E+44  5.0672E+39  7.8275E+43
  5.0120E+00  1.7193E+44  9.7241E+43  3.7218E+39  7.4684E+43
  5.3090E+00  1.6252E+44  9.3889E+43  2.6910E+39  6.8625E+43
  5.6230E+00  1.5266E+44  9.0362E+43  1.9375E+39  6.2299E+43
  5.9570E+00  1.4274E+44  8.6869E+43  1.3907E+39  5.5872E+43
  6.3100E+00  1.3251E+44  8.2832E+43  9.9029E+38  4.9677E+43
  6.6830E+00  1.2345E+44  7.9692E+43  7.0658E+38  4.3758E+43
  7.0790E+00  1.1437E+44  7.6112E+43  4.9823E+38  3.8254E+43
  7.4990E+00  1.0792E+44  7.5406E+43  3.5995E+38  3.2516E+43
  7.9430E+00  1.1072E+44  8.5975E+43  3.0866E+38  2.4746E+43
  8.4140E+00  1.1751E+44  1.0115E+44  3.2034E+38  1.6358E+43
  8.9130E+00  1.1867E+44  1.0798E+44  3.3090E+38  1.0694E+43
  9.4410E+00  1.1716E+44  1.1014E+44  3.5984E+38  7.0178E+42
  1.0000E+01  1.0995E+44  1.0336E+44  2.6835E+38  6.5942E+42
  1.0590E+01  1.0099E+44  9.4483E+43  1.8442E+38  6.5055E+42
  1.1220E+01  9.0408E+43  8.3903E+43  1.1304E+38  6.5053E+42
  1.1890E+01  8.0077E+43  7.3912E+43  7.0305E+37  6.1650E+42
  1.2590E+01  7.0757E+43  6.5058E+43  4.3058E+37  5.6988E+42
  1.3340E+01  6.2683E+43  5.7589E+43  2.6397E+37  5.0943E+42
  1.4130E+01  5.7172E+43  5.2799E+43  1.6779E+37  4.3727E+42
  1.4960E+01  5.6041E+43  5.2521E+43  1.2377E+37  3.5204E+42
  1.5850E+01  5.6164E+43  5.3395E+43  9.8521E+36  2.7690E+42
  1.6790E+01  5.6563E+43  5.4399E+43  8.2025E+36  2.1636E+42
  1.7780E+01  5.6204E+43  5.4490E+43  6.8650E+36  1.7135E+42
  1.8840E+01  5.4276E+43  5.2880E+43  5.4888E+36  1.3957E+42
  1.9950E+01  5.0801E+43  4.9626E+43  4.0565E+36  1.1752E+42
  2.1130E+01  4.7060E+43  4.6069E+43  2.8722E+36  9.9100E+41
  2.2390E+01  4.3526E+43  4.2699E+43  2.0343E+36  8.2742E+41
  2.3710E+01  4.0137E+43  3.9449E+43  1.4369E+36  6.8838E+41
  2.5120E+01  3.6755E+43  3.6187E+43  1.0146E+36  5.6879E+41
  2.6610E+01  3.3354E+43  3.2886E+43  7.1070E+35  4.6861E+41
  2.8180E+01  2.9969E+43  2.9584E+43  4.9596E+35  3.8521E+41
  2.9850E+01  2.6581E+43  2.6266E+43  3.4341E+35  3.1555E+41
  3.1620E+01  2.3236E+43  2.2978E+43  2.3491E+35  2.5798E+41
  3.3500E+01  1.9997E+43  1.9787E+43  1.5866E+35  2.1045E+41
  3.5480E+01  1.6955E+43  1.6784E+43  1.0588E+35  1.7161E+41
  3.7580E+01  1.4146E+43  1.4006E+43  6.9640E+34  1.3976E+41
  3.9810E+01  1.1601E+43  1.1487E+43  4.5098E+34  1.1369E+41
  4.2170E+01  9.3735E+42  9.2811E+42  2.8789E+34  9.2415E+40
  4.4670E+01  7.4704E+42  7.3954E+42  1.8116E+34  7.5036E+40
  4.7320E+01  5.8818E+42  5.8209E+42  1.1260E+34  6.0838E+40
  5.0120E+01  4.5825E+42  4.5332E+42  6.9254E+33  4.9290E+40
  5.3090E+01  3.5345E+42  3.4946E+42  4.2172E+33  3.9868E+40
  5.6230E+01  2.7041E+42  2.6719E+42  2.5473E+33  3.2218E+40
  5.9570E+01  2.0514E+42  2.0254E+42  1.5258E+33  2.5979E+40
  6.3100E+01  1.5468E+42  1.5259E+42  9.0871E+32  2.0934E+40
  6.6830E+01  1.1602E+42  1.1433E+42  5.3851E+32  1.6857E+40
  7.0790E+01  8.6581E+41  8.5226E+41  3.1762E+32  1.3552E+40
  7.4990E+01  6.4314E+41  6.3226E+41  1.8656E+32  1.0882E+40
  7.9430E+01  4.7617E+41  4.6743E+41  1.0928E+32  8.7333E+39
  8.4140E+01  3.5137E+41  3.4437E+41  6.3821E+31  7.0008E+39
  8.9130E+01  2.5873E+41  2.5312E+41  3.7214E+31  5.6072E+39
  9.4410E+01  1.9014E+41  1.8565E+41  2.1667E+31  4.4892E+39
  1.0000E+02  1.3946E+41  1.3587E+41  1.2597E+31  3.5922E+39
  1.0590E+02  1.0224E+41  9.9369E+40  7.3259E+30  2.8749E+39
  1.1220E+02  7.4858E+40  7.2563E+40  4.2548E+30  2.2955E+39
  1.1890E+02  5.4863E+40  5.3033E+40  2.4750E+30  1.8304E+39
  1.2590E+02  4.0458E+40  3.8994E+40  1.4495E+30  1.4633E+39
  1.3340E+02  2.9909E+40  2.8743E+40  8.5244E+29  1.1664E+39
  1.4130E+02  2.1980E+40  2.1049E+40  5.0046E+29  9.3063E+38
  1.4960E+02  1.5879E+40  1.5136E+40  2.8890E+29  7.4377E+38
  1.5850E+02  1.1396E+40  1.0804E+40  1.6536E+29  5.9259E+38
  1.7780E+02  5.9291E+39  5.5523E+39  5.4743E+28  3.7683E+38
  1.9950E+02  3.0995E+39  2.8604E+39  1.8264E+28  2.3914E+38
  2.2390E+02  1.6234E+39  1.4719E+39  6.1284E+27  1.5151E+38
  2.5120E+02  8.5308E+38  7.5703E+38  2.0711E+27  9.6049E+37
  2.8180E+02  4.4959E+38  3.8871E+38  7.0487E+26  6.0879E+37
  3.1620E+02  2.3759E+38  1.9906E+38  2.4154E+26  3.8535E+37
  3.5480E+02  1.2615E+38  1.0177E+38  8.3476E+25  2.4380E+37
  3.9810E+02  6.7370E+37  5.1949E+37  2.9137E+25  1.5421E+37
  4.4670E+02  3.6224E+37  2.6474E+37  1.0276E+25  9.7498E+36
  5.0120E+02  1.9641E+37  1.3476E+37  3.6647E+24  6.1642E+36
  5.6230E+02  1.0752E+37  6.8544E+36  1.3220E+24  3.8977E+36
  6.3100E+02  5.9407E+36  3.4791E+36  4.8190E+23  2.4616E+36
  7.0790E+02  3.3220E+36  1.7659E+36  1.7779E+23  1.5561E+36
  7.9430E+02  1.8777E+36  8.9480E+35  6.6227E+22  9.8291E+35
  8.9130E+02  1.0735E+36  4.5285E+35  2.4900E+22  6.2060E+35
  1.0000E+03  6.2116E+35  2.2911E+35  9.4509E+21  3.9205E+35
