  1.0000E-03  4.9873E+42  0.0000E+00  3.6810E+42  1.3063E+42
  1.1220E-03  2.7509E+42  0.0000E+00  2.4683E+42  2.8259E+41
  1.2590E-03  1.5909E+42  0.0000E+00  1.5358E+42  5.5116E+40
  1.4130E-03  9.1198E+41  0.0000E+00  9.0202E+41  9.9620E+39
  1.5850E-03  5.8218E+41  0.0000E+00  5.7981E+41  2.3703E+39
  1.7780E-03  6.5941E+41  0.0000E+00  6.5785E+41  1.5646E+39
  1.9950E-03  2.9742E+41  0.0000E+00  2.9734E+41  8.3757E+37
  2.2390E-03  1.4747E+41  0.0000E+00  1.4746E+41  9.1796E+36
  2.5120E-03  1.8117E+41  0.0000E+00  1.8116E+41  3.7104E+36
  2.8180E-03  7.0520E+40  0.0000E+00  7.0520E+40  5.4526E+34
  3.1620E-03  3.0515E+40  0.0000E+00  3.0515E+40  1.2509E+33
  3.5480E-03  1.3954E+40  0.0000E+00  1.3954E+40  3.6021E+31
  3.9810E-03  6.7990E+39  0.0000E+00  6.7990E+39  1.4526E+30
  4.4670E-03  3.1747E+41  0.0000E+00  3.1747E+41  8.5809E+35
  5.0120E-03  1.3966E+41  0.0000E+00  1.3966E+41  9.0244E+33
  5.6230E-03  6.4513E+40  0.0000E+00  6.4513E+40  9.8835E+31
  5.9570E-03  4.4824E+40  0.0000E+00  4.4824E+40  1.1446E+31
  6.6830E-03  2.3430E+40  0.0000E+00  2.3430E+40  2.4555E+29
  7.4990E-03  1.4490E+40  0.0000E+00  1.4490E+40  1.1951E+28
  8.4140E-03  7.9532E+39  0.0000E+00  7.9532E+39  3.2403E+26
  9.4410E-03  4.7828E+39  0.0000E+00  4.7828E+39  1.8155E+25
  1.0590E-02  3.4083E+39  0.0000E+00  3.4083E+39  5.0284E+24
  1.1890E-02  2.3162E+39  0.0000E+00  2.3162E+39  1.9195E+23
  1.3340E-02  1.5072E+39  0.0000E+00  1.5072E+39  1.6894E+22
  1.4960E-02  9.2631E+38  0.0000E+00  9.2631E+38  7.6012E+20
  1.6790E-02  5.7532E+38  0.0000E+00  5.7532E+38  4.5617E+19
  1.8840E-02  3.6958E+38  0.0000E+00  3.6958E+38  3.9661E+18
  2.1130E-02  2.4324E+38  0.0000E+00  2.4324E+38  2.4945E+17
  2.3710E-02  1.5310E+38  0.0000E+00  1.5310E+38  1.3972E+16
  2.6610E-02  9.1398E+37  0.0000E+00  9.1398E+37  5.9680E+14
  2.9850E-02  5.4403E+37  0.0000E+00  5.4403E+37  2.6806E+13
  3.3500E-02  3.1778E+37  0.0000E+00  3.1778E+37  1.1419E+12
  3.7580E-02  2.8334E+37  6.4158E-87  2.8334E+37  5.3475E+11
  4.2170E-02  2.3046E+37  1.3563E-76  2.3046E+37  2.1892E+10
  4.7320E-02  6.8510E+36  3.0021E-69  6.8510E+36  1.0348E+07
  5.3090E-02  1.4841E+36  1.1400E-63  1.4841E+36  9.9059E+02
  6.6830E-02  4.0246E+33  1.2753E-62  4.0246E+33  1.0517E-13
  7.4990E-02  8.1471E+31  2.5266E-65  8.1471E+31  6.8644E-24
  8.4140E-02  1.8843E+32  2.5143E-57  1.8843E+32  2.2177E-21
  9.4410E-02  3.7120E+32  1.1476E-50  3.7120E+32  1.2103E-19
  1.0590E-01  5.7974E+33  8.8041E-40  5.7974E+33  1.3812E-12
  1.1890E-01  1.0166E+35  1.3595E-28  1.0166E+35  1.3273E-04
  1.3340E-01  8.3373E+35  5.5326E-20  8.3373E+35  7.7211E+01
  1.4960E-01  2.6403E+36  1.6481E-13  2.6403E+36  3.7325E+05
  1.5850E-01  3.1849E+36  2.0725E-11  3.1849E+36  1.6771E+06
  1.7780E-01  2.0842E+36  1.0624E-09  2.0842E+36  1.0697E+05
  1.9950E-01  1.2010E+35  2.5300E-13  1.2010E+35  1.7102E-02
  2.2390E-01  2.1056E+34  6.7578E-15  2.1056E+34  1.2496E-06
  2.3710E-01  1.6036E+35  1.6918E-09  1.6036E+35  1.2209E-01
  2.5120E-01  1.1915E+36  5.7525E-04  1.1915E+36  1.9520E+04
  2.6610E-01  4.2838E+36  5.4120E+00  4.2838E+36  6.4318E+07
  2.8180E-01  1.0119E+37  5.9992E+03  1.0119E+37  2.2093E+10
  2.9850E-01  1.9555E+37  1.9598E+06  1.9555E+37  2.1903E+12
  3.1620E-01  3.5606E+37  3.7241E+08  3.5606E+37  1.3431E+14
  3.3500E-01  6.1601E+37  4.7259E+10  6.1601E+37  5.8262E+15
  3.5480E-01  9.9580E+37  3.8187E+12  9.9580E+37  1.6947E+17
  3.7580E-01  1.5919E+38  2.7276E+14  1.5919E+38  4.6713E+18
  3.9810E-01  2.4516E+38  1.3652E+16  2.4516E+38  9.5395E+19
  4.2170E-01  3.9186E+38  7.7995E+17  3.9186E+38  2.4576E+21
  4.4670E-01  6.2343E+38  3.6891E+19  6.2343E+38  5.5869E+22
  4.7320E-01  9.7960E+38  1.5292E+21  9.7960E+38  1.1729E+24
  5.0120E-01  1.5087E+39  5.3978E+22  1.5087E+39  2.1985E+25
  5.3090E-01  2.3272E+39  1.8380E+24  2.3272E+39  4.1850E+26
  5.6230E-01  3.4816E+39  4.7164E+25  3.4816E+39  6.2089E+27
  5.9570E-01  5.1119E+39  1.0052E+27  5.1119E+39  7.9154E+28
  6.3100E-01  7.4682E+39  1.9296E+28  7.4682E+39  9.4814E+29
  6.6830E-01  1.0849E+40  3.3286E+29  1.0849E+40  1.0621E+31
  7.0790E-01  1.5740E+40  5.0345E+30  1.5740E+40  1.0792E+32
  7.4990E-01  2.2500E+40  6.2662E+31  2.2500E+40  9.2749E+32
  7.9430E-01  3.2102E+40  6.8935E+32  3.2102E+40  7.2745E+33
  8.4140E-01  4.5969E+40  6.8351E+33  4.5969E+40  5.2914E+34
  8.9130E-01  6.7207E+40  6.5419E+34  6.7207E+40  3.8303E+35
  9.4410E-01  9.8627E+40  5.5249E+35  9.8624E+40  2.5039E+36
  1.0000E+00  1.4294E+41  3.8985E+36  1.4292E+41  1.3914E+37
  1.0590E+00  2.0539E+41  2.3459E+37  2.0530E+41  6.7112E+37
  1.1220E+00  2.9329E+41  1.2480E+38  2.9288E+41  2.8981E+38
  1.1890E+00  4.1595E+41  5.9711E+38  4.1421E+41  1.1403E+39
  1.2590E+00  5.8794E+41  2.6237E+39  5.8111E+41  4.1992E+39
  1.3340E+00  8.2108E+41  1.0181E+40  7.9712E+41  1.3780E+40
  1.4130E+00  1.1306E+42  3.3947E+40  1.0573E+42  3.9355E+40
  1.4960E+00  1.5586E+42  9.9924E+40  1.3583E+42  1.0043E+41
  1.5850E+00  2.1956E+42  2.6729E+41  1.6940E+42  2.3438E+41
  1.6790E+00  3.2159E+42  6.5721E+41  2.0500E+42  5.0872E+41
  1.7780E+00  4.9191E+42  1.4901E+42  2.3981E+42  1.0309E+42
  1.8840E+00  7.7716E+42  3.1227E+42  2.7040E+42  1.9449E+42
  1.9950E+00  1.2385E+43  6.0342E+42  2.9313E+42  3.4198E+42
  2.1130E+00  1.9436E+43  1.0780E+43  3.0556E+42  5.6003E+42
  2.2390E+00  2.9488E+43  1.7856E+43  3.0659E+42  8.5666E+42
  2.3710E+00  4.2780E+43  2.7509E+43  2.9669E+42  1.2304E+43
  2.5120E+00  5.9157E+43  3.9721E+43  2.7816E+42  1.6655E+43
  2.6610E+00  7.8037E+43  5.4084E+43  2.5346E+42  2.1418E+43
  2.8180E+00  9.8542E+43  6.9924E+43  2.2518E+42  2.6366E+43
  2.9850E+00  1.1961E+44  8.6440E+43  1.9573E+42  3.1214E+43
  3.1620E+00  1.4024E+44  1.0279E+44  1.6689E+42  3.5781E+43
  3.3500E+00  1.5924E+44  1.1811E+44  1.3991E+42  3.9732E+43
  3.5480E+00  1.7621E+44  1.3186E+44  1.1556E+42  4.3194E+43
  3.7580E+00  1.9047E+44  1.4357E+44  9.4145E+41  4.5962E+43
  3.9810E+00  2.0171E+44  1.5294E+44  7.5764E+41  4.8016E+43
  4.2170E+00  2.0986E+44  1.5986E+44  6.0303E+41  4.9396E+43
  4.4670E+00  2.1504E+44  1.6442E+44  4.7518E+41  5.0146E+43
  4.7320E+00  2.1737E+44  1.6674E+44  3.7076E+41  5.0262E+43
  5.0120E+00  2.1728E+44  1.6705E+44  2.8697E+41  4.9935E+43
  5.3090E+00  2.1330E+44  1.6556E+44  2.1870E+41  4.7523E+43
  5.6230E+00  2.0721E+44  1.6258E+44  1.6509E+41  4.4458E+43
  5.9570E+00  1.9949E+44  1.5848E+44  1.2357E+41  4.0891E+43
  6.3100E+00  1.9027E+44  1.5298E+44  9.1520E+40  3.7195E+43
  6.6830E+00  1.8150E+44  1.4804E+44  6.7652E+40  3.3393E+43
  7.0790E+00  1.7188E+44  1.4212E+44  4.9352E+40  2.9707E+43
  7.4990E+00  1.5975E+44  1.3465E+44  3.5169E+40  2.5067E+43
  7.9430E+00  1.3548E+44  1.1861E+44  2.3900E+40  1.6854E+43
  8.4140E+00  9.6712E+43  8.8224E+43  1.5975E+40  8.4728E+42
  8.9130E+00  6.5479E+43  6.1287E+43  1.1270E+40  4.1812E+42
  9.4410E+00  4.3913E+43  4.1815E+43  8.8431E+39  2.0888E+42
  1.0000E+01  4.8036E+43  4.5801E+43  7.5537E+39  2.2280E+42
  1.0590E+01  5.5884E+43  5.3236E+43  6.4531E+39  2.6407E+42
  1.1220E+01  6.5864E+43  6.2622E+43  5.2087E+39  3.2367E+42
  1.1890E+01  7.1808E+43  6.8245E+43  4.0751E+39  3.5584E+42
  1.2590E+01  7.6075E+43  7.2359E+43  3.1050E+39  3.7133E+42
  1.3340E+01  7.7846E+43  7.4213E+43  2.2955E+39  3.6307E+42
  1.4130E+01  7.7125E+43  7.3860E+43  1.6390E+39  3.2642E+42
  1.4960E+01  7.3726E+43  7.1158E+43  1.1786E+39  2.5669E+42
  1.5850E+01  7.0422E+43  6.8490E+43  8.8501E+38  1.9317E+42
  1.6790E+01  6.7845E+43  6.6409E+43  6.9591E+38  1.4358E+42
  1.7780E+01  6.6654E+43  6.5555E+43  5.7199E+38  1.0987E+42
  1.8840E+01  6.7136E+43  6.6240E+43  4.8051E+38  8.9569E+41
  1.9950E+01  6.8616E+43  6.7833E+43  3.9746E+38  7.8236E+41
  2.1130E+01  6.9691E+43  6.9004E+43  3.1793E+38  6.8707E+41
  2.2390E+01  6.9919E+43  6.9326E+43  2.5127E+38  5.9297E+41
  2.3710E+01  6.9325E+43  6.8817E+43  1.9599E+38  5.0736E+41
  2.5120E+01  6.7773E+43  6.7344E+43  1.5139E+38  4.2929E+41
  2.6610E+01  6.5312E+43  6.4951E+43  1.1519E+38  3.6127E+41
  2.8180E+01  6.1982E+43  6.1679E+43  8.6655E+37  3.0257E+41
  2.9850E+01  5.7835E+43  5.7582E+43  6.4288E+37  2.5208E+41
  3.1620E+01  5.3023E+43  5.2814E+43  4.6905E+37  2.0941E+41
  3.3500E+01  4.7732E+43  4.7558E+43  3.3648E+37  1.7342E+41
  3.5480E+01  4.2222E+43  4.2078E+43  2.3748E+37  1.4343E+41
  3.7580E+01  3.6687E+43  3.6568E+43  1.6476E+37  1.1844E+41
  3.9810E+01  3.1296E+43  3.1198E+43  1.1238E+37  9.7709E+40
  4.2170E+01  2.6258E+43  2.6178E+43  7.5391E+36  8.0516E+40
  4.4670E+01  2.1692E+43  2.1625E+43  4.9732E+36  6.6239E+40
  4.7320E+01  1.7667E+43  1.7613E+43  3.2317E+36  5.4375E+40
  5.0120E+01  1.4208E+43  1.4164E+43  2.0717E+36  4.4566E+40
  5.3090E+01  1.1287E+43  1.1250E+43  1.3110E+36  3.6435E+40
  5.6230E+01  8.8741E+42  8.8444E+42  8.2045E+35  2.9732E+40
  5.9570E+01  6.9040E+42  6.8798E+42  5.0772E+35  2.4188E+40
  6.3100E+01  5.3276E+42  5.3080E+42  3.1146E+35  1.9647E+40
  6.6830E+01  4.0813E+42  4.0653E+42  1.8959E+35  1.5935E+40
  7.0790E+01  3.1051E+42  3.0922E+42  1.1457E+35  1.2893E+40
  7.4990E+01  2.3474E+42  2.3370E+42  6.8775E+34  1.0412E+40
  7.9430E+01  1.7659E+42  1.7575E+42  4.1077E+34  8.3983E+39
  8.4140E+01  1.3220E+42  1.3152E+42  2.4405E+34  6.7625E+39
  8.9130E+01  9.8622E+41  9.8078E+41  1.4448E+34  5.4377E+39
  9.4410E+01  7.3331E+41  7.2894E+41  8.5249E+33  4.3686E+39
  1.0000E+02  5.4355E+41  5.4004E+41  5.0137E+33  3.5065E+39
  1.0590E+02  4.0224E+41  3.9943E+41  2.9443E+33  2.8139E+39
  1.1220E+02  2.9700E+41  2.9475E+41  1.7244E+33  2.2521E+39
  1.1890E+02  2.1934E+41  2.1754E+41  1.0103E+33  1.7995E+39
  1.2590E+02  1.6289E+41  1.6145E+41  5.9540E+32  1.4411E+39
  1.3340E+02  1.2125E+41  1.2010E+41  3.5225E+32  1.1504E+39
  1.4130E+02  8.9569E+40  8.8650E+40  2.0753E+32  9.1921E+38
  1.4960E+02  6.4845E+40  6.4109E+40  1.1965E+32  7.3570E+38
  1.5850E+02  4.6593E+40  4.6007E+40  6.8279E+31  5.8693E+38
  1.7780E+02  2.4270E+40  2.3896E+40  2.2408E+31  3.7400E+38
  1.9950E+02  1.2669E+40  1.2431E+40  7.3744E+30  2.3772E+38
  2.2390E+02  6.6022E+39  6.4514E+39  2.4258E+30  1.5080E+38
  2.5120E+02  3.4385E+39  3.3428E+39  7.9813E+29  9.5693E+37
  2.8180E+02  1.7881E+39  1.7274E+39  2.6248E+29  6.0700E+37
  3.1620E+02  9.2802E+38  8.8957E+38  8.6236E+28  3.8445E+37
  3.5480E+02  4.8137E+38  4.5704E+38  2.8341E+28  2.4334E+37
  3.9810E+02  2.4968E+38  2.3429E+38  9.3285E+27  1.5398E+37
  4.4670E+02  1.2958E+38  1.1984E+38  3.0767E+27  9.7383E+36
  5.0120E+02  6.7365E+37  6.1207E+37  1.0182E+27  6.1584E+36
  5.6230E+02  3.5116E+37  3.1222E+37  3.3842E+26  3.8948E+36
  6.3100E+02  1.8348E+37  1.5888E+37  1.1300E+26  2.4601E+36
  7.0790E+02  9.6382E+36  8.0828E+36  3.8020E+25  1.5554E+36
  7.9430E+02  5.0865E+36  4.1040E+36  1.2880E+25  9.8254E+35
  8.9130E+02  2.7012E+36  2.0808E+36  4.4009E+24  6.2042E+35
  1.0000E+03  1.4464E+36  1.0544E+36  1.5197E+24  3.9196E+35
