  1.0000E-03  2.0476E+44  0.0000E+00  2.6569E+42  2.0210E+44
  1.1220E-03  1.5980E+44  0.0000E+00  3.3422E+42  1.5646E+44
  1.2590E-03  1.2234E+44  0.0000E+00  4.0149E+42  1.1833E+44
  1.4130E-03  9.2619E+43  0.0000E+00  4.6425E+42  8.7977E+43
  1.5850E-03  7.4808E+43  0.0000E+00  5.2561E+42  6.9552E+43
  1.7780E-03  7.5885E+43  0.0000E+00  6.6945E+42  6.9191E+43
  1.9950E-03  4.7091E+43  0.0000E+00  8.0019E+42  3.9089E+43
  2.2390E-03  3.4574E+43  0.0000E+00  8.6199E+42  2.5954E+43
  2.5120E-03  3.4852E+43  0.0000E+00  1.1737E+43  2.3115E+43
  2.8180E-03  2.3552E+43  0.0000E+00  1.3796E+43  9.7557E+42
  3.1620E-03  1.9944E+43  0.0000E+00  1.5391E+43  4.5531E+42
  3.5480E-03  1.8937E+43  0.0000E+00  1.6700E+43  2.2367E+42
  3.9810E-03  1.8916E+43  0.0000E+00  1.7731E+43  1.1855E+42
  4.4670E-03  5.1253E+43  0.0000E+00  2.5186E+43  2.6068E+43
  5.0120E-03  4.0983E+43  0.0000E+00  3.0785E+43  1.0198E+43
  5.6230E-03  4.0222E+43  0.0000E+00  3.6196E+43  4.0257E+42
  5.9570E-03  4.1358E+43  0.0000E+00  3.8770E+43  2.5881E+42
  6.6830E-03  4.4795E+43  0.0000E+00  4.3606E+43  1.1889E+42
  7.4990E-03  4.9386E+43  0.0000E+00  4.8729E+43  6.5703E+41
  8.4140E-03  5.4019E+43  0.0000E+00  5.3701E+43  3.1827E+41
  9.4410E-03  5.8401E+43  0.0000E+00  5.8220E+43  1.8158E+41
  1.0590E-02  6.1322E+43  0.0000E+00  6.1173E+43  1.4845E+41
  1.1890E-02  6.9792E+43  0.0000E+00  6.9714E+43  7.7724E+40
  1.3340E-02  7.5034E+43  0.0000E+00  7.4984E+43  4.9091E+40
  1.4960E-02  8.1517E+43  0.0000E+00  8.1490E+43  2.6647E+40
  1.6790E-02  8.7470E+43  0.0000E+00  8.7455E+43  1.5443E+40
  1.8840E-02  9.3039E+43  0.0000E+00  9.3030E+43  9.7280E+39
  2.1130E-02  1.0089E+44  0.0000E+00  1.0088E+44  5.6947E+39
  2.3710E-02  1.0823E+44  0.0000E+00  1.0823E+44  3.2487E+39
  2.6610E-02  1.1530E+44  0.0000E+00  1.1530E+44  1.7437E+39
  2.9850E-02  1.2214E+44  1.5522E-90  1.2214E+44  9.4618E+38
  3.3500E-02  1.2868E+44  4.9541E-76  1.2868E+44  5.0749E+38
  3.7580E-02  1.3935E+44  5.1450E-63  1.3935E+44  4.6751E+38
  4.2170E-02  1.6228E+44  1.1056E-51  1.6228E+44  2.4849E+38
  4.7320E-02  1.6540E+44  5.6496E-42  1.6540E+44  4.8235E+37
  5.3090E-02  1.5227E+44  1.4292E-33  1.5227E+44  6.1646E+36
  6.6830E-02  8.8176E+43  2.2800E-21  8.8176E+43  1.4778E+33
  7.4990E-02  5.6678E+43  5.8162E-17  5.6678E+43  7.2893E+30
  8.4140E-02  5.9820E+43  1.0243E-10  5.9820E+43  2.6407E+31
  9.4410E-02  6.3431E+43  2.8619E-05  6.3431E+43  6.4038E+31
  1.0590E-01  7.9475E+43  2.4619E+01  7.9475E+43  2.3363E+33
  1.1890E-01  8.8347E+43  8.7332E+06  8.8347E+43  1.2962E+35
  1.3340E-01  9.0783E+43  2.8518E+11  9.0783E+43  2.2720E+36
  1.4960E-01  8.2006E+43  1.9820E+15  8.2006E+43  1.3516E+37
  1.5850E-01  7.6875E+43  8.1879E+16  7.6875E+43  1.7743E+37
  1.7780E-01  6.6870E+43  2.5385E+19  6.6870E+43  8.3241E+36
  1.9950E-01  4.4961E+43  3.0169E+20  4.4961E+43  2.1212E+35
  2.2390E-01  3.3059E+43  5.4949E+21  3.3059E+43  2.1544E+34
  2.3710E-01  3.8099E+43  4.1503E+23  3.8099E+43  2.6953E+35
  2.5120E-01  4.2150E+43  2.9970E+25  4.2150E+43  3.7664E+36
  2.6610E-01  4.2753E+43  9.0424E+26  4.2753E+43  2.1916E+37
  2.8180E-01  4.1400E+43  1.5637E+28  4.1399E+43  7.6570E+37
  2.9850E-01  3.9412E+43  1.9008E+29  3.9412E+43  2.0203E+38
  3.1620E-01  3.7410E+43  1.8802E+30  3.7410E+43  4.7827E+38
  3.3500E-01  3.5330E+43  1.5818E+31  3.5329E+43  1.0469E+39
  3.5480E-01  3.3148E+43  1.1213E+32  3.3146E+43  2.0948E+39
  3.7580E-01  3.0971E+43  7.2878E+32  3.0967E+43  4.1404E+39
  3.9810E-01  2.8891E+43  4.0942E+33  2.8883E+43  7.6468E+39
  4.2170E-01  2.6882E+43  2.2271E+34  2.6867E+43  1.4883E+40
  4.4670E-01  2.5026E+43  1.0942E+35  2.4998E+43  2.8160E+40
  4.7320E-01  2.3211E+43  4.9784E+35  2.3158E+43  5.2332E+40
  5.0120E-01  2.1442E+43  2.0878E+36  2.1347E+43  9.4812E+40
  5.3090E-01  1.9740E+43  8.3461E+36  1.9568E+43  1.7235E+41
  5.6230E-01  1.8202E+43  2.9971E+37  1.7906E+43  2.9621E+41
  5.9570E-01  1.6819E+43  9.9460E+37  1.6327E+43  4.9184E+41
  6.3100E-01  1.5628E+43  3.1071E+38  1.4822E+43  8.0543E+41
  6.6830E-01  1.4684E+43  9.1461E+38  1.3384E+43  1.2993E+42
  7.0790E-01  1.4097E+43  2.5298E+39  1.2044E+43  2.0502E+42
  7.4990E-01  1.3924E+43  6.4881E+39  1.0803E+43  3.1150E+42
  7.9430E-01  1.4290E+43  1.5706E+40  9.6378E+42  4.6367E+42
  8.4140E-01  1.5369E+43  3.6179E+40  8.5475E+42  6.7851E+42
  8.9130E-01  1.7516E+43  8.0734E+40  7.5168E+42  9.9183E+42
  9.4410E-01  2.0909E+43  1.7109E+41  6.5681E+42  1.4170E+43
  1.0000E+00  2.5566E+43  3.4071E+41  5.7088E+42  1.9516E+43
  1.0590E+00  3.1625E+43  6.4143E+41  4.9424E+42  2.6041E+43
  1.1220E+00  3.9283E+43  1.1572E+42  4.2517E+42  3.3874E+43
  1.1890E+00  4.8776E+43  2.0105E+42  3.6285E+42  4.3137E+43
  1.2590E+00  6.0605E+43  3.3674E+42  3.0673E+42  5.4170E+43
  1.3340E+00  7.4229E+43  5.4232E+42  2.5773E+42  6.6229E+43
  1.4130E+00  8.8986E+43  8.3180E+42  2.1648E+42  7.8503E+43
  1.4960E+00  1.0483E+44  1.2245E+43  1.8154E+42  9.0767E+43
  1.5850E+00  1.2179E+44  1.7506E+43  1.5147E+42  1.0277E+44
  1.6790E+00  1.4001E+44  2.4270E+43  1.2558E+42  1.1449E+44
  1.7780E+00  1.5929E+44  3.2631E+43  1.0325E+42  1.2563E+44
  1.8840E+00  1.7914E+44  4.2747E+43  8.4065E+41  1.3555E+44
  1.9950E+00  1.9909E+44  5.4345E+43  6.7791E+41  1.4407E+44
  2.1130E+00  2.1844E+44  6.7257E+43  5.4145E+41  1.5064E+44
  2.2390E+00  2.3653E+44  8.1073E+43  4.2857E+41  1.5502E+44
  2.3710E+00  2.5281E+44  9.5080E+43  3.3652E+41  1.5740E+44
  2.5120E+00  2.6684E+44  1.0899E+44  2.6254E+41  1.5759E+44
  2.6610E+00  2.7833E+44  1.2212E+44  2.0365E+41  1.5601E+44
  2.8180E+00  2.8700E+44  1.3387E+44  1.5706E+41  1.5297E+44
  2.9850E+00  2.9283E+44  1.4408E+44  1.2054E+41  1.4863E+44
  3.1620E+00  2.9582E+44  1.5236E+44  9.2068E+40  1.4337E+44
  3.3500E+00  2.9635E+44  1.5900E+44  7.0126E+40  1.3727E+44
  3.5480E+00  2.9413E+44  1.6321E+44  5.3135E+40  1.3086E+44
  3.7580E+00  2.8970E+44  1.6553E+44  4.0107E+40  1.2413E+44
  3.9810E+00  2.8332E+44  1.6605E+44  3.0167E+40  1.1725E+44
  4.2170E+00  2.7522E+44  1.6483E+44  2.2610E+40  1.1037E+44
  4.4670E+00  2.6571E+44  1.6211E+44  1.6887E+40  1.0358E+44
  4.7320E+00  2.5530E+44  1.5836E+44  1.2576E+40  9.6922E+43
  5.0120E+00  2.4452E+44  1.5382E+44  9.3547E+39  9.0688E+43
  5.3090E+00  2.3060E+44  1.4866E+44  6.8628E+39  8.1930E+43
  5.6230E+00  2.1653E+44  1.4322E+44  5.0164E+39  7.3304E+43
  5.9570E+00  2.0279E+44  1.3784E+44  3.6591E+39  6.4943E+43
  6.3100E+00  1.8845E+44  1.3134E+44  2.6462E+39  5.7109E+43
  6.6830E+00  1.7606E+44  1.2621E+44  1.9208E+39  4.9843E+43
  7.0790E+00  1.6336E+44  1.2015E+44  1.3770E+39  4.3207E+43
  7.4990E+00  1.5791E+44  1.2106E+44  1.0249E+39  3.6852E+43
  7.9430E+00  1.8254E+44  1.5279E+44  9.5052E+38  2.9755E+43
  8.4140E+00  2.3051E+44  2.0809E+44  1.0784E+39  2.2417E+43
  8.9130E+00  2.6240E+44  2.4564E+44  1.1775E+39  1.6762E+43
  9.4410E+00  2.8016E+44  2.6763E+44  1.3298E+39  1.2531E+43
  1.0000E+01  2.5329E+44  2.4220E+44  9.9754E+38  1.1082E+43
  1.0590E+01  2.1956E+44  2.0954E+44  6.8509E+38  1.0015E+43
  1.1220E+01  1.8209E+44  1.7300E+44  4.1680E+38  9.0856E+42
  1.1890E+01  1.5089E+44  1.4287E+44  2.5766E+38  8.0202E+42
  1.2590E+01  1.2483E+44  1.1784E+44  1.5664E+38  6.9962E+42
  1.3340E+01  1.0448E+44  9.8490E+43  9.5532E+37  5.9917E+42
  1.4130E+01  9.2308E+43  8.7278E+43  6.0970E+37  5.0303E+42
  1.4960E+01  9.2212E+43  8.8116E+43  4.6101E+37  4.0956E+42
  1.5850E+01  9.5287E+43  9.1997E+43  3.7768E+37  3.2901E+42
  1.6790E+01  9.8972E+43  9.6339E+43  3.2323E+37  2.6329E+42
  1.7780E+01  1.0044E+44  9.8315E+43  2.7676E+37  2.1197E+42
  1.8840E+01  9.7464E+43  9.5738E+43  2.2492E+37  1.7259E+42
  1.9950E+01  9.0298E+43  8.8870E+43  1.6787E+37  1.4281E+42
  2.1130E+01  8.2787E+43  8.1605E+43  1.1991E+37  1.1810E+42
  2.2390E+01  7.6227E+43  7.5256E+43  8.5794E+36  9.7064E+41
  2.3710E+01  7.0280E+43  6.9483E+43  6.1260E+36  7.9679E+41
  2.5120E+01  6.4619E+43  6.3968E+43  4.3768E+36  6.5095E+41
  2.6610E+01  5.9034E+43  5.8503E+43  3.1033E+36  5.3089E+41
  2.8180E+01  5.3531E+43  5.3098E+43  2.1929E+36  4.3253E+41
  2.9850E+01  4.8011E+43  4.7660E+43  1.5380E+36  3.5147E+41
  3.1620E+01  4.2486E+43  4.2200E+43  1.0658E+36  2.8516E+41
  3.3500E+01  3.7045E+43  3.6814E+43  7.2923E+35  2.3096E+41
  3.5480E+01  3.1840E+43  3.1653E+43  4.9289E+35  1.8706E+41
  3.7580E+01  2.6929E+43  2.6778E+43  3.2827E+35  1.5133E+41
  3.9810E+01  2.2377E+43  2.2255E+43  2.1515E+35  1.2228E+41
  4.2170E+01  1.8312E+43  1.8213E+43  1.3892E+35  9.8746E+40
  4.4670E+01  1.4775E+43  1.4695E+43  8.8380E+34  7.9672E+40
  4.7320E+01  1.1772E+43  1.1708E+43  5.5510E+34  6.4213E+40
  5.0120E+01  9.2771E+42  9.2253E+42  3.4478E+34  5.1736E+40
  5.3090E+01  7.2354E+42  7.1937E+42  2.1194E+34  4.1633E+40
  5.6230E+01  5.5951E+42  5.5616E+42  1.2916E+34  3.3487E+40
  5.9570E+01  4.2886E+42  4.2617E+42  7.8016E+33  2.6887E+40
  6.3100E+01  3.2659E+42  3.2443E+42  4.6827E+33  2.1582E+40
  6.6830E+01  2.4726E+42  2.4553E+42  2.7952E+33  1.7319E+40
  7.0790E+01  1.8619E+42  1.8480E+42  1.6597E+33  1.3881E+40
  7.4990E+01  1.3949E+42  1.3837E+42  9.8082E+32  1.1115E+40
  7.9430E+01  1.0410E+42  1.0321E+42  5.7770E+32  8.8991E+39
  8.4140E+01  7.7398E+41  7.6686E+41  3.3902E+32  7.1184E+39
  8.9130E+01  5.7393E+41  5.6824E+41  1.9852E+32  5.6907E+39
  9.4410E+01  4.2450E+41  4.1995E+41  1.1600E+32  4.5484E+39
  1.0000E+02  3.1320E+41  3.0957E+41  6.7637E+31  3.6342E+39
  1.0590E+02  2.3085E+41  2.2795E+41  3.9420E+31  2.9047E+39
  1.1220E+02  1.6984E+41  1.6752E+41  2.2931E+31  2.3166E+39
  1.1890E+02  1.2500E+41  1.2316E+41  1.3350E+31  1.8454E+39
  1.2590E+02  9.2489E+40  9.1015E+40  7.8175E+30  1.4741E+39
  1.3340E+02  6.8554E+40  6.7380E+40  4.5938E+30  1.1741E+39
  1.4130E+02  5.0506E+40  4.9569E+40  2.6936E+30  9.3617E+38
  1.4960E+02  3.6594E+40  3.5846E+40  1.5524E+30  7.4768E+38
  1.5850E+02  2.6325E+40  2.5730E+40  8.8626E+29  5.9534E+38
  1.7780E+02  1.3724E+40  1.3346E+40  2.9082E+29  3.7819E+38
  1.9950E+02  7.1689E+39  6.9291E+39  9.5780E+28  2.3982E+38
  2.2390E+02  3.7414E+39  3.5895E+39  3.1591E+28  1.5185E+38
  2.5120E+02  1.9533E+39  1.8571E+39  1.0445E+28  9.6221E+37
  2.8180E+02  1.0195E+39  9.5851E+38  3.4609E+27  6.0966E+37
  3.1620E+02  5.3168E+38  4.9310E+38  1.1487E+27  3.8578E+37
  3.5480E+02  2.7753E+38  2.5313E+38  3.8251E+26  2.4401E+37
  3.9810E+02  1.4510E+38  1.2967E+38  1.2798E+26  1.5432E+37
  4.4670E+02  7.6042E+37  6.6287E+37  4.3060E+25  9.7553E+36
  5.0120E+02  4.0002E+37  3.3835E+37  1.4591E+25  6.1670E+36
  5.6230E+02  2.1150E+37  1.7251E+37  4.9847E+24  3.8991E+36
  6.3100E+02  1.1237E+37  8.7746E+36  1.7174E+24  2.4623E+36
  7.0790E+02  6.0185E+36  4.4620E+36  5.9835E+23  1.5565E+36
  7.9430E+02  3.2477E+36  2.2646E+36  2.1060E+23  9.8309E+35
  8.9130E+02  1.7684E+36  1.1478E+36  7.4955E+22  6.2069E+35
  1.0000E+03  9.7351E+35  5.8142E+35  2.7010E+22  3.9209E+35
