  1.0000E-03  2.5694E+44  0.0000E+00  1.1288E+44  1.4406E+44
  1.1220E-03  1.9661E+44  0.0000E+00  9.4413E+43  1.0219E+44
  1.2590E-03  1.4260E+44  0.0000E+00  7.2320E+43  7.0280E+43
  1.4130E-03  9.8736E+43  0.0000E+00  5.1551E+43  4.7185E+43
  1.5850E-03  7.2527E+43  0.0000E+00  3.8568E+43  3.3959E+43
  1.7780E-03  7.9152E+43  0.0000E+00  4.7118E+43  3.2034E+43
  1.9950E-03  4.2749E+43  0.0000E+00  2.7507E+43  1.5243E+43
  2.2390E-03  2.4696E+43  0.0000E+00  1.5927E+43  8.7687E+42
  2.5120E-03  2.8342E+43  0.0000E+00  2.1185E+43  7.1567E+42
  2.8180E-03  1.2640E+43  0.0000E+00  1.0263E+43  2.3773E+42
  3.1620E-03  6.0682E+42  0.0000E+00  5.1756E+42  8.9264E+41
  3.5480E-03  3.0516E+42  0.0000E+00  2.6942E+42  3.5741E+41
  3.9810E-03  1.6324E+42  0.0000E+00  1.4749E+42  1.5750E+41
  4.4670E-03  5.3109E+43  0.0000E+00  4.4229E+43  8.8796E+42
  5.0120E-03  2.7590E+43  0.0000E+00  2.4975E+43  2.6152E+42
  5.6230E-03  1.4946E+43  0.0000E+00  1.4170E+43  7.7653E+41
  5.9570E-03  1.1226E+43  0.0000E+00  1.0790E+43  4.3530E+41
  6.6830E-03  6.7708E+42  0.0000E+00  6.6145E+42  1.5630E+41
  7.4990E-03  4.7198E+42  0.0000E+00  4.6494E+42  7.0384E+40
  8.4140E-03  2.9880E+42  0.0000E+00  2.9608E+42  2.7160E+40
  9.4410E-03  2.0197E+42  0.0000E+00  2.0069E+42  1.2806E+40
  1.0590E-02  1.5169E+42  0.0000E+00  1.5076E+42  9.3271E+39
  1.1890E-02  1.1801E+42  0.0000E+00  1.1762E+42  3.9760E+39
  1.3340E-02  8.5208E+41  0.0000E+00  8.4996E+41  2.1250E+39
  1.4960E-02  6.0033E+41  0.0000E+00  5.9938E+41  9.4589E+38
  1.6790E-02  4.2432E+41  0.0000E+00  4.2386E+41  4.5539E+38
  1.8840E-02  3.0657E+41  0.0000E+00  3.0633E+41  2.4227E+38
  2.1130E-02  2.3010E+41  0.0000E+00  2.2998E+41  1.1797E+38
  2.3710E-02  1.6718E+41  0.0000E+00  1.6713E+41  5.5624E+37
  2.6610E-02  1.1746E+41  0.0000E+00  1.1743E+41  2.4307E+37
  2.9850E-02  8.2449E+40  0.0000E+00  8.2439E+40  1.0732E+37
  3.3500E-02  5.7145E+40  5.0363E-77  5.7140E+40  4.6610E+36
  3.7580E-02  5.3275E+40  4.9400E-64  5.3271E+40  4.0960E+36
  4.2170E-02  5.2420E+40  8.1879E-53  5.2419E+40  1.7587E+36
  4.7320E-02  2.3715E+40  2.2432E-43  2.3715E+40  2.0370E+35
  5.3090E-02  8.4742E+39  2.7102E-35  8.4742E+39  1.4110E+34
  6.6830E-02  1.6947E+38  2.4839E-24  1.6947E+38  3.3428E+29
  7.4990E-02  1.2530E+37  8.9735E-21  1.2530E+37  3.5050E+26
  8.4140E-02  2.1854E+37  2.5019E-14  2.1854E+37  1.9302E+27
  9.4410E-02  3.4819E+37  9.4445E-09  3.4819E+37  6.3499E+27
  1.0590E-01  2.2376E+38  2.9280E-02  2.2376E+38  7.2877E+29
  1.1890E-01  1.4255E+39  5.1459E+04  1.4255E+39  1.4613E+32
  1.3340E-01  5.5483E+39  5.9977E+09  5.5483E+39  6.5613E+33
  1.4960E-01  1.0658E+40  9.4906E+13  1.0658E+40  7.3519E+34
  1.5850E-01  1.1371E+40  4.5140E+15  1.1371E+40  1.0749E+35
  1.7780E-01  7.7035E+39  1.0051E+18  7.7034E+39  3.8553E+34
  1.9950E-01  9.5634E+38  2.7113E+18  9.5634E+38  3.0047E+32
  2.2390E-01  2.7488E+38  1.7980E+19  2.7488E+38  1.4251E+31
  2.3710E-01  1.1103E+39  3.4444E+21  1.1103E+39  3.7413E+32
  2.5120E-01  4.3259E+39  6.6977E+23  4.3259E+39  1.1338E+34
  2.6610E-01  1.0096E+40  3.9282E+25  1.0096E+40  1.1088E+35
  2.8180E-01  1.7529E+40  1.0860E+27  1.7528E+40  5.5919E+35
  2.9850E-01  2.6658E+40  1.9039E+28  2.6656E+40  1.9650E+36
  3.1620E-01  3.9335E+40  2.6057E+29  3.9329E+40  6.0021E+36
  3.3500E-01  5.6331E+40  2.9405E+30  5.6315E+40  1.6568E+37
  3.5480E-01  7.7188E+40  2.7006E+31  7.7147E+40  4.0745E+37
  3.7580E-01  1.0524E+41  2.2487E+32  1.0515E+41  9.8225E+37
  3.9810E-01  1.4082E+41  1.5838E+33  1.4060E+41  2.1776E+38
  4.2170E-01  1.9446E+41  1.0924E+34  1.9395E+41  5.1392E+38
  4.4670E-01  2.7020E+41  6.7436E+34  2.6903E+41  1.1719E+39
  4.7320E-01  3.7398E+41  3.8225E+35  3.7137E+41  2.6108E+39
  5.0120E-01  5.1235E+41  1.9759E+36  5.0672E+41  5.6296E+39
  5.3090E-01  7.0668E+41  9.7056E+36  6.9450E+41  1.2168E+40
  5.6230E-01  9.6077E+41  4.2048E+37  9.3619E+41  2.4539E+40
  5.9570E-01  1.2977E+42  1.6623E+38  1.2502E+42  4.7411E+40
  6.3100E-01  1.7603E+42  6.1438E+38  1.6697E+42  9.0013E+40
  6.6830E-01  2.3978E+42  2.1229E+39  2.2281E+42  1.6762E+41
  7.0790E-01  3.2969E+42  6.8362E+39  2.9861E+42  3.0398E+41
  7.4990E-01  4.5175E+42  2.0145E+40  3.9708E+42  5.2655E+41
  7.9430E-01  6.2304E+42  5.5581E+40  5.2847E+42  8.9012E+41
  8.4140E-01  8.6845E+42  1.4471E+41  7.0661E+42  1.4738E+42
  8.9130E-01  1.2400E+43  3.6395E+41  9.5967E+42  2.4392E+42
  9.4410E-01  1.7831E+43  8.5951E+41  1.3048E+43  3.9230E+42
  1.0000E+00  2.5415E+43  1.8768E+42  1.7512E+43  6.0262E+42
  1.0590E+00  3.5974E+43  3.8210E+42  2.3252E+43  8.9011E+42
  1.1220E+00  5.0650E+43  7.3671E+42  3.0536E+43  1.2747E+43
  1.1890E+00  7.0833E+43  1.3534E+43  3.9510E+43  1.7789E+43
  1.2590E+00  9.8381E+43  2.3793E+43  5.0190E+43  2.4399E+43
  1.3340E+00  1.3425E+44  3.9669E+43  6.2221E+43  3.2362E+43
  1.4130E+00  1.7810E+44  6.2062E+43  7.4776E+43  4.1259E+43
  1.4960E+00  2.3020E+44  9.2089E+43  8.7160E+43  5.0952E+43
  1.5850E+00  2.9127E+44  1.3127E+44  9.8724E+43  6.1282E+43
  1.6790E+00  3.6065E+44  1.8004E+44  1.0840E+44  7.2207E+43
  1.7780E+00  4.3629E+44  2.3785E+44  1.1499E+44  8.3450E+43
  1.8840E+00  5.1586E+44  3.0369E+44  1.1775E+44  9.4414E+43
  1.9950E+00  5.9509E+44  3.7418E+44  1.1617E+44  1.0474E+44
  2.1130E+00  6.7029E+44  4.4594E+44  1.1057E+44  1.1379E+44
  2.2390E+00  7.3733E+44  5.1453E+44  1.0165E+44  1.2114E+44
  2.3710E+00  7.9267E+44  5.7553E+44  9.0431E+43  1.2671E+44
  2.5120E+00  8.3498E+44  6.2658E+44  7.8206E+43  1.3019E+44
  2.6610E+00  8.6286E+44  6.6514E+44  6.5910E+43  1.3181E+44
  2.8180E+00  8.7610E+44  6.9004E+44  5.4267E+43  1.3180E+44
  2.9850E+00  8.7606E+44  7.0200E+44  4.3800E+43  1.3026E+44
  3.1620E+00  8.6373E+44  7.0148E+44  3.4724E+43  1.2753E+44
  3.3500E+00  8.4223E+44  6.9142E+44  2.7135E+43  1.2368E+44
  3.5480E+00  8.1181E+44  6.7167E+44  2.0906E+43  1.1924E+44
  3.7580E+00  7.7518E+44  6.4503E+44  1.5913E+43  1.1424E+44
  3.9810E+00  7.3372E+44  6.1290E+44  1.1979E+43  1.0884E+44
  4.2170E+00  6.8892E+44  5.7676E+44  8.9272E+42  1.0323E+44
  4.4670E+00  6.4206E+44  5.3793E+44  6.5908E+42  9.7539E+43
  4.7320E+00  5.9434E+44  4.9771E+44  4.8209E+42  9.1813E+43
  5.0120E+00  5.4696E+44  4.5711E+44  3.4987E+42  8.6353E+43
  5.3090E+00  4.9750E+44  4.1663E+44  2.5058E+42  7.8367E+43
  5.6230E+00  4.4936E+44  3.7719E+44  1.7778E+42  7.0393E+43
  5.9570E+00  4.0331E+44  3.3949E+44  1.2503E+42  6.2574E+43
  6.3100E+00  3.5831E+44  3.0225E+44  8.6827E+41  5.5194E+43
  6.6830E+00  3.1898E+44  2.7008E+44  6.0199E+41  4.8293E+43
  7.0790E+00  2.8120E+44  2.3883E+44  4.1075E+41  4.1960E+43
  7.4990E+00  2.5008E+44  2.1401E+44  2.7912E+41  3.5791E+43
  7.9430E+00  2.3729E+44  2.0848E+44  2.0142E+41  2.8609E+43
  8.4140E+00  2.3521E+44  2.1399E+44  1.5944E+41  2.1061E+43
  8.9130E+00  2.2465E+44  2.0914E+44  1.2917E+41  1.5377E+43
  9.4410E+00  2.0915E+44  1.9781E+44  1.1289E+41  1.1232E+43
  1.0000E+01  1.8727E+44  1.7714E+44  8.7846E+40  1.0047E+43
  1.0590E+01  1.6333E+44  1.5403E+44  6.5158E+40  9.2273E+42
  1.1220E+01  1.3713E+44  1.2857E+44  4.3560E+40  8.5220E+42
  1.1890E+01  1.1261E+44  1.0496E+44  2.8386E+40  7.6220E+42
  1.2590E+01  9.1272E+43  8.4534E+43  1.7829E+40  6.7200E+42
  1.3340E+01  7.3449E+43  6.7637E+43  1.0918E+40  5.8009E+42
  1.4130E+01  6.0877E+43  5.5980E+43  6.7252E+39  4.8902E+42
  1.4960E+01  5.5335E+43  5.1357E+43  4.6242E+39  3.9737E+42
  1.5850E+01  5.1648E+43  4.8465E+43  3.3924E+39  3.1801E+42
  1.6790E+01  4.8411E+43  4.5874E+43  2.5947E+39  2.5339E+42
  1.7780E+01  4.4434E+43  4.2398E+43  2.0084E+39  2.0339E+42
  1.8840E+01  3.9083E+43  3.7426E+43  1.5065E+39  1.6560E+42
  1.9950E+01  3.2901E+43  3.1525E+43  1.0600E+39  1.3745E+42
  2.1130E+01  2.7300E+43  2.6159E+43  7.1397E+38  1.1406E+42
  2.2390E+01  2.2649E+43  2.1709E+43  4.7853E+38  9.3997E+41
  2.3710E+01  1.8805E+43  1.8031E+43  3.1927E+38  7.7339E+41
  2.5120E+01  1.5561E+43  1.4928E+43  2.1262E+38  6.3305E+41
  2.6610E+01  1.2822E+43  1.2304E+43  1.4058E+38  5.1718E+41
  2.8180E+01  1.0522E+43  1.0100E+43  9.2757E+37  4.2201E+41
  2.9850E+01  8.5697E+42  8.2262E+42  6.0850E+37  3.4340E+41
  3.1620E+01  6.9167E+42  6.6377E+42  3.9552E+37  2.7900E+41
  3.3500E+01  5.5265E+42  5.3002E+42  2.5464E+37  2.2628E+41
  3.5480E+01  4.3767E+42  4.1932E+42  1.6257E+37  1.8351E+41
  3.7580E+01  3.4275E+42  3.2788E+42  1.0264E+37  1.4866E+41
  3.9810E+01  2.6496E+42  2.5293E+42  6.4013E+36  1.2029E+41
  4.2170E+01  2.0269E+42  1.9296E+42  3.9476E+36  9.7277E+40
  4.4670E+01  1.5358E+42  1.4572E+42  2.4066E+36  7.8595E+40
  4.7320E+01  1.1543E+42  1.0908E+42  1.4531E+36  6.3428E+40
  5.0120E+01  8.6177E+41  8.1060E+41  8.7031E+35  5.1167E+40
  5.3090E+01  6.3924E+41  5.9801E+41  5.1728E+35  4.1222E+40
  5.6230E+01  4.7203E+41  4.3884E+41  3.0568E+35  3.3192E+40
  5.9570E+01  3.4675E+41  3.2007E+41  1.7950E+35  2.6676E+40
  6.3100E+01  2.5404E+41  2.3260E+41  1.0504E+35  2.1431E+40
  6.6830E+01  1.8574E+41  1.6853E+41  6.1293E+34  1.7212E+40
  7.0790E+01  1.3553E+41  1.2173E+41  3.5672E+34  1.3805E+40
  7.4990E+01  9.8744E+40  8.7683E+40  2.0719E+34  1.1061E+40
  7.9430E+01  7.1925E+40  6.3065E+40  1.2028E+34  8.8607E+39
  8.4140E+01  5.2372E+40  4.5280E+40  6.9767E+33  7.0912E+39
  8.9130E+01  3.8163E+40  3.2491E+40  4.0491E+33  5.6714E+39
  9.4410E+01  2.7835E+40  2.3301E+40  2.3519E+33  4.5347E+39
  1.0000E+02  2.0324E+40  1.6699E+40  1.3672E+33  3.6245E+39
  1.0590E+02  1.4875E+40  1.1977E+40  7.9684E+32  2.8978E+39
  1.1220E+02  1.0900E+40  8.5880E+39  4.6470E+32  2.3117E+39
  1.1890E+02  8.0134E+39  6.1714E+39  2.7191E+32  1.8419E+39
  1.2590E+02  5.9411E+39  4.4695E+39  1.6045E+32  1.4716E+39
  1.3340E+02  4.4217E+39  3.2494E+39  9.5176E+31  1.1723E+39
  1.4130E+02  3.2831E+39  2.3482E+39  5.6530E+31  9.3489E+38
  1.4960E+02  2.4117E+39  1.6650E+39  3.3198E+31  7.4678E+38
  1.5850E+02  1.7672E+39  1.1725E+39  1.9395E+31  5.9470E+38
  1.7780E+02  9.6637E+38  5.8849E+38  6.7312E+30  3.7788E+38
  1.9950E+02  5.3678E+38  2.9712E+38  2.3731E+30  2.3966E+38
  2.2390E+02  3.0200E+38  1.5022E+38  8.4787E+29  1.5177E+38
  2.5120E+02  1.7227E+38  7.6090E+37  3.0716E+29  9.6182E+37
  2.8180E+02  9.9493E+37  3.8548E+37  1.1266E+29  6.0946E+37
  3.1620E+02  5.8076E+37  1.9508E+37  4.1752E+28  3.8568E+37
  3.5480E+02  3.4266E+37  9.8700E+36  1.5630E+28  2.4396E+37
  3.9810E+02  2.0421E+37  4.9920E+36  5.9083E+27  1.5430E+37
  4.4670E+02  1.2278E+37  2.5235E+36  2.2518E+27  9.7540E+36
  5.0120E+02  7.4418E+36  1.2755E+36  8.6478E+26  6.1663E+36
  5.6230E+02  4.5434E+36  6.4468E+35  3.3425E+26  3.8988E+36
  6.3100E+02  2.7876E+36  3.2541E+35  1.2979E+26  2.4621E+36
  7.0790E+02  1.7208E+36  1.6437E+35  5.0682E+25  1.5564E+36
  7.9430E+02  1.0660E+36  8.2931E+34  1.9851E+25  9.8305E+35
  8.9130E+02  6.6248E+35  4.1812E+34  7.7976E+24  6.2067E+35
  1.0000E+03  4.1317E+35  2.1083E+34  3.0730E+24  3.9208E+35
