  1.0000E-03  6.4280E+44  0.0000E+00  1.7267E+41  6.4263E+44
  1.1220E-03  6.6678E+44  0.0000E+00  2.2907E+41  6.6655E+44
  1.2590E-03  6.8828E+44  0.0000E+00  2.8996E+41  6.8799E+44
  1.4130E-03  7.0797E+44  0.0000E+00  3.5298E+41  7.0761E+44
  1.5850E-03  7.3733E+44  0.0000E+00  4.1688E+41  7.3691E+44
  1.7780E-03  8.0606E+44  0.0000E+00  5.3831E+41  8.0552E+44
  1.9950E-03  7.8218E+44  0.0000E+00  6.9222E+41  7.8148E+44
  2.2390E-03  7.8534E+44  0.0000E+00  7.8893E+41  7.8455E+44
  2.5120E-03  8.3881E+44  0.0000E+00  1.0958E+42  8.3771E+44
  2.8180E-03  7.6536E+44  0.0000E+00  1.4100E+42  7.6395E+44
  3.1620E-03  7.1350E+44  0.0000E+00  1.7024E+42  7.1179E+44
  3.5480E-03  6.7243E+44  0.0000E+00  1.9870E+42  6.7045E+44
  3.9810E-03  6.4398E+44  0.0000E+00  2.2526E+42  6.4173E+44
  4.4670E-03  1.3601E+45  0.0000E+00  2.3862E+42  1.3577E+45
  5.0120E-03  1.2212E+45  0.0000E+00  3.2112E+42  1.2180E+45
  5.6230E-03  1.0988E+45  0.0000E+00  4.1363E+42  1.0946E+45
  5.9570E-03  1.0476E+45  0.0000E+00  4.6234E+42  1.0429E+45
  6.6830E-03  9.7350E+44  0.0000E+00  5.6069E+42  9.6789E+44
  7.4990E-03  9.4085E+44  0.0000E+00  6.6488E+42  9.3420E+44
  8.4140E-03  8.8480E+44  0.0000E+00  7.8449E+42  8.7696E+44
  9.4410E-03  8.6123E+44  0.0000E+00  8.9962E+42  8.5224E+44
  1.0590E-02  9.0316E+44  0.0000E+00  9.7616E+42  8.9339E+44
  1.1890E-02  8.6485E+44  0.0000E+00  1.1777E+43  8.5307E+44
  1.3340E-02  8.6029E+44  0.0000E+00  1.3287E+43  8.4700E+44
  1.4960E-02  8.2948E+44  0.0000E+00  1.5282E+43  8.1420E+44
  1.6790E-02  8.1136E+44  0.0000E+00  1.7292E+43  7.9407E+44
  1.8840E-02  8.0733E+44  0.0000E+00  1.9293E+43  7.8804E+44
  2.1130E-02  7.9177E+44  0.0000E+00  2.2006E+43  7.6977E+44
  2.3710E-02  7.7295E+44  0.0000E+00  2.4890E+43  7.4806E+44
  2.6610E-02  7.4584E+44  0.0000E+00  2.8081E+43  7.1776E+44
  2.9850E-02  7.2146E+44  2.7323E-85  3.1489E+43  6.8997E+44
  3.3500E-02  6.9702E+44  1.5247E-70  3.5158E+43  6.6186E+44
  3.7580E-02  7.5082E+44  1.8388E-57  3.8701E+43  7.1212E+44
  4.2170E-02  7.2904E+44  6.9450E-46  4.7303E+43  6.8173E+44
  4.7320E-02  5.8163E+44  1.3275E-35  5.4953E+43  5.2667E+44
  5.3090E-02  4.1015E+44  1.6152E-26  5.9028E+43  3.5113E+44
  6.6830E-02  1.1864E+44  1.2002E-11  6.1038E+43  5.7604E+43
  7.4990E-02  7.5417E+43  1.4566E-05  5.7143E+43  1.8274E+43
  8.4140E-02  7.8676E+43  9.8278E+00  5.5063E+43  2.3613E+43
  9.4410E-02  8.2526E+43  1.4088E+06  5.4510E+43  2.8016E+43
  1.0590E-01  1.0798E+44  8.0975E+10  5.1992E+43  5.5984E+43
  1.1890E-01  1.5757E+44  1.3202E+15  4.2703E+43  1.1486E+44
  1.3340E-01  2.1960E+44  4.5650E+18  3.5042E+43  1.8456E+44
  1.4960E-01  2.6323E+44  7.3854E+21  2.7421E+43  2.3581E+44
  1.5850E-01  2.5842E+44  2.3300E+23  2.5021E+43  2.3340E+44
  1.7780E-01  1.9592E+44  1.1115E+26  2.2743E+43  1.7318E+44
  1.9950E-01  8.9055E+43  1.7634E+28  2.0008E+43  6.9047E+43
  2.2390E-01  5.4248E+43  1.5070E+30  1.7302E+43  3.6946E+43
  2.3710E-01  7.5507E+43  1.6509E+31  1.6428E+43  5.9079E+43
  2.5120E-01  1.1157E+44  1.5747E+32  1.4904E+43  9.6665E+43
  2.6610E-01  1.4453E+44  1.1936E+33  1.3232E+43  1.3129E+44
  2.8180E-01  1.7169E+44  7.5598E+33  1.1652E+43  1.6004E+44
  2.9850E-01  1.9401E+44  4.1435E+34  1.0288E+43  1.8373E+44
  3.1620E-01  2.1521E+44  2.0015E+35  9.1188E+42  2.0609E+44
  3.3500E-01  2.3541E+44  8.7077E+35  8.0835E+42  2.2733E+44
  3.5480E-01  2.5326E+44  3.4136E+36  7.1643E+42  2.4609E+44
  3.7580E-01  2.7201E+44  1.2368E+37  6.3285E+42  2.6568E+44
  3.9810E-01  2.8829E+44  4.0737E+37  5.6039E+42  2.8268E+44
  4.2170E-01  3.0906E+44  1.2470E+38  4.9292E+42  3.0413E+44
  4.4670E-01  3.2962E+44  3.5198E+38  4.3417E+42  3.2528E+44
  4.7320E-01  3.5035E+44  9.3184E+38  3.8111E+42  3.4654E+44
  5.0120E-01  3.7060E+44  2.3170E+39  3.3337E+42  3.6726E+44
  5.3090E-01  3.9236E+44  5.4730E+39  2.8980E+42  3.8946E+44
  5.6230E-01  4.1069E+44  1.2119E+40  2.5236E+42  4.0815E+44
  5.9570E-01  4.2674E+44  2.5446E+40  2.1942E+42  4.2452E+44
  6.3100E-01  4.4230E+44  5.0832E+40  1.9003E+42  4.4035E+44
  6.6830E-01  4.5710E+44  9.6794E+40  1.6378E+42  4.5537E+44
  7.0790E-01  4.7020E+44  1.7616E+41  1.4078E+42  4.6861E+44
  7.4990E-01  4.7990E+44  3.0617E+41  1.2085E+42  4.7839E+44
  7.9430E-01  4.8784E+44  5.1059E+41  1.0326E+42  4.8629E+44
  8.4140E-01  4.9422E+44  8.2159E+41  8.7710E+41  4.9252E+44
  8.9130E-01  5.0074E+44  1.2830E+42  7.3766E+41  4.9872E+44
  9.4410E-01  5.0515E+44  1.9392E+42  6.1658E+41  5.0259E+44
  1.0000E+00  5.0594E+44  2.8371E+42  5.1336E+41  5.0259E+44
  1.0590E+00  5.0380E+44  4.0281E+42  4.2604E+41  4.9934E+44
  1.1220E+00  4.9913E+44  5.5955E+42  3.5122E+41  4.9318E+44
  1.1890E+00  4.9270E+44  7.6188E+42  2.8699E+41  4.8480E+44
  1.2590E+00  4.8596E+44  1.0132E+43  2.3192E+41  4.7559E+44
  1.3340E+00  4.7698E+44  1.3237E+43  1.8615E+41  4.6356E+44
  1.4130E+00  4.6608E+44  1.6892E+43  1.4939E+41  4.4904E+44
  1.4960E+00  4.5416E+44  2.1118E+43  1.1968E+41  4.3293E+44
  1.5850E+00  4.4133E+44  2.6060E+43  9.5277E+40  4.1518E+44
  1.6790E+00  4.2855E+44  3.1594E+43  7.5297E+40  3.9688E+44
  1.7780E+00  4.1597E+44  3.7604E+43  5.8987E+40  3.7831E+44
  1.8840E+00  4.0328E+44  4.4162E+43  4.5735E+40  3.5907E+44
  1.9950E+00  3.9096E+44  5.0947E+43  3.5156E+40  3.3998E+44
  2.1130E+00  3.7864E+44  5.7916E+43  2.6795E+40  3.2069E+44
  2.2390E+00  3.6623E+44  6.4876E+43  2.0275E+40  3.0133E+44
  2.3710E+00  3.5401E+44  7.1459E+43  1.5263E+40  2.8253E+44
  2.5120E+00  3.4168E+44  7.7700E+43  1.1445E+40  2.6397E+44
  2.6610E+00  3.2939E+44  8.3300E+43  8.5601E+39  2.4608E+44
  2.8180E+00  3.1703E+44  8.8016E+43  6.3881E+39  2.2901E+44
  2.9850E+00  3.0455E+44  9.1892E+43  4.7588E+39  2.1266E+44
  3.1620E+00  2.9193E+44  9.4779E+43  3.5390E+39  1.9715E+44
  3.3500E+00  2.7945E+44  9.6988E+43  2.6311E+39  1.8246E+44
  3.5480E+00  2.6674E+44  9.7961E+43  1.9522E+39  1.6877E+44
  3.7580E+00  2.5404E+44  9.8104E+43  1.4461E+39  1.5593E+44
  3.9810E+00  2.4139E+44  9.7478E+43  1.0696E+39  1.4391E+44
  4.2170E+00  2.2881E+44  9.6080E+43  7.8981E+38  1.3273E+44
  4.4670E+00  2.1636E+44  9.4020E+43  5.8200E+38  1.2234E+44
  4.7320E+00  2.0424E+44  9.1548E+43  4.2801E+38  1.1269E+44
  5.0120E+00  1.9276E+44  8.8763E+43  3.1470E+38  1.0400E+44
  5.3090E+00  1.7855E+44  8.5715E+43  2.2683E+38  9.2839E+43
  5.6230E+00  1.6478E+44  8.2565E+43  1.6264E+38  8.2219E+43
  5.9570E+00  1.5170E+44  7.9479E+43  1.1614E+38  7.2218E+43
  6.3100E+00  1.3870E+44  7.5684E+43  8.2201E+37  6.3015E+43
  6.6830E+00  1.2731E+44  7.2666E+43  5.8166E+37  5.4643E+43
  7.0790E+00  1.1608E+44  6.8998E+43  4.0631E+37  4.7086E+43
  7.4990E+00  1.1012E+44  6.9866E+43  2.9244E+37  4.0259E+43
  7.9430E+00  1.2637E+44  9.2468E+43  2.5872E+37  3.3901E+43
  8.4140E+00  1.6634E+44  1.3832E+44  2.8589E+37  2.8024E+43
  8.9130E+00  2.0130E+44  1.7825E+44  3.1082E+37  2.3050E+43
  9.4410E+00  2.2880E+44  2.0990E+44  3.5185E+37  1.8901E+43
  1.0000E+01  1.9788E+44  1.8187E+44  2.5624E+37  1.6012E+43
  1.0590E+01  1.6118E+44  1.4758E+44  1.6944E+37  1.3597E+43
  1.1220E+01  1.2430E+44  1.1279E+44  9.8510E+36  1.1513E+43
  1.1890E+01  9.6721E+43  8.7057E+43  5.8232E+36  9.6640E+42
  1.2590E+01  7.5086E+43  6.6996E+43  3.3695E+36  8.0905E+42
  1.3340E+01  5.8989E+43  5.2268E+43  1.9490E+36  6.7215E+42
  1.4130E+01  4.9243E+43  4.3688E+43  1.1809E+36  5.5551E+42
  1.4960E+01  4.7541E+43  4.2982E+43  8.5780E+35  4.5590E+42
  1.5850E+01  4.7630E+43  4.3912E+43  6.7642E+35  3.7176E+42
  1.6790E+01  4.7832E+43  4.4806E+43  5.5666E+35  3.0259E+42
  1.7780E+01  4.6433E+43  4.3968E+43  4.5584E+35  2.4647E+42
  1.8840E+01  4.2350E+43  4.0344E+43  3.5080E+35  2.0062E+42
  1.9950E+01  3.6307E+43  3.4667E+43  2.4570E+35  1.6395E+42
  2.1130E+01  3.0672E+43  2.9334E+43  1.6421E+35  1.3373E+42
  2.2390E+01  2.6060E+43  2.4973E+43  1.0998E+35  1.0868E+42
  2.3710E+01  2.2240E+43  2.1356E+43  7.3667E+34  8.8374E+41
  2.5120E+01  1.8989E+43  1.8272E+43  4.9485E+34  7.1619E+41
  2.6610E+01  1.6174E+43  1.5594E+43  3.3091E+34  5.7992E+41
  2.8180E+01  1.3742E+43  1.3272E+43  2.2141E+34  4.6949E+41
  2.9850E+01  1.1600E+43  1.1220E+43  1.4760E+34  3.7932E+41
  3.1620E+01  9.7044E+42  9.3983E+42  9.7601E+33  3.0610E+41
  3.3500E+01  8.0349E+42  7.7882E+42  6.3978E+33  2.4666E+41
  3.5480E+01  6.5873E+42  6.3885E+42  4.1602E+33  1.9881E+41
  3.7580E+01  5.3342E+42  5.1741E+42  2.6748E+33  1.6009E+41
  3.9810E+01  4.2573E+42  4.1285E+42  1.6974E+33  1.2874E+41
  4.2170E+01  3.3570E+42  3.2535E+42  1.0644E+33  1.0348E+41
  4.4670E+01  2.6178E+42  2.5346E+42  6.5945E+32  8.3121E+40
  4.7320E+01  2.0215E+42  1.9548E+42  4.0440E+32  6.6711E+40
  5.0120E+01  1.5483E+42  1.4948E+42  2.4586E+32  5.3538E+40
  5.3090E+01  1.1765E+42  1.1336E+42  1.4827E+32  4.2927E+40
  5.6230E+01  8.8853E+41  8.5411E+41  8.8852E+31  3.4414E+40
  5.9570E+01  6.6657E+41  6.3903E+41  5.2884E+31  2.7547E+40
  6.3100E+01  4.9791E+41  4.7586E+41  3.1345E+31  2.2052E+40
  6.6830E+01  3.7054E+41  3.5289E+41  1.8514E+31  1.7653E+40
  7.0790E+01  2.7477E+41  2.6065E+41  1.0899E+31  1.4118E+40
  7.4990E+01  2.0308E+41  1.9180E+41  6.3979E+30  1.1284E+40
  7.9430E+01  1.4980E+41  1.4078E+41  3.7506E+30  9.0181E+39
  8.4140E+01  1.1026E+41  1.0306E+41  2.1947E+30  7.2027E+39
  8.9130E+01  8.1072E+40  7.5322E+40  1.2839E+30  5.7503E+39
  9.4410E+01  5.9555E+40  5.4965E+40  7.5085E+29  4.5906E+39
  1.0000E+02  4.3710E+40  4.0046E+40  4.3903E+29  3.6641E+39
  1.0590E+02  3.2097E+40  2.9172E+40  2.5708E+29  2.9259E+39
  1.1220E+02  2.3557E+40  2.1225E+40  1.5048E+29  2.3317E+39
  1.1890E+02  1.7317E+40  1.5461E+40  8.8272E+28  1.8561E+39
  1.2590E+02  1.2814E+40  1.1332E+40  5.2151E+28  1.4818E+39
  1.3340E+02  9.5055E+39  8.3259E+39  3.0935E+28  1.1796E+39
  1.4130E+02  7.0217E+39  6.0816E+39  1.8365E+28  9.4011E+38
  1.4960E+02  5.1177E+39  4.3673E+39  1.0779E+28  7.5046E+38
  1.5850E+02  3.7110E+39  3.1137E+39  6.2866E+27  5.9728E+38
  1.7780E+02  1.9751E+39  1.5959E+39  2.1657E+27  3.7916E+38
  1.9950E+02  1.0605E+39  8.2018E+38  7.5502E+26  2.4030E+38
  2.2390E+02  5.7326E+38  4.2117E+38  2.6602E+26  1.5209E+38
  2.5120E+02  3.1259E+38  2.1625E+38  9.4847E+25  9.6343E+37
  2.8180E+02  1.7191E+38  1.1088E+38  3.4194E+25  6.1027E+37
  3.1620E+02  9.5324E+37  5.6715E+37  1.2450E+25  3.8609E+37
  3.5480E+02  5.3385E+37  2.8968E+37  4.5796E+24  2.4417E+37
  3.9810E+02  3.0214E+37  1.4774E+37  1.7022E+24  1.5440E+37
  4.4670E+02  1.7283E+37  7.5235E+36  6.3865E+23  9.7592E+36
  5.0120E+02  9.9963E+36  3.8273E+36  2.4177E+23  6.1689E+36
  5.6230E+02  5.8457E+36  1.9456E+36  9.2260E+22  3.9001E+36
  6.3100E+02  3.4498E+36  9.8703E+35  3.5426E+22  2.4628E+36
  7.0790E+02  2.0575E+36  5.0077E+35  1.3700E+22  1.5567E+36
  7.9430E+02  1.2369E+36  2.5364E+35  5.3221E+21  9.8322E+35
  8.9130E+02  7.4907E+35  1.2832E+35  2.0761E+21  6.2075E+35
  1.0000E+03  4.5703E+35  6.4900E+34  8.1344E+20  3.9213E+35
