  1.0000E-03  1.6107E+43  3.0352E-01  1.6105E+43  2.0634E+39
  1.1220E-03  6.6823E+42  2.3033E-01  6.6822E+42  7.8698E+37
  1.2590E-03  2.4866E+42  1.8221E-01  2.4866E+42  2.1191E+36
  1.4130E-03  8.5484E+41  1.4947E-01  8.5484E+41  4.1038E+34
  1.5850E-03  3.6063E+41  1.3292E-01  3.6063E+41  9.4091E+32
  1.7780E-03  5.0583E+41  1.4367E-01  5.0583E+41  7.8342E+31
  1.9950E-03  1.2520E+41  1.1180E-01  1.2520E+41  9.1422E+28
  2.2390E-03  3.3951E+40  9.6969E-02  3.3951E+40  2.5781E+26
  2.5120E-03  5.8635E+40  1.0386E-01  5.8635E+40  4.7929E+24
  2.8180E-03  1.0491E+40  8.0181E-02  1.0491E+40  4.1226E+20
  3.1620E-03  2.1302E+39  6.6861E-02  2.1302E+39  8.0145E+16
  3.5480E-03  4.6635E+38  5.8252E-02  4.6635E+38  2.6267E+13
  3.9810E-03  1.1365E+38  5.2843E-02  1.1365E+38  1.9464E+10
  4.4670E-03  7.3828E+40  1.5641E-01  7.3828E+40  2.8887E+28
  5.0120E-03  1.6509E+40  1.2261E-01  1.6509E+40  2.4894E+23
  5.6230E-03  3.7623E+39  1.0084E-01  3.7623E+39  1.9415E+18
  5.9570E-03  1.8485E+39  9.3172E-02  1.8485E+39  6.6698E+15
  6.6830E-03  5.1454E+38  8.3056E-02  5.1454E+38  2.4405E+11
  7.4990E-03  1.9811E+38  7.8795E-02  1.9811E+38  4.3093E+07
  8.4140E-03  5.9954E+37  7.3062E-02  5.9954E+37  3.7942E+03
  9.4410E-03  2.2079E+37  7.0758E-02  2.2079E+37  1.3374E+00
  1.0590E-02  1.1899E+37  7.3842E-02  1.1899E+37  6.9463E-03
  1.1890E-02  5.2470E+36  7.1775E-02  5.2470E+36  1.5483E-06
  1.3340E-02  2.2822E+36  7.1990E-02  2.2822E+36  1.3498E-09
  1.4960E-02  8.7261E+35  7.0630E-02  8.7261E+35  3.8167E-13
  1.6790E-02  3.4775E+35  7.0380E-02  3.4775E+35  1.6938E-16
  1.8840E-02  1.5077E+35  7.1338E-02  1.5077E+35  1.3328E-19
  2.1130E-02  6.6793E+34  7.1829E-02  6.6793E+34  6.0815E-23
  2.3710E-02  2.7567E+34  7.2182E-02  2.7567E+34  2.1477E-26
  2.6610E-02  1.0399E+34  7.2049E-02  1.0399E+34  4.1760E-30
  2.9850E-02  3.9647E+33  7.2241E-02  3.9647E+33  7.3869E-34
  3.3500E-02  1.4790E+33  7.2536E-02  1.4790E+33  1.0414E-37
  3.7580E-02  1.1233E+33  7.8796E-02  1.1233E+33  1.8491E-38
  4.2170E-02  6.8051E+32  8.0130E-02  6.8051E+32  2.3588E-42
  4.7320E-02  8.0739E+31  7.0729E-02  8.0739E+31  5.7335E-52
  5.3090E-02  5.9495E+30  5.6005E-02  5.9495E+30  2.2476E-63
  6.6830E-02  2.6156E+26  1.9753E-02  2.6156E+26  9.3330-106
  7.4990E-02  4.6002E+23  1.0779E-02  4.6002E+23  1.0977-134
  8.4140E-02  1.8311E+24  1.2084E-02  1.8311E+24  1.3192-126
  9.4410E-02  5.2318E+24  1.2998E-02  5.2318E+24  1.2662-120
  1.0590E-01  4.2113E+26  1.7773E-02  4.2113E+26  9.2140E-99
  1.1890E-01  4.9285E+28  2.4179E-02  4.9285E+28  2.1336E-74
  1.3340E-01  1.6721E+30  2.9405E-02  1.6721E+30  1.6373E-56
  1.4960E-01  1.2225E+31  3.1520E-02  1.2225E+31  2.6739E-44
  1.5850E-01  1.7684E+31  3.0300E-02  1.7684E+31  2.6329E-42
  1.7780E-01  1.0927E+31  2.4005E-02  1.0927E+31  3.8801E-48
  1.9950E-01  1.3794E+29  1.3182E-02  1.3794E+29  1.4544E-71
  2.2390E-01  1.0587E+28  8.7222E-03  1.0587E+28  6.0109E-87
  2.3710E-01  3.1737E+29  1.1065E-02  3.1737E+29  2.5281E-73
  2.5120E-01  1.0115E+31  1.4429E-02  1.0115E+31  4.4023E-59
  2.6610E-01  9.9796E+31  1.6995E-02  9.9796E+31  1.3694E-49
  2.8180E-01  4.9418E+32  1.8822E-02  4.9418E+32  5.8618E-43
  2.9850E-01  1.7321E+33  2.1312E-02  1.7321E+33  8.0856E-38
  3.1620E-01  5.4651E+33  7.7738E-01  5.4651E+33  2.8583E-33
  3.3500E-01  1.5816E+34  3.0345E+02  1.5816E+34  3.7674E-29
  3.5480E-01  4.0748E+34  7.1185E+04  4.0748E+34  1.6662E-25
  3.7580E-01  1.0408E+35  1.4101E+07  1.0408E+35  4.9510E-22
  3.9810E-01  2.4741E+35  1.8552E+09  2.4741E+35  7.8945E-19
  4.2170E-01  6.3613E+35  2.7513E+11  6.3613E+35  1.7784E-15
  4.4670E-01  1.6171E+36  3.2464E+13  1.6171E+36  3.1864E-12
  4.7320E-01  4.0351E+36  3.2250E+15  4.0351E+36  4.5506E-09
  5.0120E-01  9.7380E+36  2.6100E+17  9.7380E+36  4.7958E-06
  5.3090E-01  2.3704E+37  1.9805E+19  2.3704E+37  4.6635E-03
  5.6230E-01  5.4259E+37  1.0787E+21  5.4259E+37  2.7287E+00
  5.9570E-01  1.1955E+38  4.7062E+22  1.1955E+38  1.1428E+03
  6.3100E-01  2.5968E+38  1.7914E+24  2.5968E+38  4.1293E+05
  6.6830E-01  5.5402E+38  5.9458E+25  5.5402E+38  1.2403E+08
  7.0790E-01  1.1612E+39  1.6799E+27  1.1612E+39  3.1996E+10
  7.4990E-01  2.3213E+39  3.7698E+28  2.3213E+39  6.1404E+12
  7.9430E-01  4.5104E+39  7.2531E+29  4.5104E+39  1.0381E+15
  8.4140E-01  8.5739E+39  1.2243E+31  8.5739E+39  1.5262E+17
  8.9130E-01  1.6309E+40  1.9513E+32  1.6309E+40  2.3536E+19
  9.4410E-01  3.0134E+40  2.6656E+33  3.0134E+40  2.8903E+21
  1.0000E+00  5.2747E+40  2.9458E+34  5.2747E+40  2.4348E+23
  1.0590E+00  8.8530E+40  2.6914E+35  8.8529E+40  1.5343E+25
  1.1220E+00  1.4369E+41  2.1205E+36  1.4369E+41  7.8893E+26
  1.1890E+00  2.2687E+41  1.4666E+37  2.2685E+41  3.4026E+28
  1.2590E+00  3.5366E+41  9.0806E+37  3.5357E+41  1.3019E+30
  1.3340E+00  5.4285E+41  4.8671E+38  5.4236E+41  3.7807E+31
  1.4130E+00  8.1857E+41  2.1854E+39  8.1638E+41  7.6486E+32
  1.4960E+00  1.2207E+42  8.4649E+39  1.2123E+42  1.1565E+34
  1.5850E+00  1.8098E+42  2.9308E+40  1.7805E+42  1.3966E+35
  1.6790E+00  2.6819E+42  9.1674E+40  2.5902E+42  1.4051E+36
  1.7780E+00  3.9635E+42  2.6022E+41  3.7032E+42  1.1857E+37
  1.8840E+00  5.8252E+42  6.7404E+41  5.1510E+42  8.3084E+37
  1.9950E+00  8.5017E+42  1.5843E+42  6.9169E+42  4.8081E+38
  2.1130E+00  1.2316E+43  3.3958E+42  8.9175E+42  2.2907E+39
  2.2390E+00  1.7678E+43  6.6606E+42  1.1009E+43  9.0420E+39
  2.3710E+00  2.4976E+43  1.1967E+43  1.2979E+43  2.9854E+40
  2.5120E+00  3.4604E+43  1.9883E+43  1.4637E+43  8.3473E+40
  2.6610E+00  4.6742E+43  3.0724E+43  1.5815E+43  2.0182E+41
  2.8180E+00  6.1316E+43  4.4475E+43  1.6411E+43  4.3065E+41
  2.9850E+00  7.7996E+43  6.0776E+43  1.6397E+43  8.2251E+41
  3.1620E+00  9.6198E+43  7.8934E+43  1.5831E+43  1.4337E+42
  3.3500E+00  1.1487E+44  9.7819E+43  1.4771E+43  2.2823E+42
  3.5480E+00  1.3321E+44  1.1640E+44  1.3394E+43  3.4113E+42
  3.7580E+00  1.5018E+44  1.3358E+44  1.1811E+43  4.7936E+42
  3.9810E+00  1.6496E+44  1.4842E+44  1.0155E+43  6.3916E+42
  4.2170E+00  1.7683E+44  1.6016E+44  8.5309E+42  8.1472E+42
  4.4670E+00  1.8541E+44  1.6840E+44  7.0157E+42  9.9909E+42
  4.7320E+00  1.9053E+44  1.7305E+44  5.6539E+42  1.1823E+43
  5.0120E+00  1.9233E+44  1.7426E+44  4.4774E+42  1.3591E+43
  5.3090E+00  1.9050E+44  1.7233E+44  3.4635E+42  1.4713E+43
  5.6230E+00  1.8583E+44  1.6778E+44  2.6343E+42  1.5412E+43
  5.9570E+00  1.7882E+44  1.6120E+44  1.9732E+42  1.5643E+43
  6.3100E+00  1.6967E+44  1.5263E+44  1.4552E+42  1.5585E+43
  6.6830E+00  1.5983E+44  1.4371E+44  1.0621E+42  1.5053E+43
  7.0790E+00  1.4880E+44  1.3371E+44  7.6178E+41  1.4337E+43
  7.4990E+00  1.3847E+44  1.2541E+44  5.3703E+41  1.2526E+43
  7.9430E+00  1.2632E+44  1.1834E+44  3.6454E+41  7.6118E+42
  8.4140E+00  9.5265E+43  9.2136E+43  2.1612E+41  2.9127E+42
  8.9130E+00  6.3448E+43  6.2244E+43  1.2306E+41  1.0806E+42
  9.4410E+00  4.0460E+43  3.9976E+43  7.5550E+40  4.0815E+41
  1.0000E+01  4.3386E+43  4.2804E+43  6.9753E+40  5.1298E+41
  1.0590E+01  4.9223E+43  4.8396E+43  6.6514E+40  7.6107E+41
  1.1220E+01  5.5403E+43  5.4155E+43  5.9073E+40  1.1887E+42
  1.1890E+01  5.6709E+43  5.5093E+43  4.7806E+40  1.5681E+42
  1.2590E+01  5.5327E+43  5.3397E+43  3.6088E+40  1.8937E+42
  1.3340E+01  5.1666E+43  4.9576E+43  2.5591E+40  2.0651E+42
  1.4130E+01  4.7254E+43  4.5269E+43  1.7299E+40  1.9681E+42
  1.4960E+01  4.3420E+43  4.1894E+43  1.1893E+40  1.5138E+42
  1.5850E+01  4.0079E+43  3.8984E+43  8.5145E+39  1.0863E+42
  1.6790E+01  3.7226E+43  3.6456E+43  6.3545E+39  7.6341E+41
  1.7780E+01  3.5095E+43  3.4529E+43  4.9620E+39  5.6099E+41
  1.8840E+01  3.3822E+43  3.3362E+43  3.9941E+39  4.5606E+41
  1.9950E+01  3.3118E+43  3.2702E+43  3.1970E+39  4.1290E+41
  2.1130E+01  3.2507E+43  3.2128E+43  2.4850E+39  3.7704E+41
  2.2390E+01  3.1945E+43  3.1608E+43  1.9188E+39  3.3518E+41
  2.3710E+01  3.1444E+43  3.1149E+43  1.4733E+39  2.9355E+41
  2.5120E+01  3.0933E+43  3.0678E+43  1.1298E+39  2.5311E+41
  2.6610E+01  3.0356E+43  3.0138E+43  8.6064E+38  2.1664E+41
  2.8180E+01  2.9659E+43  2.9474E+43  6.5352E+38  1.8431E+41
  2.9850E+01  2.8776E+43  2.8619E+43  4.9324E+38  1.5604E+41
  3.1620E+01  2.7652E+43  2.7520E+43  3.6858E+38  1.3195E+41
  3.3500E+01  2.6275E+43  2.6163E+43  2.7248E+38  1.1149E+41
  3.5480E+01  2.4664E+43  2.4570E+43  1.9919E+38  9.4304E+40
  3.7580E+01  2.2839E+43  2.2759E+43  1.4374E+38  7.9837E+40
  3.9810E+01  2.0815E+43  2.0748E+43  1.0227E+38  6.7696E+40
  4.2170E+01  1.8692E+43  1.8634E+43  7.1730E+37  5.7404E+40
  4.4670E+01  1.6543E+43  1.6495E+43  4.9558E+37  4.8610E+40
  4.7320E+01  1.4444E+43  1.4403E+43  3.3774E+37  4.1050E+40
  5.0120E+01  1.2448E+43  1.2413E+43  2.2722E+37  3.4572E+40
  5.3090E+01  1.0592E+43  1.0563E+43  1.5096E+37  2.9002E+40
  5.6230E+01  8.9096E+42  8.8854E+42  9.9180E+36  2.4239E+40
  5.9570E+01  7.4076E+42  7.3874E+42  6.4422E+36  2.0159E+40
  6.3100E+01  6.0975E+42  6.0808E+42  4.1452E+36  1.6706E+40
  6.6830E+01  4.9719E+42  4.9581E+42  2.6439E+36  1.3797E+40
  7.0790E+01  4.0185E+42  4.0072E+42  1.6724E+36  1.1346E+40
  7.4990E+01  3.2202E+42  3.2109E+42  1.0496E+36  9.2961E+39
  7.9430E+01  2.5612E+42  2.5536E+42  6.5436E+35  7.5958E+39
  8.4140E+01  2.0224E+42  2.0163E+42  4.0521E+35  6.1868E+39
  8.9130E+01  1.5874E+42  1.5824E+42  2.4963E+35  5.0252E+39
  9.4410E+01  1.2386E+42  1.2346E+42  1.5298E+35  4.0734E+39
  1.0000E+02  9.6098E+41  9.5769E+41  9.3286E+34  3.2954E+39
  1.0590E+02  7.4236E+41  7.3969E+41  5.6689E+34  2.6629E+39
  1.1220E+02  5.7096E+41  5.6882E+41  3.4303E+34  2.1441E+39
  1.1890E+02  4.3818E+41  4.3646E+41  2.0727E+34  1.7221E+39
  1.2590E+02  3.3707E+41  3.3568E+41  1.2565E+34  1.3852E+39
  1.3340E+02  2.5938E+41  2.5827E+41  7.6351E+33  1.1098E+39
  1.4130E+02  1.9767E+41  1.9678E+41  4.6129E+33  8.8990E+38
  1.4960E+02  1.4743E+41  1.4672E+41  2.7253E+33  7.1500E+38
  1.5850E+02  1.0901E+41  1.0844E+41  1.5923E+33  5.7242E+38
  1.7780E+02  5.9759E+40  5.9392E+40  5.4500E+32  3.6678E+38
  1.9950E+02  3.2600E+40  3.2366E+40  1.8597E+32  2.3410E+38
  2.2390E+02  1.7647E+40  1.7498E+40  6.3109E+31  1.4898E+38
  2.5120E+02  9.4910E+39  9.3963E+39  2.1315E+31  9.4778E+37
  2.8180E+02  5.0704E+39  5.0102E+39  7.1637E+30  6.0239E+37
  3.1620E+02  2.6905E+39  2.6523E+39  2.3952E+30  3.8212E+37
  3.5480E+02  1.4204E+39  1.3962E+39  7.9788E+29  2.4217E+37
  3.9810E+02  7.4648E+38  7.3115E+38  2.6512E+29  1.5339E+37
  4.4670E+02  3.9080E+38  3.8109E+38  8.7919E+28  9.7086E+36
  5.0120E+02  2.0402E+38  1.9788E+38  2.9136E+28  6.1435E+36
  5.6230E+02  1.0631E+38  1.0242E+38  9.6571E+27  3.8872E+36
  6.3100E+02  5.5251E+37  5.2794E+37  3.2020E+27  2.4563E+36
  7.0790E+02  2.8718E+37  2.7164E+37  1.0650E+27  1.5535E+36
  7.9430E+02  1.4913E+37  1.3931E+37  3.5509E+26  9.8158E+35
  8.9130E+02  7.7461E+36  7.1261E+36  1.1888E+26  6.1993E+35
  1.0000E+03  4.0312E+36  3.6395E+36  4.0052E+25  3.9171E+35
