  1.0000E-03  1.4955E+42  0.0000E+00  1.2429E+42  2.5266E+41
  1.1220E-03  6.4857E+41  0.0000E+00  6.1249E+41  3.6083E+40
  1.2590E-03  2.8886E+41  0.0000E+00  2.8433E+41  4.5277E+39
  1.4130E-03  1.2795E+41  0.0000E+00  1.2743E+41  5.1665E+38
  1.5850E-03  6.6607E+40  0.0000E+00  6.6523E+40  8.3272E+37
  1.7780E-03  7.4299E+40  0.0000E+00  7.4251E+40  4.8253E+37
  1.9950E-03  2.6529E+40  0.0000E+00  2.6528E+40  1.2007E+36
  2.2390E-03  1.0596E+40  0.0000E+00  1.0596E+40  7.3386E+34
  2.5120E-03  1.3617E+40  0.0000E+00  1.3617E+40  2.3036E+34
  2.8180E-03  4.2065E+39  0.0000E+00  4.2065E+39  1.1356E+32
  3.1620E-03  1.4109E+39  0.0000E+00  1.4109E+39  9.7806E+29
  3.5480E-03  4.9341E+38  0.0000E+00  4.9341E+38  1.1195E+28
  3.9810E-03  1.8483E+38  0.0000E+00  1.8483E+38  1.9532E+26
  4.4670E-03  3.2913E+40  0.0000E+00  3.2913E+40  3.0940E+33
  5.0120E-03  1.1037E+40  0.0000E+00  1.1037E+40  1.0070E+31
  5.6230E-03  3.6977E+39  0.0000E+00  3.6977E+39  3.4494E+28
  5.9570E-03  2.1747E+39  0.0000E+00  2.1747E+39  2.2919E+27
  6.6830E-03  8.3142E+38  0.0000E+00  8.3142E+38  1.8214E+25
  7.4990E-03  3.9538E+38  0.0000E+00  3.9538E+38  4.0385E+23
  8.4140E-03  1.6146E+38  0.0000E+00  1.6146E+38  4.2993E+21
  9.4410E-03  7.5129E+37  0.0000E+00  7.5129E+37  1.1361E+20
  1.0590E-02  4.4584E+37  0.0000E+00  4.4584E+37  2.2240E+19
  1.1890E-02  2.3962E+37  0.0000E+00  2.3962E+37  3.6311E+17
  1.3340E-02  1.2499E+37  0.0000E+00  1.2499E+37  1.6892E+16
  1.4960E-02  6.0077E+36  0.0000E+00  6.0077E+36  3.3903E+14
  1.6790E-02  2.9531E+36  0.0000E+00  2.9531E+36  9.7609E+12
  1.8840E-02  1.5298E+36  0.0000E+00  1.5298E+36  4.4725E+11
  2.1130E-02  8.1147E+35  0.0000E+00  8.1147E+35  1.3660E+10
  2.3710E-02  4.0859E+35  0.0000E+00  4.0859E+35  3.6082E+08
  2.6610E-02  1.9256E+35  0.0000E+00  1.9256E+35  6.7881E+06
  2.9850E-02  9.0879E+34  0.0000E+00  9.0879E+34  1.3608E+05
  3.3500E-02  4.2033E+34  0.0000E+00  4.2033E+34  2.5533E+03
  3.7580E-02  3.4712E+34  0.0000E+00  3.4712E+34  9.5931E+02
  4.2170E-02  2.4969E+34  1.2754E-83  2.4969E+34  1.7127E+01
  4.7320E-02  4.8330E+33  6.3814E-77  4.8330E+33  1.1565E-03
  5.3090E-02  6.6399E+32  4.1054E-72  6.6399E+32  1.0794E-08
  6.6830E-02  3.8516E+29  4.1300E-74  3.8516E+29  1.1403E-28
  7.4990E-02  3.1822E+27  9.3434E-79  3.1822E+27  2.1070E-41
  8.4140E-02  8.7172E+27  2.7698E-70  8.7172E+27  2.8952E-38
  9.4410E-02  1.9328E+28  2.6567E-63  1.9328E+28  4.3025E-36
  1.0590E-01  5.5139E+29  4.3848E-51  5.5139E+29  2.9146E-27
  1.1890E-01  1.9179E+31  2.4166E-38  1.9179E+31  2.8946E-17
  1.3340E-01  3.1197E+32  1.3736E-28  3.1197E+32  4.8472E-10
  1.4960E-01  1.6816E+33  2.1848E-21  1.6816E+33  2.0295E-05
  1.5850E-01  2.2307E+33  3.7264E-19  2.2307E+33  1.3571E-04
  1.7780E-01  1.1030E+33  1.1401E-17  1.1030E+33  4.5999E-06
  1.9950E-01  2.3091E+31  1.3562E-22  2.3091E+31  1.5608E-14
  2.2390E-01  3.2646E+30  5.7340E-25  3.2646E+30  1.1192E-19
  2.3710E-01  4.5350E+31  1.3176E-18  4.5350E+31  1.9917E-13
  2.5120E-01  6.1853E+32  4.5843E-12  6.1853E+32  6.5614E-07
  2.6610E-01  3.4379E+33  2.0849E-07  3.4379E+33  1.6848E-02
  2.8180E-01  1.1310E+34  7.2081E-04  1.1310E+34  2.5607E+01
  2.9850E-01  2.8811E+34  5.7758E-01  2.8811E+34  8.2285E+03
  3.1620E-01  6.8198E+34  2.4521E+02  6.8198E+34  1.4500E+06
  3.3500E-01  1.5121E+35  6.4972E+04  1.5121E+35  1.6576E+08
  3.5480E-01  3.0640E+35  1.0139E+07  3.0640E+35  1.1494E+10
  3.7580E-01  6.1178E+35  1.3830E+09  6.1178E+35  7.4557E+11
  3.9810E-01  1.1617E+36  1.2479E+11  1.1617E+36  3.3223E+13
  4.2170E-01  2.3239E+36  1.3430E+13  2.3239E+36  1.9809E+15
  4.4670E-01  4.6184E+36  1.1680E+15  4.6184E+36  1.0097E+17
  4.7320E-01  9.0276E+36  8.7622E+16  9.0276E+36  4.6595E+18
  5.0120E-01  1.7166E+37  5.4747E+18  1.7166E+37  1.8659E+20
  5.3090E-01  3.2664E+37  3.3074E+20  3.2664E+37  7.6202E+21
  5.6230E-01  5.9476E+37  1.4354E+22  5.9476E+37  2.2775E+23
  5.9570E-01  1.0527E+38  5.0244E+23  1.0527E+38  5.6304E+24
  6.3100E-01  1.8438E+38  1.5650E+25  1.8438E+38  1.2874E+26
  6.6830E-01  3.1853E+38  4.3230E+26  3.1853E+38  2.7071E+27
  7.0790E-01  5.4546E+38  1.0278E+28  5.4546E+38  5.0369E+28
  7.4990E-01  9.0813E+38  1.9474E+29  9.0813E+38  7.5992E+29
  7.9430E-01  1.4926E+39  3.2055E+30  1.4926E+39  1.0222E+31
  8.4140E-01  2.4321E+39  4.6886E+31  2.4321E+39  1.2512E+32
  8.9130E-01  4.0067E+39  6.6180E+32  4.0067E+39  1.5221E+33
  9.4410E-01  6.5375E+39  8.0876E+33  6.5374E+39  1.6296E+34
  1.0000E+00  1.0412E+40  8.0082E+34  1.0412E+40  1.4238E+35
  1.0590E+00  1.6390E+40  6.5857E+35  1.6388E+40  1.0417E+36
  1.1220E+00  2.5761E+40  4.6923E+36  2.5750E+40  6.6370E+36
  1.1890E+00  4.0644E+40  2.9578E+37  4.0577E+40  3.7635E+37
  1.2590E+00  6.4965E+40  1.6938E+38  6.4599E+40  1.9637E+38
  1.3340E+00  1.0405E+41  8.3915E+38  1.0233E+41  8.8716E+38
  1.4130E+00  1.6511E+41  3.4821E+39  1.5826E+41  3.3684E+39
  1.4960E+00  2.6196E+41  1.2502E+40  2.3835E+41  1.1107E+40
  1.5850E+00  4.2243E+41  4.0175E+40  3.4950E+41  3.2757E+40
  1.6790E+00  7.0332E+41  1.1732E+41  4.9777E+41  8.8227E+40
  1.7780E+00  1.2147E+42  3.1271E+41  6.8391E+41  2.1805E+41
  1.8840E+00  2.1556E+42  7.6206E+41  9.0070E+41  4.9284E+41
  1.9950E+00  3.8453E+42  1.6941E+42  1.1314E+42  1.0198E+42
  2.1130E+00  6.7272E+42  3.4436E+42  1.3527E+42  1.9310E+42
  2.2390E+00  1.1319E+43  6.4213E+42  1.5398E+42  3.3577E+42
  2.3710E+00  1.8091E+43  1.1025E+43  1.6713E+42  5.3949E+42
  2.5120E+00  2.7355E+43  1.7567E+43  1.7375E+42  8.0505E+42
  2.6610E+00  3.9172E+43  2.6167E+43  1.7376E+42  1.1267E+43
  2.8180E+00  5.3341E+43  3.6733E+43  1.6790E+42  1.4929E+43
  2.9850E+00  6.9369E+43  4.8955E+43  1.5743E+42  1.8840E+43
  3.1620E+00  8.6643E+43  6.2369E+43  1.4382E+42  2.2836E+43
  3.3500E+00  1.0409E+44  7.6204E+43  1.2818E+42  2.6602E+43
  3.5480E+00  1.2134E+44  9.0042E+43  1.1203E+42  3.0174E+43
  3.7580E+00  1.3743E+44  1.0315E+44  9.6043E+41  3.3323E+43
  3.9810E+00  1.5171E+44  1.1493E+44  8.0901E+41  3.5966E+43
  4.2170E+00  1.6372E+44  1.2497E+44  6.7067E+41  3.8077E+43
  4.4670E+00  1.7319E+44  1.3299E+44  5.4778E+41  3.9649E+43
  4.7320E+00  1.7974E+44  1.3867E+44  4.4054E+41  4.0635E+43
  5.0120E+00  1.8348E+44  1.4197E+44  3.4946E+41  4.1160E+43
  5.3090E+00  1.8301E+44  1.4290E+44  2.7149E+41  3.9836E+43
  5.6230E+00  1.7965E+44  1.4163E+44  2.0765E+41  3.7808E+43
  5.9570E+00  1.7383E+44  1.3847E+44  1.5649E+41  3.5197E+43
  6.3100E+00  1.6615E+44  1.3367E+44  1.1630E+41  3.2368E+43
  6.6830E+00  1.5816E+44  1.2875E+44  8.5815E+40  2.9325E+43
  7.0790E+00  1.4920E+44  1.2283E+44  6.2340E+40  2.6308E+43
  7.4990E+00  1.3467E+44  1.1251E+44  4.2869E+40  2.2119E+43
  7.9430E+00  1.0034E+44  8.6313E+43  2.4946E+40  1.4006E+43
  8.4140E+00  5.8499E+43  5.2318E+43  1.3301E+40  6.1682E+42
  8.9130E+00  3.4623E+43  3.1958E+43  8.0240E+39  2.6570E+42
  9.4410E+00  2.1879E+43  2.0710E+43  5.6668E+39  1.1633E+42
  1.0000E+01  2.6000E+43  2.4676E+43  5.2558E+39  1.3193E+42
  1.0590E+01  3.3259E+43  3.1545E+43  4.9618E+39  1.7085E+42
  1.1220E+01  4.3184E+43  4.0869E+43  4.4307E+39  2.3106E+42
  1.1890E+01  5.0572E+43  4.7839E+43  3.7262E+39  2.7292E+42
  1.2590E+01  5.6254E+43  5.3231E+43  2.9916E+39  3.0198E+42
  1.3340E+01  5.9011E+43  5.5926E+43  2.2793E+39  3.0834E+42
  1.4130E+01  5.8680E+43  5.5844E+43  1.6344E+39  2.8348E+42
  1.4960E+01  5.5671E+43  5.3466E+43  1.1479E+39  2.2041E+42
  1.5850E+01  5.2630E+43  5.1006E+43  8.3593E+38  1.6236E+42
  1.6790E+01  5.0026E+43  4.8848E+43  6.3588E+38  1.1780E+42
  1.7780E+01  4.8298E+43  4.7411E+43  5.0624E+38  8.8655E+41
  1.8840E+01  4.7564E+43  4.6841E+43  4.1303E+38  7.2305E+41
  1.9950E+01  4.7291E+43  4.6648E+43  3.3259E+38  6.4286E+41
  2.1130E+01  4.6510E+43  4.5934E+43  2.5828E+38  5.7577E+41
  2.2390E+01  4.5054E+43  4.4549E+43  1.9750E+38  5.0493E+41
  2.3710E+01  4.3091E+43  4.2653E+43  1.4889E+38  4.3793E+41
  2.5120E+01  4.0637E+43  4.0262E+43  1.1113E+38  3.7482E+41
  2.6610E+01  3.7813E+43  3.7494E+43  8.1803E+37  3.1869E+41
  2.8180E+01  3.4715E+43  3.4445E+43  5.9648E+37  2.6934E+41
  2.9850E+01  3.1401E+43  3.1175E+43  4.2993E+37  2.2623E+41
  3.1620E+01  2.7975E+43  2.7785E+43  3.0560E+37  1.8939E+41
  3.3500E+01  2.4532E+43  2.4374E+43  2.1420E+37  1.5798E+41
  3.5480E+01  2.1197E+43  2.1065E+43  1.4818E+37  1.3157E+41
  3.7580E+01  1.8031E+43  1.7922E+43  1.0104E+37  1.0937E+41
  3.9810E+01  1.5086E+43  1.4996E+43  6.7900E+36  9.0837E+40
  4.2170E+01  1.2437E+43  1.2361E+43  4.4974E+36  7.5348E+40
  4.4670E+01  1.0109E+43  1.0047E+43  2.9343E+36  6.2381E+40
  4.7320E+01  8.1119E+42  8.0604E+42  1.8884E+36  5.1514E+40
  5.0120E+01  6.4346E+42  6.3922E+42  1.2003E+36  4.2457E+40
  5.3090E+01  5.0469E+42  5.0120E+42  7.5384E+35  3.4889E+40
  5.6230E+01  3.9214E+42  3.8928E+42  4.6850E+35  2.8605E+40
  5.9570E+01  3.0171E+42  2.9937E+42  2.8806E+35  2.3371E+40
  6.3100E+01  2.3042E+42  2.2851E+42  1.7566E+35  1.9057E+40
  6.6830E+01  1.7481E+42  1.7326E+42  1.0634E+35  1.5509E+40
  7.0790E+01  1.3179E+42  1.3053E+42  6.3917E+34  1.2588E+40
  7.4990E+01  9.8782E+41  9.7763E+41  3.8179E+34  1.0193E+40
  7.9430E+01  7.3718E+41  7.2894E+41  2.2696E+34  8.2418E+39
  8.4140E+01  5.4777E+41  5.4112E+41  1.3426E+34  6.6507E+39
  8.9130E+01  4.0578E+41  4.0043E+41  7.9155E+33  5.3580E+39
  9.4410E+01  2.9976E+41  2.9545E+41  4.6526E+33  4.3118E+39
  1.0000E+02  2.2085E+41  2.1738E+41  2.7268E+33  3.4660E+39
  1.0590E+02  1.6252E+41  1.5974E+41  1.5963E+33  2.7850E+39
  1.1220E+02  1.1936E+41  1.1713E+41  9.3219E+32  2.2315E+39
  1.1890E+02  8.7709E+40  8.5924E+40  5.4462E+32  1.7848E+39
  1.2590E+02  6.4820E+40  6.3390E+40  3.2008E+32  1.4306E+39
  1.3340E+02  4.8018E+40  4.6875E+40  1.8881E+32  1.1428E+39
  1.4130E+02  3.5334E+40  3.4420E+40  1.1104E+32  9.1377E+38
  1.4960E+02  2.5525E+40  2.4793E+40  6.4063E+31  7.3185E+38
  1.5850E+02  1.8310E+40  1.7726E+40  3.6611E+31  5.8422E+38
  1.7780E+02  9.5132E+39  9.1405E+39  1.2060E+31  3.7265E+38
  1.9950E+02  4.9599E+39  4.7228E+39  3.9918E+30  2.3705E+38
  2.2390E+02  2.5865E+39  2.4361E+39  1.3244E+30  1.5046E+38
  2.5120E+02  1.3509E+39  1.2554E+39  4.4099E+29  9.5522E+37
  2.8180E+02  7.0621E+38  6.4560E+38  1.4735E+29  6.0614E+37
  3.1620E+02  3.6942E+38  3.3102E+38  4.9402E+28  3.8401E+37
  3.5480E+02  1.9373E+38  1.6942E+38  1.6648E+28  2.4313E+37
  3.9810E+02  1.0194E+38  8.6549E+37  5.6485E+27  1.5387E+37
  4.4670E+02  5.3870E+37  4.4137E+37  1.9311E+27  9.7328E+36
  5.0120E+02  2.8636E+37  2.2481E+37  6.6631E+26  6.1556E+36
  5.6230E+02  1.5333E+37  1.1440E+37  2.3222E+26  3.8934E+36
  6.3100E+02  8.2684E+36  5.8089E+36  8.1745E+25  2.4594E+36
  7.0790E+02  4.5046E+36  2.9495E+36  2.9134E+25  1.5550E+36
  7.9430E+02  2.4774E+36  1.4950E+36  1.0495E+25  9.8237E+35
  8.9130E+02  1.3772E+36  7.5684E+35  3.8235E+24  6.2033E+35
  1.0000E+03  7.7491E+35  3.8300E+35  1.4095E+24  3.9191E+35
