  1.0000E-03  8.0188E+44  0.0000E+00  2.7913E+42  7.9909E+44
  1.1220E-03  8.7934E+44  0.0000E+00  3.5230E+42  8.7582E+44
  1.2590E-03  9.6281E+44  0.0000E+00  4.2420E+42  9.5856E+44
  1.4130E-03  1.0531E+45  0.0000E+00  4.9130E+42  1.0481E+45
  1.5850E-03  1.1554E+45  0.0000E+00  5.5560E+42  1.1499E+45
  1.7780E-03  1.2868E+45  0.0000E+00  6.9920E+42  1.2798E+45
  1.9950E-03  1.3834E+45  0.0000E+00  8.3714E+42  1.3750E+45
  2.2390E-03  1.5016E+45  0.0000E+00  9.0110E+42  1.4926E+45
  2.5120E-03  1.6618E+45  0.0000E+00  1.2049E+43  1.6497E+45
  2.8180E-03  1.7540E+45  0.0000E+00  1.4289E+43  1.7397E+45
  3.1620E-03  1.8629E+45  0.0000E+00  1.6095E+43  1.8468E+45
  3.5480E-03  1.9844E+45  0.0000E+00  1.7651E+43  1.9667E+45
  3.9810E-03  2.1234E+45  0.0000E+00  1.8945E+43  2.1045E+45
  4.4670E-03  2.8847E+45  0.0000E+00  2.8482E+43  2.8562E+45
  5.0120E-03  3.0323E+45  0.0000E+00  3.4949E+43  2.9974E+45
  5.6230E-03  3.1881E+45  0.0000E+00  4.1225E+43  3.1469E+45
  5.9570E-03  3.2739E+45  0.0000E+00  4.4216E+43  3.2297E+45
  6.6830E-03  3.4733E+45  0.0000E+00  4.9835E+43  3.4235E+45
  7.4990E-03  3.7276E+45  0.0000E+00  5.5531E+43  3.6721E+45
  8.4140E-03  3.9675E+45  0.0000E+00  6.1420E+43  3.9061E+45
  9.4410E-03  4.2649E+45  0.0000E+00  6.6582E+43  4.1983E+45
  1.0590E-02  4.6835E+45  0.0000E+00  6.9256E+43  4.6142E+45
  1.1890E-02  5.0147E+45  0.0000E+00  7.8953E+43  4.9357E+45
  1.3340E-02  5.4233E+45  0.0000E+00  8.4678E+43  5.3386E+45
  1.4960E-02  5.8093E+45  0.0000E+00  9.2098E+43  5.7172E+45
  1.6790E-02  6.2513E+45  0.0000E+00  9.8745E+43  6.1526E+45
  1.8840E-02  6.7591E+45  0.0000E+00  1.0467E+44  6.6544E+45
  2.1130E-02  7.2743E+45  0.0000E+00  1.1317E+44  7.1611E+45
  2.3710E-02  7.8179E+45  0.0000E+00  1.2115E+44  7.6968E+45
  2.6610E-02  8.3712E+45  0.0000E+00  1.2889E+44  8.2423E+45
  2.9850E-02  8.9644E+45  2.5682E-83  1.3612E+44  8.8283E+45
  3.3500E-02  9.5960E+45  1.5749E-68  1.4285E+44  9.4532E+45
  3.7580E-02  1.0628E+46  1.9509E-55  1.5522E+44  1.0473E+46
  4.2170E-02  1.1386E+46  8.1164E-44  1.7967E+44  1.1207E+46
  4.7320E-02  1.1425E+46  1.9407E-33  1.7961E+44  1.1245E+46
  5.3090E-02  1.0410E+46  3.0913E-24  1.6163E+44  1.0249E+46
  6.6830E-02  5.8664E+45  6.7610E-09  8.8641E+43  5.7777E+45
  7.4990E-02  4.0842E+45  1.6117E-02  5.3264E+43  4.0309E+45
  8.4140E-02  4.3418E+45  9.1771E+03  5.8250E+43  4.2836E+45
  9.4410E-02  4.5009E+45  1.1672E+09  6.3595E+43  4.4373E+45
  1.0590E-01  5.1991E+45  4.1650E+13  8.6091E+43  5.1130E+45
  1.1890E-01  5.7200E+45  4.0577E+17  1.0382E+44  5.6162E+45
  1.3340E-01  5.8508E+45  9.7800E+20  1.1339E+44  5.7374E+45
  1.4960E-01  5.5829E+45  1.2407E+24  1.0773E+44  5.4752E+45
  1.5850E-01  5.2381E+45  3.7299E+25  1.0126E+44  5.1369E+45
  1.7780E-01  4.2445E+45  1.8767E+28  8.2886E+43  4.1616E+45
  1.9950E-01  2.8470E+45  4.4982E+30  4.9307E+43  2.7977E+45
  2.2390E-01  2.0867E+45  4.8679E+32  3.3035E+43  2.0537E+45
  2.3710E-01  2.2643E+45  3.8231E+33  3.8858E+43  2.2254E+45
  2.5120E-01  2.4708E+45  2.5816E+34  4.3900E+43  2.4269E+45
  2.6610E-01  2.5484E+45  1.5446E+35  4.4994E+43  2.5034E+45
  2.8180E-01  2.5445E+45  8.2250E+35  4.3702E+43  2.5008E+45
  2.9850E-01  2.4947E+45  3.9261E+36  4.1614E+43  2.4531E+45
  3.1620E-01  2.4291E+45  1.6737E+37  3.9448E+43  2.3896E+45
  3.3500E-01  2.3529E+45  6.4857E+37  3.7161E+43  2.3157E+45
  3.5480E-01  2.2671E+45  2.2898E+38  3.4754E+43  2.2323E+45
  3.7580E-01  2.1823E+45  7.4756E+38  3.2295E+43  2.1500E+45
  3.9810E-01  2.0913E+45  2.2385E+39  2.9989E+43  2.0614E+45
  4.2170E-01  2.0108E+45  6.1808E+39  2.7716E+43  1.9830E+45
  4.4670E-01  1.9300E+45  1.5790E+40  2.5633E+43  1.9044E+45
  4.7320E-01  1.8502E+45  3.7896E+40  2.3599E+43  1.8266E+45
  5.0120E-01  1.7712E+45  8.5646E+40  2.1618E+43  1.7495E+45
  5.3090E-01  1.6957E+45  1.8357E+41  1.9675E+43  1.6758E+45
  5.6230E-01  1.6180E+45  3.7128E+41  1.7897E+43  1.5997E+45
  5.9570E-01  1.5402E+45  7.1440E+41  1.6235E+43  1.5233E+45
  6.3100E-01  1.4656E+45  1.3081E+42  1.4669E+43  1.4496E+45
  6.6830E-01  1.3938E+45  2.2831E+42  1.3190E+43  1.3784E+45
  7.0790E-01  1.3242E+45  3.8114E+42  1.1838E+43  1.3085E+45
  7.4990E-01  1.2559E+45  6.0910E+42  1.0610E+43  1.2392E+45
  7.9430E-01  1.1910E+45  9.3381E+42  9.4783E+42  1.1721E+45
  8.4140E-01  1.1297E+45  1.3795E+43  8.4335E+42  1.1074E+45
  8.9130E-01  1.0734E+45  1.9703E+43  7.4579E+42  1.0463E+45
  9.4410E-01  1.0209E+45  2.7200E+43  6.5679E+42  9.8710E+44
  1.0000E+00  9.7128E+44  3.6354E+43  5.7668E+42  9.2916E+44
  1.0590E+00  9.2531E+44  4.7137E+43  5.0551E+42  8.7312E+44
  1.1220E+00  8.8272E+44  5.9693E+43  4.4130E+42  8.1861E+44
  1.1890E+00  8.4403E+44  7.3951E+43  3.8289E+42  7.6625E+44
  1.2590E+00  8.1005E+44  8.9354E+43  3.2933E+42  7.1740E+44
  1.3340E+00  7.7865E+44  1.0592E+44  2.8165E+42  6.6992E+44
  1.4130E+00  7.4980E+44  1.2276E+44  2.4052E+42  6.2463E+44
  1.4960E+00  7.2349E+44  1.3958E+44  2.0473E+42  5.8186E+44
  1.5850E+00  6.9916E+44  1.5668E+44  1.7306E+42  5.4076E+44
  1.6790E+00  6.7664E+44  1.7303E+44  1.4494E+42  5.0216E+44
  1.7780E+00  6.5527E+44  1.8798E+44  1.1994E+42  4.6608E+44
  1.8840E+00  6.3461E+44  2.0186E+44  9.7943E+41  4.3177E+44
  1.9950E+00  6.1452E+44  2.1377E+44  7.8916E+41  3.9997E+44
  2.1130E+00  5.9446E+44  2.2383E+44  6.2755E+41  3.7000E+44
  2.2390E+00  5.7396E+44  2.3174E+44  4.9289E+41  3.4173E+44
  2.3710E+00  5.5305E+44  2.3706E+44  3.8295E+41  3.1562E+44
  2.5120E+00  5.3160E+44  2.4027E+44  2.9490E+41  2.9104E+44
  2.6610E+00  5.0954E+44  2.4107E+44  2.2537E+41  2.6825E+44
  2.8180E+00  4.8667E+44  2.3932E+44  1.7099E+41  2.4718E+44
  2.9850E+00  4.6322E+44  2.3552E+44  1.2896E+41  2.2757E+44
  3.1620E+00  4.3915E+44  2.2965E+44  9.6720E+40  2.0940E+44
  3.3500E+00  4.1543E+44  2.2280E+44  7.2310E+40  1.9256E+44
  3.5480E+00  3.9113E+44  2.1398E+44  5.3776E+40  1.7710E+44
  3.7580E+00  3.6706E+44  2.0422E+44  3.9838E+40  1.6280E+44
  3.9810E+00  3.4337E+44  1.9375E+44  2.9410E+40  1.4960E+44
  4.2170E+00  3.2018E+44  1.8271E+44  2.1640E+40  1.3744E+44
  4.4670E+00  2.9765E+44  1.7139E+44  1.5871E+40  1.2625E+44
  4.7320E+00  2.7619E+44  1.6024E+44  1.1608E+40  1.1595E+44
  5.0120E+00  2.5620E+44  1.4947E+44  8.4821E+39  1.0673E+44
  5.3090E+00  2.3420E+44  1.3914E+44  6.1038E+39  9.5059E+43
  5.6230E+00  2.1353E+44  1.2950E+44  4.3739E+39  8.4023E+43
  5.9570E+00  1.9442E+44  1.2074E+44  3.1250E+39  7.3682E+43
  6.3100E+00  1.7595E+44  1.1175E+44  2.2142E+39  6.4198E+43
  6.6830E+00  1.6014E+44  1.0454E+44  1.5723E+39  5.5600E+43
  7.0790E+00  1.4495E+44  9.7091E+43  1.1030E+39  4.7857E+43
  7.4990E+00  1.3693E+44  9.5993E+43  7.9844E+38  4.0937E+43
  7.9430E+00  1.5698E+44  1.2224E+44  7.0606E+38  3.4744E+43
  8.4140E+00  2.0575E+44  1.7652E+44  7.6403E+38  2.9226E+43
  8.9130E+00  2.4679E+44  2.2231E+44  8.0740E+38  2.4474E+43
  9.4410E+00  2.7755E+44  2.5713E+44  8.8775E+38  2.0420E+43
  1.0000E+01  2.3671E+44  2.1955E+44  6.5345E+38  1.7159E+43
  1.0590E+01  1.9120E+44  1.7679E+44  4.4114E+38  1.4402E+43
  1.1220E+01  1.4766E+44  1.3562E+44  2.6432E+38  1.2038E+43
  1.1890E+01  1.1604E+44  1.0603E+44  1.6097E+38  1.0009E+43
  1.2590E+01  9.2045E+43  8.3730E+43  9.6477E+37  8.3148E+42
  1.3340E+01  7.4584E+43  6.7715E+43  5.7979E+37  6.8685E+42
  1.4130E+01  6.4316E+43  5.8656E+43  3.6359E+37  5.6599E+42
  1.4960E+01  6.3142E+43  5.8490E+43  2.6819E+37  4.6519E+42
  1.5850E+01  6.4253E+43  6.0449E+43  2.1400E+37  3.8041E+42
  1.6790E+01  6.5793E+43  6.2687E+43  1.7847E+37  3.1062E+42
  1.7780E+01  6.5707E+43  6.3171E+43  1.4921E+37  2.5356E+42
  1.8840E+01  6.2461E+43  6.0397E+43  1.1870E+37  2.0638E+42
  1.9950E+01  5.6492E+43  5.4810E+43  8.7010E+36  1.6827E+42
  2.1130E+01  5.0603E+43  4.9234E+43  6.1116E+36  1.3690E+42
  2.2390E+01  4.5608E+43  4.4497E+43  4.3013E+36  1.1102E+42
  2.3710E+01  4.1232E+43  4.0331E+43  3.0238E+36  9.0115E+41
  2.5120E+01  3.7215E+43  3.6486E+43  2.1281E+36  7.2920E+41
  2.6610E+01  3.3412E+43  3.2823E+43  1.4876E+36  5.8965E+41
  2.8180E+01  2.9803E+43  2.9326E+43  1.0372E+36  4.7680E+41
  2.9850E+01  2.6309E+43  2.5924E+43  7.1822E+35  3.8481E+41
  3.1620E+01  2.2928E+43  2.2618E+43  4.9170E+35  3.1022E+41
  3.3500E+01  1.9698E+43  1.9448E+43  3.3258E+35  2.4974E+41
  3.5480E+01  1.6689E+43  1.6487E+43  2.2235E+35  2.0111E+41
  3.7580E+01  1.3920E+43  1.3758E+43  1.4656E+35  1.6179E+41
  3.9810E+01  1.1412E+43  1.1282E+43  9.5129E+34  1.3000E+41
  4.2170E+01  9.2202E+42  9.1158E+42  6.0872E+34  1.0440E+41
  4.4670E+01  7.3491E+42  7.2653E+42  3.8398E+34  8.3788E+40
  4.7320E+01  5.7884E+42  5.7212E+42  2.3927E+34  6.7193E+40
  5.0120E+01  4.5125E+42  4.4587E+42  1.4753E+34  5.3885E+40
  5.3090E+01  3.4836E+42  3.4405E+42  9.0063E+33  4.3176E+40
  5.6230E+01  2.6683E+42  2.6337E+42  5.4538E+33  3.4591E+40
  5.9570E+01  2.0271E+42  1.9994E+42  3.2750E+33  2.7674E+40
  6.3100E+01  1.5310E+42  1.5088E+42  1.9553E+33  2.2142E+40
  6.6830E+01  1.1504E+42  1.1327E+42  1.1615E+33  1.7717E+40
  7.0790E+01  8.6019E+41  8.4603E+41  6.8668E+32  1.4164E+40
  7.4990E+01  6.4031E+41  6.2900E+41  4.0425E+32  1.1316E+40
  7.9430E+01  4.7511E+41  4.6607E+41  2.3731E+32  9.0408E+39
  8.4140E+01  3.5139E+41  3.4417E+41  1.3888E+32  7.2187E+39
  8.9130E+01  2.5934E+41  2.5358E+41  8.1137E+31  5.7617E+39
  9.4410E+01  1.9102E+41  1.8642E+41  4.7327E+31  4.5987E+39
  1.0000E+02  1.4042E+41  1.3676E+41  2.7562E+31  3.6698E+39
  1.0590E+02  1.0318E+41  1.0025E+41  1.6054E+31  2.9299E+39
  1.1220E+02  7.5712E+40  7.3378E+40  9.3374E+30  2.3345E+39
  1.1890E+02  5.5609E+40  5.3751E+40  5.4384E+30  1.8582E+39
  1.2590E+02  4.1090E+40  3.9607E+40  3.1882E+30  1.4832E+39
  1.3340E+02  3.0435E+40  2.9254E+40  1.8766E+30  1.1807E+39
  1.4130E+02  2.2407E+40  2.1467E+40  1.1026E+30  9.4086E+38
  1.4960E+02  1.6218E+40  1.5467E+40  6.3711E+29  7.5099E+38
  1.5850E+02  1.1660E+40  1.1062E+40  3.6497E+29  5.9765E+38
  1.7780E+02  6.0848E+39  5.7055E+39  1.2092E+29  3.7934E+38
  1.9950E+02  3.1893E+39  2.9489E+39  4.0342E+28  2.4040E+38
  2.2390E+02  1.6741E+39  1.5219E+39  1.3528E+28  1.5214E+38
  2.5120E+02  8.8124E+38  7.8487E+38  4.5657E+27  9.6366E+37
  2.8180E+02  4.6502E+38  4.0398E+38  1.5508E+27  6.1038E+37
  3.1620E+02  2.4594E+38  2.0733E+38  5.3002E+26  3.8615E+37
  3.5480E+02  1.3063E+38  1.0621E+38  1.8259E+26  2.4420E+37
  3.9810E+02  6.9749E+37  5.4308E+37  6.3493E+25  1.5441E+37
  4.4670E+02  3.7480E+37  2.7720E+37  2.2298E+25  9.7600E+36
  5.0120E+02  2.0300E+37  1.4130E+37  7.9172E+24  6.1693E+36
  5.6230E+02  1.1096E+37  7.1960E+36  2.8428E+24  3.9003E+36
  6.3100E+02  6.1194E+36  3.6565E+36  1.0315E+24  2.4629E+36
  7.0790E+02  3.4146E+36  1.8578E+36  3.7883E+23  1.5568E+36
  7.9430E+02  1.9254E+36  9.4218E+35  1.4051E+23  9.8324E+35
  8.9130E+02  1.0980E+36  4.7721E+35  5.2618E+22  6.2077E+35
  1.0000E+03  6.3373E+35  2.4160E+35  1.9899E+22  3.9213E+35
