  1.0000E-03  4.7851E+40  0.0000E+00  4.7834E+40  1.7096E+37
  1.1220E-03  6.9956E+39  0.0000E+00  6.9954E+39  2.1524E+35
  1.2590E-03  9.5369E+38  0.0000E+00  9.5369E+38  2.0416E+33
  1.4130E-03  1.2600E+38  0.0000E+00  1.2600E+38  1.5720E+31
  1.5850E-03  2.4808E+37  0.0000E+00  2.4808E+37  2.5612E+29
  1.7780E-03  2.6315E+37  0.0000E+00  2.6315E+37  6.7284E+28
  1.9950E-03  1.6400E+36  0.0000E+00  1.6400E+36  1.8738E+25
  2.2390E-03  1.6493E+35  0.0000E+00  1.6493E+35  3.6752E+22
  2.5120E-03  1.5722E+35  0.0000E+00  1.5722E+35  2.5291E+21
  2.8180E-03  4.6456E+33  0.0000E+00  4.6456E+33  2.0728E+16
  3.1620E-03  1.9820E+32  0.0000E+00  1.9820E+32  5.7211E+11
  3.5480E-03  1.0285E+31  0.0000E+00  1.0285E+31  2.9354E+07
  3.9810E-03  6.9266E+29  0.0000E+00  6.9266E+29  3.7764E+03
  4.4670E-03  1.2121E+35  0.0000E+00  1.2121E+35  1.7970E+19
  5.0120E-03  3.6347E+33  0.0000E+00  3.6347E+33  5.8794E+13
  5.6230E-03  1.1916E+32  0.0000E+00  1.1916E+32  2.1474E+08
  5.9570E-03  2.3565E+31  0.0000E+00  2.3565E+31  5.4091E+05
  6.6830E-03  1.3209E+30  0.0000E+00  1.3209E+30  1.2371E+01
  7.4990E-03  1.4215E+29  0.0000E+00  1.4215E+29  2.6414E-03
  8.4140E-03  9.7196E+27  0.0000E+00  9.7196E+27  1.1458E-07
  9.4410E-03  1.0861E+27  0.0000E+00  1.0861E+27  3.5973E-11
  1.0590E-02  3.4375E+26  0.0000E+00  3.4375E+26  8.8161E-13
  1.1890E-02  3.5579E+25  0.0000E+00  3.5579E+25  9.7179E-17
  1.3340E-02  5.4543E+24  0.0000E+00  5.4543E+24  1.0459E-19
  1.4960E-02  5.4772E+23  0.0000E+00  5.4772E+23  1.8083E-23
  1.6790E-02  6.4917E+22  0.0000E+00  6.4917E+22  6.8464E-27
  1.8840E-02  9.7537E+21  0.0000E+00  9.7537E+21  7.1231E-30
  2.1130E-02  1.2686E+21  0.0000E+00  1.2686E+21  3.0677E-33
  2.3710E-02  1.4794E+20  0.0000E+00  1.4794E+20  9.6237E-37
  2.6610E-02  1.4115E+19  0.0000E+00  1.4115E+19  1.4407E-40
  2.9850E-02  1.3798E+18  0.0000E+00  1.3798E+18  2.4742E-44
  3.3500E-02  1.2754E+17  0.0000E+00  1.2754E+17  3.6727E-48
  3.7580E-02  6.5652E+16  0.0000E+00  6.5652E+16  3.8017E-49
  4.2170E-02  1.0963E+16  0.0000E+00  1.0963E+16  5.0641E-53
  4.7320E-02  4.8846E+13  0.0000E+00  4.8846E+13  3.4527E-62
  5.3090E-02  6.7111E+10  0.0000E+00  6.7111E+10  3.4240E-73
  6.6830E-02  3.6461E-01  0.0000E+00  3.6461E-01  9.2228-117
  7.4990E-02  1.9774E-08  0.0000E+00  1.9774E-08  1.4895-144
  8.4140E-02  1.0522E-06  0.0000E+00  1.0522E-06  1.1084-137
  9.4410E-02  1.8761E-05  0.0000E+00  1.8761E-05  6.4268-133
  1.0590E-01  2.4013E+00  0.0000E+00  2.4013E+00  1.4238-113
  1.1890E-01  9.2117E+05  0.0000E+00  9.2117E+05  1.2148E-91
  1.3340E-01  1.0373E+10  0.0000E+00  1.0373E+10  9.0864E-76
  1.4960E-01  2.7110E+12  1.3282E-86  2.7110E+12  1.4204E-65
  1.5850E-01  6.9244E+12  3.0136E-83  6.9244E+12  9.9873E-64
  1.7780E-01  1.0074E+12  1.4138E-83  1.0074E+12  7.1903E-67
  1.9950E-01  1.1868E+07  0.0000E+00  1.1868E+07  2.6082E-85
  2.2390E-01  1.6349E+04  0.0000E+00  1.6349E+04  1.7390E-96
  2.3710E-01  8.1198E+07  0.0000E+00  8.1198E+07  8.4511E-83
  2.5120E-01  4.5525E+11  1.0375E-78  4.5525E+11  1.5776E-68
  2.6610E-01  1.3878E+14  2.4517E-68  1.3878E+14  7.3436E-59
  2.8180E-01  8.0084E+15  1.2403E-60  8.0084E+15  7.1162E-52
  2.9850E-01  1.9478E+17  1.9960E-54  1.9478E+17  2.3204E-46
  3.1620E-01  3.5094E+18  7.8536E-49  3.5094E+18  2.0380E-41
  3.3500E-01  5.0190E+19  1.1019E-43  5.0190E+19  6.9593E-37
  3.5480E-01  5.4214E+20  4.7557E-39  5.4214E+20  7.9752E-33
  3.7580E-01  5.6621E+21  1.6372E-34  5.6621E+21  7.8856E-29
  3.9810E-01  4.8736E+22  2.2946E-30  4.8736E+22  3.4420E-25
  4.2170E-01  4.9928E+23  5.5444E-26  4.9928E+23  2.8297E-21
  4.4670E-01  4.7959E+24  8.8161E-22  4.7959E+24  1.6539E-17
  4.7320E-01  4.3768E+25  1.0593E-17  4.3768E+25  7.7788E-14
  5.0120E-01  3.6914E+26  8.7980E-14  3.6914E+26  2.6845E-10
  5.3090E-01  3.1628E+27  7.2157E-10  3.1628E+27  9.6598E-07
  5.6230E-01  2.3068E+28  2.8403E-06  2.3068E+28  1.7609E-03
  5.9570E-01  1.5318E+29  7.0539E-03  1.5318E+29  2.1235E+00
  6.3100E-01  9.8739E+29  1.4049E+01  9.8739E+29  2.1595E+03
  6.6830E-01  6.1685E+30  2.2210E+04  6.1685E+30  1.8285E+06
  7.0790E-01  3.7059E+31  2.5766E+07  3.7059E+31  1.1870E+09
  7.4990E-01  2.0291E+32  1.8166E+10  2.0291E+32  4.8824E+11
  7.9430E-01  1.0666E+33  9.5750E+12  1.0666E+33  1.5649E+14
  8.4140E-01  5.4505E+33  3.9616E+15  5.4505E+33  4.0845E+16
  8.9130E-01  2.8441E+34  1.5634E+18  2.8441E+34  1.0523E+19
  9.4410E-01  1.4064E+35  4.5206E+20  1.4064E+35  2.0525E+21
  1.0000E+00  6.2398E+35  8.1407E+22  6.2398E+35  2.5699E+23
  1.0590E+00  2.5208E+36  9.6664E+24  2.5208E+36  2.1855E+25
  1.1220E+00  9.4505E+36  8.3107E+26  9.4505E+36  1.3765E+27
  1.1890E+00  3.3065E+37  5.4279E+28  3.3065E+37  6.7293E+28
  1.2590E+00  1.0937E+38  2.8791E+30  1.0937E+38  2.7411E+30
  1.3340E+00  3.3361E+38  1.0966E+32  3.3361E+38  8.1651E+31
  1.4130E+00  9.1997E+38  2.7910E+33  9.1997E+38  1.6634E+33
  1.4960E+00  2.3336E+39  5.1104E+34  2.3335E+39  2.4895E+34
  1.5850E+00  5.5562E+39  7.2438E+35  5.5552E+39  2.9240E+35
  1.6790E+00  1.2571E+40  8.2742E+36  1.2559E+40  2.8169E+36
  1.7780E+00  2.7124E+40  7.6930E+37  2.7024E+40  2.2482E+37
  1.8840E+00  5.6213E+40  5.8161E+38  5.5483E+40  1.4782E+38
  1.9950E+00  1.1330E+41  3.5640E+39  1.0894E+41  8.0068E+38
  2.1130E+00  2.2743E+41  1.7764E+40  2.0609E+41  3.5738E+39
  2.2390E+00  4.6296E+41  7.2668E+40  3.7703E+41  1.3256E+40
  2.3710E+00  9.4936E+41  2.4639E+41  6.6164E+41  4.1333E+40
  2.5120E+00  1.9193E+42  7.0437E+41  1.1052E+42  1.0976E+41
  2.6610E+00  3.7220E+42  1.7303E+42  1.7384E+42  2.5334E+41
  2.8180E+00  6.8075E+42  3.7277E+42  2.5613E+42  5.1856E+41
  2.9850E+00  1.1638E+43  7.1580E+42  3.5258E+42  9.5460E+41
  3.1620E+00  1.8630E+43  1.2469E+43  4.5514E+42  1.6095E+42
  3.3500E+00  2.7772E+43  1.9800E+43  5.4831E+42  2.4889E+42
  3.5480E+00  3.9262E+43  2.9360E+43  6.2728E+42  3.6289E+42
  3.7580E+00  5.2598E+43  4.0801E+43  6.8043E+42  4.9920E+42
  3.9810E+00  6.7155E+43  5.3586E+43  7.0353E+42  6.5331E+42
  4.2170E+00  8.2206E+43  6.7038E+43  6.9719E+42  8.1966E+42
  4.4670E+00  9.6976E+43  8.0406E+43  6.6519E+42  9.9179E+42
  4.7320E+00  1.1039E+44  9.2689E+43  6.1111E+42  1.1591E+43
  5.0120E+00  1.2176E+44  1.0316E+44  5.4275E+42  1.3167E+43
  5.3090E+00  1.2996E+44  1.1123E+44  4.6549E+42  1.4077E+43
  5.6230E+00  1.3494E+44  1.1652E+44  3.8693E+42  1.4549E+43
  5.9570E+00  1.3664E+44  1.1897E+44  3.1235E+42  1.4551E+43
  6.3100E+00  1.3603E+44  1.1929E+44  2.4699E+42  1.4275E+43
  6.6830E+00  1.3390E+44  1.1833E+44  1.9195E+42  1.3651E+43
  7.0790E+00  1.3033E+44  1.1600E+44  1.4637E+42  1.2870E+43
  7.4990E+00  1.1560E+44  1.0400E+44  9.8798E+41  1.0605E+43
  7.9430E+00  6.7515E+43  6.2360E+43  4.1261E+41  4.7424E+42
  8.4140E+00  2.3405E+43  2.2330E+43  1.0720E+41  9.6821E+41
  8.9130E+00  9.0737E+42  8.8502E+42  3.4180E+40  1.8932E+41
  9.4410E+00  4.7583E+42  4.7046E+42  1.5232E+40  3.8530E+40
  1.0000E+01  7.4591E+42  7.3769E+42  1.9794E+40  6.2406E+40
  1.0590E+01  1.3044E+43  1.2879E+43  2.9295E+40  1.3534E+41
  1.1220E+01  2.3471E+43  2.3104E+43  4.3246E+40  3.2434E+41
  1.1890E+01  3.5384E+43  3.4749E+43  5.3524E+40  5.8148E+41
  1.2590E+01  4.7916E+43  4.6953E+43  5.8659E+40  9.0466E+41
  1.3340E+01  5.7784E+43  5.6539E+43  5.6031E+40  1.1883E+42
  1.4130E+01  6.2118E+43  6.0828E+43  4.5469E+40  1.2444E+42
  1.4960E+01  5.9666E+43  5.8728E+43  3.1538E+40  9.0580E+41
  1.5850E+01  5.6323E+43  5.5711E+43  2.1862E+40  5.8935E+41
  1.6790E+01  5.3408E+43  5.3021E+43  1.5697E+40  3.7158E+41
  1.7780E+01  5.2029E+43  5.1763E+43  1.2142E+40  2.5389E+41
  1.8840E+01  5.2585E+43  5.2367E+43  1.0205E+40  2.0757E+41
  1.9950E+01  5.4258E+43  5.4045E+43  8.9269E+39  2.0454E+41
  2.1130E+01  5.5104E+43  5.4891E+43  7.5276E+39  2.0534E+41
  2.2390E+01  5.4640E+43  5.4436E+43  6.1419E+39  1.9761E+41
  2.3710E+01  5.3145E+43  5.2955E+43  4.8789E+39  1.8543E+41
  2.5120E+01  5.0752E+43  5.0579E+43  3.8014E+39  1.6964E+41
  2.6610E+01  4.7688E+43  4.7532E+43  2.9038E+39  1.5309E+41
  2.8180E+01  4.4135E+43  4.3997E+43  2.1864E+39  1.3635E+41
  2.9850E+01  4.0221E+43  4.0100E+43  1.6227E+39  1.2010E+41
  3.1620E+01  3.6102E+43  3.5996E+43  1.1862E+39  1.0514E+41
  3.3500E+01  3.1913E+43  3.1820E+43  8.5446E+38  9.1499E+40
  3.5480E+01  2.7816E+43  2.7736E+43  6.0720E+38  7.9302E+40
  3.7580E+01  2.3886E+43  2.3817E+43  4.2539E+38  6.8544E+40
  3.9810E+01  2.0184E+43  2.0125E+43  2.9388E+38  5.9225E+40
  4.2170E+01  1.6807E+43  1.6756E+43  2.0005E+38  5.1058E+40
  4.4670E+01  1.3799E+43  1.3755E+43  1.3403E+38  4.3867E+40
  4.7320E+01  1.1180E+43  1.1143E+43  8.8481E+37  3.7514E+40
  5.0120E+01  8.9507E+42  8.9187E+42  5.7608E+37  3.1943E+40
  5.3090E+01  7.0819E+42  7.0548E+42  3.7002E+37  2.7054E+40
  5.6230E+01  5.5472E+42  5.5244E+42  2.3480E+37  2.2800E+40
  5.9570E+01  4.2998E+42  4.2807E+42  1.4715E+37  1.9102E+40
  6.3100E+01  3.3060E+42  3.2901E+42  9.1306E+36  1.5931E+40
  6.6830E+01  2.5233E+42  2.5101E+42  5.6144E+36  1.3231E+40
  7.0790E+01  1.9127E+42  1.9017E+42  3.4224E+36  1.0934E+40
  7.4990E+01  1.4405E+42  1.4315E+42  2.0699E+36  8.9976E+39
  7.9430E+01  1.0795E+42  1.0721E+42  1.2441E+36  7.3799E+39
  8.4140E+01  8.0505E+41  7.9902E+41  7.4310E+35  6.0309E+39
  8.9130E+01  5.9824E+41  5.9333E+41  4.4181E+35  4.9129E+39
  9.4410E+01  4.4309E+41  4.3910E+41  2.6157E+35  3.9927E+39
  1.0000E+02  3.2717E+41  3.2393E+41  1.5425E+35  3.2375E+39
  1.0590E+02  2.4118E+41  2.3856E+41  9.0760E+34  2.6214E+39
  1.1220E+02  1.7737E+41  1.7525E+41  5.3217E+34  2.1145E+39
  1.1890E+02  1.3043E+41  1.2873E+41  3.1184E+34  1.7010E+39
  1.2590E+02  9.6396E+40  9.5025E+40  1.8360E+34  1.3702E+39
  1.3340E+02  7.1365E+40  7.0266E+40  1.0839E+34  1.0992E+39
  1.4130E+02  5.2501E+40  5.1618E+40  6.3794E+33  8.8244E+38
  1.4960E+02  3.7963E+40  3.7253E+40  3.6864E+33  7.0965E+38
  1.5850E+02  2.7257E+40  2.6688E+40  2.1089E+33  5.6858E+38
  1.7780E+02  1.4163E+40  1.3798E+40  6.9415E+32  3.6482E+38
  1.9950E+02  7.3738E+39  7.1407E+39  2.2884E+32  2.3311E+38
  2.2390E+02  3.8356E+39  3.6871E+39  7.5415E+31  1.4848E+38
  2.5120E+02  1.9960E+39  1.9015E+39  2.4874E+31  9.4524E+37
  2.8180E+02  1.0384E+39  9.7833E+38  8.2084E+30  6.0111E+37
  3.1620E+02  5.3994E+38  5.0179E+38  2.7095E+30  3.8148E+37
  3.5480E+02  2.8106E+38  2.5687E+38  8.9610E+29  2.4185E+37
  3.9810E+02  1.4657E+38  1.3124E+38  2.9736E+29  1.5323E+37
  4.4670E+02  7.6632E+37  6.6932E+37  9.9080E+28  9.7005E+36
  5.0120E+02  4.0230E+37  3.4090E+37  3.3203E+28  6.1394E+36
  5.6230E+02  2.1232E+37  1.7346E+37  1.1203E+28  3.8852E+36
  6.3100E+02  1.1263E+37  8.8074E+36  3.8072E+27  2.4553E+36
  7.0790E+02  6.0245E+36  4.4716E+36  1.3070E+27  1.5530E+36
  7.9430E+02  3.2475E+36  2.2662E+36  4.5291E+26  9.8132E+35
  8.9130E+02  1.7669E+36  1.1471E+36  1.5863E+26  6.1980E+35
  1.0000E+03  9.7205E+35  5.8040E+35  5.6243E+25  3.9165E+35
