  1.0000E-03  1.1584E+44  0.0000E+00  7.1747E+43  4.4097E+43
  1.1220E-03  6.9902E+43  0.0000E+00  4.6714E+43  2.3188E+43
  1.2590E-03  3.8604E+43  0.0000E+00  2.7005E+43  1.1599E+43
  1.4130E-03  1.9685E+43  0.0000E+00  1.4100E+43  5.5856E+42
  1.5850E-03  1.0960E+43  0.0000E+00  7.9294E+42  3.0310E+42
  1.7780E-03  1.1824E+43  0.0000E+00  9.2297E+42  2.5947E+42
  1.9950E-03  4.2760E+42  0.0000E+00  3.5664E+42  7.0967E+41
  2.2390E-03  1.6359E+42  0.0000E+00  1.3686E+42  2.6726E+41
  2.5120E-03  2.0699E+42  0.0000E+00  1.8889E+42  1.8101E+41
  2.8180E-03  6.1613E+41  0.0000E+00  5.8881E+41  2.7320E+40
  3.1620E-03  1.9793E+41  0.0000E+00  1.9288E+41  5.0541E+39
  3.5480E-03  6.6247E+40  0.0000E+00  6.5208E+40  1.0391E+39
  3.9810E-03  2.3639E+40  0.0000E+00  2.3389E+40  2.5001E+38
  4.4670E-03  7.2331E+42  0.0000E+00  7.0773E+42  1.5576E+41
  5.0120E-03  2.5736E+42  0.0000E+00  2.5540E+42  1.9600E+40
  5.6230E-03  9.3801E+41  0.0000E+00  9.3550E+41  2.5047E+39
  5.9570E-03  5.7926E+41  0.0000E+00  5.7832E+41  9.3823E+38
  6.6830E-03  2.4443E+41  0.0000E+00  2.4427E+41  1.6386E+38
  7.4990E-03  1.2901E+41  0.0000E+00  1.2897E+41  4.1657E+37
  8.4140E-03  5.9340E+40  0.0000E+00  5.9332E+40  8.1603E+36
  9.4410E-03  3.0198E+40  0.0000E+00  3.0196E+40  2.2289E+36
  1.0590E-02  1.8153E+40  0.0000E+00  1.8151E+40  1.2574E+36
  1.1890E-02  1.1469E+40  0.0000E+00  1.1469E+40  2.8957E+35
  1.3340E-02  6.4732E+39  0.0000E+00  6.4731E+39  9.7329E+34
  1.4960E-02  3.4994E+39  0.0000E+00  3.4994E+39  2.4119E+34
  1.6790E-02  1.8991E+39  0.0000E+00  1.8991E+39  6.8110E+33
  1.8840E-02  1.0683E+39  0.0000E+00  1.0683E+39  2.2736E+33
  2.1130E-02  6.3528E+38  0.0000E+00  6.3528E+38  6.5502E+32
  2.3710E-02  3.5813E+38  0.0000E+00  3.5813E+38  1.7889E+32
  2.6610E-02  1.9076E+38  0.0000E+00  1.9076E+38  4.3101E+31
  2.9850E-02  1.0141E+38  0.0000E+00  1.0141E+38  1.0588E+31
  3.3500E-02  5.2487E+37  5.0394E-83  5.2487E+37  2.5340E+30
  3.7580E-02  4.2057E+37  4.2085E-70  4.2057E+37  1.8996E+30
  4.2170E-02  4.3433E+37  3.8249E-59  4.3433E+37  4.4620E+29
  4.7320E-02  1.2197E+37  2.5704E-50  1.2197E+37  1.2536E+28
  5.3090E-02  2.3965E+36  5.7984E-43  2.3965E+36  1.5963E+26
  6.6830E-02  4.7582E+33  6.9977E-35  4.7582E+33  4.6947E+18
  7.4990E-02  8.0500E+31  3.6871E-33  8.0500E+31  6.8853E+13
  8.4140E-02  1.8503E+32  2.8462E-26  1.8503E+32  1.0922E+15
  9.4410E-02  3.7559E+32  2.1598E-20  3.7559E+32  7.4863E+15
  1.0590E-01  7.1390E+33  1.2130E-12  7.1390E+33  1.6917E+19
  1.1890E-01  1.2961E+35  5.9751E-05  1.2961E+35  9.9900E+22
  1.3340E-01  1.0833E+36  8.2346E+01  1.0833E+36  5.2066E+25
  1.4960E-01  2.5199E+36  6.2593E+06  2.5199E+36  2.8290E+27
  1.5850E-01  2.6124E+36  3.9188E+08  2.6124E+36  5.5257E+27
  1.7780E-01  1.6195E+36  5.3249E+10  1.6195E+36  1.2355E+27
  1.9950E-01  8.6133E+34  8.5373E+09  8.6133E+34  5.7150E+23
  2.2390E-01  1.8679E+34  1.0169E+10  1.8679E+34  4.9139E+21
  2.3710E-01  1.9511E+35  1.5670E+13  1.9511E+35  1.0628E+24
  2.5120E-01  1.7788E+36  2.7212E+16  1.7788E+36  2.9032E+26
  2.6610E-01  6.8939E+36  7.0824E+18  6.8939E+36  1.2614E+28
  2.8180E-01  1.6597E+37  5.7684E+20  1.6597E+37  1.8717E+29
  2.9850E-01  3.2580E+37  2.3778E+22  3.2580E+37  1.5432E+30
  3.1620E-01  6.1583E+37  7.0078E+23  6.1583E+37  1.0132E+31
  3.3500E-01  1.1133E+38  1.5965E+25  1.1133E+38  5.6446E+31
  3.5480E-01  1.8813E+38  2.7449E+26  1.8813E+38  2.6046E+32
  3.7580E-01  3.1674E+38  4.2290E+27  3.1673E+38  1.1666E+33
  3.9810E-01  5.1846E+38  5.2145E+28  5.1846E+38  4.5499E+33
  4.2170E-01  8.9425E+38  6.5601E+29  8.9424E+38  1.9705E+34
  4.4670E-01  1.5570E+39  7.2108E+30  1.5570E+39  8.0603E+34
  4.7320E-01  2.6893E+39  7.1629E+31  2.6890E+39  3.1748E+35
  5.0120E-01  4.5567E+39  6.3504E+32  4.5555E+39  1.1856E+36
  5.3090E-01  7.7719E+39  5.3616E+33  7.7675E+39  4.4502E+36
  5.6230E-01  1.2929E+40  3.8146E+34  1.2914E+40  1.4895E+37
  5.9570E-01  2.1249E+40  2.4085E+35  2.1202E+40  4.6464E+37
  6.3100E-01  3.5029E+40  1.4054E+36  3.4887E+40  1.4082E+38
  6.6830E-01  5.7946E+40  7.5711E+36  5.7525E+40  4.1351E+38
  7.0790E-01  9.7269E+40  3.7338E+37  9.6070E+40  1.1617E+39
  7.4990E-01  1.6291E+41  1.6342E+38  1.5972E+41  3.0241E+39
  7.9430E-01  2.7544E+41  6.5843E+38  2.6723E+41  7.5559E+39
  8.4140E-01  4.7202E+41  2.4683E+39  4.5131E+41  1.8239E+40
  8.9130E-01  8.3094E+41  8.9273E+39  7.7804E+41  4.3972E+40
  9.4410E-01  1.4675E+42  2.9744E+40  1.3367E+42  1.0112E+41
  1.0000E+00  2.5422E+42  8.8911E+40  2.2376E+42  2.1564E+41
  1.0590E+00  4.3327E+42  2.4135E+41  3.6604E+42  4.3090E+41
  1.1220E+00  7.2847E+42  6.0770E+41  5.8587E+42  8.1830E+41
  1.1890E+00  1.2060E+43  1.4324E+42  9.1388E+42  1.4890E+42
  1.2590E+00  1.9687E+43  3.1899E+42  1.3866E+43  2.6304E+42
  1.3340E+00  3.1299E+43  6.5919E+42  2.0306E+43  4.4014E+42
  1.4130E+00  4.7725E+43  1.2453E+43  2.8371E+43  6.9011E+42
  1.4960E+00  7.0000E+43  2.1838E+43  3.7894E+43  1.0268E+43
  1.5850E+00  9.9391E+43  3.6161E+43  4.8589E+43  1.4641E+43
  1.6790E+00  1.3674E+44  5.6811E+43  5.9750E+43  2.0182E+43
  1.7780E+00  1.8203E+44  8.4835E+43  7.0244E+43  2.6947E+43
  1.8840E+00  2.3437E+44  1.2074E+44  7.8855E+43  3.4771E+43
  1.9950E+00  2.9140E+44  1.6361E+44  8.4371E+43  4.3427E+43
  2.1130E+00  3.5014E+44  2.1155E+44  8.6155E+43  5.2434E+43
  2.2390E+00  4.0685E+44  2.6146E+44  8.4111E+43  6.1281E+43
  2.3710E+00  4.5792E+44  3.0965E+44  7.8723E+43  6.9549E+43
  2.5120E+00  5.0083E+44  3.5311E+44  7.1003E+43  7.6717E+43
  2.6610E+00  5.3365E+44  3.8909E+44  6.1953E+43  8.2605E+43
  2.8180E+00  5.5556E+44  4.1592E+44  5.2495E+43  8.7139E+43
  2.9850E+00  5.6681E+44  4.3321E+44  4.3377E+43  9.0222E+43
  3.1620E+00  5.6809E+44  4.4103E+44  3.5068E+43  9.1991E+43
  3.3500E+00  5.6106E+44  4.4085E+44  2.7835E+43  9.2381E+43
  3.5480E+00  5.4693E+44  4.3331E+44  2.1746E+43  9.1865E+43
  3.7580E+00  5.2731E+44  4.2014E+44  1.6753E+43  9.0420E+43
  3.9810E+00  5.0346E+44  4.0249E+44  1.2749E+43  8.8217E+43
  4.2170E+00  4.7672E+44  3.8168E+44  9.6011E+42  8.5443E+43
  4.4670E+00  4.4820E+44  3.5880E+44  7.1630E+42  8.2235E+43
  4.7320E+00  4.1872E+44  3.3475E+44  5.2956E+42  7.8670E+43
  5.0120E+00  3.8929E+44  3.1036E+44  3.8869E+42  7.5043E+43
  5.3090E+00  3.5776E+44  2.8600E+44  2.8147E+42  6.8943E+43
  5.6230E+00  3.2689E+44  2.6229E+44  2.0204E+42  6.2580E+43
  5.9570E+00  2.9725E+44  2.3969E+44  1.4389E+42  5.6122E+43
  6.3100E+00  2.6836E+44  2.1744E+44  1.0141E+42  4.9899E+43
  6.6830E+00  2.4331E+44  1.9864E+44  7.1458E+41  4.3951E+43
  7.0790E+00  2.1927E+44  1.8035E+44  4.9687E+41  3.8422E+43
  7.4990E+00  1.9694E+44  1.6391E+44  3.3953E+41  3.2692E+43
  7.9430E+00  1.7568E+44  1.5042E+44  2.2914E+41  2.5033E+43
  8.4140E+00  1.5212E+44  1.3520E+44  1.5828E+41  1.6761E+43
  8.9130E+00  1.2904E+44  1.1782E+44  1.1428E+41  1.1101E+43
  9.4410E+00  1.0856E+44  1.0110E+44  9.0881E+40  7.3775E+42
  1.0000E+01  1.0496E+44  9.7993E+43  7.5773E+40  6.8954E+42
  1.0590E+01  1.0203E+44  9.5219E+43  6.1925E+40  6.7490E+42
  1.1220E+01  9.7806E+43  9.1071E+43  4.6562E+40  6.6890E+42
  1.1890E+01  9.0250E+43  8.3918E+43  3.3603E+40  6.2986E+42
  1.2590E+01  8.2443E+43  7.6628E+43  2.3415E+40  5.7917E+42
  1.3340E+01  7.4446E+43  6.9273E+43  1.5828E+40  5.1573E+42
  1.4130E+01  6.7671E+43  6.3243E+43  1.0526E+40  4.4181E+42
  1.4960E+01  6.3568E+43  6.0000E+43  7.3894E+39  3.5609E+42
  1.5850E+01  6.0664E+43  5.7853E+43  5.4796E+39  2.8064E+42
  1.6790E+01  5.8439E+43  5.6237E+43  4.2567E+39  2.1978E+42
  1.7780E+01  5.6326E+43  5.4579E+43  3.4123E+39  1.7432E+42
  1.8840E+01  5.3776E+43  5.2353E+43  2.7312E+39  1.4198E+42
  1.9950E+01  5.0582E+43  4.9386E+43  2.1061E+39  1.1934E+42
  2.1130E+01  4.7266E+43  4.6260E+43  1.5665E+39  1.0044E+42
  2.2390E+01  4.4064E+43  4.3225E+43  1.1577E+39  8.3728E+41
  2.3710E+01  4.0954E+43  4.0258E+43  8.4940E+38  6.9563E+41
  2.5120E+01  3.7782E+43  3.7207E+43  6.2014E+38  5.7409E+41
  2.6610E+01  3.4543E+43  3.4070E+43  4.4790E+38  4.7248E+41
  2.8180E+01  3.1252E+43  3.0863E+43  3.2116E+38  3.8803E+41
  2.9850E+01  2.7891E+43  2.7573E+43  2.2779E+38  3.1761E+41
  3.1620E+01  2.4516E+43  2.4257E+43  1.5927E+38  2.5948E+41
  3.3500E+01  2.1197E+43  2.0986E+43  1.0970E+38  2.1155E+41
  3.5480E+01  1.8039E+43  1.7866E+43  7.4468E+37  1.7241E+41
  3.7580E+01  1.5095E+43  1.4955E+43  4.9755E+37  1.4034E+41
  3.9810E+01  1.2412E+43  1.2298E+43  3.2711E+37  1.1412E+41
  4.2170E+01  1.0052E+43  9.9597E+42  2.1180E+37  9.2722E+40
  4.4670E+01  8.0287E+42  7.9534E+42  1.3506E+37  7.5258E+40
  4.7320E+01  6.3342E+42  6.2732E+42  8.4998E+36  6.0997E+40
  5.0120E+01  4.9442E+42  4.8948E+42  5.2876E+36  4.9404E+40
  5.3090E+01  3.8199E+42  3.7800E+42  3.2535E+36  3.9950E+40
  5.6230E+01  2.9272E+42  2.8949E+42  1.9839E+36  3.2277E+40
  5.9570E+01  2.2242E+42  2.1981E+42  1.1987E+36  2.6021E+40
  6.3100E+01  1.6797E+42  1.6587E+42  7.1945E+35  2.0963E+40
  6.6830E+01  1.2618E+42  1.2449E+42  4.2938E+35  1.6878E+40
  7.0790E+01  9.4311E+41  9.2955E+41  2.5486E+35  1.3567E+40
  7.4990E+01  7.0169E+41  6.9080E+41  1.5056E+35  1.0893E+40
  7.9430E+01  5.2034E+41  5.1160E+41  8.8648E+34  8.7409E+39
  8.4140E+01  3.8459E+41  3.7758E+41  5.2006E+34  7.0062E+39
  8.9130E+01  2.8365E+41  2.7804E+41  3.0448E+34  5.6111E+39
  9.4410E+01  2.0881E+41  2.0431E+41  1.7793E+34  4.4919E+39
  1.0000E+02  1.5342E+41  1.4982E+41  1.0379E+34  3.5942E+39
  1.0590E+02  1.1268E+41  1.0980E+41  6.0533E+33  2.8762E+39
  1.1220E+02  8.2657E+40  8.0361E+40  3.5253E+33  2.2964E+39
  1.1890E+02  6.0724E+40  5.8893E+40  2.0565E+33  1.8311E+39
  1.2590E+02  4.4920E+40  4.3456E+40  1.2083E+33  1.4638E+39
  1.3340E+02  3.3346E+40  3.2179E+40  7.1354E+32  1.1667E+39
  1.4130E+02  2.4570E+40  2.3639E+40  4.1987E+32  9.3088E+38
  1.4960E+02  1.7731E+40  1.6987E+40  2.4190E+32  7.4395E+38
  1.5850E+02  1.2708E+40  1.2115E+40  1.3810E+32  5.9272E+38
  1.7780E+02  6.6074E+39  6.2305E+39  4.5534E+31  3.7689E+38
  1.9950E+02  3.4555E+39  3.2164E+39  1.5128E+31  2.3917E+38
  2.2390E+02  1.8103E+39  1.6588E+39  5.0484E+30  1.5152E+38
  2.5120E+02  9.5116E+38  8.5511E+38  1.6940E+30  9.6057E+37
  2.8180E+02  5.0089E+38  4.4000E+38  5.7138E+29  6.0883E+37
  3.1620E+02  2.6431E+38  2.2577E+38  1.9371E+29  3.8537E+37
  3.5480E+02  1.4002E+38  1.1564E+38  6.6115E+28  2.4381E+37
  3.9810E+02  7.4549E+37  5.9127E+37  2.2756E+28  1.5422E+37
  4.4670E+02  3.9930E+37  3.0180E+37  7.9035E+27  9.7500E+36
  5.0120E+02  2.1550E+37  1.5385E+37  2.7734E+27  6.1643E+36
  5.6230E+02  1.1734E+37  7.8360E+36  9.8381E+26  3.8977E+36
  6.3100E+02  6.4439E+36  3.9823E+36  3.5265E+26  2.4616E+36
  7.0790E+02  3.5798E+36  2.0237E+36  1.2798E+26  1.5561E+36
  7.9430E+02  2.0095E+36  1.0265E+36  4.6927E+25  9.8292E+35
  8.9130E+02  1.1407E+36  5.2005E+35  1.7387E+25  6.2061E+35
  1.0000E+03  6.5540E+35  2.6335E+35  6.5113E+24  3.9205E+35
