  1.0000E-03  1.5210E+42  0.0000E+00  1.5210E+42  1.7083E+37
  1.1220E-03  1.7409E+42  0.0000E+00  1.7409E+42  2.1499E+35
  1.2590E-03  1.8818E+42  0.0000E+00  1.8818E+42  2.0381E+33
  1.4130E-03  1.9291E+42  0.0000E+00  1.9291E+42  1.5680E+31
  1.5850E-03  1.8988E+42  0.0000E+00  1.8988E+42  2.5511E+29
  1.7780E-03  2.0526E+42  0.0000E+00  2.0526E+42  6.6866E+28
  1.9950E-03  2.0098E+42  0.0000E+00  2.0098E+42  1.8593E+25
  2.2390E-03  1.7436E+42  0.0000E+00  1.7436E+42  3.6385E+22
  2.5120E-03  1.8853E+42  0.0000E+00  1.8853E+42  2.4961E+21
  2.8180E-03  1.7328E+42  0.0000E+00  1.7328E+42  2.0421E+16
  3.1620E-03  1.5325E+42  0.0000E+00  1.5325E+42  5.6263E+11
  3.5480E-03  1.3408E+42  0.0000E+00  1.3408E+42  2.8819E+07
  3.9810E-03  1.1793E+42  0.0000E+00  1.1793E+42  3.7023E+03
  4.4670E-03  1.1358E+43  0.0000E+00  1.1358E+43  1.8046E+19
  5.0120E-03  9.2368E+42  0.0000E+00  9.2368E+42  5.8796E+13
  5.6230E-03  7.1405E+42  0.0000E+00  7.1405E+42  2.1380E+08
  5.9570E-03  6.2336E+42  0.0000E+00  6.2336E+42  5.3737E+05
  6.6830E-03  4.8321E+42  0.0000E+00  4.8321E+42  1.2241E+01
  7.4990E-03  3.8206E+42  0.0000E+00  3.8206E+42  2.6031E-03
  8.4140E-03  3.0452E+42  0.0000E+00  3.0452E+42  1.1253E-07
  9.4410E-03  2.4423E+42  0.0000E+00  2.4423E+42  3.5210E-11
  1.0590E-02  1.9278E+42  0.0000E+00  1.9278E+42  8.5954E-13
  1.1890E-02  1.6482E+42  0.0000E+00  1.6482E+42  9.4462E-17
  1.3340E-02  1.3372E+42  0.0000E+00  1.3372E+42  1.0132E-19
  1.4960E-02  1.0910E+42  0.0000E+00  1.0910E+42  1.7464E-23
  1.6790E-02  8.8004E+41  0.0000E+00  8.8004E+41  6.5906E-27
  1.8840E-02  7.0409E+41  0.0000E+00  7.0409E+41  6.8334E-30
  2.1130E-02  5.7392E+41  0.0000E+00  5.7392E+41  2.9331E-33
  2.3710E-02  4.6164E+41  0.0000E+00  4.6164E+41  9.1701E-37
  2.6610E-02  3.6542E+41  0.0000E+00  3.6542E+41  1.3680E-40
  2.9850E-02  2.8560E+41  0.0000E+00  2.8560E+41  2.3404E-44
  3.3500E-02  2.2177E+41  0.0000E+00  2.2177E+41  3.4603E-48
  3.7580E-02  2.3075E+41  3.1016E-80  2.3075E+41  3.5809E-49
  4.2170E-02  2.0575E+41  1.4243E-69  2.0575E+41  4.7510E-53
  4.7320E-02  1.1588E+41  1.9433E-61  1.1588E+41  3.2045E-62
  5.3090E-02  7.2228E+40  6.3935E-55  7.2228E+40  3.1387E-73
  6.6830E-02  4.3921E+40  3.0309E-50  4.3921E+40  8.1243-117
  7.4990E-02  3.5829E+40  1.1177E-50  3.5829E+40  1.2711-144
  8.4140E-02  3.4446E+40  2.7985E-43  3.4446E+40  9.5633-138
  9.4410E-02  3.4471E+40  4.7417E-37  3.4471E+40  5.5943-133
  1.0590E-01  3.6977E+40  7.7477E-28  3.6977E+40  1.2744-113
  1.1890E-01  4.1137E+40  1.7116E-18  4.1137E+40  1.1207E-91
  1.3340E-01  1.0008E+41  3.5383E-11  1.0008E+41  8.5752E-76
  1.4960E-01  2.7862E+41  1.4666E-05  2.7862E+41  1.3635E-65
  1.5850E-01  3.1327E+41  1.2713E-03  3.1327E+41  9.6103E-64
  1.7780E-01  1.2346E+41  1.1794E-01  1.2346E+41  6.8361E-67
  1.9950E-01  1.4962E+40  9.5089E-04  1.4962E+40  2.3943E-85
  2.2390E-01  1.1038E+40  1.8972E-04  1.1038E+40  1.5567E-96
  2.3710E-01  1.3850E+40  3.4078E+00  1.3850E+40  7.6685E-83
  2.5120E-01  2.0065E+40  7.5691E+04  2.0065E+40  1.4521E-68
  2.6610E-01  3.0311E+40  1.1060E+08  3.0311E+40  6.8217E-59
  2.8180E-01  4.2557E+40  3.1537E+10  4.2557E+40  6.6494E-52
  2.9850E-01  5.6170E+40  3.4984E+12  5.6170E+40  2.1776E-46
  3.1620E-01  7.2512E+40  2.5070E+14  7.2512E+40  1.9196E-41
  3.3500E-01  9.1146E+40  1.2915E+16  9.1146E+40  6.5763E-37
  3.5480E-01  1.1038E+41  4.6178E+17  1.1038E+41  7.5570E-33
  3.7580E-01  1.3017E+41  1.4724E+19  1.3017E+41  7.4894E-29
  3.9810E-01  1.5177E+41  3.5108E+20  1.5177E+41  3.2764E-25
  4.2170E-01  1.7651E+41  9.0343E+21  1.7651E+41  2.6992E-21
  4.4670E-01  2.0514E+41  1.9742E+23  2.0514E+41  1.5809E-17
  4.7320E-01  2.3559E+41  3.8396E+24  2.3559E+41  7.4507E-14
  5.0120E-01  2.6660E+41  6.5143E+25  2.6660E+41  2.5761E-10
  5.3090E-01  2.9762E+41  1.0608E+27  2.9762E+41  9.2857E-07
  5.6230E-01  3.2885E+41  1.3768E+28  3.2885E+41  1.6956E-03
  5.9570E-01  3.5975E+41  1.5352E+29  3.5975E+41  2.0480E+00
  6.3100E-01  3.9112E+41  1.5634E+30  3.9112E+41  2.0859E+03
  6.6830E-01  4.2128E+41  1.4529E+31  4.2128E+41  1.7688E+06
  7.0790E-01  4.5400E+41  1.2103E+32  4.5400E+41  1.1500E+09
  7.4990E-01  4.8811E+41  8.6213E+32  4.8811E+41  4.7377E+11
  7.9430E-01  5.2474E+41  5.5450E+33  5.2474E+41  1.5210E+14
  8.4140E-01  5.6163E+41  3.2735E+34  5.6163E+41  3.9764E+16
  8.9130E-01  6.0043E+41  1.8706E+35  6.0043E+41  1.0262E+19
  9.4410E-01  6.3510E+41  9.6815E+35  6.3510E+41  2.0049E+21
  1.0000E+00  6.6178E+41  4.3586E+36  6.6177E+41  2.5143E+23
  1.0590E+00  6.8232E+41  1.7349E+37  6.8230E+41  2.1416E+25
  1.1220E+00  6.9612E+41  6.2860E+37  6.9606E+41  1.3509E+27
  1.1890E+00  7.0091E+41  2.1041E+38  7.0070E+41  6.6144E+28
  1.2590E+00  6.9504E+41  6.6224E+38  6.9438E+41  2.6985E+30
  1.3340E+00  6.7744E+41  1.9050E+39  6.7554E+41  8.0503E+31
  1.4130E+00  6.5028E+41  4.9063E+39  6.4537E+41  1.6422E+33
  1.4960E+00  6.1758E+41  1.1570E+40  6.0601E+41  2.4608E+34
  1.5850E+00  5.8445E+41  2.5605E+40  5.5885E+41  2.8937E+35
  1.6790E+00  5.5947E+41  5.3706E+40  5.0576E+41  2.7907E+36
  1.7780E+00  5.5555E+41  1.0715E+41  4.4838E+41  2.2296E+37
  1.8840E+00  5.9292E+41  2.0395E+41  3.8882E+41  1.4673E+38
  1.9950E+00  7.0017E+41  3.6937E+41  3.3001E+41  7.9549E+38
  2.1130E+00  9.1522E+41  6.3746E+41  2.7420E+41  3.5534E+39
  2.2390E+00  1.2855E+42  1.0490E+42  2.2330E+41  1.3190E+40
  2.3710E+00  1.8645E+42  1.6446E+42  1.7874E+41  4.1152E+40
  2.5120E+00  2.7172E+42  2.4669E+42  1.4094E+41  1.0934E+41
  2.6610E+00  3.9076E+42  3.5453E+42  1.0979E+41  2.5248E+41
  2.8180E+00  5.4977E+42  4.8960E+42  8.4667E+40  5.1702E+41
  2.9850E+00  7.5399E+42  6.5231E+42  6.4751E+40  9.5210E+41
  3.1620E+00  1.0063E+43  8.4082E+42  4.9190E+40  1.6058E+42
  3.3500E+00  1.3024E+43  1.0503E+43  3.7183E+40  2.4838E+42
  3.5480E+00  1.6422E+43  1.2771E+43  2.7990E+40  3.6224E+42
  3.7580E+00  2.0150E+43  1.5145E+43  2.0986E+40  4.9841E+42
  3.9810E+00  2.4087E+43  1.7548E+43  1.5678E+40  6.5239E+42
  4.2170E+00  2.8100E+43  1.9902E+43  1.1675E+40  8.1864E+42
  4.4670E+00  3.2049E+43  2.2133E+43  8.6653E+39  9.9069E+42
  4.7320E+00  3.5726E+43  2.4140E+43  6.4050E+39  1.1580E+43
  5.0120E+00  3.9002E+43  2.5842E+43  4.7235E+39  1.3156E+43
  5.3090E+00  4.1233E+43  2.7164E+43  3.3998E+39  1.4066E+43
  5.6230E+00  4.2591E+43  2.8050E+43  2.4245E+39  1.4539E+43
  5.9570E+00  4.3031E+43  2.8488E+43  1.7134E+39  1.4542E+43
  6.3100E+00  4.2703E+43  2.8434E+43  1.1986E+39  1.4268E+43
  6.6830E+00  4.1866E+43  2.8221E+43  8.3376E+38  1.3645E+43
  7.0790E+00  4.0451E+43  2.7586E+43  5.7199E+38  1.2864E+43
  7.4990E+00  3.6355E+43  2.5754E+43  3.8625E+38  1.0601E+43
  7.9430E+00  2.5304E+43  2.0562E+43  2.6369E+38  4.7415E+42
  8.4140E+00  1.5674E+43  1.4705E+43  1.9598E+38  9.6830E+41
  8.9130E+00  1.1665E+43  1.1476E+43  1.5710E+38  1.8940E+41
  9.4410E+00  9.6424E+42  9.6037E+42  1.4074E+38  3.8556E+40
  1.0000E+01  1.0004E+43  9.9414E+42  1.0833E+38  6.2442E+40
  1.0590E+01  1.0657E+43  1.0522E+43  7.9496E+37  1.3541E+41
  1.1220E+01  1.1604E+43  1.1279E+43  5.3166E+37  3.2444E+41
  1.1890E+01  1.2110E+43  1.1528E+43  3.5123E+37  5.8159E+41
  1.2590E+01  1.2496E+43  1.1591E+43  2.2597E+37  9.0475E+41
  1.3340E+01  1.2460E+43  1.1272E+43  1.4242E+37  1.1884E+42
  1.4130E+01  1.1856E+43  1.0612E+43  8.9408E+36  1.2444E+42
  1.4960E+01  1.0634E+43  9.7285E+42  6.0631E+36  9.0583E+41
  1.5850E+01  9.5054E+42  8.9160E+42  4.3708E+36  5.8939E+41
  1.6790E+01  8.5876E+42  8.2160E+42  3.3051E+36  3.7162E+41
  1.7780E+01  7.8811E+42  7.6272E+42  2.5553E+36  2.5393E+41
  1.8840E+01  7.3108E+42  7.1032E+42  1.9326E+36  2.0759E+41
  1.9950E+01  6.8011E+42  6.5966E+42  1.3808E+36  2.0456E+41
  2.1130E+01  6.2748E+42  6.0694E+42  9.4688E+35  2.0535E+41
  2.2390E+01  5.7259E+42  5.5283E+42  6.4628E+35  1.9761E+41
  2.3710E+01  5.1813E+42  4.9958E+42  4.3908E+35  1.8542E+41
  2.5120E+01  4.6324E+42  4.4627E+42  2.9766E+35  1.6963E+41
  2.6610E+01  4.0964E+42  3.9434E+42  2.0029E+35  1.5308E+41
  2.8180E+01  3.5816E+42  3.4452E+42  1.3440E+35  1.3633E+41
  2.9850E+01  3.0889E+42  2.9689E+42  8.9607E+34  1.2008E+41
  3.1620E+01  2.6275E+42  2.5223E+42  5.9165E+34  1.0513E+41
  3.3500E+01  2.2022E+42  2.1107E+42  3.8672E+34  9.1485E+40
  3.5480E+01  1.8211E+42  1.7418E+42  2.5051E+34  7.9289E+40
  3.7580E+01  1.4847E+42  1.4162E+42  1.6045E+34  6.8533E+40
  3.9810E+01  1.1932E+42  1.1339E+42  1.0156E+34  5.9216E+40
  4.2170E+01  9.4700E+41  8.9595E+41  6.3591E+33  5.1051E+40
  4.4670E+01  7.4309E+41  6.9923E+41  3.9384E+33  4.3861E+40
  4.7320E+01  5.7723E+41  5.3972E+41  2.4172E+33  3.7509E+40
  5.0120E+01  4.4461E+41  4.1267E+41  1.4728E+33  3.1939E+40
  5.3090E+01  3.3965E+41  3.1260E+41  8.9132E+32  2.7051E+40
  5.6230E+01  2.5785E+41  2.3505E+41  5.3679E+32  2.2798E+40
  5.9570E+01  1.9445E+41  1.7535E+41  3.2160E+32  1.9100E+40
  6.3100E+01  1.4603E+41  1.3010E+41  1.9220E+32  1.5930E+40
  6.6830E+01  1.0930E+41  9.6066E+40  1.1468E+32  1.3230E+40
  7.0790E+01  8.1541E+40  7.0607E+40  6.8319E+31  1.0934E+40
  7.4990E+01  6.0676E+40  5.1679E+40  4.0666E+31  8.9971E+39
  7.9430E+01  4.5096E+40  3.7717E+40  2.4221E+31  7.3795E+39
  8.4140E+01  3.3476E+40  2.7446E+40  1.4429E+31  6.0306E+39
  8.9130E+01  2.4849E+40  1.9937E+40  8.6081E+30  4.9127E+39
  9.4410E+01  1.8452E+40  1.4459E+40  5.1446E+30  3.9925E+39
  1.0000E+02  1.3708E+40  1.0471E+40  3.0801E+30  3.2374E+39
  1.0590E+02  1.0203E+40  7.5820E+39  1.8498E+30  2.6213E+39
  1.1220E+02  7.5994E+39  5.4849E+39  1.1119E+30  2.1144E+39
  1.1890E+02  5.6755E+39  3.9745E+39  6.7036E+29  1.7010E+39
  1.2590E+02  4.2715E+39  2.9012E+39  4.0722E+29  1.3702E+39
  1.3340E+02  3.2247E+39  2.1254E+39  2.4827E+29  1.0992E+39
  1.4130E+02  2.4288E+39  1.5464E+39  1.5185E+29  8.8242E+38
  1.4960E+02  1.8119E+39  1.1023E+39  9.2339E+28  7.0964E+38
  1.5850E+02  1.3486E+39  7.8001E+38  5.5924E+28  5.6857E+38
  1.7780E+02  7.5990E+38  3.9508E+38  2.0783E+28  3.6482E+38
  1.9950E+02  4.3421E+38  2.0110E+38  7.8113E+27  2.3311E+38
  2.2390E+02  2.5088E+38  1.0240E+38  2.9625E+27  1.4848E+38
  2.5120E+02  1.4671E+38  5.2189E+37  1.1340E+27  9.4524E+37
  2.8180E+02  8.6693E+37  2.6583E+37  4.3721E+26  6.0111E+37
  3.1620E+02  5.1664E+37  1.3516E+37  1.6941E+26  3.8148E+37
  3.5480E+02  3.1052E+37  6.8670E+36  6.5943E+25  2.4185E+37
  3.9810E+02  1.8809E+37  3.4858E+36  2.5785E+25  1.5323E+37
  4.4670E+02  1.1468E+37  1.7678E+36  1.0116E+25  9.7005E+36
  5.0120E+02  7.0354E+36  8.9600E+35  3.9809E+24  6.1394E+36
  5.6230E+02  4.3392E+36  4.5401E+35  1.5704E+24  3.8852E+36
  6.3100E+02  2.6850E+36  2.2968E+35  6.2025E+23  2.4553E+36
  7.0790E+02  1.6692E+36  1.1624E+35  2.4562E+23  1.5530E+36
  7.9430E+02  1.0401E+36  5.8751E+34  9.7316E+22  9.8132E+35
  8.9130E+02  6.4947E+35  2.9667E+34  3.8586E+22  6.1980E+35
  1.0000E+03  4.0663E+35  1.4980E+34  1.5323E+22  3.9165E+35
