  1.0000E-03  1.1098E+44  0.0000E+00  8.7678E+41  1.1010E+44
  1.1220E-03  7.4175E+43  0.0000E+00  1.1097E+42  7.3065E+43
  1.2590E-03  4.8219E+43  0.0000E+00  1.3368E+42  4.6882E+43
  1.4130E-03  3.0882E+43  0.0000E+00  1.5432E+42  2.9338E+43
  1.5850E-03  2.1721E+43  0.0000E+00  1.7256E+42  1.9996E+43
  1.7780E-03  2.0918E+43  0.0000E+00  2.1201E+42  1.8798E+43
  1.9950E-03  1.0473E+43  0.0000E+00  2.5080E+42  7.9652E+42
  2.2390E-03  6.8661E+42  0.0000E+00  2.6358E+42  4.2303E+42
  2.5120E-03  6.8051E+42  0.0000E+00  3.4122E+42  3.3929E+42
  2.8180E-03  4.9121E+42  0.0000E+00  3.9602E+42  9.5185E+41
  3.1620E-03  4.6581E+42  0.0000E+00  4.3504E+42  3.0772E+41
  3.5480E-03  4.7607E+42  0.0000E+00  4.6537E+42  1.0699E+41
  3.9810E-03  4.9278E+42  0.0000E+00  4.8864E+42  4.1443E+40
  4.4670E-03  1.3090E+43  0.0000E+00  9.7447E+42  3.3451E+42
  5.0120E-03  1.2135E+43  0.0000E+00  1.1298E+43  8.3682E+41
  5.6230E-03  1.2738E+43  0.0000E+00  1.2526E+43  2.1186E+41
  5.9570E-03  1.3136E+43  0.0000E+00  1.3026E+43  1.1012E+41
  6.6830E-03  1.3901E+43  0.0000E+00  1.3866E+43  3.4577E+40
  7.4990E-03  1.4645E+43  0.0000E+00  1.4631E+43  1.4095E+40
  8.4140E-03  1.5405E+43  0.0000E+00  1.5401E+43  4.7789E+39
  9.4410E-03  1.5932E+43  0.0000E+00  1.5930E+43  2.0415E+39
  1.0590E-02  1.5805E+43  0.0000E+00  1.5803E+43  1.4476E+39
  1.1890E-02  1.7255E+43  0.0000E+00  1.7254E+43  5.4827E+38
  1.3340E-02  1.7707E+43  0.0000E+00  1.7706E+43  2.7048E+38
  1.4960E-02  1.8435E+43  0.0000E+00  1.8435E+43  1.0782E+38
  1.6790E-02  1.8911E+43  0.0000E+00  1.8911E+43  4.7110E+37
  1.8840E-02  1.9162E+43  0.0000E+00  1.9162E+43  2.3143E+37
  2.1130E-02  1.9813E+43  0.0000E+00  1.9813E+43  1.0256E+37
  2.3710E-02  2.0265E+43  0.0000E+00  2.0265E+43  4.3811E+36
  2.6610E-02  2.0559E+43  0.0000E+00  2.0559E+43  1.7163E+36
  2.9850E-02  2.0650E+43  2.2769E-87  2.0650E+43  6.8236E+35
  3.3500E-02  2.0573E+43  1.0377E-72  2.0573E+43  2.6667E+35
  3.7580E-02  2.2267E+43  1.1863E-59  2.2267E+43  2.2632E+35
  4.2170E-02  2.4335E+43  3.6721E-48  2.4335E+43  8.7319E+34
  4.7320E-02  2.1152E+43  4.4271E-38  2.1152E+43  7.9557E+33
  5.3090E-02  1.6208E+43  3.1486E-29  1.6208E+43  4.1210E+32
  6.6830E-02  5.2676E+42  3.0882E-15  5.2676E+42  2.8666E+27
  7.4990E-02  2.1450E+42  1.0920E-09  2.1450E+42  1.4495E+24
  8.4140E-02  2.6665E+42  1.0000E-03  2.6665E+42  9.3205E+24
  9.4410E-02  3.2278E+42  1.7657E+02  3.2278E+42  3.3784E+25
  1.0590E-01  6.1150E+42  2.3489E+07  6.1150E+42  6.1491E+27
  1.1890E-01  1.0736E+43  1.0695E+12  1.0736E+43  2.1057E+30
  1.3340E-01  1.5572E+43  8.2559E+15  1.5572E+43  1.3840E+32
  1.4960E-01  1.8338E+43  2.1471E+19  1.8338E+43  1.9426E+33
  1.5850E-01  1.7812E+43  7.3249E+20  1.7812E+43  2.9784E+33
  1.7780E-01  1.2712E+43  2.9603E+23  1.2712E+43  1.0581E+33
  1.9950E-01  4.9625E+42  1.9323E+25  4.9625E+42  5.7262E+30
  2.2390E-01  2.4604E+42  9.6323E+26  2.4604E+42  2.2517E+29
  2.3710E-01  3.4405E+42  2.0167E+28  3.4405E+42  8.6230E+30
  2.5120E-01  4.6836E+42  3.8735E+29  4.6836E+42  3.8699E+32
  2.6610E-01  5.4305E+42  4.7637E+30  5.4305E+42  4.9607E+33
  2.8180E-01  5.7267E+42  4.3019E+31  5.7267E+42  3.0623E+34
  2.9850E-01  5.8019E+42  3.1293E+32  5.8019E+42  1.2658E+35
  3.1620E-01  5.8015E+42  1.9525E+33  5.8015E+42  4.4802E+35
  3.3500E-01  5.7299E+42  1.0756E+34  5.7299E+42  1.4178E+36
  3.5480E-01  5.5827E+42  5.2136E+34  5.5827E+42  3.9454E+36
  3.7580E-01  5.3790E+42  2.3339E+35  5.3789E+42  1.0777E+37
  3.9810E-01  5.1695E+42  9.3355E+35  5.1694E+42  2.6745E+37
  4.2170E-01  4.9406E+42  3.5380E+36  4.9405E+42  7.1437E+37
  4.4670E-01  4.7237E+42  1.2302E+37  4.7235E+42  1.8338E+38
  4.7320E-01  4.4894E+42  4.0051E+37  4.4889E+42  4.5874E+38
  5.0120E-01  4.2382E+42  1.2197E+38  4.2370E+42  1.1066E+39
  5.3090E-01  3.9694E+42  3.5496E+38  3.9664E+42  2.6811E+39
  5.6230E-01  3.7127E+42  9.5421E+38  3.7057E+42  5.9994E+39
  5.9570E-01  3.4633E+42  2.4131E+39  3.4481E+42  1.2786E+40
  6.3100E-01  3.2263E+42  5.8019E+39  3.1938E+42  2.6718E+40
  6.6830E-01  3.0087E+42  1.3284E+40  2.9407E+42  5.4640E+40
  7.0790E-01  2.8412E+42  2.8954E+40  2.7039E+42  1.0832E+41
  7.4990E-01  2.7467E+42  5.9600E+40  2.4834E+42  2.0363E+41
  7.9430E-01  2.7649E+42  1.1720E+41  2.2758E+42  3.7191E+41
  8.4140E-01  2.9626E+42  2.2169E+41  2.0778E+42  6.6314E+41
  8.9130E-01  3.4774E+42  4.0888E+41  1.8876E+42  1.1809E+42
  9.4410E-01  4.4679E+42  7.2574E+41  1.7065E+42  2.0356E+42
  1.0000E+00  6.0975E+42  1.2302E+42  1.5361E+42  3.3311E+42
  1.0590E+00  8.5900E+42  1.9996E+42  1.3791E+42  5.2113E+42
  1.1220E+00  1.2249E+43  3.1491E+42  1.2322E+42  7.8673E+42
  1.1890E+00  1.7445E+43  4.8242E+42  1.0928E+42  1.1528E+43
  1.2590E+00  2.4712E+43  7.1993E+42  9.5897E+41  1.6553E+43
  1.3340E+00  3.4153E+43  1.0428E+43  8.3420E+41  2.2891E+43
  1.4130E+00  4.5532E+43  1.4528E+43  7.2185E+41  3.0283E+43
  1.4960E+00  5.8867E+43  1.9592E+43  6.2040E+41  3.8654E+43
  1.5850E+00  7.4247E+43  2.5811E+43  5.2790E+41  4.7907E+43
  1.6790E+00  9.1651E+43  3.3189E+43  4.4374E+41  5.8019E+43
  1.7780E+00  1.1076E+44  4.1641E+43  3.6760E+41  6.8753E+43
  1.8840E+00  1.3099E+44  5.1121E+43  2.9976E+41  7.9570E+43
  1.9950E+00  1.5156E+44  6.1239E+43  2.4072E+41  9.0083E+43
  2.1130E+00  1.7152E+44  7.1678E+43  1.9045E+41  9.9649E+43
  2.2390E+00  1.8988E+44  8.1950E+43  1.4859E+41  1.0779E+44
  2.3710E+00  2.0592E+44  9.1497E+43  1.1457E+41  1.1431E+44
  2.5120E+00  2.1904E+44  1.0007E+44  8.7480E+40  1.1888E+44
  2.6610E+00  2.2895E+44  1.0727E+44  6.6245E+40  1.2161E+44
  2.8180E+00  2.3558E+44  1.1283E+44  4.9793E+40  1.2270E+44
  2.9850E+00  2.3904E+44  1.1677E+44  3.7196E+40  1.2223E+44
  3.1620E+00  2.3954E+44  1.1903E+44  2.7630E+40  1.2048E+44
  3.3500E+00  2.3753E+44  1.1998E+44  2.0453E+40  1.1753E+44
  3.5480E+00  2.3325E+44  1.1932E+44  1.5065E+40  1.1391E+44
  3.7580E+00  2.2711E+44  1.1748E+44  1.1053E+40  1.0963E+44
  3.9810E+00  2.1945E+44  1.1458E+44  8.0778E+39  1.0487E+44
  4.2170E+00  2.1058E+44  1.1075E+44  5.8823E+39  9.9820E+43
  4.4670E+00  2.0079E+44  1.0618E+44  4.2674E+39  9.4609E+43
  4.7320E+00  1.9038E+44  1.0108E+44  3.0842E+39  8.9299E+43
  5.0120E+00  1.7980E+44  9.5607E+43  2.2247E+39  8.4187E+43
  5.3090E+00  1.6638E+44  8.9825E+43  1.5732E+39  7.6558E+43
  5.6230E+00  1.5280E+44  8.3912E+43  1.1044E+39  6.8884E+43
  5.9570E+00  1.3934E+44  7.8022E+43  7.7009E+38  6.1318E+43
  6.3100E+00  1.2589E+44  7.1733E+43  5.3156E+38  5.4154E+43
  6.6830E+00  1.1364E+44  6.6205E+43  3.6566E+38  4.7433E+43
  7.0790E+00  1.0167E+44  6.0419E+43  2.4801E+38  4.1253E+43
  7.4990E+00  9.1919E+43  5.6772E+43  1.7044E+38  3.5147E+43
  7.9430E+00  8.9602E+43  6.1825E+43  1.3494E+38  2.7777E+43
  8.4140E+00  9.3112E+43  7.3158E+43  1.2898E+38  1.9954E+43
  8.9130E+00  9.4018E+43  7.9810E+43  1.2530E+38  1.4208E+43
  9.4410E+00  9.2810E+43  8.2680E+43  1.2929E+38  1.0129E+43
  1.0000E+01  8.1590E+43  7.2430E+43  9.2261E+37  9.1591E+42
  1.0590E+01  6.9391E+43  6.0844E+43  6.0574E+37  8.5471E+42
  1.1220E+01  5.6934E+43  4.8898E+43  3.5334E+37  8.0352E+42
  1.1890E+01  4.6317E+43  3.9038E+43  2.0844E+37  7.2797E+42
  1.2590E+01  3.7350E+43  3.0864E+43  1.2038E+37  6.4863E+42
  1.3340E+01  3.0037E+43  2.4394E+43  6.9172E+36  5.6428E+42
  1.4130E+01  2.4937E+43  2.0161E+43  4.1009E+36  4.7760E+42
  1.4960E+01  2.2717E+43  1.8844E+43  2.8169E+36  3.8727E+42
  1.5850E+01  2.1234E+43  1.8146E+43  2.0848E+36  3.0872E+42
  1.6790E+01  1.9918E+43  1.7469E+43  1.6129E+36  2.4491E+42
  1.7780E+01  1.8277E+43  1.6317E+43  1.2519E+36  1.9599E+42
  1.8840E+01  1.6047E+43  1.4451E+43  9.2364E+35  1.5960E+42
  1.9950E+01  1.3471E+43  1.2141E+43  6.2722E+35  1.3290E+42
  2.1130E+01  1.1147E+43  1.0041E+43  4.0697E+35  1.1069E+42
  2.2390E+01  9.2269E+42  8.3120E+42  2.6398E+35  9.1494E+41
  2.3710E+01  7.6455E+42  6.8908E+42  1.7106E+35  7.5473E+41
  2.5120E+01  6.3175E+42  5.6983E+42  1.1104E+35  6.1912E+41
  2.6610E+01  5.2006E+42  4.6938E+42  7.1758E+34  5.0679E+41
  2.8180E+01  4.2668E+42  3.8526E+42  4.6427E+34  4.1423E+41
  2.9850E+01  3.4775E+42  3.1399E+42  2.9956E+34  3.3759E+41
  3.1620E+01  2.8112E+42  2.5366E+42  1.9204E+34  2.7467E+41
  3.3500E+01  2.2521E+42  2.0291E+42  1.2231E+34  2.2305E+41
  3.5480E+01  1.7902E+42  1.6091E+42  7.7483E+33  1.8110E+41
  3.7580E+01  1.4085E+42  1.2617E+42  4.8676E+33  1.4687E+41
  3.9810E+01  1.0951E+42  9.7609E+41  3.0279E+33  1.1898E+41
  4.2170E+01  8.4326E+41  7.4695E+41  1.8673E+33  9.6313E+40
  4.4670E+01  6.4373E+41  5.6584E+41  1.1415E+33  7.7893E+40
  4.7320E+01  4.8780E+41  4.2488E+41  6.9289E+32  6.2920E+40
  5.0120E+01  3.6750E+41  3.1670E+41  4.1835E+32  5.0800E+40
  5.3090E+01  2.7531E+41  2.3435E+41  2.5135E+32  4.0958E+40
  5.6230E+01  2.0549E+41  1.7248E+41  1.5054E+32  3.3003E+40
  5.9570E+01  1.5270E+41  1.2616E+41  8.9843E+31  2.6541E+40
  6.3100E+01  1.1327E+41  9.1936E+40  5.3568E+31  2.1335E+40
  6.6830E+01  8.3926E+40  6.6783E+40  3.1933E+31  1.7143E+40
  7.0790E+01  6.2114E+40  4.8357E+40  1.9031E+31  1.3756E+40
  7.4990E+01  4.5940E+40  3.4913E+40  1.1345E+31  1.1027E+40
  7.9430E+01  3.4002E+40  2.5166E+40  6.7755E+30  8.8361E+39
  8.4140E+01  2.5180E+40  1.8106E+40  4.0509E+30  7.0738E+39
  8.9130E+01  1.8676E+40  1.3017E+40  2.4275E+30  5.6590E+39
  9.4410E+01  1.3877E+40  9.3514E+39  1.4583E+30  4.5259E+39
  1.0000E+02  1.0331E+40  6.7127E+39  8.7807E+29  3.6183E+39
  1.0590E+02  7.7150E+39  4.8216E+39  5.3062E+29  2.8934E+39
  1.1220E+02  5.7701E+39  3.4615E+39  3.2098E+29  2.3086E+39
  1.1890E+02  4.3295E+39  2.4898E+39  1.9472E+29  1.8397E+39
  1.2590E+02  3.2739E+39  1.8039E+39  1.1897E+29  1.4700E+39
  1.3340E+02  2.4825E+39  1.3114E+39  7.2908E+28  1.1712E+39
  1.4130E+02  1.8821E+39  9.4800E+38  4.4876E+28  9.3408E+38
  1.4960E+02  1.4196E+39  6.7340E+38  2.7535E+28  7.4620E+38
  1.5850E+02  1.0694E+39  4.7512E+38  1.6829E+28  5.9430E+38
  1.7780E+02  6.1679E+38  2.3911E+38  6.3560E+27  3.7767E+38
  1.9950E+02  3.6051E+38  1.2094E+38  2.4229E+27  2.3956E+38
  2.2390E+02  2.1296E+38  6.1235E+37  9.3057E+26  1.5172E+38
  2.5120E+02  1.2721E+38  3.1051E+37  3.6017E+26  9.6156E+37
  2.8180E+02  7.6679E+37  1.5746E+37  1.4022E+26  6.0933E+37
  3.1620E+02  4.6536E+37  7.9747E+36  5.4784E+25  3.8562E+37
  3.5480E+02  2.8431E+37  4.0376E+36  2.1477E+25  2.4393E+37
  3.9810E+02  1.7471E+37  2.0432E+36  8.4482E+24  1.5428E+37
  4.4670E+02  1.0787E+37  1.0334E+36  3.3309E+24  9.7532E+36
  5.0120E+02  6.6884E+36  5.2248E+35  1.3162E+24  6.1659E+36
  5.6230E+02  4.1627E+36  2.6417E+35  5.2102E+23  3.8985E+36
  6.3100E+02  2.5954E+36  1.3337E+35  2.0635E+23  2.4620E+36
  7.0790E+02  1.6237E+36  6.7382E+34  8.1902E+22  1.5563E+36
  7.9430E+02  1.0170E+36  3.4001E+34  3.2510E+22  9.8302E+35
  8.9130E+02  6.3780E+35  1.7145E+34  1.2910E+22  6.2066E+35
  1.0000E+03  4.0072E+35  8.6457E+33  5.1328E+21  3.9208E+35
