  1.0000E-03  4.8307E+42  0.0000E+00  4.8307E+42  1.7203E+37
  1.1220E-03  5.1038E+42  0.0000E+00  5.1038E+42  2.1696E+35
  1.2590E-03  5.1095E+42  0.0000E+00  5.1095E+42  2.0624E+33
  1.4130E-03  4.8807E+42  0.0000E+00  4.8807E+42  1.5920E+31
  1.5850E-03  4.6385E+42  0.0000E+00  4.6385E+42  2.6016E+29
  1.7780E-03  5.3625E+42  0.0000E+00  5.3625E+42  6.8585E+28
  1.9950E-03  4.7424E+42  0.0000E+00  4.7424E+42  1.9186E+25
  2.2390E-03  3.9428E+42  0.0000E+00  3.9428E+42  3.7811E+22
  2.5120E-03  4.6448E+42  0.0000E+00  4.6448E+42  2.6149E+21
  2.8180E-03  3.6770E+42  0.0000E+00  3.6770E+42  2.1554E+16
  3.1620E-03  2.8672E+42  0.0000E+00  2.8672E+42  5.9818E+11
  3.5480E-03  2.2240E+42  0.0000E+00  2.2240E+42  3.0849E+07
  3.9810E-03  1.7437E+42  0.0000E+00  1.7437E+42  3.9867E+03
  4.4670E-03  1.3285E+43  0.0000E+00  1.3285E+43  1.8185E+19
  5.0120E-03  1.0188E+43  0.0000E+00  1.0188E+43  6.0046E+13
  5.6230E-03  7.5528E+42  0.0000E+00  7.5528E+42  2.2141E+08
  5.9570E-03  6.4898E+42  0.0000E+00  6.4898E+42  5.6032E+05
  6.6830E-03  4.9174E+42  0.0000E+00  4.9174E+42  1.2924E+01
  7.4990E-03  3.9512E+42  0.0000E+00  3.9512E+42  2.7811E-03
  8.4140E-03  3.0471E+42  0.0000E+00  3.0471E+42  1.2154E-07
  9.4410E-03  2.4312E+42  0.0000E+00  2.4312E+42  3.8423E-11
  1.0590E-02  2.0586E+42  0.0000E+00  2.0586E+42  9.4761E-13
  1.1890E-02  1.7338E+42  0.0000E+00  1.7338E+42  1.0515E-16
  1.3340E-02  1.4225E+42  0.0000E+00  1.4225E+42  1.1390E-19
  1.4960E-02  1.1402E+42  0.0000E+00  1.1402E+42  1.9825E-23
  1.6790E-02  9.1413E+41  0.0000E+00  9.1413E+41  7.5560E-27
  1.8840E-02  7.3933E+41  0.0000E+00  7.3933E+41  7.9135E-30
  2.1130E-02  6.0491E+41  0.0000E+00  6.0491E+41  3.4311E-33
  2.3710E-02  4.8400E+41  0.0000E+00  4.8400E+41  1.0838E-36
  2.6610E-02  3.7660E+41  0.0000E+00  3.7660E+41  1.6343E-40
  2.9850E-02  2.9038E+41  0.0000E+00  2.9038E+41  2.8280E-44
  3.3500E-02  2.2083E+41  0.0000E+00  2.2083E+41  4.2310E-48
  3.7580E-02  2.2096E+41  0.0000E+00  2.2096E+41  4.3841E-49
  4.2170E-02  1.9806E+41  0.0000E+00  1.9806E+41  5.8865E-53
  4.7320E-02  9.6488E+40  0.0000E+00  9.6488E+40  4.0962E-62
  5.3090E-02  3.8291E+40  0.0000E+00  3.8291E+40  4.1601E-73
  6.6830E-02  1.5441E+39  0.0000E+00  1.5441E+39  1.2161-116
  7.4990E-02  2.5630E+38  0.0000E+00  2.5630E+38  2.0868-144
  8.4140E-02  3.5036E+38  0.0000E+00  3.5036E+38  1.5235-137
  9.4410E-02  4.8335E+38  0.0000E+00  4.8335E+38  8.7026-133
  1.0590E-01  2.0385E+39  0.0000E+00  2.0385E+39  1.8340-113
  1.1890E-01  1.0721E+40  7.5760E-88  1.0721E+40  1.4813E-91
  1.3340E-01  3.9956E+40  1.5797E-72  3.9956E+40  1.0637E-75
  1.4960E-01  8.7638E+40  9.2209E-62  8.7638E+40  1.6145E-65
  1.5850E-01  9.6056E+40  7.1182E-59  9.6056E+40  1.1302E-63
  1.7780E-01  5.6370E+40  1.9633E-58  5.6370E+40  8.2849E-67
  1.9950E-01  6.7612E+39  2.4786E-69  6.7612E+39  3.1874E-85
  2.2390E-01  1.8089E+39  6.6349E-71  1.8089E+39  2.2138E-96
  2.3710E-01  5.5635E+39  2.4439E-61  5.5635E+39  1.0470E-82
  2.5120E-01  1.7214E+40  2.1826E-51  1.7214E+40  1.8996E-68
  2.6610E-01  3.5078E+40  5.8891E-44  3.5078E+40  8.6793E-59
  2.8180E-01  5.5544E+40  3.8190E-38  5.5544E+40  8.3062E-52
  2.9850E-01  7.8067E+40  2.8151E-33  7.8067E+40  2.6829E-46
  3.1620E-01  1.0560E+41  7.9149E-29  1.0560E+41  2.3371E-41
  3.3500E-01  1.3823E+41  1.0824E-24  1.3823E+41  7.9228E-37
  3.5480E-01  1.7373E+41  6.5898E-21  1.7373E+41  9.0217E-33
  3.7580E-01  2.1513E+41  3.1219E-17  2.1513E+41  8.8692E-29
  3.9810E-01  2.6135E+41  7.9640E-14  2.6135E+41  3.8504E-25
  4.2170E-01  3.2144E+41  2.3300E-10  3.2144E+41  3.1483E-21
  4.4670E-01  3.9395E+41  4.6739E-07  3.9395E+41  1.8303E-17
  4.7320E-01  4.7799E+41  6.9806E-04  4.7799E+41  8.5648E-14
  5.0120E-01  5.7193E+41  7.4162E-01  5.7193E+41  2.9414E-10
  5.3090E-01  6.8020E+41  6.8717E+02  6.8020E+41  1.0535E-06
  5.6230E-01  7.9492E+41  3.8114E+05  7.9492E+41  1.9120E-03
  5.9570E-01  9.1668E+41  1.4878E+08  9.1668E+41  2.2960E+00
  6.3100E-01  1.0495E+42  4.6167E+10  1.0495E+42  2.3253E+03
  6.6830E-01  1.1904E+42  1.1441E+13  1.1904E+42  1.9612E+06
  7.0790E-01  1.3432E+42  2.2058E+15  1.3432E+42  1.2681E+09
  7.4990E-01  1.4993E+42  2.9969E+17  1.4993E+42  5.1963E+11
  7.9430E-01  1.6636E+42  3.2193E+19  1.6636E+42  1.6591E+14
  8.4140E-01  1.8340E+42  2.8470E+21  1.8340E+42  4.3139E+16
  8.9130E-01  2.0193E+42  2.3433E+23  2.0193E+42  1.1071E+19
  9.4410E-01  2.2012E+42  1.5550E+25  2.2012E+42  2.1512E+21
  1.0000E+00  2.3626E+42  7.5386E+26  2.3626E+42  2.6840E+23
  1.0590E+00  2.5063E+42  2.7466E+28  2.5063E+42  2.2749E+25
  1.1220E+00  2.6285E+42  8.0103E+29  2.6285E+42  1.4281E+27
  1.1890E+00  2.7210E+42  1.9235E+31  2.7210E+42  6.9592E+28
  1.2590E+00  2.7760E+42  3.9572E+32  2.7760E+42  2.8258E+30
  1.3340E+00  2.7828E+42  6.4709E+33  2.7828E+42  8.3924E+31
  1.4130E+00  2.7403E+42  7.9229E+34  2.7403E+42  1.7052E+33
  1.4960E+00  2.6523E+42  7.6288E+35  2.6523E+42  2.5457E+34
  1.5850E+00  2.5215E+42  6.1044E+36  2.5215E+42  2.9833E+35
  1.6790E+00  2.3522E+42  4.1594E+37  2.3521E+42  2.8679E+36
  1.7780E+00  2.1486E+42  2.4285E+38  2.1483E+42  2.2844E+37
  1.8840E+00  1.9200E+42  1.2164E+39  1.9186E+42  1.4992E+38
  1.9950E+00  1.6818E+42  5.1922E+39  1.6758E+42  8.1070E+38
  2.1130E+00  1.4549E+42  1.8939E+40  1.4323E+42  3.6131E+39
  2.2390E+00  1.2720E+42  5.9315E+40  1.1993E+42  1.3384E+40
  2.3710E+00  1.1882E+42  1.6028E+41  9.8623E+41  4.1683E+40
  2.5120E+00  1.2881E+42  3.7885E+41  7.9862E+41  1.1058E+41
  2.6610E+00  1.6870E+42  7.9363E+41  6.3834E+41  2.5499E+41
  2.8180E+00  2.5220E+42  1.4960E+42  5.0449E+41  5.2154E+41
  2.9850E+00  3.9265E+42  2.5721E+42  3.9499E+41  9.5945E+41
  3.1620E+00  6.0129E+42  4.0894E+42  3.0679E+41  1.6167E+42
  3.3500E+00  8.7818E+42  6.0462E+42  2.3685E+41  2.4987E+42
  3.5480E+00  1.2278E+43  8.4548E+42  1.8180E+41  3.6417E+42
  3.7580E+00  1.6383E+43  1.1236E+43  1.3884E+41  5.0076E+42
  3.9810E+00  2.0948E+43  1.4291E+43  1.0554E+41  6.5513E+42
  4.2170E+00  2.5798E+43  1.7501E+43  7.9898E+40  8.2169E+42
  4.4670E+00  3.0749E+43  2.0749E+43  6.0250E+40  9.9398E+42
  4.7320E+00  3.5537E+43  2.3878E+43  4.5239E+40  1.1614E+43
  5.0120E+00  3.9988E+43  2.6764E+43  3.3878E+40  1.3190E+43
  5.3090E+00  4.3418E+43  2.9294E+43  2.4912E+40  1.4099E+43
  5.6230E+00  4.5970E+43  3.1382E+43  1.8188E+40  1.4569E+43
  5.9570E+00  4.7573E+43  3.2991E+43  1.3194E+40  1.4569E+43
  6.3100E+00  4.8402E+43  3.4101E+43  9.4877E+39  1.4292E+43
  6.6830E+00  4.8733E+43  3.5061E+43  6.8151E+39  1.3665E+43
  7.0790E+00  4.8473E+43  3.5587E+43  4.8372E+39  1.2882E+43
  7.4990E+00  4.4623E+43  3.4006E+43  3.3986E+39  1.0614E+43
  7.9430E+00  2.9698E+43  2.4949E+43  2.4452E+39  4.7463E+42
  8.4140E+00  1.4126E+43  1.3155E+43  1.9148E+39  9.6903E+41
  8.9130E+00  7.4898E+42  7.2987E+42  1.5932E+39  1.8949E+41
  9.4410E+00  4.6004E+42  4.5603E+42  1.4636E+39  3.8566E+40
  1.0000E+01  5.9590E+42  5.8954E+42  1.1687E+39  6.2459E+40
  1.0590E+01  8.4779E+42  8.3416E+42  8.9850E+38  1.3545E+41
  1.1220E+01  1.2570E+43  1.2245E+43  6.3745E+38  3.2456E+41
  1.1890E+01  1.6537E+43  1.5955E+43  4.4836E+38  5.8181E+41
  1.2590E+01  2.0631E+43  1.9725E+43  3.0958E+38  9.0513E+41
  1.3340E+01  2.3960E+43  2.2770E+43  2.1063E+38  1.1889E+42
  1.4130E+01  2.5602E+43  2.4357E+43  1.4287E+38  1.2450E+42
  1.4960E+01  2.4579E+43  2.3672E+43  1.0369E+38  9.0620E+41
  1.5850E+01  2.3312E+43  2.2722E+43  7.9910E+37  5.8962E+41
  1.6790E+01  2.2425E+43  2.2053E+43  6.4678E+37  3.7175E+41
  1.7780E+01  2.2414E+43  2.2159E+43  5.3964E+37  2.5401E+41
  1.8840E+01  2.3502E+43  2.3294E+43  4.4784E+37  2.0767E+41
  1.9950E+01  2.5405E+43  2.5200E+43  3.5669E+37  2.0464E+41
  2.1130E+01  2.7307E+43  2.7101E+43  2.7457E+37  2.0544E+41
  2.2390E+01  2.8867E+43  2.8669E+43  2.1069E+37  1.9771E+41
  2.3710E+01  3.0051E+43  2.9865E+43  1.6070E+37  1.8552E+41
  2.5120E+01  3.0747E+43  3.0578E+43  1.2211E+37  1.6973E+41
  2.6610E+01  3.0926E+43  3.0773E+43  9.1777E+36  1.5317E+41
  2.8180E+01  3.0533E+43  3.0397E+43  6.8431E+36  1.3642E+41
  2.9850E+01  2.9551E+43  2.9430E+43  5.0433E+36  1.2016E+41
  3.1620E+01  2.8018E+43  2.7913E+43  3.6592E+36  1.0520E+41
  3.3500E+01  2.6005E+43  2.5913E+43  2.6117E+36  9.1545E+40
  3.5480E+01  2.3637E+43  2.3558E+43  1.8340E+36  7.9340E+40
  3.7580E+01  2.1049E+43  2.0981E+43  1.2655E+36  6.8575E+40
  3.9810E+01  1.8366E+43  1.8306E+43  8.5793E+35  5.9251E+40
  4.2170E+01  1.5729E+43  1.5678E+43  5.7186E+35  5.1078E+40
  4.4670E+01  1.3241E+43  1.3197E+43  3.7485E+35  4.3884E+40
  4.7320E+01  1.0974E+43  1.0937E+43  2.4213E+35  3.7526E+40
  5.0120E+01  8.9683E+42  8.9363E+42  1.5437E+35  3.1953E+40
  5.3090E+01  7.2319E+42  7.2048E+42  9.7217E+34  2.7061E+40
  5.6230E+01  5.7659E+42  5.7431E+42  6.0589E+34  2.2806E+40
  5.9570E+01  4.5455E+42  4.5264E+42  3.7371E+34  1.9106E+40
  6.3100E+01  3.5513E+42  3.5354E+42  2.2868E+34  1.5934E+40
  6.6830E+01  2.7526E+42  2.7393E+42  1.3897E+34  1.3234E+40
  7.0790E+01  2.1175E+42  2.1066E+42  8.3896E+33  1.0936E+40
  7.4990E+01  1.6178E+42  1.6088E+42  5.0351E+33  8.9989E+39
  7.9430E+01  1.2292E+42  1.2218E+42  3.0083E+33  7.3807E+39
  8.4140E+01  9.2900E+41  9.2297E+41  1.7890E+33  6.0315E+39
  8.9130E+01  6.9930E+41  6.9439E+41  1.0606E+33  4.9134E+39
  9.4410E+01  5.2444E+41  5.2045E+41  6.2697E+32  3.9930E+39
  1.0000E+02  3.9191E+41  3.8867E+41  3.6956E+32  3.2377E+39
  1.0590E+02  2.9228E+41  2.8966E+41  2.1759E+32  2.6216E+39
  1.1220E+02  2.1743E+41  2.1531E+41  1.2782E+32  2.1146E+39
  1.1890E+02  1.6175E+41  1.6005E+41  7.5143E+31  1.7011E+39
  1.2590E+02  1.2098E+41  1.1961E+41  4.4449E+31  1.3703E+39
  1.3340E+02  9.0690E+40  8.9590E+40  2.6404E+31  1.0993E+39
  1.4130E+02  6.7419E+40  6.6536E+40  1.5616E+31  8.8247E+38
  1.4960E+02  4.9059E+40  4.8349E+40  9.0344E+30  7.0967E+38
  1.5850E+02  3.5419E+40  3.4851E+40  5.1745E+30  5.6860E+38
  1.7780E+02  1.8620E+40  1.8256E+40  1.7122E+30  3.6483E+38
  1.9950E+02  9.8045E+39  9.5714E+39  5.6876E+29  2.3312E+38
  2.2390E+02  5.1511E+39  5.0027E+39  1.8906E+29  1.4848E+38
  2.5120E+02  2.7031E+39  2.6086E+39  6.2939E+28  9.4526E+37
  2.8180E+02  1.4158E+39  1.3557E+39  2.0975E+28  6.0112E+37
  3.1620E+02  7.3978E+38  7.0163E+38  6.9954E+27  3.8148E+37
  3.5480E+02  3.8628E+38  3.6209E+38  2.3386E+27  2.4185E+37
  3.9810E+02  2.0168E+38  1.8635E+38  7.8490E+26  1.5323E+37
  4.4670E+02  1.0536E+38  9.5662E+37  2.6468E+26  9.7005E+36
  5.0120E+02  5.5150E+37  4.9011E+37  8.9821E+25  6.1394E+36
  5.6230E+02  2.8956E+37  2.5070E+37  3.0709E+25  3.8852E+36
  6.3100E+02  1.5245E+37  1.2790E+37  1.0581E+25  2.4553E+36
  7.0790E+02  8.0739E+36  6.5209E+36  3.6847E+24  1.5530E+36
  7.9430E+02  4.2988E+36  3.3175E+36  1.2955E+24  9.8132E+35
  8.9130E+02  2.3047E+36  1.6849E+36  4.6039E+23  6.1980E+35
  1.0000E+03  1.2468E+36  8.5517E+35  1.6560E+23  3.9165E+35
