  1.0000E-03  1.1450E+44  0.0000E+00  7.0406E+43  4.4097E+43
  1.1220E-03  6.8600E+43  0.0000E+00  4.5412E+43  2.3188E+43
  1.2590E-03  3.7559E+43  0.0000E+00  2.5960E+43  1.1599E+43
  1.4130E-03  1.8967E+43  0.0000E+00  1.3382E+43  5.5856E+42
  1.5850E-03  1.0471E+43  0.0000E+00  7.4396E+42  3.0310E+42
  1.7780E-03  1.1233E+43  0.0000E+00  8.6387E+42  2.5947E+42
  1.9950E-03  3.9734E+42  0.0000E+00  3.2637E+42  7.0967E+41
  2.2390E-03  1.4962E+42  0.0000E+00  1.2289E+42  2.6726E+41
  2.5120E-03  1.8746E+42  0.0000E+00  1.6936E+42  1.8101E+41
  2.8180E-03  5.3984E+41  0.0000E+00  5.1252E+41  2.7320E+40
  3.1620E-03  1.6824E+41  0.0000E+00  1.6318E+41  5.0541E+39
  3.5480E-03  5.4623E+40  0.0000E+00  5.3584E+40  1.0391E+39
  3.9810E-03  1.8913E+40  0.0000E+00  1.8663E+40  2.5001E+38
  4.4670E-03  6.4384E+42  0.0000E+00  6.2826E+42  1.5576E+41
  5.0120E-03  2.2265E+42  0.0000E+00  2.2069E+42  1.9600E+40
  5.6230E-03  7.8862E+41  0.0000E+00  7.8611E+41  2.5047E+39
  5.9570E-03  4.8011E+41  0.0000E+00  4.7917E+41  9.3823E+38
  6.6830E-03  1.9723E+41  0.0000E+00  1.9707E+41  1.6386E+38
  7.4990E-03  1.0186E+41  0.0000E+00  1.0182E+41  4.1657E+37
  8.4140E-03  4.5582E+40  0.0000E+00  4.5574E+40  8.1603E+36
  9.4410E-03  2.2643E+40  0.0000E+00  2.2641E+40  2.2289E+36
  1.0590E-02  1.3394E+40  0.0000E+00  1.3393E+40  1.2574E+36
  1.1890E-02  8.2770E+39  0.0000E+00  8.2767E+39  2.8957E+35
  1.3340E-02  4.5679E+39  0.0000E+00  4.5678E+39  9.7329E+34
  1.4960E-02  2.4048E+39  0.0000E+00  2.4047E+39  2.4119E+34
  1.6790E-02  1.2711E+39  0.0000E+00  1.2711E+39  6.8110E+33
  1.8840E-02  6.9728E+38  0.0000E+00  6.9728E+38  2.2736E+33
  2.1130E-02  4.0424E+38  0.0000E+00  4.0423E+38  6.5502E+32
  2.3710E-02  2.2150E+38  0.0000E+00  2.2150E+38  1.7889E+32
  2.6610E-02  1.1425E+38  0.0000E+00  1.1425E+38  4.3101E+31
  2.9850E-02  5.8748E+37  0.0000E+00  5.8748E+37  1.0588E+31
  3.3500E-02  2.9351E+37  5.2786E-83  2.9351E+37  2.5340E+30
  3.7580E-02  2.3226E+37  4.4051E-70  2.3226E+37  1.8996E+30
  4.2170E-02  2.3446E+37  3.9904E-59  2.3446E+37  4.4620E+29
  4.7320E-02  6.0681E+36  2.6597E-50  6.0681E+36  1.2536E+28
  5.3090E-02  1.0739E+36  5.9401E-43  1.0739E+36  1.5963E+26
  6.6830E-02  1.3440E+33  6.8995E-35  1.3440E+33  4.6947E+18
  7.4990E-02  1.6507E+31  3.5391E-33  1.6507E+31  6.8853E+13
  8.4140E-02  4.0767E+31  2.7525E-26  4.0767E+31  1.0922E+15
  9.4410E-02  8.7423E+31  2.1001E-20  8.7423E+31  7.4863E+15
  1.0590E-01  2.0824E+33  1.2027E-12  2.0824E+33  1.6917E+19
  1.1890E-01  4.7964E+34  6.0517E-05  4.7964E+34  9.9900E+22
  1.3340E-01  4.7238E+35  8.4727E+01  4.7238E+35  5.2066E+25
  1.4960E-01  1.2032E+36  6.5032E+06  1.2032E+36  2.8290E+27
  1.5850E-01  1.2702E+36  4.0767E+08  1.2702E+36  5.5257E+27
  1.7780E-01  7.7669E+35  5.5114E+10  7.7669E+35  1.2355E+27
  1.9950E-01  3.4616E+34  8.6578E+09  3.4616E+34  5.7150E+23
  2.2390E-01  6.7222E+33  1.0172E+10  6.7222E+33  4.9139E+21
  2.3710E-01  8.1937E+34  1.5859E+13  8.1937E+34  1.0628E+24
  2.5120E-01  8.6273E+35  2.7881E+16  8.6273E+35  2.9032E+26
  2.6610E-01  3.6520E+36  7.3159E+18  3.6520E+36  1.2614E+28
  2.8180E-01  9.3210E+36  5.9919E+20  9.3210E+36  1.8717E+29
  2.9850E-01  1.9115E+37  2.4803E+22  1.9115E+37  1.5432E+30
  3.1620E-01  3.7533E+37  7.3363E+23  3.7533E+37  1.0132E+31
  3.3500E-01  7.0178E+37  1.6765E+25  7.0178E+37  5.6446E+31
  3.5480E-01  1.2207E+38  2.8899E+26  1.2207E+38  2.6046E+32
  3.7580E-01  2.1124E+38  4.4627E+27  2.1124E+38  1.1666E+33
  3.9810E-01  3.5439E+38  5.5137E+28  3.5438E+38  4.5499E+33
  4.2170E-01  6.2713E+38  6.9503E+29  6.2711E+38  1.9705E+34
  4.4670E-01  1.1190E+39  7.6531E+30  1.1189E+39  8.0603E+34
  4.7320E-01  1.9783E+39  7.6142E+31  1.9780E+39  3.1748E+35
  5.0120E-01  3.4263E+39  6.7594E+32  3.4251E+39  1.1856E+36
  5.3090E-01  5.9713E+39  5.7138E+33  5.9669E+39  4.4502E+36
  5.6230E-01  1.0131E+40  4.0689E+34  1.0116E+40  1.4895E+37
  5.9570E-01  1.6961E+40  2.5710E+35  1.6914E+40  4.6464E+37
  6.3100E-01  2.8462E+40  1.5010E+36  2.8320E+40  1.4082E+38
  6.6830E-01  4.7897E+40  8.0901E+36  4.7476E+40  4.1351E+38
  7.0790E-01  8.1742E+40  3.9909E+37  8.0541E+40  1.1617E+39
  7.4990E-01  1.3904E+41  1.7468E+38  1.3584E+41  3.0241E+39
  7.9430E-01  2.3866E+41  7.0379E+38  2.3040E+41  7.5559E+39
  8.4140E-01  4.1513E+41  2.6379E+39  3.9425E+41  1.8239E+40
  8.9130E-01  7.4225E+41  9.5372E+39  6.8874E+41  4.3972E+40
  9.4410E-01  1.3316E+42  3.1760E+40  1.1987E+42  1.0112E+41
  1.0000E+00  2.3422E+42  9.4871E+40  2.0317E+42  2.1564E+41
  1.0590E+00  4.0514E+42  2.5730E+41  3.3632E+42  4.3090E+41
  1.1220E+00  6.9104E+42  6.4715E+41  5.4450E+42  8.1830E+41
  1.1890E+00  1.1599E+43  1.5233E+42  8.5871E+42  1.4890E+42
  1.2590E+00  1.9184E+43  3.3870E+42  1.3167E+43  2.6304E+42
  1.3340E+00  3.0852E+43  6.9859E+42  1.9465E+43  4.4014E+42
  1.4130E+00  4.7489E+43  1.3169E+43  2.7419E+43  6.9011E+42
  1.4960E+00  7.0185E+43  2.3041E+43  3.6877E+43  1.0268E+43
  1.5850E+00  1.0026E+44  3.8053E+43  4.7566E+43  1.4641E+43
  1.6790E+00  1.3858E+44  5.9611E+43  5.8786E+43  2.0182E+43
  1.7780E+00  1.8508E+44  8.8738E+43  6.9399E+43  2.6947E+43
  1.8840E+00  2.3882E+44  1.2587E+44  7.8169E+43  3.4771E+43
  1.9950E+00  2.9726E+44  1.6998E+44  8.3859E+43  4.3427E+43
  2.1130E+00  3.5727E+44  2.1903E+44  8.5808E+43  5.2434E+43
  2.2390E+00  4.1493E+44  2.6975E+44  8.3899E+43  6.1281E+43
  2.3710E+00  4.6658E+44  3.1842E+44  7.8612E+43  6.9549E+43
  2.5120E+00  5.0963E+44  3.6196E+44  7.0958E+43  7.6717E+43
  2.6610E+00  5.4221E+44  3.9766E+44  6.1946E+43  8.2605E+43
  2.8180E+00  5.6357E+44  4.2393E+44  5.2507E+43  8.7139E+43
  2.9850E+00  5.7407E+44  4.4045E+44  4.3397E+43  9.0222E+43
  3.1620E+00  5.7448E+44  4.4740E+44  3.5089E+43  9.1991E+43
  3.3500E+00  5.6657E+44  4.4633E+44  2.7853E+43  9.2381E+43
  3.5480E+00  5.5155E+44  4.3793E+44  2.1760E+43  9.1865E+43
  3.7580E+00  5.3114E+44  4.2395E+44  1.6764E+43  9.0420E+43
  3.9810E+00  5.0657E+44  4.0559E+44  1.2757E+43  8.8217E+43
  4.2170E+00  4.7921E+44  3.8416E+44  9.6068E+42  8.5443E+43
  4.4670E+00  4.5017E+44  3.6076E+44  7.1669E+42  8.2235E+43
  4.7320E+00  4.2026E+44  3.3629E+44  5.2983E+42  7.8670E+43
  5.0120E+00  3.9048E+44  3.1155E+44  3.8887E+42  7.5043E+43
  5.3090E+00  3.5867E+44  2.8691E+44  2.8158E+42  6.8943E+43
  5.6230E+00  3.2758E+44  2.6298E+44  2.0211E+42  6.2580E+43
  5.9570E+00  2.9777E+44  2.4021E+44  1.4393E+42  5.6122E+43
  6.3100E+00  2.6874E+44  2.1783E+44  1.0144E+42  4.9899E+43
  6.6830E+00  2.4360E+44  1.9893E+44  7.1474E+41  4.3951E+43
  7.0790E+00  2.1948E+44  1.8056E+44  4.9697E+41  3.8422E+43
  7.4990E+00  1.9710E+44  1.6407E+44  3.3959E+41  3.2692E+43
  7.9430E+00  1.7581E+44  1.5055E+44  2.2914E+41  2.5033E+43
  8.4140E+00  1.5220E+44  1.3528E+44  1.5820E+41  1.6761E+43
  8.9130E+00  1.2904E+44  1.1782E+44  1.1413E+41  1.1101E+43
  9.4410E+00  1.0847E+44  1.0100E+44  9.0646E+40  7.3775E+42
  1.0000E+01  1.0488E+44  9.7906E+43  7.5613E+40  6.8954E+42
  1.0590E+01  1.0197E+44  9.5157E+43  6.1835E+40  6.7490E+42
  1.1220E+01  9.7769E+43  9.1033E+43  4.6523E+40  6.6890E+42
  1.1890E+01  9.0226E+43  8.3894E+43  3.3586E+40  6.2986E+42
  1.2590E+01  8.2427E+43  7.6612E+43  2.3408E+40  5.7917E+42
  1.3340E+01  7.4434E+43  6.9261E+43  1.5825E+40  5.1573E+42
  1.4130E+01  6.7661E+43  6.3232E+43  1.0525E+40  4.4181E+42
  1.4960E+01  6.3554E+43  5.9986E+43  7.3884E+39  3.5609E+42
  1.5850E+01  6.0645E+43  5.7834E+43  5.4785E+39  2.8064E+42
  1.6790E+01  5.8414E+43  5.6212E+43  4.2555E+39  2.1978E+42
  1.7780E+01  5.6297E+43  5.4550E+43  3.4112E+39  1.7432E+42
  1.8840E+01  5.3748E+43  5.2325E+43  2.7303E+39  1.4198E+42
  1.9950E+01  5.0559E+43  4.9364E+43  2.1056E+39  1.1934E+42
  2.1130E+01  4.7249E+43  4.6243E+43  1.5662E+39  1.0044E+42
  2.2390E+01  4.4051E+43  4.3213E+43  1.1575E+39  8.3728E+41
  2.3710E+01  4.0945E+43  4.0249E+43  8.4933E+38  6.9563E+41
  2.5120E+01  3.7776E+43  3.7201E+43  6.2011E+38  5.7409E+41
  2.6610E+01  3.4539E+43  3.4066E+43  4.4789E+38  4.7248E+41
  2.8180E+01  3.1250E+43  3.0861E+43  3.2116E+38  3.8803E+41
  2.9850E+01  2.7890E+43  2.7573E+43  2.2780E+38  3.1761E+41
  3.1620E+01  2.4516E+43  2.4257E+43  1.5928E+38  2.5948E+41
  3.3500E+01  2.1198E+43  2.0986E+43  1.0970E+38  2.1155E+41
  3.5480E+01  1.8040E+43  1.7867E+43  7.4473E+37  1.7241E+41
  3.7580E+01  1.5096E+43  1.4956E+43  4.9759E+37  1.4034E+41
  3.9810E+01  1.2413E+43  1.2299E+43  3.2714E+37  1.1412E+41
  4.2170E+01  1.0053E+43  9.9606E+42  2.1181E+37  9.2722E+40
  4.4670E+01  8.0295E+42  7.9542E+42  1.3507E+37  7.5258E+40
  4.7320E+01  6.3348E+42  6.2738E+42  8.5005E+36  6.0997E+40
  5.0120E+01  4.9447E+42  4.8953E+42  5.2880E+36  4.9404E+40
  5.3090E+01  3.8203E+42  3.7804E+42  3.2538E+36  3.9950E+40
  5.6230E+01  2.9275E+42  2.8952E+42  1.9840E+36  3.2277E+40
  5.9570E+01  2.2244E+42  2.1983E+42  1.1987E+36  2.6021E+40
  6.3100E+01  1.6798E+42  1.6589E+42  7.1949E+35  2.0963E+40
  6.6830E+01  1.2619E+42  1.2450E+42  4.2940E+35  1.6878E+40
  7.0790E+01  9.4319E+41  9.2962E+41  2.5488E+35  1.3567E+40
  7.4990E+01  7.0174E+41  6.9085E+41  1.5057E+35  1.0893E+40
  7.9430E+01  5.2037E+41  5.1163E+41  8.8652E+34  8.7409E+39
  8.4140E+01  3.8461E+41  3.7760E+41  5.2008E+34  7.0062E+39
  8.9130E+01  2.8367E+41  2.7806E+41  3.0449E+34  5.6111E+39
  9.4410E+01  2.0882E+41  2.0432E+41  1.7794E+34  4.4919E+39
  1.0000E+02  1.5342E+41  1.4983E+41  1.0379E+34  3.5942E+39
  1.0590E+02  1.1268E+41  1.0980E+41  6.0535E+33  2.8762E+39
  1.1220E+02  8.2660E+40  8.0364E+40  3.5254E+33  2.2964E+39
  1.1890E+02  6.0726E+40  5.8895E+40  2.0565E+33  1.8311E+39
  1.2590E+02  4.4921E+40  4.3458E+40  1.2084E+33  1.4638E+39
  1.3340E+02  3.3347E+40  3.2180E+40  7.1355E+32  1.1667E+39
  1.4130E+02  2.4571E+40  2.3640E+40  4.1987E+32  9.3088E+38
  1.4960E+02  1.7731E+40  1.6987E+40  2.4190E+32  7.4395E+38
  1.5850E+02  1.2708E+40  1.2115E+40  1.3810E+32  5.9272E+38
  1.7780E+02  6.6075E+39  6.2306E+39  4.5534E+31  3.7689E+38
  1.9950E+02  3.4556E+39  3.2164E+39  1.5128E+31  2.3917E+38
  2.2390E+02  1.8104E+39  1.6588E+39  5.0485E+30  1.5152E+38
  2.5120E+02  9.5117E+38  8.5511E+38  1.6940E+30  9.6057E+37
  2.8180E+02  5.0089E+38  4.4001E+38  5.7138E+29  6.0883E+37
  3.1620E+02  2.6431E+38  2.2577E+38  1.9371E+29  3.8537E+37
  3.5480E+02  1.4002E+38  1.1564E+38  6.6116E+28  2.4381E+37
  3.9810E+02  7.4549E+37  5.9127E+37  2.2756E+28  1.5422E+37
  4.4670E+02  3.9930E+37  3.0180E+37  7.9035E+27  9.7500E+36
  5.0120E+02  2.1550E+37  1.5385E+37  2.7734E+27  6.1643E+36
  5.6230E+02  1.1734E+37  7.8360E+36  9.8381E+26  3.8977E+36
  6.3100E+02  6.4439E+36  3.9823E+36  3.5265E+26  2.4616E+36
  7.0790E+02  3.5798E+36  2.0237E+36  1.2798E+26  1.5561E+36
  7.9430E+02  2.0095E+36  1.0265E+36  4.6927E+25  9.8292E+35
  8.9130E+02  1.1407E+36  5.2005E+35  1.7387E+25  6.2061E+35
  1.0000E+03  6.5540E+35  2.6335E+35  6.5113E+24  3.9205E+35
