  1.0000E-03  3.0189E+44  0.0000E+00  8.9851E+42  2.9291E+44
  1.1220E-03  2.5870E+44  0.0000E+00  9.7874E+42  2.4891E+44
  1.2590E-03  2.1783E+44  0.0000E+00  1.0126E+43  2.0770E+44
  1.4130E-03  1.8099E+44  0.0000E+00  1.0048E+43  1.7094E+44
  1.5850E-03  1.5691E+44  0.0000E+00  9.9643E+42  1.4695E+44
  1.7780E-03  1.6128E+44  0.0000E+00  1.1959E+43  1.4932E+44
  1.9950E-03  1.1115E+44  0.0000E+00  1.1282E+43  9.9863E+43
  2.2390E-03  8.5175E+43  0.0000E+00  1.0059E+43  7.5116E+43
  2.5120E-03  8.2533E+43  0.0000E+00  1.2474E+43  7.0060E+43
  2.8180E-03  4.8456E+43  0.0000E+00  1.0783E+43  3.7673E+43
  3.1620E-03  3.0977E+43  0.0000E+00  9.1462E+42  2.1831E+43
  3.5480E-03  2.0831E+43  0.0000E+00  7.6809E+42  1.3150E+43
  3.9810E-03  1.4857E+43  0.0000E+00  6.4664E+42  8.3906E+42
  4.4670E-03  1.2356E+44  0.0000E+00  2.8281E+43  9.5278E+43
  5.0120E-03  7.2582E+43  0.0000E+00  2.4635E+43  4.7947E+43
  5.6230E-03  4.5040E+43  0.0000E+00  2.0775E+43  2.4265E+43
  5.9570E-03  3.6559E+43  0.0000E+00  1.8996E+43  1.7562E+43
  6.6830E-03  2.6074E+43  0.0000E+00  1.6108E+43  9.9661E+42
  7.4990E-03  2.0794E+43  0.0000E+00  1.4304E+43  6.4909E+42
  8.4140E-03  1.6018E+43  0.0000E+00  1.2177E+43  3.8417E+42
  9.4410E-03  1.3202E+43  0.0000E+00  1.0633E+43  2.5685E+42
  1.0590E-02  1.2001E+43  0.0000E+00  9.7606E+42  2.2403E+42
  1.1890E-02  1.0335E+43  0.0000E+00  8.9277E+42  1.4075E+42
  1.3340E-02  8.9749E+42  0.0000E+00  7.9595E+42  1.0154E+42
  1.4960E-02  7.6096E+42  0.0000E+00  6.9548E+42  6.5485E+41
  1.6790E-02  6.5203E+42  0.0000E+00  6.0770E+42  4.4328E+41
  1.8840E-02  5.6715E+42  0.0000E+00  5.3525E+42  3.1901E+41
  2.1130E-02  4.9848E+42  0.0000E+00  4.7673E+42  2.1744E+41
  2.3710E-02  4.3112E+42  0.0000E+00  4.1658E+42  1.4538E+41
  2.6610E-02  3.6521E+42  0.0000E+00  3.5592E+42  9.2843E+40
  2.9850E-02  3.0844E+42  5.4123E-87  3.0247E+42  5.9701E+40
  3.3500E-02  2.5823E+42  2.1979E-72  2.5443E+42  3.8035E+40
  3.7580E-02  2.6277E+42  2.4445E-59  2.5909E+42  3.6806E+40
  4.2170E-02  2.5666E+42  6.7196E-48  2.5433E+42  2.3287E+40
  4.7320E-02  1.5970E+42  6.0968E-38  1.5902E+42  6.7682E+39
  5.3090E-02  8.4309E+41  3.0738E-29  8.4168E+41  1.4042E+39
  6.6830E-02  8.2425E+40  7.4695E-16  8.2423E+40  2.3713E+36
  7.4990E-02  1.8755E+40  1.0172E-10  1.8755E+40  3.9604E+34
  8.4140E-02  2.4689E+40  1.1442E-04  2.4689E+40  1.0741E+35
  9.4410E-02  3.2157E+40  2.3043E+01  3.2157E+40  2.1419E+35
  1.0590E-01  9.2918E+40  5.6991E+06  9.2915E+40  3.4154E+36
  1.1890E-01  2.6877E+41  5.4426E+11  2.6869E+41  7.3631E+37
  1.3340E-01  6.0880E+41  7.3521E+15  6.0814E+41  6.5275E+38
  1.4960E-01  9.3668E+41  2.8091E+19  9.3415E+41  2.5284E+39
  1.5850E-01  9.7063E+41  1.0287E+21  9.6757E+41  3.0585E+39
  1.7780E-01  6.9287E+41  3.6474E+23  6.9129E+41  1.5855E+39
  1.9950E-01  1.6706E+41  1.2221E+25  1.6697E+41  8.5420E+37
  2.2390E-01  6.8740E+40  3.9319E+26  6.8727E+40  1.3421E+37
  2.3710E-01  1.5240E+41  1.2822E+28  1.5231E+41  9.1143E+37
  2.5120E-01  3.3222E+41  3.9081E+29  3.3155E+41  6.7390E+38
  2.6610E-01  5.3765E+41  6.5449E+30  5.3511E+41  2.5410E+39
  2.8180E-01  7.3086E+41  7.3530E+31  7.2439E+41  6.4654E+39
  2.9850E-01  9.1715E+41  6.3395E+32  9.0389E+41  1.3261E+40
  3.1620E-01  1.1267E+42  4.5962E+33  1.1017E+42  2.5023E+40
  3.3500E-01  1.3583E+42  2.8987E+34  1.3139E+42  4.4451E+40
  3.5480E-01  1.5963E+42  1.5820E+35  1.5226E+42  7.3718E+40
  3.7580E-01  1.8713E+42  7.9247E+35  1.7504E+42  1.2093E+41
  3.9810E-01  2.1713E+42  3.5070E+36  1.9827E+42  1.8853E+41
  4.2170E-01  2.5773E+42  1.4744E+37  2.2718E+42  3.0545E+41
  4.4670E-01  3.0803E+42  5.6493E+37  2.5956E+42  4.8464E+41
  4.7320E-01  3.7012E+42  2.0138E+38  2.9427E+42  7.5833E+41
  5.0120E-01  4.4644E+42  6.6661E+38  3.3000E+42  1.1638E+42
  5.3090E-01  5.4763E+42  2.0983E+39  3.6849E+42  1.7893E+42
  5.6230E-01  6.7002E+42  6.0396E+39  4.0562E+42  2.6380E+42
  5.9570E-01  8.2224E+42  1.6226E+40  4.4167E+42  3.7894E+42
  6.3100E-01  1.0209E+43  4.1182E+40  4.7804E+42  5.3869E+42
  6.6830E-01  1.2806E+43  9.8854E+40  5.1371E+42  7.5705E+42
  7.0790E-01  1.6186E+43  2.2437E+41  5.4955E+42  1.0467E+43
  7.4990E-01  2.0378E+43  4.7729E+41  5.8298E+42  1.4071E+43
  7.9430E-01  2.5756E+43  9.6371E+41  6.1578E+42  1.8635E+43
  8.4140E-01  3.2709E+43  1.8587E+42  6.4822E+42  2.4368E+43
  8.9130E-01  4.2150E+43  3.4726E+42  6.8280E+42  3.1849E+43
  9.4410E-01  5.4273E+43  6.1944E+42  7.1618E+42  4.0917E+43
  1.0000E+00  6.9056E+43  1.0470E+43  7.4547E+42  5.1132E+43
  1.0590E+00  8.6977E+43  1.6853E+43  7.7202E+42  6.2403E+43
  1.1220E+00  1.0879E+44  2.6117E+43  7.9531E+42  7.4719E+43
  1.1890E+00  1.3531E+44  3.9121E+43  8.1348E+42  8.8054E+43
  1.2590E+00  1.6769E+44  5.6724E+43  8.2384E+42  1.0273E+44
  1.3340E+00  2.0502E+44  7.9357E+43  8.2492E+42  1.1742E+44
  1.4130E+00  2.4557E+44  1.0632E+44  8.1586E+42  1.3109E+44
  1.4960E+00  2.8898E+44  1.3740E+44  7.9620E+42  1.4362E+44
  1.5850E+00  3.3533E+44  1.7285E+44  7.6572E+42  1.5482E+44
  1.6790E+00  3.8373E+44  2.1163E+44  7.2334E+42  1.6486E+44
  1.7780E+00  4.3256E+44  2.5231E+44  6.6884E+42  1.7357E+44
  1.8840E+00  4.8027E+44  2.9387E+44  6.0452E+42  1.8036E+44
  1.9950E+00  5.2454E+44  3.3391E+44  5.3320E+42  1.8530E+44
  2.1130E+00  5.6342E+44  3.7084E+44  4.5908E+42  1.8799E+44
  2.2390E+00  5.9489E+44  4.0265E+44  3.8599E+42  1.8838E+44
  2.3710E+00  6.1771E+44  4.2767E+44  3.1736E+42  1.8686E+44
  2.5120E+00  6.3157E+44  4.4566E+44  2.5593E+42  1.8335E+44
  2.6610E+00  6.3628E+44  4.5590E+44  2.0276E+42  1.7835E+44
  2.8180E+00  6.3211E+44  4.5830E+44  1.5802E+42  1.7223E+44
  2.9850E+00  6.2019E+44  4.5383E+44  1.2143E+42  1.6515E+44
  3.1620E+00  6.0134E+44  4.4296E+44  9.2107E+41  1.5747E+44
  3.3500E+00  5.7778E+44  4.2780E+44  6.9190E+41  1.4929E+44
  3.5480E+00  5.4944E+44  4.0785E+44  5.1410E+41  1.4107E+44
  3.7580E+00  5.1818E+44  3.8502E+44  3.7857E+41  1.3279E+44
  3.9810E+00  4.8496E+44  3.6010E+44  2.7647E+41  1.2458E+44
  4.2170E+00  4.5067E+44  3.3390E+44  2.0041E+41  1.1657E+44
  4.4670E+00  4.1616E+44  3.0719E+44  1.4425E+41  1.0882E+44
  4.7320E+00  3.8231E+44  2.8084E+44  1.0317E+41  1.0136E+44
  5.0120E+00  3.4994E+44  2.5540E+44  7.3450E+40  9.4464E+43
  5.3090E+00  3.1620E+44  2.3111E+44  5.1559E+40  8.5046E+43
  5.6230E+00  2.8432E+44  2.0842E+44  3.5944E+40  7.5868E+43
  5.9570E+00  2.5466E+44  1.8759E+44  2.4909E+40  6.7049E+43
  6.3100E+00  2.2638E+44  1.6754E+44  1.7088E+40  5.8831E+43
  6.6830E+00  2.0186E+44  1.5060E+44  1.1710E+40  5.1250E+43
  7.0790E+00  1.7873E+44  1.3437E+44  7.9134E+39  4.4351E+43
  7.4990E+00  1.6227E+44  1.2439E+44  5.4522E+39  3.7868E+43
  7.9430E+00  1.6655E+44  1.3553E+44  4.3806E+39  3.1014E+43
  8.4140E+00  1.8434E+44  1.6023E+44  4.1244E+39  2.4106E+43
  8.9130E+00  1.9040E+44  1.7179E+44  3.8245E+39  1.8611E+43
  9.4410E+00  1.8744E+44  1.7309E+44  3.7213E+39  1.4352E+43
  1.0000E+01  1.6182E+44  1.4930E+44  2.6988E+39  1.2513E+43
  1.0590E+01  1.3481E+44  1.2374E+44  1.8200E+39  1.1076E+43
  1.1220E+01  1.0813E+44  9.8304E+43  1.0938E+39  9.8208E+42
  1.1890E+01  8.6279E+43  7.7753E+43  6.5756E+38  8.5254E+42
  1.2590E+01  6.8749E+43  6.1412E+43  3.8575E+38  7.3359E+42
  1.3340E+01  5.5104E+43  4.8884E+43  2.2445E+38  6.2195E+42
  1.4130E+01  4.5990E+43  4.0795E+43  1.3441E+38  5.1945E+42
  1.4960E+01  4.2237E+43  3.7996E+43  9.2669E+37  4.2406E+42
  1.5850E+01  3.9817E+43  3.6393E+43  6.8624E+37  3.4237E+42
  1.6790E+01  3.7724E+43  3.4968E+43  5.3053E+37  2.7554E+42
  1.7780E+01  3.5081E+43  3.2854E+43  4.1299E+37  2.2270E+42
  1.8840E+01  3.1385E+43  2.9572E+43  3.0837E+37  1.8130E+42
  1.9950E+01  2.7011E+43  2.5517E+43  2.1410E+37  1.4939E+42
  2.1130E+01  2.3036E+43  2.1807E+43  1.4261E+37  1.2297E+42
  2.2390E+01  1.9714E+43  1.8708E+43  9.5067E+36  1.0068E+42
  2.3710E+01  1.6922E+43  1.6098E+43  6.3357E+36  8.2386E+41
  2.5120E+01  1.4493E+43  1.3822E+43  4.2298E+36  6.7122E+41
  2.6610E+01  1.2362E+43  1.1816E+43  2.8106E+36  5.4609E+41
  2.8180E+01  1.0492E+43  1.0048E+43  1.8672E+36  4.4396E+41
  2.9850E+01  8.8240E+42  8.4640E+42  1.2348E+36  3.6006E+41
  3.1620E+01  7.3401E+42  7.0485E+42  8.0950E+35  2.9161E+41
  3.3500E+01  6.0300E+42  5.7942E+42  5.2574E+35  2.3578E+41
  3.5480E+01  4.8958E+42  4.7051E+42  3.3851E+35  1.9066E+41
  3.7580E+01  3.9214E+42  3.7674E+42  2.1549E+35  1.5401E+41
  3.9810E+01  3.0946E+42  2.9704E+42  1.3546E+35  1.2426E+41
  4.2170E+01  2.4122E+42  2.3120E+42  8.4184E+34  1.0020E+41
  4.4670E+01  1.8593E+42  1.7786E+42  5.1715E+34  8.0728E+40
  4.7320E+01  1.4194E+42  1.3544E+42  3.1464E+34  6.4978E+40
  5.0120E+01  1.0748E+42  1.0225E+42  1.8991E+34  5.2288E+40
  5.3090E+01  8.0765E+41  7.6562E+41  1.1376E+34  4.2030E+40
  5.6230E+01  6.0341E+41  5.6964E+41  6.7768E+33  3.3771E+40
  5.9570E+01  4.4801E+41  4.2092E+41  4.0128E+33  2.7089E+40
  6.3100E+01  3.3139E+41  3.0967E+41  2.3683E+33  2.1726E+40
  6.6830E+01  2.4439E+41  2.2697E+41  1.3943E+33  1.7422E+40
  7.0790E+01  1.7970E+41  1.6575E+41  8.1893E+32  1.3954E+40
  7.4990E+01  1.3180E+41  1.2064E+41  4.8018E+32  1.1167E+40
  7.9430E+01  9.6559E+40  8.7623E+40  2.8149E+32  8.9357E+39
  8.4140E+01  7.0648E+40  6.3503E+40  1.6491E+32  7.1444E+39
  8.9130E+01  5.1682E+40  4.5973E+40  9.6696E+31  5.7091E+39
  9.4410E+01  3.7810E+40  3.3249E+40  5.6757E+31  4.5614E+39
  1.0000E+02  2.7664E+40  2.4021E+40  3.3350E+31  3.6434E+39
  1.0590E+02  2.0273E+40  1.7361E+40  1.9650E+31  2.9112E+39
  1.1220E+02  1.4863E+40  1.2541E+40  1.1586E+31  2.3213E+39
  1.1890E+02  1.0927E+40  9.0787E+39  6.8535E+30  1.8487E+39
  1.2590E+02  8.0995E+39  6.6231E+39  4.0877E+30  1.4765E+39
  1.3340E+02  6.0268E+39  4.8510E+39  2.4498E+30  1.1758E+39
  1.4130E+02  4.4657E+39  3.5283E+39  1.4707E+30  9.3739E+38
  1.4960E+02  3.2619E+39  2.5133E+39  8.7417E+29  7.4854E+38
  1.5850E+02  2.3734E+39  1.7774E+39  5.1715E+29  5.9594E+38
  1.7780E+02  1.2783E+39  8.9981E+38  1.8388E+29  3.7849E+38
  1.9950E+02  6.9800E+38  4.5803E+38  6.6349E+28  2.3997E+38
  2.2390E+02  3.8524E+38  2.3332E+38  2.4233E+28  1.5192E+38
  2.5120E+02  2.1524E+38  1.1898E+38  8.9621E+27  9.6259E+37
  2.8180E+02  1.2163E+38  6.0641E+37  3.3503E+27  6.0984E+37
  3.1620E+02  6.9444E+37  3.0856E+37  1.2632E+27  3.8588E+37
  3.5480E+02  4.0094E+37  1.5688E+37  4.8014E+26  2.4406E+37
  3.9810E+02  2.3404E+37  7.9692E+36  1.8395E+26  1.5434E+37
  4.4670E+02  1.3801E+37  4.0444E+36  7.0923E+25  9.7565E+36
  5.0120E+02  8.2189E+36  2.0513E+36  2.7506E+25  6.1676E+36
  5.6230E+02  4.9395E+36  1.0401E+36  1.0720E+25  3.8994E+36
  6.3100E+02  2.9889E+36  5.2649E+35  4.1913E+24  2.4625E+36
  7.0790E+02  1.8232E+36  2.6661E+35  1.6461E+24  1.5565E+36
  7.9430E+02  1.1179E+36  1.3482E+35  6.4777E+23  9.8313E+35
  8.9130E+02  6.8882E+35  6.8111E+34  2.5542E+23  6.2071E+35
  1.0000E+03  4.2651E+35  3.4407E+34  1.0098E+23  3.9210E+35
