  1.0000E-03  8.7704E+44  0.0000E+00  4.2392E+41  8.7662E+44
  1.1220E-03  9.8413E+44  0.0000E+00  5.5532E+41  9.8357E+44
  1.2590E-03  1.1044E+45  0.0000E+00  6.9240E+41  1.1037E+45
  1.4130E-03  1.2395E+45  0.0000E+00  8.2785E+41  1.2387E+45
  1.5850E-03  1.3904E+45  0.0000E+00  9.5720E+41  1.3894E+45
  1.7780E-03  1.5598E+45  0.0000E+00  1.1978E+42  1.5586E+45
  1.9950E-03  1.7503E+45  0.0000E+00  1.4795E+42  1.7488E+45
  2.2390E-03  1.9643E+45  0.0000E+00  1.6240E+42  1.9627E+45
  2.5120E-03  2.2041E+45  0.0000E+00  2.1331E+42  2.2020E+45
  2.8180E-03  2.4728E+45  0.0000E+00  2.5835E+42  2.4702E+45
  3.1620E-03  2.7748E+45  0.0000E+00  2.9469E+42  2.7718E+45
  3.5480E-03  3.1135E+45  0.0000E+00  3.2572E+42  3.1103E+45
  3.9810E-03  3.4934E+45  0.0000E+00  3.5112E+42  3.4898E+45
  4.4670E-03  3.9213E+45  0.0000E+00  5.4850E+42  3.9158E+45
  5.0120E-03  4.4005E+45  0.0000E+00  6.8718E+42  4.3936E+45
  5.6230E-03  4.9374E+45  0.0000E+00  8.1959E+42  4.9292E+45
  5.9570E-03  5.2309E+45  0.0000E+00  8.8199E+42  5.2220E+45
  6.6830E-03  5.8685E+45  0.0000E+00  9.9817E+42  5.8585E+45
  7.4990E-03  6.5849E+45  0.0000E+00  1.1112E+43  6.5738E+45
  8.4140E-03  7.3882E+45  0.0000E+00  1.2326E+43  7.3758E+45
  9.4410E-03  8.2895E+45  0.0000E+00  1.3381E+43  8.2761E+45
  1.0590E-02  9.2972E+45  0.0000E+00  1.3920E+43  9.2833E+45
  1.1890E-02  1.0439E+46  0.0000E+00  1.5776E+43  1.0423E+46
  1.3340E-02  1.1711E+46  0.0000E+00  1.6927E+43  1.1694E+46
  1.4960E-02  1.3132E+46  0.0000E+00  1.8418E+43  1.3114E+46
  1.6790E-02  1.4738E+46  0.0000E+00  1.9789E+43  1.4718E+46
  1.8840E-02  1.6536E+46  0.0000E+00  2.1043E+43  1.6515E+46
  2.1130E-02  1.8546E+46  0.0000E+00  2.2756E+43  1.8524E+46
  2.3710E-02  2.0809E+46  0.0000E+00  2.4442E+43  2.0785E+46
  2.6610E-02  2.3352E+46  0.0000E+00  2.6162E+43  2.3326E+46
  2.9850E-02  2.6194E+46  7.0518E-83  2.7833E+43  2.6166E+46
  3.3500E-02  2.9396E+46  4.5579E-68  2.9459E+43  2.9367E+46
  3.7580E-02  3.2974E+46  5.7280E-55  3.2028E+43  3.2942E+46
  4.2170E-02  3.7005E+46  2.5129E-43  3.7834E+43  3.6967E+46
  4.7320E-02  4.1521E+46  6.7986E-33  3.9232E+43  4.1482E+46
  5.3090E-02  4.3250E+46  1.2539E-23  3.7258E+43  4.3212E+46
  6.6830E-02  4.1296E+46  4.8320E-08  2.8263E+43  4.1268E+46
  7.4990E-02  4.0353E+46  1.6469E-01  2.4497E+43  4.0328E+46
  8.4140E-02  3.9434E+46  8.5947E+04  2.4138E+43  3.9410E+46
  9.4410E-02  3.8537E+46  1.0286E+10  2.4294E+43  3.8513E+46
  1.0590E-01  3.5081E+46  2.8470E+14  2.5914E+43  3.5055E+46
  1.1890E-01  2.9493E+46  2.0743E+18  2.5701E+43  2.9467E+46
  1.3340E-01  2.4821E+46  4.0582E+21  2.5805E+43  2.4795E+46
  1.4960E-01  2.0902E+46  4.4864E+24  2.3452E+43  2.0878E+46
  1.5850E-01  1.9167E+46  1.3157E+26  2.1531E+43  1.9145E+46
  1.7780E-01  1.6131E+46  6.9310E+28  1.6658E+43  1.6114E+46
  1.9950E-01  1.3568E+46  2.1335E+31  9.9636E+42  1.3558E+46
  2.2390E-01  1.1411E+46  2.6817E+33  7.4786E+42  1.1403E+46
  2.3710E-01  1.0473E+46  1.7616E+34  8.2226E+42  1.0464E+46
  2.5120E-01  9.6045E+45  9.8677E+34  8.7173E+42  9.5958E+45
  2.6610E-01  8.8098E+45  5.1997E+35  8.6271E+42  8.8012E+45
  2.8180E-01  8.0843E+45  2.5260E+36  8.2087E+42  8.0761E+45
  2.9850E-01  7.4156E+45  1.1214E+37  7.7130E+42  7.4079E+45
  3.1620E-01  6.8019E+45  4.4788E+37  7.2448E+42  6.7947E+45
  3.3500E-01  6.2376E+45  1.6347E+38  6.7779E+42  6.2308E+45
  3.5480E-01  5.7228E+45  5.4691E+38  6.3081E+42  5.7165E+45
  3.7580E-01  5.2500E+45  1.6935E+39  5.8366E+42  5.2442E+45
  3.9810E-01  4.8151E+45  4.8310E+39  5.4051E+42  4.8097E+45
  4.2170E-01  4.4166E+45  1.2661E+40  4.9839E+42  4.4116E+45
  4.4670E-01  4.0512E+45  3.0753E+40  4.6020E+42  4.0466E+45
  4.7320E-01  3.7158E+45  7.0250E+40  4.2318E+42  3.7115E+45
  5.0120E-01  3.4088E+45  1.5135E+41  3.8726E+42  3.4048E+45
  5.3090E-01  3.1270E+45  3.0910E+41  3.5203E+42  3.1232E+45
  5.6230E-01  2.8689E+45  5.9779E+41  3.1987E+42  2.8651E+45
  5.9570E-01  2.6316E+45  1.1020E+42  2.8984E+42  2.6276E+45
  6.3100E-01  2.4149E+45  1.9343E+42  2.6152E+42  2.4103E+45
  6.6830E-01  2.2170E+45  3.2380E+42  2.3469E+42  2.2114E+45
  7.0790E-01  2.0357E+45  5.1884E+42  2.1011E+42  2.0284E+45
  7.4990E-01  1.8703E+45  7.9729E+42  1.8773E+42  1.8605E+45
  7.9430E-01  1.7200E+45  1.1759E+43  1.6704E+42  1.7066E+45
  8.4140E-01  1.5835E+45  1.6711E+43  1.4787E+42  1.5653E+45
  8.9130E-01  1.4600E+45  2.2932E+43  1.2989E+42  1.4357E+45
  9.4410E-01  1.3485E+45  3.0422E+43  1.1343E+42  1.3170E+45
  1.0000E+00  1.2482E+45  3.9109E+43  9.8600E+41  1.2081E+45
  1.0590E+00  1.1582E+45  4.8797E+43  8.5415E+41  1.1086E+45
  1.1220E+00  1.0767E+45  5.9441E+43  7.3523E+41  1.0165E+45
  1.1890E+00  1.0032E+45  7.0779E+43  6.2736E+41  9.3183E+44
  1.2590E+00  9.3785E+44  8.2113E+43  5.2913E+41  8.5520E+44
  1.3340E+00  8.7793E+44  9.3382E+43  4.4257E+41  7.8411E+44
  1.4130E+00  8.2348E+44  1.0384E+44  3.6893E+41  7.1927E+44
  1.4960E+00  7.7381E+44  1.1324E+44  3.0593E+41  6.6026E+44
  1.5850E+00  7.2748E+44  1.2179E+44  2.5130E+41  6.0543E+44
  1.6790E+00  6.8428E+44  1.2877E+44  2.0406E+41  5.5530E+44
  1.7780E+00  6.4360E+44  1.3386E+44  1.6345E+41  5.0957E+44
  1.8840E+00  6.0475E+44  1.3743E+44  1.2893E+41  4.6719E+44
  1.9950E+00  5.6804E+44  1.3919E+44  1.0027E+41  4.2875E+44
  2.1130E+00  5.3283E+44  1.3943E+44  7.6915E+40  3.9333E+44
  2.2390E+00  4.9882E+44  1.3815E+44  5.8253E+40  3.6061E+44
  2.3710E+00  4.6641E+44  1.3545E+44  4.3677E+40  3.3092E+44
  2.5120E+00  4.3520E+44  1.3173E+44  3.2474E+40  3.0344E+44
  2.6610E+00  4.0537E+44  1.2702E+44  2.3988E+40  2.7832E+44
  2.8180E+00  3.7681E+44  1.2141E+44  1.7622E+40  2.5538E+44
  2.9850E+00  3.4952E+44  1.1524E+44  1.2887E+40  2.3426E+44
  3.1620E+00  3.2345E+44  1.0858E+44  9.3886E+39  2.1487E+44
  3.3500E+00  2.9902E+44  1.0197E+44  6.8265E+39  1.9704E+44
  3.5480E+00  2.7579E+44  9.5004E+43  4.9499E+39  1.8078E+44
  3.7580E+00  2.5395E+44  8.8112E+43  3.5812E+39  1.6583E+44
  3.9810E+00  2.3345E+44  8.1351E+43  2.5860E+39  1.5210E+44
  4.2170E+00  2.1427E+44  7.4759E+43  1.8644E+39  1.3951E+44
  4.4670E+00  1.9637E+44  6.8404E+43  1.3417E+39  1.2796E+44
  4.7320E+00  1.7978E+44  6.2411E+43  9.6386E+38  1.1737E+44
  5.0120E+00  1.6473E+44  5.6819E+43  6.9270E+38  1.0791E+44
  5.3090E+00  1.4763E+44  5.1605E+43  4.8619E+38  9.6024E+43
  5.6230E+00  1.3164E+44  4.6831E+43  3.3892E+38  8.4805E+43
  5.9570E+00  1.1685E+44  4.2529E+43  2.3475E+38  7.4316E+43
  6.3100E+00  1.0302E+44  3.8310E+43  1.6119E+38  6.4710E+43
  6.6830E+00  9.0854E+43  3.4840E+43  1.1025E+38  5.6014E+43
  7.0790E+00  7.9600E+43  3.1410E+43  7.4463E+37  4.8190E+43
  7.4990E+00  7.1348E+43  3.0119E+43  5.0818E+37  4.1229E+43
  7.9430E+00  7.2717E+43  3.7608E+43  3.9347E+37  3.5109E+43
  8.4140E+00  8.3923E+43  5.4170E+43  3.6696E+37  2.9752E+43
  8.9130E+00  9.3237E+43  6.8133E+43  3.5302E+37  2.5104E+43
  9.4410E+00  9.9677E+43  7.8577E+43  3.6329E+37  2.1101E+43
  1.0000E+01  8.2793E+43  6.5122E+43  2.5688E+37  1.7671E+43
  1.0590E+01  6.5149E+43  5.0391E+43  1.6705E+37  1.4758E+43
  1.1220E+01  4.8945E+43  3.6678E+43  9.6811E+36  1.2267E+43
  1.1890E+01  3.7220E+43  2.7060E+43  5.7005E+36  1.0159E+43
  1.2590E+01  2.8360E+43  1.9948E+43  3.2980E+36  8.4119E+42
  1.3340E+01  2.1865E+43  1.4933E+43  1.9043E+36  6.9319E+42
  1.4130E+01  1.7713E+43  1.2008E+43  1.1330E+36  5.7050E+42
  1.4960E+01  1.6104E+43  1.1412E+43  7.7256E+35  4.6919E+42
  1.5850E+01  1.5118E+43  1.1277E+43  5.6593E+35  3.8414E+42
  1.6790E+01  1.4282E+43  1.1141E+43  4.3375E+35  3.1409E+42
  1.7780E+01  1.3150E+43  1.0584E+43  3.3450E+35  2.5663E+42
  1.8840E+01  1.1475E+43  9.3864E+42  2.4595E+35  2.0888E+42
  1.9950E+01  9.4896E+42  7.7883E+42  1.6701E+35  1.7013E+42
  2.1130E+01  7.7484E+42  6.3657E+42  1.0860E+35  1.3827E+42
  2.2390E+01  6.3593E+42  5.2390E+42  7.0676E+34  1.1203E+42
  2.3710E+01  5.2454E+42  4.3368E+42  4.6004E+34  9.0864E+41
  2.5120E+01  4.3291E+42  3.5943E+42  3.0023E+34  7.3479E+41
  2.6610E+01  3.5683E+42  2.9744E+42  1.9526E+34  5.9383E+41
  2.8180E+01  2.9373E+42  2.4574E+42  1.2722E+34  4.7994E+41
  2.9850E+01  2.4054E+42  2.0183E+42  8.2707E+33  3.8717E+41
  3.1620E+01  1.9557E+42  1.6437E+42  5.3454E+33  3.1199E+41
  3.3500E+01  1.5767E+42  1.3256E+42  3.4334E+33  2.5106E+41
  3.5480E+01  1.2614E+42  1.0593E+42  2.1940E+33  2.0210E+41
  3.7580E+01  9.9911E+41  8.3659E+41  1.3906E+33  1.6253E+41
  3.9810E+01  7.8198E+41  6.5145E+41  8.7316E+32  1.3054E+41
  4.2170E+01  6.0629E+41  5.0149E+41  5.4371E+32  1.0479E+41
  4.4670E+01  4.6609E+41  3.8201E+41  3.3570E+32  8.4074E+40
  4.7320E+01  3.5576E+41  2.8836E+41  2.0586E+32  6.7400E+40
  5.0120E+01  2.7005E+41  2.1602E+41  1.2560E+32  5.4034E+40
  5.3090E+01  2.0391E+41  1.6063E+41  7.6277E+31  4.3282E+40
  5.6230E+01  1.5345E+41  1.1878E+41  4.6187E+31  3.4667E+40
  5.9570E+01  1.1502E+41  8.7292E+40  2.7871E+31  2.7728E+40
  6.3100E+01  8.6087E+40  6.3906E+40  1.6805E+31  2.2180E+40
  6.6830E+01  6.4379E+40  4.6634E+40  1.0131E+31  1.7744E+40
  7.0790E+01  4.8104E+40  3.3921E+40  6.1057E+30  1.4183E+40
  7.4990E+01  3.5930E+40  2.4601E+40  3.6808E+30  1.1329E+40
  7.9430E+01  2.6861E+40  1.7811E+40  2.2225E+30  9.0505E+39
  8.4140E+01  2.0096E+40  1.2870E+40  1.3432E+30  7.2256E+39
  8.9130E+01  1.5059E+40  9.2921E+39  8.1343E+29  5.7665E+39
  9.4410E+01  1.1305E+40  6.7032E+39  4.9365E+29  4.6021E+39
  1.0000E+02  8.5034E+39  4.8312E+39  3.0019E+29  3.6722E+39
  1.0590E+02  6.4155E+39  3.4839E+39  1.8312E+29  2.9317E+39
  1.1220E+02  4.8466E+39  2.5109E+39  1.1177E+29  2.3358E+39
  1.1890E+02  3.6721E+39  1.8130E+39  6.8367E+28  1.8590E+39
  1.2590E+02  2.8024E+39  1.3186E+39  4.2089E+28  1.4838E+39
  1.3340E+02  2.1433E+39  9.6220E+38  2.5970E+28  1.1811E+39
  1.4130E+02  1.6392E+39  6.9801E+38  1.6096E+28  9.4117E+38
  1.4960E+02  1.2485E+39  4.9730E+38  9.9512E+27  7.5121E+38
  1.5850E+02  9.4965E+38  3.5184E+38  6.1257E+27  5.9781E+38
  1.7780E+02  5.5741E+38  1.7799E+38  2.3421E+27  3.7942E+38
  1.9950E+02  3.3090E+38  9.0466E+37  9.0193E+26  2.4043E+38
  2.2390E+02  1.9817E+38  4.6008E+37  3.4934E+26  1.5216E+38
  2.5120E+02  1.1980E+38  2.3425E+37  1.3616E+26  9.6376E+37
  2.8180E+02  7.2965E+37  1.1922E+37  5.3319E+25  6.1043E+37
  3.1620E+02  4.4676E+37  6.0583E+36  2.0932E+25  3.8617E+37
  3.5480E+02  2.7498E+37  3.0765E+36  8.2378E+24  2.4421E+37
  3.9810E+02  1.7003E+37  1.5611E+36  3.2507E+24  1.5442E+37
  4.4670E+02  1.0552E+37  7.9144E+35  1.2850E+24  9.7603E+36
  5.0120E+02  6.5705E+36  4.0104E+35  5.0882E+23  6.1695E+36
  5.6230E+02  4.1035E+36  2.0316E+35  2.0175E+23  3.9003E+36
  6.3100E+02  2.5657E+36  1.0275E+35  8.0009E+22  2.4629E+36
  7.0790E+02  1.6088E+36  5.1992E+34  3.1790E+22  1.5568E+36
  7.9430E+02  1.0095E+36  2.6272E+34  1.2630E+22  9.8325E+35
  8.9130E+02  6.3404E+35  1.3264E+34  5.0186E+21  6.2077E+35
  1.0000E+03  3.9883E+35  6.6961E+33  1.9965E+21  3.9214E+35
