  1.0000E-03  1.0604E+44  0.0000E+00  6.8891E+42  9.9149E+43
  1.1220E-03  7.0121E+43  0.0000E+00  6.0482E+42  6.4072E+43
  1.2590E-03  4.4953E+43  0.0000E+00  4.9865E+42  3.9966E+43
  1.4130E-03  2.8169E+43  0.0000E+00  3.8872E+42  2.4282E+43
  1.5850E-03  1.9200E+43  0.0000E+00  3.0635E+42  1.6137E+43
  1.7780E-03  1.8190E+43  0.0000E+00  3.1581E+42  1.5032E+43
  1.9950E-03  8.0802E+42  0.0000E+00  2.0169E+42  6.0633E+42
  2.2390E-03  4.3754E+42  0.0000E+00  1.2751E+42  3.1003E+42
  2.5120E-03  3.7087E+42  0.0000E+00  1.2645E+42  2.4441E+42
  2.8180E-03  1.3039E+42  0.0000E+00  6.6462E+41  6.3925E+41
  3.1620E-03  5.5876E+41  0.0000E+00  3.6472E+41  1.9405E+41
  3.5480E-03  2.7109E+41  0.0000E+00  2.0750E+41  6.3584E+40
  3.9810E-03  1.4837E+41  0.0000E+00  1.2503E+41  2.3339E+40
  4.4670E-03  7.3829E+42  0.0000E+00  5.0405E+42  2.3424E+42
  5.0120E-03  2.9376E+42  0.0000E+00  2.3946E+42  5.4304E+41
  5.6230E-03  1.2710E+42  0.0000E+00  1.1435E+42  1.2748E+41
  5.9570E-03  8.7156E+41  0.0000E+00  8.0765E+41  6.3910E+40
  6.6830E-03  4.6020E+41  0.0000E+00  4.4139E+41  1.8812E+40
  7.4990E-03  2.8248E+41  0.0000E+00  2.7520E+41  7.2837E+39
  8.4140E-03  1.6997E+41  0.0000E+00  1.6765E+41  2.3241E+39
  9.4410E-03  1.1171E+41  0.0000E+00  1.1077E+41  9.4535E+38
  1.0590E-02  8.0948E+40  0.0000E+00  8.0293E+40  6.5477E+38
  1.1890E-02  5.9677E+40  0.0000E+00  5.9443E+40  2.3470E+38
  1.3340E-02  4.3232E+40  0.0000E+00  4.3121E+40  1.1105E+38
  1.4960E-02  3.1358E+40  0.0000E+00  3.1316E+40  4.2003E+37
  1.6790E-02  2.3175E+40  0.0000E+00  2.3158E+40  1.7494E+37
  1.8840E-02  1.7573E+40  0.0000E+00  1.7565E+40  8.2408E+36
  2.1130E-02  1.3981E+40  0.0000E+00  1.3977E+40  3.4838E+36
  2.3710E-02  1.1112E+40  0.0000E+00  1.1110E+40  1.4169E+36
  2.6610E-02  8.8284E+39  0.0000E+00  8.8279E+39  5.2622E+35
  2.9850E-02  7.1289E+39  0.0000E+00  7.1287E+39  1.9847E+35
  3.3500E-02  5.8105E+39  2.0605E-78  5.8104E+39  7.3517E+34
  3.7580E-02  5.6959E+39  1.9908E-65  5.6958E+39  6.1520E+34
  4.2170E-02  6.5967E+39  3.1949E-54  6.5966E+39  2.2482E+34
  4.7320E-02  4.9105E+39  8.1841E-45  4.9105E+39  1.8029E+33
  5.3090E-02  3.3246E+39  9.1198E-37  3.3246E+39  8.0176E+31
  6.6830E-02  6.7643E+38  5.7709E-26  6.7643E+38  3.0591E+26
  7.4990E-02  2.1403E+38  1.7833E-22  2.1403E+38  1.0530E+23
  8.4140E-02  2.5376E+38  5.0907E-16  2.5376E+38  7.4530E+23
  9.4410E-02  3.0241E+38  1.9668E-10  3.0241E+38  2.8885E+24
  1.0590E-01  6.4418E+38  6.8982E-04  6.4418E+38  6.8856E+26
  1.1890E-01  1.1115E+39  1.3472E+03  1.1115E+39  3.2018E+29
  1.3340E-01  1.7368E+39  1.6195E+08  1.7368E+39  2.6272E+31
  1.4960E-01  2.2890E+39  2.5453E+12  2.2890E+39  4.2564E+32
  1.5850E-01  2.3220E+39  1.2121E+14  2.3220E+39  6.6988E+32
  1.7780E-01  1.4012E+39  2.8437E+16  1.4012E+39  2.2762E+32
  1.9950E-01  4.5876E+38  7.7278E+16  4.5876E+38  9.5197E+29
  2.2390E-01  3.2744E+38  5.4636E+17  3.2744E+38  3.2003E+28
  2.3710E-01  6.2389E+38  1.1720E+20  6.2389E+38  1.4813E+30
  2.5120E-01  1.0553E+39  2.5523E+22  1.0553E+39  8.1003E+31
  2.6610E-01  1.4095E+39  1.6257E+24  1.4095E+39  1.1871E+33
  2.8180E-01  1.6903E+39  4.8096E+25  1.6903E+39  8.0727E+33
  2.9850E-01  1.9774E+39  8.9223E+26  1.9773E+39  3.6017E+34
  3.1620E-01  2.3698E+39  1.2878E+28  2.3696E+39  1.3651E+35
  3.3500E-01  2.8760E+39  1.5295E+29  2.8755E+39  4.5999E+35
  3.5480E-01  3.4776E+39  1.4735E+30  3.4762E+39  1.3542E+36
  3.7580E-01  4.2584E+39  1.2925E+31  4.2545E+39  3.9090E+36
  3.9810E-01  5.2642E+39  9.5399E+31  5.2540E+39  1.0203E+37
  4.2170E-01  6.7619E+39  6.9551E+32  6.7332E+39  2.8768E+37
  4.4670E-01  8.9202E+39  4.5302E+33  8.8424E+39  7.7799E+37
  4.7320E-01  1.1965E+40  2.7116E+34  1.1760E+40  2.0477E+38
  5.0120E-01  1.6255E+40  1.4801E+35  1.5736E+40  5.1876E+38
  5.3090E-01  2.2716E+40  7.7079E+35  2.1395E+40  1.3202E+39
  5.6230E-01  3.2122E+40  3.5240E+36  2.9028E+40  3.0906E+39
  5.9570E-01  4.6307E+40  1.4672E+37  3.9418E+40  6.8744E+39
  6.3100E-01  6.9041E+40  5.7146E+37  5.4009E+40  1.4976E+40
  6.6830E-01  1.0642E+41  2.0825E+38  7.4315E+40  3.1895E+40
  7.0790E-01  1.6956E+41  7.0629E+38  1.0310E+41  6.5750E+40
  7.4990E-01  2.7266E+41  2.1840E+39  1.4230E+41  1.2817E+41
  7.9430E-01  4.4558E+41  6.3148E+39  1.9685E+41  2.4241E+41
  8.4140E-01  7.3632E+41  1.7227E+40  2.7205E+41  4.4705E+41
  8.9130E-01  1.2482E+42  4.5503E+40  3.7933E+41  8.2334E+41
  9.4410E-01  2.1004E+42  1.1283E+41  5.2220E+41  1.4654E+42
  1.0000E+00  3.4271E+42  2.5794E+41  6.9981E+41  2.4694E+42
  1.0590E+00  5.4339E+42  5.4818E+41  9.1662E+41  3.9691E+42
  1.1220E+00  8.4224E+42  1.1006E+42  1.1763E+42  6.1455E+42
  1.1890E+00  1.2800E+43  2.1015E+42  1.4766E+42  9.2218E+42
  1.2590E+00  1.9198E+43  3.8393E+42  1.8120E+42  1.3547E+43
  1.3340E+00  2.7912E+43  6.6280E+42  2.1556E+42  1.9128E+43
  1.4130E+00  3.8936E+43  1.0682E+43  2.4749E+42  2.5780E+43
  1.4960E+00  5.2468E+43  1.6253E+43  2.7528E+42  3.3462E+43
  1.5850E+00  6.8740E+43  2.3653E+43  2.9746E+42  4.2112E+43
  1.6790E+00  8.7858E+43  3.3009E+43  3.1234E+42  5.1726E+43
  1.7780E+00  1.0950E+44  4.4219E+43  3.1807E+42  6.2098E+43
  1.8840E+00  1.3286E+44  5.7002E+43  3.1368E+42  7.2723E+43
  1.9950E+00  1.5686E+44  7.0654E+43  2.9937E+42  8.3215E+43
  2.1130E+00  1.8006E+44  8.4359E+43  2.7651E+42  9.2932E+43
  2.2390E+00  2.0096E+44  9.7122E+43  2.4737E+42  1.0137E+44
  2.3710E+00  2.1855E+44  1.0810E+44  2.1488E+42  1.0830E+44
  2.5120E+00  2.3194E+44  1.1678E+44  1.8178E+42  1.1335E+44
  2.6610E+00  2.4092E+44  1.2281E+44  1.5026E+42  1.1660E+44
  2.8180E+00  2.4558E+44  1.2615E+44  1.2170E+42  1.1822E+44
  2.9850E+00  2.4628E+44  1.2706E+44  9.6864E+41  1.1825E+44
  3.1620E+00  2.4356E+44  1.2580E+44  7.5962E+41  1.1699E+44
  3.3500E+00  2.3809E+44  1.2301E+44  5.8845E+41  1.1449E+44
  3.5480E+00  2.3054E+44  1.1882E+44  4.5123E+41  1.1127E+44
  3.7580E+00  2.2142E+44  1.1373E+44  3.4286E+41  1.0735E+44
  3.9810E+00  2.1115E+44  1.0798E+44  2.5845E+41  1.0290E+44
  4.2170E+00  2.0016E+44  1.0183E+44  1.9353E+41  9.8137E+43
  4.4670E+00  1.8878E+44  9.5464E+43  1.4403E+41  9.3169E+43
  4.7320E+00  1.7722E+44  8.9043E+43  1.0653E+41  8.8068E+43
  5.0120E+00  1.6591E+44  8.2694E+43  7.8471E+40  8.3133E+43
  5.3090E+00  1.5218E+44  7.6445E+43  5.6583E+40  7.5682E+43
  5.6230E+00  1.3861E+44  7.0411E+43  4.0419E+40  6.8161E+43
  5.9570E+00  1.2543E+44  6.4675E+43  2.8616E+40  6.0723E+43
  6.3100E+00  1.1268E+44  5.8993E+43  2.0056E+40  5.3667E+43
  6.6830E+00  1.0126E+44  5.4210E+43  1.4000E+40  4.7035E+43
  7.0790E+00  9.0441E+43  4.9502E+43  9.6434E+39  4.0929E+43
  7.4990E+00  8.0152E+43  4.5282E+43  6.5155E+39  3.4864E+43
  7.9430E+00  6.9495E+43  4.2041E+43  4.3409E+39  2.7450E+43
  8.4140E+00  5.8327E+43  3.8768E+43  3.0159E+39  1.9556E+43
  8.9130E+00  4.8704E+43  3.4896E+43  2.2344E+39  1.3806E+43
  9.4410E+00  4.0759E+43  3.0996E+43  1.8446E+39  9.7612E+42
  1.0000E+01  3.8489E+43  2.9627E+43  1.4713E+39  8.8607E+42
  1.0590E+01  3.6552E+43  2.8236E+43  1.1410E+39  8.3150E+42
  1.1220E+01  3.4369E+43  2.6503E+43  8.1558E+38  7.8655E+42
  1.1890E+01  3.1290E+43  2.4131E+43  5.6803E+38  7.1583E+42
  1.2590E+01  2.8258E+43  2.1855E+43  3.8435E+38  6.4017E+42
  1.3340E+01  2.5233E+43  1.9649E+43  2.5349E+38  5.5845E+42
  1.4130E+01  2.2601E+43  1.7867E+43  1.6472E+38  4.7333E+42
  1.4960E+01  2.0728E+43  1.6893E+43  1.1280E+38  3.8354E+42
  1.5850E+01  1.9272E+43  1.6218E+43  8.1599E+37  3.0533E+42
  1.6790E+01  1.8099E+43  1.5680E+43  6.1935E+37  2.4185E+42
  1.7780E+01  1.7045E+43  1.5112E+43  4.8523E+37  1.9335E+42
  1.8840E+01  1.5941E+43  1.4367E+43  3.7866E+37  1.5745E+42
  1.9950E+01  1.4733E+43  1.3420E+43  2.8415E+37  1.3126E+42
  2.1130E+01  1.3542E+43  1.2448E+43  2.0575E+37  1.0946E+42
  2.2390E+01  1.2423E+43  1.1518E+43  1.4823E+37  9.0564E+41
  2.3710E+01  1.1372E+43  1.0624E+43  1.0620E+37  7.4769E+41
  2.5120E+01  1.0338E+43  9.7244E+42  7.5810E+36  6.1379E+41
  2.6610E+01  9.3216E+42  8.8189E+42  5.3621E+36  5.0275E+41
  2.8180E+01  8.3238E+42  7.9127E+42  3.7712E+36  4.1116E+41
  2.9850E+01  7.3368E+42  7.0016E+42  2.6274E+36  3.3526E+41
  3.1620E+01  6.3737E+42  6.1008E+42  1.8069E+36  2.7290E+41
  3.3500E+01  5.4500E+42  5.2283E+42  1.2257E+36  2.2172E+41
  3.5480E+01  4.5897E+42  4.4096E+42  8.2065E+35  1.8010E+41
  3.7580E+01  3.8032E+42  3.6571E+42  5.4141E+35  1.4612E+41
  3.9810E+01  3.0990E+42  2.9806E+42  3.5188E+35  1.1842E+41
  4.2170E+01  2.4889E+42  2.3930E+42  2.2551E+35  9.5903E+40
  4.4670E+01  1.9727E+42  1.8951E+42  1.4251E+35  7.7593E+40
  4.7320E+01  1.5455E+42  1.4828E+42  8.8976E+34  6.2701E+40
  5.0120E+01  1.1989E+42  1.1482E+42  5.4982E+34  5.0641E+40
  5.3090E+01  9.2113E+41  8.8028E+41  3.3646E+34  4.0844E+40
  5.6230E+01  7.0245E+41  6.6953E+41  2.0429E+34  3.2921E+40
  5.9570E+01  5.3153E+41  5.0505E+41  1.2305E+34  2.6482E+40
  6.3100E+01  4.0005E+41  3.7876E+41  7.3726E+33  2.1293E+40
  6.6830E+01  2.9973E+41  2.8262E+41  4.3978E+33  1.7113E+40
  7.0790E+01  2.2359E+41  2.0986E+41  2.6123E+33  1.3735E+40
  7.4990E+01  1.6616E+41  1.5515E+41  1.5464E+33  1.1012E+40
  7.9430E+01  1.2317E+41  1.1434E+41  9.1360E+32  8.8254E+39
  8.4140E+01  9.1069E+40  8.4003E+40  5.3852E+32  7.0662E+39
  8.9130E+01  6.7245E+40  6.1592E+40  3.1720E+32  5.6536E+39
  9.4410E+01  4.9600E+40  4.5078E+40  1.8675E+32  4.5221E+39
  1.0000E+02  3.6546E+40  3.2931E+40  1.0991E+32  3.6156E+39
  1.0590E+02  2.6941E+40  2.4050E+40  6.4767E+31  2.8915E+39
  1.1220E+02  1.9852E+40  1.7544E+40  3.8154E+31  2.3072E+39
  1.1890E+02  1.4658E+40  1.2819E+40  2.2533E+31  1.8388E+39
  1.2590E+02  1.0904E+40  9.4344E+39  1.3411E+31  1.4693E+39
  1.3340E+02  8.1406E+39  6.9699E+39  8.0210E+30  1.1707E+39
  1.4130E+02  6.0422E+39  5.1085E+39  4.7940E+30  9.3372E+38
  1.4960E+02  4.4076E+39  3.6616E+39  2.8235E+30  7.4595E+38
  1.5850E+02  3.1990E+39  2.6049E+39  1.6526E+30  5.9412E+38
  1.7780E+02  1.7114E+39  1.3338E+39  5.7490E+29  3.7759E+38
  1.9950E+02  9.2552E+38  6.8600E+38  2.0268E+29  2.3952E+38
  2.2390E+02  5.0437E+38  3.5267E+38  7.2233E+28  1.5170E+38
  2.5120E+02  2.7744E+38  1.8130E+38  2.6048E+28  9.6145E+37
  2.8180E+02  1.5399E+38  9.3063E+37  9.4952E+27  6.0927E+37
  3.1620E+02  8.6210E+37  4.7651E+37  3.4938E+27  3.8559E+37
  3.5480E+02  4.8753E+37  2.4362E+37  1.2979E+27  2.4392E+37
  3.9810E+02  2.7863E+37  1.2436E+37  4.8683E+26  1.5427E+37
  4.4670E+02  1.6092E+37  6.3386E+36  1.8415E+26  9.7529E+36
  5.0120E+02  9.3931E+36  3.2273E+36  7.0223E+25  6.1657E+36
  5.6230E+02  5.5404E+36  1.6420E+36  2.6967E+25  3.8985E+36
  6.3100E+02  3.2956E+36  8.3365E+35  1.0411E+25  2.4620E+36
  7.0790E+02  1.9796E+36  4.2329E+35  4.0452E+24  1.5563E+36
  7.9430E+02  1.1976E+36  2.1456E+35  1.5776E+24  9.8301E+35
  8.9130E+02  7.2928E+35  1.0863E+35  6.1739E+23  6.2065E+35
  1.0000E+03  4.4705E+35  5.4977E+34  2.4255E+23  3.9208E+35
