  1.0000E-03  7.7591E+44  0.0000E+00  1.9966E+42  7.7391E+44
  1.1220E-03  8.4383E+44  0.0000E+00  2.4612E+42  8.4137E+44
  1.2590E-03  9.1584E+44  0.0000E+00  2.8968E+42  9.1294E+44
  1.4130E-03  9.9256E+44  0.0000E+00  3.2826E+42  9.8928E+44
  1.5850E-03  1.0806E+45  0.0000E+00  3.6360E+42  1.0769E+45
  1.7780E-03  1.1997E+45  0.0000E+00  4.4802E+42  1.1953E+45
  1.9950E-03  1.2701E+45  0.0000E+00  5.2249E+42  1.2649E+45
  2.2390E-03  1.3627E+45  0.0000E+00  5.4949E+42  1.3572E+45
  2.5120E-03  1.4994E+45  0.0000E+00  7.1539E+42  1.4922E+45
  2.8180E-03  1.5485E+45  0.0000E+00  8.2952E+42  1.5402E+45
  3.1620E-03  1.6130E+45  0.0000E+00  9.1688E+42  1.6038E+45
  3.5480E-03  1.6872E+45  0.0000E+00  9.8912E+42  1.6773E+45
  3.9810E-03  1.7760E+45  0.0000E+00  1.0472E+43  1.7655E+45
  4.4670E-03  2.5809E+45  0.0000E+00  1.8950E+43  2.5620E+45
  5.0120E-03  2.6489E+45  0.0000E+00  2.2265E+43  2.6266E+45
  5.6230E-03  2.7198E+45  0.0000E+00  2.5213E+43  2.6946E+45
  5.9570E-03  2.7616E+45  0.0000E+00  2.6529E+43  2.7351E+45
  6.6830E-03  2.8712E+45  0.0000E+00  2.8890E+43  2.8423E+45
  7.4990E-03  3.0322E+45  0.0000E+00  3.1167E+43  3.0010E+45
  8.4140E-03  3.1669E+45  0.0000E+00  3.3471E+43  3.1334E+45
  9.4410E-03  3.3529E+45  0.0000E+00  3.5297E+43  3.3176E+45
  1.0590E-02  3.6558E+45  0.0000E+00  3.5774E+43  3.6200E+45
  1.1890E-02  3.8471E+45  0.0000E+00  3.9652E+43  3.8075E+45
  1.3340E-02  4.1073E+45  0.0000E+00  4.1426E+43  4.0659E+45
  1.4960E-02  4.3286E+45  0.0000E+00  4.3838E+43  4.2848E+45
  1.6790E-02  4.5896E+45  0.0000E+00  4.5741E+43  4.5438E+45
  1.8840E-02  4.8988E+45  0.0000E+00  4.7190E+43  4.8516E+45
  2.1130E-02  5.1956E+45  0.0000E+00  4.9593E+43  5.1461E+45
  2.3710E-02  5.5001E+45  0.0000E+00  5.1580E+43  5.4485E+45
  2.6610E-02  5.7932E+45  0.0000E+00  5.3239E+43  5.7399E+45
  2.9850E-02  6.1040E+45  1.9707E-83  5.4470E+43  6.0495E+45
  3.3500E-02  6.4275E+45  1.1805E-68  5.5313E+43  6.3722E+45
  3.7580E-02  7.0892E+45  1.4558E-55  5.9897E+43  7.0293E+45
  4.2170E-02  7.4646E+45  5.9362E-44  6.6847E+43  7.3977E+45
  4.7320E-02  7.1992E+45  1.3572E-33  6.1202E+43  7.1380E+45
  5.3090E-02  6.2578E+45  2.0660E-24  4.9733E+43  6.2081E+45
  6.6830E-02  2.9310E+45  3.9135E-09  1.9376E+43  2.9116E+45
  7.4990E-02  1.8146E+45  8.5707E-03  9.3376E+42  1.8053E+45
  8.4140E-02  1.9868E+45  4.8312E+03  1.0926E+43  1.9759E+45
  9.4410E-02  2.1019E+45  6.0408E+08  1.2576E+43  2.0893E+45
  1.0590E-01  2.6361E+45  2.1538E+13  2.0661E+43  2.6154E+45
  1.1890E-01  3.1871E+45  2.3000E+17  3.1405E+43  3.1557E+45
  1.3340E-01  3.4921E+45  6.3337E+20  4.1048E+43  3.4511E+45
  1.4960E-01  3.4864E+45  8.5734E+23  4.4619E+43  3.4418E+45
  1.5850E-01  3.2979E+45  2.5929E+25  4.2757E+43  3.2551E+45
  1.7780E-01  2.6330E+45  1.2582E+28  3.2025E+43  2.6010E+45
  1.9950E-01  1.6299E+45  2.6830E+30  1.4567E+43  1.6153E+45
  2.2390E-01  1.1380E+45  2.6249E+32  8.1850E+42  1.1299E+45
  2.3710E-01  1.3084E+45  2.1837E+33  1.0806E+43  1.2976E+45
  2.5120E-01  1.5172E+45  1.5997E+34  1.3807E+43  1.5034E+45
  2.6610E-01  1.6311E+45  1.0151E+35  1.5352E+43  1.6158E+45
  2.8180E-01  1.6784E+45  5.6388E+35  1.5755E+43  1.6626E+45
  2.9850E-01  1.6852E+45  2.7823E+36  1.5638E+43  1.6695E+45
  3.1620E-01  1.6761E+45  1.2211E+37  1.5363E+43  1.6608E+45
  3.3500E-01  1.6556E+45  4.8546E+37  1.4936E+43  1.6407E+45
  3.5480E-01  1.6234E+45  1.7508E+38  1.4355E+43  1.6090E+45
  3.7580E-01  1.5898E+45  5.8314E+38  1.3667E+43  1.5761E+45
  3.9810E-01  1.5476E+45  1.7772E+39  1.2980E+43  1.5347E+45
  4.2170E-01  1.5133E+45  5.0031E+39  1.2265E+43  1.5010E+45
  4.4670E-01  1.4762E+45  1.3021E+40  1.1589E+43  1.4646E+45
  4.7320E-01  1.4377E+45  3.1810E+40  1.0888E+43  1.4268E+45
  5.0120E-01  1.3975E+45  7.3106E+40  1.0164E+43  1.3872E+45
  5.3090E-01  1.3585E+45  1.5937E+41  9.4156E+42  1.3489E+45
  5.6230E-01  1.3146E+45  3.2709E+41  8.7072E+42  1.3056E+45
  5.9570E-01  1.2682E+45  6.3764E+41  8.0224E+42  1.2596E+45
  6.3100E-01  1.2226E+45  1.1824E+42  7.3596E+42  1.2140E+45
  6.6830E-01  1.1776E+45  2.0886E+42  6.7154E+42  1.1688E+45
  7.0790E-01  1.1326E+45  3.5267E+42  6.1187E+42  1.1229E+45
  7.4990E-01  1.0866E+45  5.6910E+42  5.5693E+42  1.0753E+45
  7.9430E-01  1.0419E+45  8.8069E+42  5.0579E+42  1.0281E+45
  8.4140E-01  9.9910E+44  1.3127E+43  4.5792E+42  9.8139E+44
  8.9130E-01  9.5984E+44  1.8946E+43  4.1280E+42  9.3676E+44
  9.4410E-01  9.2261E+44  2.6414E+43  3.7095E+42  8.9249E+44
  1.0000E+00  8.8659E+44  3.5575E+43  3.3252E+42  8.4769E+44
  1.0590E+00  8.5258E+44  4.6410E+43  2.9784E+42  8.0319E+44
  1.1220E+00  8.2063E+44  5.9062E+43  2.6599E+42  7.5891E+44
  1.1890E+00  7.9140E+44  7.3473E+43  2.3633E+42  7.1557E+44
  1.2590E+00  7.6593E+44  8.9205E+43  2.0837E+42  6.7464E+44
  1.3340E+00  7.4185E+44  1.0600E+44  1.8261E+42  6.3402E+44
  1.4130E+00  7.1893E+44  1.2280E+44  1.5955E+42  5.9454E+44
  1.4960E+00  6.9729E+44  1.3921E+44  1.3871E+42  5.5669E+44
  1.5850E+00  6.7641E+44  1.5543E+44  1.1957E+42  5.1979E+44
  1.6790E+00  6.5632E+44  1.7051E+44  1.0194E+42  4.8479E+44
  1.7780E+00  6.3643E+44  1.8382E+44  8.5710E+41  4.5176E+44
  1.8840E+00  6.1617E+44  1.9544E+44  7.0935E+41  4.2002E+44
  1.9950E+00  5.9558E+44  2.0464E+44  5.7776E+41  3.9036E+44
  2.1130E+00  5.7405E+44  2.1142E+44  4.6303E+41  3.6216E+44
  2.2390E+00  5.5117E+44  2.1546E+44  3.6531E+41  3.3535E+44
  2.3710E+00  5.2732E+44  2.1660E+44  2.8424E+41  3.1043E+44
  2.5120E+00  5.0233E+44  2.1529E+44  2.1850E+41  2.8682E+44
  2.6610E+00  4.7647E+44  2.1150E+44  1.6621E+41  2.6481E+44
  2.8180E+00  4.4986E+44  2.0537E+44  1.2522E+41  2.4437E+44
  2.9850E+00  4.2280E+44  1.9743E+44  9.3573E+40  2.2528E+44
  3.1620E+00  3.9549E+44  1.8790E+44  6.9403E+40  2.0752E+44
  3.3500E+00  3.6878E+44  1.7772E+44  5.1211E+40  1.9101E+44
  3.5480E+00  3.4228E+44  1.6641E+44  3.7558E+40  1.7583E+44
  3.7580E+00  3.1655E+44  1.5476E+44  2.7406E+40  1.6176E+44
  3.9810E+00  2.9173E+44  1.4298E+44  1.9907E+40  1.4873E+44
  4.2170E+00  2.6800E+44  1.3126E+44  1.4402E+40  1.3673E+44
  4.4670E+00  2.4548E+44  1.1981E+44  1.0380E+40  1.2566E+44
  4.7320E+00  2.2436E+44  1.0889E+44  7.4534E+39  1.1545E+44
  5.0120E+00  2.0497E+44  9.8654E+43  5.3445E+39  1.0631E+44
  5.3090E+00  1.8383E+44  8.9098E+43  3.7563E+39  9.4725E+43
  5.6230E+00  1.6410E+44  8.0350E+43  2.6222E+39  8.3751E+43
  5.9570E+00  1.4593E+44  7.2464E+43  1.8191E+39  7.3462E+43
  6.3100E+00  1.2893E+44  6.4910E+43  1.2506E+39  6.4021E+43
  6.6830E+00  1.1411E+44  5.8651E+43  8.5724E+38  5.5457E+43
  7.0790E+00  1.0040E+44  5.2653E+43  5.8011E+38  4.7742E+43
  7.4990E+00  9.0357E+43  4.9521E+43  3.9700E+38  4.0836E+43
  7.9430E+00  9.1515E+43  5.6896E+43  3.0804E+38  3.4619E+43
  8.4140E+00  1.0246E+44  7.3417E+43  2.8294E+38  2.9047E+43
  8.9130E+00  1.0965E+44  8.5392E+43  2.6452E+38  2.4260E+43
  9.4410E+00  1.1296E+44  9.2766E+43  2.6351E+38  2.0191E+43
  1.0000E+01  9.5584E+43  7.8597E+43  1.8976E+38  1.6987E+43
  1.0590E+01  7.7559E+43  6.3277E+43  1.2688E+38  1.4282E+43
  1.1220E+01  6.0696E+43  4.8737E+43  7.5960E+37  1.1959E+43
  1.1890E+01  4.7928E+43  3.7970E+43  4.5914E+37  9.9579E+42
  1.2590E+01  3.8092E+43  2.9811E+43  2.7259E+37  8.2816E+42
  1.3340E+01  3.0695E+43  2.3848E+43  1.6124E+37  6.8468E+42
  1.4130E+01  2.5892E+43  2.0248E+43  9.7932E+36  5.6444E+42
  1.4960E+01  2.4097E+43  1.9459E+43  6.7672E+36  4.6382E+42
  1.5850E+01  2.3108E+43  1.9317E+43  5.0235E+36  3.7913E+42
  1.6790E+01  2.2357E+43  1.9263E+43  3.9078E+36  3.0943E+42
  1.7780E+01  2.1279E+43  1.8754E+43  3.0747E+36  2.5251E+42
  1.8840E+01  1.9492E+43  1.7437E+43  2.3287E+36  2.0553E+42
  1.9950E+01  1.7177E+43  1.5500E+43  1.6441E+36  1.6763E+42
  2.1130E+01  1.5039E+43  1.3675E+43  1.1159E+36  1.3643E+42
  2.2390E+01  1.3254E+43  1.2148E+43  7.5903E+35  1.1068E+42
  2.3710E+01  1.1736E+43  1.0838E+43  5.1659E+35  8.9857E+41
  2.5120E+01  1.0387E+43  9.6599E+42  3.5251E+35  7.2727E+41
  2.6610E+01  9.1621E+42  8.5739E+42  2.3953E+35  5.8821E+41
  2.8180E+01  8.0413E+42  7.5656E+42  1.6275E+35  4.7572E+41
  2.9850E+01  6.9933E+42  6.6093E+42  1.1007E+35  3.8400E+41
  3.1620E+01  6.0119E+42  5.7023E+42  7.3790E+34  3.0961E+41
  3.3500E+01  5.0999E+42  4.8506E+42  4.8986E+34  2.4928E+41
  3.5480E+01  4.2703E+42  4.0695E+42  3.2216E+34  2.0077E+41
  3.7580E+01  3.5233E+42  3.3618E+42  2.0935E+34  1.6154E+41
  3.9810E+01  2.8608E+42  2.7310E+42  1.3427E+34  1.2981E+41
  4.2170E+01  2.2913E+42  2.1870E+42  8.5082E+33  1.0426E+41
  4.4670E+01  1.8123E+42  1.7286E+42  5.3256E+33  8.3689E+40
  4.7320E+01  1.4178E+42  1.3506E+42  3.2990E+33  6.7122E+40
  5.0120E+01  1.0987E+42  1.0449E+42  2.0258E+33  5.3834E+40
  5.3090E+01  8.4385E+41  8.0071E+41  1.2338E+33  4.3139E+40
  5.6230E+01  6.4355E+41  6.0898E+41  7.4668E+32  3.4565E+40
  5.9570E+01  4.8716E+41  4.5950E+41  4.4886E+32  2.7655E+40
  6.3100E+01  3.6692E+41  3.4479E+41  2.6873E+32  2.2129E+40
  6.6830E+01  2.7518E+41  2.5747E+41  1.6037E+32  1.7707E+40
  7.0790E+01  2.0553E+41  1.9137E+41  9.5409E+31  1.4157E+40
  7.4990E+01  1.5295E+41  1.4164E+41  5.6624E+31  1.1311E+40
  7.9430E+01  1.1355E+41  1.0451E+41  3.3572E+31  9.0374E+39
  8.4140E+01  8.4092E+40  7.6876E+40  1.9879E+31  7.2164E+39
  8.9130E+01  6.2200E+40  5.6440E+40  1.1772E+31  5.7600E+39
  9.4410E+01  4.5958E+40  4.1360E+40  6.9731E+30  4.5975E+39
  1.0000E+02  3.3922E+40  3.0254E+40  4.1322E+30  3.6690E+39
  1.0590E+02  2.5050E+40  2.2121E+40  2.4535E+30  2.9293E+39
  1.1220E+02  1.8489E+40  1.6155E+40  1.4570E+30  2.3341E+39
  1.1890E+02  1.3672E+40  1.1814E+40  8.6740E+29  1.8579E+39
  1.2590E+02  1.0181E+40  8.6985E+39  5.2028E+29  1.4830E+39
  1.3340E+02  7.6059E+39  6.4254E+39  3.1338E+29  1.1805E+39
  1.4130E+02  5.6523E+39  4.7116E+39  1.8899E+29  9.4075E+38
  1.4960E+02  4.1350E+39  3.3841E+39  1.1282E+29  7.5091E+38
  1.5850E+02  3.0103E+39  2.4127E+39  6.6999E+28  5.9760E+38
  1.7780E+02  1.6184E+39  1.2391E+39  2.3968E+28  3.7931E+38
  1.9950E+02  8.7904E+38  6.3866E+38  8.6849E+27  2.4038E+38
  2.2390E+02  4.8104E+38  3.2891E+38  3.1809E+27  1.5213E+38
  2.5120E+02  2.6569E+38  1.6933E+38  1.1782E+27  9.6363E+37
  2.8180E+02  1.4807E+38  8.7034E+37  4.4076E+26  6.1037E+37
  3.1620E+02  8.3229E+37  4.4615E+37  1.6619E+26  3.8614E+37
  3.5480E+02  4.7252E+37  2.2832E+37  6.3144E+25  2.4419E+37
  3.9810E+02  2.7107E+37  1.1666E+37  2.4174E+25  1.5441E+37
  4.4670E+02  1.5710E+37  5.9504E+36  9.3127E+24  9.7598E+36
  5.0120E+02  9.2009E+36  3.0316E+36  3.6084E+24  6.1693E+36
  5.6230E+02  5.4435E+36  1.5432E+36  1.4050E+24  3.9002E+36
  6.3100E+02  3.2468E+36  7.8390E+35  5.4888E+23  2.4629E+36
  7.0790E+02  1.9549E+36  3.9818E+35  2.1540E+23  1.5568E+36
  7.9430E+02  1.1851E+36  2.0190E+35  8.4705E+22  9.8324E+35
  8.9130E+02  7.2301E+35  1.0225E+35  3.3380E+22  6.2076E+35
  1.0000E+03  4.4389E+35  5.1760E+34  1.3189E+22  3.9213E+35
