  1.0000E-03  8.8917E+44  0.0000E+00  1.2552E+43  8.7662E+44
  1.1220E-03  9.9624E+44  0.0000E+00  1.2668E+43  9.8357E+44
  1.2590E-03  1.1162E+45  0.0000E+00  1.2509E+43  1.1037E+45
  1.4130E-03  1.2508E+45  0.0000E+00  1.2148E+43  1.2387E+45
  1.5850E-03  1.4014E+45  0.0000E+00  1.2010E+43  1.3894E+45
  1.7780E-03  1.5729E+45  0.0000E+00  1.4263E+43  1.5586E+45
  1.9950E-03  1.7627E+45  0.0000E+00  1.3889E+43  1.7488E+45
  2.2390E-03  1.9757E+45  0.0000E+00  1.3016E+43  1.9627E+45
  2.5120E-03  2.2180E+45  0.0000E+00  1.5971E+43  2.2020E+45
  2.8180E-03  2.4856E+45  0.0000E+00  1.5328E+43  2.4702E+45
  3.1620E-03  2.7865E+45  0.0000E+00  1.4613E+43  2.7718E+45
  3.5480E-03  3.1242E+45  0.0000E+00  1.3885E+43  3.1103E+45
  3.9810E-03  3.5030E+45  0.0000E+00  1.3149E+43  3.4898E+45
  4.4670E-03  3.9554E+45  0.0000E+00  3.9567E+43  3.9158E+45
  5.0120E-03  4.4325E+45  0.0000E+00  3.8938E+43  4.3936E+45
  5.6230E-03  4.9681E+45  0.0000E+00  3.8869E+43  4.9292E+45
  5.9570E-03  5.2611E+45  0.0000E+00  3.9061E+43  5.2220E+45
  6.6830E-03  5.8985E+45  0.0000E+00  3.9984E+43  5.8585E+45
  7.4990E-03  6.6157E+45  0.0000E+00  4.1919E+43  6.5738E+45
  8.4140E-03  7.4195E+45  0.0000E+00  4.3625E+43  7.3758E+45
  9.4410E-03  8.3218E+45  0.0000E+00  4.5675E+43  8.2761E+45
  1.0590E-02  9.3313E+45  0.0000E+00  4.7983E+43  9.2833E+45
  1.1890E-02  1.0474E+46  0.0000E+00  5.1552E+43  1.0423E+46
  1.3340E-02  1.1748E+46  0.0000E+00  5.4453E+43  1.1694E+46
  1.4960E-02  1.3172E+46  0.0000E+00  5.7632E+43  1.3114E+46
  1.6790E-02  1.4780E+46  0.0000E+00  6.1043E+43  1.4718E+46
  1.8840E-02  1.6580E+46  0.0000E+00  6.4806E+43  1.6515E+46
  2.1130E-02  1.8593E+46  0.0000E+00  6.9227E+43  1.8524E+46
  2.3710E-02  2.0858E+46  0.0000E+00  7.3891E+43  2.0785E+46
  2.6610E-02  2.3405E+46  0.0000E+00  7.8826E+43  2.3326E+46
  2.9850E-02  2.6250E+46  2.3627E-83  8.4067E+43  2.6166E+46
  3.3500E-02  2.9456E+46  1.4615E-68  8.9334E+43  2.9367E+46
  3.7580E-02  3.3038E+46  1.8124E-55  9.5795E+43  3.2942E+46
  4.2170E-02  3.7085E+46  7.6084E-44  1.1818E+44  3.6967E+46
  4.7320E-02  4.1609E+46  1.8633E-33  1.2762E+44  4.1482E+46
  5.3090E-02  4.3338E+46  3.0803E-24  1.2518E+44  4.3212E+46
  6.6830E-02  4.1365E+46  8.7327E-09  9.6763E+43  4.1268E+46
  7.4990E-02  4.0408E+46  2.5542E-02  7.9872E+43  4.0328E+46
  8.4140E-02  3.9491E+46  1.4612E+04  8.0566E+43  3.9410E+46
  9.4410E-02  3.8594E+46  1.8812E+09  8.1926E+43  3.8513E+46
  1.0590E-01  3.5143E+46  6.3423E+13  8.7815E+43  3.5055E+46
  1.1890E-01  2.9547E+46  5.6926E+17  7.9312E+43  2.9467E+46
  1.3340E-01  2.4865E+46  1.2575E+21  6.9364E+43  2.4795E+46
  1.4960E-01  2.0929E+46  1.5347E+24  5.0349E+43  2.0878E+46
  1.5850E-01  1.9187E+46  4.6272E+25  4.1697E+43  1.9145E+46
  1.7780E-01  1.6147E+46  2.3327E+28  3.2423E+43  1.6114E+46
  1.9950E-01  1.3582E+46  6.0494E+30  2.4446E+43  1.3558E+46
  2.2390E-01  1.1425E+46  7.0050E+32  2.2264E+43  1.1403E+46
  2.3710E-01  1.0489E+46  5.0506E+33  2.4268E+43  1.0464E+46
  2.5120E-01  9.6205E+45  3.1137E+34  2.4696E+43  9.5958E+45
  2.6610E-01  8.8247E+45  1.7566E+35  2.3523E+43  8.8012E+45
  2.8180E-01  8.0979E+45  8.9800E+35  2.1842E+43  8.0761E+45
  2.9850E-01  7.4281E+45  4.1593E+36  2.0246E+43  7.4079E+45
  3.1620E-01  6.8136E+45  1.7288E+37  1.8958E+43  6.7947E+45
  3.3500E-01  6.2486E+45  6.5573E+37  1.7804E+43  6.2308E+45
  3.5480E-01  5.7332E+45  2.2745E+38  1.6740E+43  5.7165E+45
  3.7580E-01  5.2600E+45  7.2943E+38  1.5788E+43  5.2442E+45
  3.9810E-01  4.8247E+45  2.1519E+39  1.4951E+43  4.8097E+45
  4.2170E-01  4.4259E+45  5.8409E+39  1.4263E+43  4.4116E+45
  4.4670E-01  4.0603E+45  1.4691E+40  1.3686E+43  4.0466E+45
  4.7320E-01  3.7247E+45  3.4727E+40  1.3155E+43  3.7115E+45
  5.0120E-01  3.4175E+45  7.7321E+40  1.2649E+43  3.4048E+45
  5.3090E-01  3.1355E+45  1.6309E+41  1.2182E+43  3.1232E+45
  5.6230E-01  2.8772E+45  3.2501E+41  1.1747E+43  2.8651E+45
  5.9570E-01  2.6395E+45  6.1620E+41  1.1338E+43  2.6276E+45
  6.3100E-01  2.4224E+45  1.1113E+42  1.0962E+43  2.4103E+45
  6.6830E-01  2.2239E+45  1.9093E+42  1.0611E+43  2.2114E+45
  7.0790E-01  2.0419E+45  3.1382E+42  1.0305E+43  2.0284E+45
  7.4990E-01  1.8754E+45  4.9400E+42  1.0023E+43  1.8605E+45
  7.9430E-01  1.7238E+45  7.4648E+42  9.7740E+42  1.7066E+45
  8.4140E-01  1.5858E+45  1.0872E+43  9.5637E+42  1.5653E+45
  8.9130E-01  1.4605E+45  1.5328E+43  9.3985E+42  1.4357E+45
  9.4410E-01  1.3472E+45  2.0901E+43  9.2615E+42  1.3170E+45
  1.0000E+00  1.2448E+45  2.7595E+43  9.1256E+42  1.2081E+45
  1.0590E+00  1.1530E+45  3.5378E+43  8.9960E+42  1.1086E+45
  1.1220E+00  1.0698E+45  4.4359E+43  8.8563E+42  1.0165E+45
  1.1890E+00  9.9503E+44  5.4516E+43  8.6885E+42  9.3183E+44
  1.2590E+00  9.2926E+44  6.5584E+43  8.4753E+42  8.5520E+44
  1.3340E+00  8.6981E+44  7.7480E+43  8.2219E+42  7.8411E+44
  1.4130E+00  8.1673E+44  8.9527E+43  7.9351E+42  7.1927E+44
  1.4960E+00  7.6944E+44  1.0157E+44  7.6125E+42  6.6026E+44
  1.5850E+00  7.2654E+44  1.1386E+44  7.2491E+42  6.0543E+44
  1.6790E+00  6.8805E+44  1.2590E+44  6.8411E+42  5.5530E+44
  1.7780E+00  6.5335E+44  1.3740E+44  6.3828E+42  5.0957E+44
  1.8840E+00  6.2160E+44  1.4854E+44  5.8783E+42  4.6719E+44
  1.9950E+00  5.9299E+44  1.5891E+44  5.3377E+42  4.2875E+44
  2.1130E+00  5.6661E+44  1.6851E+44  4.7753E+42  3.9333E+44
  2.2390E+00  5.4187E+44  1.7705E+44  4.2071E+42  3.6061E+44
  2.3710E+00  5.1883E+44  1.8426E+44  3.6516E+42  3.3092E+44
  2.5120E+00  4.9675E+44  1.9018E+44  3.1263E+42  3.0344E+44
  2.6610E+00  4.7546E+44  1.9450E+44  2.6421E+42  2.7832E+44
  2.8180E+00  4.5457E+44  1.9698E+44  2.2053E+42  2.5538E+44
  2.9850E+00  4.3380E+44  1.9771E+44  1.8197E+42  2.3426E+44
  3.1620E+00  4.1291E+44  1.9656E+44  1.4854E+42  2.1487E+44
  3.3500E+00  3.9220E+44  1.9396E+44  1.2000E+42  1.9704E+44
  3.5480E+00  3.7127E+44  1.8954E+44  9.6024E+41  1.8078E+44
  3.7580E+00  3.5031E+44  1.8371E+44  7.6089E+41  1.6583E+44
  3.9810E+00  3.2930E+44  1.7660E+44  5.9718E+41  1.5210E+44
  4.2170E+00  3.0840E+44  1.6842E+44  4.6449E+41  1.3951E+44
  4.4670E+00  2.8772E+44  1.5940E+44  3.5808E+41  1.2796E+44
  4.7320E+00  2.6744E+44  1.4980E+44  2.7342E+41  1.1737E+44
  5.0120E+00  2.4798E+44  1.3986E+44  2.0711E+41  1.0791E+44
  5.3090E+00  2.2589E+44  1.2971E+44  1.5373E+41  9.6024E+43
  5.6230E+00  2.0452E+44  1.1961E+44  1.1276E+41  8.4805E+43
  5.9570E+00  1.8416E+44  1.0976E+44  8.1772E+40  7.4316E+43
  6.3100E+00  1.6467E+44  9.9903E+43  5.8595E+40  6.4710E+43
  6.6830E+00  1.4742E+44  9.1365E+43  4.1748E+40  5.6014E+43
  7.0790E+00  1.3119E+44  8.2968E+43  2.9313E+40  4.8190E+43
  7.4990E+00  1.1666E+44  7.5408E+43  1.9912E+40  4.1229E+43
  7.9430E+00  1.0489E+44  6.9773E+43  1.2655E+40  3.5109E+43
  8.4140E+00  9.5259E+43  6.5498E+43  8.1902E+39  2.9752E+43
  8.9130E+00  8.6597E+43  6.1488E+43  5.8912E+39  2.5104E+43
  9.4410E+00  7.8953E+43  5.7847E+43  4.8543E+39  2.1101E+43
  1.0000E+01  7.0416E+43  5.2742E+43  3.9500E+39  1.7671E+43
  1.0590E+01  6.2710E+43  4.7949E+43  3.1623E+39  1.4758E+43
  1.1220E+01  5.5730E+43  4.3460E+43  2.3703E+39  1.2267E+43
  1.1890E+01  4.9195E+43  3.9034E+43  1.7370E+39  1.0159E+43
  1.2590E+01  4.3330E+43  3.4917E+43  1.2340E+39  8.4119E+42
  1.3340E+01  3.7896E+43  3.0964E+43  8.4784E+38  6.9319E+42
  1.4130E+01  3.3448E+43  2.7742E+43  5.6494E+38  5.7050E+42
  1.4960E+01  3.0721E+43  2.6029E+43  3.8744E+38  4.6919E+42
  1.5850E+01  2.8591E+43  2.4749E+43  2.7825E+38  3.8414E+42
  1.6790E+01  2.6695E+43  2.3554E+43  2.0848E+38  3.1409E+42
  1.7780E+01  2.4748E+43  2.2181E+43  1.6126E+38  2.5663E+42
  1.8840E+01  2.2573E+43  2.0484E+43  1.2505E+38  2.0888E+42
  1.9950E+01  2.0232E+43  1.8531E+43  9.3987E+37  1.7013E+42
  2.1130E+01  1.7973E+43  1.6590E+43  6.8049E+37  1.3827E+42
  2.2390E+01  1.5900E+43  1.4779E+43  4.8765E+37  1.1203E+42
  2.3710E+01  1.4021E+43  1.3112E+43  3.4623E+37  9.0864E+41
  2.5120E+01  1.2280E+43  1.1545E+43  2.4434E+37  7.3479E+41
  2.6610E+01  1.0678E+43  1.0084E+43  1.7067E+37  5.9383E+41
  2.8180E+01  9.2157E+42  8.7357E+42  1.1853E+37  4.7994E+41
  2.9850E+01  7.8721E+42  7.4849E+42  8.1618E+36  3.8717E+41
  3.1620E+01  6.6487E+42  6.3367E+42  5.5574E+36  3.1199E+41
  3.3500E+01  5.5467E+42  5.2957E+42  3.7409E+36  2.5106E+41
  3.5480E+01  4.5754E+42  4.3733E+42  2.4919E+36  2.0210E+41
  3.7580E+01  3.7259E+42  3.5634E+42  1.6397E+36  1.6253E+41
  3.9810E+01  2.9916E+42  2.8610E+42  1.0654E+36  1.3054E+41
  4.2170E+01  2.3730E+42  2.2682E+42  6.8386E+35  1.0479E+41
  4.4670E+01  1.8611E+42  1.7771E+42  4.3340E+35  8.4074E+40
  4.7320E+01  1.4449E+42  1.3775E+42  2.7161E+35  6.7400E+40
  5.0120E+01  1.1120E+42  1.0580E+42  1.6857E+35  5.4034E+40
  5.3090E+01  8.4850E+41  8.0521E+41  1.0364E+35  4.3282E+40
  5.6230E+01  6.4307E+41  6.0841E+41  6.3232E+34  3.4667E+40
  5.9570E+01  4.8383E+41  4.5610E+41  3.8269E+34  2.7728E+40
  6.3100E+01  3.6225E+41  3.4007E+41  2.3035E+34  2.2180E+40
  6.6830E+01  2.7010E+41  2.5235E+41  1.3802E+34  1.7744E+40
  7.0790E+01  2.0057E+41  1.8639E+41  8.2320E+33  1.4183E+40
  7.4990E+01  1.4841E+41  1.3708E+41  4.8916E+33  1.1329E+40
  7.9430E+01  1.0957E+41  1.0052E+41  2.9000E+33  9.0505E+39
  8.4140E+01  8.0707E+40  7.3482E+40  1.7147E+33  7.2256E+39
  8.9130E+01  5.9382E+40  5.3615E+40  1.0127E+33  5.7665E+39
  9.4410E+01  4.3653E+40  3.9050E+40  5.9753E+32  4.6021E+39
  1.0000E+02  3.2065E+40  2.8393E+40  3.5228E+32  3.6722E+39
  1.0590E+02  2.3569E+40  2.0637E+40  2.0785E+32  2.9317E+39
  1.1220E+02  1.7317E+40  1.4981E+40  1.2252E+32  2.3358E+39
  1.1890E+02  1.2748E+40  1.0889E+40  7.2343E+31  1.8590E+39
  1.2590E+02  9.4517E+39  7.9678E+39  4.3013E+31  1.4838E+39
  1.3340E+02  7.0292E+39  5.8481E+39  2.5675E+31  1.1811E+39
  1.4130E+02  5.2052E+39  4.2640E+39  1.5324E+31  9.4117E+38
  1.4960E+02  3.8008E+39  3.0496E+39  9.0268E+30  7.5121E+38
  1.5850E+02  2.7632E+39  2.1654E+39  5.2825E+30  5.9781E+38
  1.7780E+02  1.4824E+39  1.1030E+39  1.8326E+30  3.7942E+38
  1.9950E+02  8.0442E+38  5.6399E+38  6.4306E+29  2.4043E+38
  2.2390E+02  4.4043E+38  2.8827E+38  2.2789E+29  1.5216E+38
  2.5120E+02  2.4376E+38  1.4738E+38  8.1668E+28  9.6376E+37
  2.8180E+02  1.3631E+38  7.5268E+37  2.9579E+28  6.1043E+37
  3.1620E+02  7.6975E+37  3.8357E+37  1.0815E+28  3.8617E+37
  3.5480E+02  4.3946E+37  1.9525E+37  3.9932E+27  2.4421E+37
  3.9810E+02  2.5369E+37  9.9276E+36  1.4894E+27  1.5442E+37
  4.4670E+02  1.4802E+37  5.0416E+36  5.6054E+26  9.7603E+36
  5.0120E+02  8.7278E+36  2.5584E+36  2.1279E+26  6.1695E+36
  5.6230E+02  5.1980E+36  1.2976E+36  8.1400E+25  3.9003E+36
  6.3100E+02  3.1199E+36  6.5701E+35  3.1322E+25  2.4629E+36
  7.0790E+02  1.8895E+36  3.3276E+35  1.2136E+25  1.5568E+36
  7.9430E+02  1.1515E+36  1.6828E+35  4.7218E+24  9.8325E+35
  8.9130E+02  7.0579E+35  8.5021E+34  1.8443E+24  6.2077E+35
  1.0000E+03  4.3508E+35  4.2949E+34  7.2345E+23  3.9214E+35
