  1.0000E-03  8.8834E+44  4.2259E+05  1.1721E+43  8.7662E+44
  1.1220E-03  9.9696E+44  3.3512E+05  1.3385E+43  9.8357E+44
  1.2590E-03  1.1183E+45  2.6918E+05  1.4570E+43  1.1037E+45
  1.4130E-03  1.2539E+45  2.2577E+05  1.5212E+43  1.2387E+45
  1.5850E-03  1.4051E+45  1.9087E+05  1.5646E+43  1.3894E+45
  1.7780E-03  1.5772E+45  1.7412E+05  1.8612E+43  1.5586E+45
  1.9950E-03  1.7679E+45  1.2923E+05  1.9097E+43  1.7488E+45
  2.2390E-03  1.9808E+45  1.0143E+05  1.8055E+43  1.9627E+45
  2.5120E-03  2.2244E+45  8.8154E+04  2.2357E+43  2.2020E+45
  2.8180E-03  2.4922E+45  6.1468E+04  2.1937E+43  2.4702E+45
  3.1620E-03  2.7928E+45  4.5988E+04  2.0954E+43  2.7718E+45
  3.5480E-03  3.1301E+45  3.5538E+04  1.9809E+43  3.1103E+45
  3.9810E-03  3.5085E+45  2.8864E+04  1.8670E+43  3.4898E+45
  4.4670E-03  3.9800E+45  9.7285E+04  6.4135E+43  3.9158E+45
  5.0120E-03  4.4551E+45  6.4385E+04  6.1534E+43  4.3936E+45
  5.6230E-03  4.9874E+45  4.3339E+04  5.8117E+43  4.9292E+45
  5.9570E-03  5.2785E+45  3.6054E+04  5.6481E+43  5.2220E+45
  6.6830E-03  5.9125E+45  2.6293E+04  5.4011E+43  5.8585E+45
  7.4990E-03  6.6269E+45  2.1080E+04  5.3064E+43  6.5738E+45
  8.4140E-03  7.4277E+45  1.6198E+04  5.1812E+43  7.3758E+45
  9.4410E-03  8.3272E+45  1.3293E+04  5.1056E+43  8.2761E+45
  1.0590E-02  9.3338E+45  1.1804E+04  5.0461E+43  9.2833E+45
  1.1890E-02  1.0475E+46  9.6074E+03  5.2382E+43  1.0423E+46
  1.3340E-02  1.1747E+46  8.2021E+03  5.2754E+43  1.1694E+46
  1.4960E-02  1.3168E+46  6.9649E+03  5.3520E+43  1.3114E+46
  1.6790E-02  1.4773E+46  5.8712E+03  5.4365E+43  1.4718E+46
  1.8840E-02  1.6571E+46  5.0331E+03  5.5484E+43  1.6515E+46
  2.1130E-02  1.8581E+46  4.8033E+03  5.7536E+43  1.8524E+46
  2.3710E-02  2.0844E+46  4.2250E+03  5.9656E+43  2.0785E+46
  2.6610E-02  2.3388E+46  3.5485E+03  6.1956E+43  2.3326E+46
  2.9850E-02  2.6231E+46  3.0267E+03  6.4612E+43  2.6166E+46
  3.3500E-02  2.9434E+46  2.5523E+03  6.7525E+43  2.9367E+46
  3.7580E-02  3.3015E+46  2.4312E+03  7.2439E+43  3.2942E+46
  4.2170E-02  3.7055E+46  2.0422E+03  8.7563E+43  3.6967E+46
  4.7320E-02  4.1576E+46  1.3885E+03  9.4200E+43  4.1482E+46
  5.3090E-02  4.3308E+46  8.8641E+02  9.5231E+43  4.3212E+46
  6.6830E-02  4.1360E+46  1.8206E+02  9.1934E+43  4.1268E+46
  7.4990E-02  4.0421E+46  6.7010E+01  9.2357E+43  4.0328E+46
  8.4140E-02  3.9498E+46  3.8672E+04  8.7536E+43  3.9410E+46
  9.4410E-02  3.8597E+46  4.5845E+09  8.4756E+43  3.8513E+46
  1.0590E-01  3.5133E+46  1.2804E+14  7.7440E+43  3.5055E+46
  1.1890E-01  2.9528E+46  1.0321E+18  6.0390E+43  2.9467E+46
  1.3340E-01  2.4846E+46  2.2990E+21  5.0360E+43  2.4795E+46
  1.4960E-01  2.0918E+46  2.6767E+24  3.9106E+43  2.0878E+46
  1.5850E-01  1.9179E+46  7.8665E+25  3.4038E+43  1.9145E+46
  1.7780E-01  1.6141E+46  4.0407E+28  2.6203E+43  1.6114E+46
  1.9950E-01  1.3577E+46  1.1298E+31  1.9404E+43  1.3558E+46
  2.2390E-01  1.1422E+46  1.3003E+33  1.9173E+43  1.1403E+46
  2.3710E-01  1.0484E+46  9.0799E+33  1.9542E+43  1.0464E+46
  2.5120E-01  9.6149E+45  5.5500E+34  1.9108E+43  9.5958E+45
  2.6610E-01  8.8195E+45  3.1142E+35  1.8264E+43  8.8012E+45
  2.8180E-01  8.0934E+45  1.5833E+36  1.7329E+43  8.0761E+45
  2.9850E-01  7.4244E+45  7.2845E+36  1.6519E+43  7.4079E+45
  3.1620E-01  6.8106E+45  3.0033E+37  1.5964E+43  6.7947E+45
  3.3500E-01  6.2463E+45  1.1278E+38  1.5514E+43  6.2308E+45
  3.5480E-01  5.7316E+45  3.8674E+38  1.5086E+43  5.7165E+45
  3.7580E-01  5.2589E+45  1.2274E+39  1.4711E+43  5.2442E+45
  3.9810E-01  4.8241E+45  3.5801E+39  1.4392E+43  4.8097E+45
  4.2170E-01  4.4258E+45  9.6270E+39  1.4188E+43  4.4116E+45
  4.4670E-01  4.0607E+45  2.3986E+40  1.4070E+43  4.0466E+45
  4.7320E-01  3.7255E+45  5.6209E+40  1.3957E+43  3.7115E+45
  5.0120E-01  3.4187E+45  1.2421E+41  1.3820E+43  3.4048E+45
  5.3090E-01  3.1371E+45  2.6061E+41  1.3671E+43  3.1232E+45
  5.6230E-01  2.8791E+45  5.1673E+41  1.3502E+43  2.8651E+45
  5.9570E-01  2.6418E+45  9.7577E+41  1.3306E+43  2.6276E+45
  6.3100E-01  2.4252E+45  1.7555E+42  1.3096E+43  2.4103E+45
  6.6830E-01  2.2273E+45  3.0140E+42  1.2852E+43  2.2114E+45
  7.0790E-01  2.0460E+45  4.9561E+42  1.2612E+43  2.0284E+45
  7.4990E-01  1.8806E+45  7.8101E+42  1.2349E+43  1.8605E+45
  7.9430E-01  1.7305E+45  1.1827E+43  1.2071E+43  1.7066E+45
  8.4140E-01  1.5944E+45  1.7289E+43  1.1771E+43  1.5653E+45
  8.9130E-01  1.4717E+45  2.4514E+43  1.1459E+43  1.4357E+45
  9.4410E-01  1.3618E+45  3.3665E+43  1.1107E+43  1.3170E+45
  1.0000E+00  1.2636E+45  4.4798E+43  1.0692E+43  1.2081E+45
  1.0590E+00  1.1767E+45  5.7907E+43  1.0244E+43  1.1086E+45
  1.1220E+00  1.0995E+45  7.3218E+43  9.7578E+42  1.0165E+45
  1.1890E+00  1.0318E+45  9.0736E+43  9.2238E+42  9.3183E+44
  1.2590E+00  9.7388E+44  1.1004E+44  8.6391E+42  8.5520E+44
  1.3340E+00  9.2299E+44  1.3087E+44  8.0172E+42  7.8411E+44
  1.4130E+00  8.7858E+44  1.5192E+44  7.3864E+42  7.1927E+44
  1.4960E+00  8.3979E+44  1.7278E+44  6.7529E+42  6.6026E+44
  1.5850E+00  8.0524E+44  1.9370E+44  6.1140E+42  6.0543E+44
  1.6790E+00  7.7439E+44  2.1361E+44  5.4754E+42  5.5530E+44
  1.7780E+00  7.4619E+44  2.3178E+44  4.8398E+42  5.0957E+44
  1.8840E+00  7.1971E+44  2.4830E+44  4.2162E+42  4.6719E+44
  1.9950E+00  6.9466E+44  2.6230E+44  3.6196E+42  4.2875E+44
  2.1130E+00  6.7011E+44  2.7372E+44  3.0621E+42  3.9333E+44
  2.2390E+00  6.4532E+44  2.8216E+44  2.5537E+42  3.6061E+44
  2.3710E+00  6.2037E+44  2.8735E+44  2.1020E+42  3.3092E+44
  2.5120E+00  5.9496E+44  2.8980E+44  1.7104E+42  3.0344E+44
  2.6610E+00  5.6905E+44  2.8935E+44  1.3772E+42  2.7832E+44
  2.8180E+00  5.4253E+44  2.8605E+44  1.0979E+42  2.5538E+44
  2.9850E+00  5.1561E+44  2.8048E+44  8.6740E+41  2.3426E+44
  3.1620E+00  4.8824E+44  2.7270E+44  6.7948E+41  2.1487E+44
  3.3500E+00  4.6138E+44  2.6381E+44  5.2846E+41  1.9704E+44
  3.5480E+00  4.3427E+44  2.5308E+44  4.0789E+41  1.8078E+44
  3.7580E+00  4.0756E+44  2.4141E+44  3.1257E+41  1.6583E+44
  3.9810E+00  3.8133E+44  2.2899E+44  2.3788E+41  1.5210E+44
  4.2170E+00  3.5573E+44  2.1604E+44  1.7985E+41  1.3951E+44
  4.4670E+00  3.3089E+44  2.0279E+44  1.3510E+41  1.2796E+44
  4.7320E+00  3.0704E+44  1.8958E+44  1.0079E+41  1.1737E+44
  5.0120E+00  2.8456E+44  1.7657E+44  7.4804E+40  1.0791E+44
  5.3090E+00  2.5989E+44  1.6381E+44  5.4496E+40  9.6024E+43
  5.6230E+00  2.3633E+44  1.5149E+44  3.9339E+40  8.4805E+43
  5.9570E+00  2.1411E+44  1.3977E+44  2.8153E+40  7.4316E+43
  6.3100E+00  1.9264E+44  1.2791E+44  1.9925E+40  6.4710E+43
  6.6830E+00  1.7376E+44  1.1774E+44  1.4049E+40  5.6014E+43
  7.0790E+00  1.5569E+44  1.0749E+44  9.7627E+39  4.8190E+43
  7.4990E+00  1.4112E+44  9.9882E+43  6.7122E+39  4.1229E+43
  7.9430E+00  1.3724E+44  1.0212E+44  4.7598E+39  3.5109E+43
  8.4140E+00  1.4228E+44  1.1252E+44  3.6844E+39  2.9752E+43
  8.9130E+00  1.4349E+44  1.1839E+44  3.0111E+39  2.5104E+43
  9.4410E+00  1.4098E+44  1.1988E+44  2.7095E+39  2.1101E+43
  1.0000E+01  1.2302E+44  1.0535E+44  2.0844E+39  1.7671E+43
  1.0590E+01  1.0447E+44  8.9712E+43  1.5366E+39  1.4758E+43
  1.1220E+01  8.6475E+43  7.4207E+43  1.0384E+39  1.2267E+43
  1.1890E+01  7.1457E+43  6.1297E+43  6.9469E+38  1.0159E+43
  1.2590E+01  5.9101E+43  5.0688E+43  4.5255E+38  8.4119E+42
  1.3340E+01  4.9015E+43  4.2082E+43  2.8857E+38  6.9319E+42
  1.4130E+01  4.1839E+43  3.6134E+43  1.8323E+38  5.7050E+42
  1.4960E+01  3.8478E+43  3.3786E+43  1.2579E+38  4.6919E+42
  1.5850E+01  3.6168E+43  3.2327E+43  9.1437E+37  3.8414E+42
  1.6790E+01  3.4142E+43  3.1001E+43  6.9338E+37  3.1409E+42
  1.7780E+01  3.1706E+43  2.9140E+43  5.3650E+37  2.5663E+42
  1.8840E+01  2.8464E+43  2.6376E+43  4.0785E+37  2.0888E+42
  1.9950E+01  2.4698E+43  2.2997E+43  2.9502E+37  1.7013E+42
  2.1130E+01  2.1205E+43  1.9822E+43  2.0512E+37  1.3827E+42
  2.2390E+01  1.8200E+43  1.7080E+43  1.4178E+37  1.1203E+42
  2.3710E+01  1.5622E+43  1.4713E+43  9.7441E+36  9.0864E+41
  2.5120E+01  1.3350E+43  1.2615E+43  6.6764E+36  7.3479E+41
  2.6610E+01  1.1347E+43  1.0753E+43  4.5373E+36  5.9383E+41
  2.8180E+01  9.5875E+42  9.1075E+42  3.0727E+36  4.7994E+41
  2.9850E+01  8.0267E+42  7.6395E+42  2.0663E+36  3.8717E+41
  3.1620E+01  6.6489E+42  6.3369E+42  1.3753E+36  3.1199E+41
  3.3500E+01  5.4430E+42  5.1919E+42  9.0575E+35  2.5106E+41
  3.5480E+01  4.4080E+42  4.2059E+42  5.9076E+35  2.0210E+41
  3.7580E+01  3.5251E+42  3.3625E+42  3.8076E+35  1.6253E+41
  3.9810E+01  2.7799E+42  2.6493E+42  2.4234E+35  1.3054E+41
  4.2170E+01  2.1668E+42  2.0620E+42  1.5242E+35  1.0479E+41
  4.4670E+01  1.6708E+42  1.5867E+42  9.4702E+34  8.4074E+40
  4.7320E+01  1.2763E+42  1.2089E+42  5.8227E+34  6.7400E+40
  5.0120E+01  9.6733E+41  9.1329E+41  3.5482E+34  5.4034E+40
  5.3090E+01  7.2752E+41  6.8424E+41  2.1438E+34  4.3282E+40
  5.6230E+01  5.4403E+41  5.0937E+41  1.2866E+34  3.4667E+40
  5.9570E+01  4.0425E+41  3.7652E+41  7.6665E+33  2.7728E+40
  6.3100E+01  2.9923E+41  2.7705E+41  4.5482E+33  2.2180E+40
  6.6830E+01  2.2080E+41  2.0306E+41  2.6886E+33  1.7744E+40
  7.0790E+01  1.6244E+41  1.4825E+41  1.5839E+33  1.4183E+40
  7.4990E+01  1.1919E+41  1.0786E+41  9.3058E+32  1.1329E+40
  7.9430E+01  8.7346E+40  7.8295E+40  5.4609E+32  9.0505E+39
  8.4140E+01  6.3926E+40  5.6700E+40  3.1998E+32  7.2256E+39
  8.9130E+01  4.6778E+40  4.1011E+40  1.8750E+32  5.7665E+39
  9.4410E+01  3.4231E+40  2.9629E+40  1.0990E+32  4.6021E+39
  1.0000E+02  2.5054E+40  2.1381E+40  6.4439E+31  3.6722E+39
  1.0590E+02  1.8366E+40  1.5434E+40  3.7863E+31  2.9317E+39
  1.1220E+02  1.3469E+40  1.1134E+40  2.2252E+31  2.3358E+39
  1.1890E+02  9.9053E+39  8.0462E+39  1.3115E+31  1.8590E+39
  1.2590E+02  7.3422E+39  5.8584E+39  7.7918E+30  1.4838E+39
  1.3340E+02  5.4621E+39  4.2810E+39  4.6509E+30  1.1811E+39
  1.4130E+02  4.0492E+39  3.1080E+39  2.7794E+30  9.4117E+38
  1.4960E+02  2.9636E+39  2.2124E+39  1.6427E+30  7.5121E+38
  1.5850E+02  2.1616E+39  1.5638E+39  9.6581E+29  5.9781E+38
  1.7780E+02  1.1697E+39  7.9032E+38  3.3914E+29  3.7942E+38
  1.9950E+02  6.4192E+38  4.0148E+38  1.2083E+29  2.4043E+38
  2.2390E+02  3.5625E+38  2.0410E+38  4.3585E+28  1.5216E+38
  2.5120E+02  2.0025E+38  1.0387E+38  1.5925E+28  9.6376E+37
  2.8180E+02  1.1388E+38  5.2842E+37  5.8854E+27  6.1043E+37
  3.1620E+02  6.5457E+37  2.6840E+37  2.1957E+27  3.8617E+37
  3.5480E+02  3.8045E+37  1.3624E+37  8.2673E+26  2.4421E+37
  3.9810E+02  2.2352E+37  6.9106E+36  3.1407E+26  1.5442E+37
  4.4670E+02  1.3263E+37  3.5023E+36  1.2021E+26  9.7603E+36
  5.0120E+02  7.9436E+36  1.7741E+36  4.6326E+25  6.1695E+36
  5.6230E+02  4.7988E+36  8.9851E+35  1.7958E+25  3.9003E+36
  6.3100E+02  2.9173E+36  4.5434E+35  6.9898E+24  2.4629E+36
  7.0790E+02  1.7866E+36  2.2985E+35  2.7349E+24  1.5568E+36
  7.9430E+02  1.0994E+36  1.1613E+35  1.0729E+24  9.8325E+35
  8.9130E+02  6.7939E+35  5.8623E+34  4.2199E+23  6.2077E+35
  1.0000E+03  4.2173E+35  2.9592E+34  1.6648E+23  3.9214E+35
