  1.0000E-03  7.8619E+44  0.0000E+00  1.5253E+41  7.8604E+44
  1.1220E-03  8.5787E+44  0.0000E+00  2.0249E+41  8.5767E+44
  1.2590E-03  9.3413E+44  0.0000E+00  2.5655E+41  9.3387E+44
  1.4130E-03  1.0155E+45  0.0000E+00  3.1238E+41  1.0152E+45
  1.5850E-03  1.1071E+45  0.0000E+00  3.6829E+41  1.1067E+45
  1.7780E-03  1.2250E+45  0.0000E+00  4.6622E+41  1.2245E+45
  1.9950E-03  1.3029E+45  0.0000E+00  5.8722E+41  1.3024E+45
  2.2390E-03  1.4005E+45  0.0000E+00  6.5996E+41  1.3998E+45
  2.5120E-03  1.5347E+45  0.0000E+00  8.7263E+41  1.5338E+45
  2.8180E-03  1.5970E+45  0.0000E+00  1.0778E+42  1.5959E+45
  3.1620E-03  1.6742E+45  0.0000E+00  1.2528E+42  1.6729E+45
  3.5480E-03  1.7622E+45  0.0000E+00  1.4085E+42  1.7608E+45
  3.9810E-03  1.8660E+45  0.0000E+00  1.5403E+42  1.8644E+45
  4.4670E-03  2.7408E+45  0.0000E+00  2.0837E+42  2.7388E+45
  5.0120E-03  2.8223E+45  0.0000E+00  2.7449E+42  2.8196E+45
  5.6230E-03  2.9063E+45  0.0000E+00  3.4128E+42  2.9029E+45
  5.9570E-03  2.9548E+45  0.0000E+00  3.7385E+42  2.9511E+45
  6.6830E-03  3.0790E+45  0.0000E+00  4.3560E+42  3.0746E+45
  7.4990E-03  3.2526E+45  0.0000E+00  4.9625E+42  3.2476E+45
  8.4140E-03  3.4073E+45  0.0000E+00  5.6181E+42  3.4017E+45
  9.4410E-03  3.6123E+45  0.0000E+00  6.2035E+42  3.6061E+45
  1.0590E-02  3.9258E+45  0.0000E+00  6.5451E+42  3.9192E+45
  1.1890E-02  4.1422E+45  0.0000E+00  7.5150E+42  4.1347E+45
  1.3340E-02  4.4243E+45  0.0000E+00  8.1619E+42  4.4161E+45
  1.4960E-02  4.6739E+45  0.0000E+00  8.9847E+42  4.6649E+45
  1.6790E-02  4.9634E+45  0.0000E+00  9.7555E+42  4.9537E+45
  1.8840E-02  5.2996E+45  0.0000E+00  1.0472E+43  5.2891E+45
  2.1130E-02  5.6275E+45  0.0000E+00  1.1425E+43  5.6160E+45
  2.3710E-02  5.9660E+45  0.0000E+00  1.2370E+43  5.9536E+45
  2.6610E-02  6.2963E+45  0.0000E+00  1.3337E+43  6.2830E+45
  2.9850E-02  6.6432E+45  1.6096E-83  1.4279E+43  6.6290E+45
  3.3500E-02  7.0037E+45  9.9114E-69  1.5196E+43  6.9885E+45
  3.7580E-02  7.7396E+45  1.2308E-55  1.6544E+43  7.7230E+45
  4.2170E-02  8.1546E+45  5.1473E-44  1.9550E+43  8.1350E+45
  4.7320E-02  7.8655E+45  1.2450E-33  2.0310E+43  7.8452E+45
  5.3090E-02  6.8439E+45  2.0170E-24  1.9149E+43  6.8247E+45
  6.6830E-02  3.2753E+45  4.8444E-09  1.3079E+43  3.2622E+45
  7.4990E-02  2.0322E+45  1.2531E-02  9.9155E+42  2.0222E+45
  8.4140E-02  2.2370E+45  7.0080E+03  1.0161E+43  2.2268E+45
  9.4410E-02  2.3811E+45  8.8235E+08  1.0540E+43  2.3705E+45
  1.0590E-01  3.0137E+45  3.0044E+13  1.2304E+43  3.0014E+45
  1.1890E-01  3.6713E+45  2.7946E+17  1.3069E+43  3.6582E+45
  1.3340E-01  4.0500E+45  6.5666E+20  1.3339E+43  4.0367E+45
  1.4960E-01  4.0804E+45  8.2362E+23  1.2111E+43  4.0683E+45
  1.5850E-01  3.8606E+45  2.4728E+25  1.1153E+43  3.8494E+45
  1.7780E-01  3.0337E+45  1.2485E+28  8.8273E+42  3.0249E+45
  1.9950E-01  1.8326E+45  3.0793E+30  5.3866E+42  1.8272E+45
  2.2390E-01  1.2510E+45  3.4286E+32  3.8820E+42  1.2471E+45
  2.3710E-01  1.4309E+45  2.6215E+33  4.3392E+42  1.4266E+45
  2.5120E-01  1.6511E+45  1.7293E+34  4.6414E+42  1.6465E+45
  2.6610E-01  1.7677E+45  1.0223E+35  4.5871E+42  1.7631E+45
  2.8180E-01  1.8111E+45  5.4070E+35  4.3432E+42  1.8068E+45
  2.9850E-01  1.8113E+45  2.5701E+36  4.0552E+42  1.8072E+45
  3.1620E-01  1.7946E+45  1.0924E+37  3.7799E+42  1.7909E+45
  3.3500E-01  1.7658E+45  4.2246E+37  3.5069E+42  1.7623E+45
  3.5480E-01  1.7251E+45  1.4897E+38  3.2363E+42  1.7219E+45
  3.7580E-01  1.6821E+45  4.8595E+38  2.9684E+42  1.6792E+45
  3.9810E-01  1.6315E+45  1.4548E+39  2.7244E+42  1.6288E+45
  4.2170E-01  1.5881E+45  4.0168E+39  2.4876E+42  1.5856E+45
  4.4670E-01  1.5428E+45  1.0266E+40  2.2736E+42  1.5406E+45
  4.7320E-01  1.4964E+45  2.4659E+40  2.0690E+42  1.4943E+45
  5.0120E-01  1.4485E+45  5.5792E+40  1.8738E+42  1.4466E+45
  5.3090E-01  1.4020E+45  1.1974E+41  1.6858E+42  1.4002E+45
  5.6230E-01  1.3515E+45  2.4257E+41  1.5165E+42  1.3497E+45
  5.9570E-01  1.2990E+45  4.6752E+41  1.3607E+42  1.2972E+45
  6.3100E-01  1.2477E+45  8.5756E+41  1.2158E+42  1.2457E+45
  6.6830E-01  1.1974E+45  1.4993E+42  1.0809E+42  1.1948E+45
  7.0790E-01  1.1476E+45  2.5071E+42  9.5839E+41  1.1441E+45
  7.4990E-01  1.0974E+45  4.0122E+42  8.4793E+41  1.0925E+45
  7.9430E-01  1.0488E+45  6.1576E+42  7.4670E+41  1.0419E+45
  8.4140E-01  1.0021E+45  9.1010E+42  6.5404E+41  9.9236E+44
  8.9130E-01  9.5883E+44  1.2998E+43  5.6801E+41  9.4526E+44
  9.4410E-01  9.1729E+44  1.7925E+43  4.9048E+41  8.9887E+44
  1.0000E+00  8.7665E+44  2.3903E+43  4.2175E+41  8.5233E+44
  1.0590E+00  8.3773E+44  3.0877E+43  3.6137E+41  8.0649E+44
  1.1220E+00  8.0043E+44  3.8892E+43  3.0752E+41  7.6123E+44
  1.1890E+00  7.6527E+44  4.7836E+43  2.5931E+41  7.1718E+44
  1.2590E+00  7.3325E+44  5.7281E+43  2.1606E+41  6.7575E+44
  1.3340E+00  7.0209E+44  6.7134E+43  1.7860E+41  6.3477E+44
  1.4130E+00  6.7194E+44  7.6767E+43  1.4730E+41  5.9502E+44
  1.4960E+00  6.4303E+44  8.5933E+43  1.2096E+41  5.5698E+44
  1.5850E+00  6.1481E+44  9.4748E+43  9.8458E+40  5.1996E+44
  1.6790E+00  5.8754E+44  1.0258E+44  7.9268E+40  4.8487E+44
  1.7780E+00  5.6094E+44  1.0908E+44  6.2984E+40  4.5180E+44
  1.8840E+00  5.3451E+44  1.1441E+44  4.9310E+40  4.2004E+44
  1.9950E+00  5.0863E+44  1.1822E+44  3.8083E+40  3.9037E+44
  2.1130E+00  4.8285E+44  1.2064E+44  2.9021E+40  3.6218E+44
  2.2390E+00  4.5700E+44  1.2161E+44  2.1847E+40  3.3538E+44
  2.3710E+00  4.3154E+44  1.2107E+44  1.6289E+40  3.1046E+44
  2.5120E+00  4.0623E+44  1.1937E+44  1.2047E+40  2.8685E+44
  2.6610E+00  3.8133E+44  1.1647E+44  8.8542E+39  2.6485E+44
  2.8180E+00  3.5686E+44  1.1244E+44  6.4725E+39  2.4441E+44
  2.9850E+00  3.3288E+44  1.0756E+44  4.7103E+39  2.2532E+44
  3.1620E+00  3.0947E+44  1.0190E+44  3.4145E+39  2.0757E+44
  3.3500E+00  2.8704E+44  9.5983E+43  2.4699E+39  1.9106E+44
  3.5480E+00  2.6532E+44  8.9447E+43  1.7815E+39  1.7587E+44
  3.7580E+00  2.4453E+44  8.2730E+43  1.2819E+39  1.6180E+44
  3.9810E+00  2.2470E+44  7.5922E+43  9.2037E+38  1.4878E+44
  4.2170E+00  2.0588E+44  6.9107E+43  6.5964E+38  1.3677E+44
  4.4670E+00  1.8810E+44  6.2397E+43  4.7189E+38  1.2570E+44
  4.7320E+00  1.7145E+44  5.5964E+43  3.3695E+38  1.1549E+44
  5.0120E+00  1.5624E+44  4.9894E+43  2.4074E+38  1.0635E+44
  5.3090E+00  1.3897E+44  4.4210E+43  1.6766E+38  9.4757E+43
  5.6230E+00  1.2279E+44  3.9009E+43  1.1591E+38  8.3782E+43
  5.9570E+00  1.0783E+44  3.4335E+43  7.9553E+37  7.3491E+43
  6.3100E+00  9.3952E+43  2.9905E+43  5.4134E+37  6.4047E+43
  6.6830E+00  8.1673E+43  2.6192E+43  3.6643E+37  5.5481E+43
  7.0790E+00  7.0459E+43  2.2696E+43  2.4510E+37  4.7764E+43
  7.4990E+00  6.2050E+43  2.1189E+43  1.6496E+37  4.0861E+43
  7.9430E+00  6.1776E+43  2.7103E+43  1.2275E+37  3.4673E+43
  8.4140E+00  6.9122E+43  3.9973E+43  1.0709E+37  2.9149E+43
  8.9130E+00  7.4268E+43  4.9875E+43  9.6855E+36  2.4393E+43
  9.4410E+00  7.6670E+43  5.6329E+43  9.3964E+36  2.0341E+43
  1.0000E+01  6.2062E+43  4.4963E+43  6.4656E+36  1.7099E+43
  1.0590E+01  4.7649E+43  3.3290E+43  4.1225E+36  1.4359E+43
  1.1220E+01  3.4937E+43  2.2928E+43  2.3682E+36  1.2008E+43
  1.1890E+01  2.5930E+43  1.5941E+43  1.3864E+36  9.9891E+42
  1.2590E+01  1.9266E+43  1.0965E+43  8.0092E+35  8.3010E+42
  1.3340E+01  1.4467E+43  7.6081E+42  4.6266E+35  6.8589E+42
  1.4130E+01  1.1367E+43  5.7138E+42  2.7355E+35  5.6527E+42
  1.4960E+01  9.9104E+42  5.2646E+42  1.7985E+35  4.6458E+42
  1.5850E+01  8.8722E+42  5.0735E+42  1.2530E+35  3.7987E+42
  1.6790E+01  7.9751E+42  4.8738E+42  9.0837E+34  3.1013E+42
  1.7780E+01  6.9926E+42  4.4611E+42  6.6472E+34  2.5315E+42
  1.8840E+01  5.8209E+42  3.7605E+42  4.6835E+34  2.0604E+42
  1.9950E+01  4.6065E+42  2.9265E+42  3.0888E+34  1.6800E+42
  2.1130E+01  3.5974E+42  2.2304E+42  1.9599E+34  1.3670E+42
  2.2390E+01  2.8190E+42  1.7104E+42  1.2431E+34  1.1086E+42
  2.3710E+01  2.2196E+42  1.3197E+42  7.8869E+33  8.9990E+41
  2.5120E+01  1.7489E+42  1.0207E+42  5.0159E+33  7.2821E+41
  2.6610E+01  1.3786E+42  7.8968E+41  3.1841E+33  5.8887E+41
  2.8180E+01  1.0882E+42  6.1205E+41  2.0286E+33  4.7619E+41
  2.9850E+01  8.5774E+41  4.7341E+41  1.2930E+33  3.8433E+41
  3.1620E+01  6.7445E+41  3.6461E+41  8.2256E+32  3.0984E+41
  3.3500E+01  5.2886E+41  2.7941E+41  5.2237E+32  2.4945E+41
  3.5480E+01  4.1426E+41  2.1337E+41  3.3172E+32  2.0089E+41
  3.7580E+01  3.2335E+41  1.6172E+41  2.1006E+32  1.6163E+41
  3.9810E+01  2.5111E+41  1.2124E+41  1.3255E+32  1.2987E+41
  4.2170E+01  1.9445E+41  9.0141E+40  8.3410E+31  1.0431E+41
  4.4670E+01  1.5023E+41  6.6506E+40  5.2307E+31  8.3719E+40
  4.7320E+01  1.1589E+41  4.8748E+40  3.2724E+31  6.7143E+40
  5.0120E+01  8.9394E+40  3.5546E+40  2.0450E+31  5.3849E+40
  5.3090E+01  6.8930E+40  2.5781E+40  1.2763E+31  4.3149E+40
  5.6230E+01  5.3204E+40  1.8631E+40  7.9639E+30  3.4573E+40
  5.9570E+01  4.1061E+40  1.3401E+40  4.9635E+30  2.7660E+40
  6.3100E+01  3.1750E+40  9.6174E+39  3.0958E+30  2.2133E+40
  6.6830E+01  2.4599E+40  6.8889E+39  1.9327E+30  1.7710E+40
  7.0790E+01  1.9084E+40  4.9248E+39  1.2067E+30  1.4159E+40
  7.4990E+01  1.4826E+40  3.5139E+39  7.5381E+29  1.1312E+40
  7.9430E+01  1.1544E+40  2.5056E+39  4.7149E+29  9.0384E+39
  8.4140E+01  9.0019E+39  1.7848E+39  2.9499E+29  7.2170E+39
  8.9130E+01  7.0319E+39  1.2714E+39  1.8472E+29  5.7605E+39
  9.4410E+01  5.5033E+39  9.0551E+38  1.1580E+29  4.5978E+39
  1.0000E+02  4.3140E+39  6.4480E+38  7.2641E+28  3.6692E+39
  1.0590E+02  3.3892E+39  4.5965E+38  4.5640E+28  2.9295E+39
  1.1220E+02  2.6618E+39  3.2758E+38  2.8634E+28  2.3342E+39
  1.1890E+02  2.0918E+39  2.3388E+38  1.7963E+28  1.8579E+39
  1.2590E+02  1.6512E+39  1.6812E+38  1.1314E+28  1.4831E+39
  1.3340E+02  1.3017E+39  1.2116E+38  7.1237E+27  1.1805E+39
  1.4130E+02  1.0278E+39  8.6980E+37  4.5083E+27  9.4078E+38
  1.4960E+02  8.1255E+38  6.1617E+37  2.8526E+27  7.5093E+38
  1.5850E+02  6.4099E+38  4.3381E+37  1.7949E+27  5.9761E+38
  1.7780E+02  4.0103E+38  2.1706E+37  7.1219E+26  3.7932E+38
  1.9950E+02  2.5130E+38  1.0909E+37  2.8267E+26  2.4039E+38
  2.2390E+02  1.5762E+38  5.4901E+36  1.1226E+26  1.5213E+38
  2.5120E+02  9.9132E+37  2.7687E+36  4.4670E+25  9.6363E+37
  2.8180E+02  6.2434E+37  1.3970E+36  1.7793E+25  6.1037E+37
  3.1620E+02  3.9318E+37  7.0436E+35  7.0840E+24  3.8614E+37
  3.5480E+02  2.4775E+37  3.5519E+35  2.8200E+24  2.4419E+37
  3.9810E+02  1.5620E+37  1.7910E+35  1.1233E+24  1.5441E+37
  4.4670E+02  9.8502E+36  9.0278E+34  4.4739E+23  9.7599E+36
  5.0120E+02  6.2148E+36  4.5510E+34  1.7825E+23  6.1693E+36
  5.6230E+02  3.9232E+36  2.2947E+34  7.1032E+22  3.9002E+36
  6.3100E+02  2.4744E+36  1.1557E+34  2.8283E+22  2.4629E+36
  7.0790E+02  1.5626E+36  5.8252E+33  1.1274E+22  1.5568E+36
  7.9430E+02  9.8617E+35  2.9333E+33  4.4908E+21  9.8324E+35
  8.9130E+02  6.2224E+35  1.4762E+33  1.7882E+21  6.2076E+35
  1.0000E+03  3.9288E+35  7.4316E+32  7.1258E+20  3.9213E+35
