  1.0000E-03  8.7746E+44  0.0000E+00  8.3766E+41  8.7662E+44
  1.1220E-03  9.8467E+44  0.0000E+00  1.0944E+42  9.8357E+44
  1.2590E-03  1.1050E+45  0.0000E+00  1.3608E+42  1.1037E+45
  1.4130E-03  1.2403E+45  0.0000E+00  1.6223E+42  1.2387E+45
  1.5850E-03  1.3913E+45  0.0000E+00  1.8715E+42  1.3894E+45
  1.7780E-03  1.5609E+45  0.0000E+00  2.3444E+42  1.5586E+45
  1.9950E-03  1.7517E+45  0.0000E+00  2.8857E+42  1.7488E+45
  2.2390E-03  1.9659E+45  0.0000E+00  3.1584E+42  1.9627E+45
  2.5120E-03  2.2062E+45  0.0000E+00  4.1606E+42  2.2020E+45
  2.8180E-03  2.4752E+45  0.0000E+00  5.0212E+42  2.4702E+45
  3.1620E-03  2.7776E+45  0.0000E+00  5.7108E+42  2.7718E+45
  3.5480E-03  3.1166E+45  0.0000E+00  6.2977E+42  3.1103E+45
  3.9810E-03  3.4966E+45  0.0000E+00  6.7782E+42  3.4898E+45
  4.4670E-03  3.9264E+45  0.0000E+00  1.0553E+43  3.9158E+45
  5.0120E-03  4.4068E+45  0.0000E+00  1.3161E+43  4.3936E+45
  5.6230E-03  4.9449E+45  0.0000E+00  1.5634E+43  4.9292E+45
  5.9570E-03  5.2388E+45  0.0000E+00  1.6794E+43  5.2220E+45
  6.6830E-03  5.8775E+45  0.0000E+00  1.8945E+43  5.8585E+45
  7.4990E-03  6.5949E+45  0.0000E+00  2.1046E+43  6.5738E+45
  8.4140E-03  7.3991E+45  0.0000E+00  2.3277E+43  7.3758E+45
  9.4410E-03  8.3013E+45  0.0000E+00  2.5212E+43  8.2761E+45
  1.0590E-02  9.3095E+45  0.0000E+00  2.6179E+43  9.2833E+45
  1.1890E-02  1.0453E+46  0.0000E+00  2.9644E+43  1.0423E+46
  1.3340E-02  1.1726E+46  0.0000E+00  3.1745E+43  1.1694E+46
  1.4960E-02  1.3149E+46  0.0000E+00  3.4479E+43  1.3114E+46
  1.6790E-02  1.4755E+46  0.0000E+00  3.6966E+43  1.4718E+46
  1.8840E-02  1.6555E+46  0.0000E+00  3.9215E+43  1.6515E+46
  2.1130E-02  1.8566E+46  0.0000E+00  4.2339E+43  1.8524E+46
  2.3710E-02  2.0830E+46  0.0000E+00  4.5374E+43  2.0785E+46
  2.6610E-02  2.3375E+46  0.0000E+00  4.8433E+43  2.3326E+46
  2.9850E-02  2.6218E+46  1.2002E-82  5.1366E+43  2.6166E+46
  3.3500E-02  2.9421E+46  7.6549E-68  5.4184E+43  2.9367E+46
  3.7580E-02  3.3001E+46  9.6047E-55  5.8941E+43  3.2942E+46
  4.2170E-02  3.7036E+46  4.1622E-43  6.9084E+43  3.6967E+46
  4.7320E-02  4.1552E+46  1.0925E-32  7.0682E+43  4.1482E+46
  5.3090E-02  4.3278E+46  1.9512E-23  6.5989E+43  4.3212E+46
  6.6830E-02  4.1315E+46  6.8534E-08  4.6639E+43  4.1268E+46
  7.4990E-02  4.0366E+46  2.2038E-01  3.8071E+43  4.0328E+46
  8.4140E-02  3.9448E+46  1.1604E+05  3.8139E+43  3.9410E+46
  9.4410E-02  3.8552E+46  1.3970E+10  3.8968E+43  3.8513E+46
  1.0590E-01  3.5099E+46  4.0197E+14  4.3669E+43  3.5055E+46
  1.1890E-01  2.9513E+46  3.1530E+18  4.5618E+43  2.9467E+46
  1.3340E-01  2.4843E+46  6.6508E+21  4.7074E+43  2.4795E+46
  1.4960E-01  2.0922E+46  7.7469E+24  4.3531E+43  2.0878E+46
  1.5850E-01  1.9185E+46  2.2887E+26  4.0222E+43  1.9145E+46
  1.7780E-01  1.6146E+46  1.1657E+29  3.1389E+43  1.6114E+46
  1.9950E-01  1.3577E+46  3.2636E+31  1.8512E+43  1.3558E+46
  2.2390E-01  1.1417E+46  3.8511E+33  1.3297E+43  1.1403E+46
  2.3710E-01  1.0479E+46  2.6205E+34  1.4857E+43  1.0464E+46
  2.5120E-01  9.6119E+45  1.5323E+35  1.6038E+43  9.5958E+45
  2.6610E-01  8.8173E+45  8.3217E+35  1.6051E+43  8.8012E+45
  2.8180E-01  8.0914E+45  4.1278E+36  1.5379E+43  8.0761E+45
  2.9850E-01  7.4224E+45  1.8622E+37  1.4519E+43  7.4079E+45
  3.1620E-01  6.8083E+45  7.5421E+37  1.3686E+43  6.7947E+45
  3.3500E-01  6.2437E+45  2.7867E+38  1.2841E+43  6.2308E+45
  3.5480E-01  5.7285E+45  9.4196E+38  1.1979E+43  5.7165E+45
  3.7580E-01  5.2553E+45  2.9428E+39  1.1106E+43  5.2442E+45
  3.9810E-01  4.8200E+45  8.4631E+39  1.0304E+43  4.8097E+45
  4.2170E-01  4.4212E+45  2.2352E+40  9.5166E+42  4.4116E+45
  4.4670E-01  4.0555E+45  5.4686E+40  8.8020E+42  4.0466E+45
  4.7320E-01  3.7197E+45  1.2572E+41  8.1070E+42  3.7115E+45
  5.0120E-01  3.4125E+45  2.7230E+41  7.4307E+42  3.4048E+45
  5.3090E-01  3.1305E+45  5.5854E+41  6.7659E+42  3.1232E+45
  5.6230E-01  2.8724E+45  1.0837E+42  6.1580E+42  2.8651E+45
  5.9570E-01  2.6352E+45  2.0020E+42  5.5891E+42  2.6276E+45
  6.3100E-01  2.4189E+45  3.5181E+42  5.0521E+42  2.4103E+45
  6.6830E-01  2.2218E+45  5.8895E+42  4.5431E+42  2.2114E+45
  7.0790E-01  2.0419E+45  9.4303E+42  4.0770E+42  2.0284E+45
  7.4990E-01  1.8786E+45  1.4467E+43  3.6534E+42  1.8605E+45
  7.9430E-01  1.7311E+45  2.1289E+43  3.2625E+42  1.7066E+45
  8.4140E-01  1.5984E+45  3.0165E+43  2.9011E+42  1.5653E+45
  8.9130E-01  1.4796E+45  4.1264E+43  2.5626E+42  1.4357E+45
  9.4410E-01  1.3738E+45  5.4533E+43  2.2530E+42  1.3170E+45
  1.0000E+00  1.2799E+45  6.9789E+43  1.9739E+42  1.2081E+45
  1.0590E+00  1.1970E+45  8.6658E+43  1.7254E+42  1.1086E+45
  1.1220E+00  1.1231E+45  1.0504E+44  1.5006E+42  1.0165E+45
  1.1890E+00  1.0576E+45  1.2447E+44  1.2952E+42  9.3183E+44
  1.2590E+00  1.0001E+45  1.4377E+44  1.1059E+42  8.5520E+44
  1.3340E+00  9.4781E+44  1.6276E+44  9.3706E+41  7.8411E+44
  1.4130E+00  9.0022E+44  1.8016E+44  7.9132E+41  7.1927E+44
  1.4960E+00  8.5650E+44  1.9558E+44  6.6461E+41  6.6026E+44
  1.5850E+00  8.1535E+44  2.0937E+44  5.5294E+41  6.0543E+44
  1.6790E+00  7.7610E+44  2.2035E+44  4.5449E+41  5.5530E+44
  1.7780E+00  7.3794E+44  2.2800E+44  3.6812E+41  5.0957E+44
  1.8840E+00  7.0039E+44  2.3291E+44  2.9341E+41  4.6719E+44
  1.9950E+00  6.6360E+44  2.3462E+44  2.3026E+41  4.2875E+44
  2.1130E+00  6.2710E+44  2.3360E+44  1.7799E+41  3.9333E+44
  2.2390E+00  5.9060E+44  2.2985E+44  1.3566E+41  3.6061E+44
  2.3710E+00  5.5460E+44  2.2358E+44  1.0219E+41  3.3092E+44
  2.5120E+00  5.1900E+44  2.1548E+44  7.6223E+40  3.0344E+44
  2.6610E+00  4.8403E+44  2.0566E+44  5.6395E+40  2.7832E+44
  2.8180E+00  4.4976E+44  1.9434E+44  4.1424E+40  2.5538E+44
  2.9850E+00  4.1642E+44  1.8212E+44  3.0246E+40  2.3426E+44
  3.1620E+00  3.8408E+44  1.6919E+44  2.1967E+40  2.1487E+44
  3.3500E+00  3.5350E+44  1.5645E+44  1.5907E+40  1.9704E+44
  3.5480E+00  3.2415E+44  1.4336E+44  1.1471E+40  1.8078E+44
  3.7580E+00  2.9644E+44  1.3060E+44  8.2456E+39  1.6583E+44
  3.9810E+00  2.7041E+44  1.1830E+44  5.9105E+39  1.5210E+44
  4.2170E+00  2.4608E+44  1.0657E+44  4.2268E+39  1.3951E+44
  4.4670E+00  2.2346E+44  9.5497E+43  3.0158E+39  1.2796E+44
  4.7320E+00  2.0265E+44  8.5285E+43  2.1473E+39  1.1737E+44
  5.0120E+00  1.8389E+44  7.5978E+43  1.5292E+39  1.0791E+44
  5.3090E+00  1.6355E+44  6.7528E+43  1.0660E+39  9.6024E+43
  5.6230E+00  1.4480E+44  5.9995E+43  7.3840E+38  8.4805E+43
  5.9570E+00  1.2769E+44  5.3374E+43  5.0853E+38  7.4316E+43
  6.3100E+00  1.1188E+44  4.7173E+43  3.4726E+38  6.4710E+43
  6.6830E+00  9.8130E+43  4.2116E+43  2.3641E+38  5.6014E+43
  7.0790E+00  8.5546E+43  3.7356E+43  1.5897E+38  4.8190E+43
  7.4990E+00  7.6545E+43  3.5316E+43  1.0836E+38  4.1229E+43
  7.9430E+00  7.8583E+43  4.3473E+43  8.4663E+37  3.5109E+43
  8.4140E+00  9.1317E+43  6.1565E+43  7.9744E+37  2.9752E+43
  8.9130E+00  1.0125E+44  7.6150E+43  7.6717E+37  2.5104E+43
  9.4410E+00  1.0759E+44  8.6493E+43  7.8544E+37  2.1101E+43
  1.0000E+01  8.8723E+43  7.1053E+43  5.5173E+37  1.7671E+43
  1.0590E+01  6.9492E+43  5.4734E+43  3.5704E+37  1.4758E+43
  1.1220E+01  5.2180E+43  3.9913E+43  2.0635E+37  1.2267E+43
  1.1890E+01  3.9818E+43  2.9659E+43  1.2144E+37  1.0159E+43
  1.2590E+01  3.0622E+43  2.2210E+43  7.0452E+36  8.4119E+42
  1.3340E+01  2.3962E+43  1.7030E+43  4.0917E+36  6.9319E+42
  1.4130E+01  1.9773E+43  1.4069E+43  2.4541E+36  5.7050E+42
  1.4960E+01  1.8259E+43  1.3567E+43  1.6856E+36  4.6919E+42
  1.5850E+01  1.7435E+43  1.3593E+43  1.2452E+36  3.8414E+42
  1.6790E+01  1.6808E+43  1.3667E+43  9.6438E+35  3.1409E+42
  1.7780E+01  1.5898E+43  1.3332E+43  7.5425E+35  2.5663E+42
  1.8840E+01  1.4400E+43  1.2311E+43  5.6574E+35  2.0888E+42
  1.9950E+01  1.2502E+43  1.0800E+43  3.9439E+35  1.7013E+42
  2.1130E+01  1.0808E+43  9.4252E+42  2.6461E+35  1.3827E+42
  2.2390E+01  9.4484E+42  8.3281E+42  1.7836E+35  1.1203E+42
  2.3710E+01  8.3370E+42  7.4284E+42  1.2062E+35  9.0864E+41
  2.5120E+01  7.3865E+42  6.6517E+42  8.1998E+34  7.3479E+41
  2.6610E+01  6.5490E+42  5.9551E+42  5.5649E+34  5.9383E+41
  2.8180E+01  5.7987E+42  5.3187E+42  3.7856E+34  4.7994E+41
  2.9850E+01  5.1038E+42  4.7166E+42  2.5693E+34  3.8717E+41
  3.1620E+01  4.4514E+42  4.1394E+42  1.7318E+34  3.1199E+41
  3.3500E+01  3.8385E+42  3.5875E+42  1.1579E+34  2.5106E+41
  3.5480E+01  3.2712E+42  3.0691E+42  7.6797E+33  2.0210E+41
  3.7580E+01  2.7493E+42  2.5867E+42  5.0380E+33  1.6253E+41
  3.9810E+01  2.2751E+42  2.1446E+42  3.2646E+33  1.3054E+41
  4.2170E+01  1.8575E+42  1.7527E+42  2.0911E+33  1.0479E+41
  4.4670E+01  1.4976E+42  1.4135E+42  1.3237E+33  8.4074E+40
  4.7320E+01  1.1940E+42  1.1266E+42  8.2948E+32  6.7400E+40
  5.0120E+01  9.4267E+41  8.8863E+41  5.1531E+32  5.4034E+40
  5.3090E+01  7.3727E+41  6.9399E+41  3.1753E+32  4.3282E+40
  5.6230E+01  5.7226E+41  5.3759E+41  1.9441E+32  3.4667E+40
  5.9570E+01  4.4066E+41  4.1293E+41  1.1822E+32  2.7728E+40
  6.3100E+01  3.3738E+41  3.1520E+41  7.1581E+31  2.2180E+40
  6.6830E+01  2.5701E+41  2.3927E+41  4.3189E+31  1.7744E+40
  7.0790E+01  1.9486E+41  1.8067E+41  2.5970E+31  1.4183E+40
  7.4990E+01  1.4708E+41  1.3575E+41  1.5573E+31  1.1329E+40
  7.9430E+01  1.1067E+41  1.0162E+41  9.3253E+30  9.0505E+39
  8.4140E+01  8.3009E+40  7.5784E+40  5.5742E+30  7.2256E+39
  8.9130E+01  6.2135E+40  5.6368E+40  3.3308E+30  5.7665E+39
  9.4410E+01  4.6424E+40  4.1822E+40  1.9900E+30  4.6021E+39
  1.0000E+02  3.4624E+40  3.0951E+40  1.1888E+30  3.6722E+39
  1.0590E+02  2.5814E+40  2.2883E+40  7.1117E+29  2.9317E+39
  1.1220E+02  1.9224E+40  1.6889E+40  4.2529E+29  2.3358E+39
  1.1890E+02  1.4334E+40  1.2475E+40  2.5485E+29  1.8590E+39
  1.2590E+02  1.0754E+40  9.2697E+39  1.5376E+29  1.4838E+39
  1.3340E+02  8.0886E+39  6.9075E+39  9.3106E+28  1.1811E+39
  1.4130E+02  6.0480E+39  5.1068E+39  5.6435E+28  9.4117E+38
  1.4960E+02  4.4481E+39  3.6968E+39  3.3858E+28  7.5121E+38
  1.5850E+02  3.2532E+39  2.6554E+39  2.0200E+28  5.9781E+38
  1.7780E+02  1.7617E+39  1.3823E+39  7.2819E+27  3.7942E+38
  1.9950E+02  9.6141E+38  7.2097E+38  2.6545E+27  2.4043E+38
  2.2390E+02  5.2739E+38  3.7523E+38  9.7673E+26  1.5216E+38
  2.5120E+02  2.9136E+38  1.9498E+38  3.6305E+26  9.6376E+37
  2.8180E+02  1.6209E+38  1.0104E+38  1.3615E+26  6.1043E+37
  3.1620E+02  9.0790E+37  5.2172E+37  5.1426E+25  3.8617E+37
  3.5480E+02  5.1293E+37  2.6872E+37  1.9562E+25  2.4421E+37
  3.9810E+02  2.9249E+37  1.3807E+37  7.4946E+24  1.5442E+37
  4.4670E+02  1.6838E+37  7.0781E+36  2.8882E+24  9.7603E+36
  5.0120E+02  9.7916E+36  3.6221E+36  1.1193E+24  6.1695E+36
  5.6230E+02  5.7513E+36  1.8510E+36  4.3582E+23  3.9003E+36
  6.3100E+02  3.4064E+36  9.4349E+35  1.7024E+23  2.4629E+36
  7.0790E+02  2.0375E+36  4.8070E+35  6.6798E+22  1.5568E+36
  7.9430E+02  1.2277E+36  2.4440E+35  2.6264E+22  9.8325E+35
  8.9130E+02  7.4484E+35  1.2407E+35  1.0348E+22  6.2077E+35
  1.0000E+03  4.5507E+35  6.2938E+34  4.0881E+21  3.9214E+35
