  1.0000E-03  8.9227E+44  0.0000E+00  1.5649E+43  8.7662E+44
  1.1220E-03  1.0009E+45  0.0000E+00  1.7324E+43  9.8357E+44
  1.2590E-03  1.1220E+45  0.0000E+00  1.8318E+43  1.1037E+45
  1.4130E-03  1.2574E+45  0.0000E+00  1.8662E+43  1.2387E+45
  1.5850E-03  1.4083E+45  0.0000E+00  1.8907E+43  1.3894E+45
  1.7780E-03  1.5811E+45  0.0000E+00  2.2513E+43  1.5586E+45
  1.9950E-03  1.7715E+45  0.0000E+00  2.2638E+43  1.7488E+45
  2.2390E-03  1.9840E+45  0.0000E+00  2.1244E+43  1.9627E+45
  2.5120E-03  2.2284E+45  0.0000E+00  2.6357E+43  2.2020E+45
  2.8180E-03  2.4961E+45  0.0000E+00  2.5860E+43  2.4702E+45
  3.1620E-03  2.7968E+45  0.0000E+00  2.4919E+43  2.7718E+45
  3.5480E-03  3.1342E+45  0.0000E+00  2.3869E+43  3.1103E+45
  3.9810E-03  3.5127E+45  0.0000E+00  2.2834E+43  3.4898E+45
  4.4670E-03  3.9889E+45  0.0000E+00  7.3106E+43  3.9158E+45
  5.0120E-03  4.4652E+45  0.0000E+00  7.1606E+43  4.3936E+45
  5.6230E-03  4.9984E+45  0.0000E+00  6.9151E+43  4.9292E+45
  5.9570E-03  5.2899E+45  0.0000E+00  6.7909E+43  5.2220E+45
  6.6830E-03  5.9246E+45  0.0000E+00  6.6095E+43  5.8585E+45
  7.4990E-03  6.6396E+45  0.0000E+00  6.5753E+43  6.5738E+45
  8.4140E-03  7.4410E+45  0.0000E+00  6.5101E+43  7.3758E+45
  9.4410E-03  8.3408E+45  0.0000E+00  6.4744E+43  8.2761E+45
  1.0590E-02  9.3473E+45  0.0000E+00  6.3982E+43  9.2833E+45
  1.1890E-02  1.0490E+46  0.0000E+00  6.7111E+43  1.0423E+46
  1.3340E-02  1.1762E+46  0.0000E+00  6.7830E+43  1.1694E+46
  1.4960E-02  1.3183E+46  0.0000E+00  6.9189E+43  1.3114E+46
  1.6790E-02  1.4789E+46  0.0000E+00  7.0415E+43  1.4718E+46
  1.8840E-02  1.6587E+46  0.0000E+00  7.1730E+43  1.6515E+46
  2.1130E-02  1.8598E+46  0.0000E+00  7.4326E+43  1.8524E+46
  2.3710E-02  2.0861E+46  0.0000E+00  7.6831E+43  2.0785E+46
  2.6610E-02  2.3406E+46  0.0000E+00  7.9396E+43  2.3326E+46
  2.9850E-02  2.6249E+46  6.7705E-83  8.2160E+43  2.6166E+46
  3.3500E-02  2.9452E+46  4.2563E-68  8.5056E+43  2.9367E+46
  3.7580E-02  3.3034E+46  5.3244E-55  9.1375E+43  3.2942E+46
  4.2170E-02  3.7076E+46  2.2830E-43  1.0858E+44  3.6967E+46
  4.7320E-02  4.1595E+46  5.8706E-33  1.1305E+44  4.1482E+46
  5.3090E-02  4.3323E+46  1.0315E-23  1.1059E+44  4.3212E+46
  6.6830E-02  4.1369E+46  3.4751E-08  1.0074E+44  4.1268E+46
  7.4990E-02  4.0429E+46  1.1020E-01  1.0040E+44  4.0328E+46
  8.4140E-02  3.9505E+46  5.6719E+04  9.5172E+43  3.9410E+46
  9.4410E-02  3.8605E+46  6.6957E+09  9.2329E+43  3.8513E+46
  1.0590E-01  3.5141E+46  1.8685E+14  8.5793E+43  3.5055E+46
  1.1890E-01  2.9538E+46  1.5063E+18  7.0656E+43  2.9467E+46
  1.3340E-01  2.4859E+46  3.3782E+21  6.3794E+43  2.4795E+46
  1.4960E-01  2.0933E+46  4.0571E+24  5.4432E+43  2.0878E+46
  1.5850E-01  1.9194E+46  1.2040E+26  4.8835E+43  1.9145E+46
  1.7780E-01  1.6151E+46  6.0599E+28  3.6710E+43  1.6114E+46
  1.9950E-01  1.3582E+46  1.6340E+31  2.3726E+43  1.3558E+46
  2.2390E-01  1.1425E+46  1.8594E+33  2.1754E+43  1.1403E+46
  2.3710E-01  1.0487E+46  1.2962E+34  2.2803E+43  1.0464E+46
  2.5120E-01  9.6191E+45  7.8996E+34  2.3241E+43  9.5958E+45
  2.6610E-01  8.8241E+45  4.4303E+35  2.2924E+43  8.8012E+45
  2.8180E-01  8.0983E+45  2.2531E+36  2.2184E+43  8.0761E+45
  2.9850E-01  7.4293E+45  1.0376E+37  2.1407E+43  7.4079E+45
  3.1620E-01  6.8155E+45  4.2837E+37  2.0836E+43  6.7947E+45
  3.3500E-01  6.2511E+45  1.6115E+38  2.0316E+43  6.2308E+45
  3.5480E-01  5.7362E+45  5.5364E+38  1.9759E+43  5.7165E+45
  3.7580E-01  5.2634E+45  1.7589E+39  1.9209E+43  5.2442E+45
  3.9810E-01  4.8285E+45  5.1385E+39  1.8714E+43  4.8097E+45
  4.2170E-01  4.4300E+45  1.3826E+40  1.8318E+43  4.4116E+45
  4.4670E-01  4.0647E+45  3.4477E+40  1.8019E+43  4.0466E+45
  4.7320E-01  3.7293E+45  8.0845E+40  1.7714E+43  3.7115E+45
  5.0120E-01  3.4223E+45  1.7870E+41  1.7371E+43  3.4048E+45
  5.3090E-01  3.1406E+45  3.7468E+41  1.7005E+43  3.1232E+45
  5.6230E-01  2.8825E+45  7.4254E+41  1.6632E+43  2.8651E+45
  5.9570E-01  2.6452E+45  1.4011E+42  1.6242E+43  2.6276E+45
  6.3100E-01  2.4287E+45  2.5176E+42  1.5849E+43  2.4103E+45
  6.6830E-01  2.2311E+45  4.3136E+42  1.5434E+43  2.2114E+45
  7.0790E-01  2.0506E+45  7.0768E+42  1.5051E+43  2.0284E+45
  7.4990E-01  1.8863E+45  1.1125E+43  1.4674E+43  1.8605E+45
  7.9430E-01  1.7377E+45  1.6800E+43  1.4310E+43  1.7066E+45
  8.4140E-01  1.6037E+45  2.4467E+43  1.3953E+43  1.5653E+45
  8.9130E-01  1.4839E+45  3.4520E+43  1.3619E+43  1.4357E+45
  9.4410E-01  1.3774E+45  4.7105E+43  1.3274E+43  1.3170E+45
  1.0000E+00  1.2832E+45  6.2205E+43  1.2888E+43  1.2081E+45
  1.0590E+00  1.2008E+45  7.9700E+43  1.2489E+43  1.1086E+45
  1.1220E+00  1.1283E+45  9.9744E+43  1.2063E+43  1.0165E+45
  1.1890E+00  1.0656E+45  1.2214E+44  1.1590E+43  9.3183E+44
  1.2590E+00  1.0123E+45  1.4608E+44  1.1056E+43  8.5520E+44
  1.3340E+00  9.6564E+44  1.7108E+44  1.0462E+43  7.8411E+44
  1.4130E+00  9.2448E+44  1.9539E+44  9.8259E+42  7.1927E+44
  1.4960E+00  8.8787E+44  2.1846E+44  9.1511E+42  6.6026E+44
  1.5850E+00  8.5444E+44  2.4057E+44  8.4315E+42  6.0543E+44
  1.6790E+00  8.2338E+44  2.6040E+44  7.6721E+42  5.5530E+44
  1.7780E+00  7.9358E+44  2.7714E+44  6.8755E+42  5.0957E+44
  1.8840E+00  7.6433E+44  2.9108E+44  6.0570E+42  4.6719E+44
  1.9950E+00  7.3546E+44  3.0147E+44  5.2431E+42  4.2875E+44
  2.1130E+00  7.0630E+44  3.0852E+44  4.4592E+42  3.9333E+44
  2.2390E+00  6.7636E+44  3.1202E+44  3.7285E+42  3.6061E+44
  2.3710E+00  6.4602E+44  3.1204E+44  3.0701E+42  3.3092E+44
  2.5120E+00  6.1524E+44  3.0931E+44  2.4951E+42  3.0344E+44
  2.6610E+00  5.8420E+44  3.0387E+44  2.0047E+42  2.7832E+44
  2.8180E+00  5.5291E+44  2.9593E+44  1.5941E+42  2.5538E+44
  2.9850E+00  5.2173E+44  2.8621E+44  1.2566E+42  2.3426E+44
  3.1620E+00  4.9067E+44  2.7482E+44  9.8275E+41  2.1487E+44
  3.3500E+00  4.6078E+44  2.6298E+44  7.6375E+41  1.9704E+44
  3.5480E+00  4.3123E+44  2.4986E+44  5.8972E+41  1.8078E+44
  3.7580E+00  4.0269E+44  2.3640E+44  4.5265E+41  1.6583E+44
  3.9810E+00  3.7518E+44  2.2274E+44  3.4549E+41  1.5210E+44
  4.2170E+00  3.4882E+44  2.0904E+44  2.6234E+41  1.3951E+44
  4.4670E+00  3.2367E+44  1.9551E+44  1.9819E+41  1.2796E+44
  4.7320E+00  2.9991E+44  1.8240E+44  1.4891E+41  1.1737E+44
  5.0120E+00  2.7787E+44  1.6985E+44  1.1146E+41  1.0791E+44
  5.3090E+00  2.5396E+44  1.5785E+44  8.1984E+40  9.6024E+43
  5.6230E+00  2.3142E+44  1.4655E+44  5.9836E+40  8.4805E+43
  5.9570E+00  2.1043E+44  1.3607E+44  4.3359E+40  7.4316E+43
  6.3100E+00  1.9036E+44  1.2562E+44  3.1127E+40  6.4710E+43
  6.6830E+00  1.7300E+44  1.1697E+44  2.2302E+40  5.6014E+43
  7.0790E+00  1.5654E+44  1.0834E+44  1.5780E+40  4.8190E+43
  7.4990E+00  1.4358E+44  1.0234E+44  1.0993E+40  4.1229E+43
  7.9430E+00  1.4096E+44  1.0584E+44  7.6629E+39  3.5109E+43
  8.4140E+00  1.4718E+44  1.1742E+44  5.7376E+39  2.9752E+43
  8.9130E+00  1.4986E+44  1.2475E+44  4.6260E+39  2.5104E+43
  9.4410E+00  1.4890E+44  1.2779E+44  4.1515E+39  2.1101E+43
  1.0000E+01  1.3085E+44  1.1317E+44  3.2555E+39  1.7671E+43
  1.0590E+01  1.1249E+44  9.7727E+43  2.4691E+39  1.4758E+43
  1.1220E+01  9.5368E+43  8.3099E+43  1.7431E+39  1.2267E+43
  1.1890E+01  8.1532E+43  7.1372E+43  1.2269E+39  1.0159E+43
  1.2590E+01  7.0688E+43  6.2276E+43  8.5117E+38  8.4119E+42
  1.3340E+01  6.2062E+43  5.5130E+43  5.8164E+38  6.9319E+42
  1.4130E+01  5.6017E+43  5.0312E+43  3.9242E+38  5.7050E+42
  1.4960E+01  5.3286E+43  4.8593E+43  2.7638E+38  4.6919E+42
  1.5850E+01  5.1616E+43  4.7774E+43  2.0475E+38  3.8414E+42
  1.6790E+01  5.0337E+43  4.7196E+43  1.5866E+38  3.1409E+42
  1.7780E+01  4.8764E+43  4.6198E+43  1.2697E+38  2.5663E+42
  1.8840E+01  4.6407E+43  4.4319E+43  1.0174E+38  2.0888E+42
  1.9950E+01  4.3351E+43  4.1650E+43  7.9007E+37  1.7013E+42
  2.1130E+01  4.0301E+43  3.8918E+43  5.9343E+37  1.3827E+42
  2.2390E+01  3.7448E+43  3.6327E+43  4.4284E+37  1.1203E+42
  2.3710E+01  3.4725E+43  3.3816E+43  3.2794E+37  9.0864E+41
  2.5120E+01  3.1985E+43  3.1250E+43  2.4152E+37  7.3479E+41
  2.6610E+01  2.9211E+43  2.8617E+43  1.7592E+37  5.9383E+41
  2.8180E+01  2.6413E+43  2.5933E+43  1.2716E+37  4.7994E+41
  2.9850E+01  2.3574E+43  2.3187E+43  9.0917E+36  3.8717E+41
  3.1620E+01  2.0737E+43  2.0425E+43  6.4101E+36  3.1199E+41
  3.3500E+01  1.7959E+43  1.7708E+43  4.4540E+36  2.5106E+41
  3.5480E+01  1.5321E+43  1.5119E+43  3.0518E+36  2.0210E+41
  3.7580E+01  1.2863E+43  1.2700E+43  2.0594E+36  1.6253E+41
  3.9810E+01  1.0619E+43  1.0489E+43  1.3686E+36  1.3054E+41
  4.2170E+01  8.6386E+42  8.5338E+42  8.9618E+35  1.0479E+41
  4.4670E+01  6.9321E+42  6.8480E+42  5.7803E+35  8.4074E+40
  4.7320E+01  5.4949E+42  5.4275E+42  3.6786E+35  6.7400E+40
  5.0120E+01  4.3090E+42  4.2550E+42  2.3133E+35  5.4034E+40
  5.3090E+01  3.3440E+42  3.3007E+42  1.4382E+35  4.3282E+40
  5.6230E+01  2.5731E+42  2.5384E+42  8.8551E+34  3.4667E+40
  5.9570E+01  1.9624E+42  1.9347E+42  5.3984E+34  2.7728E+40
  6.3100E+01  1.4870E+42  1.4648E+42  3.2669E+34  2.2180E+40
  6.6830E+01  1.1204E+42  1.1026E+42  1.9643E+34  1.7744E+40
  7.0790E+01  8.3956E+41  8.2537E+41  1.1738E+34  1.4183E+40
  7.4990E+01  6.2600E+41  6.1467E+41  6.9755E+33  1.1329E+40
  7.9430E+01  4.6507E+41  4.5602E+41  4.1290E+33  9.0505E+39
  8.4140E+01  3.4427E+41  3.3704E+41  2.4338E+33  7.2256E+39
  8.9130E+01  2.5423E+41  2.4846E+41  1.4309E+33  5.7665E+39
  9.4410E+01  1.8733E+41  1.8273E+41  8.3923E+32  4.6021E+39
  1.0000E+02  1.3774E+41  1.3407E+41  4.9111E+32  3.6722E+39
  1.0590E+02  1.0122E+41  9.8287E+40  2.8725E+32  2.9317E+39
  1.1220E+02  7.4276E+40  7.1940E+40  1.6770E+32  2.3358E+39
  1.1890E+02  5.4568E+40  5.2709E+40  9.8016E+31  1.8590E+39
  1.2590E+02  4.0352E+40  3.8868E+40  5.7677E+31  1.4838E+39
  1.3340E+02  2.9932E+40  2.8751E+40  3.4090E+31  1.1811E+39
  1.4130E+02  2.2048E+40  2.1107E+40  2.0086E+31  9.4117E+38
  1.4960E+02  1.5923E+40  1.5172E+40  1.1601E+31  7.5121E+38
  1.5850E+02  1.1423E+40  1.0825E+40  6.6396E+30  5.9781E+38
  1.7780E+02  5.9462E+39  5.5668E+39  2.1987E+30  3.7942E+38
  1.9950E+02  3.1125E+39  2.8721E+39  7.3334E+29  2.4043E+38
  2.2390E+02  1.6322E+39  1.4801E+39  2.4571E+29  1.5216E+38
  2.5120E+02  8.5869E+38  7.6232E+38  8.2807E+28  9.6376E+37
  2.8180E+02  4.5295E+38  3.9191E+38  2.8067E+28  6.1043E+37
  3.1620E+02  2.3953E+38  2.0092E+38  9.5669E+27  3.8617E+37
  3.5480E+02  1.2724E+38  1.0282E+38  3.2851E+27  2.4421E+37
  3.9810E+02  6.7973E+37  5.2531E+37  1.1382E+27  1.5442E+37
  4.4670E+02  3.6553E+37  2.6793E+37  3.9814E+26  9.7603E+36
  5.0120E+02  1.9818E+37  1.3649E+37  1.4076E+26  6.1695E+36
  5.6230E+02  1.0847E+37  6.9468E+36  5.0323E+25  3.9003E+36
  6.3100E+02  5.9911E+36  3.5282E+36  1.8180E+25  2.4629E+36
  7.0790E+02  3.3487E+36  1.7919E+36  6.6488E+24  1.5568E+36
  7.9430E+02  1.8917E+36  9.0847E+35  2.4561E+24  9.8325E+35
  8.9130E+02  1.0808E+36  4.6001E+35  9.1635E+23  6.2077E+35
  1.0000E+03  6.2498E+35  2.3284E+35  3.4537E+23  3.9214E+35
