  1.0000E-03  1.1656E+44  0.0000E+00  8.5332E+42  1.0803E+44
  1.1220E-03  8.0097E+43  0.0000E+00  8.7575E+42  7.1339E+43
  1.2590E-03  5.4021E+43  0.0000E+00  8.4901E+42  4.5531E+43
  1.4130E-03  3.6192E+43  0.0000E+00  7.8628E+42  2.8330E+43
  1.5850E-03  2.6567E+43  0.0000E+00  7.3607E+42  1.9207E+43
  1.7780E-03  2.6720E+43  0.0000E+00  8.7187E+42  1.8002E+43
  1.9950E-03  1.4882E+43  0.0000E+00  7.3279E+42  7.5545E+42
  2.2390E-03  9.9786E+42  0.0000E+00  5.9987E+42  3.9799E+42
  2.5120E-03  1.0409E+43  0.0000E+00  7.2326E+42  3.1764E+42
  2.8180E-03  6.2075E+42  0.0000E+00  5.3283E+42  8.7919E+41
  3.1620E-03  4.2204E+42  0.0000E+00  3.9396E+42  2.8077E+41
  3.5480E-03  3.0191E+42  0.0000E+00  2.9226E+42  9.6506E+40
  3.9810E-03  2.2448E+42  0.0000E+00  2.2078E+42  3.6996E+40
  4.4670E-03  1.7508E+43  0.0000E+00  1.4359E+43  3.1491E+42
  5.0120E-03  1.1389E+43  0.0000E+00  1.0614E+43  7.7531E+41
  5.6230E-03  7.8798E+42  0.0000E+00  7.6866E+42  1.9317E+41
  5.9570E-03  6.6594E+42  0.0000E+00  6.5597E+42  9.9631E+40
  6.6830E-03  4.9775E+42  0.0000E+00  4.9467E+42  3.0853E+40
  7.4990E-03  4.0467E+42  0.0000E+00  4.0343E+42  1.2432E+40
  8.4140E-03  3.1150E+42  0.0000E+00  3.1108E+42  4.1616E+39
  9.4410E-03  2.5269E+42  0.0000E+00  2.5252E+42  1.7588E+39
  1.0590E-02  2.2578E+42  0.0000E+00  2.2565E+42  1.2390E+39
  1.1890E-02  1.9148E+42  0.0000E+00  1.9144E+42  4.6388E+38
  1.3340E-02  1.6216E+42  0.0000E+00  1.6213E+42  2.2670E+38
  1.4960E-02  1.3310E+42  0.0000E+00  1.3309E+42  8.9364E+37
  1.6790E-02  1.1044E+42  0.0000E+00  1.1043E+42  3.8640E+37
  1.8840E-02  9.3388E+41  0.0000E+00  9.3386E+41  1.8802E+37
  2.1130E-02  7.9807E+41  0.0000E+00  7.9806E+41  8.2466E+36
  2.3710E-02  6.7036E+41  0.0000E+00  6.7035E+41  3.4850E+36
  2.6610E-02  5.5097E+41  0.0000E+00  5.5097E+41  1.3496E+36
  2.9850E-02  4.5320E+41  0.0000E+00  4.5319E+41  5.3035E+35
  3.3500E-02  3.7055E+41  2.7378E-78  3.7055E+41  2.0481E+35
  3.7580E-02  3.7308E+41  2.6558E-65  3.7308E+41  1.7336E+35
  4.2170E-02  3.6196E+41  4.3649E-54  3.6196E+41  6.6087E+34
  4.7320E-02  2.2020E+41  1.1871E-44  2.2020E+41  5.8486E+33
  5.3090E-02  1.1478E+41  1.4210E-36  1.1478E+41  2.9267E+32
  6.6830E-02  1.0262E+40  1.2293E-25  1.0262E+40  1.7870E+27
  7.4990E-02  2.0320E+39  4.8928E-22  2.0320E+39  8.2807E+23
  8.4140E-02  2.8229E+39  1.3723E-15  2.8229E+39  5.4519E+24
  9.4410E-02  3.7545E+39  5.3046E-10  3.7545E+39  2.0105E+25
  1.0590E-01  1.1461E+40  1.6932E-03  1.1461E+40  3.9038E+27
  1.1890E-01  3.4038E+40  2.6640E+03  3.4038E+40  1.4374E+30
  1.3340E-01  7.6317E+40  2.5872E+08  7.6317E+40  9.9617E+31
  1.4960E-01  1.1547E+41  3.6652E+12  1.1547E+41  1.4491E+33
  1.5850E-01  1.1994E+41  1.7240E+14  1.1994E+41  2.2353E+33
  1.7780E-01  8.8795E+40  4.2551E+16  8.8795E+40  7.8217E+32
  1.9950E-01  2.2279E+40  1.4119E+17  2.2279E+40  3.9588E+30
  2.2390E-01  9.3127E+39  1.1937E+18  9.3127E+39  1.4911E+29
  2.3710E-01  2.0882E+40  2.2688E+20  2.0882E+40  5.9537E+30
  2.5120E-01  4.6550E+40  4.3117E+22  4.6550E+40  2.7911E+32
  2.6610E-01  7.7321E+40  2.5184E+24  7.7321E+40  3.6840E+33
  2.8180E-01  1.0812E+41  7.0379E+25  1.0812E+41  2.3217E+34
  2.9850E-01  1.3970E+41  1.2523E+27  1.3970E+41  9.7528E+34
  3.1620E-01  1.7724E+41  1.7463E+28  1.7724E+41  3.5018E+35
  3.3500E-01  2.2110E+41  2.0155E+29  2.2109E+41  1.1227E+36
  3.5480E-01  2.6861E+41  1.8986E+30  2.6861E+41  3.1608E+36
  3.7580E-01  3.2596E+41  1.6331E+31  3.2595E+41  8.7305E+36
  3.9810E-01  3.9000E+41  1.1862E+32  3.8998E+41  2.1890E+37
  4.2170E-01  4.7724E+41  8.5075E+32  4.7718E+41  5.9108E+37
  4.4670E-01  5.8422E+41  5.4618E+33  5.8407E+41  1.5333E+38
  4.7320E-01  7.1243E+41  3.2283E+34  7.1205E+41  3.8750E+38
  5.0120E-01  8.6154E+41  1.7434E+35  8.6059E+41  9.4398E+38
  5.3090E-01  1.0436E+42  8.9899E+35  1.0413E+42  2.3094E+39
  5.6230E-01  1.2432E+42  4.0801E+36  1.2380E+42  5.2144E+39
  5.9570E-01  1.4652E+42  1.6896E+37  1.4540E+42  1.1209E+40
  6.3100E-01  1.7217E+42  6.5504E+37  1.6981E+42  2.3616E+40
  6.6830E-01  2.0173E+42  2.3778E+38  1.9683E+42  4.8688E+40
  7.0790E-01  2.3635E+42  8.0379E+38  2.2654E+42  9.7284E+40
  7.4990E-01  2.7568E+42  2.4806E+39  2.5701E+42  1.8423E+41
  7.9430E-01  3.2363E+42  7.1582E+39  2.8903E+42  3.3890E+41
  8.4140E-01  3.8524E+42  1.9488E+40  3.2244E+42  6.0848E+41
  8.9130E-01  4.7317E+42  5.1271E+40  3.5893E+42  1.0912E+42
  9.4410E-01  5.9731E+42  1.2659E+41  3.9530E+42  1.8935E+42
  1.0000E+00  7.6890E+42  2.8850E+41  4.2828E+42  3.1177E+42
  1.0590E+00  1.0098E+43  6.1160E+41  4.5813E+42  4.9054E+42
  1.1220E+00  1.3515E+43  1.2254E+42  4.8437E+42  7.4457E+42
  1.1890E+00  1.8361E+43  2.3356E+42  5.0595E+42  1.0966E+43
  1.2590E+00  2.5298E+43  4.2530E+42  5.2194E+42  1.5826E+43
  1.3340E+00  3.4623E+43  7.3353E+42  5.3018E+42  2.1986E+43
  1.4130E+00  4.6357E+43  1.1852E+43  5.3016E+42  2.9204E+43
  1.4960E+00  6.0772E+43  1.8135E+43  5.2202E+42  3.7417E+43
  1.5850E+00  7.8226E+43  2.6638E+43  5.0565E+42  4.6531E+43
  1.6790E+00  9.8955E+43  3.7614E+43  4.8097E+42  5.6531E+43
  1.7780E+00  1.2277E+44  5.1107E+43  4.4784E+42  6.7186E+43
  1.8840E+00  1.4911E+44  6.7076E+43  4.0742E+42  7.7964E+43
  1.9950E+00  1.7697E+44  8.4869E+43  3.6174E+42  8.8479E+43
  2.1130E+00  2.0502E+44  1.0380E+44  3.1350E+42  9.8086E+43
  2.2390E+00  2.3177E+44  1.2282E+44  2.6538E+42  1.0630E+44
  2.3710E+00  2.5585E+44  1.4072E+44  2.1979E+42  1.1292E+44
  2.5120E+00  2.7619E+44  1.5680E+44  1.7862E+42  1.1760E+44
  2.6610E+00  2.9204E+44  1.7015E+44  1.4272E+42  1.2046E+44
  2.8180E+00  3.0297E+44  1.8017E+44  1.1228E+42  1.2168E+44
  2.9850E+00  3.0900E+44  1.8681E+44  8.7170E+41  1.2132E+44
  3.1620E+00  3.1032E+44  1.8996E+44  6.6873E+41  1.1969E+44
  3.3500E+00  3.0763E+44  1.9027E+44  5.0843E+41  1.1685E+44
  3.5480E+00  3.0113E+44  1.8743E+44  3.8280E+41  1.1332E+44
  3.7580E+00  2.9165E+44  1.8225E+44  2.8590E+41  1.0912E+44
  3.9810E+00  2.7976E+44  1.7512E+44  2.1201E+41  1.0443E+44
  4.2170E+00  2.6605E+44  1.6645E+44  1.5620E+41  9.9445E+43
  4.4670E+00  2.5110E+44  1.5670E+44  1.1441E+41  9.4289E+43
  4.7320E+00  2.3552E+44  1.4641E+44  8.3350E+40  8.9027E+43
  5.0120E+00  2.1998E+44  1.3596E+44  6.0530E+40  8.3956E+43
  5.3090E+00  2.0197E+44  1.2556E+44  4.3244E+40  7.6366E+43
  5.6230E+00  1.8433E+44  1.1557E+44  3.0701E+40  6.8727E+43
  5.9570E+00  1.6742E+44  1.0621E+44  2.1683E+40  6.1190E+43
  6.3100E+00  1.5091E+44  9.6841E+43  1.5174E+40  5.4050E+43
  6.6830E+00  1.3635E+44  8.8993E+43  1.0617E+40  4.7349E+43
  7.0790E+00  1.2240E+44  8.1205E+43  7.3342E+39  4.1185E+43
  7.4990E+00  1.1239E+44  7.7297E+43  5.1601E+39  3.5090E+43
  7.9430E+00  1.1472E+44  8.6997E+43  4.1913E+39  2.7716E+43
  8.4140E+00  1.2245E+44  1.0256E+44  3.9599E+39  1.9884E+43
  8.9130E+00  1.2100E+44  1.0685E+44  3.6957E+39  1.4139E+43
  9.4410E+00  1.1367E+44  1.0360E+44  3.6241E+39  1.0067E+43
  1.0000E+01  1.0172E+44  9.2610E+43  2.6929E+39  9.1089E+42
  1.0590E+01  8.9087E+43  8.0577E+43  1.8715E+39  8.5080E+42
  1.1220E+01  7.5716E+43  6.7709E+43  1.1679E+39  8.0064E+42
  1.1890E+01  6.3586E+43  5.6327E+43  7.3099E+38  7.2589E+42
  1.2590E+01  5.3308E+43  4.6836E+43  4.4942E+38  6.4716E+42
  1.3340E+01  4.4933E+43  3.9301E+43  2.7546E+38  5.6326E+42
  1.4130E+01  3.9178E+43  3.4410E+43  1.7328E+38  4.7684E+42
  1.4960E+01  3.6781E+43  3.2915E+43  1.2310E+38  3.8661E+42
  1.5850E+01  3.5254E+43  3.2173E+43  9.3602E+37  3.0813E+42
  1.6790E+01  3.3971E+43  3.1527E+43  7.4430E+37  2.4438E+42
  1.7780E+01  3.2421E+43  3.0466E+43  6.0082E+37  1.9554E+42
  1.8840E+01  3.0297E+43  2.8704E+43  4.7184E+37  1.5923E+42
  1.9950E+01  2.7731E+43  2.6405E+43  3.4958E+37  1.3262E+42
  2.1130E+01  2.5320E+43  2.4215E+43  2.5017E+37  1.1047E+42
  2.2390E+01  2.3214E+43  2.2301E+43  1.7946E+37  9.1330E+41
  2.3710E+01  2.1334E+43  2.0581E+43  1.2870E+37  7.5347E+41
  2.5120E+01  1.9543E+43  1.8925E+43  9.2379E+36  6.1815E+41
  2.6610E+01  1.7799E+43  1.7293E+43  6.5872E+36  5.0605E+41
  2.8180E+01  1.6080E+43  1.5666E+43  4.6798E+36  4.1366E+41
  2.9850E+01  1.4354E+43  1.4017E+43  3.2972E+36  3.3715E+41
  3.1620E+01  1.2633E+43  1.2358E+43  2.2938E+36  2.7433E+41
  3.3500E+01  1.0943E+43  1.0720E+43  1.5738E+36  2.2279E+41
  3.5480E+01  9.3317E+42  9.1508E+42  1.0651E+36  1.8091E+41
  3.7580E+01  7.8260E+42  7.6792E+42  7.0970E+35  1.4673E+41
  3.9810E+01  6.4495E+42  6.3306E+42  4.6536E+35  1.1887E+41
  4.2170E+01  5.2349E+42  5.1386E+42  3.0057E+35  9.6232E+40
  4.4670E+01  4.1902E+42  4.1124E+42  1.9124E+35  7.7834E+40
  4.7320E+01  3.3130E+42  3.2502E+42  1.2012E+35  6.2876E+40
  5.0120E+01  2.5916E+42  2.5409E+42  7.4602E+34  5.0768E+40
  5.3090E+01  2.0067E+42  1.9657E+42  4.5845E+34  4.0936E+40
  5.6230E+01  1.5411E+42  1.5081E+42  2.7930E+34  3.2986E+40
  5.9570E+01  1.1736E+42  1.1470E+42  1.6866E+34  2.6529E+40
  6.3100E+01  8.8828E+41  8.6696E+41  1.0122E+34  2.1327E+40
  6.6830E+01  6.6884E+41  6.5170E+41  6.0423E+33  1.7137E+40
  7.0790E+01  5.0109E+41  4.8734E+41  3.5887E+33  1.3752E+40
  7.4990E+01  3.7372E+41  3.6270E+41  2.1221E+33  1.1024E+40
  7.9430E+01  2.7783E+41  2.6899E+41  1.2511E+33  8.8340E+39
  8.4140E+01  2.0587E+41  1.9880E+41  7.3515E+32  7.0723E+39
  8.9130E+01  1.5224E+41  1.4658E+41  4.3125E+32  5.6580E+39
  9.4410E+01  1.1238E+41  1.0785E+41  2.5258E+32  4.5252E+39
  1.0000E+02  8.2800E+40  7.9183E+40  1.4771E+32  3.6177E+39
  1.0590E+02  6.0991E+40  5.8098E+40  8.6397E+31  2.8930E+39
  1.1220E+02  4.4880E+40  4.2571E+40  5.0474E+31  2.3083E+39
  1.1890E+02  3.3074E+40  3.1235E+40  2.9541E+31  1.8395E+39
  1.2590E+02  2.4544E+40  2.3074E+40  1.7417E+31  1.4699E+39
  1.3340E+02  1.8277E+40  1.7106E+40  1.0320E+31  1.1711E+39
  1.4130E+02  1.3513E+40  1.2579E+40  6.0965E+30  9.3400E+38
  1.4960E+02  9.7934E+39  9.0472E+39  3.5311E+30  7.4615E+38
  1.5850E+02  7.0517E+39  6.4574E+39  2.0279E+30  5.9426E+38
  1.7780E+02  3.7032E+39  3.3255E+39  6.7717E+29  3.7766E+38
  1.9950E+02  1.9585E+39  1.7189E+39  2.2821E+29  2.3955E+38
  2.2390E+02  1.0393E+39  8.8754E+38  7.7401E+28  1.5172E+38
  2.5120E+02  5.5416E+38  4.5800E+38  2.6452E+28  9.6154E+37
  2.8180E+02  2.9683E+38  2.3589E+38  9.1083E+27  6.0932E+37
  3.1620E+02  1.5971E+38  1.2114E+38  3.1591E+27  3.8561E+37
  3.5480E+02  8.6491E+37  6.2098E+37  1.1053E+27  2.4393E+37
  3.9810E+02  4.7201E+37  3.1773E+37  3.9066E+26  1.5428E+37
  4.4670E+02  2.5981E+37  1.6228E+37  1.3950E+26  9.7532E+36
  5.0120E+02  1.4443E+37  8.2771E+36  5.0367E+25  6.1659E+36
  5.6230E+02  8.1163E+36  4.2178E+36  1.8385E+25  3.8985E+36
  6.3100E+02  4.6065E+36  2.1444E+36  6.7770E+24  2.4620E+36
  7.0790E+02  2.6465E+36  1.0902E+36  2.5263E+24  1.5563E+36
  7.9430E+02  1.5362E+36  5.5319E+35  9.4990E+23  9.8302E+35
  8.9130E+02  9.0099E+35  2.8033E+35  3.6016E+23  6.2066E+35
  1.0000E+03  5.3408E+35  1.4200E+35  1.3771E+23  3.9208E+35
