  1.0000E-03  7.6664E+44  0.0000E+00  2.8537E+42  7.6378E+44
  1.1220E-03  8.3105E+44  0.0000E+00  3.5558E+42  8.2749E+44
  1.2590E-03  8.9865E+44  0.0000E+00  4.2158E+42  8.9444E+44
  1.4130E-03  9.6995E+44  0.0000E+00  4.7958E+42  9.6515E+44
  1.5850E-03  1.0517E+45  0.0000E+00  5.3233E+42  1.0463E+45
  1.7780E-03  1.1644E+45  0.0000E+00  6.5603E+42  1.1579E+45
  1.9950E-03  1.2242E+45  0.0000E+00  7.5588E+42  1.2166E+45
  2.2390E-03  1.3050E+45  0.0000E+00  7.8874E+42  1.2971E+45
  2.5120E-03  1.4298E+45  0.0000E+00  1.0152E+43  1.4196E+45
  2.8180E-03  1.4624E+45  0.0000E+00  1.1409E+43  1.4510E+45
  3.1620E-03  1.5096E+45  0.0000E+00  1.2265E+43  1.4974E+45
  3.5480E-03  1.5657E+45  0.0000E+00  1.2900E+43  1.5528E+45
  3.9810E-03  1.6354E+45  0.0000E+00  1.3352E+43  1.6221E+45
  4.4670E-03  2.4895E+45  0.0000E+00  2.5827E+43  2.4636E+45
  5.0120E-03  2.5243E+45  0.0000E+00  2.9846E+43  2.4945E+45
  5.6230E-03  2.5601E+45  0.0000E+00  3.3159E+43  2.5270E+45
  5.9570E-03  2.5839E+45  0.0000E+00  3.4574E+43  2.5493E+45
  6.6830E-03  2.6574E+45  0.0000E+00  3.7075E+43  2.6203E+45
  7.4990E-03  2.7802E+45  0.0000E+00  3.9578E+43  2.7407E+45
  8.4140E-03  2.8750E+45  0.0000E+00  4.1934E+43  2.8331E+45
  9.4410E-03  3.0177E+45  0.0000E+00  4.3832E+43  2.9738E+45
  1.0590E-02  3.2700E+45  0.0000E+00  4.4460E+43  3.2255E+45
  1.1890E-02  3.4106E+45  0.0000E+00  4.8620E+43  3.3620E+45
  1.3340E-02  3.6131E+45  0.0000E+00  5.0491E+43  3.5626E+45
  1.4960E-02  3.7745E+45  0.0000E+00  5.2940E+43  3.7215E+45
  1.6790E-02  3.9685E+45  0.0000E+00  5.4867E+43  3.9136E+45
  1.8840E-02  4.2025E+45  0.0000E+00  5.6365E+43  4.1461E+45
  2.1130E-02  4.4200E+45  0.0000E+00  5.8856E+43  4.3612E+45
  2.3710E-02  4.6387E+45  0.0000E+00  6.0864E+43  4.5779E+45
  2.6610E-02  4.8408E+45  0.0000E+00  6.2462E+43  4.7783E+45
  2.9850E-02  5.0527E+45  2.0423E-83  6.3608E+43  4.9891E+45
  3.3500E-02  5.2691E+45  1.2105E-68  6.4311E+43  5.2048E+45
  3.7580E-02  5.8000E+45  1.4904E-55  6.9384E+43  5.7306E+45
  4.2170E-02  6.0501E+45  6.0079E-44  7.7622E+43  5.9725E+45
  4.7320E-02  5.6970E+45  1.3354E-33  7.0917E+43  5.6261E+45
  5.3090E-02  4.8140E+45  1.9666E-24  5.7525E+43  4.7565E+45
  6.6830E-02  2.0326E+45  3.3168E-09  2.2446E+43  2.0102E+45
  7.4990E-02  1.1714E+45  6.7612E-03  1.1309E+43  1.1601E+45
  8.4140E-02  1.3088E+45  3.9422E+03  1.2964E+43  1.2958E+45
  9.4410E-02  1.4059E+45  5.0796E+08  1.4678E+43  1.3912E+45
  1.0590E-01  1.8632E+45  1.9796E+13  2.3347E+43  1.8399E+45
  1.1890E-01  2.3946E+45  2.2511E+17  3.4729E+43  2.3599E+45
  1.3340E-01  2.7447E+45  6.3299E+20  4.5136E+43  2.6996E+45
  1.4960E-01  2.8258E+45  8.8861E+23  4.8639E+43  2.7772E+45
  1.5850E-01  2.6863E+45  2.7165E+25  4.6392E+43  2.6399E+45
  1.7780E-01  2.1123E+45  1.3048E+28  3.4607E+43  2.0777E+45
  1.9950E-01  1.2317E+45  2.6348E+30  1.5721E+43  1.2160E+45
  2.2390E-01  8.2692E+44  2.5586E+32  9.0892E+42  8.1783E+44
  2.3710E-01  9.8350E+44  2.2061E+33  1.2096E+43  9.7140E+44
  2.5120E-01  1.1814E+45  1.6644E+34  1.5555E+43  1.1659E+45
  2.6610E-01  1.3001E+45  1.0793E+35  1.7390E+43  1.2828E+45
  2.8180E-01  1.3597E+45  6.1032E+35  1.7944E+43  1.3417E+45
  2.9850E-01  1.3823E+45  3.0589E+36  1.7911E+43  1.3644E+45
  3.1620E-01  1.3902E+45  1.3635E+37  1.7709E+43  1.3725E+45
  3.3500E-01  1.3870E+45  5.5070E+37  1.7335E+43  1.3697E+45
  3.5480E-01  1.3721E+45  2.0180E+38  1.6777E+43  1.3554E+45
  3.7580E-01  1.3550E+45  6.8324E+38  1.6103E+43  1.3389E+45
  3.9810E-01  1.3294E+45  2.1168E+39  1.5420E+43  1.3140E+45
  4.2170E-01  1.3104E+45  6.0633E+39  1.4719E+43  1.2957E+45
  4.4670E-01  1.2885E+45  1.6062E+40  1.4058E+43  1.2744E+45
  4.7320E-01  1.2645E+45  3.9956E+40  1.3361E+43  1.2511E+45
  5.0120E-01  1.2381E+45  9.3505E+40  1.2628E+43  1.2254E+45
  5.3090E-01  1.2124E+45  2.0759E+41  1.1863E+43  1.2003E+45
  5.6230E-01  1.1811E+45  4.3374E+41  1.1125E+43  1.1696E+45
  5.9570E-01  1.1469E+45  8.6057E+41  1.0400E+43  1.1356E+45
  6.3100E-01  1.1127E+45  1.6237E+42  9.6903E+42  1.1014E+45
  6.6830E-01  1.0787E+45  2.9169E+42  8.9919E+42  1.0668E+45
  7.0790E-01  1.0443E+45  5.0065E+42  8.3377E+42  1.0310E+45
  7.4990E-01  1.0088E+45  8.2063E+42  7.7243E+42  9.9286E+44
  7.9430E-01  9.7449E+44  1.2888E+43  7.1445E+42  9.5446E+44
  8.4140E-01  9.4209E+44  1.9477E+43  6.5949E+42  9.1602E+44
  8.9130E-01  9.1364E+44  2.8461E+43  6.0699E+42  8.7911E+44
  9.4410E-01  8.8760E+44  4.0109E+43  5.5733E+42  8.4192E+44
  1.0000E+00  8.6311E+44  5.4512E+43  5.1051E+42  8.0349E+44
  1.0590E+00  8.4105E+44  7.1636E+43  4.6706E+42  7.6474E+44
  1.1220E+00  8.2161E+44  9.1668E+43  4.2576E+42  7.2568E+44
  1.1890E+00  8.0534E+44  1.1443E+44  3.8570E+42  6.8705E+44
  1.2590E+00  7.9289E+44  1.3908E+44  3.4596E+42  6.5034E+44
  1.3340E+00  7.8165E+44  1.6511E+44  3.0780E+42  6.1346E+44
  1.4130E+00  7.7060E+44  1.9072E+44  2.7229E+42  5.7716E+44
  1.4960E+00  7.5962E+44  2.1519E+44  2.3900E+42  5.4204E+44
  1.5850E+00  7.4826E+44  2.3866E+44  2.0745E+42  5.0752E+44
  1.6790E+00  7.3590E+44  2.5956E+44  1.7749E+42  4.7456E+44
  1.7780E+00  7.2163E+44  2.7685E+44  1.4923E+42  4.4328E+44
  1.8840E+00  7.0498E+44  2.9070E+44  1.2315E+42  4.1305E+44
  1.9950E+00  6.8578E+44  3.0015E+44  9.9727E+41  3.8464E+44
  2.1130E+00  6.6366E+44  3.0538E+44  7.9291E+41  3.5749E+44
  2.2390E+00  6.3831E+44  3.0615E+44  6.1950E+41  3.3155E+44
  2.3710E+00  6.1037E+44  3.0257E+44  4.7665E+41  3.0733E+44
  2.5120E+00  5.8015E+44  2.9549E+44  3.6203E+41  2.8430E+44
  2.6610E+00  5.4816E+44  2.8514E+44  2.7191E+41  2.6275E+44
  2.8180E+00  5.1481E+44  2.7191E+44  2.0218E+41  2.4270E+44
  2.9850E+00  4.8078E+44  2.5672E+44  1.4907E+41  2.2391E+44
  3.1620E+00  4.4646E+44  2.3995E+44  1.0907E+41  2.0641E+44
  3.3500E+00  4.1313E+44  2.2295E+44  7.9430E+40  1.9010E+44
  3.5480E+00  3.8028E+44  2.0514E+44  5.7493E+40  1.7508E+44
  3.7580E+00  3.4872E+44  1.8754E+44  4.1419E+40  1.6114E+44
  3.9810E+00  3.1863E+44  1.7037E+44  2.9714E+40  1.4823E+44
  4.2170E+00  2.9019E+44  1.5385E+44  2.1240E+40  1.3631E+44
  4.4670E+00  2.6352E+44  1.3819E+44  1.5131E+40  1.2532E+44
  4.7320E+00  2.3882E+44  1.2363E+44  1.0745E+40  1.1517E+44
  5.0120E+00  2.1638E+44  1.1029E+44  7.6237E+39  1.0608E+44
  5.3090E+00  1.9265E+44  9.8109E+43  5.3076E+39  9.4535E+43
  5.6230E+00  1.7077E+44  8.7172E+43  3.6717E+39  8.3599E+43
  5.9570E+00  1.5082E+44  7.7481E+43  2.5254E+39  7.3340E+43
  6.3100E+00  1.3232E+44  6.8392E+43  1.7213E+39  6.3924E+43
  6.6830E+00  1.1631E+44  6.0931E+43  1.1706E+39  5.5379E+43
  7.0790E+00  1.0158E+44  5.3903E+43  7.8593E+38  4.7681E+43
  7.4990E+00  9.0997E+43  5.0212E+43  5.3550E+38  4.0785E+43
  7.9430E+00  9.3066E+43  5.8501E+43  4.1982E+38  3.4564E+43
  8.4140E+00  1.0660E+44  7.7620E+43  3.9435E+38  2.8979E+43
  8.9130E+00  1.1609E+44  9.1905E+43  3.7495E+38  2.4185E+43
  9.4410E+00  1.2107E+44  1.0096E+44  3.7768E+38  2.0113E+43
  1.0000E+01  1.0057E+44  8.3641E+43  2.6621E+38  1.6928E+43
  1.0590E+01  7.9562E+43  6.5322E+43  1.7313E+38  1.4240E+43
  1.1220E+01  6.0329E+43  4.8397E+43  1.0040E+38  1.1932E+43
  1.1890E+01  4.6205E+43  3.6265E+43  5.8980E+37  9.9394E+42
  1.2590E+01  3.5527E+43  2.7258E+43  3.4025E+37  8.2693E+42
  1.3340E+01  2.7657E+43  2.0818E+43  1.9581E+37  6.8385E+42
  1.4130E+01  2.2593E+43  1.6954E+43  1.1624E+37  5.6383E+42
  1.4960E+01  2.0577E+43  1.5944E+43  7.9233E+36  4.6329E+42
  1.5850E+01  1.9322E+43  1.5536E+43  5.8013E+36  3.7865E+42
  1.6790E+01  1.8266E+43  1.5176E+43  4.4413E+36  3.0899E+42
  1.7780E+01  1.6885E+43  1.4364E+43  3.4223E+36  2.5213E+42
  1.8840E+01  1.4879E+43  1.2827E+43  2.5195E+36  2.0522E+42
  1.9950E+01  1.2498E+43  1.0824E+43  1.7175E+36  1.6739E+42
  2.1130E+01  1.0386E+43  9.0236E+42  1.1224E+36  1.3625E+42
  2.2390E+01  8.6757E+42  7.5703E+42  7.3438E+35  1.1054E+42
  2.3710E+01  7.2808E+42  6.3833E+42  4.8067E+35  8.9754E+41
  2.5120E+01  6.1085E+42  5.3820E+42  3.1540E+35  7.2648E+41
  2.6610E+01  5.1133E+42  4.5257E+42  2.0621E+35  5.8760E+41
  2.8180E+01  4.2681E+42  3.7929E+42  1.3500E+35  4.7525E+41
  2.9850E+01  3.5382E+42  3.1546E+42  8.8127E+34  3.8364E+41
  3.1620E+01  2.9070E+42  2.5977E+42  5.7145E+34  3.0933E+41
  3.3500E+01  2.3639E+42  2.1148E+42  3.6790E+34  2.4907E+41
  3.5480E+01  1.9039E+42  1.7032E+42  2.3539E+34  2.0061E+41
  3.7580E+01  1.5154E+42  1.3540E+42  1.4924E+34  1.6142E+41
  3.9810E+01  1.1903E+42  1.0606E+42  9.3640E+33  1.2972E+41
  4.2170E+01  9.2483E+41  8.2064E+41  5.8215E+33  1.0420E+41
  4.4670E+01  7.1158E+41  6.2794E+41  3.5853E+33  8.3641E+40
  4.7320E+01  5.4296E+41  4.7587E+41  2.1914E+33  6.7087E+40
  5.0120E+01  4.1154E+41  3.5773E+41  1.3316E+33  5.3809E+40
  5.3090E+01  3.0993E+41  2.6681E+41  8.0472E+32  4.3121E+40
  5.6230E+01  2.3239E+41  1.9784E+41  4.8458E+32  3.4552E+40
  5.9570E+01  1.7338E+41  1.4573E+41  2.9062E+32  2.7646E+40
  6.3100E+01  1.2904E+41  1.0692E+41  1.7406E+32  2.2122E+40
  6.6830E+01  9.5871E+40  7.8168E+40  1.0418E+32  1.7703E+40
  7.0790E+01  7.1108E+40  5.6954E+40  6.2316E+31  1.4154E+40
  7.4990E+01  5.2677E+40  4.1369E+40  3.7272E+31  1.1308E+40
  7.9430E+01  3.9028E+40  2.9992E+40  2.2323E+31  9.0358E+39
  8.4140E+01  2.8915E+40  2.1700E+40  1.3380E+31  7.2152E+39
  8.9130E+01  2.1444E+40  1.5685E+40  8.0353E+30  5.7592E+39
  9.4410E+01  1.5924E+40  1.1327E+40  4.8359E+30  4.5969E+39
  1.0000E+02  1.1841E+40  8.1725E+39  2.9164E+30  3.6686E+39
  1.0590E+02  8.8283E+39  5.8992E+39  1.7646E+30  2.9291E+39
  1.1220E+02  6.5899E+39  4.2560E+39  1.0685E+30  2.3339E+39
  1.1890E+02  4.9344E+39  3.0767E+39  6.4880E+29  1.8577E+39
  1.2590E+02  3.7237E+39  2.2408E+39  3.9673E+29  1.4829E+39
  1.3340E+02  2.8185E+39  1.6381E+39  2.4331E+29  1.1804E+39
  1.4130E+02  2.1305E+39  1.1898E+39  1.4984E+29  9.4069E+38
  1.4960E+02  1.5984E+39  8.4749E+38  9.1918E+28  7.5087E+38
  1.5850E+02  1.1970E+39  5.9942E+38  5.6155E+28  5.9757E+38
  1.7780E+02  6.8261E+38  3.0331E+38  2.1190E+28  3.7930E+38
  1.9950E+02  3.9464E+38  1.5426E+38  8.0704E+27  2.4038E+38
  2.2390E+02  2.3064E+38  7.8511E+37  3.0965E+27  1.5213E+38
  2.5120E+02  1.3636E+38  4.0001E+37  1.1973E+27  9.6361E+37
  2.8180E+02  8.1408E+37  2.0372E+37  4.6565E+26  6.1036E+37
  3.1620E+02  4.8972E+37  1.0359E+37  1.8177E+26  3.8613E+37
  3.5480E+02  2.9682E+37  5.2633E+36  7.1198E+25  2.4419E+37
  3.9810E+02  1.8113E+37  2.6721E+36  2.7986E+25  1.5441E+37
  4.4670E+02  1.1115E+37  1.3553E+36  1.1027E+25  9.7598E+36
  5.0120E+02  6.8563E+36  6.8710E+35  4.3550E+24  6.1692E+36
  5.6230E+02  4.2484E+36  3.4822E+35  1.7231E+24  3.9002E+36
  6.3100E+02  2.6391E+36  1.7619E+35  6.8216E+23  2.4629E+36
  7.0790E+02  1.6459E+36  8.9186E+34  2.7067E+23  1.5568E+36
  7.9430E+02  1.0283E+36  4.5083E+34  1.0741E+23  9.8324E+35
  8.9130E+02  6.4353E+35  2.2768E+34  4.2642E+22  6.2076E+35
  1.0000E+03  4.0363E+35  1.1498E+34  1.6951E+22  3.9213E+35
