  1.0000E-03  2.4455E+44  0.0000E+00  9.7848E+43  1.4670E+44
  1.1220E-03  1.9207E+44  0.0000E+00  8.7421E+43  1.0465E+44
  1.2590E-03  1.4502E+44  0.0000E+00  7.2526E+43  7.2496E+43
  1.4130E-03  1.0589E+44  0.0000E+00  5.6759E+43  4.9126E+43
  1.5850E-03  8.1968E+43  0.0000E+00  4.6179E+43  3.5789E+43
  1.7780E-03  8.9822E+43  0.0000E+00  5.5496E+43  3.4326E+43
  1.9950E-03  5.4103E+43  0.0000E+00  3.7499E+43  1.6604E+43
  2.2390E-03  3.5126E+43  0.0000E+00  2.5383E+43  9.7423E+42
  2.5120E-03  4.0582E+43  0.0000E+00  3.2445E+43  8.1371E+42
  2.8180E-03  2.2361E+43  0.0000E+00  1.9602E+43  2.7585E+42
  3.1620E-03  1.3457E+43  0.0000E+00  1.2400E+43  1.0565E+42
  3.5480E-03  8.5160E+42  0.0000E+00  8.0851E+42  4.3093E+41
  3.9810E-03  5.6636E+42  0.0000E+00  5.4706E+42  1.9299E+41
  4.4670E-03  7.3607E+43  0.0000E+00  6.4596E+43  9.0107E+42
  5.0120E-03  4.5458E+43  0.0000E+00  4.2703E+43  2.7547E+42
  5.6230E-03  2.9734E+43  0.0000E+00  2.8884E+43  8.5045E+41
  5.9570E-03  2.4574E+43  0.0000E+00  2.4088E+43  4.8596E+41
  6.6830E-03  1.7759E+43  0.0000E+00  1.7578E+43  1.8071E+41
  7.4990E-03  1.4267E+43  0.0000E+00  1.4183E+43  8.4137E+40
  8.4140E-03  1.0811E+43  0.0000E+00  1.0777E+43  3.3468E+40
  9.4410E-03  8.5795E+42  0.0000E+00  8.5633E+42  1.6243E+40
  1.0590E-02  7.2569E+42  0.0000E+00  7.2447E+42  1.2182E+40
  1.1890E-02  6.4274E+42  0.0000E+00  6.4221E+42  5.3351E+39
  1.3340E-02  5.3507E+42  0.0000E+00  5.3478E+42  2.9312E+39
  1.4960E-02  4.4100E+42  0.0000E+00  4.4087E+42  1.3410E+39
  1.6790E-02  3.6298E+42  0.0000E+00  3.6291E+42  6.6381E+38
  1.8840E-02  3.0178E+42  0.0000E+00  3.0175E+42  3.6332E+38
  2.1130E-02  2.5981E+42  0.0000E+00  2.5979E+42  1.8200E+38
  2.3710E-02  2.1824E+42  0.0000E+00  2.1823E+42  8.8329E+37
  2.6610E-02  1.7909E+42  0.0000E+00  1.7909E+42  3.9782E+37
  2.9850E-02  1.4654E+42  0.0000E+00  1.4654E+42  1.8135E+37
  3.3500E-02  1.1872E+42  4.2546E-77  1.1872E+42  8.1433E+36
  3.7580E-02  1.1691E+42  4.2027E-64  1.1691E+42  7.1809E+36
  4.2170E-02  1.2379E+42  7.3068E-53  1.2379E+42  3.1888E+36
  4.7320E-02  7.6973E+41  2.2433E-43  7.6973E+41  4.0334E+35
  5.3090E-02  4.0238E+41  3.0769E-35  4.0238E+41  3.0950E+34
  6.6830E-02  3.3458E+40  4.2581E-24  3.3458E+40  1.0317E+30
  7.4990E-02  6.2601E+39  2.0542E-20  6.2601E+39  1.4039E+27
  8.4140E-02  8.6338E+39  5.3433E-14  8.6338E+39  7.0976E+27
  9.4410E-02  1.1571E+40  1.9347E-08  1.1571E+40  2.1816E+28
  1.0590E-01  3.7540E+40  5.0481E-02  3.7540E+40  2.0076E+30
  1.1890E-01  1.1486E+41  6.8351E+04  1.1486E+41  3.1630E+32
  1.3340E-01  2.6162E+41  6.1744E+09  2.6162E+41  1.1858E+34
  1.4960E-01  3.7312E+41  8.0273E+13  3.7312E+41  1.1638E+35
  1.5850E-01  3.8190E+41  3.6748E+15  3.8190E+41  1.6691E+35
  1.7780E-01  2.9356E+41  8.9469E+17  2.9356E+41  6.5290E+34
  1.9950E-01  7.1545E+40  3.3123E+18  7.1545E+40  6.6530E+32
  2.2390E-01  3.0155E+40  2.7856E+19  3.0155E+40  3.8119E+31
  2.3710E-01  7.3995E+40  4.6683E+21  7.3995E+40  8.9233E+32
  2.5120E-01  1.7347E+41  7.7429E+23  1.7347E+41  2.3976E+34
  2.6610E-01  2.8927E+41  4.0625E+25  2.8927E+41  2.1684E+35
  2.8180E-01  3.9681E+41  1.0383E+27  3.9681E+41  1.0388E+36
  2.9850E-01  5.0067E+41  1.7102E+28  5.0067E+41  3.5126E+36
  3.1620E-01  6.2133E+41  2.2123E+29  6.2132E+41  1.0379E+37
  3.3500E-01  7.5744E+41  2.3701E+30  7.5741E+41  2.7822E+37
  3.5480E-01  8.9813E+41  2.0778E+31  8.9806E+41  6.6711E+37
  3.7580E-01  1.0621E+42  1.6568E+32  1.0620E+42  1.5728E+38
  3.9810E-01  1.2440E+42  1.1201E+33  1.2436E+42  3.4135E+38
  4.2170E-01  1.4882E+42  7.4093E+33  1.4875E+42  7.8907E+38
  4.4670E-01  1.7932E+42  4.3885E+34  1.7915E+42  1.7627E+39
  4.7320E-01  2.1588E+42  2.3902E+35  2.1550E+42  3.8505E+39
  5.0120E-01  2.5860E+42  1.1894E+36  2.5779E+42  8.1499E+39
  5.3090E-01  3.1166E+42  5.6326E+36  3.0993E+42  1.7308E+40
  5.6230E-01  3.7282E+42  2.3587E+37  3.6938E+42  3.4326E+40
  5.9570E-01  4.4466E+42  9.0332E+37  4.3812E+42  6.5269E+40
  6.3100E-01  5.3271E+42  3.2390E+38  5.2048E+42  1.2200E+41
  6.6830E-01  6.4105E+42  1.0878E+39  6.1856E+42  2.2383E+41
  7.0790E-01  7.7809E+42  3.4086E+39  7.3776E+42  3.9985E+41
  7.4990E-01  9.4435E+42  9.7924E+39  8.7514E+42  6.8234E+41
  7.9430E-01  1.1546E+43  2.6367E+40  1.0384E+43  1.1360E+42
  8.4140E-01  1.4269E+43  6.7096E+40  1.2349E+43  1.8527E+42
  8.9130E-01  1.8024E+43  1.6498E+41  1.4840E+43  3.0187E+42
  9.4410E-01  2.2993E+43  3.8177E+41  1.7829E+43  4.7820E+42
  1.0000E+00  2.9258E+43  8.1931E+41  2.1196E+43  7.2425E+42
  1.0590E+00  3.7193E+43  1.6431E+42  2.4998E+43  1.0552E+43
  1.1220E+00  4.7281E+43  3.1256E+42  2.9247E+43  1.4908E+43
  1.1890E+00  6.0078E+43  5.6732E+42  3.3877E+43  2.0528E+43
  1.2590E+00  7.6444E+43  9.8617E+42  3.8799E+43  2.7783E+43
  1.3340E+00  9.6356E+43  1.6293E+43  4.3671E+43  3.6393E+43
  1.4130E+00  1.1931E+44  2.5323E+43  4.8109E+43  4.5874E+43
  1.4960E+00  1.4534E+44  3.7397E+43  5.1871E+43  5.6068E+43
  1.5850E+00  1.7466E+44  5.3142E+43  5.4727E+43  6.6789E+43
  1.6790E+00  2.0710E+44  7.2728E+43  5.6387E+43  7.7986E+43
  1.7780E+00  2.4182E+44  9.5930E+43  5.6521E+43  8.9366E+43
  1.8840E+00  2.7773E+44  1.2241E+44  5.5005E+43  1.0032E+44
  1.9950E+00  3.1318E+44  1.5081E+44  5.1876E+43  1.1049E+44
  2.1130E+00  3.4656E+44  1.7986E+44  4.7430E+43  1.1927E+44
  2.2390E+00  3.7612E+44  2.0779E+44  4.2076E+43  1.2625E+44
  2.3710E+00  4.0042E+44  2.3276E+44  3.6280E+43  1.3138E+44
  2.5120E+00  4.1874E+44  2.5383E+44  3.0515E+43  1.3440E+44
  2.6610E+00  4.3049E+44  2.6984E+44  2.5097E+43  1.3555E+44
  2.8180E+00  4.3549E+44  2.8018E+44  2.0225E+43  1.3508E+44
  2.9850E+00  4.3420E+44  2.8507E+44  1.6016E+43  1.3312E+44
  3.1620E+00  4.2711E+44  2.8464E+44  1.2486E+43  1.2999E+44
  3.3500E+00  4.1553E+44  2.8013E+44  9.6130E+42  1.2579E+44
  3.5480E+00  3.9964E+44  2.7129E+44  7.3096E+42  1.2104E+44
  3.7580E+00  3.8073E+44  2.5947E+44  5.4999E+42  1.1576E+44
  3.9810E+00  3.5956E+44  2.4533E+44  4.0998E+42  1.1013E+44
  4.2170E+00  3.3689E+44  2.2954E+44  3.0307E+42  1.0432E+44
  4.4670E+00  3.1346E+44  2.1278E+44  2.2236E+42  9.8452E+43
  4.7320E+00  2.8999E+44  1.9579E+44  1.6203E+42  9.2580E+43
  5.0120E+00  2.6726E+44  1.7909E+44  1.1753E+42  8.6996E+43
  5.3090E+00  2.4263E+44  1.6291E+44  8.3911E+41  7.8888E+43
  5.6230E+00  2.1909E+44  1.4768E+44  5.9485E+41  7.0810E+43
  5.9570E+00  1.9700E+44  1.3368E+44  4.1921E+41  6.2905E+43
  6.3100E+00  1.7579E+44  1.2004E+44  2.9254E+41  5.5453E+43
  6.6830E+00  1.5739E+44  1.0868E+44  2.0411E+41  4.8497E+43
  7.0790E+00  1.3996E+44  9.7700E+43  1.4055E+41  4.2120E+43
  7.4990E+00  1.2770E+44  9.1692E+43  9.8167E+40  3.5911E+43
  7.9430E+00  1.3134E+44  1.0257E+44  7.7611E+40  2.8686E+43
  8.4140E+00  1.4320E+44  1.2203E+44  6.9435E+40  2.1098E+43
  8.9130E+00  1.4414E+44  1.2868E+44  6.1216E+40  1.5390E+43
  9.4410E+00  1.3750E+44  1.2621E+44  5.6774E+40  1.1232E+43
  1.0000E+01  1.2082E+44  1.1073E+44  4.2944E+40  1.0047E+43
  1.0590E+01  1.0336E+44  9.4098E+43  3.0697E+40  9.2299E+42
  1.1220E+01  8.5589E+43  7.7042E+43  1.9783E+40  8.5271E+42
  1.1890E+01  7.0360E+43  6.2719E+43  1.2666E+40  7.6279E+42
  1.2590E+01  5.7909E+43  5.1175E+43  7.9379E+39  6.7263E+42
  1.3340E+01  4.8132E+43  4.2320E+43  4.9406E+39  5.8070E+42
  1.4130E+01  4.1660E+43  3.6761E+43  3.1381E+39  4.8955E+42
  1.4960E+01  3.9163E+43  3.5183E+43  2.2231E+39  3.9776E+42
  1.5850E+01  3.7710E+43  3.4526E+43  1.6807E+39  3.1829E+42
  1.6790E+01  3.6591E+43  3.4054E+43  1.3296E+39  2.5358E+42
  1.7780E+01  3.5242E+43  3.3205E+43  1.0744E+39  2.0354E+42
  1.8840E+01  3.3348E+43  3.1690E+43  8.5500E+38  1.6573E+42
  1.9950E+01  3.1073E+43  2.9697E+43  6.5085E+38  1.3757E+42
  2.1130E+01  2.9089E+43  2.7947E+43  4.8194E+38  1.1418E+42
  2.2390E+01  2.7533E+43  2.6592E+43  3.5908E+38  9.4109E+41
  2.3710E+01  2.6260E+43  2.5485E+43  2.6832E+38  7.7442E+41
  2.5120E+01  2.5082E+43  2.4448E+43  2.0124E+38  6.3397E+41
  2.6610E+01  2.3896E+43  2.3378E+43  1.5027E+38  5.1800E+41
  2.8180E+01  2.2623E+43  2.2200E+43  1.1189E+38  4.2271E+41
  2.9850E+01  2.1189E+43  2.0845E+43  8.2682E+37  3.4399E+41
  3.1620E+01  1.9572E+43  1.9293E+43  6.0324E+37  2.7950E+41
  3.3500E+01  1.7789E+43  1.7562E+43  4.3385E+37  2.2668E+41
  3.5480E+01  1.5897E+43  1.5713E+43  3.0737E+37  1.8383E+41
  3.7580E+01  1.3955E+43  1.3807E+43  2.1417E+37  1.4891E+41
  3.9810E+01  1.2023E+43  1.1903E+43  1.4670E+37  1.2049E+41
  4.2170E+01  1.0186E+43  1.0088E+43  9.8837E+36  9.7423E+40
  4.4670E+01  8.4956E+42  8.4169E+42  6.5494E+36  7.8704E+40
  4.7320E+01  6.9871E+42  6.9236E+42  4.2770E+36  6.3509E+40
  5.0120E+01  5.6745E+42  5.6232E+42  2.7565E+36  5.1226E+40
  5.3090E+01  4.5532E+42  4.5119E+42  1.7546E+36  4.1265E+40
  5.6230E+01  3.6167E+42  3.5835E+42  1.1050E+36  3.3223E+40
  5.9570E+01  2.8438E+42  2.8171E+42  6.8856E+35  2.6698E+40
  6.3100E+01  2.2183E+42  2.1969E+42  4.2555E+35  2.1447E+40
  6.6830E+01  1.7181E+42  1.7009E+42  2.6110E+35  1.7223E+40
  7.0790E+01  1.3219E+42  1.3081E+42  1.5910E+35  1.3813E+40
  7.4990E+01  1.0107E+42  9.9963E+41  9.6347E+34  1.1067E+40
  7.9430E+01  7.6894E+41  7.6008E+41  5.8063E+34  8.8648E+39
  8.4140E+01  5.8220E+41  5.7511E+41  3.4816E+34  7.0941E+39
  8.9130E+01  4.3922E+41  4.3355E+41  2.0806E+34  5.6734E+39
  9.4410E+01  3.3024E+41  3.2570E+41  1.2393E+34  4.5362E+39
  1.0000E+02  2.4748E+41  2.4385E+41  7.3580E+33  3.6255E+39
  1.0590E+02  1.8512E+41  1.8222E+41  4.3623E+33  2.8985E+39
  1.1220E+02  1.3817E+41  1.3585E+41  2.5798E+33  2.3123E+39
  1.1890E+02  1.0316E+41  1.0131E+41  1.5265E+33  1.8423E+39
  1.2590E+02  7.7448E+40  7.5976E+40  9.0865E+32  1.4719E+39
  1.3340E+02  5.8304E+40  5.7131E+40  5.4318E+32  1.1725E+39
  1.4130E+02  4.3504E+40  4.2569E+40  3.2305E+32  9.3503E+38
  1.4960E+02  3.1738E+40  3.0992E+40  1.8771E+32  7.4688E+38
  1.5850E+02  2.2974E+40  2.2380E+40  1.0796E+32  5.9477E+38
  1.7780E+02  1.2151E+40  1.1773E+40  3.6010E+31  3.7791E+38
  1.9950E+02  6.4397E+39  6.2000E+39  1.2052E+31  2.3968E+38
  2.2390E+02  3.4062E+39  3.2545E+39  4.0332E+30  1.5178E+38
  2.5120E+02  1.7999E+39  1.7037E+39  1.3507E+30  9.6186E+37
  2.8180E+02  9.4960E+38  8.8865E+38  4.5250E+29  6.0948E+37
  3.1620E+02  5.0004E+38  4.6147E+38  1.5162E+29  3.8569E+37
  3.5480E+02  2.6326E+38  2.3887E+38  5.0894E+28  2.4397E+37
  3.9810E+02  1.3870E+38  1.2327E+38  1.7142E+28  1.5430E+37
  4.4670E+02  7.3192E+37  6.3438E+37  5.7982E+27  9.7542E+36
  5.0120E+02  3.8740E+37  3.2574E+37  1.9728E+27  6.1664E+36
  5.6230E+02  2.0595E+37  1.6696E+37  6.7596E+26  3.8988E+36
  6.3100E+02  1.0995E+37  8.5328E+36  2.3332E+26  2.4622E+36
  7.0790E+02  5.9141E+36  4.3577E+36  8.1366E+25  1.5564E+36
  7.9430E+02  3.2032E+36  2.2202E+36  2.8639E+25  9.8305E+35
  8.9130E+02  1.7498E+36  1.1291E+36  1.0186E+25  6.2067E+35
  1.0000E+03  9.6583E+35  5.7374E+35  3.6657E+24  3.9209E+35
