  1.0000E-03  8.7831E+44  0.0000E+00  1.6882E+42  8.7662E+44
  1.1220E-03  9.8577E+44  0.0000E+00  2.1959E+42  9.8357E+44
  1.2590E-03  1.1064E+45  0.0000E+00  2.7228E+42  1.1037E+45
  1.4130E-03  1.2419E+45  0.0000E+00  3.2433E+42  1.2387E+45
  1.5850E-03  1.3932E+45  0.0000E+00  3.7526E+42  1.3894E+45
  1.7780E-03  1.5634E+45  0.0000E+00  4.7595E+42  1.5586E+45
  1.9950E-03  1.7547E+45  0.0000E+00  5.8912E+42  1.7488E+45
  2.2390E-03  1.9692E+45  0.0000E+00  6.5053E+42  1.9627E+45
  2.5120E-03  2.2108E+45  0.0000E+00  8.7534E+42  2.2020E+45
  2.8180E-03  2.4809E+45  0.0000E+00  1.0694E+43  2.4702E+45
  3.1620E-03  2.7842E+45  0.0000E+00  1.2325E+43  2.7718E+45
  3.5480E-03  3.1241E+45  0.0000E+00  1.3778E+43  3.1103E+45
  3.9810E-03  3.5049E+45  0.0000E+00  1.5022E+43  3.4898E+45
  4.4670E-03  3.9362E+45  0.0000E+00  2.0361E+43  3.9158E+45
  5.0120E-03  4.4195E+45  0.0000E+00  2.5915E+43  4.3936E+45
  5.6230E-03  4.9608E+45  0.0000E+00  3.1534E+43  4.9292E+45
  5.9570E-03  5.2563E+45  0.0000E+00  3.4292E+43  5.2220E+45
  6.6830E-03  5.8981E+45  0.0000E+00  3.9582E+43  5.8585E+45
  7.4990E-03  6.6188E+45  0.0000E+00  4.4963E+43  6.5738E+45
  8.4140E-03  7.4266E+45  0.0000E+00  5.0745E+43  7.3758E+45
  9.4410E-03  8.3321E+45  0.0000E+00  5.6006E+43  8.2761E+45
  1.0590E-02  9.3424E+45  0.0000E+00  5.9147E+43  9.2833E+45
  1.1890E-02  1.0491E+46  0.0000E+00  6.8383E+43  1.0423E+46
  1.3340E-02  1.1768E+46  0.0000E+00  7.4523E+43  1.1694E+46
  1.4960E-02  1.3196E+46  0.0000E+00  8.2433E+43  1.3114E+46
  1.6790E-02  1.4808E+46  0.0000E+00  8.9924E+43  1.4718E+46
  1.8840E-02  1.6612E+46  0.0000E+00  9.6978E+43  1.6515E+46
  2.1130E-02  1.8630E+46  0.0000E+00  1.0659E+44  1.8524E+46
  2.3710E-02  2.0901E+46  0.0000E+00  1.1618E+44  2.0785E+46
  2.6610E-02  2.3452E+46  0.0000E+00  1.2611E+44  2.3326E+46
  2.9850E-02  2.6302E+46  4.1677E-83  1.3601E+44  2.6166E+46
  3.3500E-02  2.9512E+46  2.6803E-68  1.4591E+44  2.9367E+46
  3.7580E-02  3.3102E+46  3.3595E-55  1.5922E+44  3.2942E+46
  4.2170E-02  3.7155E+46  1.4661E-43  1.8852E+44  3.6967E+46
  4.7320E-02  4.1681E+46  3.9283E-33  1.9954E+44  4.1482E+46
  5.3090E-02  4.3405E+46  7.1651E-24  1.9248E+44  4.3212E+46
  6.6830E-02  4.1409E+46  2.6544E-08  1.4057E+44  4.1268E+46
  7.4990E-02  4.0436E+46  8.9149E-02  1.0793E+44  4.0328E+46
  8.4140E-02  3.9520E+46  4.6609E+04  1.1028E+44  3.9410E+46
  9.4410E-02  3.8627E+46  5.5874E+09  1.1424E+44  3.8513E+46
  1.0590E-01  3.5185E+46  1.5666E+14  1.2999E+44  3.5055E+46
  1.1890E-01  2.9599E+46  1.1517E+18  1.3184E+44  2.9467E+46
  1.3340E-01  2.4924E+46  2.2562E+21  1.2827E+44  2.4795E+46
  1.4960E-01  2.0991E+46  2.5065E+24  1.1266E+44  2.0878E+46
  1.5850E-01  1.9249E+46  7.3621E+25  1.0396E+44  1.9145E+46
  1.7780E-01  1.6201E+46  3.8867E+28  8.6547E+43  1.6114E+46
  1.9950E-01  1.3616E+46  1.1889E+31  5.8365E+43  1.3558E+46
  2.2390E-01  1.1447E+46  1.4977E+33  4.3397E+43  1.1403E+46
  2.3710E-01  1.0511E+46  9.9289E+33  4.6918E+43  1.0464E+46
  2.5120E-01  9.6445E+45  5.6184E+34  4.8684E+43  9.5958E+45
  2.6610E-01  8.8485E+45  2.9846E+35  4.7267E+43  8.8012E+45
  2.8180E-01  8.1204E+45  1.4598E+36  4.4284E+43  8.0761E+45
  2.9850E-01  7.4489E+45  6.5178E+36  4.1045E+43  7.4079E+45
  3.1620E-01  6.8327E+45  2.6177E+37  3.8019E+43  6.7947E+45
  3.3500E-01  6.2659E+45  9.6069E+37  3.5092E+43  6.2308E+45
  3.5480E-01  5.7487E+45  3.2312E+38  3.2250E+43  5.7165E+45
  3.7580E-01  5.2737E+45  1.0062E+39  2.9490E+43  5.2442E+45
  3.9810E-01  4.8367E+45  2.8858E+39  2.6987E+43  4.8097E+45
  4.2170E-01  4.4362E+45  7.6098E+39  2.4578E+43  4.4116E+45
  4.4670E-01  4.0690E+45  1.8598E+40  2.2411E+43  4.0466E+45
  4.7320E-01  3.7319E+45  4.2759E+40  2.0356E+43  3.7115E+45
  5.0120E-01  3.4233E+45  9.2734E+40  1.8409E+43  3.4048E+45
  5.3090E-01  3.1399E+45  1.9076E+41  1.6546E+43  3.1232E+45
  5.6230E-01  2.8804E+45  3.7159E+41  1.4874E+43  2.8651E+45
  5.9570E-01  2.6416E+45  6.9016E+41  1.3337E+43  2.6276E+45
  6.3100E-01  2.4235E+45  1.2212E+42  1.1911E+43  2.4103E+45
  6.6830E-01  2.2240E+45  2.0621E+42  1.0584E+43  2.2114E+45
  7.0790E-01  2.0411E+45  3.3355E+42  9.3809E+42  2.0284E+45
  7.4990E-01  1.8739E+45  5.1771E+42  8.2981E+42  1.8605E+45
  7.9430E-01  1.7216E+45  7.7191E+42  7.3078E+42  1.7066E+45
  8.4140E-01  1.5828E+45  1.1103E+43  6.4013E+42  1.5653E+45
  8.9130E-01  1.4567E+45  1.5443E+43  5.5608E+42  1.4357E+45
  9.4410E-01  1.3426E+45  2.0792E+43  4.8024E+42  1.3170E+45
  1.0000E+00  1.2394E+45  2.7163E+43  4.1295E+42  1.2081E+45
  1.0590E+00  1.1466E+45  3.4489E+43  3.5392E+42  1.1086E+45
  1.1220E+00  1.0624E+45  4.2826E+43  3.0148E+42  1.0165E+45
  1.1890E+00  9.8645E+44  5.2075E+43  2.5469E+42  9.3183E+44
  1.2590E+00  9.1912E+44  6.1792E+43  2.1288E+42  8.5520E+44
  1.3340E+00  8.5790E+44  7.2023E+43  1.7668E+42  7.8411E+44
  1.4130E+00  8.0296E+44  8.2221E+43  1.4640E+42  7.1927E+44
  1.4960E+00  7.5365E+44  9.2189E+43  1.2091E+42  6.6026E+44
  1.5850E+00  7.0856E+44  1.0214E+44  9.9106E+41  6.0543E+44
  1.6790E+00  6.6752E+44  1.1141E+44  8.0486E+41  5.5530E+44
  1.7780E+00  6.2986E+44  1.1964E+44  6.4622E+41  5.0957E+44
  1.8840E+00  5.9477E+44  1.2707E+44  5.1215E+41  4.6719E+44
  1.9950E+00  5.6235E+44  1.3320E+44  4.0102E+41  4.2875E+44
  2.1130E+00  5.3183E+44  1.3819E+44  3.1030E+41  3.9333E+44
  2.2390E+00  5.0272E+44  1.4188E+44  2.3749E+41  3.6061E+44
  2.3710E+00  4.7515E+44  1.4405E+44  1.8017E+41  3.3092E+44
  2.5120E+00  4.4862E+44  1.4504E+44  1.3569E+41  3.0344E+44
  2.6610E+00  4.2310E+44  1.4468E+44  1.0161E+41  2.7832E+44
  2.8180E+00  3.9835E+44  1.4289E+44  7.5696E+40  2.5538E+44
  2.9850E+00  3.7431E+44  1.3999E+44  5.6148E+40  2.3426E+44
  3.1620E+00  3.5086E+44  1.3596E+44  4.1485E+40  2.1487E+44
  3.3500E+00  3.2850E+44  1.3143E+44  3.0589E+40  1.9704E+44
  3.5480E+00  3.0662E+44  1.2582E+44  2.2476E+40  1.8078E+44
  3.7580E+00  2.8558E+44  1.1973E+44  1.6469E+40  1.6583E+44
  3.9810E+00  2.6537E+44  1.1326E+44  1.2038E+40  1.5210E+44
  4.2170E+00  2.4602E+44  1.0650E+44  8.7779E+39  1.3951E+44
  4.4670E+00  2.2757E+44  9.9601E+43  6.3850E+39  1.2796E+44
  4.7320E+00  2.1019E+44  9.2821E+43  4.6336E+39  1.1737E+44
  5.0120E+00  1.9419E+44  8.6274E+43  3.3618E+39  1.0791E+44
  5.3090E+00  1.7602E+44  7.9993E+43  2.3905E+39  9.6024E+43
  5.6230E+00  1.5893E+44  7.4124E+43  1.6904E+39  8.4805E+43
  5.9570E+00  1.4309E+44  6.8775E+43  1.1899E+39  7.4316E+43
  6.3100E+00  1.2801E+44  6.3301E+43  8.3048E+38  6.4710E+43
  6.6830E+00  1.1487E+44  5.8854E+43  5.7916E+38  5.6014E+43
  7.0790E+00  1.0247E+44  5.4276E+43  3.9899E+38  4.8190E+43
  7.4990E+00  9.4807E+43  5.3578E+43  2.8170E+38  4.1229E+43
  7.9430E+00  1.0487E+44  6.9760E+43  2.3843E+38  3.5109E+43
  8.4140E+00  1.3361E+44  1.0386E+44  2.4875E+38  2.9752E+43
  8.9130E+00  1.5851E+44  1.3341E+44  2.5862E+38  2.5104E+43
  9.4410E+00  1.7764E+44  1.5654E+44  2.8216E+38  2.1101E+43
  1.0000E+01  1.4979E+44  1.3212E+44  2.0400E+38  1.7671E+43
  1.0590E+01  1.1919E+44  1.0443E+44  1.3490E+38  1.4758E+43
  1.1220E+01  9.0282E+43  7.8015E+43  7.9030E+37  1.2267E+43
  1.1890E+01  6.9500E+43  5.9341E+43  4.7128E+37  1.0159E+43
  1.2590E+01  5.3783E+43  4.5371E+43  2.7634E+37  8.4119E+42
  1.3340E+01  4.2385E+43  3.5453E+43  1.6240E+37  6.9319E+42
  1.4130E+01  3.5540E+43  2.9835E+43  9.9591E+36  5.7050E+42
  1.4960E+01  3.4145E+43  2.9453E+43  7.1978E+36  4.6919E+42
  1.5850E+01  3.4063E+43  3.0222E+43  5.6354E+36  3.8414E+42
  1.6790E+01  3.4208E+43  3.1068E+43  4.6189E+36  3.1409E+42
  1.7780E+01  3.3438E+43  3.0871E+43  3.7953E+36  2.5663E+42
  1.8840E+01  3.0975E+43  2.8887E+43  2.9618E+36  2.0888E+42
  1.9950E+01  2.7207E+43  2.5506E+43  2.1259E+36  1.7013E+42
  2.1130E+01  2.3679E+43  2.2297E+43  1.4630E+36  1.3827E+42
  2.2390E+01  2.0793E+43  1.9672E+43  1.0107E+36  1.1203E+42
  2.3710E+01  1.8377E+43  1.7468E+43  6.9901E+35  9.0864E+41
  2.5120E+01  1.6271E+43  1.5536E+43  4.8510E+35  7.3479E+41
  2.6610E+01  1.4381E+43  1.3787E+43  3.3516E+35  5.9383E+41
  2.8180E+01  1.2670E+43  1.2190E+43  2.3151E+35  4.7994E+41
  2.9850E+01  1.1082E+43  1.0695E+43  1.5916E+35  3.8717E+41
  3.1620E+01  9.5939E+42  9.2819E+42  1.0839E+35  3.1199E+41
  3.3500E+01  8.2064E+42  7.9553E+42  7.3051E+34  2.5106E+41
  3.5480E+01  6.9358E+42  6.7337E+42  4.8739E+34  2.0210E+41
  3.7580E+01  5.7796E+42  5.6171E+42  3.2100E+34  1.6253E+41
  3.9810E+01  4.7399E+42  4.6094E+42  2.0838E+34  1.3054E+41
  4.2170E+01  3.8344E+42  3.7296E+42  1.3348E+34  1.0479E+41
  4.4670E+01  3.0628E+42  2.9787E+42  8.4352E+33  8.4074E+40
  4.7320E+01  2.4191E+42  2.3517E+42  5.2692E+33  6.7400E+40
  5.0120E+01  1.8923E+42  1.8382E+42  3.2587E+33  5.4034E+40
  5.3090E+01  1.4665E+42  1.4232E+42  1.9965E+33  4.3282E+40
  5.6230E+01  1.1280E+42  1.0934E+42  1.2139E+33  3.4667E+40
  5.9570E+01  8.6089E+41  8.3316E+41  7.3228E+32  2.7728E+40
  6.3100E+01  6.5336E+41  6.3118E+41  4.3935E+32  2.2180E+40
  6.6830E+01  4.9342E+41  4.7567E+41  2.6238E+32  1.7744E+40
  7.0790E+01  3.7089E+41  3.5671E+41  1.5600E+32  1.4183E+40
  7.4990E+01  2.7758E+41  2.6625E+41  9.2393E+31  1.1329E+40
  7.9430E+01  2.0710E+41  1.9805E+41  5.4587E+31  9.0505E+39
  8.4140E+01  1.5404E+41  1.4681E+41  3.2160E+31  7.2256E+39
  8.9130E+01  1.1434E+41  1.0857E+41  1.8922E+31  5.7665E+39
  9.4410E+01  8.4712E+40  8.0110E+40  1.1119E+31  4.6021E+39
  1.0000E+02  6.2648E+40  5.8976E+40  6.5264E+30  3.6722E+39
  1.0590E+02  4.6313E+40  4.3381E+40  3.8325E+30  2.9317E+39
  1.1220E+02  3.4193E+40  3.1857E+40  2.2480E+30  2.3358E+39
  1.1890E+02  2.5271E+40  2.3411E+40  1.3207E+30  1.8590E+39
  1.2590E+02  1.8788E+40  1.7304E+40  7.8098E+29  1.4838E+39
  1.3340E+02  1.4000E+40  1.2819E+40  4.6360E+29  1.1811E+39
  1.4130E+02  1.0374E+40  9.4326E+39  2.7500E+29  9.4117E+38
  1.4960E+02  7.5653E+39  6.8141E+39  1.6081E+29  7.5121E+38
  1.5850E+02  5.4832E+39  4.8854E+39  9.3327E+28  5.9781E+38
  1.7780E+02  2.9103E+39  2.5309E+39  3.1778E+28  3.7942E+38
  1.9950E+02  1.5538E+39  1.3134E+39  1.0923E+28  2.4043E+38
  2.2390E+02  8.3244E+38  6.8028E+38  3.7843E+27  1.5216E+38
  2.5120E+02  4.4834E+38  3.5197E+38  1.3236E+27  9.6376E+37
  2.8180E+02  2.4273E+38  1.8169E+38  4.6724E+26  6.1043E+37
  3.1620E+02  1.3210E+38  9.3487E+37  1.6638E+26  3.8617E+37
  3.5480E+02  7.2422E+37  4.8001E+37  5.9831E+25  2.4421E+37
  3.9810E+02  4.0037E+37  2.4595E+37  2.1744E+25  1.5442E+37
  4.4670E+02  2.2337E+37  1.2577E+37  7.9827E+24  9.7603E+36
  5.0120E+02  1.2591E+37  6.4216E+36  2.9608E+24  6.1695E+36
  5.6230E+02  7.1753E+36  3.2750E+36  1.1088E+24  3.9003E+36
  6.3100E+02  4.1292E+36  1.6663E+36  4.1860E+23  2.4629E+36
  7.0790E+02  2.4043E+36  8.4755E+35  1.5948E+23  1.5568E+36
  7.9430E+02  1.4135E+36  4.3027E+35  6.1147E+22  9.8325E+35
  8.9130E+02  8.3890E+35  2.1812E+35  2.3586E+22  6.2077E+35
  1.0000E+03  5.0266E+35  1.1052E+35  9.1537E+21  3.9214E+35
