  1.0000E-03  6.8870E+44  0.0000E+00  5.7761E+42  6.8293E+44
  1.1220E-03  7.2625E+44  0.0000E+00  7.0944E+42  7.1916E+44
  1.2590E-03  7.6237E+44  0.0000E+00  8.2751E+42  7.5409E+44
  1.4130E-03  7.9742E+44  0.0000E+00  9.2453E+42  7.8817E+44
  1.5850E-03  8.4133E+44  0.0000E+00  1.0103E+43  8.3123E+44
  1.7780E-03  9.2226E+44  0.0000E+00  1.2418E+43  9.0984E+44
  1.9950E-03  9.2027E+44  0.0000E+00  1.3847E+43  9.0643E+44
  2.2390E-03  9.4111E+44  0.0000E+00  1.4065E+43  9.2704E+44
  2.5120E-03  1.0125E+45  0.0000E+00  1.7977E+43  9.9453E+44
  2.8180E-03  9.6180E+44  0.0000E+00  1.9208E+43  9.4259E+44
  3.1620E-03  9.2852E+44  0.0000E+00  1.9717E+43  9.0881E+44
  3.5480E-03  9.0392E+44  0.0000E+00  1.9849E+43  8.8408E+44
  3.9810E-03  8.9124E+44  0.0000E+00  1.9749E+43  8.7149E+44
  4.4670E-03  1.7347E+45  0.0000E+00  4.4350E+43  1.6904E+45
  5.0120E-03  1.6236E+45  0.0000E+00  4.8688E+43  1.5749E+45
  5.6230E-03  1.5202E+45  0.0000E+00  5.1329E+43  1.4688E+45
  5.9570E-03  1.4765E+45  0.0000E+00  5.2180E+43  1.4243E+45
  6.6830E-03  1.4172E+45  0.0000E+00  5.3470E+43  1.3638E+45
  7.4990E-03  1.4026E+45  0.0000E+00  5.5079E+43  1.3475E+45
  8.4140E-03  1.3595E+45  0.0000E+00  5.5955E+43  1.3035E+45
  9.4410E-03  1.3529E+45  0.0000E+00  5.6536E+43  1.2964E+45
  1.0590E-02  1.4249E+45  0.0000E+00  5.6316E+43  1.3685E+45
  1.1890E-02  1.4026E+45  0.0000E+00  5.9511E+43  1.3431E+45
  1.3340E-02  1.4191E+45  0.0000E+00  6.0095E+43  1.3590E+45
  1.4960E-02  1.4012E+45  0.0000E+00  6.0949E+43  1.3403E+45
  1.6790E-02  1.3984E+45  0.0000E+00  6.1267E+43  1.3371E+45
  1.8840E-02  1.4135E+45  0.0000E+00  6.1252E+43  1.3522E+45
  2.1130E-02  1.4125E+45  0.0000E+00  6.2181E+43  1.3503E+45
  2.3710E-02  1.4054E+45  0.0000E+00  6.2441E+43  1.3430E+45
  2.6610E-02  1.3839E+45  0.0000E+00  6.2093E+43  1.3218E+45
  2.9850E-02  1.3636E+45  5.2634E-84  6.1309E+43  1.3023E+45
  3.3500E-02  1.3407E+45  2.9497E-69  6.0096E+43  1.2806E+45
  3.7580E-02  1.4532E+45  3.5769E-56  6.4355E+43  1.3888E+45
  4.2170E-02  1.4332E+45  1.3602E-44  6.9861E+43  1.3634E+45
  4.7320E-02  1.1743E+45  2.6294E-34  5.9444E+43  1.1148E+45
  5.3090E-02  8.4049E+44  3.2648E-25  4.4449E+43  7.9604E+44
  6.6830E-02  1.8695E+44  2.7847E-10  1.3067E+43  1.7388E+44
  7.4990E-02  7.0902E+43  3.6606E-04  5.3684E+42  6.5534E+43
  8.4140E-02  8.8065E+43  2.4113E+02  6.5145E+42  8.1550E+43
  9.4410E-02  1.0218E+44  3.3953E+07  7.7183E+42  9.4459E+43
  1.0590E-01  1.8315E+44  1.8384E+12  1.4215E+43  1.6894E+44
  1.1890E-01  3.2953E+44  2.9437E+16  2.4634E+43  3.0490E+44
  1.3340E-01  4.8274E+44  1.0390E+20  3.5702E+43  4.4704E+44
  1.4960E-01  5.8203E+44  1.6933E+23  4.1424E+43  5.4060E+44
  1.5850E-01  5.6922E+44  5.3217E+24  4.0171E+43  5.2905E+44
  1.7780E-01  4.2414E+44  2.4482E+27  2.9573E+43  3.9456E+44
  1.9950E-01  1.8422E+44  3.7481E+29  1.1926E+43  1.7230E+44
  2.2390E-01  1.0305E+44  3.0777E+31  6.2755E+42  9.6776E+43
  2.3710E-01  1.5074E+44  3.2745E+32  9.1015E+42  1.4164E+44
  2.5120E-01  2.2425E+44  3.0579E+33  1.2885E+43  2.1136E+44
  2.6610E-01  2.8489E+44  2.2857E+34  1.5420E+43  2.6947E+44
  2.8180E-01  3.3011E+44  1.4304E+35  1.6731E+43  3.1337E+44
  2.9850E-01  3.6383E+44  7.7606E+35  1.7394E+43  3.4644E+44
  3.1620E-01  3.9342E+44  3.7124E+36  1.7853E+43  3.7557E+44
  3.3500E-01  4.1947E+44  1.5994E+37  1.8103E+43  4.0137E+44
  3.5480E-01  4.4037E+44  6.2093E+37  1.8094E+43  4.2227E+44
  3.7580E-01  4.6090E+44  2.2249E+38  1.7937E+43  4.4296E+44
  3.9810E-01  4.7692E+44  7.2575E+38  1.7704E+43  4.5922E+44
  4.2170E-01  4.9768E+44  2.1965E+39  1.7469E+43  4.8021E+44
  4.4670E-01  5.1705E+44  6.1337E+39  1.7242E+43  4.9980E+44
  4.7320E-01  5.3542E+44  1.6061E+40  1.6934E+43  5.1847E+44
  5.0120E-01  5.5206E+44  3.9490E+40  1.6530E+43  5.3549E+44
  5.3090E-01  5.6933E+44  9.2125E+40  1.6050E+43  5.5319E+44
  5.6230E-01  5.8179E+44  2.0150E+41  1.5525E+43  5.6607E+44
  5.9570E-01  5.9103E+44  4.1761E+41  1.4951E+43  5.7566E+44
  6.3100E-01  5.9929E+44  8.2234E+41  1.4346E+43  5.8412E+44
  6.6830E-01  6.0644E+44  1.5406E+42  1.3698E+43  5.9120E+44
  7.0790E-01  6.1187E+44  2.7537E+42  1.3055E+43  5.9606E+44
  7.4990E-01  6.1423E+44  4.6900E+42  1.2405E+43  5.9714E+44
  7.9430E-01  6.1566E+44  7.6433E+42  1.1750E+43  5.9627E+44
  8.4140E-01  6.1672E+44  1.1972E+43  1.1090E+43  5.9366E+44
  8.9130E-01  6.1959E+44  1.8124E+43  1.0428E+43  5.9103E+44
  9.4410E-01  6.2232E+44  2.6418E+43  9.7630E+42  5.8614E+44
  1.0000E+00  6.2376E+44  3.7057E+43  9.0937E+42  5.7761E+44
  1.0590E+00  6.2487E+44  5.0155E+43  8.4410E+42  5.6627E+44
  1.1220E+00  6.2624E+44  6.5984E+43  7.7926E+42  5.5246E+44
  1.1890E+00  6.2859E+44  8.4540E+43  7.1387E+42  5.3691E+44
  1.2590E+00  6.3281E+44  1.0525E+44  6.4688E+42  5.2110E+44
  1.3340E+00  6.3656E+44  1.2778E+44  5.8068E+42  5.0297E+44
  1.4130E+00  6.3885E+44  1.5066E+44  5.1770E+42  4.8302E+44
  1.4960E+00  6.3990E+44  1.7325E+44  4.5760E+42  4.6208E+44
  1.5850E+00  6.3962E+44  1.9560E+44  3.9977E+42  4.4002E+44
  1.6790E+00  6.3763E+44  2.1627E+44  3.4417E+42  4.1792E+44
  1.7780E+00  6.3317E+44  2.3424E+44  2.9113E+42  3.9602E+44
  1.8840E+00  6.2585E+44  2.4956E+44  2.4167E+42  3.7388E+44
  1.9950E+00  6.1548E+44  2.6121E+44  1.9686E+42  3.5230E+44
  2.1130E+00  6.0175E+44  2.6928E+44  1.5746E+42  3.3090E+44
  2.2390E+00  5.8445E+44  2.7345E+44  1.2379E+42  3.0976E+44
  2.3710E+00  5.6409E+44  2.7365E+44  9.5856E+41  2.8949E+44
  2.5120E+00  5.4104E+44  2.7061E+44  7.3303E+41  2.6970E+44
  2.6610E+00  5.1576E+44  2.6441E+44  5.5455E+41  2.5080E+44
  2.8180E+00  4.8862E+44  2.5531E+44  4.1545E+41  2.3290E+44
  2.9850E+00  4.6029E+44  2.4411E+44  3.0877E+41  2.1587E+44
  3.1620E+00  4.3113E+44  2.3109E+44  2.2782E+41  1.9981E+44
  3.3500E+00  4.0238E+44  2.1755E+44  1.6736E+41  1.8466E+44
  3.5480E+00  3.7353E+44  2.0281E+44  1.2222E+41  1.7060E+44
  3.7580E+00  3.4542E+44  1.8789E+44  8.8862E+40  1.5745E+44
  3.9810E+00  3.1825E+44  1.7301E+44  6.4349E+40  1.4517E+44
  4.2170E+00  2.9221E+44  1.5839E+44  4.6433E+40  1.3378E+44
  4.4670E+00  2.6748E+44  1.4423E+44  3.3390E+40  1.2322E+44
  4.7320E+00  2.4431E+44  1.3086E+44  2.3936E+40  1.1342E+44
  5.0120E+00  2.2304E+44  1.1840E+44  1.7139E+40  1.0462E+44
  5.3090E+00  2.0020E+44  1.0684E+44  1.2055E+40  9.3347E+43
  5.6230E+00  1.7895E+44  9.6309E+43  8.4282E+39  8.2636E+43
  5.9570E+00  1.5944E+44  8.6871E+43  5.8623E+39  7.2560E+43
  6.3100E+00  1.4108E+44  7.7784E+43  4.0405E+39  6.3295E+43
  6.6830E+00  1.2521E+44  7.0333E+43  2.7822E+39  5.4871E+43
  7.0790E+00  1.1039E+44  6.3113E+43  1.8910E+39  4.7272E+43
  7.4990E+00  1.0020E+44  5.9771E+43  1.3099E+39  4.0428E+43
  7.9430E+00  1.0545E+44  7.1319E+43  1.0621E+39  3.4128E+43
  8.4140E+00  1.2511E+44  9.6744E+43  1.0411E+39  2.8366E+43
  8.9130E+00  1.3972E+44  1.1626E+44  1.0233E+39  2.3463E+43
  9.4410E+00  1.4847E+44  1.2912E+44  1.0596E+39  1.9344E+43
  1.0000E+01  1.2403E+44  1.0769E+44  7.5604E+38  1.6347E+43
  1.0590E+01  9.8420E+43  8.4587E+43  4.9610E+38  1.3833E+43
  1.1220E+01  7.4664E+43  6.2998E+43  2.8935E+38  1.1666E+43
  1.1890E+01  5.7221E+43  4.7457E+43  1.7090E+38  9.7643E+42
  1.2590E+01  4.4007E+43  3.5852E+43  9.9072E+37  8.1552E+42
  1.3340E+01  3.4288E+43  2.7524E+43  5.7324E+37  6.7635E+42
  1.4130E+01  2.8120E+43  2.2535E+43  3.4346E+37  5.5848E+42
  1.4960E+01  2.5887E+43  2.1302E+43  2.3877E+37  4.5855E+42
  1.5850E+01  2.4592E+43  2.0850E+43  1.7880E+37  3.7425E+42
  1.6790E+01  2.3493E+43  2.0444E+43  1.3996E+37  3.0491E+42
  1.7780E+01  2.1900E+43  1.9415E+43  1.1001E+37  2.4853E+42
  1.8840E+01  1.9417E+43  1.7394E+43  8.2372E+36  2.0229E+42
  1.9950E+01  1.6378E+43  1.4726E+43  5.6923E+36  1.6520E+42
  2.1130E+01  1.3664E+43  1.2317E+43  3.7684E+36  1.3464E+42
  2.2390E+01  1.1459E+43  1.0365E+43  2.4983E+36  1.0935E+42
  2.3710E+01  9.6534E+42  8.7648E+42  1.6565E+36  8.8863E+41
  2.5120E+01  8.1290E+42  7.4092E+42  1.1007E+36  7.1981E+41
  2.6610E+01  6.8277E+42  6.2451E+42  7.2815E+35  5.8259E+41
  2.8180E+01  5.7163E+42  5.2449E+42  4.8183E+35  4.7148E+41
  2.9850E+01  4.7512E+42  4.3704E+42  3.1756E+35  3.8080E+41
  3.1620E+01  3.9122E+42  3.6050E+42  2.0759E+35  3.0720E+41
  3.3500E+01  3.1866E+42  2.9392E+42  1.3453E+35  2.4747E+41
  3.5480E+01  2.5697E+42  2.3703E+42  8.6495E+34  1.9942E+41
  3.7580E+01  2.0469E+42  1.8864E+42  5.5015E+34  1.6053E+41
  3.9810E+01  1.6082E+42  1.4791E+42  3.4571E+34  1.2907E+41
  4.2170E+01  1.2493E+42  1.1455E+42  2.1489E+34  1.0372E+41
  4.4670E+01  9.6056E+41  8.7727E+41  1.3212E+34  8.3292E+40
  4.7320E+01  7.3213E+41  6.6530E+41  8.0491E+33  6.6835E+40
  5.0120E+01  5.5408E+41  5.0045E+41  4.8678E+33  5.3627E+40
  5.3090E+01  4.1648E+41  3.7349E+41  2.9238E+33  4.2990E+40
  5.6230E+01  3.1154E+41  2.7708E+41  1.7474E+33  3.4459E+40
  5.9570E+01  2.3179E+41  2.0421E+41  1.0388E+33  2.7579E+40
  6.3100E+01  1.7196E+41  1.4988E+41  6.1587E+32  2.2075E+40
  6.6830E+01  1.2729E+41  1.0962E+41  3.6446E+32  1.7669E+40
  7.0790E+01  9.4034E+40  7.9904E+40  2.1530E+32  1.4130E+40
  7.4990E+01  6.9349E+40  5.8058E+40  1.2704E+32  1.1292E+40
  7.9430E+01  5.1128E+40  4.2104E+40  7.4990E+31  9.0239E+39
  8.4140E+01  3.7678E+40  3.0472E+40  4.4261E+31  7.2068E+39
  8.9130E+01  2.7784E+40  2.2031E+40  2.6158E+31  5.7532E+39
  9.4410E+01  2.0507E+40  1.5914E+40  1.5482E+31  4.5927E+39
  1.0000E+02  1.5149E+40  1.1484E+40  9.1776E+30  3.6656E+39
  1.0590E+02  1.1218E+40  8.2909E+39  5.4567E+30  2.9269E+39
  1.1220E+02  8.3148E+39  5.9823E+39  3.2472E+30  2.3324E+39
  1.1890E+02  6.1817E+39  4.3251E+39  1.9384E+30  1.8566E+39
  1.2590E+02  4.6323E+39  3.1502E+39  1.1662E+30  1.4821E+39
  1.3340E+02  3.4825E+39  2.3026E+39  7.0449E+29  1.1799E+39
  1.4130E+02  2.6128E+39  1.6725E+39  4.2684E+29  9.4030E+38
  1.4960E+02  1.9423E+39  1.1917E+39  2.5683E+29  7.5059E+38
  1.5850E+02  1.4405E+39  8.4310E+38  1.5387E+29  5.9738E+38
  1.7780E+02  8.0594E+38  4.2673E+38  5.6015E+28  3.7920E+38
  1.9950E+02  4.5739E+38  2.1706E+38  2.0658E+28  2.4033E+38
  2.2390E+02  2.6259E+38  1.1048E+38  7.7015E+27  1.5210E+38
  2.5120E+02  1.5264E+38  5.6296E+37  2.9027E+27  9.6349E+37
  2.8180E+02  8.9702E+37  2.8672E+37  1.1040E+27  6.1030E+37
  3.1620E+02  5.3190E+37  1.4580E+37  4.2273E+26  3.8610E+37
  3.5480E+02  3.1826E+37  7.4081E+36  1.6288E+26  2.4418E+37
  3.9810E+02  1.9201E+37  3.7611E+36  6.3142E+25  1.5440E+37
  4.4670E+02  1.1667E+37  1.9077E+36  2.4591E+25  9.7594E+36
  5.0120E+02  7.1362E+36  9.6712E+35  9.6190E+24  6.1690E+36
  5.6230E+02  4.3903E+36  4.9014E+35  3.7757E+24  3.9001E+36
  6.3100E+02  2.7108E+36  2.4799E+35  1.4850E+24  2.4628E+36
  7.0790E+02  1.6823E+36  1.2553E+35  5.8610E+23  1.5567E+36
  7.9430E+02  1.0467E+36  6.3453E+34  2.3158E+23  9.8322E+35
  8.9130E+02  6.5280E+35  3.2045E+34  9.1614E+22  6.2076E+35
  1.0000E+03  4.0831E+35  1.6182E+34  3.6315E+22  3.9213E+35
