  1.0000E-03  2.2045E+44  0.0000E+00  7.2782E+43  1.4767E+44
  1.1220E-03  1.6565E+44  0.0000E+00  6.0089E+43  1.0556E+44
  1.2590E-03  1.1907E+44  0.0000E+00  4.5751E+43  7.3318E+43
  1.4130E-03  8.2502E+43  0.0000E+00  3.2652E+43  4.9850E+43
  1.5850E-03  6.1060E+43  0.0000E+00  2.4581E+43  3.6479E+43
  1.7780E-03  6.4280E+43  0.0000E+00  2.9079E+43  3.5202E+43
  1.9950E-03  3.3497E+43  0.0000E+00  1.6367E+43  1.7130E+43
  2.2390E-03  1.9743E+43  0.0000E+00  9.6194E+42  1.0124E+43
  2.5120E-03  2.0234E+43  0.0000E+00  1.1706E+43  8.5275E+42
  2.8180E-03  8.1339E+42  0.0000E+00  5.2215E+42  2.9124E+42
  3.1620E-03  3.6420E+42  0.0000E+00  2.5185E+42  1.1236E+42
  3.5480E-03  1.7437E+42  0.0000E+00  1.2823E+42  4.6137E+41
  3.9810E-03  9.0701E+41  0.0000E+00  6.9917E+41  2.0784E+41
  4.4670E-03  2.6298E+43  0.0000E+00  1.7241E+43  9.0566E+42
  5.0120E-03  1.1283E+43  0.0000E+00  8.4758E+42  2.8068E+42
  5.6230E-03  5.2517E+42  0.0000E+00  4.3728E+42  8.7894E+41
  5.9570E-03  3.7432E+42  0.0000E+00  3.2374E+42  5.0576E+41
  6.6830E-03  2.1300E+42  0.0000E+00  1.9395E+42  1.9051E+41
  7.4990E-03  1.4540E+42  0.0000E+00  1.3642E+42  8.9784E+40
  8.4140E-03  9.1424E+41  0.0000E+00  8.7813E+41  3.6113E+40
  9.4410E-03  6.3234E+41  0.0000E+00  6.1463E+41  1.7713E+40
  1.0590E-02  5.0805E+41  0.0000E+00  4.9462E+41  1.3428E+40
  1.1890E-02  3.9002E+41  0.0000E+00  3.8408E+41  5.9389E+39
  1.3340E-02  2.9193E+41  0.0000E+00  2.8863E+41  3.2961E+39
  1.4960E-02  2.0956E+41  0.0000E+00  2.0804E+41  1.5231E+39
  1.6790E-02  1.5214E+41  0.0000E+00  1.5138E+41  7.6166E+38
  1.8840E-02  1.1354E+41  0.0000E+00  1.1312E+41  4.2123E+38
  2.1130E-02  8.6587E+40  0.0000E+00  8.6374E+40  2.1321E+38
  2.3710E-02  6.3843E+40  0.0000E+00  6.3739E+40  1.0457E+38
  2.6610E-02  4.5269E+40  0.0000E+00  4.5221E+40  4.7621E+37
  2.9850E-02  3.2077E+40  0.0000E+00  3.2055E+40  2.1964E+37
  3.3500E-02  2.2425E+40  3.5350E-77  2.2415E+40  9.9835E+36
  3.7580E-02  2.1054E+40  3.4907E-64  2.1045E+40  8.8147E+36
  4.2170E-02  1.9360E+40  6.1426E-53  1.9356E+40  3.9627E+36
  4.7320E-02  8.5576E+39  1.9489E-43  8.5571E+39  5.1765E+35
  5.3090E-02  2.9617E+39  2.7727E-35  2.9616E+39  4.1237E+34
  6.6830E-02  4.6836E+37  4.3355E-24  4.6836E+37  1.5574E+30
  7.4990E-02  3.1813E+36  2.3052E-20  3.1813E+36  2.3314E+27
  8.4140E-02  5.4557E+36  5.9199E-14  5.4557E+36  1.1423E+28
  9.4410E-02  8.5046E+36  2.1334E-08  8.5046E+36  3.4249E+28
  1.0590E-01  5.3667E+37  5.3205E-02  5.3667E+37  2.9069E+30
  1.1890E-01  3.5231E+38  6.4794E+04  3.5231E+38  4.1930E+32
  1.3340E-01  1.3992E+39  5.2122E+09  1.3992E+39  1.4715E+34
  1.4960E-01  2.7951E+39  6.3272E+13  2.7949E+39  1.3758E+35
  1.5850E-01  3.0875E+39  2.8730E+15  3.0873E+39  1.9593E+35
  1.7780E-01  2.3515E+39  7.3009E+17  2.3514E+39  7.9118E+34
  1.9950E-01  3.3359E+38  3.0651E+18  3.3359E+38  8.8937E+32
  2.2390E-01  1.0296E+38  2.8444E+19  1.0296E+38  5.4611E+31
  2.3710E-01  4.2412E+38  4.5253E+21  4.2411E+38  1.2259E+33
  2.5120E-01  1.7067E+39  7.0501E+23  1.7067E+39  3.1520E+34
  2.6610E-01  4.1191E+39  3.5441E+25  4.1188E+39  2.7705E+35
  2.8180E-01  7.4050E+39  8.7987E+26  7.4037E+39  1.3026E+36
  2.9850E-01  1.1571E+40  1.4173E+28  1.1567E+40  4.3429E+36
  3.1620E-01  1.7387E+40  1.7990E+29  1.7374E+40  1.2677E+37
  3.3500E-01  2.5238E+40  1.8964E+30  2.5204E+40  3.3621E+37
  3.5480E-01  3.4941E+40  1.6410E+31  3.4861E+40  7.9874E+37
  3.7580E-01  4.8167E+40  1.2940E+32  4.7981E+40  1.8678E+38
  3.9810E-01  6.4722E+40  8.6616E+32  6.4320E+40  4.0227E+38
  4.2170E-01  8.9862E+40  5.6754E+33  8.8939E+40  9.2288E+38
  4.4670E-01  1.2498E+41  3.3316E+34  1.2294E+41  2.0462E+39
  4.7320E-01  1.7353E+41  1.8000E+35  1.6909E+41  4.4377E+39
  5.0120E-01  2.3973E+41  8.8948E+35  2.3040E+41  9.3294E+39
  5.3090E-01  3.3669E+41  4.1863E+36  3.1700E+41  1.9687E+40
  5.6230E-01  4.6835E+41  1.7441E+37  4.2953E+41  3.8806E+40
  5.9570E-01  6.5230E+41  6.6521E+37  5.7888E+41  7.3357E+40
  6.3100E-01  9.2180E+41  2.3776E+38  7.8523E+41  1.3634E+41
  6.6830E-01  1.3211E+42  7.9682E+38  1.0716E+42  2.4879E+41
  7.0790E-01  1.9158E+42  2.4938E+39  1.4713E+42  4.4199E+41
  7.4990E-01  2.7580E+42  7.1657E+39  2.0007E+42  7.5015E+41
  7.9430E-01  3.9761E+42  1.9320E+40  2.7148E+42  1.2420E+42
  8.4140E-01  5.7428E+42  4.9304E+40  3.6792E+42  2.0144E+42
  8.9130E-01  8.4154E+42  1.2171E+41  5.0303E+42  3.2633E+42
  9.4410E-01  1.2230E+43  2.8334E+41  6.8059E+42  5.1411E+42
  1.0000E+00  1.7329E+43  6.1336E+41  8.9693E+42  7.7462E+42
  1.0590E+00  2.4025E+43  1.2437E+42  1.1552E+43  1.1230E+43
  1.1220E+00  3.2762E+43  2.3980E+42  1.4577E+43  1.5787E+43
  1.1890E+00  4.4085E+43  4.4220E+42  1.8031E+43  2.1632E+43
  1.2590E+00  5.8870E+43  7.8216E+42  2.1913E+43  2.9135E+43
  1.3340E+00  7.7167E+43  1.3189E+43  2.5989E+43  3.7989E+43
  1.4130E+00  9.8660E+43  2.0977E+43  2.9994E+43  4.7689E+43
  1.4960E+00  1.2361E+44  3.1769E+43  3.3774E+43  5.8066E+43
  1.5850E+00  1.5250E+44  4.6402E+43  3.7171E+43  6.8925E+43
  1.6790E+00  1.8553E+44  6.5361E+43  3.9957E+43  8.0214E+43
  1.7780E+00  2.2226E+44  8.8824E+43  4.1802E+43  9.1634E+43
  1.8840E+00  2.6198E+44  1.1694E+44  4.2470E+43  1.0257E+44
  1.9950E+00  3.0316E+44  1.4869E+44  4.1800E+43  1.1267E+44
  2.1130E+00  3.4430E+44  1.8310E+44  3.9860E+43  1.2134E+44
  2.2390E+00  3.8352E+44  2.1850E+44  3.6852E+43  1.2817E+44
  2.3710E+00  4.1887E+44  2.5267E+44  3.3061E+43  1.3313E+44
  2.5120E+00  4.4921E+44  2.8434E+44  2.8890E+43  1.3597E+44
  2.6610E+00  4.7326E+44  3.1168E+44  2.4640E+43  1.3694E+44
  2.8180E+00  4.9012E+44  3.3328E+44  2.0547E+43  1.3630E+44
  2.9850E+00  4.9977E+44  3.4879E+44  1.6802E+43  1.3418E+44
  3.1620E+00  5.0213E+44  3.5774E+44  1.3497E+43  1.3090E+44
  3.3500E+00  4.9837E+44  3.6112E+44  1.0684E+43  1.2657E+44
  3.5480E+00  4.8800E+44  3.5796E+44  8.3301E+42  1.2170E+44
  3.7580E+00  4.7255E+44  3.4982E+44  6.4121E+42  1.1632E+44
  3.9810E+00  4.5289E+44  3.3741E+44  4.8789E+42  1.1060E+44
  4.2170E+00  4.2985E+44  3.2146E+44  3.6730E+42  1.0472E+44
  4.4670E+00  4.0442E+44  3.0289E+44  2.7383E+42  9.8789E+43
  4.7320E+00  3.7779E+44  2.8291E+44  2.0238E+42  9.2861E+43
  5.0120E+00  3.5104E+44  2.6232E+44  1.4860E+42  8.7232E+43
  5.3090E+00  3.2181E+44  2.4165E+44  1.0754E+42  7.9079E+43
  5.6230E+00  2.9340E+44  2.2166E+44  7.7240E+41  7.0963E+43
  5.9570E+00  2.6644E+44  2.0286E+44  5.5150E+41  6.3026E+43
  6.3100E+00  2.3994E+44  1.8400E+44  3.8960E+41  5.5549E+43
  6.6830E+00  2.1677E+44  1.6792E+44  2.7509E+41  4.8572E+43
  7.0790E+00  1.9438E+44  1.5201E+44  1.9154E+41  4.2178E+43
  7.4990E+00  1.8106E+44  1.4497E+44  1.3670E+41  3.5955E+43
  7.9430E+00  1.9840E+44  1.6957E+44  1.1421E+41  2.8714E+43
  8.4140E+00  2.3038E+44  2.0916E+44  1.0685E+41  2.1111E+43
  8.9130E+00  2.3846E+44  2.2297E+44  9.5233E+40  1.5395E+43
  9.4410E+00  2.2999E+44  2.1867E+44  8.7983E+40  1.1232E+43
  1.0000E+01  2.0116E+44  1.9105E+44  6.6952E+40  1.0047E+43
  1.0590E+01  1.7070E+44  1.6143E+44  4.8169E+40  9.2306E+42
  1.1220E+01  1.3945E+44  1.3089E+44  3.1137E+40  8.5288E+42
  1.1890E+01  1.1300E+44  1.0535E+44  1.9919E+40  7.6299E+42
  1.2590E+01  9.1364E+43  8.4623E+43  1.2418E+40  6.7286E+42
  1.3340E+01  7.4528E+43  6.8712E+43  7.6701E+39  5.8092E+42
  1.4130E+01  6.3572E+43  5.8669E+43  4.8413E+39  4.8975E+42
  1.4960E+01  5.9651E+43  5.5669E+43  3.4337E+39  3.9791E+42
  1.5850E+01  5.7310E+43  5.4123E+43  2.5960E+39  3.1839E+42
  1.6790E+01  5.5239E+43  5.2701E+43  2.0461E+39  2.5365E+42
  1.7780E+01  5.2458E+43  5.0420E+43  1.6394E+39  2.0359E+42
  1.8840E+01  4.8469E+43  4.6810E+43  1.2870E+39  1.6577E+42
  1.9950E+01  4.3677E+43  4.2299E+43  9.6136E+38  1.3761E+42
  2.1130E+01  3.9285E+43  3.8142E+43  6.9509E+38  1.1422E+42
  2.2390E+01  3.5567E+43  3.4625E+43  5.0356E+38  9.4149E+41
  2.3710E+01  3.2344E+43  3.1569E+43  3.6462E+38  7.7479E+41
  2.5120E+01  2.9374E+43  2.8740E+43  2.6419E+38  6.3430E+41
  2.6610E+01  2.6563E+43  2.6045E+43  1.9015E+38  5.1829E+41
  2.8180E+01  2.3862E+43  2.3439E+43  1.3631E+38  4.2296E+41
  2.9850E+01  2.1204E+43  2.0859E+43  9.6885E+37  3.4421E+41
  3.1620E+01  1.8594E+43  1.8314E+43  6.7980E+37  2.7967E+41
  3.3500E+01  1.6062E+43  1.5835E+43  4.7032E+37  2.2682E+41
  3.5480E+01  1.3669E+43  1.3485E+43  3.2087E+37  1.8395E+41
  3.7580E+01  1.1446E+43  1.1297E+43  2.1549E+37  1.4900E+41
  3.9810E+01  9.4206E+42  9.3001E+42  1.4239E+37  1.2055E+41
  4.2170E+01  7.6389E+42  7.5415E+42  9.2652E+36  9.7476E+40
  4.4670E+01  6.1097E+42  6.0309E+42  5.9367E+36  7.8743E+40
  4.7320E+01  4.8275E+42  4.7639E+42  3.7533E+36  6.3538E+40
  5.0120E+01  3.7741E+42  3.7229E+42  2.3451E+36  5.1248E+40
  5.3090E+01  2.9207E+42  2.8794E+42  1.4490E+36  4.1281E+40
  5.6230E+01  2.2419E+42  2.2086E+42  8.8709E+35  3.3235E+40
  5.9570E+01  1.7063E+42  1.6796E+42  5.3801E+35  2.6706E+40
  6.3100E+01  1.2908E+42  1.2693E+42  3.2407E+35  2.1453E+40
  6.6830E+01  9.7128E+41  9.5405E+41  1.9406E+35  1.7227E+40
  7.0790E+01  7.2718E+41  7.1337E+41  1.1556E+35  1.3816E+40
  7.4990E+01  5.4193E+41  5.3087E+41  6.8470E+34  1.1069E+40
  7.9430E+01  4.0254E+41  3.9367E+41  4.0427E+34  8.8663E+39
  8.4140E+01  2.9801E+41  2.9091E+41  2.3779E+34  7.0952E+39
  8.9130E+01  2.2016E+41  2.1448E+41  1.3956E+34  5.6742E+39
  9.4410E+01  1.6233E+41  1.5779E+41  8.1741E+33  4.5367E+39
  1.0000E+02  1.1946E+41  1.1583E+41  4.7778E+33  3.6259E+39
  1.0590E+02  8.7879E+40  8.4980E+40  2.7919E+33  2.8988E+39
  1.1220E+02  6.4572E+40  6.2259E+40  1.6288E+33  2.3125E+39
  1.1890E+02  4.7514E+40  4.5672E+40  9.5167E+32  1.8425E+39
  1.2590E+02  3.5203E+40  3.3731E+40  5.5998E+32  1.4720E+39
  1.3340E+02  2.6172E+40  2.4999E+40  3.3110E+32  1.1726E+39
  1.4130E+02  1.9315E+40  1.8380E+40  1.9504E+32  9.3508E+38
  1.4960E+02  1.3965E+40  1.3218E+40  1.1247E+32  7.4691E+38
  1.5850E+02  1.0029E+40  9.4343E+39  6.4248E+31  5.9480E+38
  1.7780E+02  5.2361E+39  4.8581E+39  2.1199E+31  3.7792E+38
  1.9950E+02  2.7504E+39  2.5107E+39  7.0428E+30  2.3969E+38
  2.2390E+02  1.4480E+39  1.2962E+39  2.3485E+30  1.5178E+38
  2.5120E+02  7.6496E+38  6.6877E+38  7.8683E+29  9.6188E+37
  2.8180E+02  4.0534E+38  3.4439E+38  2.6479E+29  6.0949E+37
  3.1620E+02  2.1541E+38  1.7684E+38  8.9489E+28  3.8570E+37
  3.5480E+02  1.1503E+38  9.0634E+37  3.0425E+28  2.4397E+37
  3.9810E+02  6.1797E+37  4.6367E+37  1.0424E+28  1.5430E+37
  4.4670E+02  3.3433E+37  2.3679E+37  3.6009E+27  9.7542E+36
  5.0120E+02  1.8243E+37  1.2076E+37  1.2561E+27  6.1664E+36
  5.6230E+02  1.0052E+37  6.1530E+36  4.4279E+26  3.8988E+36
  6.3100E+02  5.5903E+36  3.1281E+36  1.5768E+26  2.4622E+36
  7.0790E+02  3.1465E+36  1.5901E+36  5.6845E+25  1.5564E+36
  7.9430E+02  1.7899E+36  8.0681E+35  2.0709E+25  9.8306E+35
  8.9130E+02  1.0295E+36  4.0883E+35  7.6249E+24  6.2067E+35
  1.0000E+03  5.9916E+35  2.0707E+35  2.8389E+24  3.9209E+35
