  1.0000E-03  8.8570E+44  0.0000E+00  9.0823E+42  8.7662E+44
  1.1220E-03  9.9436E+44  0.0000E+00  1.0784E+43  9.8357E+44
  1.2590E-03  1.1159E+45  0.0000E+00  1.2240E+43  1.1037E+45
  1.4130E-03  1.2521E+45  0.0000E+00  1.3403E+43  1.2387E+45
  1.5850E-03  1.4039E+45  0.0000E+00  1.4480E+43  1.3894E+45
  1.7780E-03  1.5762E+45  0.0000E+00  1.7640E+43  1.5586E+45
  1.9950E-03  1.7682E+45  0.0000E+00  1.9413E+43  1.7488E+45
  2.2390E-03  1.9825E+45  0.0000E+00  1.9745E+43  1.9627E+45
  2.5120E-03  2.2268E+45  0.0000E+00  2.4815E+43  2.2020E+45
  2.8180E-03  2.4967E+45  0.0000E+00  2.6498E+43  2.4702E+45
  3.1620E-03  2.7992E+45  0.0000E+00  2.7318E+43  2.7718E+45
  3.5480E-03  3.1379E+45  0.0000E+00  2.7620E+43  3.1103E+45
  3.9810E-03  3.5173E+45  0.0000E+00  2.7497E+43  3.4898E+45
  4.4670E-03  3.9773E+45  0.0000E+00  6.1498E+43  3.9158E+45
  5.0120E-03  4.4625E+45  0.0000E+00  6.8930E+43  4.3936E+45
  5.6230E-03  5.0042E+45  0.0000E+00  7.5008E+43  4.9292E+45
  5.9570E-03  5.2997E+45  0.0000E+00  7.7707E+43  5.2220E+45
  6.6830E-03  5.9414E+45  0.0000E+00  8.2884E+43  5.8585E+45
  7.4990E-03  6.6626E+45  0.0000E+00  8.8824E+43  6.5738E+45
  8.4140E-03  7.4703E+45  0.0000E+00  9.4429E+43  7.3758E+45
  9.4410E-03  8.3760E+45  0.0000E+00  9.9917E+43  8.2761E+45
  1.0590E-02  9.3878E+45  0.0000E+00  1.0447E+44  9.2833E+45
  1.1890E-02  1.0537E+46  0.0000E+00  1.1409E+44  1.0423E+46
  1.3340E-02  1.1815E+46  0.0000E+00  1.2100E+44  1.1694E+46
  1.4960E-02  1.3243E+46  0.0000E+00  1.2913E+44  1.3114E+46
  1.6790E-02  1.4856E+46  0.0000E+00  1.3741E+44  1.4718E+46
  1.8840E-02  1.6662E+46  0.0000E+00  1.4615E+44  1.6515E+46
  2.1130E-02  1.8681E+46  0.0000E+00  1.5704E+44  1.8524E+46
  2.3710E-02  2.0953E+46  0.0000E+00  1.6847E+44  2.0785E+46
  2.6610E-02  2.3507E+46  0.0000E+00  1.8072E+44  2.3326E+46
  2.9850E-02  2.6360E+46  1.0591E-82  1.9380E+44  2.6166E+46
  3.3500E-02  2.9574E+46  6.6376E-68  2.0731E+44  2.9367E+46
  3.7580E-02  3.3166E+46  8.3181E-55  2.2319E+44  3.2942E+46
  4.2170E-02  3.7243E+46  3.5549E-43  2.7557E+44  3.6967E+46
  4.7320E-02  4.1786E+46  9.0120E-33  3.0407E+44  4.1482E+46
  5.3090E-02  4.3522E+46  1.5588E-23  3.0942E+44  4.3212E+46
  6.6830E-02  4.1555E+46  5.1170E-08  2.8679E+44  4.1268E+46
  7.4990E-02  4.0604E+46  1.6001E-01  2.7604E+44  4.0328E+46
  8.4140E-02  3.9675E+46  8.4585E+04  2.6517E+44  3.9410E+46
  9.4410E-02  3.8773E+46  1.0264E+10  2.5995E+44  3.8513E+46
  1.0590E-01  3.5303E+46  3.0656E+14  2.4782E+44  3.5055E+46
  1.1890E-01  2.9669E+46  2.5770E+18  2.0164E+44  2.9467E+46
  1.3340E-01  2.4965E+46  5.7976E+21  1.6900E+44  2.4795E+46
  1.4960E-01  2.1004E+46  7.0966E+24  1.2544E+44  2.0878E+46
  1.5850E-01  1.9252E+46  2.1133E+26  1.0666E+44  1.9145E+46
  1.7780E-01  1.6198E+46  1.0442E+29  8.3773E+43  1.6114E+46
  1.9950E-01  1.3622E+46  2.6966E+31  6.4170E+43  1.3558E+46
  2.2390E-01  1.1464E+46  3.0719E+33  6.1255E+43  1.1403E+46
  2.3710E-01  1.0528E+46  2.1626E+34  6.3277E+43  1.0464E+46
  2.5120E-01  9.6575E+45  1.3182E+35  6.1636E+43  9.5958E+45
  2.6610E-01  8.8588E+45  7.3937E+35  5.7574E+43  8.8012E+45
  2.8180E-01  8.1290E+45  3.7611E+36  5.2968E+43  8.0761E+45
  2.9850E-01  7.4567E+45  1.7333E+37  4.8826E+43  7.4079E+45
  3.1620E-01  6.8401E+45  7.1635E+37  4.5484E+43  6.7947E+45
  3.3500E-01  6.2733E+45  2.6989E+38  4.2501E+43  6.2308E+45
  3.5480E-01  5.7562E+45  9.2927E+38  3.9745E+43  5.7165E+45
  3.7580E-01  5.2814E+45  2.9573E+39  3.7217E+43  5.2442E+45
  3.9810E-01  4.8447E+45  8.6626E+39  3.4973E+43  4.8097E+45
  4.2170E-01  4.4447E+45  2.3345E+40  3.2994E+43  4.4116E+45
  4.4670E-01  4.0779E+45  5.8326E+40  3.1264E+43  4.0466E+45
  4.7320E-01  3.7412E+45  1.3703E+41  2.9615E+43  3.7115E+45
  5.0120E-01  3.4331E+45  3.0346E+41  2.8002E+43  3.4048E+45
  5.3090E-01  3.1503E+45  6.3710E+41  2.6432E+43  3.1232E+45
  5.6230E-01  2.8913E+45  1.2651E+42  2.4948E+43  2.8651E+45
  5.9570E-01  2.6535E+45  2.3927E+42  2.3523E+43  2.6276E+45
  6.3100E-01  2.4368E+45  4.3083E+42  2.2151E+43  2.4103E+45
  6.6830E-01  2.2396E+45  7.3955E+42  2.0817E+43  2.2114E+45
  7.0790E-01  2.0601E+45  1.2153E+43  1.9568E+43  2.0284E+45
  7.4990E-01  1.8980E+45  1.9140E+43  1.8387E+43  1.8605E+45
  7.9430E-01  1.7528E+45  2.8938E+43  1.7269E+43  1.7066E+45
  8.4140E-01  1.6237E+45  4.2157E+43  1.6223E+43  1.5653E+45
  8.9130E-01  1.5104E+45  5.9383E+43  1.5240E+43  1.4357E+45
  9.4410E-01  1.4121E+45  8.0815E+43  1.4326E+43  1.3170E+45
  1.0000E+00  1.3280E+45  1.0640E+44  1.3467E+43  1.2081E+45
  1.0590E+00  1.2571E+45  1.3580E+44  1.2673E+43  1.1086E+45
  1.1220E+00  1.1976E+45  1.6911E+44  1.1911E+43  1.0165E+45
  1.1890E+00  1.1487E+45  2.0574E+44  1.1151E+43  9.3183E+44
  1.2590E+00  1.1094E+45  2.4388E+44  1.0360E+43  8.5520E+44
  1.3340E+00  1.0765E+45  2.8288E+44  9.5630E+42  7.8411E+44
  1.4130E+00  1.0480E+45  3.1998E+44  8.7783E+42  7.1927E+44
  1.4960E+00  1.0224E+45  3.5417E+44  7.9932E+42  6.6026E+44
  1.5850E+00  9.9844E+44  3.8581E+44  7.1972E+42  6.0543E+44
  1.6790E+00  9.7419E+44  4.1250E+44  6.3839E+42  5.5530E+44
  1.7780E+00  9.4805E+44  4.3292E+44  5.5586E+42  5.0957E+44
  1.8840E+00  9.1969E+44  4.4775E+44  4.7448E+42  4.6719E+44
  1.9950E+00  8.8862E+44  4.5590E+44  3.9669E+42  4.2875E+44
  2.1130E+00  8.5460E+44  4.5802E+44  3.2498E+42  3.9333E+44
  2.2390E+00  8.1726E+44  4.5404E+44  2.6105E+42  3.6061E+44
  2.3710E+00  7.7733E+44  4.4436E+44  2.0598E+42  3.3092E+44
  2.5120E+00  7.3543E+44  4.3038E+44  1.6010E+42  3.0344E+44
  2.6610E+00  6.9203E+44  4.1248E+44  1.2278E+42  2.7832E+44
  2.8180E+00  6.4756E+44  3.9125E+44  9.3011E+41  2.5538E+44
  2.9850E+00  6.0293E+44  3.6796E+44  6.9749E+41  2.3426E+44
  3.1620E+00  5.5848E+44  3.4309E+44  5.1825E+41  2.1487E+44
  3.3500E+00  5.1592E+44  3.1850E+44  3.8272E+41  1.9704E+44
  3.5480E+00  4.7430E+44  2.9324E+44  2.8054E+41  1.8078E+44
  3.7580E+00  4.3466E+44  2.6862E+44  2.0446E+41  1.6583E+44
  3.9810E+00  3.9710E+44  2.4485E+44  1.4823E+41  1.5210E+44
  4.2170E+00  3.6173E+44  2.2212E+44  1.0696E+41  1.3951E+44
  4.4670E+00  3.2863E+44  2.0059E+44  7.6834E+40  1.2796E+44
  4.7320E+00  2.9795E+44  1.8053E+44  5.4955E+40  1.1737E+44
  5.0120E+00  2.6994E+44  1.6199E+44  3.9207E+40  1.0791E+44
  5.3090E+00  2.4088E+44  1.4483E+44  2.7509E+40  9.6024E+43
  5.6230E+00  2.1400E+44  1.2917E+44  1.9168E+40  8.4805E+43
  5.9570E+00  1.8934E+44  1.1501E+44  1.3272E+40  7.4316E+43
  6.3100E+00  1.6622E+44  1.0150E+44  9.0951E+39  6.4710E+43
  6.6830E+00  1.4623E+44  9.0210E+43  6.2219E+39  5.6014E+43
  7.0790E+00  1.2762E+44  7.9428E+43  4.1965E+39  4.8190E+43
  7.4990E+00  1.1376E+44  7.2533E+43  2.8607E+39  4.1229E+43
  7.9430E+00  1.1423E+44  7.9122E+43  2.2094E+39  3.5109E+43
  8.4140E+00  1.2743E+44  9.7672E+43  2.0118E+39  2.9752E+43
  8.9130E+00  1.3594E+44  1.1083E+44  1.8578E+39  2.5104E+43
  9.4410E+00  1.3938E+44  1.1828E+44  1.8219E+39  2.1101E+43
  1.0000E+01  1.1579E+44  9.8114E+43  1.3061E+39  1.7671E+43
  1.0590E+01  9.1826E+43  7.7067E+43  8.6953E+38  1.4758E+43
  1.1220E+01  6.9860E+43  5.7593E+43  5.1757E+38  1.2267E+43
  1.1890E+01  5.3469E+43  4.3310E+43  3.0967E+38  1.0159E+43
  1.2590E+01  4.0987E+43  3.2575E+43  1.8129E+38  8.4119E+42
  1.3340E+01  3.1691E+43  2.4759E+43  1.0535E+38  6.9319E+42
  1.4130E+01  2.5629E+43  1.9924E+43  6.2828E+37  5.7050E+42
  1.4960E+01  2.3082E+43  1.8390E+43  4.2830E+37  4.6919E+42
  1.5850E+01  2.1426E+43  1.7584E+43  3.1331E+37  3.8414E+42
  1.6790E+01  2.0010E+43  1.6869E+43  2.3945E+37  3.1409E+42
  1.7780E+01  1.8254E+43  1.5687E+43  1.8427E+37  2.5663E+42
  1.8840E+01  1.5846E+43  1.3757E+43  1.3575E+37  2.0888E+42
  1.9950E+01  1.3085E+43  1.1384E+43  9.2759E+36  1.7013E+42
  2.1130E+01  1.0667E+43  9.2845E+42  6.0708E+36  1.3827E+42
  2.2390E+01  8.7250E+42  7.6047E+42  3.9706E+36  1.1203E+42
  2.3710E+01  7.1621E+42  6.2535E+42  2.5942E+36  9.0864E+41
  2.5120E+01  5.8731E+42  5.1383E+42  1.6968E+36  7.3479E+41
  2.6610E+01  4.8042E+42  4.2103E+42  1.1047E+36  5.9383E+41
  2.8180E+01  3.9204E+42  3.4404E+42  7.1942E+35  4.7994E+41
  2.9850E+01  3.1795E+42  2.7923E+42  4.6685E+35  3.8717E+41
  3.1620E+01  2.5583E+42  2.2463E+42  3.0076E+35  3.1199E+41
  3.3500E+01  2.0400E+42  1.7890E+42  1.9229E+35  2.5106E+41
  3.5480E+01  1.6140E+42  1.4119E+42  1.2216E+35  2.0210E+41
  3.7580E+01  1.2640E+42  1.1014E+42  7.6881E+34  1.6253E+41
  3.9810E+01  9.7813E+41  8.4760E+41  4.7879E+34  1.3054E+41
  4.2170E+01  7.4990E+41  6.4511E+41  2.9541E+34  1.0479E+41
  4.4670E+01  5.7013E+41  4.8606E+41  1.8054E+34  8.4074E+40
  4.7320E+01  4.3046E+41  3.6306E+41  1.0950E+34  6.7400E+40
  5.0120E+01  3.2329E+41  2.6926E+41  6.6023E+33  5.4034E+40
  5.3090E+01  2.4157E+41  1.9829E+41  3.9591E+33  4.3282E+40
  5.6230E+01  1.7995E+41  1.4528E+41  2.3656E+33  3.4667E+40
  5.9570E+01  1.3354E+41  1.0581E+41  1.4078E+33  2.7728E+40
  6.3100E+01  9.8988E+40  7.6807E+40  8.3664E+32  2.2180E+40
  6.6830E+01  7.3338E+40  5.5594E+40  4.9695E+32  1.7744E+40
  7.0790E+01  5.4307E+40  4.0124E+40  2.9501E+32  1.4183E+40
  7.4990E+01  4.0212E+40  2.8883E+40  1.7515E+32  1.1329E+40
  7.9430E+01  2.9814E+40  2.0763E+40  1.0415E+32  9.0505E+39
  8.4140E+01  2.2128E+40  1.4902E+40  6.1986E+31  7.2256E+39
  8.9130E+01  1.6457E+40  1.0690E+40  3.6974E+31  5.7665E+39
  9.4410E+01  1.2267E+40  7.6648E+39  2.2108E+31  4.6021E+39
  1.0000E+02  9.1647E+39  5.4925E+39  1.3249E+31  3.6722E+39
  1.0590E+02  6.8709E+39  3.9393E+39  7.9693E+30  2.9317E+39
  1.1220E+02  5.1603E+39  2.8246E+39  4.7989E+30  2.3358E+39
  1.1890E+02  3.8889E+39  2.0299E+39  2.8989E+30  1.8590E+39
  1.2590E+02  2.9540E+39  1.4701E+39  1.7643E+30  1.4838E+39
  1.3340E+02  2.2499E+39  1.0688E+39  1.0775E+30  1.1811E+39
  1.4130E+02  1.7136E+39  7.7243E+38  6.6080E+29  9.4117E+38
  1.4960E+02  1.2991E+39  5.4787E+38  4.0353E+29  7.5121E+38
  1.5850E+02  9.8373E+38  3.8592E+38  2.4547E+29  5.9781E+38
  1.7780E+02  5.7321E+38  1.9379E+38  9.1945E+28  3.7942E+38
  1.9950E+02  3.3831E+38  9.7879E+37  3.4806E+28  2.4043E+38
  2.2390E+02  2.0166E+38  4.9505E+37  1.3288E+28  1.5216E+38
  2.5120E+02  1.2146E+38  2.5084E+37  5.1168E+27  9.6376E+37
  2.8180E+02  7.3755E+37  1.2712E+37  1.9834E+27  6.1043E+37
  3.1620E+02  4.5052E+37  6.4351E+36  7.7214E+26  3.8617E+37
  3.5480E+02  2.7678E+37  3.2569E+36  3.0178E+26  2.4421E+37
  3.9810E+02  1.7090E+37  1.6477E+36  1.1841E+26  1.5442E+37
  4.4670E+02  1.0593E+37  8.3315E+35  4.6589E+25  9.7603E+36
  5.0120E+02  6.5907E+36  4.2119E+35  1.8379E+25  6.1695E+36
  5.6230E+02  4.1133E+36  2.1294E+35  7.2653E+24  3.9003E+36
  6.3100E+02  2.5704E+36  1.0750E+35  2.8742E+24  2.4629E+36
  7.0790E+02  1.6111E+36  5.4310E+34  1.1398E+24  1.5568E+36
  7.9430E+02  1.0107E+36  2.7405E+34  4.5209E+23  9.8325E+35
  8.9130E+02  6.3459E+35  1.3819E+34  1.7942E+23  6.2077E+35
  1.0000E+03  3.9910E+35  6.9688E+33  7.1301E+22  3.9214E+35
