  1.0000E-03  8.8650E+44  0.0000E+00  9.8777E+42  8.7662E+44
  1.1220E-03  9.9548E+44  0.0000E+00  1.1904E+43  9.8357E+44
  1.2590E-03  1.1174E+45  0.0000E+00  1.3731E+43  1.1037E+45
  1.4130E-03  1.2539E+45  0.0000E+00  1.5257E+43  1.2387E+45
  1.5850E-03  1.4061E+45  0.0000E+00  1.6631E+43  1.3894E+45
  1.7780E-03  1.5791E+45  0.0000E+00  2.0470E+43  1.5586E+45
  1.9950E-03  1.7719E+45  0.0000E+00  2.3067E+43  1.7488E+45
  2.2390E-03  1.9863E+45  0.0000E+00  2.3576E+43  1.9627E+45
  2.5120E-03  2.2325E+45  0.0000E+00  3.0465E+43  2.2020E+45
  2.8180E-03  2.5036E+45  0.0000E+00  3.3378E+43  2.4702E+45
  3.1620E-03  2.8069E+45  0.0000E+00  3.5014E+43  2.7718E+45
  3.5480E-03  3.1463E+45  0.0000E+00  3.5962E+43  3.1103E+45
  3.9810E-03  3.5263E+45  0.0000E+00  3.6424E+43  3.4898E+45
  4.4670E-03  3.9935E+45  0.0000E+00  7.7705E+43  3.9158E+45
  5.0120E-03  4.4803E+45  0.0000E+00  8.6735E+43  4.3936E+45
  5.6230E-03  5.0226E+45  0.0000E+00  9.3386E+43  4.9292E+45
  5.9570E-03  5.3181E+45  0.0000E+00  9.6012E+43  5.2220E+45
  6.6830E-03  5.9591E+45  0.0000E+00  1.0058E+44  5.8585E+45
  7.4990E-03  6.6794E+45  0.0000E+00  1.0563E+44  6.5738E+45
  8.4140E-03  7.4859E+45  0.0000E+00  1.1003E+44  7.3758E+45
  9.4410E-03  8.3897E+45  0.0000E+00  1.1364E+44  8.2761E+45
  1.0590E-02  9.3980E+45  0.0000E+00  1.1466E+44  9.2833E+45
  1.1890E-02  1.0547E+46  0.0000E+00  1.2436E+44  1.0423E+46
  1.3340E-02  1.1822E+46  0.0000E+00  1.2847E+44  1.1694E+46
  1.4960E-02  1.3248E+46  0.0000E+00  1.3407E+44  1.3114E+46
  1.6790E-02  1.4857E+46  0.0000E+00  1.3869E+44  1.4718E+46
  1.8840E-02  1.6658E+46  0.0000E+00  1.4263E+44  1.6515E+46
  2.1130E-02  1.8673E+46  0.0000E+00  1.4927E+44  1.8524E+46
  2.3710E-02  2.0940E+46  0.0000E+00  1.5511E+44  2.0785E+46
  2.6610E-02  2.3487E+46  0.0000E+00  1.6044E+44  2.3326E+46
  2.9850E-02  2.6332E+46  1.3133E-82  1.6525E+44  2.6166E+46
  3.3500E-02  2.9536E+46  8.3860E-68  1.6954E+44  2.9367E+46
  3.7580E-02  3.3125E+46  1.0529E-54  1.8289E+44  3.2942E+46
  4.2170E-02  3.7178E+46  4.5689E-43  2.1068E+44  3.6967E+46
  4.7320E-02  4.1688E+46  1.2012E-32  2.0602E+44  4.1482E+46
  5.3090E-02  4.3397E+46  2.1474E-23  1.8499E+44  4.3212E+46
  6.6830E-02  4.1394E+46  7.5368E-08  1.2579E+44  4.1268E+46
  7.4990E-02  4.0437E+46  2.4146E-01  1.0834E+44  4.0328E+46
  8.4140E-02  3.9517E+46  1.2785E+05  1.0642E+44  3.9410E+46
  9.4410E-02  3.8619E+46  1.5470E+10  1.0689E+44  3.8513E+46
  1.0590E-01  3.5171E+46  4.4993E+14  1.1518E+44  3.5055E+46
  1.1890E-01  2.9587E+46  3.5481E+18  1.1931E+44  2.9467E+46
  1.3340E-01  2.4923E+46  7.4542E+21  1.2779E+44  2.4795E+46
  1.4960E-01  2.1001E+46  8.6439E+24  1.2280E+44  2.0878E+46
  1.5850E-01  1.9259E+46  2.5522E+26  1.1409E+44  1.9145E+46
  1.7780E-01  1.6201E+46  1.3036E+29  8.6576E+43  1.6114E+46
  1.9950E-01  1.3605E+46  3.6671E+31  4.6816E+43  1.3558E+46
  2.2390E-01  1.1437E+46  4.3457E+33  3.4052E+43  1.1403E+46
  2.3710E-01  1.0504E+46  2.9633E+34  3.9361E+43  1.0464E+46
  2.5120E-01  9.6405E+45  1.7321E+35  4.4700E+43  9.5958E+45
  2.6610E-01  8.8481E+45  9.3981E+35  4.6882E+43  8.8012E+45
  2.8180E-01  8.1228E+45  4.6584E+36  4.6777E+43  8.0761E+45
  2.9850E-01  7.4537E+45  2.1005E+37  4.5801E+43  7.4079E+45
  3.1620E-01  6.8394E+45  8.5039E+37  4.4773E+43  6.7947E+45
  3.3500E-01  6.2744E+45  3.1413E+38  4.3556E+43  6.2308E+45
  3.5480E-01  5.7585E+45  1.0619E+39  4.2059E+43  5.7165E+45
  3.7580E-01  5.2846E+45  3.3183E+39  4.0409E+43  5.2442E+45
  3.9810E-01  4.8486E+45  9.5477E+39  3.8809E+43  4.8097E+45
  4.2170E-01  4.4489E+45  2.5233E+40  3.7261E+43  4.4116E+45
  4.4670E-01  4.0825E+45  6.1788E+40  3.5857E+43  4.0466E+45
  4.7320E-01  3.7460E+45  1.4221E+41  3.4391E+43  3.7115E+45
  5.0120E-01  3.4379E+45  3.0847E+41  3.2837E+43  3.4048E+45
  5.3090E-01  3.1550E+45  6.3386E+41  3.1204E+43  3.1232E+45
  5.6230E-01  2.8960E+45  1.2324E+42  2.9602E+43  2.8651E+45
  5.9570E-01  2.6578E+45  2.2824E+42  2.7994E+43  2.6276E+45
  6.3100E-01  2.4407E+45  4.0219E+42  2.6388E+43  2.4103E+45
  6.6830E-01  2.2429E+45  6.7538E+42  2.4763E+43  2.2114E+45
  7.0790E-01  2.0625E+45  1.0851E+43  2.3208E+43  2.0284E+45
  7.4990E-01  1.8989E+45  1.6709E+43  2.1708E+43  1.8605E+45
  7.9430E-01  1.7515E+45  2.4684E+43  2.0252E+43  1.7066E+45
  8.4140E-01  1.6193E+45  3.5121E+43  1.8832E+43  1.5653E+45
  8.9130E-01  1.5014E+45  4.8250E+43  1.7444E+43  1.4357E+45
  9.4410E-01  1.3971E+45  6.4048E+43  1.6094E+43  1.3170E+45
  1.0000E+00  1.3052E+45  8.2338E+43  1.4786E+43  1.2081E+45
  1.0590E+00  1.2248E+45  1.0271E+44  1.3552E+43  1.1086E+45
  1.1220E+00  1.1540E+45  1.2506E+44  1.2367E+43  1.0165E+45
  1.1890E+00  1.0919E+45  1.4888E+44  1.1214E+43  9.3183E+44
  1.2590E+00  1.0380E+45  1.7273E+44  1.0076E+43  8.5520E+44
  1.3340E+00  9.8954E+44  1.9644E+44  8.9871E+42  7.8411E+44
  1.4130E+00  9.4568E+44  2.1843E+44  7.9785E+42  7.1927E+44
  1.4960E+00  9.0551E+44  2.3822E+44  7.0394E+42  6.6026E+44
  1.5850E+00  8.6783E+44  2.5624E+44  6.1537E+42  6.0543E+44
  1.6790E+00  8.3167E+44  2.7105E+44  5.3171E+42  5.5530E+44
  1.7780E+00  7.9609E+44  2.8198E+44  4.5285E+42  5.0957E+44
  1.8840E+00  7.6075E+44  2.8977E+44  3.7961E+42  4.6719E+44
  1.9950E+00  7.2567E+44  2.9379E+44  3.1312E+42  4.2875E+44
  2.1130E+00  6.9049E+44  2.9462E+44  2.5417E+42  3.9333E+44
  2.2390E+00  6.5487E+44  2.9223E+44  2.0313E+42  3.6061E+44
  2.3710E+00  6.1927E+44  2.8676E+44  1.6010E+42  3.3092E+44
  2.5120E+00  5.8376E+44  2.7907E+44  1.2468E+42  3.0344E+44
  2.6610E+00  5.4849E+44  2.6921E+44  9.6074E+41  2.7832E+44
  2.8180E+00  5.1349E+44  2.5737E+44  7.3317E+41  2.5538E+44
  2.9850E+00  4.7909E+44  2.4428E+44  5.5492E+41  2.3426E+44
  3.1620E+00  4.4536E+44  2.3008E+44  4.1688E+41  2.1487E+44
  3.3500E+00  4.1330E+44  2.1595E+44  3.1159E+41  1.9704E+44
  3.5480E+00  3.8209E+44  2.0108E+44  2.3148E+41  1.8078E+44
  3.7580E+00  3.5239E+44  1.8638E+44  1.7113E+41  1.6583E+44
  3.9810E+00  3.2424E+44  1.7201E+44  1.2598E+41  1.5210E+44
  4.2170E+00  2.9769E+44  1.5809E+44  9.2385E+40  1.3951E+44
  4.4670E+00  2.7281E+44  1.4478E+44  6.7513E+40  1.2796E+44
  4.7320E+00  2.4976E+44  1.3234E+44  4.9178E+40  1.1737E+44
  5.0120E+00  2.2882E+44  1.2087E+44  3.5781E+40  1.0791E+44
  5.3090E+00  2.0636E+44  1.1031E+44  2.5583E+40  9.6024E+43
  5.6230E+00  1.8559E+44  1.0076E+44  1.8192E+40  8.4805E+43
  5.9570E+00  1.6661E+44  9.2286E+43  1.2879E+40  7.4316E+43
  6.3100E+00  1.4880E+44  8.4081E+43  9.0442E+39  6.4710E+43
  6.6830E+00  1.3351E+44  7.7488E+43  6.3531E+39  5.6014E+43
  7.0790E+00  1.1924E+44  7.1049E+43  4.4117E+39  4.8190E+43
  7.4990E+00  1.0966E+44  6.8431E+43  3.1031E+39  4.1229E+43
  7.9430E+00  1.1590E+44  8.0785E+43  2.4657E+39  3.5109E+43
  8.4140E+00  1.3751E+44  1.0775E+44  2.2918E+39  2.9752E+43
  8.9130E+00  1.5458E+44  1.2947E+44  2.1608E+39  2.5104E+43
  9.4410E+00  1.6598E+44  1.4488E+44  2.1715E+39  2.1101E+43
  1.0000E+01  1.4051E+44  1.2283E+44  1.6156E+39  1.7671E+43
  1.0590E+01  1.1382E+44  9.9061E+43  1.1257E+39  1.4758E+43
  1.1220E+01  8.9362E+43  7.7094E+43  7.1013E+38  1.2267E+43
  1.1890E+01  7.1564E+43  6.1404E+43  4.5326E+38  1.0159E+43
  1.2590E+01  5.8340E+43  4.9928E+43  2.8642E+38  8.4119E+42
  1.3340E+01  4.8746E+43  4.1814E+43  1.8132E+38  6.9319E+42
  1.4130E+01  4.2916E+43  3.7211E+43  1.1762E+38  5.7050E+42
  1.4960E+01  4.1508E+43  3.6816E+43  8.5199E+37  4.6919E+42
  1.5850E+01  4.1351E+43  3.7510E+43  6.6056E+37  3.8414E+42
  1.6790E+01  4.1617E+43  3.8476E+43  5.3718E+37  3.1409E+42
  1.7780E+01  4.1426E+43  3.8859E+43  4.4580E+37  2.5663E+42
  1.8840E+01  4.0116E+43  3.8027E+43  3.6250E+37  2.0888E+42
  1.9950E+01  3.7813E+43  3.6112E+43  2.7990E+37  1.7013E+42
  2.1130E+01  3.5650E+43  3.4267E+43  2.0938E+37  1.3827E+42
  2.2390E+01  3.3902E+43  3.2781E+43  1.5712E+37  1.1203E+42
  2.3710E+01  3.2379E+43  3.1471E+43  1.1782E+37  9.0864E+41
  2.5120E+01  3.0879E+43  3.0144E+43  8.8376E+36  7.3479E+41
  2.6610E+01  2.9284E+43  2.8690E+43  6.5786E+36  5.9383E+41
  2.8180E+01  2.7536E+43  2.7056E+43  4.8711E+36  4.7994E+41
  2.9850E+01  2.5571E+43  2.5184E+43  3.5720E+36  3.8717E+41
  3.1620E+01  2.3389E+43  2.3077E+43  2.5825E+36  3.1199E+41
  3.3500E+01  2.1034E+43  2.0783E+43  1.8386E+36  2.5106E+41
  3.5480E+01  1.8594E+43  1.8392E+43  1.2889E+36  2.0210E+41
  3.7580E+01  1.6143E+43  1.5981E+43  8.8828E+35  1.6253E+41
  3.9810E+01  1.3752E+43  1.3622E+43  6.0166E+35  1.3054E+41
  4.2170E+01  1.1521E+43  1.1416E+43  4.0081E+35  1.0479E+41
  4.4670E+01  9.5038E+42  9.4197E+42  2.6264E+35  8.4074E+40
  4.7320E+01  7.7323E+42  7.6649E+42  1.6963E+35  6.7400E+40
  5.0120E+01  6.2141E+42  6.1601E+42  1.0816E+35  5.4034E+40
  5.3090E+01  4.9359E+42  4.8927E+42  6.8131E+34  4.3282E+40
  5.6230E+01  3.8827E+42  3.8481E+42  4.2477E+34  3.4667E+40
  5.9570E+01  3.0243E+42  2.9966E+42  2.6213E+34  2.7728E+40
  6.3100E+01  2.3380E+42  2.3158E+42  1.6049E+34  2.2180E+40
  6.6830E+01  1.7952E+42  1.7775E+42  9.7596E+33  1.7744E+40
  7.0790E+01  1.3698E+42  1.3556E+42  5.8962E+33  1.4183E+40
  7.4990E+01  1.0391E+42  1.0278E+42  3.5414E+33  1.1329E+40
  7.9430E+01  7.8463E+41  7.7558E+41  2.1176E+33  9.0505E+39
  8.4140E+01  5.8983E+41  5.8260E+41  1.2604E+33  7.2256E+39
  8.9130E+01  4.4195E+41  4.3618E+41  7.4795E+32  5.7665E+39
  9.4410E+01  3.3013E+41  3.2553E+41  4.4255E+32  4.6021E+39
  1.0000E+02  2.4587E+41  2.4220E+41  2.6111E+32  3.6722E+39
  1.0590E+02  1.8285E+41  1.7992E+41  1.5389E+32  2.9317E+39
  1.1220E+02  1.3571E+41  1.3337E+41  9.0491E+31  2.3358E+39
  1.1890E+02  1.0077E+41  9.8908E+40  5.3251E+31  1.8590E+39
  1.2590E+02  7.5253E+40  7.3769E+40  3.1531E+31  1.4838E+39
  1.3340E+02  5.6348E+40  5.5166E+40  1.8749E+31  1.1811E+39
  1.4130E+02  4.1849E+40  4.0908E+40  1.1100E+31  9.4117E+38
  1.4960E+02  3.0429E+40  2.9678E+40  6.4301E+30  7.5121E+38
  1.5850E+02  2.1958E+40  2.1360E+40  3.6879E+30  5.9781E+38
  1.7780E+02  1.1542E+40  1.1163E+40  1.2237E+30  3.7942E+38
  1.9950E+02  6.0829E+39  5.8425E+39  4.0772E+29  2.4043E+38
  2.2390E+02  3.2019E+39  3.0497E+39  1.3599E+29  1.5216E+38
  2.5120E+02  1.6850E+39  1.5887E+39  4.5444E+28  9.6376E+37
  2.8180E+02  8.8603E+38  8.2499E+38  1.5211E+28  6.1043E+37
  3.1620E+02  4.6535E+38  4.2674E+38  5.0985E+27  3.8617E+37
  3.5480E+02  2.4455E+38  2.2013E+38  1.7142E+27  2.4421E+37
  3.9810E+02  1.2870E+38  1.1325E+38  5.7907E+26  1.5442E+37
  4.4670E+02  6.7884E+37  5.8124E+37  1.9670E+26  9.7603E+36
  5.0120E+02  3.5942E+37  2.9773E+37  6.7297E+25  6.1695E+36
  5.6230E+02  1.9128E+37  1.5228E+37  2.3215E+25  3.9003E+36
  6.3100E+02  1.0231E+37  7.7676E+36  8.0763E+24  2.4629E+36
  7.0790E+02  5.5169E+36  3.9602E+36  2.8412E+24  1.5568E+36
  7.9430E+02  2.9979E+36  2.0146E+36  1.0096E+24  9.8325E+35
  8.9130E+02  1.6440E+36  1.0232E+36  3.6264E+23  6.2077E+35
  1.0000E+03  9.1143E+35  5.1929E+35  1.3183E+23  3.9214E+35
