  1.0000E-03  8.4003E+43  1.2206E+05  8.6575E+42  7.5346E+43
  1.1220E-03  5.3798E+43  8.1543E+04  8.3667E+42  4.5431E+43
  1.2590E-03  3.4100E+43  6.0325E+04  7.7688E+42  2.6331E+43
  1.4130E-03  2.1808E+43  4.5173E+04  6.9872E+42  1.4821E+43
  1.5850E-03  1.5664E+43  3.6466E+04  6.4276E+42  9.2366E+42
  1.7780E-03  1.5979E+43  3.3132E+04  7.5463E+42  8.4329E+42
  1.9950E-03  9.3383E+42  2.4171E+04  6.3431E+42  2.9952E+42
  2.2390E-03  6.6043E+42  1.9327E+04  5.2132E+42  1.3911E+42
  2.5120E-03  7.3454E+42  1.7509E+04  6.2918E+42  1.0536E+42
  2.8180E-03  5.0834E+42  1.2443E+04  4.8536E+42  2.2980E+41
  3.1620E-03  3.8223E+42  9.4307E+03  3.7630E+42  5.9279E+40
  3.5480E-03  2.9452E+42  7.3799E+03  2.9285E+42  1.6664E+40
  3.9810E-03  2.3200E+42  6.3611E+03  2.3147E+42  5.3214E+39
  4.4670E-03  1.5058E+43  1.0212E+04  1.4148E+43  9.1034E+41
  5.0120E-03  1.1114E+43  6.9709E+03  1.0940E+43  1.7393E+41
  5.6230E-03  8.3473E+42  5.0295E+03  8.3136E+42  3.3719E+40
  5.9570E-03  7.2739E+42  4.3753E+03  7.2585E+42  1.5427E+40
  6.6830E-03  5.6957E+42  3.4328E+03  5.6919E+42  3.8565E+39
  7.4990E-03  4.7618E+42  2.8294E+03  4.7605E+42  1.3128E+39
  8.4140E-03  3.7978E+42  2.2728E+03  3.7974E+42  3.5909E+38
  9.4410E-03  3.1525E+42  1.9286E+03  3.1523E+42  1.2911E+38
  1.0590E-02  2.8228E+42  1.7949E+03  2.8228E+42  8.4615E+37
  1.1890E-02  2.4422E+42  1.5162E+03  2.4421E+42  2.6366E+37
  1.3340E-02  2.0929E+42  1.3347E+03  2.0928E+42  1.1239E+37
  1.4960E-02  1.7421E+42  1.1387E+03  1.7421E+42  3.7220E+36
  1.6790E-02  1.4589E+42  9.8446E+02  1.4589E+42  1.3741E+36
  1.8840E-02  1.2399E+42  8.6352E+02  1.2399E+42  5.8289E+35
  2.1130E-02  1.0592E+42  7.2753E+02  1.0592E+42  2.1888E+35
  2.3710E-02  8.8808E+41  6.2670E+02  8.8808E+41  7.8688E+34
  2.6610E-02  7.2644E+41  5.3519E+02  7.2644E+41  2.5538E+34
  2.9850E-02  5.9201E+41  4.5675E+02  5.9201E+41  8.4383E+33
  3.3500E-02  4.7770E+41  3.8786E+02  4.7770E+41  2.7326E+33
  3.7580E-02  4.8221E+41  3.6680E+02  4.8221E+41  2.2042E+33
  4.2170E-02  4.5015E+41  3.1092E+02  4.5015E+41  7.0307E+32
  4.7320E-02  2.5413E+41  3.4099E+02  2.5413E+41  4.1021E+31
  5.3090E-02  1.1946E+41  2.1487E+02  1.1946E+41  1.2465E+30
  6.6830E-02  7.5842E+39  3.9393E+01  7.5842E+39  1.0463E+24
  7.4990E-02  1.4522E+39  1.8799E+01  1.4522E+39  1.3797E+20
  8.4140E-02  1.9898E+39  2.3854E+01  1.9898E+39  1.2346E+21
  9.4410E-02  2.6343E+39  2.7896E+01  2.6343E+39  5.6222E+21
  1.0590E-01  8.6345E+39  5.5294E+01  8.6345E+39  2.6023E+24
  1.1890E-01  3.0798E+40  1.2781E+02  3.0798E+40  2.5737E+27
  1.3340E-01  8.3701E+40  8.4495E+05  8.3701E+40  3.6460E+29
  1.4960E-01  1.4735E+41  2.1331E+10  1.4735E+41  8.3750E+30
  1.5850E-01  1.5531E+41  1.4116E+12  1.5531E+41  1.4064E+31
  1.7780E-01  1.0198E+41  3.3510E+15  1.0198E+41  4.3367E+30
  1.9950E-01  1.8919E+40  3.5793E+18  1.8919E+40  9.7606E+27
  2.2390E-01  6.9522E+39  1.9708E+21  6.9522E+39  2.2656E+26
  2.3710E-01  1.7806E+40  8.1421E+22  1.7806E+40  1.6881E+28
  2.5120E-01  4.5684E+40  2.8961E+24  4.5684E+40  1.5163E+30
  2.6610E-01  8.2994E+40  6.9005E+25  8.2994E+40  3.1133E+31
  2.8180E-01  1.2277E+41  1.2161E+27  1.2277E+41  2.7042E+32
  2.9850E-01  1.6430E+41  1.7118E+28  1.6430E+41  1.4645E+33
  3.1620E-01  2.1309E+41  2.0020E+29  2.1309E+41  6.6062E+33
  3.3500E-01  2.6901E+41  2.0005E+30  2.6901E+41  2.6121E+34
  3.5480E-01  3.2810E+41  1.6986E+31  3.2810E+41  8.8760E+34
  3.7580E-01  3.9659E+41  1.2829E+32  3.9659E+41  2.9521E+35
  3.9810E-01  4.7044E+41  8.4396E+32  4.7043E+41  8.7664E+35
  4.2170E-01  5.6656E+41  5.0374E+33  5.6656E+41  2.8404E+36
  4.4670E-01  6.7959E+41  2.6808E+34  6.7959E+41  8.7801E+36
  4.7320E-01  8.0869E+41  1.2986E+35  8.0867E+41  2.6330E+37
  5.0120E-01  9.5128E+41  5.7310E+35  9.5120E+41  7.5641E+37
  5.3090E-01  1.1158E+42  2.3540E+36  1.1156E+42  2.1847E+38
  5.6230E-01  1.2872E+42  8.7844E+36  1.2867E+42  5.7440E+38
  5.9570E-01  1.4681E+42  3.0367E+37  1.4666E+42  1.4258E+39
  6.3100E-01  1.6661E+42  9.7952E+37  1.6625E+42  3.4573E+39
  6.6830E-01  1.8804E+42  2.9621E+38  1.8720E+42  8.1735E+39
  7.0790E-01  2.1181E+42  8.4386E+38  2.0986E+42  1.8625E+40
  7.4990E-01  2.3718E+42  2.2523E+39  2.3297E+42  3.9850E+40
  7.9430E-01  2.6626E+42  5.6943E+39  2.5745E+42  8.2397E+40
  8.4140E-01  3.0137E+42  1.3768E+40  2.8344E+42  1.6559E+41
  8.9130E-01  3.4907E+42  3.2371E+40  3.1261E+42  3.3226E+41
  9.4410E-01  4.1431E+42  7.3079E+40  3.4286E+42  6.4150E+41
  1.0000E+00  5.0409E+42  1.5667E+41  3.7194E+42  1.1648E+42
  1.0590E+00  6.3280E+42  3.1941E+41  4.0033E+42  2.0053E+42
  1.1220E+00  8.2136E+42  6.2624E+41  4.2774E+42  3.3100E+42
  1.1890E+00  1.0990E+43  1.1841E+42  4.5316E+42  5.2745E+42
  1.2590E+00  1.5123E+43  2.1626E+42  4.7560E+42  8.2042E+42
  1.3340E+00  2.0927E+43  3.7876E+42  4.9302E+42  1.2209E+43
  1.4130E+00  2.8552E+43  6.2696E+42  5.0419E+42  1.7241E+43
  1.4960E+00  3.8315E+43  9.8877E+42  5.0883E+42  2.3339E+43
  1.5850E+00  5.0629E+43  1.5042E+43  5.0663E+42  3.0521E+43
  1.6790E+00  6.5900E+43  2.2092E+43  4.9716E+42  3.8837E+43
  1.7780E+00  8.4308E+43  3.1347E+43  4.7971E+42  4.8164E+43
  1.8840E+00  1.0573E+44  4.3088E+43  4.5443E+42  5.8098E+43
  1.9950E+00  1.2970E+44  5.7203E+43  4.2225E+42  6.8275E+43
  2.1130E+00  1.5536E+44  7.3433E+43  3.8468E+42  7.8078E+43
  2.2390E+00  1.8154E+44  9.1131E+43  3.4357E+42  8.6970E+43
  2.3710E+00  2.0697E+44  1.0933E+44  3.0101E+42  9.4636E+43
  2.5120E+00  2.3041E+44  1.2719E+44  2.5908E+42  1.0064E+44
  2.6610E+00  2.5084E+44  1.4368E+44  2.1925E+42  1.0497E+44
  2.8180E+00  2.6749E+44  1.5796E+44  1.8257E+42  1.0771E+44
  2.9850E+00  2.7990E+44  1.6953E+44  1.4977E+42  1.0887E+44
  3.1620E+00  2.8788E+44  1.7797E+44  1.2114E+42  1.0870E+44
  3.3500E+00  2.9150E+44  1.8333E+44  9.6712E+41  1.0721E+44
  3.5480E+00  2.9112E+44  1.8544E+44  7.6289E+41  1.0492E+44
  3.7580E+00  2.8708E+44  1.8465E+44  5.9472E+41  1.0184E+44
  3.9810E+00  2.7978E+44  1.8118E+44  4.5843E+41  9.8144E+43
  4.2170E+00  2.6980E+44  1.7541E+44  3.4973E+41  9.4037E+43
  4.4670E+00  2.5768E+44  1.6777E+44  2.6415E+41  8.9648E+43
  4.7320E+00  2.4390E+44  1.5865E+44  1.9746E+41  8.5048E+43
  5.0120E+00  2.2920E+44  1.4852E+44  1.4637E+41  8.0537E+43
  5.3090E+00  2.1128E+44  1.3765E+44  1.0632E+41  7.3520E+43
  5.6230E+00  1.9294E+44  1.2649E+44  7.6306E+40  6.6370E+43
  5.9570E+00  1.7467E+44  1.1538E+44  5.4147E+40  5.9243E+43
  6.3100E+00  1.5663E+44  1.0414E+44  3.7947E+40  5.2452E+43
  6.6830E+00  1.4033E+44  9.4265E+43  2.6448E+40  4.6038E+43
  7.0790E+00  1.2468E+44  8.4545E+43  1.8153E+40  4.0117E+43
  7.4990E+00  1.1016E+44  7.5994E+43  1.2188E+40  3.4150E+43
  7.9430E+00  9.6783E+43  7.0159E+43  8.0139E+39  2.6616E+43
  8.4140E+00  8.2695E+43  6.4148E+43  5.4071E+39  1.8542E+43
  8.9130E+00  6.9796E+43  5.6999E+43  3.8983E+39  1.2793E+43
  9.4410E+00  5.9210E+43  5.0362E+43  3.1618E+39  8.8456E+42
  1.0000E+01  5.5575E+43  4.7460E+43  2.5240E+39  8.1128E+42
  1.0590E+01  5.2176E+43  4.4447E+43  1.9686E+39  7.7277E+42
  1.1220E+01  4.8090E+43  4.0657E+43  1.4183E+39  7.4323E+42
  1.1890E+01  4.2732E+43  3.5885E+43  9.9073E+38  6.8463E+42
  1.2590E+01  3.7249E+43  3.1065E+43  6.6554E+38  6.1835E+42
  1.3340E+01  3.1871E+43  2.6437E+43  4.3147E+38  5.4337E+42
  1.4130E+01  2.7441E+43  2.2818E+43  2.7413E+38  4.6229E+42
  1.4960E+01  2.4775E+43  2.1036E+43  1.8439E+38  3.7386E+42
  1.5850E+01  2.2735E+43  1.9769E+43  1.3062E+38  2.9656E+42
  1.6790E+01  2.0971E+43  1.8632E+43  9.6492E+37  2.3395E+42
  1.7780E+01  1.9183E+43  1.7318E+43  7.3137E+37  1.8650E+42
  1.8840E+01  1.7167E+43  1.5648E+43  5.4979E+37  1.5189E+42
  1.9950E+01  1.4982E+43  1.3712E+43  3.9645E+37  1.2700E+42
  2.1130E+01  1.2928E+43  1.1866E+43  2.7482E+37  1.0626E+42
  2.2390E+01  1.1120E+43  1.0239E+43  1.8897E+37  8.8158E+41
  2.3710E+01  9.5483E+42  8.8187E+42  1.2907E+37  7.2950E+41
  2.5120E+01  8.1526E+42  7.5525E+42  8.7830E+36  6.0002E+41
  2.6610E+01  6.9188E+42  6.4265E+42  5.9279E+36  4.9233E+41
  2.8180E+01  5.8356E+42  5.4323E+42  3.9879E+36  4.0326E+41
  2.9850E+01  4.8762E+42  4.5469E+42  2.6652E+36  3.2927E+41
  3.1620E+01  4.0316E+42  3.7632E+42  1.7644E+36  2.6838E+41
  3.3500E+01  3.2948E+42  3.0765E+42  1.1566E+36  2.1831E+41
  3.5480E+01  2.6644E+42  2.4869E+42  7.5156E+35  1.7754E+41
  3.7580E+01  2.1282E+42  1.9840E+42  4.8304E+35  1.4420E+41
  3.9810E+01  1.6768E+42  1.5598E+42  3.0685E+35  1.1700E+41
  4.2170E+01  1.3063E+42  1.2114E+42  1.9280E+35  9.4853E+40
  4.4670E+01  1.0071E+42  9.3028E+41  1.1977E+35  7.6824E+40
  4.7320E+01  7.6947E+41  7.0733E+41  7.3691E+34  6.2142E+40
  5.0120E+01  5.8354E+41  5.3331E+41  4.4973E+34  5.0236E+40
  5.3090E+01  4.3935E+41  3.9879E+41  2.7235E+34  4.0552E+40
  5.6230E+01  3.2905E+41  2.9634E+41  1.6397E+34  3.2710E+40
  5.9570E+01  2.4501E+41  2.1868E+41  9.8098E+33  2.6331E+40
  6.3100E+01  1.8183E+41  1.6065E+41  5.8480E+33  2.1186E+40
  6.6830E+01  1.3460E+41  1.1757E+41  3.4769E+33  1.7037E+40
  7.0790E+01  9.9396E+40  8.5715E+40  2.0617E+33  1.3680E+40
  7.4990E+01  7.3253E+40  6.2280E+40  1.2204E+33  1.0973E+40
  7.9430E+01  5.3953E+40  4.5156E+40  7.2213E+32  8.7979E+39
  8.4140E+01  3.9712E+40  3.2665E+40  4.2703E+32  7.0467E+39
  8.9130E+01  2.9242E+40  2.3603E+40  2.5272E+32  5.6398E+39
  9.4410E+01  2.1549E+40  1.7036E+40  1.4973E+32  4.5123E+39
  1.0000E+02  1.5892E+40  1.2284E+40  8.8810E+31  3.6086E+39
  1.0590E+02  1.1747E+40  8.8601E+39  5.2822E+31  2.8865E+39
  1.1220E+02  8.6905E+39  6.3867E+39  3.1437E+31  2.3037E+39
  1.1890E+02  6.4490E+39  4.6127E+39  1.8766E+31  1.8363E+39
  1.2590E+02  4.8241E+39  3.3566E+39  1.1290E+31  1.4675E+39
  1.3340E+02  3.6211E+39  2.4517E+39  6.8204E+30  1.1694E+39
  1.4130E+02  2.7119E+39  1.7791E+39  4.1310E+30  9.3280E+38
  1.4960E+02  2.0111E+39  1.2658E+39  2.4831E+30  7.4530E+38
  1.5850E+02  1.4879E+39  8.9421E+38  1.4862E+30  5.9367E+38
  1.7780E+02  8.2893E+38  4.5157E+38  5.4020E+29  3.7736E+38
  1.9950E+02  4.6866E+38  2.2925E+38  1.9897E+29  2.3941E+38
  2.2390E+02  2.6812E+38  1.1648E+38  7.4091E+28  1.5164E+38
  2.5120E+02  1.5537E+38  5.9253E+37  2.7897E+28  9.6117E+37
  2.8180E+02  9.1046E+37  3.0133E+37  1.0601E+28  6.0913E+37
  3.1620E+02  5.3852E+37  1.5301E+37  4.0560E+27  3.8552E+37
  3.5480E+02  3.2153E+37  7.7646E+36  1.5619E+27  2.4388E+37
  3.9810E+02  1.9363E+37  3.9375E+36  6.0515E+26  1.5425E+37
  4.4670E+02  1.1747E+37  1.9951E+36  2.3559E+26  9.7520E+36
  5.0120E+02  7.1758E+36  1.0105E+36  9.2123E+25  6.1653E+36
  5.6230E+02  4.4099E+36  5.1170E+35  3.6151E+25  3.8982E+36
  6.3100E+02  2.7206E+36  2.5871E+35  1.4216E+25  2.4619E+36
  7.0790E+02  1.6871E+36  1.3087E+35  5.6098E+24  1.5563E+36
  7.9430E+02  1.0491E+36  6.6115E+34  2.2162E+24  9.8298E+35
  8.9130E+02  6.5401E+35  3.3373E+34  8.7669E+23  6.2064E+35
  1.0000E+03  4.0891E+35  1.6845E+34  3.4749E+23  3.9207E+35
