  1.0000E-03  4.6966E+43  0.0000E+00  3.0327E+42  4.3933E+43
  1.1220E-03  2.6475E+43  0.0000E+00  3.4002E+42  2.3075E+43
  1.2590E-03  1.5106E+43  0.0000E+00  3.5813E+42  1.1525E+43
  1.4130E-03  9.1074E+42  0.0000E+00  3.5682E+42  5.5392E+42
  1.5850E-03  6.4324E+42  0.0000E+00  3.4343E+42  2.9981E+42
  1.7780E-03  6.2662E+42  0.0000E+00  3.7088E+42  2.5574E+42
  1.9950E-03  4.1549E+42  0.0000E+00  3.4579E+42  6.9707E+41
  2.2390E-03  3.1667E+42  0.0000E+00  2.9053E+42  2.6142E+41
  2.5120E-03  3.2967E+42  0.0000E+00  3.1205E+42  1.7618E+41
  2.8180E-03  2.7115E+42  0.0000E+00  2.6850E+42  2.6478E+40
  3.1620E-03  2.2515E+42  0.0000E+00  2.2467E+42  4.8782E+39
  3.5480E-03  1.8699E+42  0.0000E+00  1.8689E+42  9.9907E+38
  3.9810E-03  1.5720E+42  0.0000E+00  1.5717E+42  2.3956E+38
  4.4670E-03  1.7201E+43  0.0000E+00  1.7046E+43  1.5536E+41
  5.0120E-03  1.3067E+43  0.0000E+00  1.3047E+43  1.9396E+40
  5.6230E-03  9.5390E+42  0.0000E+00  9.5365E+42  2.4584E+39
  5.9570E-03  8.1166E+42  0.0000E+00  8.1156E+42  9.1716E+38
  6.6830E-03  6.0227E+42  0.0000E+00  6.0226E+42  1.5900E+38
  7.4990E-03  4.6214E+42  0.0000E+00  4.6213E+42  4.0135E+37
  8.4140E-03  3.5420E+42  0.0000E+00  3.5420E+42  7.8119E+36
  9.4410E-03  2.7644E+42  0.0000E+00  2.7644E+42  2.1207E+36
  1.0590E-02  2.1791E+42  0.0000E+00  2.1791E+42  1.1889E+36
  1.1890E-02  1.8053E+42  0.0000E+00  1.8053E+42  2.7224E+35
  1.3340E-02  1.4410E+42  0.0000E+00  1.4410E+42  9.0969E+34
  1.4960E-02  1.1481E+42  0.0000E+00  1.1481E+42  2.2412E+34
  1.6790E-02  9.1143E+41  0.0000E+00  9.1143E+41  6.2919E+33
  1.8840E-02  7.2466E+41  0.0000E+00  7.2466E+41  2.0876E+33
  2.1130E-02  5.8706E+41  0.0000E+00  5.8706E+41  5.9786E+32
  2.3710E-02  4.7176E+41  0.0000E+00  4.7176E+41  1.6228E+32
  2.6610E-02  3.7530E+41  0.0000E+00  3.7530E+41  3.8850E+31
  2.9850E-02  2.9866E+41  0.0000E+00  2.9866E+41  9.4796E+30
  3.3500E-02  2.3894E+41  5.0589E-78  2.3894E+41  2.2527E+30
  3.7580E-02  2.4602E+41  4.9688E-65  2.4602E+41  1.6875E+30
  4.2170E-02  2.3697E+41  8.6549E-54  2.3697E+41  3.9356E+29
  4.7320E-02  1.5903E+41  2.7191E-44  1.5903E+41  1.0852E+28
  5.3090E-02  1.1260E+41  3.8727E-36  1.1260E+41  1.3522E+26
  6.6830E-02  4.8351E+40  6.7601E-25  4.8351E+40  3.6991E+18
  7.4990E-02  2.8367E+40  4.3420E-21  2.8367E+40  5.1330E+13
  8.4140E-02  2.9563E+40  1.0962E-14  2.9563E+40  8.2923E+14
  9.4410E-02  3.1407E+40  3.9609E-09  3.1407E+40  5.7666E+15
  1.0590E-01  4.2484E+40  9.2243E-03  4.2484E+40  1.3658E+19
  1.1890E-01  5.1894E+40  9.6951E+03  5.1894E+40  8.4899E+22
  1.3340E-01  9.1062E+40  6.8641E+08  9.1062E+40  4.5979E+25
  1.4960E-01  2.0078E+41  8.1163E+12  2.0078E+41  2.5698E+27
  1.5850E-01  2.2161E+41  3.7163E+14  2.2161E+41  5.0400E+27
  1.7780E-01  9.5928E+40  9.8698E+16  9.5928E+40  1.1062E+27
  1.9950E-01  1.9361E+40  4.5955E+17  1.9361E+40  4.8325E+23
  2.2390E-01  1.5224E+40  4.8722E+18  1.5224E+40  3.9908E+21
  2.3710E-01  2.1248E+40  7.3323E+20  2.1248E+40  8.8443E+23
  2.5120E-01  2.9665E+40  1.0917E+23  2.9665E+40  2.4783E+26
  2.6610E-01  3.9511E+40  5.4300E+24  3.9511E+40  1.0948E+28
  2.8180E-01  5.0574E+40  1.3565E+26  5.0574E+40  1.6422E+29
  2.9850E-01  6.3291E+40  2.2139E+27  6.3291E+40  1.3650E+30
  3.1620E-01  7.9550E+40  2.8620E+28  7.9550E+40  9.0253E+30
  3.3500E-01  9.9104E+40  3.0865E+29  9.9104E+40  5.0593E+31
  3.5480E-01  1.2039E+41  2.7390E+30  1.2039E+41  2.3470E+32
  3.7580E-01  1.4396E+41  2.2245E+31  1.4396E+41  1.0562E+33
  3.9810E-01  1.7062E+41  1.5331E+32  1.7062E+41  4.1377E+33
  4.2170E-01  2.0335E+41  1.0407E+33  2.0335E+41  1.7998E+34
  4.4670E-01  2.4259E+41  6.3368E+33  2.4259E+41  7.3942E+34
  4.7320E-01  2.8668E+41  3.5587E+34  2.8668E+41  2.9245E+35
  5.0120E-01  3.3432E+41  1.8301E+35  3.3432E+41  1.0964E+36
  5.3090E-01  3.8586E+41  8.9951E+35  3.8585E+41  4.1307E+36
  5.6230E-01  4.4032E+41  3.9056E+36  4.4030E+41  1.3874E+37
  5.9570E-01  4.9780E+41  1.5510E+37  4.9774E+41  4.3426E+37
  6.3100E-01  5.6047E+41  5.7765E+37  5.6028E+41  1.3204E+38
  6.6830E-01  6.2711E+41  2.0188E+38  6.2652E+41  3.8896E+38
  7.0790E-01  7.0415E+41  6.5851E+38  7.0239E+41  1.0962E+39
  7.4990E-01  7.9158E+41  1.9660E+39  7.8675E+41  2.8626E+39
  7.9430E-01  8.9589E+41  5.5013E+39  8.8321E+41  7.1753E+39
  8.4140E-01  1.0218E+42  1.4560E+40  9.8984E+41  1.7375E+40
  8.9130E-01  1.1904E+42  3.7356E+40  1.1110E+42  4.2029E+40
  9.4410E-01  1.4224E+42  9.0243E+40  1.2352E+42  9.6965E+40
  1.0000E+00  1.7614E+42  2.0173E+41  1.3523E+42  2.0740E+41
  1.0590E+00  2.2981E+42  4.2033E+41  1.4622E+42  4.1562E+41
  1.1220E+00  3.1813E+42  8.2893E+41  1.5608E+42  7.9156E+41
  1.1890E+00  4.6405E+42  1.5570E+42  1.6391E+42  1.4444E+42
  1.2590E+00  7.0458E+42  2.8003E+42  1.6866E+42  2.5589E+42
  1.3340E+00  1.0756E+43  4.7665E+42  1.6965E+42  4.2931E+42
  1.4130E+00  1.6001E+43  7.5865E+42  1.6669E+42  6.7475E+42
  1.4960E+00  2.3075E+43  1.1413E+43  1.6012E+42  1.0061E+43
  1.5850E+00  3.2308E+43  1.6429E+43  1.5033E+42  1.4375E+43
  1.6790E+00  4.3911E+43  2.2679E+43  1.3769E+42  1.9855E+43
  1.7780E+00  5.7824E+43  3.0039E+43  1.2277E+42  2.6558E+43
  1.8840E+00  7.3655E+43  3.8264E+43  1.0647E+42  3.4327E+43
  1.9950E+00  9.0663E+43  4.6828E+43  8.9851E+41  4.2936E+43
  2.1130E+00  1.0779E+44  5.5141E+43  7.3857E+41  5.1914E+43
  2.2390E+00  1.2385E+44  6.2509E+43  5.9218E+41  6.0746E+43
  2.3710E+00  1.3787E+44  6.8388E+43  4.6472E+41  6.9016E+43
  2.5120E+00  1.4902E+44  7.2466E+43  3.5801E+41  7.6200E+43
  2.6610E+00  1.5697E+44  7.4585E+43  2.7160E+41  8.2116E+43
  2.8180E+00  1.6169E+44  7.4798E+43  2.0339E+41  8.6686E+43
  2.9850E+00  1.6334E+44  7.3378E+43  1.5072E+41  8.9808E+43
  3.1620E+00  1.6234E+44  7.0612E+43  1.1075E+41  9.1619E+43
  3.3500E+00  1.5914E+44  6.7010E+43  8.0925E+40  9.2050E+43
  3.5480E+00  1.5440E+44  6.2766E+43  5.8855E+40  9.1574E+43
  3.7580E+00  1.4846E+44  5.8252E+43  4.2651E+40  9.0166E+43
  3.9810E+00  1.4169E+44  5.3661E+43  3.0826E+40  8.7997E+43
  4.2170E+00  1.3445E+44  4.9176E+43  2.2243E+40  8.5253E+43
  4.4670E+00  1.2700E+44  4.4912E+43  1.6030E+40  8.2073E+43
  4.7320E+00  1.1947E+44  4.0930E+43  1.1535E+40  7.8532E+43
  5.0120E+00  1.1221E+44  3.7273E+43  8.3081E+39  7.4925E+43
  5.3090E+00  1.0276E+44  3.3909E+43  5.8440E+39  6.8846E+43
  5.6230E+00  9.3362E+43  3.0856E+43  4.0814E+39  6.2502E+43
  5.9570E+00  8.4174E+43  2.8112E+43  2.8301E+39  5.6059E+43
  6.3100E+00  7.5366E+43  2.5515E+43  1.9464E+39  4.9850E+43
  6.6830E+00  6.7371E+43  2.3457E+43  1.3334E+39  4.3912E+43
  7.0790E+00  5.9873E+43  2.1481E+43  9.0266E+38  3.8391E+43
  7.4990E+00  5.2342E+43  1.9673E+43  6.0279E+38  3.2668E+43
  7.9430E+00  4.3087E+43  1.8068E+43  4.0676E+38  2.5019E+43
  8.4140E+00  3.3357E+43  1.6602E+43  2.9737E+38  1.6755E+43
  8.9130E+00  2.6354E+43  1.5254E+43  2.3409E+38  1.1100E+43
  9.4410E+00  2.1399E+43  1.4021E+43  2.0596E+38  7.3780E+42
  1.0000E+01  2.0398E+43  1.3502E+43  1.5495E+38  6.8957E+42
  1.0590E+01  1.9633E+43  1.2884E+43  1.1146E+38  6.7489E+42
  1.1220E+01  1.8789E+43  1.2101E+43  7.3623E+37  6.6884E+42
  1.1890E+01  1.7335E+43  1.1037E+43  4.8367E+37  6.2978E+42
  1.2590E+01  1.5830E+43  1.0039E+43  3.1183E+37  5.7906E+42
  1.3340E+01  1.4221E+43  9.0645E+42  1.9796E+37  5.1563E+42
  1.4130E+01  1.2682E+43  8.2652E+42  1.2499E+37  4.4171E+42
  1.4960E+01  1.1367E+43  7.8067E+42  8.3924E+36  3.5602E+42
  1.5850E+01  1.0286E+43  7.4798E+42  5.9672E+36  2.8060E+42
  1.6790E+01  9.4129E+42  7.2155E+42  4.4600E+36  2.1975E+42
  1.7780E+01  8.6765E+42  6.9335E+42  3.4333E+36  1.7430E+42
  1.8840E+01  7.9787E+42  6.5591E+42  2.6115E+36  1.4196E+42
  1.9950E+01  7.2775E+42  6.0843E+42  1.8951E+36  1.1932E+42
  2.1130E+01  6.6046E+42  5.6004E+42  1.3267E+36  1.0042E+42
  2.2390E+01  5.9775E+42  5.1404E+42  9.2643E+35  8.3708E+41
  2.3710E+01  5.3983E+42  4.7028E+42  6.4493E+35  6.9544E+41
  2.5120E+01  4.8406E+42  4.2667E+42  4.4830E+35  5.7392E+41
  2.6610E+01  4.3065E+42  3.8342E+42  3.0937E+35  4.7233E+41
  2.8180E+01  3.7956E+42  3.4077E+42  2.1275E+35  3.8790E+41
  2.9850E+01  3.3030E+42  2.9855E+42  1.4519E+35  3.1750E+41
  3.1620E+01  2.8342E+42  2.5749E+42  9.7989E+34  2.5938E+41
  3.3500E+01  2.3948E+42  2.1833E+42  6.5343E+34  2.1147E+41
  3.5480E+01  1.9939E+42  1.8216E+42  4.3083E+34  1.7235E+41
  3.7580E+01  1.6345E+42  1.4942E+42  2.8036E+34  1.4029E+41
  3.9810E+01  1.3187E+42  1.2046E+42  1.8002E+34  1.1408E+41
  4.2170E+01  1.0495E+42  9.5678E+41  1.1418E+34  9.2693E+40
  4.4670E+01  8.2506E+41  7.4983E+41  7.1537E+33  7.5236E+40
  4.7320E+01  6.4179E+41  5.8081E+41  4.4367E+33  6.0981E+40
  5.0120E+01  4.9482E+41  4.4542E+41  2.7287E+33  4.9392E+40
  5.3090E+01  3.7829E+41  3.3835E+41  1.6653E+33  3.9942E+40
  5.6230E+01  2.8738E+41  2.5511E+41  1.0105E+33  3.2271E+40
  5.9570E+01  2.1688E+41  1.9086E+41  6.0948E+32  2.6016E+40
  6.3100E+01  1.6299E+41  1.4203E+41  3.6641E+32  2.0960E+40
  6.6830E+01  1.2209E+41  1.0522E+41  2.1977E+32  1.6876E+40
  7.0790E+01  9.1166E+40  7.7600E+40  1.3151E+32  1.3566E+40
  7.4990E+01  6.7899E+40  5.7008E+40  7.8580E+31  1.0891E+40
  7.9430E+01  5.0507E+40  4.1767E+40  4.6949E+31  8.7400E+39
  8.4140E+01  3.7522E+40  3.0516E+40  2.8038E+31  7.0056E+39
  8.9130E+01  2.7871E+40  2.2260E+40  1.6759E+31  5.6106E+39
  9.4410E+01  2.0706E+40  1.6215E+40  1.0030E+31  4.4916E+39
  1.0000E+02  1.5387E+40  1.1794E+40  6.0093E+30  3.5939E+39
  1.0590E+02  1.1454E+40  8.5782E+39  3.6101E+30  2.8761E+39
  1.1220E+02  8.5310E+39  6.2346E+39  2.1699E+30  2.2963E+39
  1.1890E+02  6.3713E+39  4.5404E+39  1.3079E+30  1.8310E+39
  1.2590E+02  4.7959E+39  3.3321E+39  7.9430E+29  1.4637E+39
  1.3340E+02  3.6224E+39  2.4557E+39  4.8423E+29  1.1667E+39
  1.4130E+02  2.7263E+39  1.7955E+39  2.9586E+29  9.3085E+38
  1.4960E+02  2.0271E+39  1.2832E+39  1.7935E+29  7.4393E+38
  1.5850E+02  1.5029E+39  9.1022E+38  1.0824E+29  5.9270E+38
  1.7780E+02  8.4062E+38  4.6374E+38  3.9967E+28  3.7688E+38
  1.9950E+02  4.7669E+38  2.3752E+38  1.4929E+28  2.3917E+38
  2.2390E+02  2.7320E+38  1.2168E+38  5.6284E+27  1.5152E+38
  2.5120E+02  1.5842E+38  6.2363E+37  2.1420E+27  9.6056E+37
  2.8180E+02  9.2812E+37  3.1929E+37  8.2148E+26  6.0883E+37
  3.1620E+02  5.4848E+37  1.6312E+37  3.1676E+26  3.8537E+37
  3.5480E+02  3.2703E+37  8.3230E+36  1.2277E+26  2.4380E+37
  3.9810E+02  1.9663E+37  4.2414E+36  4.7822E+25  1.5421E+37
  4.4670E+02  1.1909E+37  2.1587E+36  1.8699E+25  9.7500E+36
  5.0120E+02  7.2620E+36  1.0977E+36  7.3382E+24  6.1643E+36
  5.6230E+02  4.4556E+36  5.5784E+35  2.8880E+24  3.8977E+36
  6.3100E+02  2.7446E+36  2.8295E+35  1.1384E+24  2.4616E+36
  7.0790E+02  1.6997E+36  1.4354E+35  4.5005E+23  1.5561E+36
  7.9430E+02  1.0556E+36  7.2708E+34  1.7807E+23  9.8292E+35
  8.9130E+02  6.5739E+35  3.6786E+34  7.0525E+22  6.2061E+35
  1.0000E+03  4.1066E+35  1.8607E+34  2.7980E+22  3.9205E+35
