  1.0000E-03  8.7921E+44  0.0000E+00  2.5933E+42  8.7662E+44
  1.1220E-03  9.8701E+44  0.0000E+00  3.4308E+42  9.8357E+44
  1.2590E-03  1.1080E+45  0.0000E+00  4.3296E+42  1.1037E+45
  1.4130E-03  1.2439E+45  0.0000E+00  5.2533E+42  1.2387E+45
  1.5850E-03  1.3956E+45  0.0000E+00  6.1907E+42  1.3894E+45
  1.7780E-03  1.5666E+45  0.0000E+00  7.9830E+42  1.5586E+45
  1.9950E-03  1.7590E+45  0.0000E+00  1.0153E+43  1.7488E+45
  2.2390E-03  1.9742E+45  0.0000E+00  1.1495E+43  1.9627E+45
  2.5120E-03  2.2178E+45  0.0000E+00  1.5829E+43  2.2020E+45
  2.8180E-03  2.4902E+45  0.0000E+00  1.9931E+43  2.4702E+45
  3.1620E-03  2.7954E+45  0.0000E+00  2.3580E+43  2.7718E+45
  3.5480E-03  3.1373E+45  0.0000E+00  2.6968E+43  3.1103E+45
  3.9810E-03  3.5198E+45  0.0000E+00  2.9972E+43  3.4898E+45
  4.4670E-03  3.9496E+45  0.0000E+00  3.3719E+43  3.9158E+45
  5.0120E-03  4.4385E+45  0.0000E+00  4.4909E+43  4.3936E+45
  5.6230E-03  4.9863E+45  0.0000E+00  5.7058E+43  4.9292E+45
  5.9570E-03  5.2853E+45  0.0000E+00  6.3309E+43  5.2220E+45
  6.6830E-03  5.9342E+45  0.0000E+00  7.5698E+43  5.8585E+45
  7.4990E-03  6.6625E+45  0.0000E+00  8.8731E+43  6.5738E+45
  8.4140E-03  7.4789E+45  0.0000E+00  1.0307E+44  7.3758E+45
  9.4410E-03  8.3928E+45  0.0000E+00  1.1674E+44  8.2761E+45
  1.0590E-02  9.4095E+45  0.0000E+00  1.2624E+44  9.2833E+45
  1.1890E-02  1.0573E+46  0.0000E+00  1.4958E+44  1.0423E+46
  1.3340E-02  1.1861E+46  0.0000E+00  1.6683E+44  1.1694E+46
  1.4960E-02  1.3303E+46  0.0000E+00  1.8890E+44  1.3114E+46
  1.6790E-02  1.4929E+46  0.0000E+00  2.1084E+44  1.4718E+46
  1.8840E-02  1.6748E+46  0.0000E+00  2.3258E+44  1.6515E+46
  2.1130E-02  1.8785E+46  0.0000E+00  2.6155E+44  1.8524E+46
  2.3710E-02  2.1076E+46  0.0000E+00  2.9169E+44  2.0785E+46
  2.6610E-02  2.3650E+46  0.0000E+00  3.2419E+44  2.3326E+46
  2.9850E-02  2.6525E+46  2.8984E-83  3.5831E+44  2.6166E+46
  3.3500E-02  2.9761E+46  1.8853E-68  3.9419E+44  2.9367E+46
  3.7580E-02  3.3374E+46  2.3697E-55  4.3144E+44  3.2942E+46
  4.2170E-02  3.7490E+46  1.0458E-43  5.2341E+44  3.6967E+46
  4.7320E-02  4.2072E+46  2.8765E-33  5.9018E+44  4.1482E+46
  5.3090E-02  4.3824E+46  5.4044E-24  6.1139E+44  4.3212E+46
  6.6830E-02  4.1823E+46  2.2134E-08  5.5515E+44  4.1268E+46
  7.4990E-02  4.0815E+46  7.9018E-02  4.8682E+44  4.0328E+46
  8.4140E-02  3.9887E+46  4.0935E+04  4.7678E+44  3.9410E+46
  9.4410E-02  3.8990E+46  4.8764E+09  4.7715E+44  3.8513E+46
  1.0590E-01  3.5534E+46  1.3152E+14  4.7885E+44  3.5055E+46
  1.1890E-01  2.9884E+46  9.1123E+17  4.1636E+44  2.9467E+46
  1.3340E-01  2.5152E+46  1.6955E+21  3.5698E+44  2.4795E+46
  1.4960E-01  2.1163E+46  1.8307E+24  2.8437E+44  2.0878E+46
  1.5850E-01  1.9404E+46  5.3595E+25  2.5884E+44  1.9145E+46
  1.7780E-01  1.6345E+46  2.8788E+28  2.3108E+44  1.6114E+46
  1.9950E-01  1.3749E+46  9.3566E+30  1.9070E+44  1.3558E+46
  2.2390E-01  1.1564E+46  1.2267E+33  1.6083E+44  1.1403E+46
  2.3710E-01  1.0625E+46  7.8588E+33  1.6048E+44  1.0464E+46
  2.5120E-01  9.7487E+45  4.2784E+34  1.5290E+44  9.5958E+45
  2.6610E-01  8.9414E+45  2.2131E+35  1.4022E+44  8.8012E+45
  2.8180E-01  8.2025E+45  1.0621E+36  1.2641E+44  8.0761E+45
  2.9850E-01  7.5216E+45  4.6723E+36  1.1375E+44  7.4079E+45
  3.1620E-01  6.8973E+45  1.8521E+37  1.0265E+44  6.7947E+45
  3.3500E-01  6.3234E+45  6.7177E+37  9.2545E+43  6.2308E+45
  3.5480E-01  5.7998E+45  2.2365E+38  8.3304E+43  5.7165E+45
  3.7580E-01  5.3189E+45  6.8967E+38  7.4752E+43  5.2442E+45
  3.9810E-01  4.8769E+45  1.9604E+39  6.7175E+43  4.8097E+45
  4.2170E-01  4.4717E+45  5.1211E+39  6.0062E+43  4.4116E+45
  4.4670E-01  4.1004E+45  1.2404E+40  5.3759E+43  4.0466E+45
  4.7320E-01  3.7595E+45  2.8276E+40  4.7946E+43  3.7115E+45
  5.0120E-01  3.4475E+45  6.0841E+40  4.2596E+43  3.4048E+45
  5.3090E-01  3.1609E+45  1.2422E+41  3.7621E+43  3.1232E+45
  5.6230E-01  2.8986E+45  2.4045E+41  3.3245E+43  2.8651E+45
  5.9570E-01  2.6573E+45  4.4432E+41  2.9315E+43  2.6276E+45
  6.3100E-01  2.4369E+45  7.8297E+41  2.5741E+43  2.4103E+45
  6.6830E-01  2.2352E+45  1.3184E+42  2.2488E+43  2.2114E+45
  7.0790E-01  2.0501E+45  2.1300E+42  1.9585E+43  2.0284E+45
  7.4990E-01  1.8808E+45  3.3092E+42  1.7017E+43  1.8605E+45
  7.9430E-01  1.7263E+45  4.9494E+42  1.4708E+43  1.7066E+45
  8.4140E-01  1.5851E+45  7.1593E+42  1.2636E+43  1.5653E+45
  8.9130E-01  1.4565E+45  1.0039E+43  1.0749E+43  1.4357E+45
  9.4410E-01  1.3397E+45  1.3671E+43  9.0863E+42  1.3170E+45
  1.0000E+00  1.2339E+45  1.8132E+43  7.6491E+42  1.2081E+45
  1.0590E+00  1.1385E+45  2.3461E+43  6.4174E+42  1.1086E+45
  1.1220E+00  1.0517E+45  2.9807E+43  5.3490E+42  1.0165E+45
  1.1890E+00  9.7348E+44  3.7227E+43  4.4210E+42  9.3183E+44
  1.2590E+00  9.0433E+44  4.5508E+43  3.6155E+42  8.5520E+44
  1.3340E+00  8.4192E+44  5.4870E+43  2.9394E+42  7.8411E+44
  1.4130E+00  7.8666E+44  6.4999E+43  2.3913E+42  7.1927E+44
  1.4960E+00  7.3800E+44  7.5803E+43  1.9436E+42  6.6026E+44
  1.5850E+00  6.9458E+44  8.7577E+43  1.5717E+42  6.0543E+44
  1.6790E+00  6.5631E+44  9.9742E+43  1.2627E+42  5.5530E+44
  1.7780E+00  6.2249E+44  1.1191E+44  1.0060E+42  5.0957E+44
  1.8840E+00  5.9228E+44  1.2430E+44  7.9378E+41  4.6719E+44
  1.9950E+00  5.6553E+44  1.3616E+44  6.2081E+41  4.2875E+44
  2.1130E+00  5.4136E+44  1.4754E+44  4.8136E+41  3.9333E+44
  2.2390E+00  5.1908E+44  1.5811E+44  3.7035E+41  3.6061E+44
  2.3710E+00  4.9843E+44  1.6723E+44  2.8315E+41  3.3092E+44
  2.5120E+00  4.7883E+44  1.7517E+44  2.1543E+41  3.0344E+44
  2.6610E+00  4.5993E+44  1.8144E+44  1.6325E+41  2.7832E+44
  2.8180E+00  4.4122E+44  1.8571E+44  1.2321E+41  2.5538E+44
  2.9850E+00  4.2256E+44  1.8820E+44  9.2677E+40  2.3426E+44
  3.1620E+00  4.0368E+44  1.8875E+44  6.9463E+40  2.1487E+44
  3.3500E+00  3.8518E+44  1.8809E+44  5.1978E+40  1.9704E+44
  3.5480E+00  3.6603E+44  1.8521E+44  3.8731E+40  1.8078E+44
  3.7580E+00  3.4684E+44  1.8098E+44  2.8769E+40  1.6583E+44
  3.9810E+00  3.2766E+44  1.7554E+44  2.1302E+40  1.5210E+44
  4.2170E+00  3.0850E+44  1.6898E+44  1.5721E+40  1.3951E+44
  4.4670E+00  2.8948E+44  1.6151E+44  1.1561E+40  1.2796E+44
  4.7320E+00  2.7098E+44  1.5361E+44  8.4748E+39  1.1737E+44
  5.0120E+00  2.5341E+44  1.4549E+44  6.2026E+39  1.0791E+44
  5.3090E+00  2.3328E+44  1.3725E+44  4.4631E+39  9.6024E+43
  5.6230E+00  2.1398E+44  1.2917E+44  3.1944E+39  8.4805E+43
  5.9570E+00  1.9583E+44  1.2151E+44  2.2769E+39  7.4316E+43
  6.3100E+00  1.7784E+44  1.1313E+44  1.6072E+39  6.4710E+43
  6.6830E+00  1.6214E+44  1.0612E+44  1.1343E+39  5.6014E+43
  7.0790E+00  1.4667E+44  9.8483E+43  7.8939E+38  4.8190E+43
  7.4990E+00  1.3935E+44  9.8118E+43  5.7090E+38  4.1229E+43
  7.9430E+00  1.6620E+44  1.3109E+44  5.2317E+38  3.5109E+43
  8.4140E+00  2.3010E+44  2.0035E+44  5.9821E+38  2.9752E+43
  8.9130E+00  2.8627E+44  2.6117E+44  6.5617E+38  2.5104E+43
  9.4410E+00  3.3045E+44  3.0935E+44  7.4052E+38  2.1101E+43
  1.0000E+01  2.7754E+44  2.5987E+44  5.3109E+38  1.7671E+43
  1.0590E+01  2.1801E+44  2.0325E+44  3.4490E+38  1.4758E+43
  1.1220E+01  1.6130E+44  1.4903E+44  1.9619E+38  1.2267E+43
  1.1890E+01  1.2090E+44  1.1074E+44  1.1341E+38  1.0159E+43
  1.2590E+01  9.0378E+43  8.1966E+43  6.4021E+37  8.4119E+42
  1.3340E+01  6.8449E+43  6.1517E+43  3.6094E+37  6.9319E+42
  1.4130E+01  5.5435E+43  4.9730E+43  2.1395E+37  5.7050E+42
  1.4960E+01  5.2787E+43  4.8095E+43  1.5388E+37  4.6919E+42
  1.5850E+01  5.2287E+43  4.8445E+43  1.2024E+37  3.8414E+42
  1.6790E+01  5.1839E+43  4.8698E+43  9.7857E+36  3.1409E+42
  1.7780E+01  4.9438E+43  4.6872E+43  7.8959E+36  2.5663E+42
  1.8840E+01  4.3960E+43  4.1871E+43  5.9592E+36  2.0888E+42
  1.9950E+01  3.6473E+43  3.4772E+43  4.0761E+36  1.7013E+42
  2.1130E+01  2.9734E+43  2.8352E+43  2.6548E+36  1.3827E+42
  2.2390E+01  2.4366E+43  2.3245E+43  1.7315E+36  1.1203E+42
  2.3710E+01  2.0052E+43  1.9143E+43  1.1290E+36  9.0864E+41
  2.5120E+01  1.6507E+43  1.5772E+43  7.3800E+35  7.3479E+41
  2.6610E+01  1.3560E+43  1.2966E+43  4.8025E+35  5.9383E+41
  2.8180E+01  1.1120E+43  1.0640E+43  3.1289E+35  4.7994E+41
  2.9850E+01  9.0700E+42  8.6828E+42  2.0325E+35  3.8717E+41
  3.1620E+01  7.3406E+42  7.0287E+42  1.3108E+35  3.1199E+41
  3.3500E+01  5.8889E+42  5.6379E+42  8.3908E+34  2.5106E+41
  3.5480E+01  4.6877E+42  4.4856E+42  5.3370E+34  2.0210E+41
  3.7580E+01  3.6918E+42  3.5293E+42  3.3613E+34  1.6253E+41
  3.9810E+01  2.8694E+42  2.7389E+42  2.0916E+34  1.3054E+41
  4.2170E+01  2.2069E+42  2.1021E+42  1.2878E+34  1.0479E+41
  4.4670E+01  1.6810E+42  1.5970E+42  7.8431E+33  8.4074E+40
  4.7320E+01  1.2699E+42  1.2025E+42  4.7338E+33  6.7400E+40
  5.0120E+01  9.5296E+41  8.9893E+41  2.8361E+33  5.4034E+40
  5.3090E+01  7.1048E+41  6.6719E+41  1.6874E+33  4.3282E+40
  5.6230E+01  5.2725E+41  4.9258E+41  9.9886E+32  3.4667E+40
  5.9570E+01  3.8918E+41  3.6146E+41  5.8790E+32  2.7728E+40
  6.3100E+01  2.8645E+41  2.6427E+41  3.4499E+32  2.2180E+40
  6.6830E+01  2.1036E+41  1.9261E+41  2.0198E+32  1.7744E+40
  7.0790E+01  1.5413E+41  1.3995E+41  1.1800E+32  1.4183E+40
  7.4990E+01  1.1271E+41  1.0139E+41  6.8818E+31  1.1329E+40
  7.9430E+01  8.2380E+40  7.3330E+40  4.0130E+31  9.0505E+39
  8.4140E+01  6.0163E+40  5.2938E+40  2.3386E+31  7.2256E+39
  8.9130E+01  4.3951E+40  3.8185E+40  1.3639E+31  5.7665E+39
  9.4410E+01  3.2121E+40  2.7519E+40  7.9619E+30  4.6021E+39
  1.0000E+02  2.3487E+40  1.9815E+40  4.6522E+30  3.6722E+39
  1.0590E+02  1.7206E+40  1.4274E+40  2.7253E+30  2.9317E+39
  1.1220E+02  1.2611E+40  1.0275E+40  1.5973E+30  2.3358E+39
  1.1890E+02  9.2669E+39  7.4078E+39  9.3887E+29  1.8590E+39
  1.2590E+02  6.8595E+39  5.3756E+39  5.5609E+29  1.4838E+39
  1.3340E+02  5.0917E+39  3.9106E+39  3.3074E+29  1.1811E+39
  1.4130E+02  3.7723E+39  2.8312E+39  1.9724E+29  9.4117E+38
  1.4960E+02  2.7701E+39  2.0189E+39  1.1672E+29  7.5121E+38
  1.5850E+02  2.0278E+39  1.4300E+39  6.8737E+28  5.9781E+38
  1.7780E+02  1.1032E+39  7.2374E+38  2.4176E+28  3.7942E+38
  1.9950E+02  6.0806E+38  3.6762E+38  8.6223E+27  2.4043E+38
  2.2390E+02  3.3895E+38  1.8680E+38  3.1135E+27  1.5216E+38
  2.5120E+02  1.9139E+38  9.5015E+37  1.1390E+27  9.6376E+37
  2.8180E+02  1.0936E+38  4.8312E+37  4.2153E+26  6.1043E+37
  3.1620E+02  6.3145E+37  2.4527E+37  1.5749E+26  3.8617E+37
  3.5480E+02  3.6866E+37  1.2445E+37  5.9380E+25  2.4421E+37
  3.9810E+02  2.1751E+37  6.3094E+36  2.2588E+25  1.5442E+37
  4.4670E+02  1.2956E+37  3.1961E+36  8.6555E+24  9.7603E+36
  5.0120E+02  7.7877E+36  1.6183E+36  3.3393E+24  6.1695E+36
  5.6230E+02  4.7195E+36  8.1919E+35  1.2957E+24  3.9003E+36
  6.3100E+02  2.8770E+36  4.1403E+35  5.0474E+23  2.4629E+36
  7.0790E+02  1.7661E+36  2.0935E+35  1.9763E+23  1.5568E+36
  7.9430E+02  1.0890E+36  1.0572E+35  7.7578E+22  9.8325E+35
  8.9130E+02  6.7411E+35  5.3341E+34  3.0528E+22  6.2077E+35
  1.0000E+03  4.1905E+35  2.6914E+34  1.2049E+22  3.9214E+35
