  1.0000E-03  8.7883E+44  0.0000E+00  2.2096E+42  8.7662E+44
  1.1220E-03  9.8646E+44  0.0000E+00  2.8814E+42  9.8357E+44
  1.2590E-03  1.1073E+45  0.0000E+00  3.5915E+42  1.1037E+45
  1.4130E-03  1.2430E+45  0.0000E+00  4.3112E+42  1.2387E+45
  1.5850E-03  1.3945E+45  0.0000E+00  5.0444E+42  1.3894E+45
  1.7780E-03  1.5651E+45  0.0000E+00  6.4514E+42  1.5586E+45
  1.9950E-03  1.7568E+45  0.0000E+00  8.0089E+42  1.7488E+45
  2.2390E-03  1.9717E+45  0.0000E+00  8.9555E+42  1.9627E+45
  2.5120E-03  2.2140E+45  0.0000E+00  1.2033E+43  2.2020E+45
  2.8180E-03  2.4848E+45  0.0000E+00  1.4623E+43  2.4702E+45
  3.1620E-03  2.7886E+45  0.0000E+00  1.6799E+43  2.7718E+45
  3.5480E-03  3.1290E+45  0.0000E+00  1.8699E+43  3.1103E+45
  3.9810E-03  3.5101E+45  0.0000E+00  2.0268E+43  3.4898E+45
  4.4670E-03  3.9411E+45  0.0000E+00  2.5258E+43  3.9158E+45
  5.0120E-03  4.4268E+45  0.0000E+00  3.3242E+43  4.3936E+45
  5.6230E-03  4.9708E+45  0.0000E+00  4.1560E+43  4.9292E+45
  5.9570E-03  5.2678E+45  0.0000E+00  4.5727E+43  5.2220E+45
  6.6830E-03  5.9124E+45  0.0000E+00  5.3831E+43  5.8585E+45
  7.4990E-03  6.6361E+45  0.0000E+00  6.2262E+43  6.5738E+45
  8.4140E-03  7.4470E+45  0.0000E+00  7.1171E+43  7.3758E+45
  9.4410E-03  8.3557E+45  0.0000E+00  7.9618E+43  8.2761E+45
  1.0590E-02  9.3691E+45  0.0000E+00  8.5823E+43  9.2833E+45
  1.1890E-02  1.0523E+46  0.0000E+00  9.9564E+43  1.0423E+46
  1.3340E-02  1.1804E+46  0.0000E+00  1.0977E+44  1.1694E+46
  1.4960E-02  1.3236E+46  0.0000E+00  1.2238E+44  1.3114E+46
  1.6790E-02  1.4853E+46  0.0000E+00  1.3486E+44  1.4718E+46
  1.8840E-02  1.6663E+46  0.0000E+00  1.4723E+44  1.6515E+46
  2.1130E-02  1.8687E+46  0.0000E+00  1.6328E+44  1.8524E+46
  2.3710E-02  2.0964E+46  0.0000E+00  1.7979E+44  2.0785E+46
  2.6610E-02  2.3524E+46  0.0000E+00  1.9730E+44  2.3326E+46
  2.9850E-02  2.6382E+46  5.2557E-83  2.1546E+44  2.6166E+46
  3.3500E-02  2.9601E+46  3.3454E-68  2.3415E+44  2.9367E+46
  3.7580E-02  3.3197E+46  4.1876E-55  2.5497E+44  3.2942E+46
  4.2170E-02  3.7276E+46  1.8131E-43  3.0889E+44  3.6967E+46
  4.7320E-02  4.1823E+46  4.7563E-33  3.4075E+44  4.1482E+46
  5.3090E-02  4.3556E+46  8.4944E-24  3.4396E+44  4.3212E+46
  6.6830E-02  4.1559E+46  3.0005E-08  2.9104E+44  4.1268E+46
  7.4990E-02  4.0580E+46  9.9280E-02  2.5125E+44  4.0328E+46
  8.4140E-02  3.9658E+46  5.2898E+04  2.4765E+44  3.9410E+46
  9.4410E-02  3.8761E+46  6.4515E+09  2.4877E+44  3.8513E+46
  1.0590E-01  3.5311E+46  1.8790E+14  2.5581E+44  3.5055E+46
  1.1890E-01  2.9697E+46  1.4329E+18  2.2938E+44  2.9467E+46
  1.3340E-01  2.4998E+46  2.8665E+21  2.0260E+44  2.4795E+46
  1.4960E-01  2.1041E+46  3.2358E+24  1.6230E+44  2.0878E+46
  1.5850E-01  1.9291E+46  9.5328E+25  1.4608E+44  1.9145E+46
  1.7780E-01  1.6240E+46  4.9813E+28  1.2563E+44  1.6114E+46
  1.9950E-01  1.3655E+46  1.4727E+31  9.6726E+43  1.3558E+46
  2.2390E-01  1.1484E+46  1.8305E+33  8.0373E+43  1.1403E+46
  2.3710E-01  1.0548E+46  1.2347E+34  8.3215E+43  1.0464E+46
  2.5120E-01  9.6779E+45  7.1180E+34  8.2039E+43  9.5958E+45
  2.6610E-01  8.8781E+45  3.8345E+35  7.6913E+43  8.8012E+45
  2.8180E-01  8.1465E+45  1.8959E+36  7.0431E+43  8.0761E+45
  2.9850E-01  7.4721E+45  8.5429E+36  6.4212E+43  7.4079E+45
  3.1620E-01  6.8534E+45  3.4612E+37  5.8714E+43  6.7947E+45
  3.3500E-01  6.2844E+45  1.2812E+38  5.3619E+43  6.2308E+45
  3.5480E-01  5.7653E+45  4.3448E+38  4.8863E+43  5.7165E+45
  3.7580E-01  5.2886E+45  1.3643E+39  4.4409E+43  5.2442E+45
  3.9810E-01  4.8502E+45  3.9450E+39  4.0415E+43  4.8097E+45
  4.2170E-01  4.4483E+45  1.0497E+40  3.6667E+43  4.4116E+45
  4.4670E-01  4.0800E+45  2.5892E+40  3.3317E+43  4.0466E+45
  4.7320E-01  3.7417E+45  6.0096E+40  3.0179E+43  3.7115E+45
  5.0120E-01  3.4322E+45  1.3160E+41  2.7240E+43  3.4048E+45
  5.3090E-01  3.1479E+45  2.7345E+41  2.4467E+43  3.1232E+45
  5.6230E-01  2.8876E+45  5.3805E+41  2.1979E+43  2.8651E+45
  5.9570E-01  2.6483E+45  1.0096E+42  1.9705E+43  2.6276E+45
  6.3100E-01  2.4297E+45  1.8057E+42  1.7603E+43  2.4103E+45
  6.6830E-01  2.2301E+45  3.0838E+42  1.5657E+43  2.2114E+45
  7.0790E-01  2.0474E+45  5.0481E+42  1.3890E+43  2.0284E+45
  7.4990E-01  1.8807E+45  7.9344E+42  1.2294E+43  1.8605E+45
  7.9430E-01  1.7294E+45  1.1991E+43  1.0830E+43  1.7066E+45
  8.4140E-01  1.5923E+45  1.7502E+43  9.4949E+42  1.5653E+45
  8.9130E-01  1.4687E+45  2.4742E+43  8.2597E+42  1.4357E+45
  9.4410E-01  1.3580E+45  3.3900E+43  7.1529E+42  1.3170E+45
  1.0000E+00  1.2594E+45  4.5124E+43  6.1776E+42  1.2081E+45
  1.0590E+00  1.1724E+45  5.8453E+43  5.3257E+42  1.1086E+45
  1.1220E+00  1.0953E+45  7.4172E+43  4.5707E+42  1.0165E+45
  1.1890E+00  1.0280E+45  9.2316E+43  3.8989E+42  9.3183E+44
  1.2590E+00  9.7078E+44  1.1227E+44  3.2977E+42  8.5520E+44
  1.3340E+00  9.2120E+44  1.3431E+44  2.7788E+42  7.8411E+44
  1.4130E+00  8.7908E+44  1.5746E+44  2.3456E+42  7.1927E+44
  1.4960E+00  8.4359E+44  1.8136E+44  1.9793E+42  6.6026E+44
  1.5850E+00  8.1358E+44  2.0648E+44  1.6632E+42  6.0543E+44
  1.6790E+00  7.8810E+44  2.3141E+44  1.3877E+42  5.5530E+44
  1.7780E+00  7.6587E+44  2.5516E+44  1.1462E+42  5.0957E+44
  1.8840E+00  7.4619E+44  2.7806E+44  9.3595E+41  4.6719E+44
  1.9950E+00  7.2810E+44  2.9859E+44  7.5508E+41  4.2875E+44
  2.1130E+00  7.1068E+44  3.1675E+44  6.0194E+41  3.9333E+44
  2.2390E+00  6.9291E+44  3.3183E+44  4.7432E+41  3.6061E+44
  2.3710E+00  6.7411E+44  3.4283E+44  3.6972E+41  3.3092E+44
  2.5120E+00  6.5400E+44  3.5027E+44  2.8561E+41  3.0344E+44
  2.6610E+00  6.3198E+44  3.5344E+44  2.1877E+41  2.7832E+44
  2.8180E+00  6.0752E+44  3.5197E+44  1.6612E+41  2.5538E+44
  2.9850E+00  5.8087E+44  3.4648E+44  1.2519E+41  2.3426E+44
  3.1620E+00  5.5188E+44  3.3691E+44  9.3611E+40  2.1487E+44
  3.3500E+00  5.2194E+44  3.2483E+44  6.9624E+40  1.9704E+44
  3.5480E+00  4.8972E+44  3.0889E+44  5.1359E+40  1.8078E+44
  3.7580E+00  4.5659E+44  2.9072E+44  3.7631E+40  1.6583E+44
  3.9810E+00  4.2293E+44  2.7081E+44  2.7392E+40  1.5210E+44
  4.2170E+00  3.8912E+44  2.4959E+44  1.9808E+40  1.3951E+44
  4.4670E+00  3.5564E+44  2.2766E+44  1.4230E+40  1.2796E+44
  4.7320E+00  3.2328E+44  2.0591E+44  1.0163E+40  1.1737E+44
  5.0120E+00  2.9275E+44  1.8483E+44  7.2302E+39  1.0791E+44
  5.3090E+00  2.6073E+44  1.6471E+44  5.0547E+39  9.6024E+43
  5.6230E+00  2.3084E+44  1.4603E+44  3.5083E+39  8.4805E+43
  5.9570E+00  2.0338E+44  1.2906E+44  2.4198E+39  7.4316E+43
  6.3100E+00  1.7753E+44  1.1282E+44  1.6512E+39  6.4710E+43
  6.6830E+00  1.5494E+44  9.8930E+43  1.1228E+39  5.6014E+43
  7.0790E+00  1.3399E+44  8.5796E+43  7.5245E+38  4.8190E+43
  7.4990E+00  1.2209E+44  8.0862E+43  5.2398E+38  4.1229E+43
  7.9430E+00  1.4176E+44  1.0665E+44  4.5995E+38  3.5109E+43
  8.4140E+00  1.8962E+44  1.5986E+44  4.9420E+38  2.9752E+43
  8.9130E+00  2.2437E+44  1.9927E+44  5.0620E+38  2.5104E+43
  9.4410E+00  2.4483E+44  2.2373E+44  5.3239E+38  2.1101E+43
  1.0000E+01  1.9496E+44  1.7729E+44  3.6296E+38  1.7671E+43
  1.0590E+01  1.4508E+44  1.3033E+44  2.2496E+38  1.4758E+43
  1.1220E+01  1.0134E+44  8.9073E+43  1.2257E+38  1.2267E+43
  1.1890E+01  7.1613E+43  6.1454E+43  6.7896E+37  1.0159E+43
  1.2590E+01  5.0311E+43  4.1899E+43  3.6751E+37  8.4119E+42
  1.3340E+01  3.5723E+43  2.8791E+43  1.9859E+37  6.9319E+42
  1.4130E+01  2.7140E+43  2.1435E+43  1.1250E+37  5.7050E+42
  1.4960E+01  2.4361E+43  1.9669E+43  7.6409E+36  4.6919E+42
  1.5850E+01  2.2722E+43  1.8880E+43  5.6020E+36  3.8414E+42
  1.6790E+01  2.1192E+43  1.8051E+43  4.2700E+36  3.1409E+42
  1.7780E+01  1.8996E+43  1.6430E+43  3.2342E+36  2.5663E+42
  1.8840E+01  1.5851E+43  1.3762E+43  2.3022E+36  2.0888E+42
  1.9950E+01  1.2338E+43  1.0637E+43  1.4956E+36  1.7013E+42
  2.1130E+01  9.4309E+42  8.0483E+42  9.2724E+35  1.3827E+42
  2.2390E+01  7.2469E+42  6.1266E+42  5.7564E+35  1.1203E+42
  2.3710E+01  5.6013E+42  4.6926E+42  3.5774E+35  9.0864E+41
  2.5120E+01  4.3382E+42  3.6034E+42  2.2316E+35  7.3479E+41
  2.6610E+01  3.3622E+42  2.7683E+42  1.3893E+35  5.9383E+41
  2.8180E+01  2.6114E+42  2.1315E+42  8.6864E+34  4.7994E+41
  2.9850E+01  2.0258E+42  1.6386E+42  5.4341E+34  3.8717E+41
  3.1620E+01  1.5670E+42  1.2550E+42  3.3899E+34  3.1199E+41
  3.3500E+01  1.2081E+42  9.5700E+41  2.1092E+34  2.5106E+41
  3.5480E+01  9.2986E+41  7.2776E+41  1.3112E+34  2.0210E+41
  3.7580E+01  7.1218E+41  5.4965E+41  8.1143E+33  1.6253E+41
  3.9810E+01  5.4130E+41  4.1076E+41  4.9888E+33  1.3054E+41
  4.2170E+01  4.0937E+41  3.0458E+41  3.0512E+33  1.0479E+41
  4.4670E+01  3.0827E+41  2.2419E+41  1.8557E+33  8.4074E+40
  4.7320E+01  2.3139E+41  1.6399E+41  1.1239E+33  6.7400E+40
  5.0120E+01  1.7340E+41  1.1937E+41  6.7899E+32  5.4034E+40
  5.3090E+01  1.2972E+41  8.6438E+40  4.0923E+32  4.3282E+40
  5.6230E+01  9.7048E+40  6.2380E+40  2.4645E+32  3.4667E+40
  5.9570E+01  7.2538E+40  4.4810E+40  1.4819E+32  2.7728E+40
  6.3100E+01  5.4303E+40  3.2122E+40  8.9196E+31  2.2180E+40
  6.6830E+01  4.0729E+40  2.2984E+40  5.3762E+31  1.7744E+40
  7.0790E+01  3.0598E+40  1.6415E+40  3.2440E+31  1.4183E+40
  7.4990E+01  2.3031E+40  1.1702E+40  1.9604E+31  1.1329E+40
  7.9430E+01  1.7387E+40  8.3367E+39  1.1878E+31  9.0505E+39
  8.4140E+01  1.3159E+40  5.9336E+39  7.2103E+30  7.2256E+39
  8.9130E+01  9.9900E+39  4.2234E+39  4.3885E+30  5.7665E+39
  9.4410E+01  7.6078E+39  3.0058E+39  2.6782E+30  4.6021E+39
  1.0000E+02  5.8110E+39  2.1388E+39  1.6384E+30  3.6722E+39
  1.0590E+02  4.4552E+39  1.5236E+39  1.0058E+30  2.9317E+39
  1.1220E+02  3.4207E+39  1.0850E+39  6.1768E+29  2.3358E+39
  1.1890E+02  2.6330E+39  7.7400E+38  3.8009E+29  1.8590E+39
  1.2590E+02  2.0397E+39  5.5585E+38  2.3528E+29  1.4838E+39
  1.3340E+02  1.5812E+39  4.0011E+38  1.4588E+29  1.1811E+39
  1.4130E+02  1.2282E+39  2.8699E+38  9.0945E+28  9.4117E+38
  1.4960E+02  9.5447E+38  2.0326E+38  5.6663E+28  7.5121E+38
  1.5850E+02  7.4090E+38  1.4309E+38  3.5147E+28  5.9781E+38
  1.7780E+02  4.5098E+38  7.1562E+37  1.3616E+28  3.7942E+38
  1.9950E+02  2.7638E+38  3.5943E+37  5.3017E+27  2.4043E+38
  2.2390E+02  1.7023E+38  1.8077E+37  2.0731E+27  1.5216E+38
  2.5120E+02  1.0549E+38  9.1106E+36  8.1466E+26  9.6376E+37
  2.8180E+02  6.5637E+37  4.5941E+36  3.2123E+26  6.1043E+37
  3.1620E+02  4.0932E+37  2.3151E+36  1.2685E+26  3.8617E+37
  3.5480E+02  2.5588E+37  1.1668E+36  5.0167E+25  2.4421E+37
  3.9810E+02  1.6030E+37  5.8806E+35  1.9877E+25  1.5442E+37
  4.4670E+02  1.0057E+37  2.9629E+35  7.8836E+24  9.7603E+36
  5.0120E+02  6.3188E+36  1.4930E+35  3.1304E+24  6.1695E+36
  5.6230E+02  3.9756E+36  7.5252E+34  1.2440E+24  3.9003E+36
  6.3100E+02  2.5008E+36  3.7886E+34  4.9427E+23  2.4629E+36
  7.0790E+02  1.5759E+36  1.9090E+34  1.9668E+23  1.5568E+36
  7.9430E+02  9.9286E+35  9.6101E+33  7.8233E+22  9.8325E+35
  8.9130E+02  6.2561E+35  4.8352E+33  3.1118E+22  6.2077E+35
  1.0000E+03  3.9457E+35  2.4335E+33  1.2389E+22  3.9214E+35
