  1.0000E-03  6.9538E+44  1.3547E+06  5.5959E+43  6.3942E+44
  1.1220E-03  7.2880E+44  1.2062E+06  6.7130E+43  6.6167E+44
  1.2590E-03  7.5647E+44  1.1652E+06  7.6167E+43  6.8030E+44
  1.4130E-03  7.7811E+44  1.0184E+06  8.2431E+43  6.9568E+44
  1.5850E-03  8.0510E+44  9.3265E+05  8.7448E+43  7.1765E+44
  1.7780E-03  8.7701E+44  9.0062E+05  1.0526E+44  7.7174E+44
  1.9950E-03  8.5003E+44  8.0483E+05  1.0929E+44  7.4074E+44
  2.2390E-03  8.3676E+44  6.9622E+05  1.0475E+44  7.3201E+44
  2.5120E-03  8.9125E+44  6.4914E+05  1.2674E+44  7.6451E+44
  2.8180E-03  8.0843E+44  5.2856E+05  1.1959E+44  6.8884E+44
  3.1620E-03  7.4237E+44  4.6172E+05  1.0850E+44  6.3388E+44
  3.5480E-03  6.8630E+44  3.8559E+05  9.6101E+43  5.9020E+44
  3.9810E-03  6.4342E+44  3.7969E+05  8.4003E+43  5.5942E+44
  4.4670E-03  1.7358E+45  6.4525E+05  3.3287E+44  1.4030E+45
  5.0120E-03  1.5577E+45  5.3568E+05  3.3532E+44  1.2224E+45
  5.6230E-03  1.3858E+45  4.2190E+05  3.2078E+44  1.0651E+45
  5.9570E-03  1.3097E+45  3.9600E+05  3.1042E+44  9.9928E+44
  6.6830E-03  1.1916E+45  3.2910E+05  2.9016E+44  9.0146E+44
  7.4990E-03  1.1230E+45  3.0437E+05  2.7716E+44  8.4580E+44
  8.4140E-03  1.0313E+45  2.6268E+05  2.5610E+44  7.7520E+44
  9.4410E-03  9.7453E+44  2.4059E+05  2.3902E+44  7.3551E+44
  1.0590E-02  9.7982E+44  2.2436E+05  2.2994E+44  7.4988E+44
  1.1890E-02  9.2044E+44  2.0285E+05  2.1935E+44  7.0109E+44
  1.3340E-02  8.8571E+44  1.8253E+05  2.0581E+44  6.7990E+44
  1.4960E-02  8.2915E+44  1.6762E+05  1.8974E+44  6.3941E+44
  1.6790E-02  7.8451E+44  1.5041E+05  1.7505E+44  6.0946E+44
  1.8840E-02  7.5299E+44  1.3938E+05  1.6272E+44  5.9027E+44
  2.1130E-02  7.1466E+44  1.2647E+05  1.5152E+44  5.6314E+44
  2.3710E-02  6.7382E+44  1.2031E+05  1.3950E+44  5.3432E+44
  2.6610E-02  6.2662E+44  1.0976E+05  1.2647E+44  5.0015E+44
  2.9850E-02  5.8232E+44  1.0134E+05  1.1421E+44  4.6811E+44
  3.3500E-02  5.3873E+44  9.0485E+04  1.0209E+44  4.3665E+44
  3.7580E-02  5.7319E+44  8.8783E+04  1.0421E+44  4.6898E+44
  4.2170E-02  5.4965E+44  8.1455E+04  1.1318E+44  4.3647E+44
  4.7320E-02  3.9534E+44  1.0700E+05  8.2805E+43  3.1254E+44
  5.3090E-02  2.4213E+44  9.3547E+04  5.1249E+43  1.9088E+44
  6.6830E-02  3.0995E+43  6.4761E+04  7.3298E+42  2.3665E+43
  7.4990E-02  8.1019E+42  4.0132E+04  2.1001E+42  6.0018E+42
  8.4140E-02  1.1063E+43  4.1775E+04  2.6822E+42  8.3804E+42
  9.4410E-02  1.3902E+43  1.4711E+07  3.3135E+42  1.0588E+43
  1.0590E-01  3.3688E+43  9.8849E+11  7.9171E+42  2.5771E+43
  1.1890E-01  8.3179E+43  2.1337E+16  1.7702E+43  6.5477E+43
  1.3340E-01  1.5526E+44  9.6556E+19  3.1695E+43  1.2357E+44
  1.4960E-01  2.1615E+44  1.8403E+23  3.7991E+43  1.7815E+44
  1.5850E-01  2.1453E+44  5.9234E+24  3.5203E+43  1.7932E+44
  1.7780E-01  1.4501E+44  2.5263E+27  2.2895E+43  1.2212E+44
  1.9950E-01  4.4760E+43  2.8932E+29  6.7952E+42  3.7964E+43
  2.2390E-01  2.0690E+43  1.9186E+31  3.7027E+42  1.6987E+43
  2.3710E-01  3.7187E+43  2.4011E+32  7.2956E+42  2.9891E+43
  2.5120E-01  6.7559E+43  2.6656E+33  1.3474E+43  5.4085E+43
  2.6610E-01  9.7358E+43  2.2326E+34  1.8999E+43  7.8359E+43
  2.8180E-01  1.2269E+44  1.5101E+35  2.3148E+43  9.9542E+43
  2.9850E-01  1.4429E+44  8.6935E+35  2.6490E+43  1.1780E+44
  3.1620E-01  1.6553E+44  4.3769E+36  2.9926E+43  1.3560E+44
  3.3500E-01  1.8625E+44  1.9718E+37  3.3269E+43  1.5298E+44
  3.5480E-01  2.0503E+44  7.9506E+37  3.6222E+43  1.6881E+44
  3.7580E-01  2.2442E+44  2.9480E+38  3.9212E+43  1.8521E+44
  3.9810E-01  2.4222E+44  9.9158E+38  4.2056E+43  2.0016E+44
  4.2170E-01  2.6409E+44  3.0942E+39  4.5563E+43  2.1852E+44
  4.4670E-01  2.8649E+44  8.8917E+39  4.9304E+43  2.3718E+44
  4.7320E-01  3.0926E+44  2.3908E+40  5.3011E+43  2.5623E+44
  5.0120E-01  3.3164E+44  6.0219E+40  5.6472E+43  2.7511E+44
  5.3090E-01  3.5527E+44  1.4370E+41  5.9892E+43  2.9523E+44
  5.6230E-01  3.7619E+44  3.2064E+41  6.2856E+43  3.1301E+44
  5.9570E-01  3.9533E+44  6.7662E+41  6.5438E+43  3.2922E+44
  6.3100E-01  4.1434E+44  1.3548E+42  6.7772E+43  3.4522E+44
  6.6830E-01  4.3302E+44  2.5770E+42  6.9770E+43  3.6068E+44
  7.0790E-01  4.5137E+44  4.6720E+42  7.1563E+43  3.7514E+44
  7.4990E-01  4.6813E+44  8.0590E+42  7.2916E+43  3.8715E+44
  7.9430E-01  4.8533E+44  1.3290E+43  7.3980E+43  3.9806E+44
  8.4140E-01  5.0371E+44  2.1046E+43  7.4861E+43  4.0780E+44
  8.9130E-01  5.2579E+44  3.2196E+43  7.5662E+43  4.1793E+44
  9.4410E-01  5.4969E+44  4.7365E+43  7.6201E+43  4.2613E+44
  1.0000E+00  5.7407E+44  6.6947E+43  7.6277E+43  4.3085E+44
  1.0590E+00  5.9986E+44  9.1179E+43  7.5959E+43  4.3272E+44
  1.1220E+00  6.2774E+44  1.2057E+44  7.5093E+43  4.3207E+44
  1.1890E+00  6.5794E+44  1.5508E+44  7.3472E+43  4.2939E+44
  1.2590E+00  6.9033E+44  1.9363E+44  7.0798E+43  4.2591E+44
  1.3340E+00  7.2210E+44  2.3531E+44  6.7302E+43  4.1949E+44
  1.4130E+00  7.5052E+44  2.7713E+44  6.3173E+43  4.1021E+44
  1.4960E+00  7.7504E+44  3.1766E+44  5.8438E+43  3.9895E+44
  1.5850E+00  7.9556E+44  3.5669E+44  5.3153E+43  3.8571E+44
  1.6790E+00  8.1034E+44  3.9144E+44  4.7348E+43  3.7155E+44
  1.7780E+00  8.1776E+44  4.1984E+44  4.1176E+43  3.5674E+44
  1.8840E+00  8.1762E+44  4.4180E+44  3.4939E+43  3.4088E+44
  1.9950E+00  8.0932E+44  4.5566E+44  2.8918E+43  3.2474E+44
  2.1130E+00  7.9305E+44  4.6165E+44  2.3375E+43  3.0803E+44
  2.2390E+00  7.6883E+44  4.5950E+44  1.8476E+43  2.9086E+44
  2.3710E+00  7.3795E+44  4.4973E+44  1.4316E+43  2.7391E+44
  2.5120E+00  7.0172E+44  4.3393E+44  1.0909E+43  2.5689E+44
  2.6610E+00  6.6133E+44  4.1287E+44  8.1925E+42  2.4027E+44
  2.8180E+00  6.1790E+44  3.8758E+44  6.0723E+42  2.2425E+44
  2.9850E+00  5.7295E+44  3.5973E+44  4.4525E+42  2.0877E+44
  3.1620E+00  5.2738E+44  3.3018E+44  3.2333E+42  1.9397E+44
  3.3500E+00  4.8327E+44  3.0107E+44  2.3337E+42  1.7986E+44
  3.5480E+00  4.4017E+44  2.7185E+44  1.6723E+42  1.6665E+44
  3.7580E+00  3.9924E+44  2.4386E+44  1.1920E+42  1.5419E+44
  3.9810E+00  3.6070E+44  2.1736E+44  8.4566E+41  1.4249E+44
  4.2170E+00  3.2477E+44  1.9261E+44  5.9765E+41  1.3157E+44
  4.4670E+00  2.9157E+44  1.6976E+44  4.2091E+41  1.2139E+44
  4.7320E+00  2.6116E+44  1.4895E+44  2.9548E+41  1.1191E+44
  5.0120E+00  2.3378E+44  1.3021E+44  2.0720E+41  1.0336E+44
  5.3090E+00  2.0579E+44  1.1331E+44  1.4282E+41  9.2334E+43
  5.6230E+00  1.8024E+44  9.8316E+43  9.7808E+40  8.1823E+43
  5.9570E+00  1.5712E+44  8.5138E+43  6.6588E+40  7.1911E+43
  6.3100E+00  1.3587E+44  7.3048E+43  4.4907E+40  6.2780E+43
  6.6830E+00  1.1778E+44  6.3292E+43  3.0277E+40  5.4461E+43
  7.0790E+00  1.0129E+44  5.4325E+43  2.0155E+40  4.6948E+43
  7.4990E+00  8.8595E+43  4.8422E+43  1.3516E+40  4.0160E+43
  7.9430E+00  8.5990E+43  5.2123E+43  1.0060E+40  3.3858E+43
  8.4140E+00  9.2742E+43  6.4685E+43  8.7686E+39  2.8048E+43
  8.9130E+00  9.7306E+43  7.4179E+43  7.8903E+39  2.3119E+43
  9.4410E+00  9.9084E+43  8.0080E+43  7.5970E+39  1.8996E+43
  1.0000E+01  8.2191E+43  6.6103E+43  5.3630E+39  1.6083E+43
  1.0590E+01  6.4966E+43  5.1318E+43  3.5144E+39  1.3644E+43
  1.1220E+01  4.9124E+43  3.7583E+43  2.0662E+39  1.1539E+43
  1.1890E+01  3.7317E+43  2.7638E+43  1.2247E+39  9.6782E+42
  1.2590E+01  2.8321E+43  2.0223E+43  7.1189E+38  8.0968E+42
  1.3340E+01  2.1642E+43  1.4918E+43  4.1171E+38  6.7235E+42
  1.4130E+01  1.7273E+43  1.1717E+43  2.4447E+38  5.5554E+42
  1.4960E+01  1.5338E+43  1.0778E+43  1.6460E+38  4.5601E+42
  1.5850E+01  1.4031E+43  1.0311E+43  1.1833E+38  3.7197E+42
  1.6790E+01  1.2912E+43  9.8837E+42  8.8671E+37  3.0286E+42
  1.7780E+01  1.1598E+43  9.1303E+42  6.6855E+37  2.4674E+42
  1.8840E+01  9.8908E+42  7.8825E+42  4.8248E+37  2.0083E+42
  1.9950E+01  8.0074E+42  6.3666E+42  3.2340E+37  1.6407E+42
  2.1130E+01  6.3927E+42  5.0548E+42  2.0796E+37  1.3379E+42
  2.2390E+01  5.1199E+42  4.0329E+42  1.3369E+37  1.0870E+42
  2.3710E+01  4.1169E+42  3.2333E+42  8.5919E+36  8.8362E+41
  2.5120E+01  3.3092E+42  2.5933E+42  5.5315E+36  7.1593E+41
  2.6610E+01  2.6564E+42  2.0768E+42  3.5489E+36  5.7958E+41
  2.8180E+01  2.1307E+42  1.6615E+42  2.2809E+36  4.6914E+41
  2.9850E+01  1.7016E+42  1.3227E+42  1.4629E+36  3.7898E+41
  3.1620E+01  1.3512E+42  1.0454E+42  9.3340E+35  3.0580E+41
  3.3500E+01  1.0659E+42  8.1949E+41  5.9231E+35  2.4640E+41
  3.5480E+01  8.3645E+41  6.3785E+41  3.7434E+35  1.9860E+41
  3.7580E+01  6.5137E+41  4.9145E+41  2.3493E+35  1.5991E+41
  3.9810E+01  5.0249E+41  3.7388E+41  1.4625E+35  1.2861E+41
  4.2170E+01  3.8499E+41  2.8161E+41  9.0412E+34  1.0338E+41
  4.4670E+01  2.9321E+41  2.1017E+41  5.5501E+34  8.3043E+40
  4.7320E+01  2.2228E+41  1.5562E+41  3.3888E+34  6.6653E+40
  5.0120E+01  1.6800E+41  1.1450E+41  2.0615E+34  5.3495E+40
  5.3090E+01  1.2660E+41  8.3709E+40  1.2499E+34  4.2896E+40
  5.6230E+01  9.5315E+40  6.0924E+40  7.5659E+33  3.4391E+40
  5.9570E+01  7.1633E+40  4.4102E+40  4.5699E+33  2.7531E+40
  6.3100E+01  5.3873E+40  3.1832E+40  2.7611E+33  2.2041E+40
  6.6830E+01  4.0565E+40  2.2921E+40  1.6698E+33  1.7645E+40
  7.0790E+01  3.0576E+40  1.6463E+40  1.0105E+33  1.4113E+40
  7.4990E+01  2.3077E+40  1.1798E+40  6.1216E+32  1.1279E+40
  7.9430E+01  1.7461E+40  8.4459E+39  3.7171E+32  9.0152E+39
  8.4140E+01  1.3239E+40  6.0384E+39  2.2605E+32  7.2006E+39
  8.9130E+01  1.0065E+40  4.3160E+39  1.3779E+32  5.7489E+39
  9.4410E+01  7.6736E+39  3.0840E+39  8.4209E+31  4.5896E+39
  1.0000E+02  5.8663E+39  2.2029E+39  5.1576E+31  3.6634E+39
  1.0590E+02  4.5005E+39  1.5751E+39  3.1692E+31  2.9254E+39
  1.1220E+02  3.4573E+39  1.1260E+39  1.9480E+31  2.3313E+39
  1.1890E+02  2.6626E+39  8.0675E+38  1.1998E+31  1.8559E+39
  1.2590E+02  2.0639E+39  5.8239E+38  7.4339E+30  1.4816E+39
  1.3340E+02  1.6013E+39  4.2187E+38  4.6144E+30  1.1795E+39
  1.4130E+02  1.2440E+39  3.0401E+38  2.8790E+30  9.4001E+38
  1.4960E+02  9.6578E+38  2.1539E+38  1.7935E+30  7.5039E+38
  1.5850E+02  7.4882E+38  1.5159E+38  1.1121E+30  5.9723E+38
  1.7780E+02  4.5507E+38  7.5933E+37  4.3065E+29  3.7913E+38
  1.9950E+02  2.7854E+38  3.8246E+37  1.6765E+29  2.4029E+38
  2.2390E+02  1.7138E+38  1.9293E+37  6.5546E+28  1.5209E+38
  2.5120E+02  1.0609E+38  9.7519E+36  2.5753E+28  9.6340E+37
  2.8180E+02  6.5956E+37  4.9313E+36  1.0153E+28  6.1025E+37
  3.1620E+02  4.1100E+37  2.4914E+36  4.0086E+27  3.8608E+37
  3.5480E+02  2.5675E+37  1.2587E+36  1.5851E+27  2.4416E+37
  3.9810E+02  1.6075E+37  6.3578E+35  6.2795E+26  1.5440E+37
  4.4670E+02  1.0080E+37  3.2101E+35  2.4902E+26  9.7591E+36
  5.0120E+02  6.3310E+36  1.6207E+35  9.8867E+25  6.1689E+36
  5.6230E+02  3.9819E+36  8.1835E+34  3.9286E+25  3.9000E+36
  6.3100E+02  2.5041E+36  4.1270E+34  1.5608E+25  2.4628E+36
  7.0790E+02  1.5775E+36  2.0828E+34  6.2103E+24  1.5567E+36
  7.9430E+02  9.9371E+35  1.0501E+34  2.4701E+24  9.8321E+35
  8.9130E+02  6.2604E+35  5.2904E+33  9.8243E+23  6.2075E+35
  1.0000E+03  3.9479E+35  2.6659E+33  3.9112E+23  3.9213E+35
