  1.0000E-03  1.0180E+45  0.0000E+00  1.4138E+44  8.7662E+44
  1.1220E-03  1.1484E+45  0.0000E+00  1.6479E+44  9.8357E+44
  1.2590E-03  1.2857E+45  0.0000E+00  1.8203E+44  1.1037E+45
  1.4130E-03  1.4316E+45  0.0000E+00  1.9289E+44  1.2387E+45
  1.5850E-03  1.5929E+45  0.0000E+00  2.0350E+44  1.3894E+45
  1.7780E-03  1.8123E+45  0.0000E+00  2.5375E+44  1.5586E+45
  1.9950E-03  2.0143E+45  0.0000E+00  2.6549E+44  1.7488E+45
  2.2390E-03  2.2226E+45  0.0000E+00  2.5989E+44  1.9627E+45
  2.5120E-03  2.5351E+45  0.0000E+00  3.3315E+44  2.2020E+45
  2.8180E-03  2.8007E+45  0.0000E+00  3.3043E+44  2.4702E+45
  3.1620E-03  3.0912E+45  0.0000E+00  3.1935E+44  2.7718E+45
  3.5480E-03  3.4144E+45  0.0000E+00  3.0413E+44  3.1103E+45
  3.9810E-03  3.7759E+45  0.0000E+00  2.8603E+44  3.4898E+45
  4.4670E-03  4.6206E+45  0.0000E+00  7.0479E+44  3.9158E+45
  5.0120E-03  5.1815E+45  0.0000E+00  7.8794E+44  4.3936E+45
  5.6230E-03  5.7915E+45  0.0000E+00  8.6222E+44  4.9292E+45
  5.9570E-03  6.1194E+45  0.0000E+00  8.9734E+44  5.2220E+45
  6.6830E-03  6.8250E+45  0.0000E+00  9.6647E+44  5.8585E+45
  7.4990E-03  7.6242E+45  0.0000E+00  1.0504E+45  6.5738E+45
  8.4140E-03  8.4945E+45  0.0000E+00  1.1186E+45  7.3758E+45
  9.4410E-03  9.4640E+45  0.0000E+00  1.1879E+45  8.2761E+45
  1.0590E-02  1.0541E+46  0.0000E+00  1.2579E+45  9.2833E+45
  1.1890E-02  1.1780E+46  0.0000E+00  1.3574E+45  1.0423E+46
  1.3340E-02  1.3128E+46  0.0000E+00  1.4336E+45  1.1694E+46
  1.4960E-02  1.4627E+46  0.0000E+00  1.5129E+45  1.3114E+46
  1.6790E-02  1.6312E+46  0.0000E+00  1.5938E+45  1.4718E+46
  1.8840E-02  1.8195E+46  0.0000E+00  1.6796E+45  1.6515E+46
  2.1130E-02  2.0302E+46  0.0000E+00  1.7787E+45  1.8524E+46
  2.3710E-02  2.2664E+46  0.0000E+00  1.8791E+45  2.0785E+46
  2.6610E-02  2.5307E+46  0.0000E+00  1.9808E+45  2.3326E+46
  2.9850E-02  2.8250E+46  2.2531E-82  2.0840E+45  2.6166E+46
  3.3500E-02  3.1547E+46  1.4133E-67  2.1800E+45  2.9367E+46
  3.7580E-02  3.5262E+46  1.7660E-54  2.3195E+45  3.2942E+46
  4.2170E-02  3.9850E+46  7.5353E-43  2.8834E+45  3.6967E+46
  4.7320E-02  4.4502E+46  1.9121E-32  3.0199E+45  4.1482E+46
  5.3090E-02  4.6060E+46  3.2949E-23  2.8476E+45  4.3212E+46
  6.6830E-02  4.3247E+46  1.0432E-07  1.9787E+45  4.1268E+46
  7.4990E-02  4.1886E+46  3.1178E-01  1.5578E+45  4.0328E+46
  8.4140E-02  4.0997E+46  1.6379E+05  1.5865E+45  3.9410E+46
  9.4410E-02  4.0146E+46  1.9523E+10  1.6338E+45  3.8513E+46
  1.0590E-01  3.6913E+46  5.7215E+14  1.8580E+45  3.5055E+46
  1.1890E-01  3.1267E+46  4.8757E+18  1.7992E+45  2.9467E+46
  1.3340E-01  2.6462E+46  1.1357E+22  1.6663E+45  2.4795E+46
  1.4960E-01  2.2092E+46  1.4034E+25  1.2139E+45  2.0878E+46
  1.5850E-01  2.0134E+46  4.1649E+26  9.8851E+44  1.9145E+46
  1.7780E-01  1.6864E+46  2.0238E+29  7.5007E+44  1.6114E+46
  1.9950E-01  1.4080E+46  5.0282E+31  5.2168E+44  1.3558E+46
  2.2390E-01  1.1857E+46  5.4318E+33  4.5425E+44  1.1403E+46
  2.3710E-01  1.0986E+46  3.8541E+34  5.2164E+44  1.0464E+46
  2.5120E-01  1.0154E+46  2.3771E+35  5.5807E+44  9.5958E+45
  2.6610E-01  9.3483E+45  1.3398E+36  5.4710E+44  8.8012E+45
  2.8180E-01  8.5922E+45  6.8159E+36  5.1616E+44  8.0761E+45
  2.9850E-01  7.8916E+45  3.1349E+37  4.8368E+44  7.4079E+45
  3.1620E-01  7.2520E+45  1.2909E+38  4.5733E+44  6.7947E+45
  3.3500E-01  6.6637E+45  4.8377E+38  4.3292E+44  6.2308E+45
  3.5480E-01  6.1260E+45  1.6543E+39  4.0952E+44  5.7165E+45
  3.7580E-01  5.6323E+45  5.2204E+39  3.8818E+44  5.2442E+45
  3.9810E-01  5.1790E+45  1.5157E+40  3.6920E+44  4.8097E+45
  4.2170E-01  4.7654E+45  4.0414E+40  3.5368E+44  4.4116E+45
  4.4670E-01  4.3873E+45  9.9832E+40  3.4061E+44  4.0466E+45
  4.7320E-01  4.0399E+45  2.3168E+41  3.2823E+44  3.7115E+45
  5.0120E-01  3.7213E+45  5.0653E+41  3.1598E+44  3.4048E+45
  5.3090E-01  3.4286E+45  1.0489E+42  3.0433E+44  3.1232E+45
  5.6230E-01  3.1603E+45  2.0551E+42  2.9311E+44  2.8651E+45
  5.9570E-01  2.9136E+45  3.8354E+42  2.8224E+44  2.6276E+45
  6.3100E-01  2.6889E+45  6.8137E+42  2.7176E+44  2.4103E+45
  6.6830E-01  2.4844E+45  1.1539E+43  2.6151E+44  2.2114E+45
  7.0790E-01  2.2990E+45  1.8714E+43  2.5187E+44  2.0284E+45
  7.4990E-01  2.1319E+45  2.9108E+43  2.4234E+44  1.8605E+45
  7.9430E-01  1.9831E+45  4.3481E+43  2.3301E+44  1.7066E+45
  8.4140E-01  1.8521E+45  6.2610E+43  2.2420E+44  1.5653E+45
  8.9130E-01  1.7388E+45  8.7162E+43  2.1589E+44  1.4357E+45
  9.4410E-01  1.6423E+45  1.1731E+44  2.0805E+44  1.3170E+45
  1.0000E+00  1.5614E+45  1.5294E+44  2.0029E+44  1.2081E+45
  1.0590E+00  1.4948E+45  1.9352E+44  1.9274E+44  1.1086E+45
  1.1220E+00  1.4406E+45  2.3917E+44  1.8492E+44  1.0165E+45
  1.1890E+00  1.3973E+45  2.8903E+44  1.7642E+44  9.3183E+44
  1.2590E+00  1.3623E+45  3.4046E+44  1.6664E+44  8.5520E+44
  1.3340E+00  1.3332E+45  3.9295E+44  1.5617E+44  7.8411E+44
  1.4130E+00  1.3076E+45  4.4293E+44  1.4536E+44  7.1927E+44
  1.4960E+00  1.2834E+45  4.8911E+44  1.3403E+44  6.6026E+44
  1.5850E+00  1.2596E+45  5.3210E+44  1.2208E+44  6.0543E+44
  1.6790E+00  1.2332E+45  5.6851E+44  1.0941E+44  5.5530E+44
  1.7780E+00  1.2022E+45  5.9647E+44  9.6135E+43  5.0957E+44
  1.8840E+00  1.1670E+45  6.1706E+44  8.2729E+43  4.6719E+44
  1.9950E+00  1.1270E+45  6.2858E+44  6.9655E+43  4.2875E+44
  2.1130E+00  1.0827E+45  6.3196E+44  5.7426E+43  3.9333E+44
  2.2390E+00  1.0340E+45  6.2702E+44  4.6392E+43  3.6061E+44
  2.3710E+00  9.8180E+44  6.1410E+44  3.6784E+43  3.3092E+44
  2.5120E+00  9.2727E+44  5.9512E+44  2.8713E+43  3.0344E+44
  2.6610E+00  8.7083E+44  5.7041E+44  2.2096E+43  2.7832E+44
  2.8180E+00  8.1289E+44  5.4072E+44  1.6782E+43  2.5538E+44
  2.9850E+00  7.5470E+44  5.0783E+44  1.2606E+43  2.3426E+44
  3.1620E+00  6.9662E+44  4.7238E+44  9.3724E+42  2.1487E+44
  3.3500E+00  6.4104E+44  4.3708E+44  6.9207E+42  1.9704E+44
  3.5480E+00  5.8645E+44  4.0061E+44  5.0670E+42  1.8078E+44
  3.7580E+00  5.3447E+44  3.6495E+44  3.6856E+42  1.6583E+44
  3.9810E+00  4.8527E+44  3.3051E+44  2.6649E+42  1.5210E+44
  4.2170E+00  4.3907E+44  2.9765E+44  1.9167E+42  1.3951E+44
  4.4670E+00  3.9605E+44  2.6671E+44  1.3719E+42  1.2796E+44
  4.7320E+00  3.5653E+44  2.3818E+44  9.7772E+41  1.1737E+44
  5.0120E+00  3.2080E+44  2.1219E+44  6.9512E+41  1.0791E+44
  5.3090E+00  2.8509E+44  1.8858E+44  4.8722E+41  9.6024E+43
  5.6230E+00  2.5264E+44  1.6750E+44  3.3959E+41  8.4805E+43
  5.9570E+00  2.2346E+44  1.4891E+44  2.3559E+41  7.4316E+43
  6.3100E+00  1.9642E+44  1.3154E+44  1.6195E+41  6.4710E+43
  6.6830E+00  1.7353E+44  1.1740E+44  1.1141E+41  5.6014E+43
  7.0790E+00  1.5238E+44  1.0412E+44  7.5653E+40  4.8190E+43
  7.4990E+00  1.3807E+44  9.6792E+43  5.2304E+40  4.1229E+43
  7.9430E+00  1.4556E+44  1.1041E+44  4.1880E+40  3.5109E+43
  8.4140E+00  1.7289E+44  1.4310E+44  3.9718E+40  2.9752E+43
  8.9130E+00  1.9258E+44  1.6744E+44  3.7563E+40  2.5104E+43
  9.4410E+00  2.0366E+44  1.8253E+44  3.7369E+40  2.1101E+43
  1.0000E+01  1.6821E+44  1.5051E+44  2.6863E+40  1.7671E+43
  1.0590E+01  1.3219E+44  1.1741E+44  1.7923E+40  1.4758E+43
  1.1220E+01  9.9788E+43  8.7510E+43  1.0705E+40  1.2267E+43
  1.1890E+01  7.6381E+43  6.6215E+43  6.4460E+39  1.0159E+43
  1.2590E+01  5.9020E+43  5.0604E+43  3.8157E+39  8.4119E+42
  1.3340E+01  4.6385E+43  3.9451E+43  2.2530E+39  6.9319E+42
  1.4130E+01  3.8360E+43  3.2654E+43  1.3700E+39  5.7050E+42
  1.4960E+01  3.5262E+43  3.0569E+43  9.5049E+38  4.6919E+42
  1.5850E+01  3.3361E+43  2.9519E+43  7.0715E+38  3.8414E+42
  1.6790E+01  3.1750E+43  2.8609E+43  5.4986E+38  3.1409E+42
  1.7780E+01  2.9601E+43  2.7034E+43  4.3173E+38  2.5663E+42
  1.8840E+01  2.6430E+43  2.4341E+43  3.2637E+38  2.0888E+42
  1.9950E+01  2.2629E+43  2.0927E+43  2.3037E+38  1.7013E+42
  2.1130E+01  1.9228E+43  1.7845E+43  1.5641E+38  1.3827E+42
  2.2390E+01  1.6435E+43  1.5314E+43  1.0636E+38  1.1203E+42
  2.3710E+01  1.4113E+43  1.3205E+43  7.2324E+37  9.0864E+41
  2.5120E+01  1.2108E+43  1.1373E+43  4.9246E+37  7.3479E+41
  2.6610E+01  1.0353E+43  9.7593E+42  3.3353E+37  5.9383E+41
  2.8180E+01  8.8119E+42  8.3319E+42  2.2556E+37  4.7994E+41
  2.9850E+01  7.4337E+42  7.0465E+42  1.5162E+37  3.8717E+41
  3.1620E+01  6.2025E+42  5.8905E+42  1.0089E+37  3.1199E+41
  3.3500E+01  5.1103E+42  4.8593E+42  6.6398E+36  2.5106E+41
  3.5480E+01  4.1602E+42  3.9581E+42  4.3244E+36  2.0210E+41
  3.7580E+01  3.3405E+42  3.1779E+42  2.7804E+36  1.6253E+41
  3.9810E+01  2.6424E+42  2.5119E+42  1.7634E+36  1.3054E+41
  4.2170E+01  2.0643E+42  1.9596E+42  1.1044E+36  1.0479E+41
  4.4670E+01  1.5946E+42  1.5106E+42  6.8306E+35  8.4074E+40
  4.7320E+01  1.2199E+42  1.1525E+42  4.1801E+35  6.7400E+40
  5.0120E+01  9.2567E+41  8.7164E+41  2.5356E+35  5.4034E+40
  5.3090E+01  6.9700E+41  6.5371E+41  1.5253E+35  4.3282E+40
  5.6230E+01  5.2182E+41  4.8715E+41  9.1169E+34  3.4667E+40
  5.9570E+01  3.8825E+41  3.6052E+41  5.4131E+34  2.7728E+40
  6.3100E+01  2.8779E+41  2.6561E+41  3.2011E+34  2.2180E+40
  6.6830E+01  2.1270E+41  1.9495E+41  1.8872E+34  1.7744E+40
  7.0790E+01  1.5674E+41  1.4256E+41  1.1092E+34  1.4183E+40
  7.4990E+01  1.1522E+41  1.0390E+41  6.5041E+33  1.1329E+40
  7.9430E+01  8.4608E+40  7.5558E+40  3.8107E+33  9.0505E+39
  8.4140E+01  6.2051E+40  5.4825E+40  2.2299E+33  7.2256E+39
  8.9130E+01  4.5503E+40  3.9737E+40  1.3052E+33  5.7665E+39
  9.4410E+01  3.3373E+40  2.8771E+40  7.6435E+32  4.6021E+39
  1.0000E+02  2.4481E+40  2.0808E+40  4.4784E+32  3.6722E+39
  1.0590E+02  1.7987E+40  1.5055E+40  2.6297E+32  2.9317E+39
  1.1220E+02  1.3223E+40  1.0887E+40  1.5447E+32  2.3358E+39
  1.1890E+02  9.7484E+39  7.8893E+39  9.1020E+31  1.8590E+39
  1.2590E+02  7.2454E+39  5.7616E+39  5.4075E+31  1.4838E+39
  1.3340E+02  5.4058E+39  4.2247E+39  3.2288E+31  1.1811E+39
  1.4130E+02  4.0169E+39  3.0757E+39  1.9291E+31  9.4117E+38
  1.4960E+02  2.9436E+39  2.1923E+39  1.1384E+31  7.5121E+38
  1.5850E+02  2.1491E+39  1.5513E+39  6.6816E+30  5.9781E+38
  1.7780E+02  1.1656E+39  7.8621E+38  2.3388E+30  3.7942E+38
  1.9950E+02  6.4108E+38  4.0065E+38  8.3072E+29  2.4043E+38
  2.2390E+02  3.5646E+38  2.0430E+38  2.9868E+29  1.5216E+38
  2.5120E+02  2.0066E+38  1.0428E+38  1.0877E+29  9.6376E+37
  2.8180E+02  1.1424E+38  5.3196E+37  4.0063E+28  6.1043E+37
  3.1620E+02  6.5706E+37  2.7089E+37  1.4897E+28  3.8617E+37
  3.5480E+02  3.8203E+37  1.3782E+37  5.5909E+27  2.4421E+37
  3.9810E+02  2.2447E+37  7.0055E+36  2.1176E+27  1.5442E+37
  4.4670E+02  1.3318E+37  3.5573E+36  8.0823E+26  9.7603E+36
  5.0120E+02  7.9746E+36  1.8052E+36  3.1071E+26  6.1695E+36
  5.6230E+02  4.8160E+36  9.1572E+35  1.2018E+26  3.9003E+36
  6.3100E+02  2.9266E+36  4.6371E+35  4.6691E+25  2.4629E+36
  7.0790E+02  1.7917E+36  2.3491E+35  1.8239E+25  1.5568E+36
  7.9430E+02  1.1021E+36  1.1883E+35  7.1456E+24  9.8325E+35
  8.9130E+02  6.8082E+35  6.0050E+34  2.8072E+24  6.2077E+35
  1.0000E+03  4.2248E+35  3.0342E+34  1.1064E+24  3.9214E+35
