  1.0000E-03  5.6247E+44  0.0000E+00  1.5997E+42  5.6087E+44
  1.1220E-03  5.6394E+44  0.0000E+00  2.0444E+42  5.6189E+44
  1.2590E-03  5.6118E+44  0.0000E+00  2.4848E+42  5.5869E+44
  1.4130E-03  5.5525E+44  0.0000E+00  2.8950E+42  5.5236E+44
  1.5850E-03  5.5873E+44  0.0000E+00  3.2778E+42  5.5545E+44
  1.7780E-03  6.0162E+44  0.0000E+00  4.1010E+42  5.9752E+44
  1.9950E-03  5.4744E+44  0.0000E+00  4.8922E+42  5.4255E+44
  2.2390E-03  5.2181E+44  0.0000E+00  5.2247E+42  5.1658E+44
  2.5120E-03  5.4328E+44  0.0000E+00  6.8997E+42  5.3638E+44
  2.8180E-03  4.5361E+44  0.0000E+00  8.0426E+42  4.4557E+44
  3.1620E-03  3.9050E+44  0.0000E+00  8.8903E+42  3.8161E+44
  3.5480E-03  3.4161E+44  0.0000E+00  9.5677E+42  3.3205E+44
  3.9810E-03  3.0591E+44  0.0000E+00  1.0096E+43  2.9581E+44
  4.4670E-03  8.8310E+44  0.0000E+00  1.6953E+43  8.6615E+44
  5.0120E-03  7.1943E+44  0.0000E+00  2.0241E+43  6.9919E+44
  5.6230E-03  5.8869E+44  0.0000E+00  2.3110E+43  5.6558E+44
  5.9570E-03  5.3671E+44  0.0000E+00  2.4377E+43  5.1233E+44
  6.6830E-03  4.6094E+44  0.0000E+00  2.6641E+43  4.3430E+44
  7.4990E-03  4.1832E+44  0.0000E+00  2.8885E+43  3.8943E+44
  8.4140E-03  3.6706E+44  0.0000E+00  3.1060E+43  3.3600E+44
  9.4410E-03  3.3751E+44  0.0000E+00  3.2862E+43  3.0465E+44
  1.0590E-02  3.4118E+44  0.0000E+00  3.3585E+43  3.0760E+44
  1.1890E-02  3.0944E+44  0.0000E+00  3.7332E+43  2.7210E+44
  1.3340E-02  2.9366E+44  0.0000E+00  3.9195E+43  2.5446E+44
  1.4960E-02  2.6896E+44  0.0000E+00  4.1632E+43  2.2733E+44
  1.6790E-02  2.5086E+44  0.0000E+00  4.3651E+43  2.0721E+44
  1.8840E-02  2.3889E+44  0.0000E+00  4.5310E+43  1.9358E+44
  2.1130E-02  2.2478E+44  0.0000E+00  4.7918E+43  1.7687E+44
  2.3710E-02  2.1052E+44  0.0000E+00  5.0158E+43  1.6036E+44
  2.6610E-02  1.9483E+44  0.0000E+00  5.2117E+43  1.4272E+44
  2.9850E-02  1.8105E+44  4.7377E-85  5.3740E+43  1.2731E+44
  3.3500E-02  1.6820E+44  2.4876E-70  5.5048E+43  1.1315E+44
  3.7580E-02  1.7915E+44  2.9581E-57  5.9654E+43  1.1950E+44
  4.2170E-02  1.7293E+44  1.0526E-45  6.7022E+43  1.0590E+44
  4.7320E-02  1.3093E+44  1.7483E-35  6.2875E+43  6.8055E+43
  5.3090E-02  8.9065E+43  1.8107E-26  5.2626E+43  3.6439E+43
  6.6830E-02  2.5188E+43  7.5708E-12  2.2623E+43  2.5654E+42
  7.4990E-02  1.1967E+43  6.5353E-06  1.1499E+43  4.6786E+41
  8.4140E-02  1.3953E+43  4.8029E+00  1.3255E+43  6.9812E+41
  9.4410E-02  1.5979E+43  7.3121E+05  1.5061E+43  9.1782E+41
  1.0590E-01  2.6054E+43  5.3694E+10  2.3320E+43  2.7331E+42
  1.1890E-01  4.1640E+43  1.1866E+15  3.2848E+43  8.7915E+42
  1.3340E-01  5.9943E+43  5.2309E+18  4.0338E+43  1.9604E+43
  1.4960E-01  7.3007E+43  9.9342E+21  4.1909E+43  3.1098E+43
  1.5850E-01  7.1970E+43  3.2224E+23  3.9997E+43  3.1973E+43
  1.7780E-01  5.3126E+43  1.4426E+26  3.1224E+43  2.1902E+43
  1.9950E-01  2.1670E+43  1.7105E+28  1.5798E+43  5.8715E+42
  2.2390E-01  1.1892E+43  1.2309E+30  9.4422E+42  2.4500E+42
  2.3710E-01  1.7105E+43  1.6235E+31  1.1978E+43  5.1264E+42
  2.5120E-01  2.5841E+43  1.8985E+32  1.4736E+43  1.1105E+43
  2.6610E-01  3.4251E+43  1.6600E+33  1.6027E+43  1.8224E+43
  2.8180E-01  4.1669E+43  1.1676E+34  1.6237E+43  2.5432E+43
  2.9850E-01  4.8446E+43  6.9589E+34  1.5980E+43  3.2466E+43
  3.1620E-01  5.5637E+43  3.6264E+35  1.5595E+43  4.0043E+43
  3.3500E-01  6.3252E+43  1.6919E+36  1.5085E+43  4.8167E+43
  3.5480E-01  7.0782E+43  7.0623E+36  1.4444E+43  5.6338E+43
  3.7580E-01  7.9304E+43  2.7211E+37  1.3725E+43  6.5580E+43
  3.9810E-01  8.7772E+43  9.4846E+37  1.3013E+43  7.4759E+43
  4.2170E-01  9.8853E+43  3.0851E+38  1.2290E+43  8.6563E+43
  4.4670E-01  1.1099E+44  9.2351E+38  1.1610E+43  9.9384E+43
  4.7320E-01  1.2436E+44  2.5888E+39  1.0913E+43  1.1345E+44
  5.0120E-01  1.3869E+44  6.7995E+39  1.0199E+43  1.2848E+44
  5.3090E-01  1.5508E+44  1.6960E+40  9.4683E+42  1.4560E+44
  5.6230E-01  1.7101E+44  3.9445E+40  8.7732E+42  1.6220E+44
  5.9570E-01  1.8694E+44  8.6656E+40  8.0987E+42  1.7875E+44
  6.3100E-01  2.0381E+44  1.8065E+41  7.4432E+42  1.9619E+44
  6.6830E-01  2.2149E+44  3.5785E+41  6.8026E+42  2.1433E+44
  7.0790E-01  2.3944E+44  6.7478E+41  6.2018E+42  2.3257E+44
  7.4990E-01  2.5634E+44  1.2078E+42  5.6397E+42  2.4949E+44
  7.9430E-01  2.7323E+44  2.0643E+42  5.1078E+42  2.6606E+44
  8.4140E-01  2.9023E+44  3.3856E+42  4.6026E+42  2.8224E+44
  8.9130E-01  3.0886E+44  5.3651E+42  4.1186E+42  2.9938E+44
  9.4410E-01  3.2717E+44  8.1703E+42  3.6635E+42  3.1534E+44
  1.0000E+00  3.4359E+44  1.1937E+43  3.2417E+42  3.2841E+44
  1.0590E+00  3.5845E+44  1.6781E+43  2.8575E+42  3.3881E+44
  1.1220E+00  3.7208E+44  2.2886E+43  2.5032E+42  3.4669E+44
  1.1890E+00  3.8493E+44  3.0350E+43  2.1743E+42  3.5240E+44
  1.2590E+00  3.9794E+44  3.9071E+43  1.8679E+42  3.5700E+44
  1.3340E+00  4.0899E+44  4.8980E+43  1.5912E+42  3.5842E+44
  1.4130E+00  4.1736E+44  5.9526E+43  1.3502E+42  3.5648E+44
  1.4960E+00  4.2358E+44  7.0461E+43  1.1393E+42  3.5198E+44
  1.5850E+00  4.2779E+44  8.1846E+43  9.5248E+41  3.4499E+44
  1.6790E+00  4.3037E+44  9.3078E+43  7.8731E+41  3.3651E+44
  1.7780E+00  4.3110E+44  1.0366E+44  6.4193E+41  3.2679E+44
  1.8840E+00  4.2957E+44  1.1356E+44  5.1551E+41  3.1549E+44
  1.9950E+00  4.2592E+44  1.2218E+44  4.0802E+41  3.0333E+44
  2.1130E+00  4.1983E+44  1.2944E+44  3.1840E+41  2.9007E+44
  2.2390E+00  4.1120E+44  1.3508E+44  2.4522E+41  2.7588E+44
  2.3710E+00  4.0045E+44  1.3884E+44  1.8682E+41  2.6143E+44
  2.5120E+00  3.8764E+44  1.4099E+44  1.4104E+41  2.4651E+44
  2.6610E+00  3.7317E+44  1.4141E+44  1.0571E+41  2.3166E+44
  2.8180E+00  3.5726E+44  1.4009E+44  7.8711E+40  2.1709E+44
  2.9850E+00  3.4026E+44  1.3738E+44  5.8295E+40  2.0282E+44
  3.1620E+00  3.2241E+44  1.3334E+44  4.2967E+40  1.8903E+44
  3.3500E+00  3.0441E+44  1.2864E+44  3.1585E+40  1.7574E+44
  3.5480E+00  2.8605E+44  1.2281E+44  2.3126E+40  1.6321E+44
  3.7580E+00  2.6779E+44  1.1645E+44  1.6880E+40  1.5132E+44
  3.9810E+00  2.4981E+44  1.0971E+44  1.2286E+40  1.4009E+44
  4.2170E+00  2.3226E+44  1.0269E+44  8.9201E+39  1.2956E+44
  4.4670E+00  2.1527E+44  9.5558E+43  6.4594E+39  1.1970E+44
  4.7320E+00  1.9906E+44  8.8567E+43  4.6661E+39  1.1049E+44
  5.0120E+00  1.8400E+44  8.1834E+43  3.3694E+39  1.0216E+44
  5.3090E+00  1.6674E+44  7.5389E+43  2.3838E+39  9.1345E+43
  5.6230E+00  1.5038E+44  6.9372E+43  1.6764E+39  8.1008E+43
  5.9570E+00  1.3512E+44  6.3878E+43  1.1728E+39  7.1238E+43
  6.3100E+00  1.2057E+44  5.8344E+43  8.1332E+38  6.2226E+43
  6.6830E+00  1.0781E+44  5.3805E+43  5.6309E+38  5.4006E+43
  7.0790E+00  9.5785E+43  4.9209E+43  3.8496E+38  4.6575E+43
  7.4990E+00  8.7701E+43  4.7884E+43  2.6863E+38  3.9817E+43
  7.9430E+00  9.3578E+43  6.0201E+43  2.2146E+38  3.3377E+43
  8.4140E+00  1.1290E+44  8.5585E+43  2.2372E+38  2.7313E+43
  8.9130E+00  1.2800E+44  1.0577E+44  2.2715E+38  2.2232E+43
  9.4410E+00  1.3801E+44  1.1996E+44  2.4313E+38  1.8047E+43
  1.0000E+01  1.1717E+44  1.0181E+44  1.7429E+38  1.5362E+43
  1.0590E+01  9.4362E+43  8.1226E+43  1.1435E+38  1.3136E+43
  1.1220E+01  7.2447E+43  6.1239E+43  6.6453E+37  1.1208E+43
  1.1890E+01  5.6112E+43  4.6651E+43  3.9230E+37  9.4611E+42
  1.2590E+01  4.3496E+43  3.5539E+43  2.2730E+37  7.9569E+42
  1.3340E+01  3.4134E+43  2.7501E+43  1.3164E+37  6.6329E+42
  1.4130E+01  2.8266E+43  2.2774E+43  7.9253E+36  5.4915E+42
  1.4960E+01  2.6507E+43  2.2004E+43  5.5932E+36  4.5029E+42
  1.5850E+01  2.5715E+43  2.2049E+43  4.2666E+36  3.6658E+42
  1.6790E+01  2.5081E+43  2.2103E+43  3.4043E+36  2.9782E+42
  1.7780E+01  2.3820E+43  2.1397E+43  2.7215E+36  2.4227E+42
  1.8840E+01  2.1450E+43  1.9478E+43  2.0630E+36  1.9720E+42
  1.9950E+01  1.8319E+43  1.6705E+43  1.4360E+36  1.6138E+42
  2.1130E+01  1.5463E+43  1.4145E+43  9.5642E+35  1.3183E+42
  2.2390E+01  1.3129E+43  1.2057E+43  6.3838E+35  1.0727E+42
  2.3710E+01  1.1202E+43  1.0329E+43  4.2626E+35  8.7312E+41
  2.5120E+01  9.5592E+42  8.8510E+42  2.8542E+35  7.0820E+41
  2.6610E+01  8.1383E+42  7.5644E+42  1.9030E+35  5.7389E+41
  2.8180E+01  6.9080E+42  6.4430E+42  1.2695E+35  4.6493E+41
  2.9850E+01  5.8225E+42  5.4466E+42  8.4366E+34  3.7587E+41
  3.1620E+01  4.8615E+42  4.5580E+42  5.5614E+34  3.0350E+41
  3.3500E+01  4.0151E+42  3.7704E+42  3.6341E+34  2.4470E+41
  3.5480E+01  3.2817E+42  3.0844E+42  2.3557E+34  1.9734E+41
  3.7580E+01  2.6486E+42  2.4896E+42  1.5102E+34  1.5899E+41
  3.9810E+01  2.1069E+42  1.9790E+42  9.5598E+33  1.2793E+41
  4.2170E+01  1.6560E+42  1.5531E+42  5.9831E+33  1.0289E+41
  4.4670E+01  1.2874E+42  1.2047E+42  3.7014E+33  8.2688E+40
  4.7320E+01  9.9131E+41  9.2491E+41  2.2679E+33  6.6398E+40
  5.0120E+01  7.5728E+41  7.0396E+41  1.3784E+33  5.3312E+40
  5.3090E+01  5.7410E+41  5.3133E+41  8.3160E+32  4.2765E+40
  5.6230E+01  4.3275E+41  3.9845E+41  4.9887E+32  3.4298E+40
  5.9570E+01  3.2417E+41  2.9670E+41  2.9747E+32  2.7465E+40
  6.3100E+01  2.4191E+41  2.1991E+41  1.7678E+32  2.1993E+40
  6.6830E+01  1.7996E+41  1.6235E+41  1.0478E+32  1.7611E+40
  7.0790E+01  1.3347E+41  1.1938E+41  6.1953E+31  1.4089E+40
  7.4990E+01  9.8733E+40  8.7470E+40  3.6562E+31  1.1263E+40
  7.9430E+01  7.2942E+40  6.3938E+40  2.1569E+31  9.0033E+39
  8.4140E+01  5.3813E+40  4.6620E+40  1.2714E+31  7.1922E+39
  8.9130E+01  3.9688E+40  3.3945E+40  7.4988E+30  5.7429E+39
  9.4410E+01  2.9268E+40  2.4683E+40  4.4263E+30  4.5854E+39
  1.0000E+02  2.1583E+40  1.7923E+40  2.6149E+30  3.6604E+39
  1.0590E+02  1.5938E+40  1.3015E+40  1.5485E+30  2.9233E+39
  1.1220E+02  1.1772E+40  9.4421E+39  9.1739E+29  2.3298E+39
  1.1890E+02  8.7151E+39  6.8603E+39  5.4499E+29  1.8548E+39
  1.2590E+02  6.4990E+39  5.0182E+39  3.2620E+29  1.4808E+39
  1.3340E+02  4.8607E+39  3.6817E+39  1.9604E+29  1.1789E+39
  1.4130E+02  3.6240E+39  2.6844E+39  1.1808E+29  9.3962E+38
  1.4960E+02  2.6717E+39  1.9216E+39  7.0541E+28  7.5011E+38
  1.5850E+02  1.9628E+39  1.3658E+39  4.1936E+28  5.9704E+38
  1.7780E+02  1.0757E+39  6.9662E+38  1.5029E+28  3.7904E+38
  1.9950E+02  5.9688E+38  3.5663E+38  5.4567E+27  2.4024E+38
  2.2390E+02  3.3460E+38  1.8254E+38  2.0035E+27  1.5206E+38
  2.5120E+02  1.8979E+38  9.3463E+37  7.4421E+26  9.6328E+37
  2.8180E+02  1.0882E+38  4.7805E+37  2.7923E+26  6.1019E+37
  3.1620E+02  6.3005E+37  2.4400E+37  1.0561E+26  3.8605E+37
  3.5480E+02  3.6854E+37  1.2439E+37  4.0244E+25  2.4415E+37
  3.9810E+02  2.1772E+37  6.3335E+36  1.5450E+25  1.5439E+37
  4.4670E+02  1.2979E+37  3.2207E+36  5.9669E+24  9.7587E+36
  5.0120E+02  7.8051E+36  1.6364E+36  2.3173E+24  6.1687E+36
  5.6230E+02  4.7309E+36  8.3096E+35  9.0409E+23  3.8999E+36
  6.3100E+02  2.8839E+36  4.2116E+35  3.5380E+23  2.4627E+36
  7.0790E+02  1.7702E+36  2.1351E+35  1.3905E+23  1.5567E+36
  7.9430E+02  1.0913E+36  1.0807E+35  5.4748E+22  9.8320E+35
  8.9130E+02  6.7539E+35  5.4639E+34  2.1597E+22  6.2075E+35
  1.0000E+03  4.1974E+35  2.7620E+34  8.5411E+21  3.9212E+35
