  1.0000E-03  1.0468E+45  0.0000E+00  1.7016E+44  8.7662E+44
  1.1220E-03  1.1537E+45  0.0000E+00  1.7009E+44  9.8357E+44
  1.2590E-03  1.2708E+45  0.0000E+00  1.6711E+44  1.1037E+45
  1.4130E-03  1.4013E+45  0.0000E+00  1.6259E+44  1.2387E+45
  1.5850E-03  1.5528E+45  0.0000E+00  1.6341E+44  1.3894E+45
  1.7780E-03  1.7589E+45  0.0000E+00  2.0032E+44  1.5586E+45
  1.9950E-03  1.9434E+45  0.0000E+00  1.9457E+44  1.7488E+45
  2.2390E-03  2.1482E+45  0.0000E+00  1.8543E+44  1.9627E+45
  2.5120E-03  2.4286E+45  0.0000E+00  2.2662E+44  2.2020E+45
  2.8180E-03  2.6810E+45  0.0000E+00  2.1082E+44  2.4702E+45
  3.1620E-03  2.9672E+45  0.0000E+00  1.9540E+44  2.7718E+45
  3.5480E-03  3.2901E+45  0.0000E+00  1.7980E+44  3.1103E+45
  3.9810E-03  3.6535E+45  0.0000E+00  1.6366E+44  3.4898E+45
  4.4670E-03  4.3389E+45  0.0000E+00  4.2304E+44  3.9158E+45
  5.0120E-03  4.8816E+45  0.0000E+00  4.8805E+44  4.3936E+45
  5.6230E-03  5.4804E+45  0.0000E+00  5.5114E+44  4.9292E+45
  5.9570E-03  5.8033E+45  0.0000E+00  5.8122E+44  5.2220E+45
  6.6830E-03  6.4968E+45  0.0000E+00  6.3829E+44  5.8585E+45
  7.4990E-03  7.2741E+45  0.0000E+00  7.0029E+44  6.5738E+45
  8.4140E-03  8.1242E+45  0.0000E+00  7.4831E+44  7.3758E+45
  9.4410E-03  9.0721E+45  0.0000E+00  7.9597E+44  8.2761E+45
  1.0590E-02  1.0131E+46  0.0000E+00  8.4780E+44  9.2833E+45
  1.1890E-02  1.1319E+46  0.0000E+00  8.9593E+44  1.0423E+46
  1.3340E-02  1.2634E+46  0.0000E+00  9.3972E+44  1.1694E+46
  1.4960E-02  1.4094E+46  0.0000E+00  9.8029E+44  1.3114E+46
  1.6790E-02  1.5742E+46  0.0000E+00  1.0231E+45  1.4718E+46
  1.8840E-02  1.7585E+46  0.0000E+00  1.0695E+45  1.6515E+46
  2.1130E-02  1.9642E+46  0.0000E+00  1.1183E+45  1.8524E+46
  2.3710E-02  2.1953E+46  0.0000E+00  1.1688E+45  2.0785E+46
  2.6610E-02  2.4546E+46  0.0000E+00  1.2194E+45  2.3326E+46
  2.9850E-02  2.7436E+46  1.9697E-82  1.2698E+45  2.6166E+46
  3.3500E-02  3.0680E+46  1.2170E-67  1.3139E+45  2.9367E+46
  3.7580E-02  3.4335E+46  1.5200E-54  1.3929E+45  3.2942E+46
  4.2170E-02  3.8698E+46  6.3916E-43  1.7311E+45  3.6967E+46
  4.7320E-02  4.3254E+46  1.5719E-32  1.7717E+45  4.1482E+46
  5.3090E-02  4.4840E+46  2.6357E-23  1.6276E+45  4.3212E+46
  6.6830E-02  4.2329E+46  7.9485E-08  1.0609E+45  4.1268E+46
  7.4990E-02  4.1134E+46  2.3357E-01  8.0597E+44  4.0328E+46
  8.4140E-02  4.0240E+46  1.2079E+05  8.3009E+44  3.9410E+46
  9.4410E-02  3.9376E+46  1.4194E+10  8.6343E+44  3.8513E+46
  1.0590E-01  3.6075E+46  4.0955E+14  1.0200E+45  3.5055E+46
  1.1890E-01  3.0505E+46  3.6120E+18  1.0377E+45  2.9467E+46
  1.3340E-01  2.5801E+46  9.1246E+21  1.0051E+45  2.4795E+46
  1.4960E-01  2.1619E+46  1.2292E+25  7.4030E+44  2.0878E+46
  1.5850E-01  1.9735E+46  3.7124E+26  5.8978E+44  1.9145E+46
  1.7780E-01  1.6541E+46  1.7250E+29  4.2705E+44  1.6114E+46
  1.9950E-01  1.3843E+46  3.8473E+31  2.8492E+44  1.3558E+46
  2.2390E-01  1.1647E+46  3.9049E+33  2.4345E+44  1.1403E+46
  2.3710E-01  1.0749E+46  2.8195E+34  2.8493E+44  1.0464E+46
  2.5120E-01  9.9061E+45  1.8040E+35  3.1031E+44  9.5958E+45
  2.6610E-01  9.1080E+45  1.0507E+36  3.0680E+44  8.8012E+45
  2.8180E-01  8.3664E+45  5.4859E+36  2.9033E+44  8.0761E+45
  2.9850E-01  7.6802E+45  2.5800E+37  2.7236E+44  7.4079E+45
  3.1620E-01  7.0525E+45  1.0851E+38  2.5783E+44  6.7947E+45
  3.3500E-01  6.4751E+45  4.1483E+38  2.4428E+44  6.2308E+45
  3.5480E-01  5.9478E+45  1.4444E+39  2.3134E+44  5.7165E+45
  3.7580E-01  5.4638E+45  4.6340E+39  2.1963E+44  5.2442E+45
  3.9810E-01  5.0192E+45  1.3672E+40  2.0941E+44  4.8097E+45
  4.2170E-01  4.6132E+45  3.7053E+40  2.0149E+44  4.4116E+45
  4.4670E-01  4.2418E+45  9.3047E+40  1.9511E+44  4.0466E+45
  4.7320E-01  3.9010E+45  2.1942E+41  1.8931E+44  3.7115E+45
  5.0120E-01  3.5890E+45  4.8717E+41  1.8376E+44  3.4048E+45
  5.3090E-01  3.3030E+45  1.0239E+42  1.7884E+44  3.1232E+45
  5.6230E-01  3.0414E+45  2.0348E+42  1.7424E+44  2.8651E+45
  5.9570E-01  2.8014E+45  3.8495E+42  1.7000E+44  2.6276E+45
  6.3100E-01  2.5835E+45  6.9304E+42  1.6623E+44  2.4103E+45
  6.6830E-01  2.3862E+45  1.1888E+43  1.6289E+44  2.2114E+45
  7.0790E-01  2.2081E+45  1.9530E+43  1.6014E+44  2.0284E+45
  7.4990E-01  2.0489E+45  3.0763E+43  1.5762E+44  1.8605E+45
  7.9430E-01  1.9087E+45  4.6549E+43  1.5552E+44  1.7066E+45
  8.4140E-01  1.7874E+45  6.7892E+43  1.5422E+44  1.5653E+45
  8.9130E-01  1.6854E+45  9.5803E+43  1.5389E+44  1.4357E+45
  9.4410E-01  1.6021E+45  1.3063E+44  1.5444E+44  1.3170E+45
  1.0000E+00  1.5359E+45  1.7235E+44  1.5541E+44  1.2081E+45
  1.0590E+00  1.4859E+45  2.2059E+44  1.5677E+44  1.1086E+45
  1.1220E+00  1.4503E+45  2.7567E+44  1.5813E+44  1.0165E+45
  1.1890E+00  1.4277E+45  3.3682E+44  1.5904E+44  9.3183E+44
  1.2590E+00  1.4152E+45  4.0122E+44  1.5881E+44  8.5520E+44
  1.3340E+00  1.4096E+45  4.6783E+44  1.5768E+44  7.8411E+44
  1.4130E+00  1.4068E+45  5.3198E+44  1.5558E+44  7.1927E+44
  1.4960E+00  1.4044E+45  5.9193E+44  1.5223E+44  6.6026E+44
  1.5850E+00  1.4011E+45  6.4822E+44  1.4748E+44  6.0543E+44
  1.6790E+00  1.3930E+45  6.9667E+44  1.4100E+44  5.5530E+44
  1.7780E+00  1.3770E+45  7.3477E+44  1.3264E+44  5.0957E+44
  1.8840E+00  1.3532E+45  7.6335E+44  1.2269E+44  4.6719E+44
  1.9950E+00  1.3204E+45  7.8019E+44  1.1144E+44  4.2875E+44
  2.1130E+00  1.2789E+45  7.8611E+44  9.9417E+43  3.9333E+44
  2.2390E+00  1.2285E+45  7.8078E+44  8.7103E+43  3.6061E+44
  2.3710E+00  1.1706E+45  7.6474E+44  7.4971E+43  3.3092E+44
  2.5120E+00  1.1073E+45  7.4037E+44  6.3506E+43  3.0344E+44
  2.6610E+00  1.0397E+45  7.0838E+44  5.2963E+43  2.7832E+44
  2.8180E+00  9.6884E+44  6.6996E+44  4.3503E+43  2.5538E+44
  2.9850E+00  8.9698E+44  6.2748E+44  3.5237E+43  2.3426E+44
  3.1620E+00  8.2500E+44  5.8197E+44  2.8166E+43  2.1487E+44
  3.3500E+00  7.5610E+44  5.3681E+44  2.2251E+43  1.9704E+44
  3.5480E+00  6.8887E+44  4.9071E+44  1.7379E+43  1.8078E+44
  3.7580E+00  6.2530E+44  4.4603E+44  1.3432E+43  1.6583E+44
  3.9810E+00  5.6563E+44  4.0325E+44  1.0280E+43  1.5210E+44
  4.2170E+00  5.1017E+44  3.6286E+44  7.7997E+42  1.3951E+44
  4.4670E+00  4.5903E+44  3.2520E+44  5.8698E+42  1.2796E+44
  4.7320E+00  4.1246E+44  2.9071E+44  4.3821E+42  1.1737E+44
  5.0120E+00  3.7063E+44  2.5947E+44  3.2514E+42  1.0791E+44
  5.3090E+00  3.2961E+44  2.3121E+44  2.3743E+42  9.6024E+43
  5.6230E+00  2.9254E+44  2.0602E+44  1.7185E+42  8.4805E+43
  5.9570E+00  2.5933E+44  1.8378E+44  1.2340E+42  7.4316E+43
  6.3100E+00  2.2869E+44  1.6311E+44  8.7716E+41  6.4710E+43
  6.6830E+00  2.0290E+44  1.4626E+44  6.2251E+41  5.6014E+43
  7.0790E+00  1.7915E+44  1.3053E+44  4.3608E+41  4.8190E+43
  7.4990E+00  1.6163E+44  1.2010E+44  2.9994E+41  4.1229E+43
  7.9430E+00  1.6172E+44  1.2641E+44  2.0259E+41  3.5109E+43
  8.4140E+00  1.7660E+44  1.4670E+44  1.4051E+41  2.9752E+43
  8.9130E+00  1.8501E+44  1.5981E+44  1.0352E+41  2.5104E+43
  9.4410E+00  1.8695E+44  1.6576E+44  8.4960E+40  2.1101E+43
  1.0000E+01  1.5798E+44  1.4024E+44  6.7675E+40  1.7671E+43
  1.0590E+01  1.2921E+44  1.1440E+44  5.3165E+40  1.4758E+43
  1.1220E+01  1.0335E+44  9.1039E+43  3.9279E+40  1.2267E+43
  1.1890E+01  8.3790E+43  7.3602E+43  2.8501E+40  1.0159E+43
  1.2590E+01  6.9097E+43  6.0665E+43  2.0240E+40  8.4119E+42
  1.3340E+01  5.8056E+43  5.1110E+43  1.4042E+40  6.9319E+42
  1.4130E+01  5.0788E+43  4.5074E+43  9.5353E+39  5.7050E+42
  1.4960E+01  4.7845E+43  4.3146E+43  6.6730E+39  4.6919E+42
  1.5850E+01  4.6248E+43  4.2402E+43  4.9031E+39  3.8414E+42
  1.6790E+01  4.5215E+43  4.2070E+43  3.7766E+39  3.1409E+42
  1.7780E+01  4.3943E+43  4.1373E+43  3.0292E+39  2.5663E+42
  1.8840E+01  4.1843E+43  3.9752E+43  2.4677E+39  2.0888E+42
  1.9950E+01  3.9014E+43  3.7310E+43  1.9737E+39  1.7013E+42
  2.1130E+01  3.6357E+43  3.4973E+43  1.5331E+39  1.3827E+42
  2.2390E+01  3.4090E+43  3.2968E+43  1.1843E+39  1.1203E+42
  2.3710E+01  3.2058E+43  3.1149E+43  9.0831E+38  9.0864E+41
  2.5120E+01  3.0079E+43  2.9344E+43  6.9324E+38  7.3479E+41
  2.6610E+01  2.8071E+43  2.7476E+43  5.2337E+38  5.9383E+41
  2.8180E+01  2.5996E+43  2.5515E+43  3.9197E+38  4.7994E+41
  2.9850E+01  2.3806E+43  2.3419E+43  2.9029E+38  3.8717E+41
  3.1620E+01  2.1510E+43  2.1198E+43  2.1186E+38  3.1199E+41
  3.3500E+01  1.9147E+43  1.8896E+43  1.5227E+38  2.5106E+41
  3.5480E+01  1.6792E+43  1.6590E+43  1.0780E+38  2.0210E+41
  3.7580E+01  1.4493E+43  1.4330E+43  7.5085E+37  1.6253E+41
  3.9810E+01  1.2294E+43  1.2164E+43  5.1448E+37  1.3054E+41
  4.2170E+01  1.0271E+43  1.0166E+43  3.4688E+37  1.0479E+41
  4.4670E+01  8.4589E+42  8.3748E+42  2.3008E+37  8.4074E+40
  4.7320E+01  6.8771E+42  6.8096E+42  1.5040E+37  6.7400E+40
  5.0120E+01  5.5263E+42  5.4723E+42  9.7012E+36  5.4034E+40
  5.3090E+01  4.3911E+42  4.3478E+42  6.1787E+36  4.3282E+40
  5.6230E+01  3.4564E+42  3.4217E+42  3.8923E+36  3.4667E+40
  5.9570E+01  2.6943E+42  2.6665E+42  2.4250E+36  2.7728E+40
  6.3100E+01  2.0845E+42  2.0623E+42  1.4978E+36  2.2180E+40
  6.6830E+01  1.6019E+42  1.5842E+42  9.1807E+35  1.7744E+40
  7.0790E+01  1.2232E+42  1.2090E+42  5.5861E+35  1.4183E+40
  7.4990E+01  9.2851E+41  9.1718E+41  3.3766E+35  1.1329E+40
  7.9430E+01  7.0151E+41  6.9246E+41  2.0305E+35  9.0505E+39
  8.4140E+01  5.2759E+41  5.2036E+41  1.2146E+35  7.2256E+39
  8.9130E+01  3.9545E+41  3.8969E+41  7.2387E+34  5.7665E+39
  9.4410E+01  2.9547E+41  2.9087E+41  4.2991E+34  4.6021E+39
  1.0000E+02  2.2009E+41  2.1642E+41  2.5447E+34  3.6722E+39
  1.0590E+02  1.6368E+41  1.6074E+41  1.5039E+34  2.9317E+39
  1.1220E+02  1.2146E+41  1.1912E+41  8.8627E+33  2.3358E+39
  1.1890E+02  9.0148E+40  8.8289E+40  5.2242E+33  1.8590E+39
  1.2590E+02  6.7273E+40  6.5789E+40  3.0967E+33  1.4838E+39
  1.3340E+02  5.0319E+40  4.9138E+40  1.8425E+33  1.1811E+39
  1.4130E+02  3.7348E+40  3.6406E+40  1.0916E+33  9.4117E+38
  1.4960E+02  2.7167E+40  2.6416E+40  6.3303E+32  7.5121E+38
  1.5850E+02  1.9616E+40  1.9018E+40  3.6345E+32  5.9781E+38
  1.7780E+02  1.0319E+40  9.9398E+39  1.2073E+32  3.7942E+38
  1.9950E+02  5.4409E+39  5.2005E+39  4.0221E+31  2.4043E+38
  2.2390E+02  2.8652E+39  2.7131E+39  1.3402E+31  1.5216E+38
  2.5120E+02  1.5088E+39  1.4124E+39  4.4702E+30  9.6376E+37
  2.8180E+02  7.9403E+38  7.3299E+38  1.4922E+30  6.1043E+37
  3.1620E+02  4.1752E+38  3.7890E+38  4.9842E+29  3.8617E+37
  3.5480E+02  2.1976E+38  1.9533E+38  1.6685E+29  2.4421E+37
  3.9810E+02  1.1588E+38  1.0044E+38  5.6073E+28  1.5442E+37
  4.4670E+02  6.1277E+37  5.1517E+37  1.8932E+28  9.7603E+36
  5.0120E+02  3.2544E+37  2.6375E+37  6.4328E+27  6.1695E+36
  5.6230E+02  1.7383E+37  1.3483E+37  2.2021E+27  3.9003E+36
  6.3100E+02  9.3375E+36  6.8745E+36  7.5974E+26  2.4629E+36
  7.0790E+02  5.0601E+36  3.5033E+36  2.6491E+26  1.5568E+36
  7.9430E+02  2.7648E+36  1.7815E+36  9.3262E+25  9.8325E+35
  8.9130E+02  1.5253E+36  9.0448E+35  3.3187E+25  6.2077E+35
  1.0000E+03  8.5103E+35  4.5890E+35  1.1952E+25  3.9214E+35
