  1.0000E-03  5.5860E+44  0.0000E+00  5.4775E+42  5.5313E+44
  1.1220E-03  5.5854E+44  0.0000E+00  6.5973E+42  5.5195E+44
  1.2590E-03  5.5373E+44  0.0000E+00  7.5279E+42  5.4620E+44
  1.4130E-03  5.4517E+44  0.0000E+00  8.2061E+42  5.3696E+44
  1.5850E-03  5.4514E+44  0.0000E+00  8.7433E+42  5.3640E+44
  1.7780E-03  5.8322E+44  0.0000E+00  1.0525E+43  5.7269E+44
  1.9950E-03  5.2615E+44  0.0000E+00  1.1241E+43  5.1491E+44
  2.2390E-03  4.9607E+44  0.0000E+00  1.0965E+43  4.8511E+44
  2.5120E-03  5.1190E+44  0.0000E+00  1.3575E+43  4.9832E+44
  2.8180E-03  4.2237E+44  0.0000E+00  1.3671E+43  4.0870E+44
  3.1620E-03  3.5910E+44  0.0000E+00  1.3275E+43  3.4582E+44
  3.5480E-03  3.1019E+44  0.0000E+00  1.2673E+43  2.9752E+44
  3.9810E-03  2.7443E+44  0.0000E+00  1.2014E+43  2.6241E+44
  4.4670E-03  8.7978E+44  0.0000E+00  3.7142E+43  8.4264E+44
  5.0120E-03  7.0421E+44  0.0000E+00  3.7628E+43  6.6659E+44
  5.6230E-03  5.6455E+44  0.0000E+00  3.6497E+43  5.2806E+44
  5.9570E-03  5.0909E+44  0.0000E+00  3.5613E+43  4.7348E+44
  6.6830E-03  4.2783E+44  0.0000E+00  3.3860E+43  3.9397E+44
  7.4990E-03  3.7994E+44  0.0000E+00  3.2655E+43  3.4728E+44
  8.4140E-03  3.2572E+44  0.0000E+00  3.0960E+43  2.9476E+44
  9.4410E-03  2.9268E+44  0.0000E+00  2.9428E+43  2.6325E+44
  1.0590E-02  2.9018E+44  0.0000E+00  2.8000E+43  2.6218E+44
  1.1890E-02  2.5635E+44  0.0000E+00  2.7794E+43  2.2856E+44
  1.3340E-02  2.3729E+44  0.0000E+00  2.6543E+43  2.1075E+44
  1.4960E-02  2.1082E+44  0.0000E+00  2.5280E+43  1.8554E+44
  1.6790E-02  1.9059E+44  0.0000E+00  2.3915E+43  1.6667E+44
  1.8840E-02  1.7605E+44  0.0000E+00  2.2571E+43  1.5348E+44
  2.1130E-02  1.5973E+44  0.0000E+00  2.1558E+43  1.3817E+44
  2.3710E-02  1.4373E+44  0.0000E+00  2.0322E+43  1.2340E+44
  2.6610E-02  1.2698E+44  0.0000E+00  1.8882E+43  1.0809E+44
  2.9850E-02  1.1223E+44  1.2553E-84  1.7396E+43  9.4836E+43
  3.3500E-02  9.8729E+43  6.6152E-70  1.5875E+43  8.2853E+43
  3.7580E-02  1.0405E+44  7.9045E-57  1.6750E+43  8.7302E+43
  4.2170E-02  9.3031E+43  2.8308E-45  1.6995E+43  7.6036E+43
  4.7320E-02  5.8887E+43  4.7560E-35  1.2159E+43  4.6728E+43
  5.3090E-02  3.1181E+43  5.0211E-26  7.4330E+42  2.3748E+43
  6.6830E-02  2.5039E+42  2.3370E-11  1.1066E+42  1.3973E+42
  7.4990E-02  5.4829E+41  2.1333E-05  3.2510E+41  2.2318E+41
  8.4140E-02  7.6764E+41  1.5244E+01  4.2044E+41  3.4720E+41
  9.4410E-02  1.0015E+42  2.2726E+06  5.2993E+41  4.7157E+41
  1.0590E-01  2.8889E+42  1.5811E+11  1.3230E+42  1.5659E+42
  1.1890E-01  9.1082E+42  3.4777E+15  3.4310E+42  5.6772E+42
  1.3340E-01  2.0750E+43  1.5738E+19  6.9108E+42  1.3839E+43
  1.4960E-01  3.3540E+43  3.0094E+22  1.0131E+43  2.3410E+43
  1.5850E-01  3.4511E+43  9.7462E+23  1.0209E+43  2.4302E+43
  1.7780E-01  2.2675E+43  4.2683E+26  6.6667E+42  1.6009E+43
  1.9950E-01  5.4888E+42  4.9481E+28  1.7131E+42  3.7758E+42
  2.2390E-01  2.1362E+42  3.4537E+30  6.9452E+41  1.4417E+42
  2.3710E-01  4.4835E+42  4.4903E+31  1.2819E+42  3.2015E+42
  2.5120E-01  9.7164E+42  5.2098E+32  2.3347E+42  7.3816E+42
  2.6610E-01  1.5928E+43  4.5342E+33  3.3088E+42  1.2619E+43
  2.8180E-01  2.2138E+43  3.1762E+34  4.0394E+42  1.8099E+43
  2.9850E-01  2.8191E+43  1.8874E+35  4.6014E+42  2.3590E+43
  3.1620E-01  3.4746E+43  9.8095E+35  5.1215E+42  2.9625E+43
  3.3500E-01  4.1800E+43  4.5652E+36  5.5867E+42  3.6214E+43
  3.5480E-01  4.8909E+43  1.9010E+37  5.9548E+42  4.2954E+43
  3.7580E-01  5.6910E+43  7.3035E+37  6.2714E+42  5.0638E+43
  3.9810E-01  6.4965E+43  2.5412E+38  6.5448E+42  5.8420E+43
  4.2170E-01  7.5298E+43  8.2490E+38  6.8402E+42  6.8457E+43
  4.4670E-01  8.6666E+43  2.4667E+39  7.1372E+42  7.9526E+43
  4.7320E-01  9.9212E+43  6.9101E+39  7.3943E+42  9.1811E+43
  5.0120E-01  1.1271E+44  1.8144E+40  7.5928E+42  1.0510E+44
  5.3090E-01  1.2813E+44  4.5247E+40  7.7456E+42  1.2034E+44
  5.6230E-01  1.4332E+44  1.0527E+41  7.8426E+42  1.3538E+44
  5.9570E-01  1.5870E+44  2.3137E+41  7.8867E+42  1.5058E+44
  6.3100E-01  1.7515E+44  4.8262E+41  7.8938E+42  1.6677E+44
  6.6830E-01  1.9259E+44  9.5646E+41  7.8544E+42  1.8378E+44
  7.0790E-01  2.1076E+44  1.8048E+42  7.7988E+42  2.0116E+44
  7.4990E-01  2.2858E+44  3.2323E+42  7.7135E+42  2.1763E+44
  7.9430E-01  2.4719E+44  5.5274E+42  7.6095E+42  2.3406E+44
  8.4140E-01  2.6694E+44  9.0674E+42  7.4852E+42  2.5039E+44
  8.9130E-01  2.8960E+44  1.4374E+43  7.3501E+42  2.6788E+44
  9.4410E-01  3.1357E+44  2.1879E+43  7.1861E+42  2.8450E+44
  1.0000E+00  3.3748E+44  3.1903E+43  6.9824E+42  2.9860E+44
  1.0590E+00  3.6179E+44  4.4704E+43  6.7544E+42  3.1033E+44
  1.1220E+00  3.8703E+44  6.0686E+43  6.4935E+42  3.1985E+44
  1.1890E+00  4.1359E+44  7.9992E+43  6.1870E+42  3.2741E+44
  1.2590E+00  4.4207E+44  1.0225E+44  5.8196E+42  3.3400E+44
  1.3340E+00  4.6988E+44  1.2695E+44  5.4061E+42  3.3752E+44
  1.4130E+00  4.9503E+44  1.5239E+44  4.9659E+42  3.3767E+44
  1.4960E+00  5.1743E+44  1.7773E+44  4.5041E+42  3.3519E+44
  1.5850E+00  5.3703E+44  2.0283E+44  4.0236E+42  3.3018E+44
  1.6790E+00  5.5319E+44  2.2609E+44  3.5294E+42  3.2357E+44
  1.7780E+00  5.6489E+44  2.4626E+44  3.0311E+42  3.1559E+44
  1.8840E+00  5.7157E+44  2.6312E+44  2.5463E+42  3.0590E+44
  1.9950E+00  5.7282E+44  2.7554E+44  2.0922E+42  2.9519E+44
  2.1130E+00  5.6837E+44  2.8348E+44  1.6830E+42  2.8321E+44
  2.2390E+00  5.5807E+44  2.8660E+44  1.3270E+42  2.7014E+44
  2.3710E+00  5.4271E+44  2.8503E+44  1.0282E+42  2.5665E+44
  2.5120E+00  5.2295E+44  2.7962E+44  7.8516E+41  2.4255E+44
  2.6610E+00  4.9965E+44  2.7069E+44  5.9215E+41  2.2837E+44
  2.8180E+00  4.7357E+44  2.5874E+44  4.4168E+41  2.1438E+44
  2.9850E+00  4.4566E+44  2.4475E+44  3.2649E+41  2.0058E+44
  3.1620E+00  4.1658E+44  2.2916E+44  2.3942E+41  1.8718E+44
  3.3500E+00  3.8771E+44  2.1331E+44  1.7471E+41  1.7422E+44
  3.5480E+00  3.5881E+44  1.9673E+44  1.2671E+41  1.6196E+44
  3.7580E+00  3.3072E+44  1.8034E+44  9.1483E+40  1.5029E+44
  3.9810E+00  3.0364E+44  1.6433E+44  6.5775E+40  1.3924E+44
  4.2170E+00  2.7781E+44  1.4890E+44  4.7122E+40  1.2886E+44
  4.4670E+00  2.5337E+44  1.3421E+44  3.3644E+40  1.1913E+44
  4.7320E+00  2.3048E+44  1.2044E+44  2.3940E+40  1.1002E+44
  5.0120E+00  2.0946E+44  1.0767E+44  1.7013E+40  1.0177E+44
  5.3090E+00  1.8688E+44  9.5843E+43  1.1863E+40  9.1028E+43
  5.6230E+00  1.6581E+44  8.5049E+43  8.2156E+39  8.0756E+43
  5.9570E+00  1.4636E+44  7.5313E+43  5.6528E+39  7.1038E+43
  6.3100E+00  1.2815E+44  6.6072E+43  3.8519E+39  6.2070E+43
  6.6830E+00  1.1228E+44  5.8392E+43  2.6184E+39  5.3883E+43
  7.0790E+00  9.7585E+43  5.1104E+43  1.7561E+39  4.6479E+43
  7.4990E+00  8.6346E+43  4.6604E+43  1.1897E+39  3.9742E+43
  7.9430E+00  8.5073E+43  5.1756E+43  9.1154E+38  3.3316E+43
  8.4140E+00  9.2552E+43  6.5292E+43  8.2968E+38  2.7260E+43
  8.9130E+00  9.6980E+43  7.4793E+43  7.7227E+38  2.2186E+43
  9.4410E+00  9.8138E+43  8.0130E+43  7.6600E+38  1.8007E+43
  1.0000E+01  8.1942E+43  6.6610E+43  5.4260E+38  1.5331E+43
  1.0590E+01  6.5360E+43  5.2247E+43  3.5527E+38  1.3113E+43
  1.1220E+01  4.9933E+43  3.8742E+43  2.0757E+38  1.1191E+43
  1.1890E+01  3.8268E+43  2.8819E+43  1.2242E+38  9.4485E+42
  1.2590E+01  2.9284E+43  2.1336E+43  7.0747E+37  7.9475E+42
  1.3340E+01  2.2552E+43  1.5927E+43  4.0676E+37  6.6258E+42
  1.4130E+01  1.8121E+43  1.2635E+43  2.4049E+37  5.4860E+42
  1.4960E+01  1.6165E+43  1.1667E+43  1.6262E+37  4.4983E+42
  1.5850E+01  1.4847E+43  1.1185E+43  1.1792E+37  3.6620E+42
  1.6790E+01  1.3717E+43  1.0742E+43  8.9322E+36  2.9750E+42
  1.7780E+01  1.2379E+43  9.9594E+42  6.8058E+36  2.4200E+42
  1.8840E+01  1.0629E+43  8.6590E+42  4.9516E+36  1.9698E+42
  1.9950E+01  8.6789E+42  7.0669E+42  3.3337E+36  1.6120E+42
  2.1130E+01  6.9916E+42  5.6747E+42  2.1491E+36  1.3169E+42
  2.2390E+01  5.6495E+42  4.5780E+42  1.3851E+36  1.0715E+42
  2.3710E+01  4.5820E+42  3.7099E+42  8.9231E+35  8.7215E+41
  2.5120E+01  3.7138E+42  3.0064E+42  5.7589E+35  7.0740E+41
  2.6610E+01  3.0048E+42  2.4315E+42  3.7028E+35  5.7323E+41
  2.8180E+01  2.4278E+42  1.9634E+42  2.3847E+35  4.6439E+41
  2.9850E+01  1.9520E+42  1.5765E+42  1.5324E+35  3.7544E+41
  3.1620E+01  1.5592E+42  1.2561E+42  9.7920E+34  3.0315E+41
  3.3500E+01  1.2363E+42  9.9189E+41  6.2209E+34  2.4443E+41
  3.5480E+01  9.7429E+41  7.7716E+41  3.9347E+34  1.9713E+41
  3.7580E+01  7.6124E+41  6.0241E+41  2.4704E+34  1.5883E+41
  3.9810E+01  5.8870E+41  4.6089E+41  1.5377E+34  1.2781E+41
  4.2170E+01  4.5176E+41  3.4896E+41  9.5009E+33  1.0280E+41
  4.4670E+01  3.4431E+41  2.6169E+41  5.8259E+33  8.2621E+40
  4.7320E+01  2.6099E+41  1.9464E+41  3.5516E+33  6.6349E+40
  5.0120E+01  1.9708E+41  1.4380E+41  2.1562E+33  5.3276E+40
  5.3090E+01  1.4827E+41  1.0553E+41  1.3041E+33  4.2739E+40
  5.6230E+01  1.1135E+41  7.7076E+40  7.8721E+32  3.4279E+40
  5.9570E+01  8.3427E+40  5.5976E+40  4.7396E+32  2.7451E+40
  6.3100E+01  6.2509E+40  4.0525E+40  2.8537E+32  2.1984E+40
  6.6830E+01  4.6866E+40  2.9262E+40  1.7193E+32  1.7605E+40
  7.0790E+01  3.5156E+40  2.1072E+40  1.0363E+32  1.4084E+40
  7.4990E+01  2.6397E+40  1.5138E+40  6.2521E+31  1.1259E+40
  7.9430E+01  1.9862E+40  1.0861E+40  3.7803E+31  9.0009E+39
  8.4140E+01  1.4972E+40  7.7817E+39  2.2891E+31  7.1905E+39
  8.9130E+01  1.1315E+40  5.5731E+39  1.3895E+31  5.7417E+39
  9.4410E+01  8.5742E+39  3.9897E+39  8.4556E+30  4.5845E+39
  1.0000E+02  6.5146E+39  2.8548E+39  5.1575E+30  3.6598E+39
  1.0590E+02  4.9675E+39  2.0446E+39  3.1565E+30  2.9228E+39
  1.1220E+02  3.7935E+39  1.4640E+39  1.9329E+30  2.3295E+39
  1.1890E+02  2.9051E+39  1.0506E+39  1.1863E+30  1.8546E+39
  1.2590E+02  2.2403E+39  7.5963E+38  7.3265E+29  1.4806E+39
  1.3340E+02  1.7300E+39  5.5123E+38  4.5342E+29  1.1788E+39
  1.4130E+02  1.3373E+39  3.9781E+38  2.8198E+29  9.3954E+38
  1.4960E+02  1.0321E+39  2.8205E+38  1.7503E+29  7.5006E+38
  1.5850E+02  7.9563E+38  1.9863E+38  1.0818E+29  5.9700E+38
  1.7780E+02  4.7867E+38  9.9649E+37  4.1660E+28  3.7902E+38
  1.9950E+02  2.9050E+38  5.0270E+37  1.6145E+28  2.4023E+38
  2.2390E+02  1.7745E+38  2.5396E+37  6.2881E+27  1.5206E+38
  2.5120E+02  1.0918E+38  1.2854E+37  2.4627E+27  9.6325E+37
  2.8180E+02  6.7525E+37  6.5075E+36  9.6835E+26  6.1018E+37
  3.1620E+02  4.1896E+37  3.2913E+36  3.8150E+26  3.8604E+37
  3.5480E+02  2.6079E+37  1.6644E+36  1.5058E+26  2.4415E+37
  3.9810E+02  1.6280E+37  8.4140E+35  5.9568E+25  1.5439E+37
  4.4670E+02  1.0184E+37  4.2516E+35  2.3594E+25  9.7587E+36
  5.0120E+02  6.3835E+36  2.1480E+35  9.3586E+24  6.1687E+36
  5.6230E+02  4.0085E+36  1.0853E+35  3.7158E+24  3.8999E+36
  6.3100E+02  2.5175E+36  5.4763E+34  1.4753E+24  2.4627E+36
  7.0790E+02  1.5843E+36  2.7653E+34  5.8672E+23  1.5567E+36
  7.9430E+02  9.9715E+35  1.3948E+34  2.3327E+23  9.8320E+35
  8.9130E+02  6.2778E+35  7.0301E+33  9.2749E+22  6.2075E+35
  1.0000E+03  3.9567E+35  3.5439E+33  3.6915E+22  3.9212E+35
