  1.0000E-03  8.7725E+44  0.0000E+00  6.3449E+41  8.7662E+44
  1.1220E-03  9.8442E+44  0.0000E+00  8.4903E+41  9.8357E+44
  1.2590E-03  1.1048E+45  0.0000E+00  1.0840E+42  1.1037E+45
  1.4130E-03  1.2400E+45  0.0000E+00  1.3309E+42  1.2387E+45
  1.5850E-03  1.3910E+45  0.0000E+00  1.5835E+42  1.3894E+45
  1.7780E-03  1.5607E+45  0.0000E+00  2.0539E+42  1.5586E+45
  1.9950E-03  1.7515E+45  0.0000E+00  2.6714E+42  1.7488E+45
  2.2390E-03  1.9658E+45  0.0000E+00  3.0721E+42  1.9627E+45
  2.5120E-03  2.2063E+45  0.0000E+00  4.2914E+42  2.2020E+45
  2.8180E-03  2.4758E+45  0.0000E+00  5.5815E+42  2.4702E+45
  3.1620E-03  2.7786E+45  0.0000E+00  6.7931E+42  2.7718E+45
  3.5480E-03  3.1183E+45  0.0000E+00  7.9779E+42  3.1103E+45
  3.9810E-03  3.4989E+45  0.0000E+00  9.0846E+42  3.4898E+45
  4.4670E-03  3.9250E+45  0.0000E+00  9.1969E+42  3.9158E+45
  5.0120E-03  4.4061E+45  0.0000E+00  1.2552E+43  4.3936E+45
  5.6230E-03  4.9456E+45  0.0000E+00  1.6366E+43  4.9292E+45
  5.9570E-03  5.2404E+45  0.0000E+00  1.8390E+43  5.2220E+45
  6.6830E-03  5.8810E+45  0.0000E+00  2.2499E+43  5.8585E+45
  7.4990E-03  6.6007E+45  0.0000E+00  2.6876E+43  6.5738E+45
  8.4140E-03  7.4078E+45  0.0000E+00  3.1914E+43  7.3758E+45
  9.4410E-03  8.3129E+45  0.0000E+00  3.6801E+43  8.2761E+45
  1.0590E-02  9.3234E+45  0.0000E+00  4.0150E+43  9.2833E+45
  1.1890E-02  1.0472E+46  0.0000E+00  4.8652E+43  1.0423E+46
  1.3340E-02  1.1749E+46  0.0000E+00  5.5139E+43  1.1694E+46
  1.4960E-02  1.3178E+46  0.0000E+00  6.3687E+43  1.3114E+46
  1.6790E-02  1.4791E+46  0.0000E+00  7.2367E+43  1.4718E+46
  1.8840E-02  1.6596E+46  0.0000E+00  8.1095E+43  1.6515E+46
  2.1130E-02  1.8616E+46  0.0000E+00  9.2867E+43  1.8524E+46
  2.3710E-02  2.0890E+46  0.0000E+00  1.0547E+44  2.0785E+46
  2.6610E-02  2.3446E+46  0.0000E+00  1.1949E+44  2.3326E+46
  2.9850E-02  2.6301E+46  3.4680E-84  1.3458E+44  2.6166E+46
  3.3500E-02  2.9518E+46  2.2615E-69  1.5095E+44  2.9367E+46
  3.7580E-02  3.3109E+46  2.8435E-56  1.6617E+44  3.2942E+46
  4.2170E-02  3.7171E+46  1.2576E-44  2.0425E+44  3.6967E+46
  4.7320E-02  4.1722E+46  3.4785E-34  2.4034E+44  4.1482E+46
  5.3090E-02  4.3474E+46  6.5764E-25  2.6194E+44  4.3212E+46
  6.6830E-02  4.1553E+46  2.7490E-09  2.8433E+44  4.1268E+46
  7.4990E-02  4.0606E+46  9.9677E-03  2.7721E+44  4.0328E+46
  8.4140E-02  3.9674E+46  5.1385E+03  2.6351E+44  3.9410E+46
  9.4410E-02  3.8771E+46  6.1064E+08  2.5805E+44  3.8513E+46
  1.0590E-01  3.5293E+46  1.6300E+13  2.3788E+44  3.5055E+46
  1.1890E-01  2.9656E+46  1.1094E+17  1.8826E+44  2.9467E+46
  1.3340E-01  2.4946E+46  2.0322E+20  1.5029E+44  2.4795E+46
  1.4960E-01  2.0994E+46  2.1777E+23  1.1505E+44  2.0878E+46
  1.5850E-01  1.9250E+46  6.3736E+24  1.0457E+44  1.9145E+46
  1.7780E-01  1.6211E+46  3.4473E+27  9.6295E+43  1.6114E+46
  1.9950E-01  1.3646E+46  1.1420E+30  8.8216E+43  1.3558E+46
  2.2390E-01  1.1482E+46  1.5204E+32  7.8646E+43  1.1403E+46
  2.3710E-01  1.0538E+46  9.6568E+32  7.3529E+43  1.0464E+46
  2.5120E-01  9.6614E+45  5.2064E+33  6.5608E+43  9.5958E+45
  2.6610E-01  8.8588E+45  2.6765E+34  5.7619E+43  8.8012E+45
  2.8180E-01  8.1264E+45  1.2794E+35  5.0379E+43  8.0761E+45
  2.9850E-01  7.4521E+45  5.6119E+35  4.4244E+43  7.4079E+45
  3.1620E-01  6.8337E+45  2.2193E+36  3.9039E+43  6.7947E+45
  3.3500E-01  6.2653E+45  8.0344E+36  3.4468E+43  6.2308E+45
  3.5480E-01  5.7469E+45  2.6712E+37  3.0442E+43  5.7165E+45
  3.7580E-01  5.2710E+45  8.2290E+37  2.6808E+43  5.2442E+45
  3.9810E-01  4.8334E+45  2.3374E+38  2.3667E+43  4.8097E+45
  4.2170E-01  4.4324E+45  6.1027E+38  2.0755E+43  4.4116E+45
  4.4670E-01  4.0648E+45  1.4778E+39  1.8224E+43  4.0466E+45
  4.7320E-01  3.7274E+45  3.3692E+39  1.5945E+43  3.7115E+45
  5.0120E-01  3.4187E+45  7.2539E+39  1.3903E+43  3.4048E+45
  5.3090E-01  3.1352E+45  1.4828E+40  1.2045E+43  3.1232E+45
  5.6230E-01  2.8756E+45  2.8756E+40  1.0453E+43  2.8651E+45
  5.9570E-01  2.6367E+45  5.3278E+40  9.0559E+42  2.6276E+45
  6.3100E-01  2.4182E+45  9.4231E+40  7.8124E+42  2.4103E+45
  6.6830E-01  2.2183E+45  1.5946E+41  6.7052E+42  2.2114E+45
  7.0790E-01  2.0344E+45  2.5926E+41  5.7376E+42  2.0284E+45
  7.4990E-01  1.8658E+45  4.0611E+41  4.9011E+42  1.8605E+45
  7.9430E-01  1.7114E+45  6.1365E+41  4.1647E+42  1.7066E+45
  8.4140E-01  1.5697E+45  8.9897E+41  3.5167E+42  1.5653E+45
  8.9130E-01  1.4399E+45  1.2801E+42  2.9377E+42  1.4357E+45
  9.4410E-01  1.3212E+45  1.7754E+42  2.4377E+42  1.3170E+45
  1.0000E+00  1.2125E+45  2.4060E+42  2.0142E+42  1.2081E+45
  1.0590E+00  1.1134E+45  3.1909E+42  1.6581E+42  1.1086E+45
  1.1220E+00  1.0221E+45  4.1693E+42  1.3549E+42  1.0165E+45
  1.1890E+00  9.3830E+44  5.3718E+42  1.0966E+42  9.3183E+44
  1.2590E+00  8.6287E+44  6.7893E+42  8.7694E+41  8.5520E+44
  1.3340E+00  7.9329E+44  8.4882E+42  6.9604E+41  7.8411E+44
  1.4130E+00  7.3027E+44  1.0445E+43  5.5214E+41  7.1927E+44
  1.4960E+00  6.7336E+44  1.2667E+43  4.3694E+41  6.6026E+44
  1.5850E+00  6.2102E+44  1.5239E+43  3.4326E+41  6.0543E+44
  1.6790E+00  5.7365E+44  1.8078E+43  2.6749E+41  5.5530E+44
  1.7780E+00  5.3091E+44  2.1127E+43  2.0649E+41  5.0957E+44
  1.8840E+00  4.9180E+44  2.4451E+43  1.5763E+41  4.6719E+44
  1.9950E+00  4.5675E+44  2.7886E+43  1.1927E+41  4.2875E+44
  2.1130E+00  4.2487E+44  3.1447E+43  8.9459E+40  3.9333E+44
  2.2390E+00  3.9574E+44  3.5062E+43  6.6613E+40  3.6061E+44
  2.3710E+00  3.6952E+44  3.8552E+43  4.9380E+40  3.3092E+44
  2.5120E+00  3.4545E+44  4.1972E+43  3.6479E+40  3.0344E+44
  2.6610E+00  3.2352E+44  4.5172E+43  2.6908E+40  2.7832E+44
  2.8180E+00  3.0343E+44  4.8026E+43  1.9832E+40  2.5538E+44
  2.9850E+00  2.8485E+44  5.0569E+43  1.4611E+40  2.3426E+44
  3.1620E+00  2.6759E+44  5.2711E+43  1.0764E+40  2.1487E+44
  3.3500E+00  2.5168E+44  5.4632E+43  7.9389E+39  1.9704E+44
  3.5480E+00  2.3676E+44  5.5976E+43  5.8568E+39  1.8078E+44
  3.7580E+00  2.2281E+44  5.6970E+43  4.3218E+39  1.6583E+44
  3.9810E+00  2.0973E+44  5.7630E+43  3.1903E+39  1.5210E+44
  4.2170E+00  1.9743E+44  5.7922E+43  2.3556E+39  1.3951E+44
  4.4670E+00  1.8585E+44  5.7882E+43  1.7392E+39  1.2796E+44
  4.7320E+00  1.7500E+44  5.7638E+43  1.2836E+39  1.1737E+44
  5.0120E+00  1.6513E+44  5.7217E+43  9.4884E+38  1.0791E+44
  5.3090E+00  1.5265E+44  5.6621E+43  6.8644E+38  9.6024E+43
  5.6230E+00  1.4073E+44  5.5926E+43  4.9447E+38  8.4805E+43
  5.9570E+00  1.2955E+44  5.5235E+43  3.5501E+38  7.4316E+43
  6.3100E+00  1.1865E+44  5.3942E+43  2.5303E+38  6.4710E+43
  6.6830E+00  1.0921E+44  5.3193E+43  1.8052E+38  5.6014E+43
  7.0790E+00  1.0004E+44  5.1849E+43  1.2734E+38  4.8190E+43
  7.4990E+00  9.4905E+43  5.3676E+43  9.2000E+37  4.1229E+43
  7.9430E+00  1.0697E+44  7.1856E+43  7.9618E+37  3.5109E+43
  8.4140E+00  1.3970E+44  1.0995E+44  8.5932E+37  2.9752E+43
  8.9130E+00  1.7178E+44  1.4668E+44  9.3359E+37  2.5104E+43
  9.4410E+00  2.0050E+44  1.7940E+44  1.0684E+38  2.1101E+43
  1.0000E+01  1.7543E+44  1.5776E+44  7.9806E+37  1.7671E+43
  1.0590E+01  1.4448E+44  1.2972E+44  5.4292E+37  1.4758E+43
  1.1220E+01  1.1298E+44  1.0071E+44  3.2600E+37  1.2267E+43
  1.1890E+01  8.9499E+43  7.9340E+43  1.9895E+37  1.0159E+43
  1.2590E+01  7.0985E+43  6.2573E+43  1.1902E+37  8.4119E+42
  1.3340E+01  5.7100E+43  5.0168E+43  7.1169E+36  6.9319E+42
  1.4130E+01  4.8766E+43  4.3061E+43  4.4412E+36  5.7050E+42
  1.4960E+01  4.7965E+43  4.3273E+43  3.2932E+36  4.6919E+42
  1.5850E+01  4.8996E+43  4.5155E+43  2.6495E+36  3.8414E+42
  1.6790E+01  5.0233E+43  4.7093E+43  2.2267E+36  3.1409E+42
  1.7780E+01  4.9814E+43  4.7248E+43  1.8654E+36  2.5663E+42
  1.8840E+01  4.6391E+43  4.4302E+43  1.4717E+36  2.0888E+42
  1.9950E+01  4.0533E+43  3.8832E+43  1.0576E+36  1.7013E+42
  2.1130E+01  3.4847E+43  3.3464E+43  7.2461E+35  1.3827E+42
  2.2390E+01  3.0084E+43  2.8964E+43  4.9673E+35  1.1203E+42
  2.3710E+01  2.6036E+43  2.5127E+43  3.3982E+35  9.0864E+41
  2.5120E+01  2.2499E+43  2.1764E+43  2.3268E+35  7.3479E+41
  2.6610E+01  1.9356E+43  1.8762E+43  1.5824E+35  5.9383E+41
  2.8180E+01  1.6576E+43  1.6097E+43  1.0744E+35  4.7994E+41
  2.9850E+01  1.4080E+43  1.3693E+43  7.2538E+34  3.8717E+41
  3.1620E+01  1.1835E+43  1.1523E+43  4.8481E+34  3.1199E+41
  3.3500E+01  9.8317E+42  9.5806E+42  3.2065E+34  2.5106E+41
  3.5480E+01  8.0787E+42  7.8766E+42  2.1003E+34  2.0210E+41
  3.7580E+01  6.5506E+42  6.3881E+42  1.3585E+34  1.6253E+41
  3.9810E+01  5.2308E+42  5.1002E+42  8.6619E+33  1.3054E+41
  4.2170E+01  4.1240E+42  4.0192E+42  5.4518E+33  1.0479E+41
  4.4670E+01  3.2136E+42  3.1295E+42  3.3869E+33  8.4074E+40
  4.7320E+01  2.4788E+42  2.4114E+42  2.0809E+33  6.7400E+40
  5.0120E+01  1.8957E+42  1.8417E+42  1.2667E+33  5.4034E+40
  5.3090E+01  1.4380E+42  1.3947E+42  7.6432E+32  4.3282E+40
  5.6230E+01  1.0840E+42  1.0493E+42  4.5802E+32  3.4667E+40
  5.9570E+01  8.1153E+41  7.8380E+41  2.7246E+32  2.7728E+40
  6.3100E+01  6.0487E+41  5.8269E+41  1.6132E+32  2.2180E+40
  6.6830E+01  4.4911E+41  4.3137E+41  9.5139E+31  1.7744E+40
  7.0790E+01  3.3225E+41  3.1806E+41  5.5896E+31  1.4183E+40
  7.4990E+01  2.4496E+41  2.3363E+41  3.2733E+31  1.1329E+40
  7.9430E+01  1.8024E+41  1.7118E+41  1.9134E+31  9.0505E+39
  8.4140E+01  1.3232E+41  1.2510E+41  1.1160E+31  7.2256E+39
  8.9130E+01  9.7040E+40  9.1273E+40  6.5047E+30  5.7665E+39
  9.4410E+01  7.1091E+40  6.6489E+40  3.7884E+30  4.6021E+39
  1.0000E+02  5.2032E+40  4.8360E+40  2.2051E+30  3.6722E+39
  1.0590E+02  3.8100E+40  3.5168E+40  1.2848E+30  2.9317E+39
  1.1220E+02  2.7879E+40  2.5543E+40  7.4803E+29  2.3358E+39
  1.1890E+02  2.0430E+40  1.8571E+40  4.3632E+29  1.8590E+39
  1.2590E+02  1.5066E+40  1.3582E+40  2.5622E+29  1.4838E+39
  1.3340E+02  1.1134E+40  9.9527E+39  1.5102E+29  1.1811E+39
  1.4130E+02  8.1966E+39  7.2554E+39  8.9060E+28  9.4117E+38
  1.4960E+02  5.9593E+39  5.2081E+39  5.1890E+28  7.5121E+38
  1.5850E+02  4.3100E+39  3.7122E+39  3.0021E+28  5.9781E+38
  1.7780E+02  2.2794E+39  1.9000E+39  1.0161E+28  3.7942E+38
  1.9950E+02  1.2150E+39  9.7461E+38  3.4748E+27  2.4043E+38
  2.2390E+02  6.5170E+38  4.9954E+38  1.1995E+27  1.5216E+38
  2.5120E+02  3.5242E+38  2.5605E+38  4.1858E+26  9.6376E+37
  2.8180E+02  1.9212E+38  1.3108E+38  1.4762E+26  6.1043E+37
  3.1620E+02  1.0556E+38  6.6947E+37  5.2577E+25  3.8617E+37
  3.5480E+02  5.8570E+37  3.4149E+37  1.8927E+25  2.4421E+37
  3.9810E+02  3.2837E+37  1.7395E+37  6.8910E+24  1.5442E+37
  4.4670E+02  1.8609E+37  8.8485E+36  2.5357E+24  9.7603E+36
  5.0120E+02  1.0666E+37  4.4969E+36  9.4295E+23  6.1695E+36
  5.6230E+02  6.1841E+36  2.2838E+36  3.5409E+23  3.9003E+36
  6.3100E+02  3.6206E+36  1.1576E+36  1.3404E+23  2.4629E+36
  7.0790E+02  2.1437E+36  5.8687E+35  5.1202E+22  1.5568E+36
  7.9430E+02  1.2803E+36  2.9704E+35  1.9680E+22  9.8325E+35
  8.9130E+02  7.7095E+35  1.5018E+35  7.6078E+21  6.2077E+35
  1.0000E+03  4.6804E+35  7.5908E+34  2.9584E+21  3.9214E+35
