  1.0000E-03  3.5463E+44  6.9690E+05  5.1287E+42  3.4951E+44
  1.1220E-03  3.1622E+44  5.6090E+05  6.0085E+42  3.1022E+44
  1.2590E-03  2.7730E+44  5.1974E+05  6.6103E+42  2.7069E+44
  1.4130E-03  2.3987E+44  4.1457E+05  6.8794E+42  2.3299E+44
  1.5850E-03  2.1393E+44  3.5380E+05  6.9239E+42  2.0701E+44
  1.7780E-03  2.1751E+44  3.2651E+05  7.7953E+42  2.0971E+44
  1.9950E-03  1.5855E+44  2.6600E+05  7.6068E+42  1.5094E+44
  2.2390E-03  1.2584E+44  2.1299E+05  6.7387E+42  1.1910E+44
  2.5120E-03  1.1911E+44  1.9565E+05  7.5425E+42  1.1157E+44
  2.8180E-03  7.3486E+43  1.4848E+05  6.6418E+42  6.6844E+43
  3.1620E-03  4.8264E+43  1.2159E+05  5.6570E+42  4.2607E+43
  3.5480E-03  3.2834E+43  1.0238E+05  4.7566E+42  2.8078E+43
  3.9810E-03  2.3468E+43  1.1681E+05  4.0144E+42  1.9453E+43
  4.4670E-03  2.1526E+44  1.8933E+05  3.1231E+43  1.8403E+44
  5.0120E-03  1.2791E+44  1.4353E+05  2.5687E+43  1.0222E+44
  5.6230E-03  7.6976E+43  1.1489E+05  2.0052E+43  5.6924E+43
  5.9570E-03  6.0694E+43  1.0645E+05  1.7592E+43  4.3102E+43
  6.6830E-03  4.0269E+43  9.0683E+04  1.3781E+43  2.6489E+43
  7.4990E-03  2.9434E+43  8.2327E+04  1.1173E+43  1.8261E+43
  8.4140E-03  2.0604E+43  7.3656E+04  8.9197E+42  1.1685E+43
  9.4410E-03  1.5551E+43  6.7586E+04  7.2751E+42  8.2760E+42
  1.0590E-02  1.3412E+43  6.5121E+04  6.1300E+42  7.2816E+42
  1.1890E-02  1.0134E+43  6.0443E+04  5.2203E+42  4.9141E+42
  1.3340E-02  8.0668E+42  5.4691E+04  4.3568E+42  3.7100E+42
  1.4960E-02  6.1420E+42  5.0942E+04  3.5861E+42  2.5560E+42
  1.6790E-02  4.7865E+42  4.7669E+04  2.9551E+42  1.8314E+42
  1.8840E-02  3.8329E+42  4.5207E+04  2.4544E+42  1.3785E+42
  2.1130E-02  3.0479E+42  4.2524E+04  2.0553E+42  9.9259E+41
  2.3710E-02  2.4052E+42  3.9891E+04  1.7021E+42  7.0304E+41
  2.6610E-02  1.8657E+42  3.7059E+04  1.3868E+42  4.7885E+41
  2.9850E-02  1.4540E+42  3.4236E+04  1.1268E+42  3.2723E+41
  3.3500E-02  1.1333E+42  3.1754E+04  9.1171E+41  2.2157E+41
  3.7580E-02  1.1498E+42  3.0564E+04  9.3055E+41  2.1929E+41
  4.2170E-02  1.0362E+42  2.8100E+04  8.8858E+41  1.4759E+41
  4.7320E-02  5.9628E+41  4.5303E+04  5.4721E+41  4.9067E+40
  5.3090E-02  3.3031E+41  4.0120E+04  3.1831E+41  1.1997E+40
  6.6830E-02  7.5265E+40  2.7430E+04  7.5223E+40  4.1688E+37
  7.4990E-02  3.5497E+40  1.3416E+04  3.5496E+40  1.0500E+36
  8.4140E-02  3.8766E+40  1.4088E+04  3.8763E+40  2.6351E+36
  9.4410E-02  4.3038E+40  1.8361E+04  4.3033E+40  5.0295E+36
  1.0590E-01  7.0887E+40  5.8983E+08  7.0824E+40  6.2985E+37
  1.1890E-01  1.2121E+41  2.9781E+13  1.2019E+41  1.0208E+39
  1.3340E-01  2.6771E+41  2.4165E+17  2.6030E+41  7.4066E+39
  1.4960E-01  5.5617E+41  6.8320E+20  5.3047E+41  2.5699E+40
  1.5850E-01  6.0018E+41  2.3794E+22  5.6990E+41  3.0288E+40
  1.7780E-01  2.9260E+41  9.2409E+24  2.7724E+41  1.5365E+40
  1.9950E-01  4.9827E+40  5.3755E+26  4.8855E+40  9.7228E+38
  2.2390E-01  2.9757E+40  2.5287E+28  2.9594E+40  1.6319E+38
  2.3710E-01  5.1815E+40  5.4510E+29  5.0925E+40  8.9004E+38
  2.5120E-01  9.6950E+40  1.0637E+31  9.1710E+40  5.2409E+39
  2.6610E-01  1.5835E+41  1.3184E+32  1.4149E+41  1.6865E+40
  2.8180E-01  2.3169E+41  1.1935E+33  1.9365E+41  3.8035E+40
  2.9850E-01  3.1946E+41  8.6899E+33  2.4871E+41  7.0747E+40
  3.1620E-01  4.3661E+41  5.4205E+34  3.1453E+41  1.2208E+41
  3.3500E-01  5.8958E+41  2.9828E+35  3.9004E+41  1.9954E+41
  3.5480E-01  7.7619E+41  1.4437E+36  4.6941E+41  3.0678E+41
  3.7580E-01  1.0232E+42  6.4273E+36  5.5750E+41  4.6567E+41
  3.9810E-01  1.3303E+42  2.5585E+37  6.5323E+41  6.7708E+41
  4.2170E-01  1.7879E+42  9.5871E+37  7.7250E+41  1.0153E+42
  4.4670E-01  2.4083E+42  3.2905E+38  9.1153E+41  1.4964E+42
  4.7320E-01  3.2448E+42  1.0538E+39  1.0657E+42  2.1781E+42
  5.0120E-01  4.3494E+42  3.1463E+39  1.2301E+42  3.1161E+42
  5.3090E-01  5.8772E+42  8.9191E+39  1.4092E+42  4.4590E+42
  5.6230E-01  7.7741E+42  2.3330E+40  1.5918E+42  6.1590E+42
  5.9570E-01  1.0156E+43  5.7250E+40  1.7789E+42  8.3197E+42
  6.3100E-01  1.3248E+43  1.3287E+41  1.9769E+42  1.1138E+43
  6.6830E-01  1.7233E+43  2.9192E+41  2.1817E+42  1.4759E+43
  7.0790E-01  2.2311E+43  6.0775E+41  2.4035E+42  1.9300E+43
  7.4990E-01  2.8489E+43  1.1919E+42  2.6333E+42  2.4663E+43
  7.9430E-01  3.6247E+43  2.2216E+42  2.8799E+42  3.1145E+43
  8.4140E-01  4.6015E+43  3.9571E+42  3.1401E+42  3.8918E+43
  8.9130E-01  5.8872E+43  6.8038E+42  3.4225E+42  4.8646E+43
  9.4410E-01  7.4790E+43  1.1177E+43  3.6983E+42  5.9915E+43
  1.0000E+00  9.3458E+43  1.7460E+43  3.9421E+42  7.2056E+43
  1.0590E+00  1.1514E+44  2.6041E+43  4.1521E+42  8.4950E+43
  1.1220E+00  1.4031E+44  3.7428E+43  4.3160E+42  9.8568E+43
  1.1890E+00  1.6927E+44  5.1994E+43  4.4125E+42  1.1286E+44
  1.2590E+00  2.0239E+44  6.9790E+43  4.4165E+42  1.2819E+44
  1.3340E+00  2.3779E+44  9.0467E+43  4.3258E+42  1.4300E+44
  1.4130E+00  2.7302E+44  1.1261E+44  4.1478E+42  1.5626E+44
  1.4960E+00  3.0725E+44  1.3539E+44  3.8935E+42  1.6797E+44
  1.5850E+00  3.3998E+44  1.5844E+44  3.5748E+42  1.7796E+44
  1.6790E+00  3.7003E+44  1.8027E+44  3.2017E+42  1.8656E+44
  1.7780E+00  3.9590E+44  1.9949E+44  2.7910E+42  1.9363E+44
  1.8840E+00  4.1643E+44  2.1543E+44  2.3672E+42  1.9863E+44
  1.9950E+00  4.3060E+44  2.2690E+44  1.9546E+42  2.0175E+44
  2.1130E+00  4.3773E+44  2.3355E+44  1.5732E+42  2.0261E+44
  2.2390E+00  4.3747E+44  2.3500E+44  1.2364E+42  2.0123E+44
  2.3710E+00  4.3057E+44  2.3155E+44  9.5197E+41  1.9806E+44
  2.5120E+00  4.1776E+44  2.2401E+44  7.2039E+41  1.9303E+44
  2.6610E+00  4.0023E+44  2.1302E+44  5.3730E+41  1.8668E+44
  2.8180E+00  3.7914E+44  1.9938E+44  3.9580E+41  1.7936E+44
  2.9850E+00  3.5570E+44  1.8417E+44  2.8868E+41  1.7124E+44
  3.1620E+00  3.3090E+44  1.6804E+44  2.0880E+41  1.6265E+44
  3.3500E+00  3.0607E+44  1.5222E+44  1.5028E+41  1.5370E+44
  3.5480E+00  2.8156E+44  1.3664E+44  1.0762E+41  1.4481E+44
  3.7580E+00  2.5801E+44  1.2197E+44  7.6800E+40  1.3597E+44
  3.9810E+00  2.3566E+44  1.0833E+44  5.4656E+40  1.2728E+44
  4.2170E+00  2.1476E+44  9.5860E+43  3.8829E+40  1.1886E+44
  4.4670E+00  1.9537E+44  8.4578E+43  2.7547E+40  1.1077E+44
  4.7320E+00  1.7750E+44  7.4468E+43  1.9513E+40  1.0302E+44
  5.0120E+00  1.6137E+44  6.5477E+43  1.3832E+40  9.5877E+43
  5.3090E+00  1.4367E+44  5.7437E+43  9.6016E+39  8.6221E+43
  5.6230E+00  1.2717E+44  5.0314E+43  6.6199E+39  7.6845E+43
  5.9570E+00  1.1190E+44  4.4037E+43  4.5334E+39  6.7862E+43
  6.3100E+00  9.7766E+43  3.8257E+43  3.0776E+39  5.9506E+43
  6.6830E+00  8.5417E+43  3.3607E+43  2.0836E+39  5.1809E+43
  7.0790E+00  7.4097E+43  2.9285E+43  1.3933E+39  4.4811E+43
  7.4990E+00  6.4148E+43  2.5851E+43  9.2413E+38  3.8296E+43
  7.9430E+00  5.6343E+43  2.4728E+43  6.3570E+38  3.1614E+43
  8.4140E+00  5.0812E+43  2.5820E+43  4.8656E+38  2.4992E+43
  8.9130E+00  4.6240E+43  2.6607E+43  3.9828E+38  1.9633E+43
  9.4410E+00  4.2315E+43  2.6919E+43  3.6038E+38  1.5396E+43
  1.0000E+01  3.6699E+43  2.3375E+43  2.6182E+38  1.3324E+43
  1.0590E+01  3.1129E+43  1.9462E+43  1.7965E+38  1.1667E+43
  1.1220E+01  2.5788E+43  1.5569E+43  1.1226E+38  1.0219E+43
  1.1890E+01  2.1164E+43  1.2371E+43  7.0258E+37  8.7935E+42
  1.2590E+01  1.7332E+43  9.8196E+42  4.3160E+37  7.5121E+42
  1.3340E+01  1.4155E+43  7.8196E+42  2.6209E+37  6.3351E+42
  1.4130E+01  1.1757E+43  6.4801E+42  1.5993E+37  5.2766E+42
  1.4960E+01  1.0267E+43  5.9535E+42  1.0583E+37  4.3139E+42
  1.5850E+01  9.1345E+42  5.6421E+42  7.4234E+36  3.4923E+42
  1.6790E+01  8.2025E+42  5.3834E+42  5.4509E+36  2.8191E+42
  1.7780E+01  7.3048E+42  5.0216E+42  4.0816E+36  2.2832E+42
  1.8840E+01  6.3211E+42  4.4625E+42  2.9779E+36  1.8586E+42
  1.9950E+01  5.3008E+42  3.7728E+42  2.0489E+36  1.5280E+42
  2.1130E+01  4.4007E+42  3.1460E+42  1.3557E+36  1.2546E+42
  2.2390E+01  3.6539E+42  2.6289E+42  8.9468E+35  1.0251E+42
  2.3710E+01  3.0383E+42  2.2011E+42  5.8914E+35  8.3728E+41
  2.5120E+01  2.5186E+42  1.8375E+42  3.8788E+35  6.8112E+41
  2.6610E+01  2.0805E+42  1.5272E+42  2.5409E+35  5.5339E+41
  2.8180E+01  1.7126E+42  1.2632E+42  1.6643E+35  4.4936E+41
  2.9850E+01  1.4000E+42  1.0359E+42  1.0860E+35  3.6405E+41
  3.1620E+01  1.1353E+42  8.4075E+41  7.0391E+34  2.9456E+41
  3.3500E+01  9.1240E+41  6.7444E+41  4.5309E+34  2.3796E+41
  3.5480E+01  7.2762E+41  5.3534E+41  2.9001E+34  1.9228E+41
  3.7580E+01  5.7476E+41  4.1956E+41  1.8415E+34  1.5520E+41
  3.9810E+01  4.4927E+41  3.2414E+41  1.1595E+34  1.2513E+41
  4.2170E+01  3.4834E+41  2.4752E+41  7.2469E+33  1.0083E+41
  4.4670E+01  2.6820E+41  1.8701E+41  4.4955E+33  8.1185E+40
  4.7320E+01  2.0532E+41  1.4002E+41  2.7727E+33  6.5308E+40
  5.0120E+01  1.5657E+41  1.0405E+41  1.7032E+33  5.2525E+40
  5.3090E+01  1.1895E+41  7.6752E+40  1.0424E+33  4.2199E+40
  5.6230E+01  9.0207E+40  5.6315E+40  6.3674E+32  3.3892E+40
  5.9570E+01  6.8245E+40  4.1069E+40  3.8798E+32  2.7176E+40
  6.3100E+01  5.1632E+40  2.9844E+40  2.3640E+32  2.1788E+40
  6.6830E+01  3.9088E+40  2.1623E+40  1.4412E+32  1.7465E+40
  7.0790E+01  2.9605E+40  1.5620E+40  8.7886E+31  1.3985E+40
  7.4990E+01  2.2442E+40  1.1253E+40  5.3635E+31  1.1189E+40
  7.9430E+01  1.7047E+40  8.0955E+39  3.2795E+31  8.9512E+39
  8.4140E+01  1.2970E+40  5.8143E+39  2.0074E+31  7.1554E+39
  8.9130E+01  9.8904E+39  4.1735E+39  1.2312E+31  5.7168E+39
  9.4410E+01  7.5612E+39  2.9943E+39  7.5674E+30  4.5669E+39
  1.0000E+02  5.7943E+39  2.1470E+39  4.6598E+30  3.6473E+39
  1.0590E+02  4.4547E+39  1.5408E+39  2.8775E+30  2.9140E+39
  1.1220E+02  3.4287E+39  1.1055E+39  1.7769E+30  2.3232E+39
  1.1890E+02  2.6452E+39  7.9506E+38  1.0990E+30  1.8501E+39
  1.2590E+02  2.0539E+39  5.7641E+38  6.8354E+29  1.4774E+39
  1.3340E+02  1.5961E+39  4.1959E+38  4.2573E+29  1.1765E+39
  1.4130E+02  1.2414E+39  3.0351E+38  2.6640E+29  9.3789E+38
  1.4960E+02  9.6415E+38  2.1525E+38  1.6642E+29  7.4890E+38
  1.5850E+02  7.4778E+38  1.5159E+38  1.0347E+29  5.9619E+38
  1.7780E+02  4.5474E+38  7.6127E+37  4.0263E+28  3.7861E+38
  1.9950E+02  2.7850E+38  3.8465E+37  1.5736E+28  2.4003E+38
  2.2390E+02  1.7142E+38  1.9464E+37  6.1715E+27  1.5196E+38
  2.5120E+02  1.0614E+38  9.8669E+36  2.4309E+27  9.6275E+37
  2.8180E+02  6.5995E+37  5.0027E+36  9.6033E+26  6.0992E+37
  3.1620E+02  4.1125E+37  2.5337E+36  3.7978E+26  3.8592E+37
  3.5480E+02  2.5691E+37  1.2828E+36  1.5037E+26  2.4408E+37
  3.9810E+02  1.6085E+37  6.4926E+35  5.9631E+25  1.5435E+37
  4.4670E+02  1.0085E+37  3.2842E+35  2.3667E+25  9.7570E+36
  5.0120E+02  6.3339E+36  1.6609E+35  9.4026E+24  6.1678E+36
  5.6230E+02  3.9835E+36  8.3996E+34  3.7382E+24  3.8995E+36
  6.3100E+02  2.5049E+36  4.2419E+34  1.4857E+24  2.4625E+36
  7.0790E+02  1.5780E+36  2.1436E+34  5.9136E+23  1.5566E+36
  7.9430E+02  9.9397E+35  1.0820E+34  2.3527E+23  9.8315E+35
  8.9130E+02  6.2618E+35  5.4573E+33  9.3594E+22  6.2072E+35
  1.0000E+03  3.9486E+35  2.7528E+33  3.7267E+22  3.9211E+35
