  1.0000E-03  4.1684E+44  0.0000E+00  3.7069E+42  4.1313E+44
  1.1220E-03  3.8755E+44  0.0000E+00  4.4177E+42  3.8314E+44
  1.2590E-03  3.5602E+44  0.0000E+00  5.0119E+42  3.5101E+44
  1.4130E-03  3.2413E+44  0.0000E+00  5.4591E+42  3.1868E+44
  1.5850E-03  3.0409E+44  0.0000E+00  5.8379E+42  2.9826E+44
  1.7780E-03  3.2067E+44  0.0000E+00  7.1041E+42  3.1356E+44
  1.9950E-03  2.5480E+44  0.0000E+00  7.7386E+42  2.4706E+44
  2.2390E-03  2.1894E+44  0.0000E+00  7.6912E+42  2.1125E+44
  2.5120E-03  2.1941E+44  0.0000E+00  9.7856E+42  2.0963E+44
  2.8180E-03  1.5249E+44  0.0000E+00  1.0290E+43  1.4220E+44
  3.1620E-03  1.1198E+44  0.0000E+00  1.0410E+43  1.0157E+44
  3.5480E-03  8.4827E+43  0.0000E+00  1.0336E+43  7.4491E+43
  3.9810E-03  6.6972E+43  0.0000E+00  1.0157E+43  5.6815E+43
  4.4670E-03  3.2844E+44  0.0000E+00  2.5599E+43  3.0284E+44
  5.0120E-03  2.2396E+44  0.0000E+00  2.7023E+43  1.9694E+44
  5.6230E-03  1.5607E+44  0.0000E+00  2.7462E+43  1.2861E+44
  5.9570E-03  1.3260E+44  0.0000E+00  2.7430E+43  1.0517E+44
  6.6830E-03  1.0148E+44  0.0000E+00  2.7218E+43  7.4263E+43
  7.4990E-03  8.4891E+43  0.0000E+00  2.7243E+43  5.7648E+43
  8.4140E-03  6.8744E+43  0.0000E+00  2.6877E+43  4.1867E+43
  9.4410E-03  5.9497E+43  0.0000E+00  2.6433E+43  3.3064E+43
  1.0590E-02  5.7082E+43  0.0000E+00  2.5717E+43  3.1365E+43
  1.1890E-02  5.0264E+43  0.0000E+00  2.6538E+43  2.3725E+43
  1.3340E-02  4.5876E+43  0.0000E+00  2.6137E+43  1.9739E+43
  1.4960E-02  4.1000E+43  0.0000E+00  2.5802E+43  1.5199E+43
  1.6790E-02  3.7342E+43  0.0000E+00  2.5238E+43  1.2104E+43
  1.8840E-02  3.4617E+43  0.0000E+00  2.4561E+43  1.0055E+43
  2.1130E-02  3.2310E+43  0.0000E+00  2.4265E+43  8.0455E+42
  2.3710E-02  3.0021E+43  0.0000E+00  2.3667E+43  6.3537E+42
  2.6610E-02  2.7658E+43  0.0000E+00  2.2795E+43  4.8631E+42
  2.9850E-02  2.5514E+43  2.2060E-86  2.1773E+43  3.7406E+42
  3.3500E-02  2.3480E+43  1.0012E-71  2.0620E+43  2.8601E+42
  3.7580E-02  2.4861E+43  1.1452E-58  2.1961E+43  2.8996E+42
  4.2170E-02  2.5118E+43  3.5186E-47  2.2911E+43  2.2065E+42
  4.7320E-02  1.8790E+43  4.1440E-37  1.7797E+43  9.9279E+41
  5.3090E-02  1.2283E+43  2.8480E-28  1.1936E+43  3.4695E+41
  6.6830E-02  2.3016E+42  2.3456E-14  2.2971E+42  4.4870E+39
  7.4990E-02  6.8918E+41  7.1641E-09  6.8890E+41  2.7925E+38
  8.4140E-02  9.1319E+41  6.7654E-03  9.1265E+41  5.4230E+38
  9.4410E-02  1.1557E+42  1.2221E+03  1.1549E+42  8.5492E+38
  1.0590E-01  2.6925E+42  1.8281E+08  2.6871E+42  5.3621E+39
  1.1890E-01  6.0359E+42  9.2062E+12  5.9957E+42  4.0231E+40
  1.3340E-01  1.0560E+43  7.4320E+16  1.0394E+43  1.6561E+41
  1.4960E-01  1.4044E+43  2.0670E+20  1.3655E+43  3.8897E+41
  1.5850E-01  1.3993E+43  7.1872E+21  1.3563E+43  4.3009E+41
  1.7780E-01  9.7945E+42  2.8723E+24  9.5308E+42  2.6370E+41
  1.9950E-01  3.1174E+42  1.7184E+26  3.0822E+42  3.5186E+40
  2.2390E-01  1.3936E+42  8.1530E+27  1.3839E+42  9.6655E+39
  2.3710E-01  2.3262E+42  1.8022E+29  2.2917E+42  3.4463E+40
  2.5120E-01  3.8497E+42  3.6158E+30  3.7196E+42  1.3012E+41
  2.6610E-01  5.1805E+42  4.5612E+31  4.8690E+42  3.1144E+41
  2.8180E-01  6.1898E+42  4.1848E+32  5.6183E+42  5.7148E+41
  2.9850E-01  7.0265E+42  3.0783E+33  6.1205E+42  9.0604E+41
  3.1620E-01  7.8978E+42  1.9379E+34  6.5403E+42  1.3576E+42
  3.3500E-01  8.8247E+42  1.0755E+35  6.8721E+42  1.9526E+42
  3.5480E-01  9.7637E+42  5.2451E+35  7.0828E+42  2.6810E+42
  3.7580E-01  1.0877E+43  2.3560E+36  7.2219E+42  3.6555E+42
  3.9810E-01  1.2124E+43  9.4467E+36  7.3104E+42  4.8132E+42
  4.2170E-01  1.3905E+43  3.5731E+37  7.3960E+42  6.5087E+42
  4.4670E-01  1.6149E+43  1.2369E+38  7.4728E+42  8.6758E+42
  4.7320E-01  1.8956E+43  3.9963E+38  7.4998E+42  1.1456E+43
  5.0120E-01  2.2397E+43  1.2037E+39  7.4657E+42  1.4930E+43
  5.3090E-01  2.6869E+43  3.4461E+39  7.3800E+42  1.9486E+43
  5.6230E-01  3.1972E+43  9.0959E+39  7.2517E+42  2.4711E+43
  5.9570E-01  3.7885E+43  2.2521E+40  7.0811E+42  3.0782E+43
  6.3100E-01  4.5008E+43  5.2761E+40  6.8795E+42  3.8076E+43
  6.6830E-01  5.3493E+43  1.1708E+41  6.6408E+42  4.6736E+43
  7.0790E-01  6.3355E+43  2.4620E+41  6.3929E+42  5.6716E+43
  7.4990E-01  7.4128E+43  4.8754E+41  6.1302E+42  6.7510E+43
  7.9430E-01  8.6307E+43  9.1769E+41  5.8574E+42  7.9531E+43
  8.4140E-01  1.0010E+44  1.6513E+42  5.5726E+42  9.2876E+43
  8.9130E-01  1.1656E+44  2.8697E+42  5.2807E+42  1.0841E+44
  9.4410E-01  1.3481E+44  4.7675E+42  4.9773E+42  1.2507E+44
  1.0000E+00  1.5379E+44  7.5362E+42  4.6624E+42  1.4159E+44
  1.0590E+00  1.7346E+44  1.1379E+43  4.3498E+42  1.5773E+44
  1.1220E+00  1.9397E+44  1.6566E+43  4.0353E+42  1.7337E+44
  1.1890E+00  2.1553E+44  2.3329E+43  3.7146E+42  1.8848E+44
  1.2590E+00  2.3872E+44  3.1765E+43  3.3843E+42  2.0357E+44
  1.3340E+00  2.6162E+44  4.1833E+43  3.0531E+42  2.1674E+44
  1.4130E+00  2.8286E+44  5.2989E+43  2.7337E+42  2.2714E+44
  1.4960E+00  3.0244E+44  6.4942E+43  2.4259E+42  2.3507E+44
  1.5850E+00  3.2030E+44  7.7653E+43  2.1271E+42  2.4052E+44
  1.6790E+00  3.3640E+44  9.0475E+43  1.8387E+42  2.4408E+44
  1.7780E+00  3.5015E+44  1.0277E+44  1.5627E+42  2.4582E+44
  1.8840E+00  3.6089E+44  1.1427E+44  1.3035E+42  2.4531E+44
  1.9950E+00  3.6832E+44  1.2424E+44  1.0673E+42  2.4301E+44
  2.1130E+00  3.7194E+44  1.3244E+44  8.5801E+41  2.3865E+44
  2.2390E+00  3.7151E+44  1.3847E+44  6.7789E+41  2.3236E+44
  2.3710E+00  3.6741E+44  1.4212E+44  5.2758E+41  2.2476E+44
  2.5120E+00  3.5981E+44  1.4364E+44  4.0537E+41  2.1576E+44
  2.6610E+00  3.4926E+44  1.4304E+44  3.0812E+41  2.0592E+44
  2.8180E+00  3.3626E+44  1.4044E+44  2.3199E+41  1.9559E+44
  2.9850E+00  3.2134E+44  1.3628E+44  1.7331E+41  1.8488E+44
  3.1620E+00  3.0498E+44  1.3077E+44  1.2859E+41  1.7408E+44
  3.3500E+00  2.8799E+44  1.2463E+44  9.4983E+40  1.6327E+44
  3.5480E+00  2.7045E+44  1.1756E+44  6.9810E+40  1.5282E+44
  3.7580E+00  2.5286E+44  1.1016E+44  5.1104E+40  1.4265E+44
  3.9810E+00  2.3546E+44  1.0257E+44  3.7281E+40  1.3285E+44
  4.2170E+00  2.1849E+44  9.4951E+43  2.7117E+40  1.2351E+44
  4.4670E+00  2.0211E+44  8.7444E+43  1.9670E+40  1.1465E+44
  4.7320E+00  1.8652E+44  8.0246E+43  1.4230E+40  1.0626E+44
  5.0120E+00  1.7206E+44  7.3457E+43  1.0290E+40  9.8596E+43
  5.3090E+00  1.5551E+44  6.7076E+43  7.2895E+39  8.8429E+43
  5.6230E+00  1.3984E+44  6.1210E+43  5.1320E+39  7.8629E+43
  5.9570E+00  1.2522E+44  5.5918E+43  3.5934E+39  6.9299E+43
  6.3100E+00  1.1140E+44  5.0743E+43  2.4950E+39  6.0653E+43
  6.6830E+00  9.9289E+43  4.6559E+43  1.7301E+39  5.2729E+43
  7.0790E+00  8.7987E+43  4.2442E+43  1.1854E+39  4.5543E+43
  7.4990E+00  7.9572E+43  4.0664E+43  8.2148E+38  3.8907E+43
  7.9430E+00  8.0143E+43  4.7894E+43  6.4451E+38  3.2249E+43
  8.4140E+00  8.8321E+43  6.2579E+43  6.0063E+38  2.5742E+43
  8.9130E+00  9.3164E+43  7.2737E+43  5.7259E+38  2.0426E+43
  9.4410E+00  9.4644E+43  7.8468E+43  5.8291E+38  1.6176E+43
  1.0000E+01  8.1854E+43  6.7926E+43  4.2803E+38  1.3928E+43
  1.0590E+01  6.8210E+43  5.6101E+43  2.9197E+38  1.2109E+43
  1.1220E+01  5.4930E+43  4.4405E+43  1.7874E+38  1.0524E+43
  1.1890E+01  4.4471E+43  3.5467E+43  1.1072E+38  9.0037E+42
  1.2590E+01  3.6223E+43  2.8567E+43  6.7632E+37  7.6557E+42
  1.3340E+01  2.9929E+43  2.3495E+43  4.1335E+37  6.4338E+42
  1.4130E+01  2.5874E+43  2.0525E+43  2.6018E+37  5.3490E+42
  1.4960E+01  2.4551E+43  2.0174E+43  1.8610E+37  4.3767E+42
  1.5850E+01  2.4007E+43  2.0458E+43  1.4327E+37  3.5489E+42
  1.6790E+01  2.3732E+43  2.0862E+43  1.1588E+37  2.8701E+42
  1.7780E+01  2.3216E+43  2.0888E+43  9.5236E+36  2.3275E+42
  1.8840E+01  2.2094E+43  2.0200E+43  7.5915E+36  1.8947E+42
  1.9950E+01  2.0462E+43  1.8907E+43  5.6848E+36  1.5557E+42
  2.1130E+01  1.8962E+43  1.7687E+43  4.1162E+36  1.2756E+42
  2.2390E+01  1.7760E+43  1.6719E+43  2.9979E+36  1.0410E+42
  2.3710E+01  1.6751E+43  1.5901E+43  2.1883E+36  8.4952E+41
  2.5120E+01  1.5820E+43  1.5130E+43  1.6033E+36  6.9054E+41
  2.6610E+01  1.4898E+43  1.4338E+43  1.1691E+36  5.6066E+41
  2.8180E+01  1.3947E+43  1.3492E+43  8.5073E+35  4.5498E+41
  2.9850E+01  1.2922E+43  1.2553E+43  6.1480E+35  3.6839E+41
  3.1620E+01  1.1812E+43  1.1514E+43  4.3903E+35  2.9789E+41
  3.3500E+01  1.0630E+43  1.0390E+43  3.0936E+35  2.4051E+41
  3.5480E+01  9.4132E+42  9.2190E+42  2.1503E+35  1.9421E+41
  3.7580E+01  8.1920E+42  8.0353E+42  1.4714E+35  1.5666E+41
  3.9810E+01  6.9984E+42  6.8722E+42  9.9023E+34  1.2622E+41
  4.2170E+01  5.8810E+42  5.7794E+42  6.5601E+34  1.0163E+41
  4.4670E+01  4.8672E+42  4.7854E+42  4.2780E+34  8.1775E+40
  4.7320E+01  3.9735E+42  3.9077E+42  2.7517E+34  6.5737E+40
  5.0120E+01  3.2045E+42  3.1517E+42  1.7486E+34  5.2836E+40
  5.3090E+01  2.5546E+42  2.5122E+42  1.0985E+34  4.2423E+40
  5.6230E+01  2.0169E+42  1.9828E+42  6.8343E+33  3.4053E+40
  5.9570E+01  1.5769E+42  1.5496E+42  4.2112E+33  2.7291E+40
  6.3100E+01  1.2236E+42  1.2017E+42  2.5760E+33  2.1870E+40
  6.6830E+01  9.4304E+41  9.2552E+41  1.5658E+33  1.7523E+40
  7.0790E+01  7.2226E+41  7.0823E+41  9.4604E+32  1.4027E+40
  7.4990E+01  5.4992E+41  5.3870E+41  5.6850E+32  1.1218E+40
  7.9430E+01  4.1677E+41  4.0780E+41  3.4025E+32  8.9720E+39
  8.4140E+01  3.1444E+41  3.0727E+41  2.0278E+32  7.1701E+39
  8.9130E+01  2.3646E+41  2.3073E+41  1.2053E+32  5.7273E+39
  9.4410E+01  1.7726E+41  1.7269E+41  7.1453E+31  4.5743E+39
  1.0000E+02  1.3248E+41  1.2883E+41  4.2254E+31  3.6526E+39
  1.0590E+02  9.8864E+40  9.5947E+40  2.4967E+31  2.9177E+39
  1.1220E+02  7.3623E+40  7.1297E+40  1.4722E+31  2.3259E+39
  1.1890E+02  5.4846E+40  5.2994E+40  8.6882E+30  1.8520E+39
  1.2590E+02  4.1083E+40  3.9605E+40  5.1588E+30  1.4788E+39
  1.3340E+02  3.0847E+40  2.9669E+40  3.0753E+30  1.1775E+39
  1.4130E+02  2.2980E+40  2.2042E+40  1.8270E+30  9.3859E+38
  1.4960E+02  1.6776E+40  1.6027E+40  1.0642E+30  7.4939E+38
  1.5850E+02  1.2157E+40  1.1560E+40  6.1412E+29  5.9653E+38
  1.7780E+02  6.4420E+39  6.0633E+39  2.0640E+29  3.7878E+38
  1.9950E+02  3.4233E+39  3.1831E+39  6.9754E+28  2.4012E+38
  2.2390E+02  1.8180E+39  1.6660E+39  2.3648E+28  1.5200E+38
  2.5120E+02  9.6617E+38  8.6988E+38  8.0525E+27  9.6296E+37
  2.8180E+02  5.1367E+38  4.5266E+38  2.7543E+27  6.1003E+37
  3.1620E+02  2.7317E+38  2.3458E+38  9.4626E+26  3.8597E+37
  3.5480E+02  1.4561E+38  1.2120E+38  3.2712E+26  2.4411E+37
  3.9810E+02  7.7883E+37  6.2446E+37  1.1398E+26  1.5437E+37
  4.4670E+02  4.1846E+37  3.2089E+37  4.0053E+25  9.7577E+36
  5.0120E+02  2.2623E+37  1.6455E+37  1.4213E+25  6.1682E+36
  5.6230E+02  1.2324E+37  8.4245E+36  5.0955E+24  3.8997E+36
  6.3100E+02  6.7636E+36  4.3010E+36  1.8447E+24  2.4626E+36
  7.0790E+02  3.7511E+36  2.1944E+36  6.7561E+23  1.5566E+36
  7.9430E+02  2.1003E+36  1.1171E+36  2.4981E+23  9.8317E+35
  8.9130E+02  1.1884E+36  5.6769E+35  9.3250E+22  6.2073E+35
  1.0000E+03  6.8038E+35  2.8826E+35  3.5153E+22  3.9211E+35
