  1.0000E-03  1.0003E+45  0.0000E+00  1.2367E+44  8.7662E+44
  1.1220E-03  1.0999E+45  0.0000E+00  1.1636E+44  9.8357E+44
  1.2590E-03  1.2121E+45  0.0000E+00  1.0842E+44  1.1037E+45
  1.4130E-03  1.3396E+45  0.0000E+00  1.0095E+44  1.2387E+45
  1.5850E-03  1.4878E+45  0.0000E+00  9.8325E+43  1.3894E+45
  1.7780E-03  1.6748E+45  0.0000E+00  1.1622E+44  1.5586E+45
  1.9950E-03  1.8549E+45  0.0000E+00  1.0611E+44  1.7488E+45
  2.2390E-03  2.0610E+45  0.0000E+00  9.8230E+43  1.9627E+45
  2.5120E-03  2.3137E+45  0.0000E+00  1.1168E+44  2.2020E+45
  2.8180E-03  2.5679E+45  0.0000E+00  9.7627E+43  2.4702E+45
  3.1620E-03  2.8587E+45  0.0000E+00  8.6872E+43  2.7718E+45
  3.5480E-03  3.1878E+45  0.0000E+00  7.7464E+43  3.1103E+45
  3.9810E-03  3.5584E+45  0.0000E+00  6.8574E+43  3.4898E+45
  4.4670E-03  4.1238E+45  0.0000E+00  2.0796E+44  3.9158E+45
  5.0120E-03  4.6422E+45  0.0000E+00  2.4858E+44  4.3936E+45
  5.6230E-03  5.2125E+45  0.0000E+00  2.8328E+44  4.9292E+45
  5.9570E-03  5.5209E+45  0.0000E+00  2.9882E+44  5.2220E+45
  6.6830E-03  6.1860E+45  0.0000E+00  3.2747E+44  5.8585E+45
  7.4990E-03  6.9311E+45  0.0000E+00  3.5729E+44  6.5738E+45
  8.4140E-03  7.7561E+45  0.0000E+00  3.8028E+44  7.3758E+45
  9.4410E-03  8.6793E+45  0.0000E+00  4.0324E+44  8.2761E+45
  1.0590E-02  9.7122E+45  0.0000E+00  4.2892E+44  9.2833E+45
  1.1890E-02  1.0872E+46  0.0000E+00  4.4862E+44  1.0423E+46
  1.3340E-02  1.2163E+46  0.0000E+00  4.6915E+44  1.1694E+46
  1.4960E-02  1.3602E+46  0.0000E+00  4.8792E+44  1.3114E+46
  1.6790E-02  1.5227E+46  0.0000E+00  5.0844E+44  1.4718E+46
  1.8840E-02  1.7046E+46  0.0000E+00  5.3096E+44  1.6515E+46
  2.1130E-02  1.9078E+46  0.0000E+00  5.5411E+44  1.8524E+46
  2.3710E-02  2.1363E+46  0.0000E+00  5.7866E+44  2.0785E+46
  2.6610E-02  2.3930E+46  0.0000E+00  6.0361E+44  2.3326E+46
  2.9850E-02  2.6795E+46  1.2058E-82  6.2817E+44  2.6166E+46
  3.3500E-02  3.0016E+46  7.4989E-68  6.4903E+44  2.9367E+46
  3.7580E-02  3.3628E+46  9.3939E-55  6.8532E+44  3.2942E+46
  4.2170E-02  3.7833E+46  3.9784E-43  8.6564E+44  3.6967E+46
  4.7320E-02  4.2369E+46  9.9750E-33  8.8768E+44  4.1482E+46
  5.3090E-02  4.4024E+46  1.7106E-23  8.1195E+44  4.3212E+46
  6.6830E-02  4.1779E+46  5.4053E-08  5.1109E+44  4.1268E+46
  7.4990E-02  4.0701E+46  1.5967E-01  3.7300E+44  4.0328E+46
  8.4140E-02  3.9799E+46  8.1677E+04  3.8867E+44  3.9410E+46
  9.4410E-02  3.8921E+46  9.4009E+09  4.0868E+44  3.8513E+46
  1.0590E-01  3.5556E+46  2.5622E+14  5.0099E+44  3.5055E+46
  1.1890E-01  2.9988E+46  2.1637E+18  5.2066E+44  2.9467E+46
  1.3340E-01  2.5302E+46  5.4440E+21  5.0647E+44  2.4795E+46
  1.4960E-01  2.1242E+46  7.3211E+24  3.6360E+44  2.0878E+46
  1.5850E-01  1.9430E+46  2.2152E+26  2.8490E+44  1.9145E+46
  1.7780E-01  1.6318E+46  1.0410E+29  2.0415E+44  1.6114E+46
  1.9950E-01  1.3694E+46  2.4021E+31  1.3609E+44  1.3558E+46
  2.2390E-01  1.1519E+46  2.4232E+33  1.1583E+44  1.1403E+46
  2.3710E-01  1.0602E+46  1.7221E+34  1.3792E+44  1.0464E+46
  2.5120E-01  9.7469E+45  1.0902E+35  1.5107E+44  9.5958E+45
  2.6610E-01  8.9498E+45  6.3130E+35  1.4860E+44  8.8012E+45
  2.8180E-01  8.2154E+45  3.2872E+36  1.3936E+44  8.0761E+45
  2.9850E-01  7.5374E+45  1.5447E+37  1.2951E+44  7.4079E+45
  3.1620E-01  6.9161E+45  6.4990E+37  1.2150E+44  6.7947E+45
  3.3500E-01  6.3449E+45  2.4879E+38  1.1404E+44  6.2308E+45
  3.5480E-01  5.8235E+45  8.6778E+38  1.0702E+44  5.7165E+45
  3.7580E-01  5.3448E+45  2.7912E+39  1.0067E+44  5.2442E+45
  3.9810E-01  4.9049E+45  8.2601E+39  9.5187E+43  4.8097E+45
  4.2170E-01  4.5025E+45  2.2487E+40  9.0844E+43  4.4116E+45
  4.4670E-01  4.1340E+45  5.6782E+40  8.7319E+43  4.0466E+45
  4.7320E-01  3.7958E+45  1.3479E+41  8.4187E+43  3.7115E+45
  5.0120E-01  3.4864E+45  3.0161E+41  8.1315E+43  3.4048E+45
  5.3090E-01  3.2027E+45  6.3988E+41  7.8900E+43  3.1232E+45
  5.6230E-01  2.9432E+45  1.2846E+42  7.6830E+43  2.8651E+45
  5.9570E-01  2.7052E+45  2.4574E+42  7.5163E+43  2.6276E+45
  6.3100E-01  2.4888E+45  4.4803E+42  7.3967E+43  2.4103E+45
  6.6830E-01  2.2925E+45  7.7933E+42  7.3293E+43  2.2114E+45
  7.0790E-01  2.1147E+45  1.3004E+43  7.3248E+43  2.0284E+45
  7.4990E-01  1.9550E+45  2.0828E+43  7.3696E+43  1.8605E+45
  7.9430E-01  1.8135E+45  3.2104E+43  7.4807E+43  1.7066E+45
  8.4140E-01  1.6900E+45  4.7775E+43  7.6881E+43  1.5653E+45
  8.9130E-01  1.5848E+45  6.8987E+43  8.0108E+43  1.4357E+45
  9.4410E-01  1.4978E+45  9.6378E+43  8.4467E+43  1.3170E+45
  1.0000E+00  1.4280E+45  1.3027E+44  8.9620E+43  1.2081E+45
  1.0590E+00  1.3749E+45  1.7084E+44  9.5441E+43  1.1086E+45
  1.1220E+00  1.3371E+45  2.1891E+44  1.0164E+44  1.0165E+45
  1.1890E+00  1.3140E+45  2.7442E+44  1.0780E+44  9.3183E+44
  1.2590E+00  1.3042E+45  3.3578E+44  1.1323E+44  8.5520E+44
  1.3340E+00  1.3037E+45  4.0176E+44  1.1786E+44  7.8411E+44
  1.4130E+00  1.3083E+45  4.6771E+44  1.2129E+44  7.1927E+44
  1.4960E+00  1.3152E+45  5.3173E+44  1.2318E+44  6.6026E+44
  1.5850E+00  1.3227E+45  5.9389E+44  1.2334E+44  6.0543E+44
  1.6790E+00  1.3268E+45  6.5016E+44  1.2138E+44  5.5530E+44
  1.7780E+00  1.3242E+45  6.9759E+44  1.1709E+44  5.0957E+44
  1.8840E+00  1.3138E+45  7.3593E+44  1.1067E+44  4.6719E+44
  1.9950E+00  1.2936E+45  7.6247E+44  1.0242E+44  4.2875E+44
  2.1130E+00  1.2634E+45  7.7718E+44  9.2870E+43  3.9333E+44
  2.2390E+00  1.2225E+45  7.7928E+44  8.2582E+43  3.6061E+44
  2.3710E+00  1.1723E+45  7.6923E+44  7.2110E+43  3.3092E+44
  2.5120E+00  1.1146E+45  7.4920E+44  6.2002E+43  3.0344E+44
  2.6610E+00  1.0511E+45  7.2019E+44  5.2570E+43  2.7832E+44
  2.8180E+00  9.8310E+44  6.8371E+44  4.4014E+43  2.5538E+44
  2.9850E+00  9.1300E+44  6.4228E+44  3.6457E+43  2.3426E+44
  3.1620E+00  8.4199E+44  5.9721E+44  2.9915E+43  2.1487E+44
  3.3500E+00  7.7331E+44  5.5193E+44  2.4342E+43  1.9704E+44
  3.5480E+00  7.0604E+44  5.0558E+44  1.9676E+43  1.8078E+44
  3.7580E+00  6.4206E+44  4.6042E+44  1.5801E+43  1.6583E+44
  3.9810E+00  5.8168E+44  4.1697E+44  1.2611E+43  1.5210E+44
  4.2170E+00  5.2531E+44  3.7578E+44  1.0012E+43  1.3951E+44
  4.4670E+00  4.7309E+44  3.3722E+44  7.9075E+42  1.2796E+44
  4.7320E+00  4.2520E+44  3.0163E+44  6.2047E+42  1.1737E+44
  5.0120E+00  3.8187E+44  2.6911E+44  4.8403E+42  1.0791E+44
  5.3090E+00  3.3916E+44  2.3942E+44  3.7153E+42  9.6024E+43
  5.6230E+00  3.0029E+44  2.1266E+44  2.8200E+42  8.4805E+43
  5.9570E+00  2.6519E+44  1.8876E+44  2.1145E+42  7.4316E+43
  6.3100E+00  2.3280E+44  1.6652E+44  1.5680E+42  6.4710E+43
  6.6830E+00  2.0543E+44  1.4826E+44  1.1554E+42  5.6014E+43
  7.0790E+00  1.8030E+44  1.3127E+44  8.3955E+41  4.8190E+43
  7.4990E+00  1.6018E+44  1.1839E+44  5.6215E+41  4.1229E+43
  7.9430E+00  1.5223E+44  1.1682E+44  2.9240E+41  3.5109E+43
  8.4140E+00  1.5420E+44  1.2430E+44  1.4937E+41  2.9752E+43
  8.9130E+00  1.5277E+44  1.2757E+44  9.4694E+40  2.5104E+43
  9.4410E+00  1.4805E+44  1.2688E+44  7.1463E+40  2.1101E+43
  1.0000E+01  1.2821E+44  1.1048E+44  5.9564E+40  1.7671E+43
  1.0590E+01  1.0847E+44  9.3658E+43  5.0515E+40  1.4758E+43
  1.1220E+01  8.9976E+43  7.7667E+43  4.1912E+40  1.2267E+43
  1.1890E+01  7.4919E+43  6.4725E+43  3.4460E+40  1.0159E+43
  1.2590E+01  6.2996E+43  5.4556E+43  2.8270E+40  8.4119E+42
  1.3340E+01  5.3579E+43  4.6625E+43  2.2704E+40  6.9319E+42
  1.4130E+01  4.7153E+43  4.1431E+43  1.7024E+40  5.7050E+42
  1.4960E+01  4.4551E+43  3.9848E+43  1.1594E+40  4.6919E+42
  1.5850E+01  4.3236E+43  3.9387E+43  8.0796E+39  3.8414E+42
  1.6790E+01  4.2465E+43  3.9318E+43  5.9319E+39  3.1409E+42
  1.7780E+01  4.1528E+43  3.8957E+43  4.6756E+39  2.5663E+42
  1.8840E+01  4.0001E+43  3.7909E+43  3.9304E+39  2.0888E+42
  1.9950E+01  3.8018E+43  3.6313E+43  3.4168E+39  1.7013E+42
  2.1130E+01  3.6315E+43  3.4929E+43  2.9354E+39  1.3827E+42
  2.2390E+01  3.5080E+43  3.3957E+43  2.5081E+39  1.1203E+42
  2.3710E+01  3.4170E+43  3.3259E+43  2.1287E+39  9.0864E+41
  2.5120E+01  3.3437E+43  3.2700E+43  1.8005E+39  7.3479E+41
  2.6610E+01  3.2763E+43  3.2168E+43  1.5106E+39  5.9383E+41
  2.8180E+01  3.2074E+43  3.1592E+43  1.2594E+39  4.7994E+41
  2.9850E+01  3.1283E+43  3.0895E+43  1.0419E+39  3.8717E+41
  3.1620E+01  3.0327E+43  3.0014E+43  8.5331E+38  3.1199E+41
  3.3500E+01  2.9180E+43  2.8928E+43  6.9135E+38  2.5106E+41
  3.5480E+01  2.7843E+43  2.7640E+43  5.5370E+38  2.0210E+41
  3.7580E+01  2.6309E+43  2.6146E+43  4.3830E+38  1.6253E+41
  3.9810E+01  2.4562E+43  2.4432E+43  3.4297E+38  1.3054E+41
  4.2170E+01  2.2664E+43  2.2559E+43  2.6464E+38  1.0479E+41
  4.4670E+01  2.0659E+43  2.0575E+43  2.0097E+38  8.4074E+40
  4.7320E+01  1.8603E+43  1.8536E+43  1.5019E+38  6.7400E+40
  5.0120E+01  1.6547E+43  1.6492E+43  1.1043E+38  5.4034E+40
  5.3090E+01  1.4531E+43  1.4488E+43  7.9881E+37  4.3282E+40
  5.6230E+01  1.2608E+43  1.2574E+43  5.6861E+37  3.4667E+40
  5.9570E+01  1.0801E+43  1.0774E+43  3.9824E+37  2.7728E+40
  6.3100E+01  9.1480E+42  9.1258E+42  2.7480E+37  2.2180E+40
  6.6830E+01  7.6616E+42  7.6438E+42  1.8695E+37  1.7744E+40
  7.0790E+01  6.3489E+42  6.3347E+42  1.2546E+37  1.4183E+40
  7.4990E+01  5.2063E+42  5.1950E+42  8.3116E+36  1.1329E+40
  7.9430E+01  4.2296E+42  4.2205E+42  5.4434E+36  9.0505E+39
  8.4140E+01  3.4052E+42  3.3980E+42  3.5248E+36  7.2256E+39
  8.9130E+01  2.7201E+42  2.7143E+42  2.2607E+36  5.7665E+39
  9.4410E+01  2.1563E+42  2.1517E+42  1.4367E+36  4.6021E+39
  1.0000E+02  1.6971E+42  1.6935E+42  9.0525E+35  3.6722E+39
  1.0590E+02  1.3279E+42  1.3250E+42  5.6646E+35  2.9317E+39
  1.1220E+02  1.0330E+42  1.0306E+42  3.5184E+35  2.3358E+39
  1.1890E+02  8.0049E+41  7.9863E+41  2.1750E+35  1.8590E+39
  1.2590E+02  6.2066E+41  6.1918E+41  1.3444E+35  1.4838E+39
  1.3340E+02  4.8060E+41  4.7942E+41  8.3045E+34  1.1811E+39
  1.4130E+02  3.6867E+41  3.6773E+41  5.0982E+34  9.4117E+38
  1.4960E+02  2.7734E+41  2.7659E+41  3.0655E+34  7.5121E+38
  1.5850E+02  2.0672E+41  2.0612E+41  1.8205E+34  5.9781E+38
  1.7780E+02  1.1474E+41  1.1436E+41  6.3948E+33  3.7942E+38
  1.9950E+02  6.3169E+40  6.2928E+40  2.2253E+33  2.4043E+38
  2.2390E+02  3.4434E+40  3.4282E+40  7.6649E+32  1.5216E+38
  2.5120E+02  1.8620E+40  1.8524E+40  2.6178E+32  9.6376E+37
  2.8180E+02  9.9875E+39  9.9265E+39  8.8672E+31  6.1043E+37
  3.1620E+02  5.3149E+39  5.2763E+39  2.9795E+31  3.8617E+37
  3.5480E+02  2.8112E+39  2.7868E+39  9.9478E+30  2.4421E+37
  3.9810E+02  1.4788E+39  1.4634E+39  3.3042E+30  1.5442E+37
  4.4670E+02  7.7424E+38  7.6448E+38  1.0924E+30  9.7603E+36
  5.0120E+02  4.0385E+38  3.9768E+38  3.5991E+29  6.1695E+36
  5.6230E+02  2.1005E+38  2.0615E+38  1.1824E+29  3.9003E+36
  6.3100E+02  1.0886E+38  1.0640E+38  3.8732E+28  2.4629E+36
  7.0790E+02  5.6358E+37  5.4801E+37  1.2680E+28  1.5568E+36
  7.9430E+02  2.9112E+37  2.8128E+37  4.1442E+27  9.8325E+35
  8.9130E+02  1.5019E+37  1.4398E+37  1.3538E+27  6.2077E+35
  1.0000E+03  7.7501E+36  7.3580E+36  4.4276E+26  3.9214E+35
