  1.0000E-03  2.4876E+43  0.0000E+00  4.4755E+42  2.0401E+43
  1.1220E-03  1.3901E+43  0.0000E+00  5.0564E+42  8.8442E+42
  1.2590E-03  9.0115E+42  0.0000E+00  5.3993E+42  3.6122E+42
  1.4130E-03  6.9025E+42  0.0000E+00  5.4903E+42  1.4122E+42
  1.5850E-03  6.1210E+42  0.0000E+00  5.4738E+42  6.4722E+41
  1.7780E-03  6.8660E+42  0.0000E+00  6.3308E+42  5.3527E+41
  1.9950E-03  6.2222E+42  0.0000E+00  6.1186E+42  1.0364E+41
  2.2390E-03  5.4630E+42  0.0000E+00  5.4326E+42  3.0375E+40
  2.5120E-03  6.4238E+42  0.0000E+00  6.4049E+42  1.8934E+40
  2.8180E-03  5.6917E+42  0.0000E+00  5.6900E+42  1.7369E+39
  3.1620E-03  4.9184E+42  0.0000E+00  4.9182E+42  2.0614E+38
  3.5480E-03  4.2085E+42  0.0000E+00  4.2085E+42  2.7896E+37
  3.9810E-03  3.6166E+42  0.0000E+00  3.6166E+42  4.5851E+36
  4.4670E-03  2.0780E+43  0.0000E+00  2.0770E+43  1.0233E+40
  5.0120E-03  1.7632E+43  0.0000E+00  1.7631E+43  7.7512E+38
  5.6230E-03  1.4386E+43  0.0000E+00  1.4386E+43  6.0111E+37
  5.9570E-03  1.2929E+43  0.0000E+00  1.2929E+43  1.7750E+37
  6.6830E-03  1.0607E+43  0.0000E+00  1.0607E+43  2.0295E+36
  7.4990E-03  9.0279E+42  0.0000E+00  9.0279E+42  3.7255E+35
  8.4140E-03  7.5104E+42  0.0000E+00  7.5104E+42  4.8751E+34
  9.4410E-03  6.3715E+42  0.0000E+00  6.3715E+42  9.7035E+33
  1.0590E-02  5.5587E+42  0.0000E+00  5.5587E+42  4.8641E+33
  1.1890E-02  4.9538E+42  0.0000E+00  4.9538E+42  7.7559E+32
  1.3340E-02  4.2796E+42  0.0000E+00  4.2796E+42  2.0039E+32
  1.4960E-02  3.6539E+42  0.0000E+00  3.6539E+42  3.5122E+31
  1.6790E-02  3.1098E+42  0.0000E+00  3.1098E+42  7.2739E+30
  1.8840E-02  2.6537E+42  0.0000E+00  2.6537E+42  1.8664E+30
  2.1130E-02  2.2897E+42  0.0000E+00  2.2897E+42  3.9706E+29
  2.3710E-02  1.9426E+42  0.0000E+00  1.9426E+42  7.9018E+28
  2.6610E-02  1.6139E+42  0.0000E+00  1.6139E+42  1.3448E+28
  2.9850E-02  1.3273E+42  1.0685E-90  1.3273E+42  2.3561E+27
  3.3500E-02  1.0790E+42  3.5528E-76  1.0790E+42  4.0047E+26
  3.7580E-02  1.1125E+42  3.7560E-63  1.1125E+42  2.7122E+26
  4.2170E-02  1.0183E+42  8.4818E-52  1.0183E+42  4.5053E+25
  4.7320E-02  5.5942E+41  4.8632E-42  5.5942E+41  5.7095E+23
  5.3090E-02  2.5808E+41  1.4283E-33  2.5808E+41  2.7899E+21
  6.6830E-02  2.3326E+40  4.1303E-21  2.3326E+40  1.6557E+12
  7.4990E-02  8.7440E+39  1.4448E-16  8.7440E+39  2.1829E+06
  8.4140E-02  9.7563E+39  2.1647E-10  9.7563E+39  6.0455E+07
  9.4410E-02  1.1428E+40  5.3090E-05  1.1428E+40  6.0004E+08
  1.0590E-01  2.7894E+40  3.1597E+01  2.7894E+40  6.7670E+12
  1.1890E-01  1.0160E+41  8.7730E+06  1.0160E+41  2.5234E+17
  1.3340E-01  3.1472E+41  2.7209E+11  3.1472E+41  4.9482E+20
  1.4960E-01  6.4414E+41  1.7552E+15  6.4414E+41  6.1183E+22
  1.5850E-01  6.8987E+41  7.0611E+16  6.8987E+41  1.4031E+23
  1.7780E-01  3.8528E+41  2.1707E+19  3.8528E+41  2.6822E+22
  1.9950E-01  5.3679E+40  2.9278E+20  5.3679E+40  3.0232E+18
  2.2390E-01  1.6275E+40  5.2310E+21  1.6275E+40  1.1651E+16
  2.3710E-01  3.8549E+40  3.3734E+23  3.8549E+40  8.5079E+18
  2.5120E-01  9.6264E+40  2.1468E+25  9.6264E+40  8.2508E+21
  2.6610E-01  1.7282E+41  5.9667E+26  1.7282E+41  8.5229E+23
  2.8180E-01  2.5073E+41  9.7047E+27  2.5073E+41  2.3899E+25
  2.9850E-01  3.2809E+41  1.1233E+29  3.2809E+41  3.2713E+26
  3.1620E-01  4.1426E+41  1.0628E+30  4.1426E+41  3.3939E+27
  3.3500E-01  5.0775E+41  8.5695E+30  5.0775E+41  2.8834E+28
  3.5480E-01  6.0077E+41  5.8353E+31  6.0077E+41  1.9456E+29
  3.7580E-01  6.9900E+41  3.6440E+32  6.9900E+41  1.2730E+30
  3.9810E-01  8.0119E+41  1.9744E+33  8.0119E+41  7.0033E+30
  4.2170E-01  9.2346E+41  1.0363E+34  9.2346E+41  4.4069E+31
  4.4670E-01  1.0613E+42  4.9314E+34  1.0613E+42  2.5798E+32
  4.7320E-01  1.2080E+42  2.1799E+35  1.2080E+42  1.4423E+33
  5.0120E-01  1.3580E+42  8.9160E+35  1.3580E+42  7.5544E+33
  5.3090E-01  1.5144E+42  3.4906E+36  1.5144E+42  3.9924E+34
  5.6230E-01  1.6664E+42  1.2325E+37  1.6663E+42  1.8270E+35
  5.9570E-01  1.8131E+42  4.0346E+37  1.8131E+42  7.6587E+35
  6.3100E-01  1.9588E+42  1.2483E+38  1.9587E+42  3.0974E+36
  6.6830E-01  2.0966E+42  3.6536E+38  2.0962E+42  1.2052E+37
  7.0790E-01  2.2339E+42  1.0085E+39  2.2328E+42  4.4320E+37
  7.4990E-01  2.3606E+42  2.5854E+39  2.3579E+42  1.4795E+38
  7.9430E-01  2.4827E+42  6.2734E+39  2.4759E+42  4.6844E+38
  8.4140E-01  2.5971E+42  1.4523E+40  2.5812E+42  1.4199E+39
  8.9130E-01  2.7179E+42  3.2748E+40  2.6808E+42  4.2919E+39
  9.4410E-01  2.8374E+42  7.0274E+40  2.7549E+42  1.2231E+40
  1.0000E+00  2.9636E+42  1.4154E+41  2.7903E+42  3.1737E+40
  1.0590E+00  3.1415E+42  2.6924E+41  2.7964E+42  7.5890E+40
  1.1220E+00  3.4332E+42  4.9043E+41  2.7726E+42  1.7019E+41
  1.1890E+00  3.9372E+42  8.6038E+41  2.7152E+42  3.6162E+41
  1.2590E+00  4.8237E+42  1.4603E+42  2.6235E+42  7.3991E+41
  1.3340E+00  6.2878E+42  2.3762E+42  2.4957E+42  1.4159E+42
  1.4130E+00  8.5073E+42  3.6653E+42  2.3408E+42  2.5012E+42
  1.4960E+00  1.1717E+43  5.4096E+42  2.1657E+42  4.1417E+42
  1.5850E+00  1.6212E+43  7.7282E+42  1.9735E+42  6.5102E+42
  1.6790E+00  2.2287E+43  1.0702E+43  1.7704E+42  9.8151E+42
  1.7780E+00  3.0160E+43  1.4373E+43  1.5607E+42  1.4226E+43
  1.8840E+00  3.9899E+43  1.8772E+43  1.3498E+42  1.9777E+43
  1.9950E+00  5.1353E+43  2.3797E+43  1.1461E+42  2.6410E+43
  2.1130E+00  6.4130E+43  2.9328E+43  9.5563E+41  3.3846E+43
  2.2390E+00  7.7629E+43  3.5155E+43  7.8350E+41  4.1690E+43
  2.3710E+00  9.1199E+43  4.1027E+43  6.3331E+41  4.9539E+43
  2.5120E+00  1.0416E+44  4.6786E+43  5.0587E+41  5.6869E+43
  2.6610E+00  1.1601E+44  5.2223E+43  4.0030E+41  6.3389E+43
  2.8180E+00  1.2641E+44  5.7189E+43  3.1429E+41  6.8908E+43
  2.9850E+00  1.3513E+44  6.1650E+43  2.4524E+41  7.3231E+43
  3.1620E+00  1.4212E+44  6.5538E+43  1.9039E+41  7.6387E+43
  3.3500E+00  1.4730E+44  6.8927E+43  1.4724E+41  7.8224E+43
  3.5480E+00  1.5099E+44  7.1729E+43  1.1346E+41  7.9148E+43
  3.7580E+00  1.5320E+44  7.4017E+43  8.7090E+40  7.9094E+43
  3.9810E+00  1.5404E+44  7.5774E+43  6.6592E+40  7.8201E+43
  4.2170E+00  1.5368E+44  7.6998E+43  5.0722E+40  7.6636E+43
  4.4670E+00  1.5226E+44  7.7695E+43  3.8467E+40  7.4530E+43
  4.7320E+00  1.4982E+44  7.7838E+43  2.9018E+40  7.1949E+43
  5.0120E+00  1.4662E+44  7.7418E+43  2.1800E+40  6.9176E+43
  5.3090E+00  1.4039E+44  7.6387E+43  1.6044E+40  6.3988E+43
  5.6230E+00  1.3320E+44  7.4769E+43  1.1696E+40  5.8420E+43
  5.9570E+00  1.2528E+44  7.2627E+43  8.4461E+39  5.2643E+43
  6.3100E+00  1.1678E+44  6.9764E+43  6.0317E+39  4.7008E+43
  6.6830E+00  1.0867E+44  6.7106E+43  4.2877E+39  4.1556E+43
  7.0790E+00  1.0031E+44  6.3856E+43  3.0036E+39  3.6449E+43
  7.4990E+00  9.0498E+43  5.9562E+43  2.0596E+39  3.0934E+43
  7.9430E+00  7.5150E+43  5.2171E+43  1.3987E+39  2.2978E+43
  8.4140E+00  5.7577E+43  4.3178E+43  1.0261E+39  1.4397E+43
  8.9130E+00  4.5669E+43  3.6759E+43  8.2122E+38  8.9086E+42
  9.4410E+00  3.7710E+43  3.2167E+43  7.3549E+38  5.5426E+42
  1.0000E+01  3.6844E+43  3.1505E+43  5.7697E+38  5.3383E+42
  1.0590E+01  3.6701E+43  3.1243E+43  4.3485E+38  5.4584E+42
  1.1220E+01  3.6788E+43  3.1108E+43  3.0140E+38  5.6793E+42
  1.1890E+01  3.5529E+43  2.9988E+43  2.0649E+38  5.5403E+42
  1.2590E+01  3.3740E+43  2.8496E+43  1.3778E+38  5.2439E+42
  1.3340E+01  3.1199E+43  2.6429E+43  8.9771E+37  4.7704E+42
  1.4130E+01  2.8323E+43  2.4191E+43  5.7794E+37  4.1318E+42
  1.4960E+01  2.5645E+43  2.2334E+43  3.9651E+37  3.3112E+42
  1.5850E+01  2.3291E+43  2.0709E+43  2.8740E+37  2.5820E+42
  1.6790E+01  2.1220E+43  1.9222E+43  2.1757E+37  1.9979E+42
  1.7780E+01  1.9370E+43  1.7798E+43  1.6858E+37  1.5717E+42
  1.8840E+01  1.7643E+43  1.6362E+43  1.2874E+37  1.2804E+42
  1.9950E+01  1.5982E+43  1.4896E+43  9.3747E+36  1.0859E+42
  2.1130E+01  1.4353E+43  1.3430E+43  6.5600E+36  9.2301E+41
  2.2390E+01  1.2788E+43  1.2012E+43  4.5583E+36  7.7566E+41
  2.3710E+01  1.1329E+43  1.0680E+43  3.1466E+36  6.4888E+41
  2.5120E+01  9.9450E+42  9.4064E+42  2.1639E+36  5.3865E+41
  2.6610E+01  8.6542E+42  8.2085E+42  1.4752E+36  4.4563E+41
  2.8180E+01  7.4634E+42  7.0958E+42  1.0017E+36  3.6766E+41
  2.9850E+01  6.3626E+42  6.0604E+42  6.7519E+35  3.0217E+41
  3.1620E+01  5.3586E+42  5.1108E+42  4.5042E+35  2.4782E+41
  3.3500E+01  4.4541E+42  4.2514E+42  2.9727E+35  2.0276E+41
  3.5480E+01  3.6581E+42  3.4923E+42  1.9430E+35  1.6579E+41
  3.7580E+01  2.9648E+42  2.8294E+42  1.2550E+35  1.3538E+41
  3.9810E+01  2.3692E+42  2.2588E+42  8.0062E+34  1.1043E+41
  4.2170E+01  1.8704E+42  1.7804E+42  5.0478E+34  9.0000E+40
  4.4670E+01  1.4600E+42  1.3868E+42  3.1443E+34  7.3261E+40
  4.7320E+01  1.1282E+42  1.0687E+42  1.9383E+34  5.9540E+40
  5.0120E+01  8.6429E+41  8.1594E+41  1.1843E+34  4.8345E+40
  5.3090E+01  6.5654E+41  6.1735E+41  7.1754E+33  3.9185E+40
  5.6230E+01  4.9546E+41  4.6374E+41  4.3184E+33  3.1726E+40
  5.9570E+01  3.7126E+41  3.4563E+41  2.5807E+33  2.5625E+40
  6.3100E+01  2.7691E+41  2.5623E+41  1.5355E+33  2.0680E+40
  6.6830E+01  2.0574E+41  1.8907E+41  9.1039E+32  1.6676E+40
  7.0790E+01  1.5230E+41  1.3887E+41  5.3795E+32  1.3423E+40
  7.4990E+01  1.1237E+41  1.0158E+41  3.1704E+32  1.0790E+40
  7.9430E+01  8.2762E+40  7.4094E+40  1.8664E+32  8.6680E+39
  8.4140E+01  6.0843E+40  5.3888E+40  1.0972E+32  6.9545E+39
  8.9130E+01  4.4699E+40  3.9125E+40  6.4505E+31  5.5743E+39
  9.4410E+01  3.2828E+40  2.8362E+40  3.7938E+31  4.4658E+39
  1.0000E+02  2.4104E+40  2.0528E+40  2.2324E+31  3.5756E+39
  1.0590E+02  1.7720E+40  1.4857E+40  1.3164E+31  2.8631E+39
  1.1220E+02  1.3029E+40  1.0742E+40  7.7649E+30  2.2871E+39
  1.1890E+02  9.6031E+39  7.7787E+39  4.5930E+30  1.8244E+39
  1.2590E+02  7.1321E+39  5.6730E+39  2.7382E+30  1.4590E+39
  1.3340E+02  5.3145E+39  4.1512E+39  1.6398E+30  1.1633E+39
  1.4130E+02  3.9463E+39  3.0178E+39  9.8350E+29  9.2843E+38
  1.4960E+02  2.8938E+39  2.1516E+39  5.8400E+29  7.4222E+38
  1.5850E+02  2.1144E+39  1.5229E+39  3.4506E+29  5.9150E+38
  1.7780E+02  1.1477E+39  7.7138E+38  1.2233E+29  3.7628E+38
  1.9950E+02  6.3137E+38  3.9251E+38  4.3985E+28  2.3887E+38
  2.2390E+02  3.5116E+38  1.9979E+38  1.6007E+28  1.5137E+38
  2.5120E+02  1.9776E+38  1.0178E+38  5.8984E+27  9.5981E+37
  2.8180E+02  1.1267E+38  5.1822E+37  2.1973E+27  6.0845E+37
  3.1620E+02  6.4857E+37  2.6339E+37  8.2580E+26  3.8517E+37
  3.5480E+02  3.7748E+37  1.3377E+37  3.1299E+26  2.4371E+37
  3.9810E+02  2.2205E+37  6.7879E+36  1.1960E+26  1.5417E+37
  4.4670E+02  1.3189E+37  3.4412E+36  4.6011E+25  9.7476E+36
  5.0120E+02  7.9068E+36  1.7437E+36  1.7810E+25  6.1631E+36
  5.6230E+02  4.7804E+36  8.8328E+35  6.9299E+24  3.8971E+36
  6.3100E+02  2.9080E+36  4.4671E+35  2.7059E+24  2.4613E+36
  7.0790E+02  1.7820E+36  2.2602E+35  1.0615E+24  1.5560E+36
  7.9430E+02  1.0971E+36  1.1421E+35  4.1735E+23  9.8284E+35
  8.9130E+02  6.7822E+35  5.7658E+34  1.6444E+23  6.2057E+35
  1.0000E+03  4.2114E+35  2.9107E+34  6.4970E+22  3.9203E+35
