  1.0000E-03  8.8207E+44  0.0000E+00  5.4463E+42  8.7662E+44
  1.1220E-03  9.8984E+44  0.0000E+00  6.2607E+42  9.8357E+44
  1.2590E-03  1.1105E+45  0.0000E+00  6.8258E+42  1.1037E+45
  1.4130E-03  1.2458E+45  0.0000E+00  7.0695E+42  1.2387E+45
  1.5850E-03  1.3964E+45  0.0000E+00  7.0157E+42  1.3894E+45
  1.7780E-03  1.5662E+45  0.0000E+00  7.5925E+42  1.5586E+45
  1.9950E-03  1.7564E+45  0.0000E+00  7.5603E+42  1.7488E+45
  2.2390E-03  1.9694E+45  0.0000E+00  6.6429E+42  1.9627E+45
  2.5120E-03  2.2092E+45  0.0000E+00  7.2208E+42  2.2020E+45
  2.8180E-03  2.4770E+45  0.0000E+00  6.7481E+42  2.4702E+45
  3.1620E-03  2.7779E+45  0.0000E+00  6.0478E+42  2.7718E+45
  3.5480E-03  3.1156E+45  0.0000E+00  5.3527E+42  3.1103E+45
  3.9810E-03  3.4946E+45  0.0000E+00  4.7530E+42  3.4898E+45
  4.4670E-03  3.9600E+45  0.0000E+00  4.4177E+43  3.9158E+45
  5.0120E-03  4.4295E+45  0.0000E+00  3.5958E+43  4.3936E+45
  5.6230E-03  4.9573E+45  0.0000E+00  2.8014E+43  4.9292E+45
  5.9570E-03  5.2467E+45  0.0000E+00  2.4627E+43  5.2220E+45
  6.6830E-03  5.8780E+45  0.0000E+00  1.9473E+43  5.8585E+45
  7.4990E-03  6.5897E+45  0.0000E+00  1.5850E+43  6.5738E+45
  8.4140E-03  7.3890E+45  0.0000E+00  1.3158E+43  7.3758E+45
  9.4410E-03  8.2872E+45  0.0000E+00  1.1143E+43  8.2761E+45
  1.0590E-02  9.2928E+45  0.0000E+00  9.4777E+42  9.2833E+45
  1.1890E-02  1.0432E+46  0.0000E+00  8.7644E+42  1.0423E+46
  1.3340E-02  1.1702E+46  0.0000E+00  7.9542E+42  1.1694E+46
  1.4960E-02  1.3121E+46  0.0000E+00  7.4401E+42  1.3114E+46
  1.6790E-02  1.4726E+46  0.0000E+00  7.1098E+42  1.4718E+46
  1.8840E-02  1.6522E+46  0.0000E+00  6.9690E+42  1.6515E+46
  2.1130E-02  1.8531E+46  0.0000E+00  7.0710E+42  1.8524E+46
  2.3710E-02  2.0792E+46  0.0000E+00  7.3216E+42  2.0785E+46
  2.6610E-02  2.3334E+46  0.0000E+00  7.7285E+42  2.3326E+46
  2.9850E-02  2.6175E+46  3.8817E-83  8.2926E+42  2.6166E+46
  3.3500E-02  2.9376E+46  2.4505E-68  8.9916E+42  2.9367E+46
  3.7580E-02  3.2952E+46  3.0724E-55  9.6852E+42  3.2942E+46
  4.2170E-02  3.6979E+46  1.3226E-43  1.2350E+43  3.6967E+46
  4.7320E-02  4.1497E+46  3.4389E-33  1.4743E+43  4.1482E+46
  5.3090E-02  4.3229E+46  6.1176E-24  1.6413E+43  4.3212E+46
  6.6830E-02  4.1287E+46  2.0977E-08  1.8986E+43  4.1268E+46
  7.4990E-02  4.0349E+46  6.6288E-02  2.0405E+43  4.0328E+46
  8.4140E-02  3.9429E+46  3.2614E+04  1.8987E+43  3.9410E+46
  9.4410E-02  3.8531E+46  3.6686E+09  1.8120E+43  3.8513E+46
  1.0590E-01  3.5071E+46  9.3442E+13  1.5583E+43  3.5055E+46
  1.1890E-01  2.9478E+46  7.2664E+17  1.0831E+43  2.9467E+46
  1.3340E-01  2.4803E+46  1.6862E+21  7.7760E+42  2.4795E+46
  1.4960E-01  2.0884E+46  2.0510E+24  5.3758E+42  2.0878E+46
  1.5850E-01  1.9150E+46  6.0770E+25  4.5530E+42  1.9145E+46
  1.7780E-01  1.6118E+46  3.0582E+28  3.3558E+42  1.6114E+46
  1.9950E-01  1.3561E+46  8.1564E+30  3.2574E+42  1.3558E+46
  2.2390E-01  1.1407E+46  8.8643E+32  3.6609E+42  1.1403E+46
  2.3710E-01  1.0468E+46  6.1403E+33  3.4712E+42  1.0464E+46
  2.5120E-01  9.5988E+45  3.7880E+34  3.0149E+42  9.5958E+45
  2.6610E-01  8.8038E+45  2.1489E+35  2.5777E+42  8.8012E+45
  2.8180E-01  8.0783E+45  1.1019E+36  2.2337E+42  8.0761E+45
  2.9850E-01  7.4099E+45  5.1062E+36  1.9805E+42  7.4079E+45
  3.1620E-01  6.7965E+45  2.1185E+37  1.8049E+42  6.7947E+45
  3.3500E-01  6.2325E+45  7.9959E+37  1.6771E+42  6.2308E+45
  3.5480E-01  5.7181E+45  2.7506E+38  1.5844E+42  5.7165E+45
  3.7580E-01  5.2457E+45  8.7425E+38  1.5193E+42  5.2442E+45
  3.9810E-01  4.8112E+45  2.5524E+39  1.4826E+42  4.8097E+45
  4.2170E-01  4.4131E+45  6.8641E+39  1.4746E+42  4.4116E+45
  4.4670E-01  4.0481E+45  1.7097E+40  1.4952E+42  4.0466E+45
  4.7320E-01  3.7131E+45  4.0026E+40  1.5329E+42  3.7115E+45
  5.0120E-01  3.4065E+45  8.8300E+40  1.5814E+42  3.4048E+45
  5.3090E-01  3.1250E+45  1.8479E+41  1.6376E+42  3.1232E+45
  5.6230E-01  2.8672E+45  3.6537E+41  1.7017E+42  2.8651E+45
  5.9570E-01  2.6300E+45  6.8766E+41  1.7702E+42  2.6276E+45
  6.3100E-01  2.4134E+45  1.2324E+42  1.8440E+42  2.4103E+45
  6.6830E-01  2.2154E+45  2.1062E+42  1.9157E+42  2.2114E+45
  7.0790E-01  2.0339E+45  3.4463E+42  1.9980E+42  2.0284E+45
  7.4990E-01  1.8680E+45  5.4024E+42  2.0850E+42  1.8605E+45
  7.9430E-01  1.7169E+45  8.1355E+42  2.1795E+42  1.7066E+45
  8.4140E-01  1.5794E+45  1.1814E+43  2.2725E+42  1.5653E+45
  8.9130E-01  1.4547E+45  1.6624E+43  2.3684E+42  1.4357E+45
  9.4410E-01  1.3421E+45  2.2619E+43  2.4457E+42  1.3170E+45
  1.0000E+00  1.2404E+45  2.9765E+43  2.4916E+42  1.2081E+45
  1.0590E+00  1.1491E+45  3.7984E+43  2.5142E+42  1.1086E+45
  1.1220E+00  1.0664E+45  4.7320E+43  2.5120E+42  1.0165E+45
  1.1890E+00  9.9195E+44  5.7642E+43  2.4790E+42  9.3183E+44
  1.2590E+00  9.2616E+44  6.8545E+43  2.4116E+42  8.5520E+44
  1.3340E+00  8.6610E+44  7.9681E+43  2.3076E+42  7.8411E+44
  1.4130E+00  8.1158E+44  9.0135E+43  2.1739E+42  7.1927E+44
  1.4960E+00  7.6185E+44  9.9580E+43  2.0183E+42  6.6026E+44
  1.5850E+00  7.1531E+44  1.0803E+44  1.8449E+42  6.0543E+44
  1.6790E+00  6.7185E+44  1.1489E+44  1.6599E+42  5.5530E+44
  1.7780E+00  6.3082E+44  1.1978E+44  1.4677E+42  5.0957E+44
  1.8840E+00  5.9127E+44  1.2281E+44  1.2732E+42  4.6719E+44
  1.9950E+00  5.5367E+44  1.2384E+44  1.0842E+42  4.2875E+44
  2.1130E+00  5.1727E+44  1.2304E+44  9.0596E+41  3.9333E+44
  2.2390E+00  4.8188E+44  1.2053E+44  7.4334E+41  3.6061E+44
  2.3710E+00  4.4817E+44  1.1665E+44  6.0031E+41  3.3092E+44
  2.5120E+00  4.1580E+44  1.1188E+44  4.7784E+41  3.0344E+44
  2.6610E+00  3.8518E+44  1.0648E+44  3.7583E+41  2.7832E+44
  2.8180E+00  3.5638E+44  1.0071E+44  2.9260E+41  2.5538E+44
  2.9850E+00  3.2938E+44  9.4896E+43  2.2581E+41  2.3426E+44
  3.1620E+00  3.0418E+44  8.9140E+43  1.7302E+41  2.1487E+44
  3.3500E+00  2.8100E+44  8.3827E+43  1.3180E+41  1.9704E+44
  3.5480E+00  2.5954E+44  7.8668E+43  9.9943E+40  1.8078E+44
  3.7580E+00  2.3976E+44  7.3854E+43  7.5442E+40  1.6583E+44
  3.9810E+00  2.2148E+44  6.9326E+43  5.6718E+40  1.5210E+44
  4.2170E+00  2.0460E+44  6.5051E+43  4.2494E+40  1.3951E+44
  4.4670E+00  1.8899E+44  6.0996E+43  3.1726E+40  1.2796E+44
  4.7320E+00  1.7454E+44  5.7148E+43  2.3590E+40  1.1737E+44
  5.0120E+00  1.6142E+44  5.3485E+43  1.7504E+40  1.0791E+44
  5.3090E+00  1.4600E+44  4.9961E+43  1.2662E+40  9.6024E+43
  5.6230E+00  1.3141E+44  4.6592E+43  9.0769E+39  8.4805E+43
  5.9570E+00  1.1773E+44  4.3410E+43  6.4499E+39  7.4316E+43
  6.3100E+00  1.0490E+44  4.0187E+43  4.5411E+39  6.4710E+43
  6.6830E+00  9.3532E+43  3.7516E+43  3.1799E+39  5.6014E+43
  7.0790E+00  8.3005E+43  3.4813E+43  2.1993E+39  4.8190E+43
  7.4990E+00  7.3842E+43  3.2611E+43  1.4927E+39  4.1229E+43
  7.9430E+00  6.7377E+43  3.2267E+43  1.0021E+39  3.5109E+43
  8.4140E+00  6.3617E+43  3.3864E+43  7.1203E+38  2.9752E+43
  8.9130E+00  6.0281E+43  3.5177E+43  5.4634E+38  2.5104E+43
  9.4410E+00  5.7135E+43  3.6034E+43  4.7071E+38  2.1101E+43
  1.0000E+01  5.0714E+43  3.3043E+43  3.6914E+38  1.7671E+43
  1.0590E+01  4.4296E+43  2.9538E+43  2.8058E+38  1.4758E+43
  1.1220E+01  3.8211E+43  2.5944E+43  1.9759E+38  1.2267E+43
  1.1890E+01  3.2940E+43  2.2781E+43  1.3742E+38  1.0159E+43
  1.2590E+01  2.8664E+43  2.0252E+43  9.3572E+37  8.4119E+42
  1.3340E+01  2.5136E+43  1.8204E+43  6.2516E+37  6.9319E+42
  1.4130E+01  2.2560E+43  1.6855E+43  4.1275E+37  5.7050E+42
  1.4960E+01  2.1243E+43  1.6551E+43  2.8664E+37  4.6919E+42
  1.5850E+01  2.0465E+43  1.6624E+43  2.1060E+37  3.8414E+42
  1.6790E+01  2.0011E+43  1.6870E+43  1.6277E+37  3.1409E+42
  1.7780E+01  1.9606E+43  1.7040E+43  1.3032E+37  2.5663E+42
  1.8840E+01  1.8996E+43  1.6908E+43  1.0445E+37  2.0888E+42
  1.9950E+01  1.8131E+43  1.6429E+43  8.0947E+36  1.7013E+42
  2.1130E+01  1.7297E+43  1.5915E+43  6.0805E+36  1.3827E+42
  2.2390E+01  1.6576E+43  1.5456E+43  4.5585E+36  1.1203E+42
  2.3710E+01  1.5908E+43  1.4999E+43  3.4044E+36  9.0864E+41
  2.5120E+01  1.5210E+43  1.4475E+43  2.5376E+36  7.3479E+41
  2.6610E+01  1.4445E+43  1.3851E+43  1.8756E+36  5.9383E+41
  2.8180E+01  1.3590E+43  1.3110E+43  1.3783E+36  4.7994E+41
  2.9850E+01  1.2621E+43  1.2233E+43  1.0032E+36  3.8717E+41
  3.1620E+01  1.1543E+43  1.1231E+43  7.2036E+35  3.1199E+41
  3.3500E+01  1.0380E+43  1.0129E+43  5.0976E+35  2.5106E+41
  3.5480E+01  9.1780E+42  8.9759E+42  3.5551E+35  2.0210E+41
  3.7580E+01  7.9720E+42  7.8094E+42  2.4401E+35  1.6253E+41
  3.9810E+01  6.7966E+42  6.6660E+42  1.6479E+35  1.3054E+41
  4.2170E+01  5.6995E+42  5.5947E+42  1.0955E+35  1.0479E+41
  4.4670E+01  4.7070E+42  4.6229E+42  7.1695E+34  8.4074E+40
  4.7320E+01  3.8345E+42  3.7671E+42  4.6274E+34  6.7400E+40
  5.0120E+01  3.0857E+42  3.0317E+42  2.9498E+34  5.4034E+40
  5.3090E+01  2.4543E+42  2.4110E+42  1.8585E+34  4.3282E+40
  5.6230E+01  1.9332E+42  1.8985E+42  1.1593E+34  3.4667E+40
  5.9570E+01  1.5078E+42  1.4800E+42  7.1592E+33  2.7728E+40
  6.3100E+01  1.1671E+42  1.1449E+42  4.3879E+33  2.2180E+40
  6.6830E+01  8.9729E+41  8.7954E+41  2.6716E+33  1.7744E+40
  7.0790E+01  6.8551E+41  6.7133E+41  1.6164E+33  1.4183E+40
  7.4990E+01  5.2065E+41  5.0932E+41  9.7256E+32  1.1329E+40
  7.9430E+01  3.9363E+41  3.8458E+41  5.8272E+32  9.0505E+39
  8.4140E+01  2.9627E+41  2.8905E+41  3.4763E+32  7.2256E+39
  8.9130E+01  2.2227E+41  2.1651E+41  2.0681E+32  5.7665E+39
  9.4410E+01  1.6625E+41  1.6165E+41  1.2271E+32  4.6021E+39
  1.0000E+02  1.2399E+41  1.2032E+41  7.2637E+31  3.6722E+39
  1.0590E+02  9.2338E+40  8.9407E+40  4.2964E+31  2.9317E+39
  1.1220E+02  6.8630E+40  6.6294E+40  2.5361E+31  2.3358E+39
  1.1890E+02  5.1036E+40  4.9177E+40  1.4986E+31  1.8590E+39
  1.2590E+02  3.8172E+40  3.6688E+40  8.9115E+30  1.4838E+39
  1.3340E+02  2.8627E+40  2.7446E+40  5.3218E+30  1.1811E+39
  1.4130E+02  2.1298E+40  2.0357E+40  3.1670E+30  9.4117E+38
  1.4960E+02  1.5518E+40  1.4767E+40  1.8476E+30  7.5121E+38
  1.5850E+02  1.1225E+40  1.0627E+40  1.0683E+30  5.9781E+38
  1.7780E+02  5.9337E+39  5.5542E+39  3.6107E+29  3.7942E+38
  1.9950E+02  3.1480E+39  2.9075E+39  1.2291E+29  2.4043E+38
  2.2390E+02  1.6700E+39  1.5179E+39  4.2034E+28  1.5216E+38
  2.5120E+02  8.8716E+38  7.9079E+38  1.4463E+28  9.6376E+37
  2.8180E+02  4.7173E+38  4.1069E+38  5.0066E+27  6.1043E+37
  3.1620E+02  2.5106E+38  2.1245E+38  1.7437E+27  3.8617E+37
  3.5480E+02  1.3401E+38  1.0959E+38  6.1196E+26  2.4421E+37
  3.9810E+02  7.1829E+37  5.6387E+37  2.1675E+26  1.5442E+37
  4.4670E+02  3.8699E+37  2.8939E+37  7.7503E+25  9.7603E+36
  5.0120E+02  2.0994E+37  1.4824E+37  2.8000E+25  6.1695E+36
  5.6230E+02  1.1482E+37  7.5821E+36  1.0221E+25  3.9003E+36
  6.3100E+02  6.3306E+36  3.8677E+36  3.7667E+24  2.4629E+36
  7.0790E+02  3.5287E+36  1.9719E+36  1.4033E+24  1.5568E+36
  7.9430E+02  1.9864E+36  1.0032E+36  5.2724E+23  9.8325E+35
  8.9130E+02  1.1303E+36  5.0950E+35  1.9973E+23  6.2077E+35
  1.0000E+03  6.5072E+35  2.5859E+35  7.6301E+22  3.9214E+35
