  1.0000E-03  7.7824E+44  0.0000E+00  1.6421E+42  7.7660E+44
  1.1220E-03  8.4708E+44  0.0000E+00  2.1108E+42  8.4497E+44
  1.2590E-03  9.2014E+44  0.0000E+00  2.5816E+42  9.1756E+44
  1.4130E-03  9.9800E+44  0.0000E+00  3.0281E+42  9.9497E+44
  1.5850E-03  1.0869E+45  0.0000E+00  3.4506E+42  1.0835E+45
  1.7780E-03  1.2060E+45  0.0000E+00  4.3264E+42  1.2016E+45
  1.9950E-03  1.2783E+45  0.0000E+00  5.2069E+42  1.2731E+45
  2.2390E-03  1.3720E+45  0.0000E+00  5.6112E+42  1.3664E+45
  2.5120E-03  1.5086E+45  0.0000E+00  7.4096E+42  1.5012E+45
  2.8180E-03  1.5609E+45  0.0000E+00  8.7152E+42  1.5522E+45
  3.1620E-03  1.6283E+45  0.0000E+00  9.7134E+42  1.6186E+45
  3.5480E-03  1.7057E+45  0.0000E+00  1.0532E+43  1.6952E+45
  3.9810E-03  1.7978E+45  0.0000E+00  1.1184E+43  1.7867E+45
  4.4670E-03  2.6185E+45  0.0000E+00  1.7980E+43  2.6006E+45
  5.0120E-03  2.6904E+45  0.0000E+00  2.1856E+43  2.6685E+45
  5.6230E-03  2.7650E+45  0.0000E+00  2.5394E+43  2.7396E+45
  5.9570E-03  2.8087E+45  0.0000E+00  2.7012E+43  2.7817E+45
  6.6830E-03  2.9222E+45  0.0000E+00  2.9972E+43  2.8922E+45
  7.4990E-03  3.0867E+45  0.0000E+00  3.2917E+43  3.0538E+45
  8.4140E-03  3.2266E+45  0.0000E+00  3.5877E+43  3.1907E+45
  9.4410E-03  3.4174E+45  0.0000E+00  3.8420E+43  3.3790E+45
  1.0590E-02  3.7233E+45  0.0000E+00  3.9665E+43  3.6836E+45
  1.1890E-02  3.9213E+45  0.0000E+00  4.4504E+43  3.8768E+45
  1.3340E-02  4.1871E+45  0.0000E+00  4.7220E+43  4.1399E+45
  1.4960E-02  4.4157E+45  0.0000E+00  5.0719E+43  4.3649E+45
  1.6790E-02  4.6838E+45  0.0000E+00  5.3782E+43  4.6301E+45
  1.8840E-02  4.9999E+45  0.0000E+00  5.6451E+43  4.9434E+45
  2.1130E-02  5.3048E+45  0.0000E+00  6.0334E+43  5.2445E+45
  2.3710E-02  5.6179E+45  0.0000E+00  6.3885E+43  5.5540E+45
  2.6610E-02  5.9203E+45  0.0000E+00  6.7228E+43  5.8531E+45
  2.9850E-02  6.2402E+45  1.7336E-83  7.0231E+43  6.1700E+45
  3.3500E-02  6.5729E+45  1.0539E-68  7.2904E+43  6.5000E+45
  3.7580E-02  7.2523E+45  1.3028E-55  7.9136E+43  7.1731E+45
  4.2170E-02  7.6406E+45  5.3737E-44  9.0455E+43  7.5502E+45
  4.7320E-02  7.3711E+45  1.2594E-33  8.7892E+43  7.2832E+45
  5.3090E-02  6.4103E+45  1.9596E-24  7.6577E+43  6.3337E+45
  6.6830E-02  3.0196E+45  3.9146E-09  3.7965E+43  2.9816E+45
  7.4990E-02  1.8693E+45  8.8570E-03  2.1452E+43  1.8479E+45
  8.4140E-02  2.0495E+45  5.0935E+03  2.3995E+43  2.0255E+45
  9.4410E-02  2.1719E+45  6.5229E+08  2.6628E+43  2.1453E+45
  1.0590E-01  2.7314E+45  2.4078E+13  3.8157E+43  2.6933E+45
  1.1890E-01  3.3075E+45  2.4534E+17  4.9329E+43  3.2582E+45
  1.3340E-01  3.6283E+45  6.1313E+20  5.6915E+43  3.5714E+45
  1.4960E-01  3.6273E+45  7.9571E+23  5.6399E+43  3.5709E+45
  1.5850E-01  3.4309E+45  2.4029E+25  5.3202E+43  3.3777E+45
  1.7780E-01  2.7304E+45  1.2039E+28  4.1932E+43  2.6885E+45
  1.9950E-01  1.6813E+45  2.7817E+30  2.2757E+43  1.6586E+45
  2.2390E-01  1.1678E+45  2.9465E+32  1.4407E+43  1.1534E+45
  2.3710E-01  1.3412E+45  2.3842E+33  1.7522E+43  1.3237E+45
  2.5120E-01  1.5531E+45  1.6637E+34  2.0550E+43  1.5326E+45
  2.6610E-01  1.6676E+45  1.0188E+35  2.1615E+43  1.6460E+45
  2.8180E-01  1.7137E+45  5.5199E+35  2.1384E+43  1.6923E+45
  2.9850E-01  1.7186E+45  2.6717E+36  2.0660E+43  1.6980E+45
  3.1620E-01  1.7075E+45  1.1534E+37  1.9841E+43  1.6877E+45
  3.3500E-01  1.6848E+45  4.5218E+37  1.8919E+43  1.6659E+45
  3.5480E-01  1.6503E+45  1.6132E+38  1.7890E+43  1.6324E+45
  3.7580E-01  1.6143E+45  5.3219E+38  1.6803E+43  1.5975E+45
  3.9810E-01  1.5700E+45  1.6087E+39  1.5765E+43  1.5542E+45
  4.2170E-01  1.5333E+45  4.4879E+39  1.4734E+43  1.5186E+45
  4.4670E-01  1.4942E+45  1.1579E+40  1.3783E+43  1.4804E+45
  4.7320E-01  1.4537E+45  2.8061E+40  1.2836E+43  1.4408E+45
  5.0120E-01  1.4115E+45  6.4012E+40  1.1894E+43  1.3995E+45
  5.3090E-01  1.3706E+45  1.3850E+41  1.0953E+43  1.3595E+45
  5.6230E-01  1.3250E+45  2.8254E+41  1.0075E+43  1.3147E+45
  5.9570E-01  1.2771E+45  5.4801E+41  9.2392E+42  1.2673E+45
  6.3100E-01  1.2299E+45  1.0112E+42  8.4384E+42  1.2205E+45
  6.6830E-01  1.1835E+45  1.7779E+42  7.6673E+42  1.1741E+45
  7.0790E-01  1.1371E+45  2.9883E+42  6.9504E+42  1.1272E+45
  7.4990E-01  1.0898E+45  4.8041E+42  6.2858E+42  1.0787E+45
  7.9430E-01  1.0438E+45  7.4039E+42  5.6615E+42  1.0308E+45
  8.4140E-01  9.9955E+44  1.0987E+43  5.0737E+42  9.8349E+44
  8.9130E-01  9.5862E+44  1.5753E+43  4.5143E+42  9.3835E+44
  9.4410E-01  9.1945E+44  2.1809E+43  3.9933E+42  8.9364E+44
  1.0000E+00  8.8119E+44  2.9188E+43  3.5147E+42  8.4849E+44
  1.0590E+00  8.4464E+44  3.7841E+43  3.0821E+42  8.0372E+44
  1.1220E+00  8.0977E+44  4.7839E+43  2.6857E+42  7.5925E+44
  1.1890E+00  7.7716E+44  5.9068E+43  2.3205E+42  7.1577E+44
  1.2590E+00  7.4776E+44  7.1028E+43  1.9828E+42  6.7475E+44
  1.3340E+00  7.1938E+44  8.3627E+43  1.6803E+42  6.3408E+44
  1.4130E+00  6.9207E+44  9.6099E+43  1.4189E+42  5.9455E+44
  1.4960E+00  6.6601E+44  1.0815E+44  1.1920E+42  5.5667E+44
  1.5850E+00  6.4071E+44  1.1996E+44  9.9232E+41  5.1976E+44
  1.6790E+00  6.1629E+44  1.3072E+44  8.1690E+41  4.8475E+44
  1.7780E+00  5.9236E+44  1.3998E+44  6.6349E+41  4.5172E+44
  1.8840E+00  5.6848E+44  1.4796E+44  5.3088E+41  4.1999E+44
  1.9950E+00  5.4489E+44  1.5414E+44  4.1877E+41  3.9033E+44
  2.1130E+00  5.2115E+44  1.5868E+44  3.2578E+41  3.6214E+44
  2.2390E+00  4.9703E+44  1.6144E+44  2.5021E+41  3.3534E+44
  2.3710E+00  4.7290E+44  1.6229E+44  1.9015E+41  3.1042E+44
  2.5120E+00  4.4860E+44  1.6165E+44  1.4325E+41  2.8681E+44
  2.6610E+00  4.2434E+44  1.5943E+44  1.0716E+41  2.6480E+44
  2.8180E+00  4.0011E+44  1.5566E+44  7.9656E+40  2.4437E+44
  2.9850E+00  3.7606E+44  1.5073E+44  5.8909E+40  2.2528E+44
  3.1620E+00  3.5226E+44  1.4469E+44  4.3364E+40  2.0753E+44
  3.3500E+00  3.2931E+44  1.3826E+44  3.1842E+40  1.9102E+44
  3.5480E+00  3.0675E+44  1.3089E+44  2.3291E+40  1.7583E+44
  3.7580E+00  2.8498E+44  1.2320E+44  1.6986E+40  1.6176E+44
  3.9810E+00  2.6407E+44  1.1532E+44  1.2355E+40  1.4874E+44
  4.2170E+00  2.4407E+44  1.0733E+44  8.9639E+39  1.3674E+44
  4.4670E+00  2.2504E+44  9.9369E+43  6.4874E+39  1.2567E+44
  4.7320E+00  2.0716E+44  9.1692E+43  4.6840E+39  1.1546E+44
  5.0120E+00  1.9072E+44  8.4394E+43  3.3809E+39  1.0632E+44
  5.3090E+00  1.7222E+44  7.7485E+43  2.3910E+39  9.4731E+43
  5.6230E+00  1.5485E+44  7.1094E+43  1.6809E+39  8.3757E+43
  5.9570E+00  1.3877E+44  6.5301E+43  1.1756E+39  7.3468E+43
  6.3100E+00  1.2354E+44  5.9511E+43  8.1503E+38  6.4026E+43
  6.6830E+00  1.1024E+44  5.4777E+43  5.6414E+38  5.5462E+43
  7.0790E+00  9.7759E+43  5.0013E+43  3.8559E+38  4.7746E+43
  7.4990E+00  8.9507E+43  4.8665E+43  2.6906E+38  4.0841E+43
  7.9430E+00  9.6288E+43  6.1657E+43  2.2189E+38  3.4631E+43
  8.4140E+00  1.1824E+44  8.9165E+43  2.2425E+38  2.9070E+43
  8.9130E+00  1.3633E+44  1.1204E+44  2.2765E+38  2.4290E+43
  9.4410E+00  1.4922E+44  1.2899E+44  2.4349E+38  2.0225E+43
  1.0000E+01  1.2543E+44  1.0841E+44  1.7442E+38  1.7012E+43
  1.0590E+01  9.9720E+43  8.5420E+43  1.1437E+38  1.4299E+43
  1.1220E+01  7.5536E+43  6.3566E+43  6.6446E+37  1.1970E+43
  1.1890E+01  5.7941E+43  4.7977E+43  3.9219E+37  9.9649E+42
  1.2590E+01  4.4569E+43  3.6283E+43  2.2722E+37  8.2859E+42
  1.3340E+01  3.4779E+43  2.7930E+43  1.3158E+37  6.8495E+42
  1.4130E+01  2.8712E+43  2.3065E+43  7.9217E+36  5.6462E+42
  1.4960E+01  2.6939E+43  2.2299E+43  5.5892E+36  4.6399E+42
  1.5850E+01  2.6170E+43  2.2377E+43  4.2619E+36  3.7930E+42
  1.6790E+01  2.5563E+43  2.2467E+43  3.3990E+36  3.0959E+42
  1.7780E+01  2.4293E+43  2.1767E+43  2.7159E+36  2.5265E+42
  1.8840E+01  2.1858E+43  1.9802E+43  2.0582E+36  2.0564E+42
  1.9950E+01  1.8626E+43  1.6949E+43  1.4326E+36  1.6771E+42
  2.1130E+01  1.5688E+43  1.4323E+43  9.5420E+35  1.3649E+42
  2.2390E+01  1.3297E+43  1.2189E+43  6.3692E+35  1.1072E+42
  2.3710E+01  1.1328E+43  1.0429E+43  4.2531E+35  8.9887E+41
  2.5120E+01  9.6554E+42  8.9279E+42  2.8479E+35  7.2748E+41
  2.6610E+01  8.2118E+42  7.6235E+42  1.8989E+35  5.8836E+41
  2.8180E+01  6.9644E+42  6.4886E+42  1.2668E+35  4.7582E+41
  2.9850E+01  5.8658E+42  5.4817E+42  8.4195E+34  3.8407E+41
  3.1620E+01  4.8945E+42  4.5849E+42  5.5506E+34  3.0966E+41
  3.3500E+01  4.0400E+42  3.7907E+42  3.6274E+34  2.4932E+41
  3.5480E+01  3.3004E+42  3.0996E+42  2.3516E+34  2.0080E+41
  3.7580E+01  2.6623E+42  2.5008E+42  1.5077E+34  1.6156E+41
  3.9810E+01  2.1169E+42  1.9871E+42  9.5454E+33  1.2982E+41
  4.2170E+01  1.6631E+42  1.5589E+42  5.9748E+33  1.0427E+41
  4.4670E+01  1.2924E+42  1.2087E+42  3.6968E+33  8.3695E+40
  4.7320E+01  9.9478E+41  9.2766E+41  2.2653E+33  6.7127E+40
  5.0120E+01  7.5967E+41  7.0583E+41  1.3771E+33  5.3837E+40
  5.3090E+01  5.7573E+41  5.3259E+41  8.3086E+32  4.3141E+40
  5.6230E+01  4.3385E+41  3.9929E+41  4.9848E+32  3.4567E+40
  5.9570E+01  3.2491E+41  2.9725E+41  2.9727E+32  2.7656E+40
  6.3100E+01  2.4241E+41  2.2028E+41  1.7667E+32  2.2130E+40
  6.6830E+01  1.8029E+41  1.6258E+41  1.0473E+32  1.7708E+40
  7.0790E+01  1.3369E+41  1.1954E+41  6.1925E+31  1.4157E+40
  7.4990E+01  9.8881E+40  8.7570E+40  3.6548E+31  1.1311E+40
  7.9430E+01  7.3040E+40  6.4003E+40  2.1562E+31  9.0376E+39
  8.4140E+01  5.3879E+40  4.6662E+40  1.2710E+31  7.2165E+39
  8.9130E+01  3.9732E+40  3.3972E+40  7.4971E+30  5.7601E+39
  9.4410E+01  2.9298E+40  2.4700E+40  4.4255E+30  4.5976E+39
  1.0000E+02  2.1603E+40  1.7934E+40  2.6145E+30  3.6690E+39
  1.0590E+02  1.5951E+40  1.3022E+40  1.5483E+30  2.9294E+39
  1.1220E+02  1.1781E+40  9.4467E+39  9.1729E+29  2.3341E+39
  1.1890E+02  8.7212E+39  6.8633E+39  5.4494E+29  1.8579E+39
  1.2590E+02  6.5032E+39  5.0202E+39  3.2618E+29  1.4830E+39
  1.3340E+02  4.8636E+39  3.6830E+39  1.9603E+29  1.1805E+39
  1.4130E+02  3.6260E+39  2.6853E+39  1.1808E+29  9.4075E+38
  1.4960E+02  2.6731E+39  1.9222E+39  7.0539E+28  7.5091E+38
  1.5850E+02  1.9637E+39  1.3661E+39  4.1935E+28  5.9760E+38
  1.7780E+02  1.0761E+39  6.9675E+38  1.5029E+28  3.7932E+38
  1.9950E+02  5.9707E+38  3.5669E+38  5.4567E+27  2.4038E+38
  2.2390E+02  3.3469E+38  1.8256E+38  2.0035E+27  1.5213E+38
  2.5120E+02  1.8983E+38  9.3471E+37  7.4421E+26  9.6363E+37
  2.8180E+02  1.0885E+38  4.7809E+37  2.7924E+26  6.1037E+37
  3.1620E+02  6.3015E+37  2.4401E+37  1.0561E+26  3.8614E+37
  3.5480E+02  3.6859E+37  1.2439E+37  4.0245E+25  2.4419E+37
  3.9810E+02  2.1775E+37  6.3338E+36  1.5450E+25  1.5441E+37
  4.4670E+02  1.2981E+37  3.2208E+36  5.9670E+24  9.7599E+36
  5.0120E+02  7.8057E+36  1.6364E+36  2.3173E+24  6.1693E+36
  5.6230E+02  4.7312E+36  8.3097E+35  9.0410E+23  3.9002E+36
  6.3100E+02  2.8841E+36  4.2117E+35  3.5380E+23  2.4629E+36
  7.0790E+02  1.7703E+36  2.1351E+35  1.3905E+23  1.5568E+36
  7.9430E+02  1.0913E+36  1.0807E+35  5.4748E+22  9.8324E+35
  8.9130E+02  6.7540E+35  5.4640E+34  2.1597E+22  6.2076E+35
  1.0000E+03  4.1975E+35  2.7620E+34  8.5411E+21  3.9213E+35
