  1.0000E-03  3.5951E+44  0.0000E+00  4.1719E+41  3.5910E+44
  1.1220E-03  3.2195E+44  0.0000E+00  5.4793E+41  3.2141E+44
  1.2590E-03  2.8421E+44  0.0000E+00  6.8609E+41  2.8353E+44
  1.4130E-03  2.4825E+44  0.0000E+00  8.2543E+41  2.4743E+44
  1.5850E-03  2.2483E+44  0.0000E+00  9.6401E+41  2.2387E+44
  1.7780E-03  2.3372E+44  0.0000E+00  1.2354E+42  2.3249E+44
  1.9950E-03  1.7304E+44  0.0000E+00  1.5582E+42  1.7148E+44
  2.2390E-03  1.4111E+44  0.0000E+00  1.7464E+42  1.3936E+44
  2.5120E-03  1.3753E+44  0.0000E+00  2.3983E+42  1.3513E+44
  2.8180E-03  8.6469E+43  0.0000E+00  3.0105E+42  8.3458E+43
  3.1620E-03  5.8349E+43  0.0000E+00  3.5561E+42  5.4793E+43
  3.5480E-03  4.1188E+43  0.0000E+00  4.0686E+42  3.7119E+43
  3.9810E-03  3.0876E+43  0.0000E+00  4.5323E+42  2.6344E+43
  4.4670E-03  1.9344E+44  0.0000E+00  5.3661E+42  1.8808E+44
  5.0120E-03  1.1745E+44  0.0000E+00  6.9995E+42  1.1045E+44
  5.6230E-03  7.3935E+43  0.0000E+00  8.7442E+42  6.5191E+43
  5.9570E-03  6.0426E+43  0.0000E+00  9.6337E+42  5.0793E+43
  6.6830E-03  4.4279E+43  0.0000E+00  1.1387E+43  3.2892E+43
  7.4990E-03  3.7047E+43  0.0000E+00  1.3215E+43  2.3832E+43
  8.4140E-03  3.1205E+43  0.0000E+00  1.5248E+43  1.5957E+43
  9.4410E-03  2.8956E+43  0.0000E+00  1.7156E+43  1.1800E+43
  1.0590E-02  2.9205E+43  0.0000E+00  1.8359E+43  1.0846E+43
  1.1890E-02  2.9351E+43  0.0000E+00  2.1731E+43  7.6206E+42
  1.3340E-02  3.0107E+43  0.0000E+00  2.4111E+43  5.9952E+42
  1.4960E-02  3.1529E+43  0.0000E+00  2.7227E+43  4.3028E+42
  1.6790E-02  3.3487E+43  0.0000E+00  3.0273E+43  3.2137E+42
  1.8840E-02  3.5750E+43  0.0000E+00  3.3226E+43  2.5237E+42
  2.1130E-02  3.9147E+43  0.0000E+00  3.7251E+43  1.8957E+42
  2.3710E-02  4.2802E+43  0.0000E+00  4.1400E+43  1.4018E+42
  2.6610E-02  4.6846E+43  0.0000E+00  4.5847E+43  9.9885E+41
  2.9850E-02  5.1166E+43  1.3466E-87  5.0450E+43  7.1594E+41
  3.3500E-02  5.5761E+43  5.8052E-73  5.5251E+43  5.0949E+41
  3.7580E-02  6.1116E+43  6.5389E-60  6.0609E+43  5.0686E+41
  4.2170E-02  7.3034E+43  1.9044E-48  7.2675E+43  3.5868E+41
  4.7320E-02  8.0639E+43  1.9810E-38  8.0503E+43  1.3600E+41
  5.3090E-02  8.1864E+43  1.1706E-29  8.1825E+43  3.8740E+40
  6.6830E-02  6.9755E+43  5.2819E-16  6.9755E+43  2.2411E+38
  7.4990E-02  5.7152E+43  1.1244E-10  5.7152E+43  8.3296E+36
  8.4140E-02  5.7274E+43  1.1744E-04  5.7274E+43  1.8399E+37
  9.4410E-02  5.8426E+43  2.2865E+01  5.8426E+43  3.1731E+37
  1.0590E-01  6.1928E+43  4.5007E+06  6.1928E+43  2.8578E+38
  1.1890E-01  5.7240E+43  2.9808E+11  5.7237E+43  3.2314E+39
  1.3340E-01  5.1336E+43  2.8768E+15  5.1318E+43  1.7912E+40
  1.4960E-01  4.2809E+43  9.1331E+18  4.2758E+43  5.0999E+40
  1.5850E-01  3.9469E+43  3.2657E+20  3.9410E+43  5.8402E+40
  1.7780E-01  3.4684E+43  1.2750E+23  3.4650E+43  3.3723E+40
  1.9950E-01  2.7002E+43  6.1472E+24  2.6998E+43  3.1839E+39
  2.2390E-01  2.1535E+43  2.5993E+26  2.1534E+43  7.0862E+38
  2.3710E-01  2.1790E+43  6.8540E+27  2.1787E+43  3.2569E+39
  2.5120E-01  2.1158E+43  1.6475E+29  2.1142E+43  1.6025E+40
  2.6610E-01  1.9686E+43  2.3518E+30  1.9640E+43  4.5891E+40
  2.8180E-01  1.7945E+43  2.3621E+31  1.7849E+43  9.5855E+40
  2.9850E-01  1.6320E+43  1.8670E+32  1.6151E+43  1.6834E+41
  3.1620E-01  1.4910E+43  1.2542E+33  1.4633E+43  2.7645E+41
  3.3500E-01  1.3666E+43  7.3918E+33  1.3233E+43  4.3251E+41
  3.5480E-01  1.2579E+43  3.8068E+34  1.1939E+43  6.4030E+41
  3.7580E-01  1.1666E+43  1.8052E+35  1.0726E+43  9.4010E+41
  3.9810E-01  1.0974E+43  7.6044E+35  9.6501E+42  1.3243E+42
  4.2170E-01  1.0556E+43  3.0332E+36  8.6307E+42  1.9254E+42
  4.4670E-01  1.0480E+43  1.1051E+37  7.7279E+42  2.7520E+42
  4.7320E-01  1.0784E+43  3.7537E+37  6.8939E+42  3.8896E+42
  5.0120E-01  1.1538E+43  1.1870E+38  6.1257E+42  5.4126E+42
  5.3090E-01  1.2954E+43  3.5702E+38  5.4090E+42  7.5448E+42
  5.6230E-01  1.4946E+43  9.8691E+38  4.7805E+42  1.0164E+43
  5.9570E-01  1.7625E+43  2.5555E+39  4.2165E+42  1.3406E+43
  6.3100E-01  2.1245E+43  6.2616E+39  3.7039E+42  1.7535E+43
  6.6830E-01  2.5976E+43  1.4537E+40  3.2373E+42  2.2724E+43
  7.0790E-01  3.1911E+43  3.1980E+40  2.8221E+42  2.9057E+43
  7.4990E-01  3.8834E+43  6.6219E+40  2.4561E+42  3.6312E+43
  7.9430E-01  4.7083E+43  1.3043E+41  2.1277E+42  4.4824E+43
  8.4140E-01  5.6840E+43  2.4593E+41  1.8327E+42  5.4761E+43
  8.9130E-01  6.8880E+43  4.4890E+41  1.5640E+42  6.6868E+43
  9.4410E-01  8.2628E+43  7.8468E+41  1.3265E+42  8.0517E+43
  1.0000E+00  9.7234E+43  1.3073E+42  1.1202E+42  9.4806E+43
  1.0590E+00  1.1254E+44  2.0844E+42  9.4279E+41  1.0951E+44
  1.1220E+00  1.2852E+44  3.2140E+42  7.8832E+41  1.2452E+44
  1.1890E+00  1.4522E+44  4.8082E+42  6.5347E+41  1.3976E+44
  1.2590E+00  1.6312E+44  6.9708E+42  5.3583E+41  1.5561E+44
  1.3340E+00  1.8063E+44  9.8114E+42  4.3631E+41  1.7038E+44
  1.4130E+00  1.9673E+44  1.3316E+43  3.5499E+41  1.8306E+44
  1.4960E+00  2.1156E+44  1.7523E+43  2.8813E+41  1.9375E+44
  1.5850E+00  2.2516E+44  2.2568E+43  2.3228E+41  2.0236E+44
  1.6790E+00  2.3783E+44  2.8367E+43  1.8577E+41  2.0927E+44
  1.7780E+00  2.4941E+44  3.4797E+43  1.4714E+41  2.1447E+44
  1.8840E+00  2.5942E+44  4.1860E+43  1.1522E+41  2.1745E+44
  1.9950E+00  2.6780E+44  4.9211E+43  8.9333E+40  2.1850E+44
  2.1130E+00  2.7412E+44  5.6711E+43  6.8576E+40  2.1734E+44
  2.2390E+00  2.7815E+44  6.4089E+43  5.2177E+40  2.1401E+44
  2.3710E+00  2.8004E+44  7.0942E+43  3.9433E+40  2.0906E+44
  2.5120E+00  2.7968E+44  7.7229E+43  2.9637E+40  2.0242E+44
  2.6610E+00  2.7730E+44  8.2643E+43  2.2185E+40  1.9463E+44
  2.8180E+00  2.7304E+44  8.6954E+43  1.6545E+40  1.8607E+44
  2.9850E+00  2.6708E+44  9.0202E+43  1.2301E+40  1.7687E+44
  3.1620E+00  2.5965E+44  9.2280E+43  9.1202E+39  1.6736E+44
  3.3500E+00  2.5114E+44  9.3504E+43  6.7529E+39  1.5763E+44
  3.5480E+00  2.4152E+44  9.3428E+43  4.9859E+39  1.4809E+44
  3.7580E+00  2.3115E+44  9.2455E+43  3.6729E+39  1.3869E+44
  3.9810E+00  2.2022E+44  9.0684E+43  2.6999E+39  1.2953E+44
  4.2170E+00  2.0890E+44  8.8169E+43  1.9804E+39  1.2073E+44
  4.4670E+00  1.9737E+44  8.5051E+43  1.4492E+39  1.1232E+44
  4.7320E+00  1.8589E+44  8.1590E+43  1.0581E+39  1.0430E+44
  5.0120E+00  1.7486E+44  7.7912E+43  7.7235E+38  9.6945E+43
  5.3090E+00  1.6117E+44  7.4090E+43  5.5230E+38  8.7077E+43
  5.6230E+00  1.4781E+44  7.0287E+43  3.9276E+38  7.7525E+43
  5.9570E+00  1.3505E+44  6.6653E+43  2.7802E+38  6.8399E+43
  6.3100E+00  1.2251E+44  6.2583E+43  1.9511E+38  5.9924E+43
  6.6830E+00  1.1139E+44  5.9254E+43  1.3678E+38  5.2136E+43
  7.0790E+00  1.0061E+44  5.5544E+43  9.4689E+37  4.5065E+43
  7.4990E+00  9.4060E+43  5.5572E+43  6.7337E+37  3.8488E+43
  7.9430E+00  1.0428E+44  7.2535E+43  5.8107E+37  3.1742E+43
  8.4140E+00  1.3115E+44  1.0609E+44  6.2307E+37  2.5058E+43
  8.9130E+00  1.5316E+44  1.3350E+44  6.6234E+37  1.9657E+43
  9.4410E+00  1.6914E+44  1.5375E+44  7.3636E+37  1.5395E+43
  1.0000E+01  1.4642E+44  1.3309E+44  5.3273E+37  1.3325E+43
  1.0590E+01  1.1987E+44  1.0820E+44  3.5089E+37  1.1671E+43
  1.1220E+01  9.3144E+43  8.2916E+43  2.0376E+37  1.0228E+43
  1.1890E+01  7.2837E+43  6.4033E+43  1.2037E+37  8.8036E+42
  1.2590E+01  5.6808E+43  4.9285E+43  6.9706E+36  7.5226E+42
  1.3340E+01  4.4789E+43  3.8444E+43  4.0379E+36  6.3451E+42
  1.4130E+01  3.7388E+43  3.2103E+43  2.4452E+36  5.2852E+42
  1.4960E+01  3.5783E+43  3.1463E+43  1.7624E+36  4.3204E+42
  1.5850E+01  3.5504E+43  3.2007E+43  1.3777E+36  3.4969E+42
  1.6790E+01  3.5362E+43  3.2539E+43  1.1254E+36  2.8224E+42
  1.7780E+01  3.4155E+43  3.1869E+43  9.1713E+35  2.2856E+42
  1.8840E+01  3.1123E+43  2.9262E+43  7.0477E+35  1.8607E+42
  1.9950E+01  2.6758E+43  2.5228E+43  4.9453E+35  1.5300E+42
  2.1130E+01  2.2700E+43  2.1443E+43  3.3155E+35  1.2566E+42
  2.2390E+01  1.9371E+43  1.8344E+43  2.2284E+35  1.0269E+42
  2.3710E+01  1.6608E+43  1.5769E+43  1.4984E+35  8.3894E+41
  2.5120E+01  1.4247E+43  1.3565E+43  1.0106E+35  6.8260E+41
  2.6610E+01  1.2195E+43  1.1640E+43  6.7868E+34  5.5469E+41
  2.8180E+01  1.0410E+43  9.9600E+42  4.5604E+34  4.5047E+41
  2.9850E+01  8.8290E+42  8.4640E+42  3.0530E+34  3.6499E+41
  3.1620E+01  7.4200E+42  7.1246E+42  2.0270E+34  2.9533E+41
  3.3500E+01  6.1701E+42  5.9315E+42  1.3339E+34  2.3859E+41
  3.5480E+01  5.0790E+42  4.8862E+42  8.7058E+33  1.9277E+41
  3.7580E+01  4.1285E+42  3.9729E+42  5.6170E+33  1.5559E+41
  3.9810E+01  3.3073E+42  3.1818E+42  3.5767E+33  1.2542E+41
  4.2170E+01  2.6172E+42  2.5162E+42  2.2503E+33  1.0105E+41
  4.4670E+01  2.0479E+42  1.9665E+42  1.3986E+33  8.1353E+40
  4.7320E+01  1.5867E+42  1.5213E+42  8.6038E+32  6.5431E+40
  5.0120E+01  1.2191E+42  1.1665E+42  5.2468E+32  5.2616E+40
  5.3090E+01  9.2920E+41  8.8693E+41  3.1736E+32  4.2265E+40
  5.6230E+01  7.0384E+41  6.6990E+41  1.9073E+32  3.3940E+40
  5.9570E+01  5.2955E+41  5.0234E+41  1.1385E+32  2.7210E+40
  6.3100E+01  3.9668E+41  3.7486E+41  6.7675E+31  2.1812E+40
  6.6830E+01  2.9602E+41  2.7854E+41  4.0086E+31  1.7483E+40
  7.0790E+01  2.2011E+41  2.0611E+41  2.3666E+31  1.3997E+40
  7.4990E+01  1.6313E+41  1.5193E+41  1.3932E+31  1.1198E+40
  7.9430E+01  1.2065E+41  1.1169E+41  8.1911E+30  8.9575E+39
  8.4140E+01  8.9048E+40  8.1888E+40  4.8073E+30  7.1598E+39
  8.9130E+01  6.5655E+40  5.9935E+40  2.8206E+30  5.7199E+39
  9.4410E+01  4.8363E+40  4.3794E+40  1.6546E+30  4.5691E+39
  1.0000E+02  3.5596E+40  3.1947E+40  9.7046E+29  3.6489E+39
  1.0590E+02  2.6215E+40  2.3300E+40  5.7005E+29  2.9151E+39
  1.1220E+02  1.9296E+40  1.6972E+40  3.3475E+29  2.3240E+39
  1.1890E+02  1.4228E+40  1.2377E+40  1.9702E+29  1.8507E+39
  1.2590E+02  1.0560E+40  9.0822E+39  1.1678E+29  1.4779E+39
  1.3340E+02  7.8579E+39  6.6811E+39  6.9500E+28  1.1768E+39
  1.4130E+02  5.8232E+39  4.8851E+39  4.1400E+28  9.3811E+38
  1.4960E+02  4.2590E+39  3.5100E+39  2.4389E+28  7.4905E+38
  1.5850E+02  3.1000E+39  2.5037E+39  1.4280E+28  5.9629E+38
  1.7780E+02  1.6634E+39  1.2847E+39  4.9593E+27  3.7867E+38
  1.9950E+02  9.0103E+38  6.6097E+38  1.7434E+27  2.4006E+38
  2.2390E+02  4.9173E+38  3.3976E+38  6.1948E+26  1.5197E+38
  2.5120E+02  2.7090E+38  1.7462E+38  2.2274E+26  9.6281E+37
  2.8180E+02  1.5060E+38  8.9606E+37  8.0971E+25  6.0996E+37
  3.1620E+02  8.4460E+37  4.5867E+37  2.9718E+25  3.8593E+37
  3.5480E+02  4.7851E+37  2.3442E+37  1.1015E+25  2.4409E+37
  3.9810E+02  2.7399E+37  1.1963E+37  4.1230E+24  1.5436E+37
  4.4670E+02  1.5852E+37  6.0952E+36  1.5567E+24  9.7572E+36
  5.0120E+02  9.2701E+36  3.1022E+36  5.9270E+23  6.1679E+36
  5.6230E+02  5.4772E+36  1.5776E+36  2.2730E+23  3.8996E+36
  6.3100E+02  3.2632E+36  8.0067E+35  8.7657E+22  2.4626E+36
  7.0790E+02  1.9630E+36  4.0636E+35  3.4025E+22  1.5566E+36
  7.9430E+02  1.1890E+36  2.0589E+35  1.3259E+22  9.8315E+35
  8.9130E+02  7.2491E+35  1.0419E+35  5.1856E+21  6.2072E+35
  1.0000E+03  4.4482E+35  5.2709E+34  2.0362E+21  3.9211E+35
