  1.0000E-03  8.8262E+44  1.6462E+06  6.0024E+42  8.7662E+44
  1.1220E-03  9.9099E+44  1.5704E+06  7.4133E+42  9.8357E+44
  1.2590E-03  1.1124E+45  1.5642E+06  8.7236E+42  1.1037E+45
  1.4130E-03  1.2486E+45  1.4140E+06  9.8697E+42  1.2387E+45
  1.5850E-03  1.4004E+45  1.3319E+06  1.0940E+43  1.3894E+45
  1.7780E-03  1.5720E+45  1.2893E+06  1.3433E+43  1.5586E+45
  1.9950E-03  1.7641E+45  1.2127E+06  1.5287E+43  1.7488E+45
  2.2390E-03  1.9787E+45  1.0941E+06  1.5962E+43  1.9627E+45
  2.5120E-03  2.2222E+45  1.0270E+06  2.0198E+43  2.2020E+45
  2.8180E-03  2.4925E+45  8.9263E+05  2.2260E+43  2.4702E+45
  3.1620E-03  2.7954E+45  8.1124E+05  2.3586E+43  2.7718E+45
  3.5480E-03  3.1347E+45  7.1582E+05  2.4458E+43  3.1103E+45
  3.9810E-03  3.5148E+45  6.9356E+05  2.4914E+43  3.4898E+45
  4.4670E-03  3.9645E+45  1.0663E+06  4.8687E+43  3.9158E+45
  5.0120E-03  4.4506E+45  9.2207E+05  5.7025E+43  4.3936E+45
  5.6230E-03  4.9936E+45  8.0508E+05  6.4409E+43  4.9292E+45
  5.9570E-03  5.2899E+45  7.7832E+05  6.7829E+43  5.2220E+45
  6.6830E-03  5.9329E+45  6.8527E+05  7.4354E+43  5.8585E+45
  7.4990E-03  6.6552E+45  6.2516E+05  8.1351E+43  6.5738E+45
  8.4140E-03  7.4642E+45  5.5684E+05  8.8310E+43  7.3758E+45
  9.4410E-03  8.3710E+45  5.2227E+05  9.4947E+43  8.2761E+45
  1.0590E-02  9.3834E+45  4.8453E+05  1.0014E+44  9.2833E+45
  1.1890E-02  1.0534E+46  4.4113E+05  1.1104E+44  1.0423E+46
  1.3340E-02  1.1813E+46  4.0438E+05  1.1901E+44  1.1694E+46
  1.4960E-02  1.3243E+46  3.9081E+05  1.2846E+44  1.3114E+46
  1.6790E-02  1.4856E+46  3.4605E+05  1.3793E+44  1.4718E+46
  1.8840E-02  1.6663E+46  3.2208E+05  1.4763E+44  1.6515E+46
  2.1130E-02  1.8683E+46  3.0279E+05  1.5973E+44  1.8524E+46
  2.3710E-02  2.0957E+46  2.8694E+05  1.7229E+44  2.0785E+46
  2.6610E-02  2.3512E+46  2.6298E+05  1.8559E+44  2.3326E+46
  2.9850E-02  2.6366E+46  2.5346E+05  1.9955E+44  2.6166E+46
  3.3500E-02  2.9580E+46  2.3265E+05  2.1379E+44  2.9367E+46
  3.7580E-02  3.3173E+46  2.2979E+05  2.3057E+44  3.2942E+46
  4.2170E-02  3.7250E+46  2.0936E+05  2.8347E+44  3.6967E+46
  4.7320E-02  4.1793E+46  1.9180E+05  3.1134E+44  4.1482E+46
  5.3090E-02  4.3527E+46  1.5012E+05  3.1439E+44  4.3212E+46
  6.6830E-02  4.1551E+46  7.7346E+04  2.8245E+44  4.1268E+46
  7.4990E-02  4.0595E+46  4.5113E+04  2.6700E+44  4.0328E+46
  8.4140E-02  3.9668E+46  1.4244E+05  2.5758E+44  3.9410E+46
  9.4410E-02  3.8766E+46  1.0988E+10  2.5355E+44  3.8513E+46
  1.0590E-01  3.5301E+46  3.1935E+14  2.4573E+44  3.5055E+46
  1.1890E-01  2.9672E+46  2.6470E+18  2.0483E+44  2.9467E+46
  1.3340E-01  2.4971E+46  6.0125E+21  1.7515E+44  2.4795E+46
  1.4960E-01  2.1012E+46  7.4442E+24  1.3315E+44  2.0878E+46
  1.5850E-01  1.9260E+46  2.2223E+26  1.1479E+44  1.9145E+46
  1.7780E-01  1.6206E+46  1.0913E+29  9.1189E+43  1.6114E+46
  1.9950E-01  1.3626E+46  2.7977E+31  6.7774E+43  1.3558E+46
  2.2390E-01  1.1466E+46  3.1552E+33  6.2349E+43  1.1403E+46
  2.3710E-01  1.0530E+46  2.2120E+34  6.5250E+43  1.0464E+46
  2.5120E-01  9.6603E+45  1.3497E+35  6.4493E+43  9.5958E+45
  2.6610E-01  8.8619E+45  7.5914E+35  6.0745E+43  8.8012E+45
  2.8180E-01  8.1322E+45  3.8721E+36  5.6083E+43  8.0761E+45
  2.9850E-01  7.4596E+45  1.7892E+37  5.1721E+43  7.4079E+45
  3.1620E-01  6.8427E+45  7.4146E+37  4.8076E+43  6.7947E+45
  3.3500E-01  6.2755E+45  2.8009E+38  4.4736E+43  6.2308E+45
  3.5480E-01  5.7581E+45  9.6657E+38  4.1598E+43  5.7165E+45
  3.7580E-01  5.2828E+45  3.0825E+39  3.8665E+43  5.2442E+45
  3.9810E-01  4.8458E+45  9.0469E+39  3.6027E+43  4.8097E+45
  4.2170E-01  4.4453E+45  2.4431E+40  3.3622E+43  4.4116E+45
  4.4670E-01  4.0782E+45  6.1169E+40  3.1478E+43  4.0466E+45
  4.7320E-01  3.7411E+45  1.4399E+41  2.9428E+43  3.7115E+45
  5.0120E-01  3.4326E+45  3.1947E+41  2.7444E+43  3.4048E+45
  5.3090E-01  3.1494E+45  6.7182E+41  2.5524E+43  3.1232E+45
  5.6230E-01  2.8902E+45  1.3359E+42  2.3744E+43  2.8651E+45
  5.9570E-01  2.6522E+45  2.5295E+42  2.2068E+43  2.6276E+45
  6.3100E-01  2.4354E+45  4.5587E+42  2.0480E+43  2.4103E+45
  6.6830E-01  2.2382E+45  7.8302E+42  1.8971E+43  2.2114E+45
  7.0790E-01  2.0589E+45  1.2874E+43  1.7580E+43  2.0284E+45
  7.4990E-01  1.8970E+45  2.0283E+43  1.6293E+43  1.8605E+45
  7.9430E-01  1.7524E+45  3.0675E+43  1.5096E+43  1.7066E+45
  8.4140E-01  1.6240E+45  4.4698E+43  1.3991E+43  1.5653E+45
  8.9130E-01  1.5117E+45  6.2986E+43  1.2960E+43  1.4357E+45
  9.4410E-01  1.4147E+45  8.5742E+43  1.2014E+43  1.3170E+45
  1.0000E+00  1.3322E+45  1.1289E+44  1.1141E+43  1.2081E+45
  1.0590E+00  1.2630E+45  1.4411E+44  1.0341E+43  1.1086E+45
  1.1220E+00  1.2056E+45  1.7952E+44  9.5824E+42  1.0165E+45
  1.1890E+00  1.1592E+45  2.1855E+44  8.8385E+42  9.3183E+44
  1.2590E+00  1.1226E+45  2.5935E+44  8.0800E+42  8.5520E+44
  1.3340E+00  1.0927E+45  3.0121E+44  7.3353E+42  7.8411E+44
  1.4130E+00  1.0671E+45  3.4121E+44  6.6231E+42  7.1927E+44
  1.4960E+00  1.0445E+45  3.7830E+44  5.9320E+42  6.6026E+44
  1.5850E+00  1.0236E+45  4.1288E+44  5.2529E+42  6.0543E+44
  1.6790E+00  1.0023E+45  4.4238E+44  4.5806E+42  5.5530E+44
  1.7780E+00  9.7881E+44  4.6531E+44  3.9200E+42  5.0957E+44
  1.8840E+00  9.5280E+44  4.8232E+44  3.2884E+42  4.6719E+44
  1.9950E+00  9.2354E+44  4.9209E+44  2.7022E+42  4.2875E+44
  2.1130E+00  8.9069E+44  4.9518E+44  2.1765E+42  3.9333E+44
  2.2390E+00  8.5373E+44  4.9141E+44  1.7195E+42  3.6061E+44
  2.3710E+00  8.1335E+44  4.8110E+44  1.3351E+42  3.3092E+44
  2.5120E+00  7.7017E+44  4.6571E+44  1.0214E+42  3.0344E+44
  2.6610E+00  7.2472E+44  4.4563E+44  7.7130E+41  2.7832E+44
  2.8180E+00  6.7747E+44  4.2152E+44  5.7544E+41  2.5538E+44
  2.9850E+00  6.2948E+44  3.9479E+44  4.2497E+41  2.3426E+44
  3.1620E+00  5.8123E+44  3.6605E+44  3.1092E+41  2.1487E+44
  3.3500E+00  5.3463E+44  3.3736E+44  2.2608E+41  1.9704E+44
  3.5480E+00  4.8876E+44  3.0782E+44  1.6311E+41  1.8078E+44
  3.7580E+00  4.4487E+44  2.7892E+44  1.1697E+41  1.6583E+44
  3.9810E+00  4.0318E+44  2.5100E+44  8.3416E+40  1.5210E+44
  4.2170E+00  3.6392E+44  2.2435E+44  5.9196E+40  1.3951E+44
  4.4670E+00  3.2724E+44  1.9923E+44  4.1814E+40  1.2796E+44
  4.7320E+00  2.9341E+44  1.7601E+44  2.9413E+40  1.1737E+44
  5.0120E+00  2.6274E+44  1.5481E+44  2.0648E+40  1.0791E+44
  5.3090E+00  2.3155E+44  1.3551E+44  1.4249E+40  9.6024E+43
  5.6230E+00  2.0306E+44  1.1824E+44  9.7693E+39  8.4805E+43
  5.9570E+00  1.7730E+44  1.0297E+44  6.6582E+39  7.4316E+43
  6.3100E+00  1.5358E+44  8.8865E+43  4.4946E+39  6.4710E+43
  6.6830E+00  1.3322E+44  7.7206E+43  3.0280E+39  5.6014E+43
  7.0790E+00  1.1464E+44  6.6453E+43  2.0129E+39  4.8190E+43
  7.4990E+00  1.0159E+44  6.0356E+43  1.3645E+39  4.1229E+43
  7.9430E+00  1.0504E+44  6.9928E+43  1.0839E+39  3.5109E+43
  8.4140E+00  1.2314E+44  9.3390E+43  1.0341E+39  2.9752E+43
  8.9130E+00  1.3557E+44  1.1047E+44  9.8278E+38  2.5104E+43
  9.4410E+00  1.4181E+44  1.2071E+44  9.7912E+38  2.1101E+43
  1.0000E+01  1.1517E+44  9.7494E+43  6.7929E+38  1.7671E+43
  1.0590E+01  8.8505E+43  7.3747E+43  4.3395E+38  1.4758E+43
  1.1220E+01  6.4689E+43  5.2422E+43  2.4648E+38  1.2267E+43
  1.1890E+01  4.7736E+43  3.7577E+43  1.4165E+38  1.0159E+43
  1.2590E+01  3.5211E+43  2.6799E+43  7.9748E+37  8.4119E+42
  1.3340E+01  2.6245E+43  1.9313E+43  4.4758E+37  6.9319E+42
  1.4130E+01  2.0631E+43  1.4926E+43  2.6011E+37  5.7050E+42
  1.4960E+01  1.8412E+43  1.3720E+43  1.7525E+37  4.6919E+42
  1.5850E+01  1.6984E+43  1.3143E+43  1.2673E+37  3.8414E+42
  1.6790E+01  1.5737E+43  1.2596E+43  9.5525E+36  3.1409E+42
  1.7780E+01  1.4164E+43  1.1598E+43  7.2141E+36  2.5663E+42
  1.8840E+01  1.2030E+43  9.9411E+42  5.1799E+36  2.0888E+42
  1.9950E+01  9.6476E+42  7.9462E+42  3.4320E+36  1.7013E+42
  2.1130E+01  7.6244E+42  6.2417E+42  2.1771E+36  1.3827E+42
  2.2390E+01  6.0520E+42  4.9317E+42  1.3818E+36  1.1203E+42
  2.3710E+01  4.8276E+42  3.9190E+42  8.7746E+35  9.0864E+41
  2.5120E+01  3.8533E+42  3.1185E+42  5.5872E+35  7.3479E+41
  2.6610E+01  3.0736E+42  2.4798E+42  3.5478E+35  5.9383E+41
  2.8180E+01  2.4517E+42  1.9717E+42  2.2592E+35  4.7994E+41
  2.9850E+01  1.9485E+42  1.5613E+42  1.4372E+35  3.8717E+41
  3.1620E+01  1.5405E+42  1.2285E+42  9.1036E+34  3.1199E+41
  3.3500E+01  1.2105E+42  9.5942E+41  5.7412E+34  2.5106E+41
  3.5480E+01  9.4666E+41  7.4456E+41  3.6101E+34  2.0210E+41
  3.7580E+01  7.3482E+41  5.7230E+41  2.2563E+34  1.6253E+41
  3.9810E+01  5.6503E+41  4.3449E+41  1.3996E+34  1.3054E+41
  4.2170E+01  4.3150E+41  3.2670E+41  8.6285E+33  1.0479E+41
  4.4670E+01  3.2755E+41  2.4347E+41  5.2847E+33  8.4074E+40
  4.7320E+01  2.4747E+41  1.8007E+41  3.2210E+33  6.7400E+40
  5.0120E+01  1.8639E+41  1.3235E+41  1.9568E+33  5.4034E+40
  5.3090E+01  1.3996E+41  9.6679E+40  1.1853E+33  4.3282E+40
  5.6230E+01  1.0498E+41  7.0315E+40  7.1706E+32  3.4667E+40
  5.9570E+01  7.8597E+40  5.0869E+40  4.3296E+32  2.7728E+40
  6.3100E+01  5.8878E+40  3.6698E+40  2.6157E+32  2.2180E+40
  6.6830E+01  4.4157E+40  2.6412E+40  1.5821E+32  1.7744E+40
  7.0790E+01  3.3147E+40  1.8964E+40  9.5762E+31  1.4183E+40
  7.4990E+01  2.4915E+40  1.3585E+40  5.8038E+31  1.1329E+40
  7.9430E+01  1.8773E+40  9.7230E+39  3.5260E+31  9.0505E+39
  8.4140E+01  1.4175E+40  6.9497E+39  2.1455E+31  7.2256E+39
  8.9130E+01  1.0733E+40  4.9663E+39  1.3087E+31  5.7665E+39
  9.4410E+01  8.1501E+39  3.5480E+39  8.0034E+30  4.6021E+39
  1.0000E+02  6.2060E+39  2.5338E+39  4.9055E+30  3.6722E+39
  1.0590E+02  4.7431E+39  1.8114E+39  3.0164E+30  2.9317E+39
  1.1220E+02  3.6304E+39  1.2947E+39  1.8555E+30  2.3358E+39
  1.1890E+02  2.7864E+39  9.2737E+38  1.1435E+30  1.8590E+39
  1.2590E+02  2.1531E+39  6.6926E+38  7.0892E+29  1.4838E+39
  1.3340E+02  1.6657E+39  4.8463E+38  4.4022E+29  1.1811E+39
  1.4130E+02  1.2903E+39  3.4915E+38  2.7475E+29  9.4117E+38
  1.4960E+02  9.9857E+38  2.4736E+38  1.7127E+29  7.5121E+38
  1.5850E+02  7.7191E+38  1.7410E+38  1.0628E+29  5.9781E+38
  1.7780E+02  4.6663E+38  8.7211E+37  4.1213E+28  3.7942E+38
  1.9950E+02  2.8436E+38  4.3925E+37  1.6062E+28  2.4043E+38
  2.2390E+02  1.7431E+38  2.2157E+37  6.2851E+27  1.5216E+38
  2.5120E+02  1.0757E+38  1.1199E+37  2.4712E+27  9.6376E+37
  2.8180E+02  6.6706E+37  5.6624E+36  9.7486E+26  6.1043E+37
  3.1620E+02  4.1478E+37  2.8606E+36  3.8509E+26  3.8617E+37
  3.5480E+02  2.5866E+37  1.4451E+36  1.5234E+26  2.4421E+37
  3.9810E+02  1.6172E+37  7.2987E+35  6.0371E+25  1.5442E+37
  4.4670E+02  1.0129E+37  3.6849E+35  2.3947E+25  9.7603E+36
  5.0120E+02  6.3555E+36  1.8603E+35  9.5099E+24  6.1695E+36
  5.6230E+02  3.9943E+36  9.3927E+34  3.7796E+24  3.9003E+36
  6.3100E+02  2.5103E+36  4.7365E+34  1.5018E+24  2.4629E+36
  7.0790E+02  1.5807E+36  2.3903E+34  5.9763E+23  1.5568E+36
  7.9430E+02  9.9530E+35  1.2050E+34  2.3772E+23  9.8325E+35
  8.9130E+02  6.2684E+35  6.0707E+33  9.4559E+22  6.2077E+35
  1.0000E+03  3.9519E+35  3.0590E+33  3.7647E+22  3.9214E+35
