  1.0000E-03  8.8217E+44  1.4106E+06  5.5496E+42  8.7662E+44
  1.1220E-03  9.9026E+44  1.3398E+06  6.6849E+42  9.8357E+44
  1.2590E-03  1.1113E+45  1.3596E+06  7.6158E+42  1.1037E+45
  1.4130E-03  1.2470E+45  1.2377E+06  8.2800E+42  1.2387E+45
  1.5850E-03  1.3982E+45  1.1819E+06  8.7367E+42  1.3894E+45
  1.7780E-03  1.5686E+45  1.1329E+06  1.0028E+43  1.5586E+45
  1.9950E-03  1.7595E+45  1.1016E+06  1.0692E+43  1.7488E+45
  2.2390E-03  1.9732E+45  9.9234E+05  1.0482E+43  1.9627E+45
  2.5120E-03  2.2140E+45  9.4419E+05  1.2049E+43  2.2020E+45
  2.8180E-03  2.4825E+45  8.4343E+05  1.2289E+43  2.4702E+45
  3.1620E-03  2.7840E+45  7.8909E+05  1.2156E+43  2.7718E+45
  3.5480E-03  3.1221E+45  7.0405E+05  1.1834E+43  3.1103E+45
  3.9810E-03  3.5012E+45  6.8814E+05  1.1353E+43  3.4898E+45
  4.4670E-03  3.9600E+45  9.7484E+05  4.4176E+43  3.9158E+45
  5.0120E-03  4.4373E+45  8.7343E+05  4.3693E+43  4.3936E+45
  5.6230E-03  4.9722E+45  7.8740E+05  4.3006E+43  4.9292E+45
  5.9570E-03  5.2650E+45  7.7977E+05  4.2950E+43  5.2220E+45
  6.6830E-03  5.9023E+45  6.8623E+05  4.3769E+43  5.8585E+45
  7.4990E-03  6.6196E+45  6.3911E+05  4.5779E+43  6.5738E+45
  8.4140E-03  7.4244E+45  5.7863E+05  4.8530E+43  7.3758E+45
  9.4410E-03  8.3279E+45  5.5643E+05  5.1835E+43  8.2761E+45
  1.0590E-02  9.3387E+45  5.1098E+05  5.5414E+43  9.2833E+45
  1.1890E-02  1.0484E+46  4.7337E+05  6.0625E+43  1.0423E+46
  1.3340E-02  1.1760E+46  4.3873E+05  6.5844E+43  1.1694E+46
  1.4960E-02  1.3186E+46  4.4762E+05  7.1908E+43  1.3114E+46
  1.6790E-02  1.4797E+46  3.9155E+05  7.8746E+43  1.4718E+46
  1.8840E-02  1.6602E+46  3.7107E+05  8.6460E+43  1.6515E+46
  2.1130E-02  1.8619E+46  3.4893E+05  9.5291E+43  1.8524E+46
  2.3710E-02  2.0890E+46  3.3591E+05  1.0527E+44  2.0785E+46
  2.6610E-02  2.3443E+46  3.0858E+05  1.1654E+44  2.3326E+46
  2.9850E-02  2.6295E+46  3.0797E+05  1.2903E+44  2.6166E+46
  3.3500E-02  2.9509E+46  2.8469E+05  1.4233E+44  2.9367E+46
  3.7580E-02  3.3096E+46  2.8362E+05  1.5335E+44  3.2942E+46
  4.2170E-02  3.7164E+46  2.6142E+05  1.9734E+44  3.6967E+46
  4.7320E-02  4.1714E+46  2.2874E+05  2.3248E+44  4.1482E+46
  5.3090E-02  4.3463E+46  1.7396E+05  2.5044E+44  4.3212E+46
  6.6830E-02  4.1529E+46  9.1308E+04  2.6027E+44  4.1268E+46
  7.4990E-02  4.0590E+46  5.6345E+04  2.6162E+44  4.0328E+46
  8.4140E-02  3.9659E+46  1.7863E+05  2.4865E+44  3.9410E+46
  9.4410E-02  3.8754E+46  1.3854E+10  2.4148E+44  3.8513E+46
  1.0590E-01  3.5276E+46  4.1649E+14  2.2085E+44  3.5055E+46
  1.1890E-01  2.9633E+46  3.5421E+18  1.6587E+44  2.9467E+46
  1.3340E-01  2.4920E+46  8.1242E+21  1.2495E+44  2.4795E+46
  1.4960E-01  2.0958E+46  1.0117E+25  7.9209E+43  2.0878E+46
  1.5850E-01  1.9208E+46  3.0202E+26  6.2671E+43  1.9145E+46
  1.7780E-01  1.6165E+46  1.4716E+29  5.0716E+43  1.6114E+46
  1.9950E-01  1.3607E+46  3.6785E+31  4.9050E+43  1.3558E+46
  2.2390E-01  1.1455E+46  4.0908E+33  5.1993E+43  1.1403E+46
  2.3710E-01  1.0516E+46  2.8945E+34  5.1173E+43  1.0464E+46
  2.5120E-01  9.6420E+45  1.7764E+35  4.6216E+43  9.5958E+45
  2.6610E-01  8.8414E+45  1.0003E+36  4.0236E+43  8.8012E+45
  2.8180E-01  8.1109E+45  5.0951E+36  3.4873E+43  8.0761E+45
  2.9850E-01  7.4384E+45  2.3484E+37  3.0516E+43  7.4079E+45
  3.1620E-01  6.8217E+45  9.6990E+37  2.7092E+43  6.7947E+45
  3.3500E-01  6.2550E+45  3.6489E+38  2.4188E+43  6.2308E+45
  3.5480E-01  5.7382E+45  1.2536E+39  2.1717E+43  5.7165E+45
  3.7580E-01  5.2638E+45  3.9764E+39  1.9594E+43  5.2442E+45
  3.9810E-01  4.8275E+45  1.1606E+40  1.7795E+43  4.8097E+45
  4.2170E-01  4.4279E+45  3.1128E+40  1.6263E+43  4.4116E+45
  4.4670E-01  4.0616E+45  7.7357E+40  1.4958E+43  4.0466E+45
  4.7320E-01  3.7255E+45  1.8062E+41  1.3800E+43  3.7115E+45
  5.0120E-01  3.4179E+45  3.9724E+41  1.2758E+43  3.4048E+45
  5.3090E-01  3.1358E+45  8.2728E+41  1.1824E+43  3.1232E+45
  5.6230E-01  2.8778E+45  1.6291E+42  1.1002E+43  2.8651E+45
  5.9570E-01  2.6409E+45  3.0536E+42  1.0273E+43  2.6276E+45
  6.3100E-01  2.4254E+45  5.4448E+42  9.6228E+42  2.4103E+45
  6.6830E-01  2.2297E+45  9.2470E+42  9.0420E+42  2.2114E+45
  7.0790E-01  2.0520E+45  1.5024E+43  8.5380E+42  2.0284E+45
  7.4990E-01  1.8920E+45  2.3383E+43  8.1002E+42  1.8605E+45
  7.9430E-01  1.7492E+45  3.4911E+43  7.7247E+42  1.7066E+45
  8.4140E-01  1.6229E+45  5.0178E+43  7.4161E+42  1.5653E+45
  8.9130E-01  1.5125E+45  6.9635E+43  7.1621E+42  1.4357E+45
  9.4410E-01  1.4172E+45  9.3270E+43  6.9527E+42  1.3170E+45
  1.0000E+00  1.3357E+45  1.2077E+44  6.7634E+42  1.2081E+45
  1.0590E+00  1.2666E+45  1.5148E+44  6.5831E+42  1.1086E+45
  1.1220E+00  1.2081E+45  1.8518E+44  6.3870E+42  1.0165E+45
  1.1890E+00  1.1589E+45  2.2088E+44  6.1490E+42  9.3183E+44
  1.2590E+00  1.1174E+45  2.5633E+44  5.8389E+42  8.5520E+44
  1.3340E+00  1.0802E+45  2.9065E+44  5.4724E+42  7.8411E+44
  1.4130E+00  1.0454E+45  3.2104E+44  5.0631E+42  7.1927E+44
  1.4960E+00  1.0114E+45  3.4654E+44  4.6142E+42  6.6026E+44
  1.5850E+00  9.7700E+44  3.6743E+44  4.1316E+42  6.0543E+44
  1.6790E+00  9.4056E+44  3.8163E+44  3.6216E+42  5.5530E+44
  1.7780E+00  9.0095E+44  3.8828E+44  3.0990E+42  5.0957E+44
  1.8840E+00  8.5812E+44  3.8835E+44  2.5870E+42  4.6719E+44
  1.9950E+00  8.1251E+44  3.8165E+44  2.1073E+42  4.2875E+44
  2.1130E+00  7.6428E+44  3.6928E+44  1.6770E+42  3.9333E+44
  2.2390E+00  7.1368E+44  3.5176E+44  1.3054E+42  3.6061E+44
  2.3710E+00  6.6224E+44  3.3033E+44  9.9707E+41  3.3092E+44
  2.5120E+00  6.1064E+44  3.0644E+44  7.4952E+41  3.0344E+44
  2.6610E+00  5.5983E+44  2.8095E+44  5.5593E+41  2.7832E+44
  2.8180E+00  5.1050E+44  2.5471E+44  4.0762E+41  2.5538E+44
  2.9850E+00  4.6337E+44  2.2881E+44  2.9614E+41  2.3426E+44
  3.1620E+00  4.1879E+44  2.0371E+44  2.1349E+41  2.1487E+44
  3.3500E+00  3.7785E+44  1.8066E+44  1.5322E+41  1.9704E+44
  3.5480E+00  3.3999E+44  1.5911E+44  1.0946E+41  1.8078E+44
  3.7580E+00  3.0556E+44  1.3965E+44  7.7955E+40  1.6583E+44
  3.9810E+00  2.7435E+44  1.2220E+44  5.5380E+40  1.5210E+44
  4.2170E+00  2.4624E+44  1.0669E+44  3.9284E+40  1.3951E+44
  4.4670E+00  2.2101E+44  9.3018E+43  2.7833E+40  1.2796E+44
  4.7320E+00  1.9842E+44  8.1036E+43  1.9694E+40  1.1737E+44
  5.0120E+00  1.7852E+44  7.0587E+43  1.3947E+40  1.0791E+44
  5.3090E+00  1.5745E+44  6.1413E+43  9.6736E+39  9.6024E+43
  5.6230E+00  1.3823E+44  5.3414E+43  6.6651E+39  8.4805E+43
  5.9570E+00  1.2079E+44  4.6467E+43  4.5620E+39  7.4316E+43
  6.3100E+00  1.0486E+44  4.0146E+43  3.0955E+39  6.4710E+43
  6.6830E+00  9.1120E+43  3.5104E+43  2.0950E+39  5.6014E+43
  7.0790E+00  7.8654E+43  3.0462E+43  1.4004E+39  4.8190E+43
  7.4990E+00  6.8116E+43  2.6886E+43  9.2926E+38  4.1229E+43
  7.9430E+00  6.1277E+43  2.6167E+43  6.4157E+38  3.5109E+43
  8.4140E+00  5.8184E+43  2.8431E+43  4.9447E+38  2.9752E+43
  8.9130E+00  5.5605E+43  3.0500E+43  4.0696E+38  2.5104E+43
  9.4410E+00  5.3143E+43  3.2042E+43  3.6929E+38  2.1101E+43
  1.0000E+01  4.4893E+43  2.7222E+43  2.6713E+38  1.7671E+43
  1.0590E+01  3.6772E+43  2.2014E+43  1.8245E+38  1.4758E+43
  1.1220E+01  2.9341E+43  1.7074E+43  1.1355E+38  1.2267E+43
  1.1890E+01  2.3431E+43  1.3271E+43  7.0873E+37  1.0159E+43
  1.2590E+01  1.8764E+43  1.0352E+43  4.3446E+37  8.4119E+42
  1.3340E+01  1.5073E+43  8.1409E+42  2.6343E+37  6.9319E+42
  1.4130E+01  1.2407E+43  6.7022E+42  1.6064E+37  5.7050E+42
  1.4960E+01  1.0863E+43  6.1707E+42  1.0633E+37  4.6919E+42
  1.5850E+01  9.7155E+42  5.8741E+42  7.4610E+36  3.8414E+42
  1.6790E+01  8.7730E+42  5.6322E+42  5.4791E+36  3.1409E+42
  1.7780E+01  7.8350E+42  5.2687E+42  4.1015E+36  2.5663E+42
  1.8840E+01  6.7651E+42  4.6764E+42  2.9902E+36  2.0888E+42
  1.9950E+01  5.6352E+42  3.9339E+42  2.0556E+36  1.7013E+42
  2.1130E+01  4.6461E+42  3.2635E+42  1.3592E+36  1.3827E+42
  2.2390E+01  3.8360E+42  2.7157E+42  8.9650E+35  1.1203E+42
  2.3710E+01  3.1747E+42  2.2660E+42  5.9008E+35  9.0864E+41
  2.5120E+01  2.6212E+42  1.8864E+42  3.8835E+35  7.3479E+41
  2.6610E+01  2.1578E+42  1.5640E+42  2.5433E+35  5.9383E+41
  2.8180E+01  1.7709E+42  1.2910E+42  1.6654E+35  4.7994E+41
  2.9850E+01  1.4439E+42  1.0568E+42  1.0866E+35  3.8717E+41
  3.1620E+01  1.1682E+42  8.5624E+41  7.0418E+34  3.1199E+41
  3.3500E+01  9.3689E+41  6.8583E+41  4.5322E+34  2.5106E+41
  3.5480E+01  7.4573E+41  5.4363E+41  2.9008E+34  2.0210E+41
  3.7580E+01  5.8802E+41  4.2549E+41  1.8419E+34  1.6253E+41
  3.9810E+01  4.5883E+41  3.2830E+41  1.1597E+34  1.3054E+41
  4.2170E+01  3.5518E+41  2.5038E+41  7.2484E+33  1.0479E+41
  4.4670E+01  2.7303E+41  1.8896E+41  4.4965E+33  8.4074E+40
  4.7320E+01  2.0872E+41  1.4132E+41  2.7734E+33  6.7400E+40
  5.0120E+01  1.5894E+41  1.0491E+41  1.7037E+33  5.4034E+40
  5.3090E+01  1.2060E+41  7.7318E+40  1.0427E+33  4.3282E+40
  5.6230E+01  9.1350E+40  5.6683E+40  6.3693E+32  3.4667E+40
  5.9570E+01  6.9035E+40  4.1307E+40  3.8810E+32  2.7728E+40
  6.3100E+01  5.2177E+40  2.9997E+40  2.3647E+32  2.2180E+40
  6.6830E+01  3.9465E+40  2.1721E+40  1.4417E+32  1.7744E+40
  7.0790E+01  2.9865E+40  1.5682E+40  8.7915E+31  1.4183E+40
  7.4990E+01  2.2622E+40  1.1293E+40  5.3652E+31  1.1329E+40
  7.9430E+01  1.7171E+40  8.1206E+39  3.2805E+31  9.0505E+39
  8.4140E+01  1.3056E+40  5.8302E+39  2.0080E+31  7.2256E+39
  8.9130E+01  9.9502E+39  4.1836E+39  1.2316E+31  5.7665E+39
  9.4410E+01  7.6028E+39  3.0007E+39  7.5696E+30  4.6021E+39
  1.0000E+02  5.8233E+39  2.1510E+39  4.6610E+30  3.6722E+39
  1.0590E+02  4.4750E+39  1.5433E+39  2.8782E+30  2.9317E+39
  1.1220E+02  3.4429E+39  1.1071E+39  1.7773E+30  2.3358E+39
  1.1890E+02  2.6551E+39  7.9611E+38  1.0992E+30  1.8590E+39
  1.2590E+02  2.0609E+39  5.7709E+38  6.8367E+29  1.4838E+39
  1.3340E+02  1.6011E+39  4.2004E+38  4.2581E+29  1.1811E+39
  1.4130E+02  1.2450E+39  3.0380E+38  2.6644E+29  9.4117E+38
  1.4960E+02  9.6664E+38  2.1543E+38  1.6645E+29  7.5121E+38
  1.5850E+02  7.4951E+38  1.5170E+38  1.0349E+29  5.9781E+38
  1.7780E+02  4.5559E+38  7.6171E+37  4.0268E+28  3.7942E+38
  1.9950E+02  2.7892E+38  3.8482E+37  1.5737E+28  2.4043E+38
  2.2390E+02  1.7163E+38  1.9471E+37  6.1720E+27  1.5216E+38
  2.5120E+02  1.0625E+38  9.8697E+36  2.4311E+27  9.6376E+37
  2.8180E+02  6.6047E+37  5.0039E+36  9.6038E+26  6.1043E+37
  3.1620E+02  4.1151E+37  2.5341E+36  3.7979E+26  3.8617E+37
  3.5480E+02  2.5704E+37  1.2830E+36  1.5037E+26  2.4421E+37
  3.9810E+02  1.6091E+37  6.4934E+35  5.9633E+25  1.5442E+37
  4.4670E+02  1.0089E+37  3.2845E+35  2.3667E+25  9.7603E+36
  5.0120E+02  6.3356E+36  1.6610E+35  9.4027E+24  6.1695E+36
  5.6230E+02  3.9843E+36  8.4000E+34  3.7382E+24  3.9003E+36
  6.3100E+02  2.5054E+36  4.2421E+34  1.4857E+24  2.4629E+36
  7.0790E+02  1.5782E+36  2.1437E+34  5.9136E+23  1.5568E+36
  7.9430E+02  9.9407E+35  1.0820E+34  2.3527E+23  9.8325E+35
  8.9130E+02  6.2623E+35  5.4574E+33  9.3595E+22  6.2077E+35
  1.0000E+03  3.9489E+35  2.7528E+33  3.7267E+22  3.9214E+35
