  1.0000E-03  8.8699E+44  0.0000E+00  1.0371E+43  8.7662E+44
  1.1220E-03  9.9478E+44  0.0000E+00  1.1207E+43  9.8357E+44
  1.2590E-03  1.1152E+45  0.0000E+00  1.1475E+43  1.1037E+45
  1.4130E-03  1.2499E+45  0.0000E+00  1.1169E+43  1.2387E+45
  1.5850E-03  1.4000E+45  0.0000E+00  1.0559E+43  1.3894E+45
  1.7780E-03  1.5699E+45  0.0000E+00  1.1297E+43  1.5586E+45
  1.9950E-03  1.7592E+45  0.0000E+00  1.0350E+43  1.7488E+45
  2.2390E-03  1.9714E+45  0.0000E+00  8.6490E+42  1.9627E+45
  2.5120E-03  2.2113E+45  0.0000E+00  9.2899E+42  2.2020E+45
  2.8180E-03  2.4782E+45  0.0000E+00  8.0130E+42  2.4702E+45
  3.1620E-03  2.7787E+45  0.0000E+00  6.8160E+42  2.7718E+45
  3.5480E-03  3.1161E+45  0.0000E+00  5.8236E+42  3.1103E+45
  3.9810E-03  3.4949E+45  0.0000E+00  5.0429E+42  3.4898E+45
  4.4670E-03  3.9682E+45  0.0000E+00  5.2369E+43  3.9158E+45
  5.0120E-03  4.4324E+45  0.0000E+00  3.8817E+43  4.3936E+45
  5.6230E-03  4.9579E+45  0.0000E+00  2.8668E+43  4.9292E+45
  5.9570E-03  5.2470E+45  0.0000E+00  2.4971E+43  5.2220E+45
  6.6830E-03  5.8786E+45  0.0000E+00  2.0060E+43  5.8585E+45
  7.4990E-03  6.5912E+45  0.0000E+00  1.7352E+43  6.5738E+45
  8.4140E-03  7.3916E+45  0.0000E+00  1.5701E+43  7.3758E+45
  9.4410E-03  8.2911E+45  0.0000E+00  1.4959E+43  8.2761E+45
  1.0590E-02  9.2981E+45  0.0000E+00  1.4805E+43  9.2833E+45
  1.1890E-02  1.0438E+46  0.0000E+00  1.5420E+43  1.0423E+46
  1.3340E-02  1.1710E+46  0.0000E+00  1.6182E+43  1.1694E+46
  1.4960E-02  1.3131E+46  0.0000E+00  1.7327E+43  1.3114E+46
  1.6790E-02  1.4737E+46  0.0000E+00  1.8829E+43  1.4718E+46
  1.8840E-02  1.6536E+46  0.0000E+00  2.0697E+43  1.6515E+46
  2.1130E-02  1.8547E+46  0.0000E+00  2.2958E+43  1.8524E+46
  2.3710E-02  2.0810E+46  0.0000E+00  2.5604E+43  2.0785E+46
  2.6610E-02  2.3355E+46  0.0000E+00  2.8676E+43  2.3326E+46
  2.9850E-02  2.6199E+46  4.6638E-83  3.2169E+43  2.6166E+46
  3.3500E-02  2.9403E+46  2.9397E-68  3.5969E+43  2.9367E+46
  3.7580E-02  3.2981E+46  3.6794E-55  3.8779E+43  3.2942E+46
  4.2170E-02  3.7018E+46  1.5830E-43  5.0630E+43  3.6967E+46
  4.7320E-02  4.1543E+46  4.1117E-33  6.1495E+43  4.1482E+46
  5.3090E-02  4.3280E+46  7.3073E-24  6.8048E+43  4.3212E+46
  6.6830E-02  4.1342E+46  2.5124E-08  7.3992E+43  4.1268E+46
  7.4990E-02  4.0404E+46  7.9866E-02  7.5839E+43  4.0328E+46
  8.4140E-02  3.9482E+46  3.9703E+04  7.1537E+43  3.9410E+46
  9.4410E-02  3.8582E+46  4.5134E+09  6.9002E+43  3.8513E+46
  1.0590E-01  3.5117E+46  1.1670E+14  6.1629E+43  3.5055E+46
  1.1890E-01  2.9512E+46  9.0774E+17  4.4355E+43  2.9467E+46
  1.3340E-01  2.4827E+46  2.0729E+21  3.1622E+43  2.4795E+46
  1.4960E-01  2.0897E+46  2.4770E+24  1.8820E+43  2.0878E+46
  1.5850E-01  1.9160E+46  7.3119E+25  1.4724E+43  1.9145E+46
  1.7780E-01  1.6127E+46  3.7190E+28  1.2440E+43  1.6114E+46
  1.9950E-01  1.3571E+46  1.0137E+31  1.3218E+43  1.3558E+46
  2.2390E-01  1.1418E+46  1.1203E+33  1.4575E+43  1.1403E+46
  2.3710E-01  1.0479E+46  7.7557E+33  1.4125E+43  1.0464E+46
  2.5120E-01  9.6083E+45  4.7639E+34  1.2448E+43  9.5958E+45
  2.6610E-01  8.8118E+45  2.6929E+35  1.0604E+43  8.8012E+45
  2.8180E-01  8.0851E+45  1.3777E+36  9.0340E+42  8.0761E+45
  2.9850E-01  7.4157E+45  6.3744E+36  7.7940E+42  7.4079E+45
  3.1620E-01  6.8015E+45  2.6417E+37  6.8333E+42  6.7947E+45
  3.3500E-01  6.2368E+45  9.9637E+37  6.0366E+42  6.2308E+45
  3.5480E-01  5.7219E+45  3.4270E+38  5.3774E+42  5.7165E+45
  3.7580E-01  5.2490E+45  1.0899E+39  4.8296E+42  5.2442E+45
  3.9810E-01  4.8141E+45  3.1842E+39  4.3785E+42  4.8097E+45
  4.2170E-01  4.4157E+45  8.5759E+39  4.0131E+42  4.4116E+45
  4.4670E-01  4.0504E+45  2.1396E+40  3.7215E+42  4.0466E+45
  4.7320E-01  3.7150E+45  5.0192E+40  3.4848E+42  3.7115E+45
  5.0120E-01  3.4082E+45  1.1100E+41  3.2944E+42  3.4048E+45
  5.3090E-01  3.1266E+45  2.3305E+41  3.1485E+42  3.1232E+45
  5.6230E-01  2.8686E+45  4.6228E+41  3.0442E+42  2.8651E+45
  5.9570E-01  2.6314E+45  8.7305E+41  2.9766E+42  2.6276E+45
  6.3100E-01  2.4148E+45  1.5707E+42  2.9449E+42  2.4103E+45
  6.6830E-01  2.2170E+45  2.6962E+42  2.9440E+42  2.2114E+45
  7.0790E-01  2.0358E+45  4.4317E+42  2.9832E+42  2.0284E+45
  7.4990E-01  1.8705E+45  6.9779E+42  3.0558E+42  1.8605E+45
  7.9430E-01  1.7203E+45  1.0555E+43  3.1665E+42  1.7066E+45
  8.4140E-01  1.5840E+45  1.5404E+43  3.3109E+42  1.5653E+45
  8.9130E-01  1.4610E+45  2.1797E+43  3.4957E+42  1.4357E+45
  9.4410E-01  1.3505E+45  2.9845E+43  3.6941E+42  1.3170E+45
  1.0000E+00  1.2515E+45  3.9547E+43  3.8786E+42  1.2081E+45
  1.0590E+00  1.1635E+45  5.0843E+43  4.0499E+42  1.1086E+45
  1.1220E+00  1.0846E+45  6.3852E+43  4.1989E+42  1.0165E+45
  1.1890E+00  1.0146E+45  7.8479E+43  4.3083E+42  9.3183E+44
  1.2590E+00  9.5383E+44  9.4267E+43  4.3630E+42  8.5520E+44
  1.3340E+00  8.9926E+44  1.1080E+44  4.3481E+42  7.8411E+44
  1.4130E+00  8.5036E+44  1.2683E+44  4.2611E+42  7.1927E+44
  1.4960E+00  8.0626E+44  1.4189E+44  4.1094E+42  6.6026E+44
  1.5850E+00  7.6534E+44  1.5601E+44  3.8980E+42  6.0543E+44
  1.6790E+00  7.2722E+44  1.6828E+44  3.6343E+42  5.5530E+44
  1.7780E+00  6.9099E+44  1.7810E+44  3.3246E+42  5.0957E+44
  1.8840E+00  6.5565E+44  1.8548E+44  2.9794E+42  4.6719E+44
  1.9950E+00  6.2139E+44  1.9003E+44  2.6158E+42  4.2875E+44
  2.1130E+00  5.8742E+44  1.9184E+44  2.2492E+42  3.9333E+44
  2.2390E+00  5.5342E+44  1.9091E+44  1.8952E+42  3.6061E+44
  2.3710E+00  5.2006E+44  1.8758E+44  1.5679E+42  3.3092E+44
  2.5120E+00  4.8716E+44  1.8244E+44  1.2759E+42  3.0344E+44
  2.6610E+00  4.5518E+44  1.7583E+44  1.0236E+42  2.7832E+44
  2.8180E+00  4.2428E+44  1.6809E+44  8.1093E+41  2.5538E+44
  2.9850E+00  3.9465E+44  1.5975E+44  6.3552E+41  2.3426E+44
  3.1620E+00  3.6635E+44  1.5099E+44  4.9346E+41  2.1487E+44
  3.3500E+00  3.3990E+44  1.4248E+44  3.8020E+41  1.9704E+44
  3.5480E+00  3.1490E+44  1.3383E+44  2.9101E+41  1.8078E+44
  3.7580E+00  2.9147E+44  1.2542E+44  2.2134E+41  1.6583E+44
  3.9810E+00  2.6951E+44  1.1724E+44  1.6737E+41  1.5210E+44
  4.2170E+00  2.4896E+44  1.0932E+44  1.2591E+41  1.3951E+44
  4.4670E+00  2.2973E+44  1.0168E+44  9.4250E+40  1.2796E+44
  4.7320E+00  2.1179E+44  9.4353E+43  7.0161E+40  1.1737E+44
  5.0120E+00  1.9533E+44  8.7367E+43  5.2041E+40  1.0791E+44
  5.3090E+00  1.7674E+44  8.0677E+43  3.7730E+40  9.6024E+43
  5.6230E+00  1.5917E+44  7.4342E+43  2.7100E+40  8.4805E+43
  5.9570E+00  1.4275E+44  6.8413E+43  1.9290E+40  7.4316E+43
  6.3100E+00  1.2727E+44  6.2544E+43  1.3594E+40  6.4710E+43
  6.6830E+00  1.1365E+44  5.7632E+43  9.5346E+39  5.6014E+43
  7.0790E+00  1.0098E+44  5.2783E+43  6.5997E+39  4.8190E+43
  7.4990E+00  9.0193E+43  4.8960E+43  4.4881E+39  4.1229E+43
  7.9430E+00  8.3734E+43  4.8621E+43  3.0383E+39  3.5109E+43
  8.4140E+00  8.1189E+43  5.1435E+43  2.1808E+39  2.9752E+43
  8.9130E+00  7.8289E+43  5.3183E+43  1.6785E+39  2.5104E+43
  9.4410E+00  7.4895E+43  5.3793E+43  1.4428E+39  2.1101E+43
  1.0000E+01  6.6182E+43  4.8510E+43  1.1344E+39  1.7671E+43
  1.0590E+01  5.7364E+43  4.2605E+43  8.6349E+38  1.4758E+43
  1.1220E+01  4.8912E+43  3.6644E+43  6.0678E+38  1.2267E+43
  1.1890E+01  4.1641E+43  3.1481E+43  4.1946E+38  1.0159E+43
  1.2590E+01  3.5706E+43  2.7294E+43  2.8287E+38  8.4119E+42
  1.3340E+01  3.0806E+43  2.3874E+43  1.8665E+38  6.9319E+42
  1.4130E+01  2.7227E+43  2.1522E+43  1.2175E+38  5.7050E+42
  1.4960E+01  2.5397E+43  2.0705E+43  8.4017E+37  4.6919E+42
  1.5850E+01  2.4204E+43  2.0362E+43  6.1314E+37  3.8414E+42
  1.6790E+01  2.3320E+43  2.0179E+43  4.6937E+37  3.1409E+42
  1.7780E+01  2.2371E+43  1.9804E+43  3.7046E+37  2.5663E+42
  1.8840E+01  2.1046E+43  1.8957E+43  2.9090E+37  2.0888E+42
  1.9950E+01  1.9359E+43  1.7658E+43  2.1957E+37  1.7013E+42
  2.1130E+01  1.7717E+43  1.6334E+43  1.6002E+37  1.3827E+42
  2.2390E+01  1.6240E+43  1.5120E+43  1.1610E+37  1.1203E+42
  2.3710E+01  1.4887E+43  1.3978E+43  8.3794E+36  9.0864E+41
  2.5120E+01  1.3579E+43  1.2845E+43  6.0281E+36  7.3479E+41
  2.6610E+01  1.2300E+43  1.1706E+43  4.2975E+36  5.9383E+41
  2.8180E+01  1.1043E+43  1.0563E+43  3.0467E+36  4.7994E+41
  2.9850E+01  9.7945E+42  9.4073E+42  2.1400E+36  3.8717E+41
  3.1620E+01  8.5655E+42  8.2535E+42  1.4839E+36  3.1199E+41
  3.3500E+01  7.3757E+42  7.1246E+42  1.0151E+36  2.5106E+41
  3.5480E+01  6.2567E+42  6.0546E+42  6.8532E+35  2.0210E+41
  3.7580E+01  5.2228E+42  5.0603E+42  4.5592E+35  1.6253E+41
  3.9810E+01  4.2864E+42  4.1558E+42  2.9878E+35  1.3054E+41
  4.2170E+01  3.4666E+42  3.3618E+42  1.9302E+35  1.0479E+41
  4.4670E+01  2.7662E+42  2.6821E+42  1.2292E+35  8.4074E+40
  4.7320E+01  2.1812E+42  2.1138E+42  7.7309E+34  6.7400E+40
  5.0120E+01  1.7023E+42  1.6483E+42  4.8097E+34  5.4034E+40
  5.3090E+01  1.3154E+42  1.2722E+42  2.9617E+34  4.3282E+40
  5.6230E+01  1.0085E+42  9.7383E+41  1.8084E+34  3.4667E+40
  5.9570E+01  7.6685E+41  7.3912E+41  1.0948E+34  2.7728E+40
  6.3100E+01  5.7971E+41  5.5753E+41  6.5882E+33  2.2180E+40
  6.6830E+01  4.3604E+41  4.1830E+41  3.9445E+33  1.7744E+40
  7.0790E+01  3.2641E+41  3.1223E+41  2.3502E+33  1.4183E+40
  7.4990E+01  2.4329E+41  2.3196E+41  1.3945E+33  1.1329E+40
  7.9430E+01  1.8079E+41  1.7174E+41  8.2529E+32  9.0505E+39
  8.4140E+01  1.3394E+41  1.2671E+41  4.8699E+32  7.2256E+39
  8.9130E+01  9.9047E+40  9.3280E+40  2.8698E+32  5.7665E+39
  9.4410E+01  7.3128E+40  6.8525E+40  1.6893E+32  4.6021E+39
  1.0000E+02  5.3907E+40  5.0235E+40  9.9336E+31  3.6722E+39
  1.0590E+02  3.9736E+40  3.6805E+40  5.8455E+31  2.9317E+39
  1.1220E+02  2.9265E+40  2.6929E+40  3.4369E+31  2.3358E+39
  1.1890E+02  2.1588E+40  1.9729E+40  2.0250E+31  1.8590E+39
  1.2590E+02  1.6036E+40  1.4553E+40  1.2019E+31  1.4838E+39
  1.3340E+02  1.1953E+40  1.0772E+40  7.1680E+30  1.1811E+39
  1.4130E+02  8.8518E+39  7.9106E+39  4.2686E+30  9.4117E+38
  1.4960E+02  6.4349E+39  5.6837E+39  2.5010E+30  7.5121E+38
  1.5850E+02  4.6508E+39  4.0530E+39  1.4552E+30  5.9781E+38
  1.7780E+02  2.4632E+39  2.0837E+39  4.9970E+29  3.7942E+38
  1.9950E+02  1.3157E+39  1.0753E+39  1.7365E+29  2.4043E+38
  2.2390E+02  7.0653E+38  5.5438E+38  6.0931E+28  1.5216E+38
  2.5120E+02  3.8206E+38  2.8568E+38  2.1612E+28  9.6376E+37
  2.8180E+02  2.0800E+38  1.4695E+38  7.7454E+27  6.1043E+37
  3.1620E+02  1.1400E+38  7.5382E+37  2.8019E+27  3.8617E+37
  3.5480E+02  6.3022E+37  3.8601E+37  1.0237E+27  2.4421E+37
  3.9810E+02  3.5174E+37  1.9732E+37  3.7796E+26  1.5442E+37
  4.4670E+02  1.9830E+37  1.0070E+37  1.4089E+26  9.7603E+36
  5.0120E+02  1.1302E+37  5.1323E+36  5.3009E+25  6.1695E+36
  5.6230E+02  6.5138E+36  2.6135E+36  2.0115E+25  3.9003E+36
  6.3100E+02  3.7909E+36  1.3280E+36  7.6845E+24  2.4629E+36
  7.0790E+02  2.2315E+36  6.7475E+35  2.9587E+24  1.5568E+36
  7.9430E+02  1.3255E+36  3.4223E+35  1.1449E+24  9.8325E+35
  8.9130E+02  7.9413E+35  1.7335E+35  4.4512E+23  6.2077E+35
  1.0000E+03  4.7991E+35  8.7776E+34  1.7391E+23  3.9214E+35
