  1.0000E-03  1.0356E+45  0.0000E+00  1.5900E+44  8.7662E+44
  1.1220E-03  1.1465E+45  0.0000E+00  1.6289E+44  9.8357E+44
  1.2590E-03  1.2620E+45  0.0000E+00  1.5832E+44  1.1037E+45
  1.4130E-03  1.3874E+45  0.0000E+00  1.4875E+44  1.2387E+45
  1.5850E-03  1.5316E+45  0.0000E+00  1.4214E+44  1.3894E+45
  1.7780E-03  1.7219E+45  0.0000E+00  1.6334E+44  1.5586E+45
  1.9950E-03  1.8979E+45  0.0000E+00  1.4906E+44  1.7488E+45
  2.2390E-03  2.0975E+45  0.0000E+00  1.3475E+44  1.9627E+45
  2.5120E-03  2.3539E+45  0.0000E+00  1.5192E+44  2.2020E+45
  2.8180E-03  2.6050E+45  0.0000E+00  1.3482E+44  2.4702E+45
  3.1620E-03  2.8931E+45  0.0000E+00  1.2122E+44  2.7718E+45
  3.5480E-03  3.2196E+45  0.0000E+00  1.0927E+44  3.1103E+45
  3.9810E-03  3.5876E+45  0.0000E+00  9.7735E+43  3.4898E+45
  4.4670E-03  4.3219E+45  0.0000E+00  4.0606E+44  3.9158E+45
  5.0120E-03  4.7968E+45  0.0000E+00  4.0319E+44  4.3936E+45
  5.6230E-03  5.3494E+45  0.0000E+00  4.2021E+44  4.9292E+45
  5.9570E-03  5.6558E+45  0.0000E+00  4.3378E+44  5.2220E+45
  6.6830E-03  6.3251E+45  0.0000E+00  4.6655E+44  5.8585E+45
  7.4990E-03  7.0806E+45  0.0000E+00  5.0678E+44  6.5738E+45
  8.4140E-03  7.9168E+45  0.0000E+00  5.4095E+44  7.3758E+45
  9.4410E-03  8.8520E+45  0.0000E+00  5.7593E+44  8.2761E+45
  1.0590E-02  9.8977E+45  0.0000E+00  6.1437E+44  9.2833E+45
  1.1890E-02  1.1070E+46  0.0000E+00  6.4680E+44  1.0423E+46
  1.3340E-02  1.2374E+46  0.0000E+00  6.7968E+44  1.1694E+46
  1.4960E-02  1.3824E+46  0.0000E+00  7.1040E+44  1.3114E+46
  1.6790E-02  1.5462E+46  0.0000E+00  7.4344E+44  1.4718E+46
  1.8840E-02  1.7295E+46  0.0000E+00  7.7926E+44  1.6515E+46
  2.1130E-02  1.9340E+46  0.0000E+00  8.1603E+44  1.8524E+46
  2.3710E-02  2.1639E+46  0.0000E+00  8.5484E+44  2.0785E+46
  2.6610E-02  2.4221E+46  0.0000E+00  8.9431E+44  2.3326E+46
  2.9850E-02  2.7100E+46  1.6445E-82  9.3339E+44  2.6166E+46
  3.3500E-02  3.0334E+46  1.0132E-67  9.6750E+44  2.9367E+46
  3.7580E-02  3.3967E+46  1.2641E-54  1.0246E+45  3.2942E+46
  4.2170E-02  3.8251E+46  5.3069E-43  1.2838E+45  3.6967E+46
  4.7320E-02  4.2801E+46  1.3044E-32  1.3194E+45  4.1482E+46
  5.3090E-02  4.4426E+46  2.1925E-23  1.2133E+45  4.3212E+46
  6.6830E-02  4.2051E+46  6.6911E-08  7.8266E+44  4.1268E+46
  7.4990E-02  4.0913E+46  1.9767E-01  5.8483E+44  4.0328E+46
  8.4140E-02  4.0015E+46  1.0227E+05  6.0537E+44  3.9410E+46
  9.4410E-02  3.9145E+46  1.1912E+10  6.3258E+44  3.8513E+46
  1.0590E-01  3.5814E+46  3.3506E+14  7.5841E+44  3.5055E+46
  1.1890E-01  3.0244E+46  2.9153E+18  7.7707E+44  2.9467E+46
  1.3340E-01  2.5547E+46  7.4034E+21  7.5183E+44  2.4795E+46
  1.4960E-01  2.1425E+46  9.9179E+24  5.4617E+44  2.0878E+46
  1.5850E-01  1.9576E+46  2.9822E+26  4.3075E+44  1.9145E+46
  1.7780E-01  1.6424E+46  1.3734E+29  3.1003E+44  1.6114E+46
  1.9950E-01  1.3767E+46  3.0762E+31  2.0880E+44  1.3558E+46
  2.2390E-01  1.1582E+46  3.1210E+33  1.7858E+44  1.1403E+46
  2.3710E-01  1.0674E+46  2.2444E+34  2.0998E+44  1.0464E+46
  2.5120E-01  9.8240E+45  1.4343E+35  2.2820E+44  9.5958E+45
  2.6610E-01  9.0252E+45  8.3571E+35  2.2402E+44  8.8012E+45
  2.8180E-01  8.2862E+45  4.3701E+36  2.1013E+44  8.0761E+45
  2.9850E-01  7.6032E+45  2.0593E+37  1.9531E+44  7.4079E+45
  3.1620E-01  6.9778E+45  8.6811E+37  1.8312E+44  6.7947E+45
  3.3500E-01  6.4025E+45  3.3270E+38  1.7171E+44  6.2308E+45
  3.5480E-01  5.8774E+45  1.1611E+39  1.6091E+44  5.7165E+45
  3.7580E-01  5.3952E+45  3.7354E+39  1.5104E+44  5.2442E+45
  3.9810E-01  4.9522E+45  1.1054E+40  1.4241E+44  4.8097E+45
  4.2170E-01  4.5470E+45  3.0077E+40  1.3535E+44  4.4116E+45
  4.4670E-01  4.1761E+45  7.5875E+40  1.2941E+44  4.0466E+45
  4.7320E-01  3.8356E+45  1.7984E+41  1.2397E+44  3.7115E+45
  5.0120E-01  3.5240E+45  4.0155E+41  1.1882E+44  3.4048E+45
  5.3090E-01  3.2382E+45  8.4933E+41  1.1421E+44  3.1232E+45
  5.6230E-01  2.9769E+45  1.6989E+42  1.1006E+44  2.8651E+45
  5.9570E-01  2.7372E+45  3.2362E+42  1.0642E+44  2.6276E+45
  6.3100E-01  2.5196E+45  5.8693E+42  1.0337E+44  2.4103E+45
  6.6830E-01  2.3225E+45  1.0146E+43  1.0097E+44  2.2114E+45
  7.0790E-01  2.1446E+45  1.6804E+43  9.9382E+43  2.0284E+45
  7.4990E-01  1.9857E+45  2.6689E+43  9.8513E+43  1.8605E+45
  7.9430E-01  1.8459E+45  4.0736E+43  9.8582E+43  1.7066E+45
  8.4140E-01  1.7253E+45  5.9938E+43  9.9993E+43  1.5653E+45
  8.9130E-01  1.6241E+45  8.5375E+43  1.0295E+44  1.4357E+45
  9.4410E-01  1.5419E+45  1.1747E+44  1.0744E+44  1.3170E+45
  1.0000E+00  1.4774E+45  1.5624E+44  1.1302E+44  1.2081E+45
  1.0590E+00  1.4294E+45  2.0141E+44  1.1944E+44  1.1086E+45
  1.1220E+00  1.3961E+45  2.5331E+44  1.2625E+44  1.0165E+45
  1.1890E+00  1.3757E+45  3.1117E+44  1.3272E+44  9.3183E+44
  1.2590E+00  1.3654E+45  3.7237E+44  1.3779E+44  8.5520E+44
  1.3340E+00  1.3607E+45  4.3536E+44  1.4126E+44  7.8411E+44
  1.4130E+00  1.3571E+45  4.9525E+44  1.4259E+44  7.1927E+44
  1.4960E+00  1.3517E+45  5.5005E+44  1.4140E+44  6.6026E+44
  1.5850E+00  1.3428E+45  5.9986E+44  1.3755E+44  6.0543E+44
  1.6790E+00  1.3267E+45  6.4069E+44  1.3075E+44  5.5530E+44
  1.7780E+00  1.3007E+45  6.7014E+44  1.2104E+44  5.0957E+44
  1.8840E+00  1.2650E+45  6.8877E+44  1.0906E+44  4.6719E+44
  1.9950E+00  1.2193E+45  6.9504E+44  9.5557E+43  4.2875E+44
  2.1130E+00  1.1648E+45  6.8994E+44  8.1494E+43  3.9333E+44
  2.2390E+00  1.1020E+45  6.7368E+44  6.7705E+43  3.6061E+44
  2.3710E+00  1.0336E+45  6.4776E+44  5.4919E+43  3.3092E+44
  2.5120E+00  9.6175E+44  6.1467E+44  4.3634E+43  3.0344E+44
  2.6610E+00  8.8821E+44  5.7586E+44  3.4032E+43  2.7832E+44
  2.8180E+00  8.1445E+44  5.3296E+44  2.6104E+43  2.5538E+44
  2.9850E+00  7.4228E+44  4.8827E+44  1.9744E+43  2.3426E+44
  3.1620E+00  6.7254E+44  4.4292E+44  1.4748E+43  2.1487E+44
  3.3500E+00  6.0763E+44  3.9967E+44  1.0917E+43  1.9704E+44
  3.5480E+00  5.4650E+44  3.5772E+44  8.0086E+42  1.8078E+44
  3.7580E+00  4.9028E+44  3.1861E+44  5.8327E+42  1.6583E+44
  3.9810E+00  4.3885E+44  2.8253E+44  4.2215E+42  1.5210E+44
  4.2170E+00  3.9221E+44  2.4966E+44  3.0400E+42  1.3951E+44
  4.4670E+00  3.5015E+44  2.2001E+44  2.1795E+42  1.2796E+44
  4.7320E+00  3.1249E+44  1.9357E+44  1.5561E+42  1.1737E+44
  5.0120E+00  2.7923E+44  1.7021E+44  1.1085E+42  1.0791E+44
  5.3090E+00  2.4632E+44  1.4952E+44  7.7754E+41  9.6024E+43
  5.6230E+00  2.1675E+44  1.3141E+44  5.4186E+41  8.4805E+43
  5.9570E+00  1.9035E+44  1.1566E+44  3.7536E+41  7.4316E+43
  6.3100E+00  1.6631E+44  1.0134E+44  2.5773E+41  6.4710E+43
  6.6830E+00  1.4610E+44  8.9908E+43  1.7698E+41  5.6014E+43
  7.0790E+00  1.2773E+44  7.9424E+43  1.2004E+41  4.8190E+43
  7.4990E+00  1.1290E+44  7.1593E+43  8.0836E+40  4.1229E+43
  7.9430E+00  1.0603E+44  7.0868E+43  5.6435E+40  3.5109E+43
  8.4140E+00  1.0632E+44  7.6521E+43  4.3293E+40  2.9752E+43
  8.9130E+00  1.0546E+44  8.0322E+43  3.5012E+40  2.5104E+43
  9.4410E+00  1.0314E+44  8.2011E+43  3.1003E+40  2.1101E+43
  1.0000E+01  8.8435E+43  7.0741E+43  2.3462E+40  1.7671E+43
  1.0590E+01  7.3752E+43  5.8977E+43  1.6973E+40  1.4758E+43
  1.1220E+01  6.0257E+43  4.7978E+43  1.1244E+40  1.2267E+43
  1.1890E+01  4.9420E+43  3.9253E+43  7.3826E+39  1.0159E+43
  1.2590E+01  4.0964E+43  3.2548E+43  4.7524E+39  8.4119E+42
  1.3340E+01  3.4274E+43  2.7339E+43  3.0153E+39  6.9319E+42
  1.4130E+01  2.9530E+43  2.3823E+43  1.9158E+39  5.7050E+42
  1.4960E+01  2.7069E+43  2.2376E+43  1.3147E+39  4.6919E+42
  1.5850E+01  2.5365E+43  2.1523E+43  9.5781E+38  3.8414E+42
  1.6790E+01  2.4004E+43  2.0863E+43  7.3173E+38  3.1409E+42
  1.7780E+01  2.2542E+43  1.9975E+43  5.7303E+38  2.5663E+42
  1.8840E+01  2.0638E+43  1.8549E+43  4.4180E+38  2.0888E+42
  1.9950E+01  1.8385E+43  1.6684E+43  3.2427E+38  1.7013E+42
  2.1130E+01  1.6283E+43  1.4900E+43  2.2954E+38  1.3827E+42
  2.2390E+01  1.4454E+43  1.3334E+43  1.6206E+38  1.1203E+42
  2.3710E+01  1.2848E+43  1.1940E+43  1.1401E+38  9.0864E+41
  2.5120E+01  1.1372E+43  1.0637E+43  8.0028E+37  7.3479E+41
  2.6610E+01  1.0005E+43  9.4108E+42  5.5718E+37  5.9383E+41
  2.8180E+01  8.7343E+42  8.2543E+42  3.8616E+37  4.7994E+41
  2.9850E+01  7.5381E+42  7.1509E+42  2.6532E+37  3.8717E+41
  3.1620E+01  6.4201E+42  6.1081E+42  1.8005E+37  3.1199E+41
  3.3500E+01  5.3879E+42  5.1368E+42  1.2060E+37  2.5106E+41
  3.5480E+01  4.4583E+42  4.2562E+42  7.9772E+36  2.0210E+41
  3.7580E+01  3.6331E+42  3.4706E+42  5.2018E+36  1.6253E+41
  3.9810E+01  2.9135E+42  2.7829E+42  3.3428E+36  1.3054E+41
  4.2170E+01  2.3048E+42  2.2000E+42  2.1192E+36  1.0479E+41
  4.4670E+01  1.8010E+42  1.7169E+42  1.3255E+36  8.4074E+40
  4.7320E+01  1.3923E+42  1.3249E+42  8.1961E+35  6.7400E+40
  5.0120E+01  1.0668E+42  1.0127E+42  5.0190E+35  5.4034E+40
  5.3090E+01  8.1030E+41  7.6702E+41  3.0455E+35  4.3282E+40
  5.6230E+01  6.1147E+41  5.7680E+41  1.8348E+35  3.4667E+40
  5.9570E+01  4.5824E+41  4.3051E+41  1.0973E+35  2.7728E+40
  6.3100E+01  3.4187E+41  3.1969E+41  6.5315E+34  2.2180E+40
  6.6830E+01  2.5412E+41  2.3637E+41  3.8731E+34  1.7744E+40
  7.0790E+01  1.8822E+41  1.7403E+41  2.2884E+34  1.4183E+40
  7.4990E+01  1.3898E+41  1.2765E+41  1.3482E+34  1.1329E+40
  7.9430E+01  1.0244E+41  9.3389E+40  7.9319E+33  9.0505E+39
  8.4140E+01  7.5370E+40  6.8144E+40  4.6584E+33  7.2256E+39
  8.9130E+01  5.5416E+40  4.9650E+40  2.7353E+33  5.7665E+39
  9.4410E+01  4.0728E+40  3.6126E+40  1.6061E+33  4.6021E+39
  1.0000E+02  2.9921E+40  2.6249E+40  9.4318E+32  3.6722E+39
  1.0590E+02  2.2006E+40  1.9074E+40  5.5486E+32  2.9317E+39
  1.1220E+02  1.6186E+40  1.3851E+40  3.2643E+32  2.3358E+39
  1.1890E+02  1.1937E+40  1.0078E+40  1.9260E+32  1.8590E+39
  1.2590E+02  8.8729E+39  7.3890E+39  1.1456E+32  1.4838E+39
  1.3340E+02  6.6215E+39  5.4404E+39  6.8493E+31  1.1811E+39
  1.4130E+02  4.9157E+39  3.9745E+39  4.0942E+31  9.4117E+38
  1.4960E+02  3.5905E+39  2.8393E+39  2.4133E+31  7.5121E+38
  1.5850E+02  2.6110E+39  2.0132E+39  1.4143E+31  5.9781E+38
  1.7780E+02  1.4043E+39  1.0249E+39  4.9352E+30  3.7942E+38
  1.9950E+02  7.6497E+38  5.2454E+38  1.7469E+30  2.4043E+38
  2.2390E+02  4.2068E+38  2.6852E+38  6.2557E+29  1.5216E+38
  2.5120E+02  2.3391E+38  1.3753E+38  2.2679E+29  9.6376E+37
  2.8180E+02  1.3142E+38  7.0374E+37  8.3143E+28  6.1043E+37
  3.1620E+02  7.4551E+37  3.5934E+37  3.0770E+28  3.8617E+37
  3.5480E+02  4.2748E+37  1.8327E+37  1.1495E+28  2.4421E+37
  3.9810E+02  2.4777E+37  9.3356E+36  4.3348E+27  1.5442E+37
  4.4670E+02  1.4510E+37  4.7496E+36  1.6479E+27  9.7603E+36
  5.0120E+02  8.5838E+36  2.4144E+36  6.3123E+26  6.1695E+36
  5.6230E+02  5.1269E+36  1.2266E+36  2.4338E+26  3.9003E+36
  6.3100E+02  3.0849E+36  6.2200E+35  9.4292E+25  2.4629E+36
  7.0790E+02  1.8723E+36  3.1548E+35  3.6746E+25  1.5568E+36
  7.9430E+02  1.1430E+36  1.5976E+35  1.4367E+25  9.8325E+35
  8.9130E+02  7.0159E+35  8.0815E+34  5.6347E+24  6.2077E+35
  1.0000E+03  4.3301E+35  4.0871E+34  2.2177E+24  3.9214E+35
