  1.0000E-03  8.8046E+44  0.0000E+00  3.8432E+42  8.7662E+44
  1.1220E-03  9.8810E+44  0.0000E+00  4.5299E+42  9.8357E+44
  1.2590E-03  1.1087E+45  0.0000E+00  5.0277E+42  1.1037E+45
  1.4130E-03  1.2440E+45  0.0000E+00  5.2958E+42  1.2387E+45
  1.5850E-03  1.3948E+45  0.0000E+00  5.3699E+42  1.3894E+45
  1.7780E-03  1.5645E+45  0.0000E+00  5.9281E+42  1.5586E+45
  1.9950E-03  1.7549E+45  0.0000E+00  6.0532E+42  1.7488E+45
  2.2390E-03  1.9683E+45  0.0000E+00  5.5787E+42  1.9627E+45
  2.5120E-03  2.2082E+45  0.0000E+00  6.1861E+42  2.2020E+45
  2.8180E-03  2.4763E+45  0.0000E+00  6.0623E+42  2.4702E+45
  3.1620E-03  2.7776E+45  0.0000E+00  5.7609E+42  2.7718E+45
  3.5480E-03  3.1157E+45  0.0000E+00  5.4172E+42  3.1103E+45
  3.9810E-03  3.4949E+45  0.0000E+00  5.0703E+42  3.4898E+45
  4.4670E-03  3.9472E+45  0.0000E+00  3.1398E+43  3.9158E+45
  5.0120E-03  4.4213E+45  0.0000E+00  2.7750E+43  4.3936E+45
  5.6230E-03  4.9533E+45  0.0000E+00  2.4072E+43  4.9292E+45
  5.9570E-03  5.2446E+45  0.0000E+00  2.2538E+43  5.2220E+45
  6.6830E-03  5.8789E+45  0.0000E+00  2.0405E+43  5.8585E+45
  7.4990E-03  6.5930E+45  0.0000E+00  1.9220E+43  6.5738E+45
  8.4140E-03  7.3946E+45  0.0000E+00  1.8710E+43  7.3758E+45
  9.4410E-03  8.2947E+45  0.0000E+00  1.8633E+43  8.2761E+45
  1.0590E-02  9.3021E+45  0.0000E+00  1.8763E+43  9.2833E+45
  1.1890E-02  1.0443E+46  0.0000E+00  1.9852E+43  1.0423E+46
  1.3340E-02  1.1715E+46  0.0000E+00  2.0905E+43  1.1694E+46
  1.4960E-02  1.3136E+46  0.0000E+00  2.2362E+43  1.3114E+46
  1.6790E-02  1.4743E+46  0.0000E+00  2.4143E+43  1.4718E+46
  1.8840E-02  1.6542E+46  0.0000E+00  2.6287E+43  1.6515E+46
  2.1130E-02  1.8552E+46  0.0000E+00  2.8894E+43  1.8524E+46
  2.3710E-02  2.0816E+46  0.0000E+00  3.1940E+43  2.0785E+46
  2.6610E-02  2.3362E+46  0.0000E+00  3.5483E+43  2.3326E+46
  2.9850E-02  2.6206E+46  1.1676E-82  3.9520E+43  2.6166E+46
  3.3500E-02  2.9410E+46  7.3419E-68  4.3937E+43  2.9367E+46
  3.7580E-02  3.2990E+46  9.1927E-55  4.7408E+43  3.2942E+46
  4.2170E-02  3.7028E+46  3.9333E-43  6.1437E+43  3.6967E+46
  4.7320E-02  4.1556E+46  1.0043E-32  7.4149E+43  4.1482E+46
  5.3090E-02  4.3295E+46  1.7486E-23  8.2153E+43  4.3212E+46
  6.6830E-02  4.1361E+46  5.8125E-08  9.2648E+43  4.1268E+46
  7.4990E-02  4.0426E+46  1.8370E-01  9.8130E+43  4.0328E+46
  8.4140E-02  3.9502E+46  9.6588E+04  9.1765E+43  3.9410E+46
  9.4410E-02  3.8601E+46  1.1608E+10  8.7938E+43  3.8513E+46
  1.0590E-01  3.5132E+46  3.3675E+14  7.6733E+43  3.5055E+46
  1.1890E-01  2.9522E+46  2.7389E+18  5.4401E+43  2.9467E+46
  1.3340E-01  2.4835E+46  6.0759E+21  3.9027E+43  2.4795E+46
  1.4960E-01  2.0903E+46  7.3964E+24  2.4189E+43  2.0878E+46
  1.5850E-01  1.9164E+46  2.2023E+26  1.9237E+43  1.9145E+46
  1.7780E-01  1.6130E+46  1.0924E+29  1.5723E+43  1.6114E+46
  1.9950E-01  1.3574E+46  2.8653E+31  1.6270E+43  1.3558E+46
  2.2390E-01  1.1421E+46  3.2870E+33  1.8016E+43  1.1403E+46
  2.3710E-01  1.0482E+46  2.2859E+34  1.7224E+43  1.0464E+46
  2.5120E-01  9.6109E+45  1.3791E+35  1.5064E+43  9.5958E+45
  2.6610E-01  8.8140E+45  7.6857E+35  1.2836E+43  8.8012E+45
  2.8180E-01  8.0870E+45  3.8916E+36  1.0973E+43  8.0761E+45
  2.9850E-01  7.4174E+45  1.7866E+37  9.5117E+42  7.4079E+45
  3.1620E-01  6.8030E+45  7.3572E+37  8.3856E+42  6.7947E+45
  3.3500E-01  6.2383E+45  2.7618E+38  7.4528E+42  6.2308E+45
  3.5480E-01  5.7232E+45  9.4734E+38  6.6776E+42  5.7165E+45
  3.7580E-01  5.2502E+45  3.0025E+39  6.0254E+42  5.2442E+45
  3.9810E-01  4.8152E+45  8.7556E+39  5.4840E+42  4.8097E+45
  4.2170E-01  4.4167E+45  2.3476E+40  5.0344E+42  4.4116E+45
  4.4670E-01  4.0513E+45  5.8322E+40  4.6638E+42  4.0466E+45
  4.7320E-01  3.7160E+45  1.3615E+41  4.3453E+42  3.7115E+45
  5.0120E-01  3.4092E+45  2.9940E+41  4.0672E+42  3.4048E+45
  5.3090E-01  3.1276E+45  6.2363E+41  3.8247E+42  3.1232E+45
  5.6230E-01  2.8700E+45  1.2277E+42  3.6196E+42  2.8651E+45
  5.9570E-01  2.6333E+45  2.3001E+42  3.4450E+42  2.6276E+45
  6.3100E-01  2.4177E+45  4.0985E+42  3.2976E+42  2.4103E+45
  6.6830E-01  2.2215E+45  6.9550E+42  3.1727E+42  2.2114E+45
  7.0790E-01  2.0428E+45  1.1287E+43  3.0783E+42  2.0284E+45
  7.4990E-01  1.8810E+45  1.7536E+43  3.0107E+42  1.8605E+45
  7.9430E-01  1.7357E+45  2.6127E+43  2.9698E+42  1.7066E+45
  8.4140E-01  1.6057E+45  3.7464E+43  2.9532E+42  1.5653E+45
  8.9130E-01  1.4906E+45  5.1863E+43  2.9583E+42  1.4357E+45
  9.4410E-01  1.3892E+45  6.9276E+43  2.9724E+42  1.3170E+45
  1.0000E+00  1.3005E+45  8.9416E+43  2.9813E+42  1.2081E+45
  1.0590E+00  1.2233E+45  1.1176E+44  2.9827E+42  1.1086E+45
  1.1220E+00  1.1556E+45  1.3608E+44  2.9671E+42  1.0165E+45
  1.1890E+00  1.0964E+45  1.6163E+44  2.9217E+42  9.3183E+44
  1.2590E+00  1.0448E+45  1.8677E+44  2.8321E+42  8.5520E+44
  1.3340E+00  9.9761E+44  2.1080E+44  2.7009E+42  7.8411E+44
  1.4130E+00  9.5351E+44  2.3170E+44  2.5337E+42  7.1927E+44
  1.4960E+00  9.1141E+44  2.4882E+44  2.3356E+42  6.6026E+44
  1.5850E+00  8.6994E+44  2.6240E+44  2.1118E+42  6.0543E+44
  1.6790E+00  8.2820E+44  2.7103E+44  1.8679E+42  5.5530E+44
  1.7780E+00  7.8538E+44  2.7419E+44  1.6123E+42  5.0957E+44
  1.8840E+00  7.4118E+44  2.7263E+44  1.3572E+42  4.6719E+44
  1.9950E+00  6.9622E+44  2.6636E+44  1.1146E+42  4.2875E+44
  2.1130E+00  6.5038E+44  2.5616E+44  8.9389E+41  3.9333E+44
  2.2390E+00  6.0381E+44  2.4250E+44  7.0111E+41  3.6061E+44
  2.3710E+00  5.5778E+44  2.2633E+44  5.3958E+41  3.3092E+44
  2.5120E+00  5.1253E+44  2.0868E+44  4.0861E+41  3.0344E+44
  2.6610E+00  4.6882E+44  1.9019E+44  3.0536E+41  2.7832E+44
  2.8180E+00  4.2708E+44  1.7147E+44  2.2568E+41  2.5538E+44
  2.9850E+00  3.8768E+44  1.5325E+44  1.6532E+41  2.3426E+44
  3.1620E+00  3.5084E+44  1.3585E+44  1.2025E+41  2.1487E+44
  3.3500E+00  3.1719E+44  1.2006E+44  8.7093E+40  1.9704E+44
  3.5480E+00  2.8635E+44  1.0551E+44  6.2846E+40  1.8078E+44
  3.7580E+00  2.5843E+44  9.2548E+43  4.5230E+40  1.6583E+44
  3.9810E+00  2.3321E+44  8.1081E+43  3.2491E+40  1.5210E+44
  4.2170E+00  2.1058E+44  7.1043E+43  2.3319E+40  1.3951E+44
  4.4670E+00  1.9030E+44  6.2321E+43  1.6725E+40  1.2796E+44
  4.7320E+00  1.7217E+44  5.4796E+43  1.1985E+40  1.1737E+44
  5.0120E+00  1.5626E+44  4.8337E+43  8.6005E+39  1.0791E+44
  5.3090E+00  1.3878E+44  4.2753E+43  6.0304E+39  9.6024E+43
  5.6230E+00  1.2277E+44  3.7957E+43  4.1999E+39  8.4805E+43
  5.9570E+00  1.0817E+44  3.3851E+43  2.9054E+39  7.4316E+43
  6.3100E+00  9.4844E+43  3.0132E+43  1.9940E+39  6.4710E+43
  6.6830E+00  8.3264E+43  2.7249E+43  1.3635E+39  5.6014E+43
  7.0790E+00  7.2768E+43  2.4577E+43  9.2151E+38  4.8190E+43
  7.4990E+00  6.3701E+43  2.2471E+43  6.1569E+38  4.1229E+43
  7.9430E+00  5.6958E+43  2.1848E+43  4.1966E+38  3.5109E+43
  8.4140E+00  5.2598E+43  2.2846E+43  3.1310E+38  2.9752E+43
  8.9130E+00  4.8971E+43  2.3866E+43  2.5087E+38  2.5104E+43
  9.4410E+00  4.5809E+43  2.4708E+43  2.2371E+38  2.1101E+43
  1.0000E+01  3.9755E+43  2.2084E+43  1.6641E+38  1.7671E+43
  1.0590E+01  3.3869E+43  1.9111E+43  1.1804E+38  1.4758E+43
  1.1220E+01  2.8462E+43  1.6195E+43  7.6872E+37  1.2267E+43
  1.1890E+01  2.3894E+43  1.3735E+43  4.9991E+37  1.0159E+43
  1.2590E+01  2.0210E+43  1.1798E+43  3.1967E+37  8.4119E+42
  1.3340E+01  1.7160E+43  1.0228E+43  2.0173E+37  6.9319E+42
  1.4130E+01  1.4834E+43  9.1291E+42  1.2696E+37  5.7050E+42
  1.4960E+01  1.3361E+43  8.6687E+42  8.5276E+36  4.6919E+42
  1.5850E+01  1.2250E+43  8.4084E+42  6.0688E+36  3.8414E+42
  1.6790E+01  1.1362E+43  8.2212E+42  4.5386E+36  3.1409E+42
  1.7780E+01  1.0523E+43  7.9563E+42  3.4919E+36  2.5663E+42
  1.8840E+01  9.5760E+42  7.4872E+42  2.6506E+36  2.0888E+42
  1.9950E+01  8.5350E+42  6.8336E+42  1.9177E+36  1.7013E+42
  2.1130E+01  7.5717E+42  6.1890E+42  1.3390E+36  1.3827E+42
  2.2390E+01  6.7286E+42  5.6083E+42  9.3300E+35  1.1203E+42
  2.3710E+01  5.9863E+42  5.0777E+42  6.4837E+35  9.0864E+41
  2.5120E+01  5.3026E+42  4.5679E+42  4.5005E+35  7.3479E+41
  2.6610E+01  4.6691E+42  4.0753E+42  3.1023E+35  5.9383E+41
  2.8180E+01  4.0801E+42  3.6002E+42  2.1315E+35  4.7994E+41
  2.9850E+01  3.5250E+42  3.1378E+42  1.4537E+35  3.8717E+41
  3.1620E+01  3.0058E+42  2.6938E+42  9.8053E+34  3.1199E+41
  3.3500E+01  2.5258E+42  2.2748E+42  6.5361E+34  2.5106E+41
  3.5480E+01  2.0930E+42  1.8909E+42  4.3084E+34  2.0210E+41
  3.7580E+01  1.7083E+42  1.5458E+42  2.8032E+34  1.6253E+41
  3.9810E+01  1.3726E+42  1.2420E+42  1.7998E+34  1.3054E+41
  4.2170E+01  1.0882E+42  9.8344E+41  1.1415E+34  1.0479E+41
  4.4670E+01  8.5256E+41  7.6848E+41  7.1521E+33  8.4074E+40
  4.7320E+01  6.6107E+41  5.9367E+41  4.4360E+33  6.7400E+40
  5.0120E+01  5.0821E+41  4.5418E+41  2.7284E+33  5.4034E+40
  5.3090E+01  3.8752E+41  3.4424E+41  1.6653E+33  4.3282E+40
  5.6230E+01  2.9370E+41  2.5903E+41  1.0105E+33  3.4667E+40
  5.9570E+01  2.2118E+41  1.9345E+41  6.0956E+32  2.7728E+40
  6.3100E+01  1.6591E+41  1.4373E+41  3.6649E+32  2.2180E+40
  6.6830E+01  1.2407E+41  1.0632E+41  2.1983E+32  1.7744E+40
  7.0790E+01  9.2502E+40  7.8319E+40  1.3155E+32  1.4183E+40
  7.4990E+01  6.8802E+40  5.7473E+40  7.8610E+31  1.1329E+40
  7.9430E+01  5.1117E+40  4.2067E+40  4.6969E+31  9.0505E+39
  8.4140E+01  3.7935E+40  3.0709E+40  2.8051E+31  7.2256E+39
  8.9130E+01  2.8151E+40  2.2384E+40  1.6767E+31  5.7665E+39
  9.4410E+01  2.0897E+40  1.6295E+40  1.0035E+31  4.6021E+39
  1.0000E+02  1.5517E+40  1.1845E+40  6.0123E+30  3.6722E+39
  1.0590E+02  1.1543E+40  8.6112E+39  3.6119E+30  2.9317E+39
  1.1220E+02  8.5916E+39  6.2559E+39  2.1710E+30  2.3358E+39
  1.1890E+02  6.4131E+39  4.5541E+39  1.3086E+30  1.8590E+39
  1.2590E+02  4.8250E+39  3.3411E+39  7.9468E+29  1.4838E+39
  1.3340E+02  3.6428E+39  2.4617E+39  4.8445E+29  1.1811E+39
  1.4130E+02  2.7406E+39  1.7994E+39  2.9599E+29  9.4117E+38
  1.4960E+02  2.0369E+39  1.2857E+39  1.7943E+29  7.5121E+38
  1.5850E+02  1.5096E+39  9.1175E+38  1.0829E+29  5.9781E+38
  1.7780E+02  8.4377E+38  4.6435E+38  3.9981E+28  3.7942E+38
  1.9950E+02  4.7820E+38  2.3777E+38  1.4934E+28  2.4043E+38
  2.2390E+02  2.7394E+38  1.2178E+38  5.6299E+27  1.5216E+38
  2.5120E+02  1.5878E+38  6.2403E+37  2.1425E+27  9.6376E+37
  2.8180E+02  9.2988E+37  3.1945E+37  8.2164E+26  6.1043E+37
  3.1620E+02  5.4936E+37  1.6318E+37  3.1681E+26  3.8617E+37
  3.5480E+02  3.2747E+37  8.3256E+36  1.2278E+26  2.4421E+37
  3.9810E+02  1.9684E+37  4.2425E+36  4.7827E+25  1.5442E+37
  4.4670E+02  1.1919E+37  2.1591E+36  1.8701E+25  9.7603E+36
  5.0120E+02  7.2673E+36  1.0979E+36  7.3388E+24  6.1695E+36
  5.6230E+02  4.4582E+36  5.5791E+35  2.8882E+24  3.9003E+36
  6.3100E+02  2.7459E+36  2.8298E+35  1.1384E+24  2.4629E+36
  7.0790E+02  1.7003E+36  1.4356E+35  4.5007E+23  1.5568E+36
  7.9430E+02  1.0560E+36  7.2712E+34  1.7808E+23  9.8325E+35
  8.9130E+02  6.5756E+35  3.6788E+34  7.0527E+22  6.2077E+35
  1.0000E+03  4.1074E+35  1.8608E+34  2.7981E+22  3.9214E+35
