  1.0000E-03  7.8978E+44  0.0000E+00  1.4939E+41  7.8963E+44
  1.1220E-03  8.6301E+44  0.0000E+00  1.9911E+41  8.6281E+44
  1.2590E-03  9.4145E+44  0.0000E+00  2.5317E+41  9.4120E+44
  1.4130E-03  1.0258E+45  0.0000E+00  3.0942E+41  1.0255E+45
  1.5850E-03  1.1218E+45  0.0000E+00  3.6646E+41  1.1214E+45
  1.7780E-03  1.2465E+45  0.0000E+00  4.7208E+41  1.2460E+45
  1.9950E-03  1.3313E+45  0.0000E+00  6.0738E+41  1.3307E+45
  2.2390E-03  1.4381E+45  0.0000E+00  6.9238E+41  1.4374E+45
  2.5120E-03  1.5852E+45  0.0000E+00  9.5429E+41  1.5843E+45
  2.8180E-03  1.6581E+45  0.0000E+00  1.2222E+42  1.6568E+45
  3.1620E-03  1.7470E+45  0.0000E+00  1.4674E+42  1.7455E+45
  3.5480E-03  1.8474E+45  0.0000E+00  1.7021E+42  1.8457E+45
  3.9810E-03  1.9643E+45  0.0000E+00  1.9172E+42  1.9624E+45
  4.4670E-03  2.7509E+45  0.0000E+00  2.1058E+42  2.7488E+45
  5.0120E-03  2.8595E+45  0.0000E+00  2.8320E+42  2.8566E+45
  5.6230E-03  2.9737E+45  0.0000E+00  3.6296E+42  2.9701E+45
  5.9570E-03  3.0380E+45  0.0000E+00  4.0429E+42  3.0340E+45
  6.6830E-03  3.1939E+45  0.0000E+00  4.8658E+42  3.1890E+45
  7.4990E-03  3.4026E+45  0.0000E+00  5.7243E+42  3.3969E+45
  8.4140E-03  3.5920E+45  0.0000E+00  6.6943E+42  3.5853E+45
  9.4410E-03  3.8362E+45  0.0000E+00  7.6139E+42  3.8286E+45
  1.0590E-02  4.2002E+45  0.0000E+00  8.2133E+42  4.1919E+45
  1.1890E-02  4.4623E+45  0.0000E+00  9.8043E+42  4.4525E+45
  1.3340E-02  4.7998E+45  0.0000E+00  1.0968E+43  4.7888E+45
  1.4960E-02  5.1062E+45  0.0000E+00  1.2491E+43  5.0937E+45
  1.6790E-02  5.4610E+45  0.0000E+00  1.4002E+43  5.4470E+45
  1.8840E-02  5.8731E+45  0.0000E+00  1.5485E+43  5.8577E+45
  2.1130E-02  6.2818E+45  0.0000E+00  1.7488E+43  6.2643E+45
  2.3710E-02  6.7089E+45  0.0000E+00  1.9583E+43  6.6893E+45
  2.6610E-02  7.1352E+45  0.0000E+00  2.1862E+43  7.1134E+45
  2.9850E-02  7.5901E+45  4.0202E-84  2.4252E+43  7.5658E+45
  3.3500E-02  8.0702E+45  2.4803E-69  2.6776E+43  8.0435E+45
  3.7580E-02  8.9260E+45  3.0737E-56  2.9413E+43  8.8966E+45
  4.2170E-02  9.4866E+45  1.2855E-44  3.5582E+43  9.4510E+45
  4.7320E-02  9.3591E+45  3.1178E-34  4.0190E+43  9.3190E+45
  5.3090E-02  8.3604E+45  5.0416E-25  4.1760E+43  8.3186E+45
  6.6830E-02  4.3723E+45  1.1468E-09  3.8538E+43  4.3337E+45
  7.4990E-02  2.9023E+45  2.8141E-03  3.3346E+43  2.8690E+45
  8.4140E-02  3.1248E+45  1.5938E+03  3.2933E+43  3.0918E+45
  9.4410E-02  3.2687E+45  2.0202E+08  3.3224E+43  3.2354E+45
  1.0590E-01  3.9083E+45  7.0597E+12  3.3803E+43  3.8745E+45
  1.1890E-01  4.4738E+45  6.5910E+16  2.9822E+43  4.4440E+45
  1.3340E-01  4.7115E+45  1.5277E+20  2.5810E+43  4.6857E+45
  1.4960E-01  4.5881E+45  1.8978E+23  2.0940E+43  4.5672E+45
  1.5850E-01  4.3198E+45  5.6942E+24  1.9188E+43  4.3006E+45
  1.7780E-01  3.4712E+45  2.9227E+27  1.7023E+43  3.4542E+45
  1.9950E-01  2.2463E+45  7.3710E+29  1.3875E+43  2.2325E+45
  2.2390E-01  1.6095E+45  8.2800E+31  1.1405E+43  1.5981E+45
  2.3710E-01  1.7872E+45  6.3847E+32  1.1243E+43  1.7760E+45
  2.5120E-01  1.9991E+45  4.2225E+33  1.0612E+43  1.9884E+45
  2.6610E-01  2.0975E+45  2.4927E+34  9.6701E+42  2.0878E+45
  2.8180E-01  2.1206E+45  1.3161E+35  8.6676E+42  2.1120E+45
  2.9850E-01  2.0999E+45  6.2421E+35  7.7573E+42  2.0921E+45
  3.1620E-01  2.0628E+45  2.6466E+36  6.9588E+42  2.0559E+45
  3.3500E-01  2.0145E+45  1.0209E+37  6.2355E+42  2.0082E+45
  3.5480E-01  1.9552E+45  3.5906E+37  5.5791E+42  1.9497E+45
  3.7580E-01  1.8956E+45  1.1685E+38  4.9720E+42  1.8907E+45
  3.9810E-01  1.8286E+45  3.4886E+38  4.4393E+42  1.8242E+45
  4.2170E-01  1.7705E+45  9.6056E+38  3.9383E+42  1.7666E+45
  4.4670E-01  1.7110E+45  2.4472E+39  3.4978E+42  1.7075E+45
  4.7320E-01  1.6511E+45  5.8593E+39  3.0950E+42  1.6480E+45
  5.0120E-01  1.5907E+45  1.3216E+40  2.7280E+42  1.5880E+45
  5.3090E-01  1.5327E+45  2.8284E+40  2.3890E+42  1.5303E+45
  5.6230E-01  1.4710E+45  5.7149E+40  2.0946E+42  1.4689E+45
  5.9570E-01  1.4080E+45  1.0992E+41  1.8328E+42  1.4061E+45
  6.3100E-01  1.3467E+45  2.0132E+41  1.5970E+42  1.3449E+45
  6.6830E-01  1.2869E+45  3.5178E+41  1.3843E+42  1.2852E+45
  7.0790E-01  1.2277E+45  5.8843E+41  1.1965E+42  1.2259E+45
  7.4990E-01  1.1682E+45  9.4326E+41  1.0323E+42  1.1662E+45
  7.9430E-01  1.1103E+45  1.4522E+42  8.8605E+41  1.1080E+45
  8.4140E-01  1.0542E+45  2.1574E+42  7.5589E+41  1.0513E+45
  8.9130E-01  1.0012E+45  3.1032E+42  6.3830E+41  9.9744E+44
  9.4410E-01  9.4973E+44  4.3220E+42  5.3545E+41  9.4488E+44
  1.0000E+00  8.9904E+44  5.8398E+42  4.4718E+41  8.9276E+44
  1.0590E+00  8.4988E+44  7.6697E+42  3.7206E+41  8.4183E+44
  1.1220E+00  8.0205E+44  9.8591E+42  3.0732E+41  7.9188E+44
  1.1890E+00  7.5622E+44  1.2423E+43  2.5144E+41  7.4354E+44
  1.2590E+00  7.1374E+44  1.5291E+43  2.0330E+41  6.9824E+44
  1.3340E+00  6.7251E+44  1.8508E+43  1.6314E+41  6.5384E+44
  1.4130E+00  6.3322E+44  2.1944E+43  1.3078E+41  6.1115E+44
  1.4960E+00  5.9624E+44  2.5559E+43  1.0455E+41  5.7058E+44
  1.5850E+00  5.6088E+44  2.9439E+43  8.2956E+40  5.3136E+44
  1.6790E+00  5.2783E+44  3.3390E+43  6.5256E+40  4.9438E+44
  1.7780E+00  4.9700E+44  3.7280E+43  5.0811E+40  4.5967E+44
  1.8840E+00  4.6773E+44  4.1174E+43  3.9094E+40  4.2651E+44
  1.9950E+00  4.4054E+44  4.4838E+43  2.9776E+40  3.9567E+44
  2.1130E+00  4.1480E+44  4.8283E+43  2.2453E+40  3.6650E+44
  2.2390E+00  3.9031E+44  5.1408E+43  1.6783E+40  3.3888E+44
  2.3710E+00  3.6735E+44  5.4037E+43  1.2468E+40  3.1330E+44
  2.5120E+00  3.4543E+44  5.6257E+43  9.2152E+39  2.8916E+44
  2.6610E+00  3.2466E+44  5.7937E+43  6.7887E+39  2.6672E+44
  2.8180E+00  3.0493E+44  5.8986E+43  4.9879E+39  2.4593E+44
  2.9850E+00  2.8605E+44  5.9494E+43  3.6570E+39  2.2656E+44
  3.1620E+00  2.6799E+44  5.9417E+43  2.6766E+39  2.0857E+44
  3.3500E+00  2.5088E+44  5.9002E+43  1.9580E+39  1.9187E+44
  3.5480E+00  2.3448E+44  5.7945E+43  1.4304E+39  1.7654E+44
  3.7580E+00  2.1886E+44  5.6517E+43  1.0438E+39  1.6235E+44
  3.9810E+00  2.0399E+44  5.4771E+43  7.6077E+38  1.4922E+44
  4.2170E+00  1.8986E+44  5.2727E+43  5.5395E+38  1.3713E+44
  4.4670E+00  1.7645E+44  5.0458E+43  4.0284E+38  1.2599E+44
  4.7320E+00  1.6384E+44  4.8108E+43  2.9253E+38  1.1573E+44
  5.0120E+00  1.5229E+44  4.5737E+43  2.1260E+38  1.0655E+44
  5.3090E+00  1.3829E+44  4.3370E+43  1.5074E+38  9.4915E+43
  5.6230E+00  1.2500E+44  4.1091E+43  1.0620E+38  8.3907E+43
  5.9570E+00  1.1256E+44  3.8975E+43  7.4395E+37  7.3589E+43
  6.3100E+00  1.0076E+44  3.6639E+43  5.1694E+37  6.4123E+43
  6.6830E+00  9.0322E+43  3.4782E+43  3.5809E+37  5.5540E+43
  7.0790E+00  8.0528E+43  3.2718E+43  2.4513E+37  4.7809E+43
  7.4990E+00  7.3875E+43  3.2980E+43  1.7046E+37  4.0896E+43
  7.9430E+00  7.8703E+43  4.4007E+43  1.3765E+37  3.4697E+43
  8.4140E+00  9.6050E+43  6.6888E+43  1.3651E+37  2.9162E+43
  8.9130E+00  1.1173E+44  8.7331E+43  1.3869E+37  2.4399E+43
  9.4410E+00  1.2437E+44  1.0403E+44  1.5006E+37  2.0340E+43
  1.0000E+01  1.0629E+44  8.9192E+43  1.0839E+37  1.7099E+43
  1.0590E+01  8.5884E+43  7.1524E+43  7.1635E+36  1.4360E+43
  1.1220E+01  6.6090E+43  5.4080E+43  4.1975E+36  1.2010E+43
  1.1890E+01  5.1509E+43  4.1518E+43  2.5028E+36  9.9910E+42
  1.2590E+01  4.0208E+43  3.1905E+43  1.4651E+36  8.3029E+42
  1.3340E+01  3.1816E+43  2.4956E+43  8.5730E+35  6.8607E+42
  1.4130E+01  2.6638E+43  2.0984E+43  5.2092E+35  5.6542E+42
  1.4960E+01  2.5460E+43  2.0813E+43  3.7066E+35  4.6469E+42
  1.5850E+01  2.5264E+43  2.1464E+43  2.8557E+35  3.7995E+42
  1.6790E+01  2.5233E+43  2.2131E+43  2.3054E+35  3.1019E+42
  1.7780E+01  2.4486E+43  2.1954E+43  1.8656E+35  2.5319E+42
  1.8840E+01  2.2420E+43  2.0359E+43  1.4301E+35  2.0608E+42
  1.9950E+01  1.9348E+43  1.7667E+43  1.0044E+35  1.6804E+42
  2.1130E+01  1.6462E+43  1.5095E+43  6.7417E+34  1.3673E+42
  2.2390E+01  1.4082E+43  1.2973E+43  4.5331E+34  1.1090E+42
  2.3710E+01  1.2092E+43  1.1191E+43  3.0472E+34  9.0020E+41
  2.5120E+01  1.0380E+43  9.6518E+42  2.0535E+34  7.2848E+41
  2.6610E+01  8.8831E+42  8.2940E+42  1.3772E+34  5.8911E+41
  2.8180E+01  7.5763E+42  7.0999E+42  9.2393E+33  4.7639E+41
  2.9850E+01  6.4155E+42  6.0310E+42  6.1742E+33  3.8450E+41
  3.1620E+01  5.3808E+42  5.0708E+42  4.0920E+33  3.0998E+41
  3.3500E+01  4.4640E+42  4.2145E+42  2.6884E+33  2.4956E+41
  3.5480E+01  3.6657E+42  3.4648E+42  1.7522E+33  2.0098E+41
  3.7580E+01  2.9723E+42  2.8106E+42  1.1294E+33  1.6169E+41
  3.9810E+01  2.3749E+42  2.2450E+42  7.1871E+32  1.2992E+41
  4.2170E+01  1.8745E+42  1.7701E+42  4.5210E+32  1.0435E+41
  4.4670E+01  1.4630E+42  1.3792E+42  2.8106E+32  8.3748E+40
  4.7320E+01  1.1307E+42  1.0636E+42  1.7301E+32  6.7165E+40
  5.0120E+01  8.6680E+41  8.1293E+41  1.0563E+32  5.3865E+40
  5.3090E+01  6.5931E+41  6.1615E+41  6.3999E+31  4.3161E+40
  5.6230E+01  4.9852E+41  4.6394E+41  3.8550E+31  3.4581E+40
  5.9570E+01  3.7450E+41  3.4683E+41  2.3076E+31  2.7666E+40
  6.3100E+01  2.8019E+41  2.5805E+41  1.3763E+31  2.2137E+40
  6.6830E+01  2.0891E+41  1.9119E+41  8.1855E+30  1.7713E+40
  7.0790E+01  1.5524E+41  1.4108E+41  4.8549E+30  1.4161E+40
  7.4990E+01  1.1503E+41  1.0371E+41  2.8734E+30  1.1314E+40
  7.9430E+01  8.5087E+40  7.6048E+40  1.6995E+30  9.0394E+39
  8.4140E+01  6.2832E+40  5.5614E+40  1.0041E+30  7.2178E+39
  8.9130E+01  4.6366E+40  4.0605E+40  5.9343E+29  5.7610E+39
  9.4410E+01  3.4198E+40  2.9600E+40  3.5089E+29  4.5982E+39
  1.0000E+02  2.5212E+40  2.1543E+40  2.0760E+29  3.6695E+39
  1.0590E+02  1.8606E+40  1.5676E+40  1.2308E+29  2.9297E+39
  1.1220E+02  1.3728E+40  1.1393E+40  7.2983E+28  2.3344E+39
  1.1890E+02  1.0147E+40  8.2887E+39  4.3379E+28  1.8580E+39
  1.2590E+02  7.5490E+39  6.0659E+39  2.5965E+28  1.4831E+39
  1.3340E+02  5.6290E+39  4.4484E+39  1.5597E+28  1.1806E+39
  1.4130E+02  4.1856E+39  3.2448E+39  9.3934E+27  9.4081E+38
  1.4960E+02  3.0809E+39  2.3299E+39  5.6160E+27  7.5095E+38
  1.5850E+02  2.2588E+39  1.6611E+39  3.3408E+27  5.9763E+38
  1.7780E+02  1.2301E+39  8.5074E+38  1.1972E+27  3.7933E+38
  1.9950E+02  6.7708E+38  4.3669E+38  4.3429E+26  2.4039E+38
  2.2390E+02  3.7610E+38  2.2397E+38  1.5924E+26  1.5214E+38
  2.5120E+02  2.1123E+38  1.1487E+38  5.9058E+25  9.6365E+37
  2.8180E+02  1.1987E+38  5.8834E+37  2.2122E+25  6.1038E+37
  3.1620E+02  6.8678E+37  3.0063E+37  8.3525E+24  3.8614E+37
  3.5480E+02  3.9761E+37  1.5341E+37  3.1779E+24  2.4420E+37
  3.9810E+02  2.3259E+37  7.8178E+36  1.2182E+24  1.5441E+37
  4.4670E+02  1.3738E+37  3.9782E+36  4.6986E+23  9.7599E+36
  5.0120E+02  8.1916E+36  2.0223E+36  1.8226E+23  6.1693E+36
  5.6230E+02  4.9276E+36  1.0274E+36  7.1033E+22  3.9002E+36
  6.3100E+02  2.9838E+36  5.2089E+35  2.7773E+22  2.4629E+36
  7.0790E+02  1.8209E+36  2.6413E+35  1.0907E+22  1.5568E+36
  7.9430E+02  1.1170E+36  1.3372E+35  4.2918E+21  9.8324E+35
  8.9130E+02  6.8838E+35  6.7617E+34  1.6922E+21  6.2077E+35
  1.0000E+03  4.2632E+35  3.4184E+34  6.6891E+20  3.9213E+35
