  1.0000E-03  4.5388E+43  3.1853E+05  1.2353E+42  4.4153E+43
  1.1220E-03  2.4802E+43  2.2486E+05  1.5762E+42  2.3226E+43
  1.2590E-03  1.3535E+43  1.9662E+05  1.9120E+42  1.1623E+43
  1.4130E-03  7.8225E+42  1.4856E+05  2.2218E+42  5.6007E+42
  1.5850E-03  5.5459E+42  1.2161E+05  2.5045E+42  3.0414E+42
  1.7780E-03  5.7198E+42  1.1235E+05  3.1138E+42  2.6060E+42
  1.9950E-03  4.4257E+42  8.4456E+04  3.7122E+42  7.1351E+41
  2.2390E-03  4.2139E+42  7.0761E+04  3.9449E+42  2.6902E+41
  2.5120E-03  5.3676E+42  6.5257E+04  5.1852E+42  1.8244E+41
  2.8180E-03  6.0898E+42  5.0952E+04  6.0622E+42  2.7572E+40
  3.1620E-03  6.7161E+42  4.2683E+04  6.7110E+42  5.1072E+39
  3.5480E-03  7.2316E+42  3.7747E+04  7.2306E+42  1.0513E+39
  3.9810E-03  7.6383E+42  4.4843E+04  7.6381E+42  2.5319E+38
  4.4670E-03  1.3686E+43  6.1792E+04  1.3530E+43  1.5602E+41
  5.0120E-03  1.6014E+43  4.8809E+04  1.5994E+43  1.9677E+40
  5.6230E-03  1.8101E+43  4.0826E+04  1.8099E+43  2.5205E+39
  5.9570E-03  1.9012E+43  3.7753E+04  1.9012E+43  9.4524E+38
  6.6830E-03  2.0621E+43  3.3013E+04  2.0621E+43  1.6543E+38
  7.4990E-03  2.2176E+43  2.9896E+04  2.2176E+43  4.2139E+37
  8.4140E-03  2.3711E+43  2.6815E+04  2.3711E+43  8.2698E+36
  9.4410E-03  2.4923E+43  2.4634E+04  2.4923E+43  2.2627E+36
  1.0590E-02  2.5217E+43  2.4148E+04  2.5217E+43  1.2786E+36
  1.1890E-02  2.7908E+43  2.2326E+04  2.7908E+43  2.9493E+35
  1.3340E-02  2.9101E+43  2.0819E+04  2.9101E+43  9.9292E+34
  1.4960E-02  3.0738E+43  1.8590E+04  3.0738E+43  2.4646E+34
  1.6790E-02  3.2020E+43  1.7206E+04  3.2020E+43  6.9712E+33
  1.8840E-02  3.2990E+43  1.6030E+04  3.2990E+43  2.3309E+33
  2.1130E-02  3.4652E+43  1.4757E+04  3.4652E+43  6.7268E+32
  2.3710E-02  3.6015E+43  1.3566E+04  3.6015E+43  1.8403E+32
  2.6610E-02  3.7147E+43  1.2479E+04  3.7147E+43  4.4419E+31
  2.9850E-02  3.7987E+43  1.1365E+04  3.7987E+43  1.0933E+31
  3.3500E-02  3.8569E+43  1.0365E+04  3.8569E+43  2.6216E+30
  3.7580E-02  4.1790E+43  9.8984E+03  4.1790E+43  1.9657E+30
  4.2170E-02  4.6511E+43  9.0247E+03  4.6511E+43  4.6264E+29
  4.7320E-02  4.2543E+43  1.1074E+04  4.2543E+43  1.3066E+28
  5.3090E-02  3.4570E+43  9.0447E+03  3.4570E+43  1.6738E+26
  6.6830E-02  1.3474E+43  4.6431E+03  1.3474E+43  5.0236E+18
  7.4990E-02  6.3180E+42  4.6417E+03  6.3180E+42  7.4814E+13
  8.4140E-02  7.4867E+42  5.0679E+03  7.4867E+42  1.1809E+15
  9.4410E-02  8.6997E+42  5.3594E+03  8.6997E+42  8.0627E+15
  1.0590E-01  1.4462E+43  2.9418E+04  1.4462E+43  1.7987E+19
  1.1890E-01  2.1993E+43  2.1815E+09  2.1993E+43  1.0474E+23
  1.3340E-01  2.8590E+43  2.6075E+13  2.8590E+43  5.4017E+25
  1.4960E-01  3.1004E+43  1.0559E+17  3.1004E+43  2.9127E+27
  1.5850E-01  2.9771E+43  4.0179E+18  2.9771E+43  5.6827E+27
  1.7780E-01  2.2551E+43  1.5212E+21  2.2551E+43  1.2768E+27
  1.9950E-01  1.0451E+43  5.1714E+22  1.0451E+43  5.9979E+23
  2.2390E-01  5.8594E+42  1.8449E+24  5.8594E+42  5.2131E+21
  2.3710E-01  7.6861E+42  6.3324E+25  7.6861E+42  1.1199E+24
  2.5120E-01  9.7867E+42  2.0216E+27  9.7867E+42  3.0374E+26
  2.6610E-01  1.0875E+43  3.5681E+28  1.0875E+43  1.3136E+28
  2.8180E-01  1.1165E+43  4.2413E+29  1.1165E+43  1.9431E+29
  2.9850E-01  1.1092E+43  3.8697E+30  1.1092E+43  1.5984E+30
  3.1620E-01  1.0909E+43  2.9849E+31  1.0909E+43  1.0473E+31
  3.3500E-01  1.0620E+43  2.0161E+32  1.0620E+43  5.8245E+31
  3.5480E-01  1.0222E+43  1.1828E+33  1.0222E+43  2.6835E+32
  3.7580E-01  9.7511E+42  6.4166E+33  9.7511E+42  1.2003E+33
  3.9810E-01  9.2796E+42  3.0719E+34  9.2796E+42  4.6752E+33
  4.2170E-01  8.7891E+42  1.4125E+35  8.7891E+42  2.0222E+34
  4.4670E-01  8.3261E+42  5.9335E+35  8.3261E+42  8.2614E+34
  4.7320E-01  7.8440E+42  2.3287E+36  7.8440E+42  3.2501E+35
  5.0120E-01  7.3436E+42  8.5099E+36  7.3436E+42  1.2123E+36
  5.3090E-01  6.8241E+42  2.9765E+37  6.8241E+42  4.5456E+36
  5.6230E-01  6.3289E+42  9.5028E+37  6.3288E+42  1.5198E+37
  5.9570E-01  5.8468E+42  2.8343E+38  5.8465E+42  4.7364E+37
  6.3100E-01  5.3773E+42  8.0140E+38  5.3764E+42  1.4341E+38
  6.6830E-01  4.9182E+42  2.1508E+39  4.9157E+42  4.2072E+38
  7.0790E-01  4.4923E+42  5.4705E+39  4.4856E+42  1.1809E+39
  7.4990E-01  4.1026E+42  1.3039E+40  4.0865E+42  3.0712E+39
  7.9430E-01  3.7492E+42  2.9564E+40  3.7120E+42  7.6663E+39
  8.4140E-01  3.4411E+42  6.4253E+40  3.3584E+42  1.8489E+40
  8.9130E-01  3.2025E+42  1.3607E+41  3.0218E+42  4.4532E+40
  9.4410E-01  3.0849E+42  2.7593E+41  2.7067E+42  1.0232E+41
  1.0000E+00  3.1635E+42  5.3019E+41  2.4153E+42  2.1800E+41
  1.0590E+00  3.5558E+42  9.6966E+41  2.1509E+42  4.3525E+41
  1.1220E+00  4.4412E+42  1.7081E+42  1.9071E+42  8.2591E+41
  1.1890E+00  6.0905E+42  2.9094E+42  1.6795E+42  1.5016E+42
  1.2590E+00  8.9106E+42  4.7956E+42  1.4644E+42  2.6507E+42
  1.3340E+00  1.3312E+43  7.6126E+42  1.2671E+42  4.4319E+42
  1.4130E+00  1.9545E+43  1.1509E+43  1.0918E+42  6.9444E+42
  1.4960E+00  2.7947E+43  1.6686E+43  9.3524E+41  1.0326E+43
  1.5850E+00  3.8954E+43  2.3446E+43  7.9355E+41  1.4715E+43
  1.6790E+00  5.2826E+43  3.1887E+43  6.6522E+41  2.0274E+43
  1.7780E+00  6.9574E+43  4.1969E+43  5.4947E+41  2.7056E+43
  1.8840E+00  8.8982E+43  5.3640E+43  4.4662E+41  3.4896E+43
  1.9950E+00  1.1028E+44  6.6361E+43  3.5730E+41  4.3563E+43
  2.1130E+00  1.3252E+44  7.9656E+43  2.8149E+41  5.2579E+43
  2.2390E+00  1.5446E+44  9.2809E+43  2.1859E+41  6.1430E+43
  2.3710E+00  1.7484E+44  1.0497E+44  1.6765E+41  6.9697E+43
  2.5120E+00  1.9273E+44  1.1574E+44  1.2728E+41  7.6860E+43
  2.6610E+00  2.0736E+44  1.2452E+44  9.5799E+40  8.2741E+43
  2.8180E+00  2.1827E+44  1.3093E+44  7.1539E+40  8.7266E+43
  2.9850E+00  2.2541E+44  1.3502E+44  5.3077E+40  9.0337E+43
  3.1620E+00  2.2885E+44  1.3671E+44  3.9144E+40  9.2095E+43
  3.3500E+00  2.2905E+44  1.3655E+44  2.8767E+40  9.2473E+43
  3.5480E+00  2.2618E+44  1.3421E+44  2.1030E+40  9.1946E+43
  3.7580E+00  2.2082E+44  1.3032E+44  1.5310E+40  9.0491E+43
  3.9810E+00  2.1341E+44  1.2512E+44  1.1103E+40  8.8278E+43
  4.2170E+00  2.0436E+44  1.1885E+44  8.0226E+39  8.5496E+43
  4.4670E+00  1.9410E+44  1.1181E+44  5.7752E+39  8.2281E+43
  4.7320E+00  1.8306E+44  1.0434E+44  4.1424E+39  7.8709E+43
  5.0120E+00  1.7177E+44  9.6687E+43  2.9663E+39  7.5076E+43
  5.3090E+00  1.5794E+44  8.8965E+43  2.0832E+39  6.8970E+43
  5.6230E+00  1.4402E+44  8.1414E+43  1.4530E+39  6.2603E+43
  5.9570E+00  1.3034E+44  7.4203E+43  1.0070E+39  5.6140E+43
  6.3100E+00  1.1680E+44  6.6887E+43  6.9098E+38  4.9913E+43
  6.6830E+00  1.0452E+44  6.0558E+43  4.7269E+38  4.3963E+43
  7.0790E+00  9.2659E+43  5.4228E+43  3.1887E+38  3.8431E+43
  7.4990E+00  8.3468E+43  5.0769E+43  2.1904E+38  3.2698E+43
  7.9430E+00  8.3385E+43  5.8348E+43  1.7668E+38  2.5038E+43
  8.4140E+00  9.1284E+43  7.4520E+43  1.7353E+38  1.6763E+43
  8.9130E+00  9.6035E+43  8.4932E+43  1.7116E+38  1.1103E+43
  9.4410E+00  9.7539E+43  9.0160E+43  1.7791E+38  7.3782E+42
  1.0000E+01  8.3147E+43  7.6251E+43  1.2499E+38  6.8960E+42
  1.0590E+01  6.7892E+43  6.1142E+43  8.0463E+37  6.7495E+42
  1.1220E+01  5.3144E+43  4.6455E+43  4.5891E+37  6.6896E+42
  1.1890E+01  4.1581E+43  3.5282E+43  2.6547E+37  6.2991E+42
  1.2590E+01  3.2365E+43  2.6573E+43  1.5052E+37  5.7922E+42
  1.3340E+01  2.5268E+43  2.0110E+43  8.5124E+36  5.1578E+42
  1.4130E+01  2.0536E+43  1.6117E+43  4.9893E+36  4.4184E+42
  1.4960E+01  1.8539E+43  1.4978E+43  3.4110E+36  3.5612E+42
  1.5850E+01  1.7216E+43  1.4410E+43  2.5141E+36  2.8067E+42
  1.6790E+01  1.6052E+43  1.3854E+43  1.9361E+36  2.1979E+42
  1.7780E+01  1.4603E+43  1.2860E+43  1.4934E+36  1.7433E+42
  1.8840E+01  1.2645E+43  1.1225E+43  1.0922E+36  1.4199E+42
  1.9950E+01  1.0421E+43  9.2278E+42  7.3373E+35  1.1935E+42
  2.1130E+01  8.4679E+42  7.4634E+42  4.7106E+35  1.0045E+42
  2.2390E+01  6.8945E+42  6.0571E+42  3.0259E+35  8.3736E+41
  2.3710E+01  5.6288E+42  4.9331E+42  1.9434E+35  6.9569E+41
  2.5120E+01  4.5895E+42  4.0153E+42  1.2513E+35  5.7415E+41
  2.6610E+01  3.7331E+42  3.2606E+42  8.0268E+34  4.7253E+41
  2.8180E+01  3.0307E+42  2.6427E+42  5.1592E+34  3.8808E+41
  2.9850E+01  2.4474E+42  2.1297E+42  3.3095E+34  3.1765E+41
  3.1620E+01  1.9627E+42  1.7032E+42  2.1110E+34  2.5951E+41
  3.3500E+01  1.5618E+42  1.3503E+42  1.3388E+34  2.1157E+41
  3.5480E+01  1.2347E+42  1.0623E+42  8.4530E+33  1.7243E+41
  3.7580E+01  9.6734E+41  8.2698E+41  5.2965E+33  1.4036E+41
  3.9810E+01  7.4964E+41  6.3551E+41  3.2885E+33  1.1413E+41
  4.2170E+01  5.7604E+41  4.8331E+41  2.0258E+33  9.2730E+40
  4.4670E+01  4.3930E+41  3.6404E+41  1.2379E+33  7.5264E+40
  4.7320E+01  3.3292E+41  2.7192E+41  7.5165E+32  6.1002E+40
  5.0120E+01  2.5112E+41  2.0171E+41  4.5430E+32  4.9407E+40
  5.3090E+01  1.8856E+41  1.4861E+41  2.7342E+32  3.9953E+40
  5.6230E+01  1.4121E+41  1.0894E+41  1.6415E+32  3.2279E+40
  5.9570E+01  1.0541E+41  7.9385E+40  9.8255E+31  2.6022E+40
  6.3100E+01  7.8620E+40  5.7656E+40  5.8791E+31  2.0964E+40
  6.6830E+01  5.8631E+40  4.1753E+40  3.5189E+31  1.6879E+40
  7.0790E+01  4.3717E+40  3.0149E+40  2.1065E+31  1.3568E+40
  7.4990E+01  3.2604E+40  2.1711E+40  1.2620E+31  1.0893E+40
  7.9430E+01  2.4354E+40  1.5613E+40  7.5759E+30  8.7411E+39
  8.4140E+01  1.8216E+40  1.1209E+40  4.5542E+30  7.0064E+39
  8.9130E+01  1.3654E+40  8.0431E+39  2.7445E+30  5.6112E+39
  9.4410E+01  1.0260E+40  5.7677E+39  1.6582E+30  4.4920E+39
  1.0000E+02  7.7276E+39  4.1334E+39  1.0043E+30  3.5942E+39
  1.0590E+02  5.8407E+39  2.9644E+39  6.1040E+29  2.8763E+39
  1.1220E+02  4.4216E+39  2.1251E+39  3.7133E+29  2.2965E+39
  1.1890E+02  3.3576E+39  1.5265E+39  2.2648E+29  1.8311E+39
  1.2590E+02  2.5683E+39  1.1045E+39  1.3907E+29  1.4638E+39
  1.3340E+02  1.9686E+39  8.0186E+38  8.5616E+28  1.1667E+39
  1.4130E+02  1.5099E+39  5.7901E+38  5.2955E+28  9.3088E+38
  1.4960E+02  1.1549E+39  4.1098E+38  3.2676E+28  7.4395E+38
  1.5850E+02  8.8249E+38  2.8977E+38  2.0082E+28  5.9272E+38
  1.7780E+02  5.2253E+38  1.4564E+38  7.6585E+27  3.7689E+38
  1.9950E+02  3.1274E+38  7.3568E+37  2.9436E+27  2.3917E+38
  2.2390E+02  1.8873E+38  3.7205E+37  1.1386E+27  1.5152E+38
  2.5120E+02  1.1490E+38  1.8847E+37  4.4334E+26  9.6058E+37
  2.8180E+02  7.0432E+37  9.5488E+36  1.7348E+26  6.0883E+37
  3.1620E+02  4.3369E+37  4.8324E+36  6.8069E+25  3.8537E+37
  3.5480E+02  2.6826E+37  2.4449E+36  2.6779E+25  2.4381E+37
  3.9810E+02  1.6658E+37  1.2365E+36  1.0565E+25  1.5422E+37
  4.4670E+02  1.0375E+37  6.2503E+35  4.1754E+24  9.7501E+36
  5.0120E+02  6.4802E+36  3.1588E+35  1.6532E+24  6.1643E+36
  5.6230E+02  4.0574E+36  1.5964E+35  6.5545E+23  3.8977E+36
  6.3100E+02  2.5422E+36  8.0569E+34  2.5993E+23  2.4616E+36
  7.0790E+02  1.5968E+36  4.0690E+34  1.0328E+23  1.5561E+36
  7.9430E+02  1.0034E+36  2.0526E+34  4.1029E+22  9.8292E+35
  8.9130E+02  6.3095E+35  1.0347E+34  1.6304E+22  6.2061E+35
  1.0000E+03  3.9727E+35  5.2165E+33  6.4858E+21  3.9205E+35
