  1.0000E-03  8.8602E+44  0.0000E+00  9.4047E+42  8.7662E+44
  1.1220E-03  9.9457E+44  0.0000E+00  1.0990E+43  9.8357E+44
  1.2590E-03  1.1158E+45  0.0000E+00  1.2128E+43  1.1037E+45
  1.4130E-03  1.2514E+45  0.0000E+00  1.2754E+43  1.2387E+45
  1.5850E-03  1.4025E+45  0.0000E+00  1.3050E+43  1.3894E+45
  1.7780E-03  1.5734E+45  0.0000E+00  1.4772E+43  1.5586E+45
  1.9950E-03  1.7639E+45  0.0000E+00  1.5086E+43  1.7488E+45
  2.2390E-03  1.9769E+45  0.0000E+00  1.4200E+43  1.9627E+45
  2.5120E-03  2.2181E+45  0.0000E+00  1.6129E+43  2.2020E+45
  2.8180E-03  2.4860E+45  0.0000E+00  1.5763E+43  2.4702E+45
  3.1620E-03  2.7869E+45  0.0000E+00  1.5049E+43  2.7718E+45
  3.5480E-03  3.1245E+45  0.0000E+00  1.4231E+43  3.1103E+45
  3.9810E-03  3.5032E+45  0.0000E+00  1.3353E+43  3.4898E+45
  4.4670E-03  3.9788E+45  0.0000E+00  6.2947E+43  3.9158E+45
  5.0120E-03  4.4519E+45  0.0000E+00  5.8342E+43  4.3936E+45
  5.6230E-03  4.9833E+45  0.0000E+00  5.4108E+43  4.9292E+45
  5.9570E-03  5.2747E+45  0.0000E+00  5.2642E+43  5.2220E+45
  6.6830E-03  5.9100E+45  0.0000E+00  5.1440E+43  5.8585E+45
  7.4990E-03  6.6260E+45  0.0000E+00  5.2205E+43  6.5738E+45
  8.4140E-03  7.4299E+45  0.0000E+00  5.4012E+43  7.3758E+45
  9.4410E-03  8.3328E+45  0.0000E+00  5.6726E+43  8.2761E+45
  1.0590E-02  9.3433E+45  0.0000E+00  5.9967E+43  9.2833E+45
  1.1890E-02  1.0488E+46  0.0000E+00  6.5027E+43  1.0423E+46
  1.3340E-02  1.1764E+46  0.0000E+00  7.0147E+43  1.1694E+46
  1.4960E-02  1.3190E+46  0.0000E+00  7.6207E+43  1.3114E+46
  1.6790E-02  1.4802E+46  0.0000E+00  8.3144E+43  1.4718E+46
  1.8840E-02  1.6606E+46  0.0000E+00  9.1053E+43  1.6515E+46
  2.1130E-02  1.8624E+46  0.0000E+00  1.0017E+44  1.8524E+46
  2.3710E-02  2.0895E+46  0.0000E+00  1.1051E+44  2.0785E+46
  2.6610E-02  2.3449E+46  0.0000E+00  1.2223E+44  2.3326E+46
  2.9850E-02  2.6302E+46  1.6040E-82  1.3524E+44  2.6166E+46
  3.3500E-02  2.9516E+46  1.0047E-67  1.4910E+44  2.9367E+46
  3.7580E-02  3.3103E+46  1.2594E-54  1.6057E+44  3.2942E+46
  4.2170E-02  3.7174E+46  5.3692E-43  2.0688E+44  3.6967E+46
  4.7320E-02  4.1726E+46  1.3537E-32  2.4379E+44  4.1482E+46
  5.3090E-02  4.3475E+46  2.3238E-23  2.6269E+44  4.3212E+46
  6.6830E-02  4.1541E+46  7.4130E-08  2.7297E+44  4.1268E+46
  7.4990E-02  4.0602E+46  2.2624E-01  2.7410E+44  4.0328E+46
  8.4140E-02  3.9671E+46  1.1959E+05  2.6052E+44  3.9410E+46
  9.4410E-02  3.8766E+46  1.4432E+10  2.5306E+44  3.8513E+46
  1.0590E-01  3.5287E+46  4.3004E+14  2.3168E+44  3.5055E+46
  1.1890E-01  2.9641E+46  3.6745E+18  1.7387E+44  2.9467E+46
  1.3340E-01  2.4926E+46  8.5417E+21  1.3090E+44  2.4795E+46
  1.4960E-01  2.0961E+46  1.0743E+25  8.2787E+43  2.0878E+46
  1.5850E-01  1.9211E+46  3.2112E+26  6.5407E+43  1.9145E+46
  1.7780E-01  1.6167E+46  1.5539E+29  5.2893E+43  1.6114E+46
  1.9950E-01  1.3609E+46  3.8309E+31  5.1197E+43  1.3558E+46
  2.2390E-01  1.1458E+46  4.2111E+33  5.4355E+43  1.1403E+46
  2.3710E-01  1.0518E+46  2.9836E+34  5.3562E+43  1.0464E+46
  2.5120E-01  9.6442E+45  1.8382E+35  4.8381E+43  9.5958E+45
  2.6610E-01  8.8433E+45  1.0383E+36  4.2106E+43  8.8012E+45
  2.8180E-01  8.1125E+45  5.3004E+36  3.6480E+43  8.0761E+45
  2.9850E-01  7.4398E+45  2.4471E+37  3.1916E+43  7.4079E+45
  3.1620E-01  6.8230E+45  1.0121E+38  2.8339E+43  6.7947E+45
  3.3500E-01  6.2561E+45  3.8117E+38  2.5313E+43  6.2308E+45
  3.5480E-01  5.7392E+45  1.3105E+39  2.2745E+43  5.7165E+45
  3.7580E-01  5.2647E+45  4.1588E+39  2.0548E+43  5.2442E+45
  3.9810E-01  4.8284E+45  1.2143E+40  1.8694E+43  4.8097E+45
  4.2170E-01  4.4288E+45  3.2575E+40  1.7131E+43  4.4116E+45
  4.4670E-01  4.0625E+45  8.0965E+40  1.5813E+43  4.0466E+45
  4.7320E-01  3.7263E+45  1.8906E+41  1.4656E+43  3.7115E+45
  5.0120E-01  3.4188E+45  4.1578E+41  1.3628E+43  3.4048E+45
  5.3090E-01  3.1368E+45  8.6575E+41  1.2721E+43  3.1232E+45
  5.6230E-01  2.8788E+45  1.7046E+42  1.1936E+43  2.8651E+45
  5.9570E-01  2.6420E+45  3.1946E+42  1.1253E+43  2.6276E+45
  6.3100E-01  2.4267E+45  5.6953E+42  1.0661E+43  2.4103E+45
  6.6830E-01  2.2312E+45  9.6707E+42  1.0149E+43  2.2114E+45
  7.0790E-01  2.0539E+45  1.5711E+43  9.7306E+42  2.0284E+45
  7.4990E-01  1.8943E+45  2.4453E+43  9.3938E+42  1.8605E+45
  7.9430E-01  1.7522E+45  3.6514E+43  9.1394E+42  1.7066E+45
  8.4140E-01  1.6268E+45  5.2492E+43  8.9715E+42  1.5653E+45
  8.9130E-01  1.5175E+45  7.2875E+43  8.8835E+42  1.4357E+45
  9.4410E-01  1.4235E+45  9.7651E+43  8.8513E+42  1.3170E+45
  1.0000E+00  1.3435E+45  1.2650E+44  8.8360E+42  1.2081E+45
  1.0590E+00  1.2762E+45  1.5875E+44  8.8247E+42  1.1086E+45
  1.1220E+00  1.2195E+45  1.9420E+44  8.7850E+42  1.0165E+45
  1.1890E+00  1.1723E+45  2.3181E+44  8.6765E+42  9.3183E+44
  1.2590E+00  1.1329E+45  2.6924E+44  8.4504E+42  8.5520E+44
  1.3340E+00  1.0978E+45  3.0555E+44  8.1136E+42  7.8411E+44
  1.4130E+00  1.0647E+45  3.3778E+44  7.6742E+42  7.1927E+44
  1.4960E+00  1.0323E+45  3.6491E+44  7.1383E+42  6.6026E+44
  1.5850E+00  9.9919E+44  3.8724E+44  6.5166E+42  6.0543E+44
  1.6790E+00  9.6366E+44  4.0253E+44  5.8184E+42  5.5530E+44
  1.7780E+00  9.2452E+44  4.0988E+44  5.0667E+42  5.0957E+44
  1.8840E+00  8.8177E+44  4.1028E+44  4.3003E+42  4.6719E+44
  1.9950E+00  8.3582E+44  4.0351E+44  3.5574E+42  4.2875E+44
  2.1130E+00  7.8690E+44  3.9070E+44  2.8714E+42  3.9333E+44
  2.2390E+00  7.3529E+44  3.7241E+44  2.2642E+42  3.6061E+44
  2.3710E+00  6.8259E+44  3.4992E+44  1.7497E+42  3.3092E+44
  2.5120E+00  6.2956E+44  3.2479E+44  1.3290E+42  3.0344E+44
  2.6610E+00  5.7723E+44  2.9791E+44  9.9488E+41  2.7832E+44
  2.8180E+00  5.2631E+44  2.7019E+44  7.3548E+41  2.5538E+44
  2.9850E+00  4.7761E+44  2.4281E+44  5.3824E+41  2.3426E+44
  3.1620E+00  4.3152E+44  2.1626E+44  3.9058E+41  2.1487E+44
  3.3500E+00  3.8919E+44  1.9187E+44  2.8199E+41  1.9704E+44
  3.5480E+00  3.5006E+44  1.6908E+44  2.0255E+41  1.8078E+44
  3.7580E+00  3.1450E+44  1.4853E+44  1.4498E+41  1.6583E+44
  3.9810E+00  2.8233E+44  1.3013E+44  1.0350E+41  1.5210E+44
  4.2170E+00  2.5343E+44  1.1385E+44  7.3768E+40  1.3951E+44
  4.4670E+00  2.2758E+44  9.9564E+43  5.2514E+40  1.2796E+44
  4.7320E+00  2.0454E+44  8.7135E+43  3.7337E+40  1.1737E+44
  5.0120E+00  1.8434E+44  7.6396E+43  2.6572E+40  1.0791E+44
  5.3090E+00  1.6311E+44  6.7068E+43  1.8540E+40  9.6024E+43
  5.6230E+00  1.4386E+44  5.9038E+43  1.2858E+40  8.4805E+43
  5.9570E+00  1.2649E+44  5.2160E+43  8.8650E+39  7.4316E+43
  6.3100E+00  1.1067E+44  4.5957E+43  6.0639E+39  6.4710E+43
  6.6830E+00  9.7139E+43  4.1122E+43  4.1415E+39  5.6014E+43
  7.0790E+00  8.4874E+43  3.6681E+43  2.7958E+39  4.8190E+43
  7.4990E+00  7.4522E+43  3.3291E+43  1.8716E+39  4.1229E+43
  7.9430E+00  6.7808E+43  3.2697E+43  1.2949E+39  3.5109E+43
  8.4140E+00  6.4746E+43  3.4993E+43  9.9361E+38  2.9752E+43
  8.9130E+00  6.2149E+43  3.7044E+43  8.1600E+38  2.5104E+43
  9.4410E+00  5.9638E+43  3.8537E+43  7.4171E+38  2.1101E+43
  1.0000E+01  5.1410E+43  3.3739E+43  5.4958E+38  1.7671E+43
  1.0590E+01  4.3256E+43  2.8498E+43  3.8656E+38  1.4758E+43
  1.1220E+01  3.5773E+43  2.3505E+43  2.4885E+38  1.2267E+43
  1.1890E+01  2.9638E+43  1.9479E+43  1.6020E+38  1.0159E+43
  1.2590E+01  2.4780E+43  1.6368E+43  1.0153E+38  8.4119E+42
  1.3340E+01  2.0849E+43  1.3917E+43  6.3639E+37  6.9319E+42
  1.4130E+01  1.7945E+43  1.2240E+43  3.9981E+37  5.7050E+42
  1.4960E+01  1.6231E+43  1.1539E+43  2.7066E+37  4.6919E+42
  1.5850E+01  1.4968E+43  1.1126E+43  1.9452E+37  3.8414E+42
  1.6790E+01  1.3952E+43  1.0811E+43  1.4680E+37  3.1409E+42
  1.7780E+01  1.2948E+43  1.0382E+43  1.1364E+37  2.5663E+42
  1.8840E+01  1.1760E+43  9.6711E+42  8.6447E+36  2.0888E+42
  1.9950E+01  1.0426E+43  8.7247E+42  6.2475E+36  1.7013E+42
  2.1130E+01  9.1954E+42  7.8127E+42  4.3553E+36  1.3827E+42
  2.2390E+01  8.1271E+42  7.0068E+42  3.0314E+36  1.1203E+42
  2.3710E+01  7.1933E+42  6.2847E+42  2.1047E+36  9.0864E+41
  2.5120E+01  6.3401E+42  5.6053E+42  1.4596E+36  7.3479E+41
  2.6610E+01  5.5556E+42  4.9618E+42  1.0051E+36  5.9383E+41
  2.8180E+01  4.8321E+42  4.3521E+42  6.8979E+35  4.7994E+41
  2.9850E+01  4.1556E+42  3.7684E+42  4.6977E+35  3.8717E+41
  3.1620E+01  3.5277E+42  3.2157E+42  3.1633E+35  3.1199E+41
  3.3500E+01  2.9515E+42  2.7005E+42  2.1043E+35  2.5106E+41
  3.5480E+01  2.4355E+42  2.2334E+42  1.3839E+35  2.0210E+41
  3.7580E+01  1.9797E+42  1.8171E+42  8.9803E+34  1.6253E+41
  3.9810E+01  1.5842E+42  1.4536E+42  5.7485E+34  1.3054E+41
  4.2170E+01  1.2511E+42  1.1463E+42  3.6339E+34  1.0479E+41
  4.4670E+01  9.7634E+41  8.9227E+41  2.2687E+34  8.4074E+40
  4.7320E+01  7.5422E+41  6.8682E+41  1.4018E+34  6.7400E+40
  5.0120E+01  5.7770E+41  5.2367E+41  8.5874E+33  5.4034E+40
  5.3090E+01  4.3894E+41  3.9566E+41  5.2189E+33  4.3282E+40
  5.6230E+01  3.3152E+41  2.9685E+41  3.1528E+33  3.4667E+40
  5.9570E+01  2.4880E+41  2.2107E+41  1.8930E+33  2.7728E+40
  6.3100E+01  1.8601E+41  1.6383E+41  1.1326E+33  2.2180E+40
  6.6830E+01  1.3864E+41  1.2090E+41  6.7591E+32  1.7744E+40
  7.0790E+01  1.0303E+41  8.8852E+40  4.0239E+32  1.4183E+40
  7.4990E+01  7.6391E+40  6.5062E+40  2.3915E+32  1.1329E+40
  7.9430E+01  5.6576E+40  4.7526E+40  1.4210E+32  9.0505E+39
  8.4140E+01  4.1854E+40  3.4629E+40  8.4381E+31  7.2256E+39
  8.9130E+01  3.0963E+40  2.5197E+40  5.0148E+31  5.7665E+39
  9.4410E+01  2.2914E+40  1.8312E+40  2.9835E+31  4.6021E+39
  1.0000E+02  1.6962E+40  1.3290E+40  1.7770E+31  3.6722E+39
  1.0590E+02  1.2580E+40  9.6480E+39  1.0612E+31  2.9317E+39
  1.1220E+02  9.3352E+39  6.9995E+39  6.3408E+30  2.3358E+39
  1.1890E+02  6.9479E+39  5.0889E+39  3.8002E+30  1.8590E+39
  1.2590E+02  5.2129E+39  3.7291E+39  2.2955E+30  1.4838E+39
  1.3340E+02  3.9256E+39  2.7445E+39  1.3926E+30  1.1811E+39
  1.4130E+02  2.9452E+39  2.0040E+39  8.4632E+29  9.4117E+38
  1.4960E+02  2.1817E+39  1.4305E+39  5.0972E+29  7.5121E+38
  1.5850E+02  1.6113E+39  1.0135E+39  3.0559E+29  5.9781E+38
  1.7780E+02  8.9471E+38  5.1529E+38  1.1146E+29  3.7942E+38
  1.9950E+02  5.0388E+38  2.6345E+38  4.1180E+28  2.4043E+38
  2.2390E+02  2.8691E+38  1.3475E+38  1.5372E+28  1.5216E+38
  2.5120E+02  1.6534E+38  6.8969E+37  5.7982E+27  9.6376E+37
  2.8180E+02  9.6314E+37  3.5271E+37  2.2062E+27  6.1043E+37
  3.1620E+02  5.6618E+37  1.8001E+37  8.4484E+26  3.8617E+37
  3.5480E+02  3.3598E+37  9.1766E+36  3.2550E+26  2.4421E+37
  3.9810E+02  2.0115E+37  4.6728E+36  1.2616E+26  1.5442E+37
  4.4670E+02  1.2137E+37  2.3766E+36  4.9120E+25  9.7603E+36
  5.0120E+02  7.3773E+36  1.2078E+36  1.9208E+25  6.1695E+36
  5.6230E+02  4.5138E+36  6.1348E+35  7.5372E+24  3.9003E+36
  6.3100E+02  2.7740E+36  3.1103E+35  2.9637E+24  2.4629E+36
  7.0790E+02  1.7145E+36  1.5773E+35  1.1693E+24  1.5568E+36
  7.9430E+02  1.0631E+36  7.9865E+34  4.6191E+23  9.8325E+35
  8.9130E+02  6.6117E+35  4.0395E+34  1.8270E+23  6.2077E+35
  1.0000E+03  4.1256E+35  2.0427E+34  7.2407E+22  3.9214E+35
