  1.0000E-03  5.1503E+43  0.0000E+00  5.1474E+42  4.6356E+43
  1.1220E-03  3.0554E+43  0.0000E+00  5.8330E+42  2.4721E+43
  1.2590E-03  1.8874E+43  0.0000E+00  6.2993E+42  1.2575E+43
  1.4130E-03  1.2711E+43  0.0000E+00  6.5335E+42  6.1773E+42
  1.5850E-03  1.0153E+43  0.0000E+00  6.7229E+42  3.4300E+42
  1.7780E-03  1.1174E+43  0.0000E+00  8.1622E+42  3.0117E+42
  1.9950E-03  9.0898E+42  0.0000E+00  8.2371E+42  8.5268E+41
  2.2390E-03  8.0715E+42  0.0000E+00  7.7384E+42  3.3306E+41
  2.5120E-03  1.0002E+43  0.0000E+00  9.7680E+42  2.3393E+41
  2.8180E-03  9.2414E+42  0.0000E+00  9.2044E+42  3.6930E+40
  3.1620E-03  8.4498E+42  0.0000E+00  8.4427E+42  7.1284E+39
  3.5480E-03  7.6465E+42  0.0000E+00  7.6450E+42  1.5251E+39
  3.9810E-03  6.9082E+42  0.0000E+00  6.9078E+42  3.8006E+38
  4.4670E-03  2.2653E+43  0.0000E+00  2.2480E+43  1.7282E+41
  5.0120E-03  2.1336E+43  0.0000E+00  2.1313E+43  2.3324E+40
  5.6230E-03  1.9553E+43  0.0000E+00  1.9550E+43  3.2039E+39
  5.9570E-03  1.8617E+43  0.0000E+00  1.8616E+43  1.2432E+39
  6.6830E-03  1.6988E+43  0.0000E+00  1.6988E+43  2.3153E+38
  7.4990E-03  1.5994E+43  0.0000E+00  1.5994E+43  6.2416E+37
  8.4140E-03  1.4595E+43  0.0000E+00  1.4595E+43  1.2940E+37
  9.4410E-03  1.3519E+43  0.0000E+00  1.3519E+43  3.7230E+36
  1.0590E-02  1.2889E+43  0.0000E+00  1.2889E+43  2.2002E+36
  1.1890E-02  1.2456E+43  0.0000E+00  1.2456E+43  5.3302E+35
  1.3340E-02  1.1695E+43  0.0000E+00  1.1695E+43  1.8804E+35
  1.4960E-02  1.0841E+43  0.0000E+00  1.0841E+43  4.9020E+34
  1.6790E-02  1.0027E+43  0.0000E+00  1.0027E+43  1.4554E+34
  1.8840E-02  9.3129E+42  0.0000E+00  9.3129E+42  5.1052E+33
  2.1130E-02  8.7342E+42  0.0000E+00  8.7342E+42  1.5473E+33
  2.3710E-02  8.0647E+42  0.0000E+00  8.0647E+42  4.4510E+32
  2.6610E-02  7.3136E+42  0.0000E+00  7.3136E+42  1.1328E+32
  2.9850E-02  6.5945E+42  0.0000E+00  6.5945E+42  2.9463E+31
  3.3500E-02  5.8941E+42  4.1662E-82  5.8941E+42  7.4809E+30
  3.7580E-02  6.1438E+42  3.7085E-69  6.1438E+42  5.6539E+30
  4.2170E-02  6.1312E+42  4.4545E-58  6.1312E+42  1.4098E+30
  4.7320E-02  4.2393E+42  5.8641E-49  4.2393E+42  4.6166E+28
  5.3090E-02  2.4853E+42  2.9631E-41  2.4853E+42  7.0305E+26
  6.6830E-02  2.9473E+41  8.8199E-32  2.9473E+41  3.8379E+19
  7.4990E-02  7.0335E+40  4.3543E-29  7.0335E+40  8.8711E+14
  8.4140E-02  9.5644E+40  2.0596E-22  9.5644E+40  1.2208E+16
  9.4410E-02  1.2397E+41  1.1502E-16  1.2397E+41  7.4901E+16
  1.0590E-01  3.3438E+41  1.6107E-09  3.3438E+41  1.1665E+20
  1.1890E-01  8.9707E+41  1.3105E-02  8.9707E+41  4.5755E+23
  1.3340E-01  1.8141E+42  4.1265E+03  1.8141E+42  1.7589E+26
  1.4960E-01  2.6021E+42  1.2863E+08  2.6021E+42  7.6772E+27
  1.5850E-01  2.6436E+42  7.0515E+09  2.6436E+42  1.4508E+28
  1.7780E-01  1.8895E+42  1.4255E+12  1.8895E+42  3.7008E+27
  1.9950E-01  5.3162E+41  1.2240E+12  5.3162E+41  2.6460E+24
  2.2390E-01  2.2714E+41  4.7575E+12  2.2714E+41  3.0748E+22
  2.3710E-01  4.4437E+41  2.5694E+15  4.4437E+41  5.4188E+24
  2.5120E-01  8.5959E+41  1.4590E+18  8.5959E+41  1.1942E+27
  2.6610E-01  1.2754E+42  1.8113E+20  1.2754E+42  4.5076E+28
  2.8180E-01  1.6202E+42  8.8110E+21  1.6202E+42  6.0849E+29
  2.9850E-01  1.9115E+42  2.4418E+23  1.9115E+42  4.6694E+30
  3.1620E-01  2.2014E+42  5.0873E+24  2.2014E+42  2.8801E+31
  3.3500E-01  2.4834E+42  8.5177E+25  2.4834E+42  1.5175E+32
  3.5480E-01  2.7323E+42  1.1235E+27  2.7323E+42  6.6703E+32
  3.7580E-01  2.9795E+42  1.3501E+28  2.9795E+42  2.8585E+33
  3.9810E-01  3.2081E+42  1.3325E+29  3.2081E+42  1.0696E+34
  4.2170E-01  3.4767E+42  1.3314E+30  3.4767E+42  4.4431E+34
  4.4670E-01  3.7561E+42  1.1780E+31  3.7561E+42  1.7445E+35
  4.7320E-01  4.0287E+42  9.5397E+31  4.0287E+42  6.6054E+35
  5.0120E-01  4.2799E+42  6.9918E+32  4.2799E+42  2.3760E+36
  5.3090E-01  4.5237E+42  4.9113E+33  4.5237E+42  8.6023E+36
  5.6230E-01  4.7289E+42  2.9654E+34  4.7288E+42  2.7829E+37
  5.9570E-01  4.8987E+42  1.6112E+35  4.8986E+42  8.4046E+37
  6.3100E-01  5.0447E+42  8.1561E+35  5.0444E+42  2.4680E+38
  6.6830E-01  5.1573E+42  3.8461E+36  5.1566E+42  7.0304E+38
  7.0790E-01  5.2466E+42  1.6744E+37  5.2447E+42  1.9164E+39
  7.4990E-01  5.2960E+42  6.5482E+37  5.2911E+42  4.8439E+39
  7.9430E-01  5.3171E+42  2.3749E+38  5.3051E+42  1.1751E+40
  8.4140E-01  5.3141E+42  8.0741E+38  5.2857E+42  2.7553E+40
  8.9130E-01  5.3103E+42  2.6562E+39  5.2431E+42  6.4477E+40
  9.4410E-01  5.3123E+42  8.1264E+39  5.1601E+42  1.4409E+41
  1.0000E+00  5.3493E+42  2.2581E+40  5.0275E+42  2.9916E+41
  1.0590E+00  5.5025E+42  5.7542E+40  4.8623E+42  5.8274E+41
  1.1220E+00  5.8811E+42  1.3707E+41  4.6646E+42  1.0795E+42
  1.1890E+00  6.6578E+42  3.0775E+41  4.4330E+42  1.9170E+42
  1.2590E+00  8.1298E+42  6.5596E+41  4.1674E+42  3.3065E+42
  1.3340E+00  1.0593E+43  1.3084E+42  3.8749E+42  5.4098E+42
  1.4130E+00  1.4292E+43  2.4081E+42  3.5711E+42  8.3128E+42
  1.4960E+00  1.9548E+43  4.1460E+42  3.2603E+42  1.2142E+43
  1.5850E+00  2.6749E+43  6.7864E+42  2.9421E+42  1.7020E+43
  1.6790E+00  3.6305E+43  1.0595E+43  2.6199E+42  2.3091E+43
  1.7780E+00  4.8468E+43  1.5799E+43  2.2961E+42  3.0373E+43
  1.8840E+00  6.3217E+43  2.2583E+43  1.9774E+42  3.8657E+43
  1.9950E+00  8.0229E+43  3.0879E+43  1.6727E+42  4.7677E+43
  2.1130E+00  9.8812E+43  4.0499E+43  1.3900E+42  5.6923E+43
  2.2390E+00  1.1801E+44  5.1013E+43  1.1353E+42  6.5864E+43
  2.3710E+00  1.3680E+44  6.1794E+43  9.1279E+41  7.4095E+43
  2.5120E+00  1.5417E+44  7.2335E+43  7.2395E+41  8.1107E+43
  2.6610E+00  1.6934E+44  8.2021E+43  5.6727E+41  8.6751E+43
  2.8180E+00  1.8176E+44  9.0343E+43  4.3957E+41  9.0981E+43
  2.9850E+00  1.9112E+44  9.7059E+43  3.3737E+41  9.3724E+43
  3.1620E+00  1.9735E+44  1.0195E+44  2.5669E+41  9.5138E+43
  3.3500E+00  2.0054E+44  1.0517E+44  1.9406E+41  9.5177E+43
  3.5480E+00  2.0096E+44  1.0649E+44  1.4567E+41  9.4326E+43
  3.7580E+00  1.9892E+44  1.0625E+44  1.0869E+41  9.2570E+43
  3.9810E+00  1.9477E+44  1.0461E+44  8.0665E+40  9.0080E+43
  4.2170E+00  1.8887E+44  1.0176E+44  5.9582E+40  8.7050E+43
  4.4670E+00  1.8162E+44  9.7962E+43  4.3813E+40  8.3615E+43
  4.7320E+00  1.7341E+44  9.3524E+43  3.2085E+40  7.9850E+43
  5.0120E+00  1.6476E+44  8.8684E+43  2.3449E+40  7.6050E+43
  5.3090E+00  1.5337E+44  8.3586E+43  1.6831E+40  6.9772E+43
  5.6230E+00  1.4174E+44  7.8468E+43  1.2008E+40  6.3256E+43
  5.9570E+00  1.3019E+44  7.3517E+43  8.5250E+39  5.6668E+43
  6.3100E+00  1.1865E+44  6.8310E+43  5.9999E+39  5.0334E+43
  6.6830E+00  1.0827E+44  6.3971E+43  4.2221E+39  4.4300E+43
  7.0790E+00  9.8170E+43  5.9469E+43  2.9354E+39  3.8698E+43
  7.4990E+00  9.0244E+43  5.7334E+43  2.0727E+39  3.2908E+43
  7.9430E+00  8.8725E+43  6.3525E+43  1.6729E+39  2.5198E+43
  8.4140E+00  8.8255E+43  7.1371E+43  1.5781E+39  1.6882E+43
  8.9130E+00  8.2374E+43  7.1183E+43  1.4928E+39  1.1189E+43
  9.4410E+00  7.4058E+43  6.6615E+43  1.4969E+39  7.4416E+42
  1.0000E+01  6.9077E+43  6.2126E+43  1.1213E+39  6.9496E+42
  1.0590E+01  6.3875E+43  5.7079E+43  7.8566E+38  6.7953E+42
  1.1220E+01  5.7710E+43  5.0981E+43  4.9592E+38  6.7281E+42
  1.1890E+01  5.1009E+43  4.4679E+43  3.1529E+38  6.3303E+42
  1.2590E+01  4.4815E+43  3.8997E+43  1.9744E+38  5.8171E+42
  1.3340E+01  3.9369E+43  3.4192E+43  1.2350E+38  5.1775E+42
  1.4130E+01  3.5468E+43  3.1034E+43  7.9330E+37  4.4341E+42
  1.4960E+01  3.3922E+43  3.0348E+43  5.7532E+37  3.5740E+42
  1.5850E+01  3.3097E+43  3.0280E+43  4.4770E+37  2.8172E+42
  1.6790E+01  3.2543E+43  3.0337E+43  3.6526E+37  2.2066E+42
  1.7780E+01  3.1890E+43  3.0139E+43  3.0311E+37  1.7505E+42
  1.8840E+01  3.0881E+43  2.9455E+43  2.4502E+37  1.4258E+42
  1.9950E+01  2.9499E+43  2.8300E+43  1.8681E+37  1.1984E+42
  2.1130E+01  2.8143E+43  2.7134E+43  1.3760E+37  1.0085E+42
  2.2390E+01  2.6935E+43  2.6094E+43  1.0163E+37  8.4068E+41
  2.3710E+01  2.5798E+43  2.5100E+43  7.5006E+36  6.9845E+41
  2.5120E+01  2.4605E+43  2.4029E+43  5.5394E+36  5.7643E+41
  2.6610E+01  2.3298E+43  2.2824E+43  4.0609E+36  4.7441E+41
  2.8180E+01  2.1847E+43  2.1458E+43  2.9634E+36  3.8962E+41
  2.9850E+01  2.0218E+43  1.9899E+43  2.1431E+36  3.1890E+41
  3.1620E+01  1.8422E+43  1.8161E+43  1.5289E+36  2.6051E+41
  3.3500E+01  1.6500E+43  1.6288E+43  1.0749E+36  2.1237E+41
  3.5480E+01  1.4527E+43  1.4354E+43  7.4463E+35  1.7306E+41
  3.7580E+01  1.2562E+43  1.2422E+43  5.0742E+35  1.4084E+41
  3.9810E+01  1.0661E+43  1.0547E+43  3.3992E+35  1.1450E+41
  4.2170E+01  8.8983E+42  8.8053E+42  2.2407E+35  9.3009E+40
  4.4670E+01  7.3134E+42  7.2380E+42  1.4535E+35  7.5471E+40
  4.7320E+01  5.9287E+42  5.8675E+42  9.2976E+34  6.1155E+40
  5.0120E+01  4.7478E+42  4.6982E+42  5.8746E+34  4.9520E+40
  5.3090E+01  3.7582E+42  3.7181E+42  3.6691E+34  4.0035E+40
  5.6230E+01  2.9463E+42  2.9140E+42  2.2694E+34  3.2338E+40
  5.9570E+01  2.2874E+42  2.2613E+42  1.3901E+34  2.6065E+40
  6.3100E+01  1.7627E+42  1.7417E+42  8.4532E+33  2.0995E+40
  6.6830E+01  1.3494E+42  1.3325E+42  5.1079E+33  1.6901E+40
  7.0790E+01  1.0266E+42  1.0130E+42  3.0680E+33  1.3584E+40
  7.4990E+01  7.7652E+41  7.6562E+41  1.8329E+33  1.0904E+40
  7.9430E+01  5.8478E+41  5.7603E+41  1.0907E+33  8.7491E+39
  8.4140E+01  4.3848E+41  4.3147E+41  6.4632E+32  7.0121E+39
  8.9130E+01  3.2776E+41  3.2215E+41  3.8199E+32  5.6152E+39
  9.4410E+01  2.4429E+41  2.3979E+41  2.2520E+32  4.4949E+39
  1.0000E+02  1.8156E+41  1.7796E+41  1.3244E+32  3.5962E+39
  1.0590E+02  1.3476E+41  1.3188E+41  7.7829E+31  2.8777E+39
  1.1220E+02  9.9831E+40  9.7534E+40  4.5646E+31  2.2975E+39
  1.1890E+02  7.3997E+40  7.2165E+40  2.6797E+31  1.8318E+39
  1.2590E+02  5.5166E+40  5.3702E+40  1.5832E+31  1.4643E+39
  1.3340E+02  4.1233E+40  4.0066E+40  9.3931E+30  1.1671E+39
  1.4130E+02  3.0582E+40  2.9651E+40  5.5524E+30  9.3116E+38
  1.4960E+02  2.2227E+40  2.1483E+40  3.2152E+30  7.4415E+38
  1.5850E+02  1.6036E+40  1.5443E+40  1.8440E+30  5.9285E+38
  1.7780E+02  8.4262E+39  8.0493E+39  6.1216E+29  3.7696E+38
  1.9950E+02  4.4415E+39  4.2023E+39  2.0426E+29  2.3920E+38
  2.2390E+02  2.3400E+39  2.1885E+39  6.8317E+28  1.5154E+38
  2.5120E+02  1.2338E+39  1.1377E+39  2.2925E+28  9.6066E+37
  2.8180E+02  6.5062E+38  5.8973E+38  7.7177E+27  6.0887E+37
  3.1620E+02  3.4309E+38  3.0455E+38  2.6060E+27  3.8539E+37
  3.5480E+02  1.8126E+38  1.5688E+38  8.8415E+26  2.4382E+37
  3.9810E+02  9.6030E+37  8.0608E+37  3.0192E+26  1.5422E+37
  4.4670E+02  5.1073E+37  4.1322E+37  1.0385E+26  9.7503E+36
  5.0120E+02  2.7310E+37  2.1145E+37  3.6035E+25  6.1645E+36
  5.6230E+02  1.4703E+37  1.0805E+37  1.2625E+25  3.8978E+36
  6.3100E+02  7.9690E+36  5.5073E+36  4.4660E+24  2.4617E+36
  7.0790E+02  4.3619E+36  2.8058E+36  1.5988E+24  1.5562E+36
  7.9430E+02  2.4094E+36  1.4264E+36  5.7825E+23  9.8293E+35
  8.9130E+02  1.3447E+36  7.2405E+35  2.1141E+23  6.2061E+35
  1.0000E+03  7.5934E+35  3.6729E+35  7.8177E+22  3.9205E+35
