  1.0000E-03  8.5721E+44  0.0000E+00  6.2160E+41  8.5659E+44
  1.1220E-03  9.5629E+44  0.0000E+00  8.2038E+41  9.5547E+44
  1.2590E-03  1.0665E+45  0.0000E+00  1.0314E+42  1.0654E+45
  1.4130E-03  1.1891E+45  0.0000E+00  1.2442E+42  1.1878E+45
  1.5850E-03  1.3262E+45  0.0000E+00  1.4514E+42  1.3247E+45
  1.7780E-03  1.4843E+45  0.0000E+00  1.8281E+42  1.4825E+45
  1.9950E-03  1.6473E+45  0.0000E+00  2.2857E+42  1.6451E+45
  2.2390E-03  1.8328E+45  0.0000E+00  2.5380E+42  1.8303E+45
  2.5120E-03  2.0479E+45  0.0000E+00  3.3601E+42  2.0445E+45
  2.8180E-03  2.2620E+45  0.0000E+00  4.1249E+42  2.2579E+45
  3.1620E-03  2.5028E+45  0.0000E+00  4.7597E+42  2.4981E+45
  3.5480E-03  2.7714E+45  0.0000E+00  5.3136E+42  2.7661E+45
  3.9810E-03  3.0723E+45  0.0000E+00  5.7753E+42  3.0665E+45
  4.4670E-03  3.6327E+45  0.0000E+00  8.3658E+42  3.6244E+45
  5.0120E-03  4.0071E+45  0.0000E+00  1.0710E+43  3.9964E+45
  5.6230E-03  4.4196E+45  0.0000E+00  1.3014E+43  4.4066E+45
  5.9570E-03  4.6438E+45  0.0000E+00  1.4118E+43  4.6297E+45
  6.6830E-03  5.1335E+45  0.0000E+00  1.6186E+43  5.1173E+45
  7.4990E-03  5.6919E+45  0.0000E+00  1.8205E+43  5.6737E+45
  8.4140E-03  6.2984E+45  0.0000E+00  2.0368E+43  6.2780E+45
  9.4410E-03  6.9871E+45  0.0000E+00  2.2264E+43  6.9648E+45
  1.0590E-02  7.7903E+45  0.0000E+00  2.3286E+43  7.7670E+45
  1.1890E-02  8.6378E+45  0.0000E+00  2.6545E+43  8.6112E+45
  1.3340E-02  9.5963E+45  0.0000E+00  2.8605E+43  9.5677E+45
  1.4960E-02  1.0632E+46  0.0000E+00  3.1243E+43  1.0601E+46
  1.6790E-02  1.1801E+46  0.0000E+00  3.3664E+43  1.1767E+46
  1.8840E-02  1.3111E+46  0.0000E+00  3.5872E+43  1.3075E+46
  2.1130E-02  1.4544E+46  0.0000E+00  3.8869E+43  1.4505E+46
  2.3710E-02  1.6134E+46  0.0000E+00  4.1786E+43  1.6092E+46
  2.6610E-02  1.7883E+46  0.0000E+00  4.4716E+43  1.7839E+46
  2.9850E-02  1.9815E+46  3.4056E-83  4.7524E+43  1.9768E+46
  3.3500E-02  2.1961E+46  2.1742E-68  5.0207E+43  2.1911E+46
  3.7580E-02  2.4557E+46  2.7203E-55  5.4586E+43  2.4502E+46
  4.2170E-02  2.7215E+46  1.1784E-43  6.4054E+43  2.7151E+46
  4.7320E-02  2.9636E+46  3.1015E-33  6.5520E+43  2.9571E+46
  5.3090E-02  2.9787E+46  5.5352E-24  6.0809E+43  2.9726E+46
  6.6830E-02  2.4754E+46  1.8748E-08  3.9966E+43  2.4714E+46
  7.4990E-02  2.2105E+46  5.9032E-02  3.0065E+43  2.2075E+46
  8.4140E-02  2.2105E+46  3.1381E+04  3.0837E+43  2.2074E+46
  9.4410E-02  2.1956E+46  3.8042E+09  3.2007E+43  2.1924E+46
  1.0590E-01  2.1313E+46  1.1142E+14  3.7687E+43  2.1276E+46
  1.1890E-01  1.9267E+46  8.6041E+17  4.0793E+43  1.9227E+46
  1.3340E-01  1.7095E+46  1.7470E+21  4.2580E+43  1.7053E+46
  1.4960E-01  1.4901E+46  1.9839E+24  3.9385E+43  1.4862E+46
  1.5850E-01  1.3749E+46  5.8469E+25  3.6395E+43  1.3712E+46
  1.7780E-01  1.1434E+46  3.0570E+28  2.8535E+43  1.1405E+46
  1.9950E-01  9.0299E+45  8.9570E+30  1.6788E+43  9.0131E+45
  2.2390E-01  7.3042E+45  1.0950E+33  1.1935E+43  7.2922E+45
  2.3710E-01  7.0059E+45  7.4658E+33  1.3575E+43  6.9923E+45
  2.5120E-01  6.7274E+45  4.3468E+34  1.4824E+43  6.7126E+45
  2.6610E-01  6.3652E+45  2.3516E+35  1.4886E+43  6.3504E+45
  2.8180E-01  5.9724E+45  1.1644E+36  1.4269E+43  5.9581E+45
  2.9850E-01  5.5751E+45  5.2476E+36  1.3459E+43  5.5617E+45
  3.1620E-01  5.1944E+45  2.1244E+37  1.2664E+43  5.1818E+45
  3.3500E-01  4.8322E+45  7.8510E+37  1.1854E+43  4.8204E+45
  3.5480E-01  4.4905E+45  2.6563E+38  1.1026E+43  4.4795E+45
  3.7580E-01  4.1713E+45  8.3173E+38  1.0191E+43  4.1611E+45
  3.9810E-01  3.8698E+45  2.3968E+39  9.4197E+42  3.8604E+45
  4.2170E-01  3.5931E+45  6.3515E+39  8.6631E+42  3.5844E+45
  4.4670E-01  3.3348E+45  1.5593E+40  7.9732E+42  3.3269E+45
  4.7320E-01  3.0939E+45  3.5999E+40  7.3038E+42  3.0866E+45
  5.0120E-01  2.8698E+45  7.8360E+40  6.6556E+42  2.8630E+45
  5.3090E-01  2.6617E+45  1.6174E+41  6.0218E+42  2.6555E+45
  5.6230E-01  2.4668E+45  3.1594E+41  5.4447E+42  2.4610E+45
  5.9570E-01  2.2843E+45  5.8811E+41  4.9075E+42  2.2788E+45
  6.3100E-01  2.1157E+45  1.0425E+42  4.4028E+42  2.1102E+45
  6.6830E-01  1.9595E+45  1.7626E+42  3.9272E+42  1.9539E+45
  7.0790E-01  1.8144E+45  2.8531E+42  3.4926E+42  1.8081E+45
  7.4990E-01  1.6796E+45  4.4282E+42  3.0984E+42  1.6721E+45
  7.9430E-01  1.5554E+45  6.5976E+42  2.7353E+42  1.5460E+45
  8.4140E-01  1.4408E+45  9.4749E+42  2.4006E+42  1.4290E+45
  8.9130E-01  1.3360E+45  1.3146E+43  2.0882E+42  1.3208E+45
  9.4410E-01  1.2398E+45  1.7636E+43  1.8046E+42  1.2204E+45
  1.0000E+00  1.1515E+45  2.2924E+43  1.5516E+42  1.1271E+45
  1.0590E+00  1.0709E+45  2.8919E+43  1.3287E+42  1.0406E+45
  1.1220E+00  9.9654E+44  3.5616E+43  1.1298E+42  9.5980E+44
  1.1890E+00  9.2849E+44  4.2875E+43  9.5161E+41  8.8466E+44
  1.2590E+00  8.6727E+44  5.0281E+43  7.9195E+41  8.1620E+44
  1.3340E+00  8.1041E+44  5.7790E+43  6.5354E+41  7.5197E+44
  1.4130E+00  7.5822E+44  6.4915E+43  5.3779E+41  6.9277E+44
  1.4960E+00  7.1032E+44  7.1476E+43  4.4047E+41  6.3841E+44
  1.5850E+00  6.6543E+44  7.7591E+43  3.5748E+41  5.8748E+44
  1.6790E+00  6.2367E+44  8.2768E+43  2.8700E+41  5.4062E+44
  1.7780E+00  5.8459E+44  8.6768E+43  2.2746E+41  4.9760E+44
  1.8840E+00  5.4745E+44  8.9799E+43  1.7767E+41  4.5747E+44
  1.9950E+00  5.1265E+44  9.1636E+43  1.3696E+41  4.2088E+44
  2.1130E+00  4.7952E+44  9.2451E+43  1.0422E+41  3.8697E+44
  2.2390E+00  4.4779E+44  9.2233E+43  7.8377E+40  3.5548E+44
  2.3710E+00  4.1783E+44  9.1007E+43  5.8414E+40  3.2677E+44
  2.5120E+00  3.8919E+44  8.9057E+43  4.3206E+40  3.0009E+44
  2.6610E+00  3.6202E+44  8.6389E+43  3.1781E+40  2.7560E+44
  2.8180E+00  3.3625E+44  8.3054E+43  2.3269E+40  2.5317E+44
  2.9850E+00  3.1177E+44  7.9288E+43  1.6974E+40  2.3246E+44
  3.1620E+00  2.8855E+44  7.5133E+43  1.2345E+40  2.1340E+44
  3.3500E+00  2.6683E+44  7.0979E+43  8.9651E+39  1.9584E+44
  3.5480E+00  2.4633E+44  6.6527E+43  6.4986E+39  1.7979E+44
  3.7580E+00  2.2712E+44  6.2089E+43  4.7031E+39  1.6502E+44
  3.9810E+00  2.0914E+44  5.7705E+43  3.3992E+39  1.5143E+44
  4.2170E+00  1.9236E+44  5.3402E+43  2.4544E+39  1.3896E+44
  4.4670E+00  1.7674E+44  4.9230E+43  1.7701E+39  1.2751E+44
  4.7320E+00  1.6228E+44  4.5285E+43  1.2750E+39  1.1699E+44
  5.0120E+00  1.4920E+44  4.1599E+43  9.1926E+38  1.0760E+44
  5.3090E+00  1.3393E+44  3.8157E+43  6.4627E+38  9.5769E+43
  5.6230E+00  1.1961E+44  3.5011E+43  4.5128E+38  8.4599E+43
  5.9570E+00  1.0634E+44  3.2191E+43  3.1311E+38  7.4149E+43
  6.3100E+00  9.3961E+43  2.9386E+43  2.1547E+38  6.4576E+43
  6.6830E+00  8.3046E+43  2.7140E+43  1.4770E+38  5.5906E+43
  7.0790E+00  7.2980E+43  2.4877E+43  1.0006E+38  4.8103E+43
  7.4990E+00  6.5484E+43  2.4330E+43  6.8322E+37  4.1154E+43
  7.9430E+00  6.6161E+43  3.1144E+43  5.2281E+37  3.5017E+43
  8.4140E+00  7.5531E+43  4.5909E+43  4.7951E+37  2.9622E+43
  8.9130E+00  8.3866E+43  5.8918E+43  4.5879E+37  2.4948E+43
  9.4410E+00  9.0228E+43  6.9295E+43  4.7326E+37  2.0933E+43
  1.0000E+01  7.6081E+43  5.8537E+43  3.3835E+37  1.7545E+43
  1.0590E+01  6.0916E+43  4.6246E+43  2.2291E+37  1.4670E+43
  1.1220E+01  4.6685E+43  3.4475E+43  1.3119E+37  1.2211E+43
  1.1890E+01  3.6245E+43  2.6122E+43  7.8493E+36  1.0122E+43
  1.2590E+01  2.8236E+43  1.9848E+43  4.6187E+36  8.3879E+42
  1.3340E+01  2.2285E+43  1.5369E+43  2.7137E+36  6.9162E+42
  1.4130E+01  1.8489E+43  1.2795E+43  1.6422E+36  5.6937E+42
  1.4960E+01  1.7215E+43  1.2533E+43  1.1372E+36  4.6820E+42
  1.5850E+01  1.6596E+43  1.2764E+43  8.4761E+35  3.8322E+42
  1.6790E+01  1.6140E+43  1.3007E+43  6.6250E+35  3.1323E+42
  1.7780E+01  1.5332E+43  1.2773E+43  5.2205E+35  2.5588E+42
  1.8840E+01  1.3831E+43  1.1749E+43  3.9282E+35  2.0826E+42
  1.9950E+01  1.1832E+43  1.0135E+43  2.7300E+35  1.6967E+42
  2.1130E+01  9.9999E+42  8.6207E+42  1.8178E+35  1.3793E+42
  2.2390E+01  8.5000E+42  7.3822E+42  1.2121E+35  1.1178E+42
  2.3710E+01  7.2579E+42  6.3511E+42  8.0823E+34  9.0677E+41
  2.5120E+01  6.1983E+42  5.4649E+42  5.4031E+34  7.3339E+41
  2.6610E+01  5.2804E+42  4.6877E+42  3.5971E+34  5.9278E+41
  2.8180E+01  4.4856E+42  4.0064E+42  2.3967E+34  4.7915E+41
  2.9850E+01  3.7845E+42  3.3980E+42  1.5916E+34  3.8658E+41
  3.1620E+01  3.1640E+42  2.8525E+42  1.0492E+34  3.1154E+41
  3.3500E+01  2.6175E+42  2.3668E+42  6.8613E+33  2.5072E+41
  3.5480E+01  2.1439E+42  1.9421E+42  4.4552E+33  2.0185E+41
  3.7580E+01  1.7346E+42  1.5723E+42  2.8637E+33  1.6234E+41
  3.9810E+01  1.3837E+42  1.2533E+42  1.8196E+33  1.3040E+41
  4.2170E+01  1.0909E+42  9.8623E+41  1.1441E+33  1.0469E+41
  4.4670E+01  8.5090E+41  7.6690E+41  7.1174E+32  8.4000E+40
  4.7320E+01  6.5755E+41  5.9021E+41  4.3888E+32  6.7347E+40
  5.0120E+01  5.0425E+41  4.5025E+41  2.6871E+32  5.3996E+40
  5.3090E+01  3.8386E+41  3.4061E+41  1.6343E+32  4.3255E+40
  5.6230E+01  2.9063E+41  2.5599E+41  9.8926E+31  3.4648E+40
  5.9570E+01  2.1874E+41  1.9102E+41  5.9568E+31  2.7714E+40
  6.3100E+01  1.6405E+41  1.4188E+41  3.5776E+31  2.2171E+40
  6.6830E+01  1.2268E+41  1.0494E+41  2.1448E+31  1.7737E+40
  7.0790E+01  9.1494E+40  7.7316E+40  1.2835E+31  1.4178E+40
  7.4990E+01  6.8077E+40  5.6751E+40  7.6722E+30  1.1326E+40
  7.9430E+01  5.0602E+40  4.1554E+40  4.5874E+30  9.0480E+39
  8.4140E+01  3.7572E+40  3.0348E+40  2.7424E+30  7.2238E+39
  8.9130E+01  2.7896E+40  2.2130E+40  1.6413E+30  5.7653E+39
  9.4410E+01  2.0715E+40  1.6114E+40  9.8351E+29  4.6012E+39
  1.0000E+02  1.5387E+40  1.1716E+40  5.9014E+29  3.6716E+39
  1.0590E+02  1.1448E+40  8.5171E+39  3.5506E+29  2.9312E+39
  1.1220E+02  8.5206E+39  6.1851E+39  2.1371E+29  2.3354E+39
  1.1890E+02  6.3559E+39  4.4971E+39  1.2895E+29  1.8588E+39
  1.2590E+02  4.7740E+39  3.2903E+39  7.8341E+28  1.4837E+39
  1.3340E+02  3.5942E+39  2.4132E+39  4.7739E+28  1.1810E+39
  1.4130E+02  2.7010E+39  1.7599E+39  2.9199E+28  9.4109E+38
  1.4960E+02  2.0132E+39  1.2621E+39  1.7775E+28  7.5115E+38
  1.5850E+02  1.4964E+39  8.9861E+38  1.0772E+28  5.9777E+38
  1.7780E+02  8.3880E+38  4.5940E+38  4.0015E+27  3.7940E+38
  1.9950E+02  4.7596E+38  2.3553E+38  1.5017E+27  2.4042E+38
  2.2390E+02  2.7284E+38  1.2069E+38  5.6843E+26  1.5215E+38
  2.5120E+02  1.5822E+38  6.1851E+37  2.1711E+26  9.6373E+37
  2.8180E+02  9.2702E+37  3.1660E+37  8.3527E+25  6.1042E+37
  3.1620E+02  5.4786E+37  1.6169E+37  3.2298E+25  3.8617E+37
  3.5480E+02  3.2668E+37  8.2475E+36  1.2548E+25  2.4421E+37
  3.9810E+02  1.9643E+37  4.2013E+36  4.8981E+24  1.5442E+37
  4.4670E+02  1.1897E+37  2.1372E+36  1.9187E+24  9.7602E+36
  5.0120E+02  7.2556E+36  1.0862E+36  7.5407E+23  6.1694E+36
  5.6230E+02  4.4520E+36  5.5169E+35  2.9714E+23  3.9003E+36
  6.3100E+02  2.7426E+36  2.7967E+35  1.1725E+23  2.4629E+36
  7.0790E+02  1.6986E+36  1.4179E+35  4.6393E+22  1.5568E+36
  7.9430E+02  1.0550E+36  7.1776E+34  1.8369E+22  9.8325E+35
  8.9130E+02  6.5706E+35  3.6293E+34  7.2793E+21  6.2077E+35
  1.0000E+03  4.1048E+35  1.8347E+34  2.8894E+21  3.9213E+35
