  1.0000E-03  3.4992E+44  1.0312E+06  1.7123E+42  3.4821E+44
  1.1220E-03  3.1090E+44  8.7853E+05  2.1989E+42  3.0870E+44
  1.2590E-03  2.7165E+44  8.1316E+05  2.6848E+42  2.6897E+44
  1.4130E-03  2.3421E+44  6.6728E+05  3.1398E+42  2.3107E+44
  1.5850E-03  2.0834E+44  5.7785E+05  3.5627E+42  2.0478E+44
  1.7780E-03  2.1118E+44  5.4667E+05  4.4388E+42  2.0674E+44
  1.9950E-03  1.5357E+44  4.5383E+05  5.2778E+42  1.4830E+44
  2.2390E-03  1.2216E+44  3.7581E+05  5.6200E+42  1.1654E+44
  2.5120E-03  1.1597E+44  3.4432E+05  7.3278E+42  1.0865E+44
  2.8180E-03  7.3259E+43  2.6341E+05  8.4388E+42  6.4820E+43
  3.1620E-03  5.0360E+43  2.1748E+05  9.2121E+42  4.1148E+43
  3.5480E-03  3.6798E+43  1.8799E+05  9.7856E+42  2.7013E+43
  3.9810E-03  2.8849E+43  2.1053E+05  1.0196E+43  1.8653E+43
  4.4670E-03  2.0194E+44  3.4130E+05  1.8443E+43  1.8350E+44
  5.0120E-03  1.2299E+44  2.6231E+05  2.1848E+43  1.0114E+44
  5.6230E-03  8.0459E+43  2.1147E+05  2.4588E+43  5.5870E+43
  5.9570E-03  6.7854E+43  1.9689E+05  2.5717E+43  4.2137E+43
  6.6830E-03  5.3333E+43  1.6802E+05  2.7625E+43  2.5708E+43
  7.4990E-03  4.7056E+43  1.5040E+05  2.9455E+43  1.7601E+43
  8.4140E-03  4.2293E+43  1.3387E+05  3.1101E+43  1.1192E+43
  9.4410E-03  4.0246E+43  1.2113E+05  3.2366E+43  7.8795E+42
  1.0590E-02  3.9563E+43  1.1859E+05  3.2672E+43  6.8908E+42
  1.1890E-02  4.0256E+43  1.1028E+05  3.5632E+43  4.6245E+42
  1.3340E-02  4.0286E+43  1.0295E+05  3.6814E+43  3.4714E+42
  1.4960E-02  4.0775E+43  9.4729E+04  3.8397E+43  2.3780E+42
  1.6790E-02  4.1256E+43  8.8146E+04  3.9561E+43  1.6941E+42
  1.8840E-02  4.1656E+43  8.1354E+04  4.0388E+43  1.2677E+42
  2.1130E-02  4.2864E+43  7.6042E+04  4.1956E+43  9.0747E+41
  2.3710E-02  4.3764E+43  7.1966E+04  4.3126E+43  6.3891E+41
  2.6610E-02  4.4389E+43  6.7136E+04  4.3957E+43  4.3246E+41
  2.9850E-02  4.4735E+43  6.2254E+04  4.4442E+43  2.9357E+41
  3.3500E-02  4.4807E+43  5.8063E+04  4.4609E+43  1.9742E+41
  3.7580E-02  4.8364E+43  5.6425E+04  4.8169E+43  1.9525E+41
  4.2170E-02  5.3209E+43  5.2643E+04  5.3078E+43  1.3049E+41
  4.7320E-02  4.7387E+43  7.2318E+04  4.7345E+43  4.2599E+40
  5.3090E-02  3.7382E+43  6.4257E+04  3.7372E+43  1.0197E+40
  6.6830E-02  1.3207E+43  4.5490E+04  1.3207E+43  3.3014E+37
  7.4990E-02  5.9025E+42  2.3328E+04  5.9025E+42  7.8777E+35
  8.4140E-02  7.0644E+42  2.4288E+04  7.0644E+42  2.0124E+36
  9.4410E-02  8.2741E+42  6.8630E+05  8.2741E+42  3.8955E+36
  1.0590E-01  1.4279E+43  5.0683E+10  1.4279E+43  5.1070E+37
  1.1890E-01  2.2776E+43  1.1371E+15  2.2775E+43  8.7011E+38
  1.3340E-01  3.0770E+43  5.0009E+18  3.0763E+43  6.5539E+39
  1.4960E-01  3.4234E+43  9.6528E+21  3.4211E+43  2.3374E+40
  1.5850E-01  3.3004E+43  3.1488E+23  3.2977E+43  2.7658E+40
  1.7780E-01  2.4727E+43  1.4050E+26  2.4713E+43  1.3780E+40
  1.9950E-01  1.0916E+43  1.6259E+28  1.0915E+43  8.2484E+38
  2.2390E-01  5.9652E+42  1.1769E+30  5.9651E+42  1.3312E+38
  2.3710E-01  8.0858E+42  1.5739E+31  8.0851E+42  7.4348E+38
  2.5120E-01  1.0673E+43  1.8695E+32  1.0669E+43  4.4884E+39
  2.6610E-01  1.2173E+43  1.6613E+33  1.2158E+43  1.4679E+40
  2.8180E-01  1.2754E+43  1.1870E+34  1.2721E+43  3.3460E+40
  2.9850E-01  1.2897E+43  7.1823E+34  1.2834E+43  6.2734E+40
  3.1620E-01  1.2912E+43  3.8023E+35  1.2803E+43  1.0900E+41
  3.3500E-01  1.2812E+43  1.8036E+36  1.2633E+43  1.7925E+41
  3.5480E-01  1.2588E+43  7.6530E+36  1.2311E+43  2.7702E+41
  3.7580E-01  1.2315E+43  3.0010E+37  1.1892E+43  4.2244E+41
  3.9810E-01  1.2068E+43  1.0641E+38  1.1451E+43  6.1694E+41
  4.2170E-01  1.1918E+43  3.5306E+38  1.0989E+43  9.2910E+41
  4.4670E-01  1.1922E+43  1.0786E+39  1.0545E+43  1.3752E+42
  4.7320E-01  1.2077E+43  3.0879E+39  1.0065E+43  2.0098E+42
  5.0120E-01  1.2439E+43  8.2858E+39  9.5447E+42  2.8864E+42
  5.3090E-01  1.3156E+43  2.1142E+40  8.9897E+42  4.1453E+42
  5.6230E-01  1.4239E+43  5.0246E+40  8.4434E+42  5.7455E+42
  5.9570E-01  1.5797E+43  1.1272E+41  7.8970E+42  7.7869E+42
  6.3100E-01  1.8052E+43  2.4005E+41  7.3536E+42  1.0458E+43
  6.6830E-01  2.1197E+43  4.8581E+41  6.8103E+42  1.3901E+43
  7.0790E-01  2.5465E+43  9.3584E+41  6.2943E+42  1.8235E+43
  7.4990E-01  3.0889E+43  1.7092E+42  5.8050E+42  2.3374E+43
  7.9430E-01  3.7928E+43  2.9803E+42  5.3373E+42  2.9611E+43
  8.4140E-01  4.6993E+43  4.9870E+42  4.8892E+42  3.7117E+43
  8.9130E-01  5.9077E+43  8.0757E+42  4.4564E+42  4.6545E+43
  9.4410E-01  7.4116E+43  1.2564E+43  4.0448E+42  5.7507E+43
  1.0000E+00  9.1740E+43  1.8719E+43  3.6575E+42  6.9363E+43
  1.0590E+00  1.1211E+44  2.6802E+43  3.2992E+42  8.2007E+43
  1.1220E+00  1.3557E+44  3.7190E+43  2.9613E+42  9.5421E+43
  1.1890E+00  1.6235E+44  5.0148E+43  2.6381E+42  1.0956E+44
  1.2590E+00  1.9276E+44  6.5653E+43  2.3240E+42  1.2478E+44
  1.3340E+00  2.2513E+44  8.3532E+43  2.0295E+42  1.3956E+44
  1.4130E+00  2.5738E+44  1.0275E+44  1.7629E+42  1.5287E+44
  1.4960E+00  2.8900E+44  1.2281E+44  1.5201E+42  1.6467E+44
  1.5850E+00  3.1983E+44  1.4371E+44  1.2965E+42  1.7482E+44
  1.6790E+00  3.4903E+44  1.6433E+44  1.0904E+42  1.8360E+44
  1.7780E+00  3.7547E+44  1.8367E+44  9.0165E+41  1.9090E+44
  1.8840E+00  3.9827E+44  2.0139E+44  7.3225E+41  1.9615E+44
  1.9950E+00  4.1643E+44  2.1633E+44  5.8411E+41  1.9952E+44
  2.1130E+00  4.2924E+44  2.2814E+44  4.5795E+41  2.0064E+44
  2.2390E+00  4.3610E+44  2.3623E+44  3.5321E+41  1.9952E+44
  2.3710E+00  4.3713E+44  2.4028E+44  2.6861E+41  1.9658E+44
  2.5120E+00  4.3268E+44  2.4072E+44  2.0188E+41  1.9177E+44
  2.6610E+00  4.2331E+44  2.3756E+44  1.5019E+41  1.8560E+44
  2.8180E+00  4.0960E+44  2.3104E+44  1.1072E+41  1.7845E+44
  2.9850E+00  3.9244E+44  2.2189E+44  8.0992E+40  1.7047E+44
  3.1620E+00  3.7254E+44  2.1047E+44  5.8832E+40  1.6201E+44
  3.3500E+00  3.5119E+44  1.9798E+44  4.2552E+40  1.5316E+44
  3.5480E+00  3.2840E+44  1.8401E+44  3.0600E+40  1.4437E+44
  3.7580E+00  3.0514E+44  1.6952E+44  2.1906E+40  1.3560E+44
  3.9810E+00  2.8181E+44  1.5483E+44  1.5619E+40  1.2697E+44
  4.2170E+00  2.5884E+44  1.4022E+44  1.1096E+40  1.1860E+44
  4.4670E+00  2.3654E+44  1.2597E+44  7.8564E+39  1.1055E+44
  4.7320E+00  2.1528E+44  1.1243E+44  5.5454E+39  1.0284E+44
  5.0120E+00  1.9550E+44  9.9769E+43  3.9113E+39  9.5730E+43
  5.3090E+00  1.7413E+44  8.8020E+43  2.7040E+39  8.6103E+43
  5.6230E+00  1.5410E+44  7.7345E+43  1.8570E+39  7.6751E+43
  5.9570E+00  1.3558E+44  6.7792E+43  1.2675E+39  6.7788E+43
  6.3100E+00  1.1829E+44  5.8844E+43  8.5726E+38  5.9448E+43
  6.6830E+00  1.0313E+44  5.1367E+43  5.7785E+38  5.1763E+43
  7.0790E+00  8.9176E+43  4.4399E+43  3.8454E+38  4.4776E+43
  7.4990E+00  7.9075E+43  4.0806E+43  2.6024E+38  3.8269E+43
  7.9430E+00  8.0620E+43  4.9023E+43  2.0444E+38  3.1596E+43
  8.4140E+00  9.2284E+43  6.7301E+43  1.9356E+38  2.4983E+43
  8.9130E+00  9.9791E+43  8.0161E+43  1.8466E+38  1.9629E+43
  9.4410E+00  1.0291E+44  8.7516E+43  1.8581E+38  1.5396E+43
  1.0000E+01  8.4185E+43  7.0861E+43  1.2770E+38  1.3324E+43
  1.0590E+01  6.5342E+43  5.3676E+43  8.0645E+37  1.1666E+43
  1.1220E+01  4.8298E+43  3.8079E+43  4.5334E+37  1.0218E+43
  1.1890E+01  3.5965E+43  2.7173E+43  2.5919E+37  8.7922E+42
  1.2590E+01  2.6727E+43  1.9216E+43  1.4568E+37  7.5107E+42
  1.3340E+01  2.0034E+43  1.3701E+43  8.1850E+36  6.3338E+42
  1.4130E+01  1.5769E+43  1.0494E+43  4.7563E+36  5.2754E+42
  1.4960E+01  1.3961E+43  9.6476E+42  3.1762E+36  4.3131E+42
  1.5850E+01  1.2738E+43  9.2466E+42  2.2714E+36  3.4917E+42
  1.6790E+01  1.1670E+43  8.8509E+42  1.6937E+36  2.8187E+42
  1.7780E+01  1.0402E+43  8.1190E+42  1.2676E+36  2.2829E+42
  1.8840E+01  8.7746E+42  6.9163E+42  9.0358E+35  1.8583E+42
  1.9950E+01  7.0108E+42  5.4831E+42  5.9550E+35  1.5277E+42
  2.1130E+01  5.5219E+42  4.2675E+42  3.7608E+35  1.2544E+42
  2.2390E+01  4.3656E+42  3.3408E+42  2.3766E+35  1.0248E+42
  2.3710E+01  3.4676E+42  2.6305E+42  1.5029E+35  8.3705E+41
  2.5120E+01  2.7558E+42  2.0749E+42  9.5325E+34  6.8091E+41
  2.6610E+01  2.1893E+42  1.6361E+42  6.0327E+34  5.5321E+41
  2.8180E+01  1.7402E+42  1.2910E+42  3.8310E+34  4.4920E+41
  2.9850E+01  1.3792E+42  1.0152E+42  2.4325E+34  3.6392E+41
  3.1620E+01  1.0884E+42  7.9397E+41  1.5395E+34  2.9445E+41
  3.3500E+01  8.5473E+41  6.1686E+41  9.7131E+33  2.3787E+41
  3.5480E+01  6.6891E+41  4.7670E+41  6.1188E+33  1.9221E+41
  3.7580E+01  5.2029E+41  3.6515E+41  3.8369E+33  1.5515E+41
  3.9810E+01  4.0148E+41  2.7640E+41  2.3922E+33  1.2509E+41
  4.2170E+01  3.0810E+41  2.0731E+41  1.4845E+33  1.0080E+41
  4.4670E+01  2.3533E+41  1.5417E+41  9.1663E+32  8.1162E+40
  4.7320E+01  1.7910E+41  1.1381E+41  5.6397E+32  6.5291E+40
  5.0120E+01  1.3604E+41  8.3524E+40  3.4627E+32  5.2513E+40
  5.3090E+01  1.0312E+41  6.0931E+40  2.1221E+32  4.2190E+40
  5.6230E+01  7.8150E+40  4.4264E+40  1.2999E+32  3.3886E+40
  5.9570E+01  5.9161E+40  3.1990E+40  7.9521E+31  2.7171E+40
  6.3100E+01  4.4842E+40  2.3058E+40  4.8698E+31  2.1784E+40
  6.6830E+01  3.4044E+40  1.6582E+40  2.9863E+31  1.7463E+40
  7.0790E+01  2.5880E+40  1.1897E+40  1.8328E+31  1.3983E+40
  7.4990E+01  1.9705E+40  8.5168E+39  1.1262E+31  1.1188E+40
  7.9430E+01  1.5042E+40  6.0916E+39  6.9348E+30  8.9504E+39
  8.4140E+01  1.1506E+40  4.3515E+39  4.2756E+30  7.1548E+39
  8.9130E+01  8.8243E+39  3.1079E+39  2.6412E+30  5.7164E+39
  9.4410E+01  6.7857E+39  2.2191E+39  1.6348E+30  4.5666E+39
  1.0000E+02  5.2310E+39  1.5839E+39  1.0136E+30  3.6471E+39
  1.0590E+02  4.0455E+39  1.1317E+39  6.3002E+29  2.9138E+39
  1.1220E+02  3.1315E+39  8.0840E+38  3.9143E+29  2.3231E+39
  1.1890E+02  2.4287E+39  5.7863E+38  2.4344E+29  1.8500E+39
  1.2590E+02  1.8946E+39  4.1719E+38  1.5216E+29  1.4774E+39
  1.3340E+02  1.4782E+39  3.0172E+38  9.5165E+28  1.1765E+39
  1.4130E+02  1.1551E+39  2.1719E+38  5.9823E+28  9.3786E+38
  1.4960E+02  9.0277E+38  1.5389E+38  3.7586E+28  7.4888E+38
  1.5850E+02  7.0452E+38  1.0834E+38  2.3497E+28  5.9617E+38
  1.7780E+02  4.3288E+38  5.4271E+37  9.2253E+27  3.7861E+38
  1.9950E+02  2.6735E+38  2.7324E+37  3.6313E+27  2.4003E+38
  2.2390E+02  1.6573E+38  1.3777E+37  1.4325E+27  1.5195E+38
  2.5120E+02  1.0323E+38  6.9600E+36  5.6699E+26  9.6274E+37
  2.8180E+02  6.4510E+37  3.5176E+36  2.2487E+26  6.0992E+37
  3.1620E+02  4.0368E+37  1.7763E+36  8.9219E+25  3.8591E+37
  3.5480E+02  2.5305E+37  8.9698E+35  3.5418E+25  2.4408E+37
  3.9810E+02  1.5888E+37  4.5286E+35  1.4076E+25  1.5435E+37
  4.4670E+02  9.9855E+36  2.2855E+35  5.5965E+24  9.7570E+36
  5.0120E+02  6.2832E+36  1.1534E+35  2.2266E+24  6.1678E+36
  5.6230E+02  3.9577E+36  5.8218E+34  8.8625E+23  3.8995E+36
  6.3100E+02  2.4919E+36  2.9349E+34  3.5256E+23  2.4625E+36
  7.0790E+02  1.5714E+36  1.4807E+34  1.4043E+23  1.5566E+36
  7.9430E+02  9.9061E+35  7.4622E+33  5.5905E+22  9.8315E+35
  8.9130E+02  6.2448E+35  3.7585E+33  2.2251E+22  6.2072E+35
  1.0000E+03  3.9400E+35  1.8934E+33  8.8633E+21  3.9211E+35
