  1.0000E-03  1.0410E+45  0.0000E+00  1.6438E+44  8.7662E+44
  1.1220E-03  1.1562E+45  0.0000E+00  1.7262E+44  9.8357E+44
  1.2590E-03  1.2771E+45  0.0000E+00  1.7342E+44  1.1037E+45
  1.4130E-03  1.4081E+45  0.0000E+00  1.6946E+44  1.2387E+45
  1.5850E-03  1.5586E+45  0.0000E+00  1.6915E+44  1.3894E+45
  1.7780E-03  1.7645E+45  0.0000E+00  2.0587E+44  1.5586E+45
  1.9950E-03  1.9471E+45  0.0000E+00  1.9826E+44  1.7488E+45
  2.2390E-03  2.1490E+45  0.0000E+00  1.8628E+44  1.9627E+45
  2.5120E-03  2.4291E+45  0.0000E+00  2.2713E+44  2.2020E+45
  2.8180E-03  2.6804E+45  0.0000E+00  2.1019E+44  2.4702E+45
  3.1620E-03  2.9660E+45  0.0000E+00  1.9413E+44  2.7718E+45
  3.5480E-03  3.2887E+45  0.0000E+00  1.7845E+44  3.1103E+45
  3.9810E-03  3.6525E+45  0.0000E+00  1.6263E+44  3.4898E+45
  4.4670E-03  4.3834E+45  0.0000E+00  4.6756E+44  3.9158E+45
  5.0120E-03  4.9077E+45  0.0000E+00  5.1411E+44  4.3936E+45
  5.6230E-03  5.4911E+45  0.0000E+00  5.6182E+44  4.9292E+45
  5.9570E-03  5.8078E+45  0.0000E+00  5.8579E+44  5.2220E+45
  6.6830E-03  6.4924E+45  0.0000E+00  6.3388E+44  5.8585E+45
  7.4990E-03  7.2638E+45  0.0000E+00  6.8998E+44  6.5738E+45
  8.4140E-03  8.1103E+45  0.0000E+00  7.3449E+44  7.3758E+45
  9.4410E-03  9.0559E+45  0.0000E+00  7.7983E+44  8.2761E+45
  1.0590E-02  1.0113E+46  0.0000E+00  8.2925E+44  9.2833E+45
  1.1890E-02  1.1302E+46  0.0000E+00  8.7929E+44  1.0423E+46
  1.3340E-02  1.2618E+46  0.0000E+00  9.2384E+44  1.1694E+46
  1.4960E-02  1.4081E+46  0.0000E+00  9.6652E+44  1.3114E+46
  1.6790E-02  1.5730E+46  0.0000E+00  1.0116E+45  1.4718E+46
  1.8840E-02  1.7576E+46  0.0000E+00  1.0603E+45  1.6515E+46
  2.1130E-02  1.9636E+46  0.0000E+00  1.1126E+45  1.8524E+46
  2.3710E-02  2.1951E+46  0.0000E+00  1.1667E+45  2.0785E+46
  2.6610E-02  2.4548E+46  0.0000E+00  1.2214E+45  2.3326E+46
  2.9850E-02  2.7443E+46  1.6679E-82  1.2762E+45  2.6166E+46
  3.3500E-02  3.0692E+46  1.0403E-67  1.3251E+45  2.9367E+46
  3.7580E-02  3.4348E+46  1.3036E-54  1.4057E+45  3.2942E+46
  4.2170E-02  3.8719E+46  5.5331E-43  1.7518E+45  3.6967E+46
  4.7320E-02  4.3289E+46  1.3872E-32  1.8068E+45  4.1482E+46
  5.3090E-02  4.4885E+46  2.3716E-23  1.6726E+45  4.3212E+46
  6.6830E-02  4.2375E+46  7.4684E-08  1.1070E+45  4.1268E+46
  7.4990E-02  4.1174E+46  2.2395E-01  8.4592E+44  4.0328E+46
  8.4140E-02  4.0280E+46  1.1561E+05  8.6970E+44  3.9410E+46
  9.4410E-02  3.9416E+46  1.3556E+10  9.0312E+44  3.8513E+46
  1.0590E-01  3.6115E+46  3.8552E+14  1.0594E+45  3.5055E+46
  1.1890E-01  3.0532E+46  3.3129E+18  1.0650E+45  2.9467E+46
  1.3340E-01  2.5814E+46  8.1012E+21  1.0182E+45  2.4795E+46
  1.4960E-01  2.1623E+46  1.0578E+25  7.4425E+44  2.0878E+46
  1.5850E-01  1.9740E+46  3.1817E+26  5.9456E+44  1.9145E+46
  1.7780E-01  1.6549E+46  1.5170E+29  4.3447E+44  1.6114E+46
  1.9950E-01  1.3852E+46  3.5793E+31  2.9424E+44  1.3558E+46
  2.2390E-01  1.1657E+46  3.7461E+33  2.5337E+44  1.1403E+46
  2.3710E-01  1.0759E+46  2.6754E+34  2.9505E+44  1.0464E+46
  2.5120E-01  9.9150E+45  1.6848E+35  3.1917E+44  9.5958E+45
  2.6610E-01  9.1151E+45  9.6980E+35  3.1387E+44  8.8012E+45
  2.8180E-01  8.3719E+45  5.0246E+36  2.9581E+44  8.0761E+45
  2.9850E-01  7.6844E+45  2.3497E+37  2.7656E+44  7.4079E+45
  3.1620E-01  7.0556E+45  9.8355E+37  2.6093E+44  6.7947E+45
  3.3500E-01  6.4772E+45  3.7458E+38  2.4643E+44  6.2308E+45
  3.5480E-01  5.9491E+45  1.3004E+39  2.3266E+44  5.7165E+45
  3.7580E-01  5.4643E+45  4.1642E+39  2.2018E+44  5.2442E+45
  3.9810E-01  5.0190E+45  1.2265E+40  2.0928E+44  4.8097E+45
  4.2170E-01  4.6123E+45  3.3206E+40  2.0065E+44  4.4116E+45
  4.4670E-01  4.2403E+45  8.3319E+40  1.9361E+44  4.0466E+45
  4.7320E-01  3.8989E+45  1.9642E+41  1.8719E+44  3.7115E+45
  5.0120E-01  3.5863E+45  4.3620E+41  1.8106E+44  3.4048E+45
  5.3090E-01  3.2997E+45  9.1767E+41  1.7559E+44  3.1232E+45
  5.6230E-01  3.0375E+45  1.8257E+42  1.7053E+44  2.8651E+45
  5.9570E-01  2.7970E+45  3.4588E+42  1.6593E+44  2.6276E+45
  6.3100E-01  2.5784E+45  6.2381E+42  1.6186E+44  2.4103E+45
  6.6830E-01  2.3804E+45  1.0725E+43  1.5830E+44  2.2114E+45
  7.0790E-01  2.2015E+45  1.7660E+43  1.5543E+44  2.0284E+45
  7.4990E-01  2.0413E+45  2.7883E+43  1.5292E+44  1.8605E+45
  7.9430E-01  1.8998E+45  4.2290E+43  1.5096E+44  1.7066E+45
  8.4140E-01  1.7771E+45  6.1833E+43  1.4990E+44  1.5653E+45
  8.9130E-01  1.6731E+45  8.7478E+43  1.4990E+44  1.4357E+45
  9.4410E-01  1.5875E+45  1.1960E+44  1.5086E+44  1.3170E+45
  1.0000E+00  1.5186E+45  1.5819E+44  1.5229E+44  1.2081E+45
  1.0590E+00  1.4656E+45  2.0291E+44  1.5410E+44  1.1086E+45
  1.1220E+00  1.4264E+45  2.5403E+44  1.5586E+44  1.0165E+45
  1.1890E+00  1.3996E+45  3.1077E+44  1.5704E+44  9.3183E+44
  1.2590E+00  1.3825E+45  3.7047E+44  1.5686E+44  8.5520E+44
  1.3340E+00  1.3715E+45  4.3200E+44  1.5541E+44  7.8411E+44
  1.4130E+00  1.3628E+45  4.9093E+44  1.5256E+44  7.1927E+44
  1.4960E+00  1.3538E+45  5.4551E+44  1.4800E+44  6.6026E+44
  1.5850E+00  1.3431E+45  5.9609E+44  1.4157E+44  6.0543E+44
  1.6790E+00  1.3270E+45  6.3873E+44  1.3299E+44  5.5530E+44
  1.7780E+00  1.3029E+45  6.7112E+44  1.2222E+44  5.0957E+44
  1.8840E+00  1.2710E+45  6.9402E+44  1.0976E+44  4.6719E+44
  1.9950E+00  1.2305E+45  7.0559E+44  9.6177E+43  4.2875E+44
  2.1130E+00  1.1824E+45  7.0677E+44  8.2259E+43  3.9333E+44
  2.2390E+00  1.1267E+45  6.9744E+44  6.8701E+43  3.6061E+44
  2.3710E+00  1.0655E+45  6.7847E+44  5.6115E+43  3.3092E+44
  2.5120E+00  1.0006E+45  6.5217E+44  4.4957E+43  3.0344E+44
  2.6610E+00  9.3313E+44  6.1942E+44  3.5389E+43  2.7832E+44
  2.8180E+00  8.6428E+44  5.8148E+44  2.7410E+43  2.5538E+44
  2.9850E+00  7.9576E+44  5.4056E+44  2.0938E+43  2.3426E+44
  3.1620E+00  7.2828E+44  4.9762E+44  1.5795E+43  2.1487E+44
  3.3500E+00  6.6449E+44  4.5565E+44  1.1806E+43  1.9704E+44
  3.5480E+00  6.0309E+44  4.1357E+44  8.7391E+42  1.8078E+44
  3.7580E+00  5.4559E+44  3.7334E+44  6.4182E+42  1.6583E+44
  3.9810E+00  4.9207E+44  3.3529E+44  4.6810E+42  1.5210E+44
  4.2170E+00  4.4268E+44  2.9978E+44  3.3939E+42  1.3951E+44
  4.4670E+00  3.9744E+44  2.6703E+44  2.4478E+42  1.2796E+44
  4.7320E+00  3.5642E+44  2.3730E+44  1.7568E+42  1.1737E+44
  5.0120E+00  3.1976E+44  2.1059E+44  1.2572E+42  1.0791E+44
  5.3090E+00  2.8353E+44  1.8662E+44  8.8673E+41  9.6024E+43
  5.6230E+00  2.5082E+44  1.6539E+44  6.2154E+41  8.4805E+43
  5.9570E+00  2.2154E+44  1.4679E+44  4.3330E+41  7.4316E+43
  6.3100E+00  1.9464E+44  1.2963E+44  2.9938E+41  6.4710E+43
  6.6830E+00  1.7203E+44  1.1580E+44  2.0700E+41  5.6014E+43
  7.0790E+00  1.5129E+44  1.0296E+44  1.4135E+41  4.8190E+43
  7.4990E+00  1.3565E+44  9.4326E+43  9.6637E+40  4.1229E+43
  7.9430E+00  1.3399E+44  9.8811E+43  7.0994E+40  3.5109E+43
  8.4140E+00  1.4444E+44  1.1463E+44  5.8538E+40  2.9752E+43
  8.9130E+00  1.5050E+44  1.2535E+44  4.9722E+40  2.5104E+43
  9.4410E+00  1.5189E+44  1.3074E+44  4.5481E+40  2.1101E+43
  1.0000E+01  1.2838E+44  1.1067E+44  3.4084E+40  1.7671E+43
  1.0590E+01  1.0480E+44  9.0017E+43  2.4260E+40  1.4758E+43
  1.1220E+01  8.3386E+43  7.1103E+43  1.5734E+40  1.2267E+43
  1.1890E+01  6.6984E+43  5.6814E+43  1.0161E+40  1.0159E+43
  1.2590E+01  5.4490E+43  4.6071E+43  6.4452E+39  8.4119E+42
  1.3340E+01  4.4948E+43  3.8012E+43  4.0459E+39  6.9319E+42
  1.4130E+01  3.8478E+43  3.2770E+43  2.5622E+39  5.7050E+42
  1.4960E+01  3.5476E+43  3.0782E+43  1.7741E+39  4.6919E+42
  1.5850E+01  3.3479E+43  2.9637E+43  1.3064E+39  3.8414E+42
  1.6790E+01  3.1856E+43  2.8714E+43  1.0073E+39  3.1409E+42
  1.7780E+01  2.9975E+43  2.7407E+43  7.9370E+38  2.5663E+42
  1.8840E+01  2.7395E+43  2.5306E+43  6.1380E+38  2.0888E+42
  1.9950E+01  2.4302E+43  2.2600E+43  4.5097E+38  1.7013E+42
  2.1130E+01  2.1434E+43  2.0051E+43  3.1958E+38  1.3827E+42
  2.2390E+01  1.8965E+43  1.7845E+43  2.2604E+38  1.1203E+42
  2.3710E+01  1.6812E+43  1.5904E+43  1.5936E+38  9.0864E+41
  2.5120E+01  1.4848E+43  1.4113E+43  1.1214E+38  7.3479E+41
  2.6610E+01  1.3036E+43  1.2442E+43  7.8261E+37  5.9383E+41
  2.8180E+01  1.1361E+43  1.0881E+43  5.4364E+37  4.7994E+41
  2.9850E+01  9.7894E+42  9.4022E+42  3.7431E+37  3.8717E+41
  3.1620E+01  8.3253E+42  8.0133E+42  2.5450E+37  3.1199E+41
  3.3500E+01  6.9772E+42  6.7261E+42  1.7073E+37  2.5106E+41
  3.5480E+01  5.7661E+42  5.5640E+42  1.1308E+37  2.0210E+41
  3.7580E+01  4.6931E+42  4.5305E+42  7.3808E+36  1.6253E+41
  3.9810E+01  3.7587E+42  3.6282E+42  4.7461E+36  1.3054E+41
  4.2170E+01  2.9697E+42  2.8649E+42  3.0097E+36  1.0479E+41
  4.4670E+01  2.3175E+42  2.2334E+42  1.8824E+36  8.4074E+40
  4.7320E+01  1.7892E+42  1.7218E+42  1.1636E+36  6.7400E+40
  5.0120E+01  1.3689E+42  1.3149E+42  7.1200E+35  5.4034E+40
  5.3090E+01  1.0383E+42  9.9498E+41  4.3158E+35  4.3282E+40
  5.6230E+01  7.8228E+41  7.4762E+41  2.5965E+35  3.4667E+40
  5.9570E+01  5.8528E+41  5.5755E+41  1.5501E+35  2.7728E+40
  6.3100E+01  4.3589E+41  4.1371E+41  9.2068E+34  2.2180E+40
  6.6830E+01  3.2341E+41  3.0566E+41  5.4460E+34  1.7744E+40
  7.0790E+01  2.3907E+41  2.2489E+41  3.2085E+34  1.4183E+40
  7.4990E+01  1.7617E+41  1.6484E+41  1.8841E+34  1.1329E+40
  7.9430E+01  1.2957E+41  1.2052E+41  1.1044E+34  9.0505E+39
  8.4140E+01  9.5106E+40  8.7881E+40  6.4599E+33  7.2256E+39
  8.9130E+01  6.9756E+40  6.3989E+40  3.7763E+33  5.7665E+39
  9.4410E+01  5.1133E+40  4.6531E+40  2.2067E+33  4.6021E+39
  1.0000E+02  3.7462E+40  3.3789E+40  1.2891E+33  3.6722E+39
  1.0590E+02  2.7471E+40  2.4540E+40  7.5407E+32  2.9317E+39
  1.1220E+02  2.0145E+40  1.7809E+40  4.4102E+32  2.3358E+39
  1.1890E+02  1.4809E+40  1.2950E+40  2.5863E+32  1.8590E+39
  1.2590E+02  1.0974E+40  9.4897E+39  1.5290E+32  1.4838E+39
  1.3340E+02  8.1637E+39  6.9826E+39  9.0874E+31  1.1811E+39
  1.4130E+02  6.0397E+39  5.0985E+39  5.3952E+31  9.4117E+38
  1.4960E+02  4.3923E+39  3.6411E+39  3.1522E+31  7.5121E+38
  1.5850E+02  3.1789E+39  2.5811E+39  1.8295E+31  5.9781E+38
  1.7780E+02  1.6926E+39  1.3131E+39  6.2601E+30  3.7942E+38
  1.9950E+02  9.1205E+38  6.7161E+38  2.1714E+30  2.4043E+38
  2.2390E+02  4.9576E+38  3.4360E+38  7.6158E+29  1.5216E+38
  2.5120E+02  2.7227E+38  1.7589E+38  2.7034E+29  9.6376E+37
  2.8180E+02  1.5100E+38  8.9958E+37  9.7055E+28  6.1043E+37
  3.1620E+02  8.4530E+37  4.5913E+37  3.5196E+28  3.8617E+37
  3.5480E+02  4.7828E+37  2.3407E+37  1.2897E+28  2.4421E+37
  3.9810E+02  2.7361E+37  1.1919E+37  4.7772E+27  1.5442E+37
  4.4670E+02  1.5822E+37  6.0619E+36  1.7866E+27  9.7603E+36
  5.0120E+02  9.2500E+36  3.0805E+36  6.7444E+26  6.1695E+36
  5.6230E+02  5.4650E+36  1.5646E+36  2.5672E+26  3.9003E+36
  6.3100E+02  3.2562E+36  7.9322E+35  9.8358E+25  2.4629E+36
  7.0790E+02  1.9590E+36  4.0223E+35  3.7967E+25  1.5568E+36
  7.9430E+02  1.1869E+36  2.0365E+35  1.4725E+25  9.8325E+35
  8.9130E+02  7.2377E+35  1.0300E+35  5.7363E+24  6.2077E+35
  1.0000E+03  4.4422E+35  5.2083E+34  2.2451E+24  3.9214E+35
