  1.0000E-03  7.8576E+44  0.0000E+00  2.4789E+42  7.8328E+44
  1.1220E-03  8.5721E+44  0.0000E+00  3.2211E+42  8.5398E+44
  1.2590E-03  9.3319E+44  0.0000E+00  3.9925E+42  9.2919E+44
  1.4130E-03  1.0142E+45  0.0000E+00  4.7578E+42  1.0095E+45
  1.5850E-03  1.1059E+45  0.0000E+00  5.5251E+42  1.1004E+45
  1.7780E-03  1.2260E+45  0.0000E+00  7.0526E+42  1.2189E+45
  1.9950E-03  1.3039E+45  0.0000E+00  8.6508E+42  1.2952E+45
  2.2390E-03  1.4017E+45  0.0000E+00  9.5554E+42  1.3922E+45
  2.5120E-03  1.5403E+45  0.0000E+00  1.2842E+43  1.5275E+45
  2.8180E-03  1.6022E+45  0.0000E+00  1.5371E+43  1.5868E+45
  3.1620E-03  1.6787E+45  0.0000E+00  1.7417E+43  1.6613E+45
  3.5480E-03  1.7656E+45  0.0000E+00  1.9152E+43  1.7465E+45
  3.9810E-03  1.8677E+45  0.0000E+00  2.0558E+43  1.8472E+45
  4.4670E-03  2.7213E+45  0.0000E+00  2.7179E+43  2.6941E+45
  5.0120E-03  2.8078E+45  0.0000E+00  3.4826E+43  2.7730E+45
  5.6230E-03  2.8972E+45  0.0000E+00  4.2405E+43  2.8547E+45
  5.9570E-03  2.9483E+45  0.0000E+00  4.6068E+43  2.9022E+45
  6.6830E-03  3.0770E+45  0.0000E+00  5.3009E+43  3.0240E+45
  7.4990E-03  3.2563E+45  0.0000E+00  6.0169E+43  3.1961E+45
  8.4140E-03  3.4147E+45  0.0000E+00  6.7406E+43  3.3473E+45
  9.4410E-03  3.6236E+45  0.0000E+00  7.4094E+43  3.5495E+45
  1.0590E-02  3.9428E+45  0.0000E+00  7.8744E+43  3.8640E+45
  1.1890E-02  4.1659E+45  0.0000E+00  9.0182E+43  4.0757E+45
  1.3340E-02  4.4535E+45  0.0000E+00  9.7976E+43  4.3555E+45
  1.4960E-02  4.7085E+45  0.0000E+00  1.0756E+44  4.6009E+45
  1.6790E-02  5.0037E+45  0.0000E+00  1.1670E+44  4.8870E+45
  1.8840E-02  5.3466E+45  0.0000E+00  1.2547E+44  5.2211E+45
  2.1130E-02  5.6830E+45  0.0000E+00  1.3722E+44  5.5457E+45
  2.3710E-02  6.0297E+45  0.0000E+00  1.4879E+44  5.8809E+45
  2.6610E-02  6.3680E+45  0.0000E+00  1.6050E+44  6.2075E+45
  2.9850E-02  6.7243E+45  1.9240E-83  1.7220E+44  6.5521E+45
  3.3500E-02  7.0948E+45  1.1674E-68  1.8381E+44  6.9110E+45
  3.7580E-02  7.8343E+45  1.4435E-55  1.9987E+44  7.6345E+45
  4.2170E-02  8.2814E+45  5.9535E-44  2.3564E+44  8.0458E+45
  4.7320E-02  8.0221E+45  1.3911E-33  2.4719E+44  7.7749E+45
  5.3090E-02  7.0136E+45  2.1617E-24  2.3548E+44  6.7782E+45
  6.6830E-02  3.4075E+45  4.3915E-09  1.5913E+44  3.2483E+45
  7.4990E-02  2.1390E+45  1.0111E-02  1.1390E+44  2.0251E+45
  8.4140E-02  2.3405E+45  5.9020E+03  1.1806E+44  2.2225E+45
  9.4410E-02  2.4819E+45  7.6707E+08  1.2342E+44  2.3585E+45
  1.0590E-01  3.1081E+45  2.8815E+13  1.4466E+44  2.9634E+45
  1.1890E-01  3.7338E+45  2.9372E+17  1.4969E+44  3.5842E+45
  1.3340E-01  4.0768E+45  7.2495E+20  1.4606E+44  3.9307E+45
  1.4960E-01  4.0671E+45  9.3512E+23  1.2729E+44  3.9398E+45
  1.5850E-01  3.8435E+45  2.8205E+25  1.1761E+44  3.7259E+45
  1.7780E-01  3.0464E+45  1.4090E+28  1.0070E+44  2.9457E+45
  1.9950E-01  1.8726E+45  3.2645E+30  7.0463E+43  1.8022E+45
  2.2390E-01  1.2958E+45  3.4827E+32  5.3175E+43  1.2427E+45
  2.3710E-01  1.4776E+45  2.7997E+33  5.8208E+43  1.4194E+45
  2.5120E-01  1.6967E+45  1.9353E+34  6.1254E+43  1.6355E+45
  2.6610E-01  1.8101E+45  1.1771E+35  6.0103E+43  1.7500E+45
  2.8180E-01  1.8501E+45  6.3453E+35  5.6834E+43  1.7932E+45
  2.9850E-01  1.8471E+45  3.0592E+36  5.3104E+43  1.7939E+45
  3.1620E-01  1.8277E+45  1.3163E+37  4.9576E+43  1.7781E+45
  3.3500E-01  1.7965E+45  5.1460E+37  4.6120E+43  1.7504E+45
  3.5480E-01  1.7536E+45  1.8320E+38  4.2707E+43  1.7109E+45
  3.7580E-01  1.7089E+45  6.0314E+38  3.9396E+43  1.6695E+45
  3.9810E-01  1.6566E+45  1.8207E+39  3.6339E+43  1.6203E+45
  4.2170E-01  1.6119E+45  5.0719E+39  3.3421E+43  1.5785E+45
  4.4670E-01  1.5653E+45  1.3073E+40  3.0767E+43  1.5346E+45
  4.7320E-01  1.5177E+45  3.1665E+40  2.8223E+43  1.4895E+45
  5.0120E-01  1.4688E+45  7.2236E+40  2.5783E+43  1.4429E+45
  5.3090E-01  1.4213E+45  1.5636E+41  2.3432E+43  1.3977E+45
  5.6230E-01  1.3698E+45  3.1940E+41  2.1282E+43  1.3482E+45
  5.9570E-01  1.3165E+45  6.2090E+41  1.9278E+43  1.2966E+45
  6.3100E-01  1.2643E+45  1.1494E+42  1.7396E+43  1.2458E+45
  6.6830E-01  1.2133E+45  2.0298E+42  1.5624E+43  1.1957E+45
  7.0790E-01  1.1629E+45  3.4316E+42  1.3993E+43  1.1455E+45
  7.4990E-01  1.1123E+45  5.5587E+42  1.2499E+43  1.0942E+45
  7.9430E-01  1.0636E+45  8.6485E+42  1.1111E+43  1.0439E+45
  8.4140E-01  1.0173E+45  1.2984E+43  9.8267E+42  9.9449E+44
  8.9130E-01  9.7497E+44  1.8879E+43  8.6242E+42  9.4746E+44
  9.4410E-01  9.3521E+44  2.6573E+43  7.5310E+42  9.0110E+44
  1.0000E+00  8.9736E+44  3.6261E+43  6.5538E+42  8.5454E+44
  1.0590E+00  8.6238E+44  4.8071E+43  5.6900E+42  8.0862E+44
  1.1220E+00  8.3048E+44  6.2342E+43  4.9161E+42  7.6322E+44
  1.1890E+00  8.0242E+44  7.9210E+43  4.2202E+42  7.1899E+44
  1.2590E+00  7.7921E+44  9.8254E+43  3.5910E+42  6.7736E+44
  1.3340E+00  7.5894E+44  1.1970E+44  3.0423E+42  6.3619E+44
  1.4130E+00  7.4148E+44  1.4264E+44  2.5799E+42  5.9626E+44
  1.4960E+00  7.2696E+44  1.6672E+44  2.1854E+42  5.5806E+44
  1.5850E+00  7.1512E+44  1.9240E+44  1.8426E+42  5.2088E+44
  1.6790E+00  7.0549E+44  2.1829E+44  1.5416E+42  4.8566E+44
  1.7780E+00  6.9712E+44  2.4339E+44  1.2761E+42  4.5245E+44
  1.8840E+00  6.8955E+44  2.6792E+44  1.0436E+42  4.2059E+44
  1.9950E+00  6.8192E+44  2.9025E+44  8.4261E+41  3.9082E+44
  2.1130E+00  6.7349E+44  3.1028E+44  6.7182E+41  3.6254E+44
  2.2390E+00  6.6339E+44  3.2720E+44  5.2911E+41  3.3567E+44
  2.3710E+00  6.5103E+44  3.3992E+44  4.1195E+41  3.1069E+44
  2.5120E+00  6.3627E+44  3.4891E+44  3.1769E+41  2.8704E+44
  2.6610E+00  6.1865E+44  3.5342E+44  2.4280E+41  2.6500E+44
  2.8180E+00  5.9776E+44  3.5304E+44  1.8389E+41  2.4453E+44
  2.9850E+00  5.7396E+44  3.4840E+44  1.3816E+41  2.2542E+44
  3.1620E+00  5.4720E+44  3.3946E+44  1.0297E+41  2.0764E+44
  3.3500E+00  5.1897E+44  3.2778E+44  7.6320E+40  1.9112E+44
  3.5480E+00  4.8802E+44  3.1204E+44  5.6089E+40  1.7592E+44
  3.7580E+00  4.5580E+44  2.9392E+44  4.0939E+40  1.6184E+44
  3.9810E+00  4.2278E+44  2.7395E+44  2.9683E+40  1.4880E+44
  4.2170E+00  3.8937E+44  2.5256E+44  2.1380E+40  1.3679E+44
  4.4670E+00  3.5612E+44  2.3040E+44  1.5299E+40  1.2571E+44
  4.7320E+00  3.2389E+44  2.0838E+44  1.0884E+40  1.1550E+44
  5.0120E+00  2.9339E+44  1.8702E+44  7.7140E+39  1.0636E+44
  5.3090E+00  2.6140E+44  1.6663E+44  5.3742E+39  9.4763E+43
  5.6230E+00  2.3149E+44  1.4770E+44  3.7181E+39  8.3785E+43
  5.9570E+00  2.0400E+44  1.3051E+44  2.5571E+39  7.3492E+43
  6.3100E+00  1.7810E+44  1.1405E+44  1.7402E+39  6.4047E+43
  6.6830E+00  1.5546E+44  9.9982E+43  1.1804E+39  5.5480E+43
  7.0790E+00  1.3445E+44  8.6683E+43  7.8924E+38  4.7762E+43
  7.4990E+00  1.2260E+44  8.1738E+43  5.5026E+38  4.0858E+43
  7.9430E+00  1.4288E+44  1.0822E+44  4.9082E+38  3.4661E+43
  8.4140E+00  1.9221E+44  1.6308E+44  5.4021E+38  2.9124E+43
  8.9130E+00  2.2823E+44  2.0387E+44  5.6175E+38  2.4360E+43
  9.4410E+00  2.4950E+44  2.2920E+44  5.9658E+38  2.0303E+43
  1.0000E+01  1.9867E+44  1.8159E+44  4.0543E+38  1.7071E+43
  1.0590E+01  1.4772E+44  1.3338E+44  2.4969E+38  1.4340E+43
  1.1220E+01  1.0299E+44  9.0991E+43  1.3466E+38  1.1996E+43
  1.1890E+01  7.2625E+43  6.2643E+43  7.3826E+37  9.9814E+42
  1.2590E+01  5.0903E+43  4.2606E+43  3.9521E+37  8.2963E+42
  1.3340E+01  3.6065E+43  2.9209E+43  2.1139E+37  6.8560E+42
  1.4130E+01  2.7367E+43  2.1716E+43  1.1902E+37  5.6507E+42
  1.4960E+01  2.4587E+43  1.9943E+43  8.1096E+36  4.6440E+42
  1.5850E+01  2.2965E+43  1.9168E+43  5.9798E+36  3.7969E+42
  1.6790E+01  2.1450E+43  1.8351E+43  4.5850E+36  3.0996E+42
  1.7780E+01  1.9246E+43  1.6716E+43  3.4863E+36  2.5299E+42
  1.8840E+01  1.6061E+43  1.4002E+43  2.4822E+36  2.0591E+42
  1.9950E+01  1.2491E+43  1.0812E+43  1.6066E+36  1.6791E+42
  2.1130E+01  9.5385E+42  8.1721E+42  9.9157E+35  1.3663E+42
  2.2390E+01  7.3231E+42  6.2149E+42  6.1312E+35  1.1082E+42
  2.3710E+01  5.6557E+42  4.7561E+42  3.7965E+35  8.9959E+41
  2.5120E+01  4.3773E+42  3.6493E+42  2.3606E+35  7.2800E+41
  2.6610E+01  3.3902E+42  2.8015E+42  1.4651E+35  5.8873E+41
  2.8180E+01  2.6316E+42  2.1555E+42  9.1339E+34  4.7609E+41
  2.9850E+01  2.0403E+42  1.6561E+42  5.6987E+34  3.8426E+41
  3.1620E+01  1.5774E+42  1.2676E+42  3.5456E+34  3.0980E+41
  3.3500E+01  1.2154E+42  9.6603E+41  2.2003E+34  2.4941E+41
  3.5480E+01  9.3507E+41  7.3420E+41  1.3644E+34  2.0087E+41
  3.7580E+01  7.1581E+41  5.5420E+41  8.4217E+33  1.6161E+41
  3.9810E+01  5.4378E+41  4.1392E+41  5.1639E+33  1.2986E+41
  4.2170E+01  4.1104E+41  3.0674E+41  3.1497E+33  1.0430E+41
  4.4670E+01  3.0936E+41  2.2565E+41  1.9104E+33  8.3714E+40
  4.7320E+01  2.3211E+41  1.6497E+41  1.1541E+33  6.7140E+40
  5.0120E+01  1.7386E+41  1.2001E+41  6.9546E+32  5.3846E+40
  5.3090E+01  1.3001E+41  8.6859E+40  4.1816E+32  4.3148E+40
  5.6230E+01  9.7226E+40  6.2654E+40  2.5128E+32  3.4571E+40
  5.9570E+01  7.2646E+40  4.4987E+40  1.5078E+32  2.7660E+40
  6.3100E+01  5.4367E+40  3.2235E+40  9.0584E+31  2.2132E+40
  6.6830E+01  4.0767E+40  2.3057E+40  5.4506E+31  1.7710E+40
  7.0790E+01  3.0620E+40  1.6461E+40  3.2838E+31  1.4159E+40
  7.4990E+01  2.3043E+40  1.1731E+40  1.9817E+31  1.1312E+40
  7.9430E+01  1.7394E+40  8.3553E+39  1.1992E+31  9.0382E+39
  8.4140E+01  1.3162E+40  5.9454E+39  7.2716E+30  7.2169E+39
  8.9130E+01  9.9913E+39  4.2309E+39  4.4215E+30  5.7604E+39
  9.4410E+01  7.6083E+39  3.0105E+39  2.6960E+30  4.5978E+39
  1.0000E+02  5.8110E+39  2.1418E+39  1.6481E+30  3.6692E+39
  1.0590E+02  4.4550E+39  1.5255E+39  1.0110E+30  2.9295E+39
  1.1220E+02  3.4204E+39  1.0862E+39  6.2054E+29  2.3342E+39
  1.1890E+02  2.6327E+39  7.7477E+38  3.8165E+29  1.8579E+39
  1.2590E+02  2.0394E+39  5.5635E+38  2.3615E+29  1.4830E+39
  1.3340E+02  1.5810E+39  4.0043E+38  1.4637E+29  1.1805E+39
  1.4130E+02  1.2280E+39  2.8720E+38  9.1215E+28  9.4077E+38
  1.4960E+02  9.5431E+38  2.0339E+38  5.6812E+28  7.5093E+38
  1.5850E+02  7.4078E+38  1.4317E+38  3.5228E+28  5.9761E+38
  1.7780E+02  4.5091E+38  7.1594E+37  1.3640E+28  3.7932E+38
  1.9950E+02  2.7634E+38  3.5956E+37  5.3091E+27  2.4039E+38
  2.2390E+02  1.7021E+38  1.8082E+37  2.0754E+27  1.5213E+38
  2.5120E+02  1.0548E+38  9.1126E+36  8.1537E+26  9.6363E+37
  2.8180E+02  6.5632E+37  4.5949E+36  3.2145E+26  6.1037E+37
  3.1620E+02  4.0929E+37  2.3154E+36  1.2692E+26  3.8614E+37
  3.5480E+02  2.5586E+37  1.1670E+36  5.0189E+25  2.4419E+37
  3.9810E+02  1.6029E+37  5.8812E+35  1.9884E+25  1.5441E+37
  4.4670E+02  1.0056E+37  2.9632E+35  7.8857E+24  9.7599E+36
  5.0120E+02  6.3186E+36  1.4931E+35  3.1311E+24  6.1693E+36
  5.6230E+02  3.9755E+36  7.5255E+34  1.2442E+24  3.9002E+36
  6.3100E+02  2.5008E+36  3.7887E+34  4.9433E+23  2.4629E+36
  7.0790E+02  1.5759E+36  1.9091E+34  1.9670E+23  1.5568E+36
  7.9430E+02  9.9285E+35  9.6104E+33  7.8240E+22  9.8324E+35
  8.9130E+02  6.2560E+35  4.8353E+33  3.1120E+22  6.2076E+35
  1.0000E+03  3.9457E+35  2.4335E+33  1.2390E+22  3.9213E+35
