  1.0000E-03  8.7703E+44  0.0000E+00  4.1066E+41  8.7662E+44
  1.1220E-03  9.8411E+44  0.0000E+00  5.3270E+41  9.8357E+44
  1.2590E-03  1.1043E+45  0.0000E+00  6.5562E+41  1.1037E+45
  1.4130E-03  1.2395E+45  0.0000E+00  7.7096E+41  1.2387E+45
  1.5850E-03  1.3903E+45  0.0000E+00  8.7210E+41  1.3894E+45
  1.7780E-03  1.5597E+45  0.0000E+00  1.0587E+42  1.5586E+45
  1.9950E-03  1.7501E+45  0.0000E+00  1.2696E+42  1.7488E+45
  2.2390E-03  1.9641E+45  0.0000E+00  1.3468E+42  1.9627E+45
  2.5120E-03  2.2037E+45  0.0000E+00  1.6946E+42  2.2020E+45
  2.8180E-03  2.4722E+45  0.0000E+00  1.9752E+42  2.4702E+45
  3.1620E-03  2.7740E+45  0.0000E+00  2.1702E+42  2.7718E+45
  3.5480E-03  3.1126E+45  0.0000E+00  2.3144E+42  3.1103E+45
  3.9810E-03  3.4923E+45  0.0000E+00  2.4147E+42  3.4898E+45
  4.4670E-03  3.9212E+45  0.0000E+00  5.3586E+42  3.9158E+45
  5.0120E-03  4.3998E+45  0.0000E+00  6.2402E+42  4.3936E+45
  5.6230E-03  4.9362E+45  0.0000E+00  6.9182E+42  4.9292E+45
  5.9570E-03  5.2292E+45  0.0000E+00  7.1915E+42  5.2220E+45
  6.6830E-03  5.8662E+45  0.0000E+00  7.6573E+42  5.8585E+45
  7.4990E-03  6.5819E+45  0.0000E+00  8.0733E+42  6.5738E+45
  8.4140E-03  7.3844E+45  0.0000E+00  8.5356E+42  7.3758E+45
  9.4410E-03  8.2850E+45  0.0000E+00  8.8869E+42  8.2761E+45
  1.0590E-02  9.2922E+45  0.0000E+00  8.9327E+42  9.2833E+45
  1.1890E-02  1.0433E+46  0.0000E+00  9.7271E+42  1.0423E+46
  1.3340E-02  1.1704E+46  0.0000E+00  1.0110E+43  1.1694E+46
  1.4960E-02  1.3125E+46  0.0000E+00  1.0654E+43  1.3114E+46
  1.6790E-02  1.4730E+46  0.0000E+00  1.1136E+43  1.4718E+46
  1.8840E-02  1.6527E+46  0.0000E+00  1.1577E+43  1.6515E+46
  2.1130E-02  1.8536E+46  0.0000E+00  1.2228E+43  1.8524E+46
  2.3710E-02  2.0797E+46  0.0000E+00  1.2884E+43  2.0785E+46
  2.6610E-02  2.3340E+46  0.0000E+00  1.3574E+43  2.3326E+46
  2.9850E-02  2.6181E+46  7.3074E-83  1.4277E+43  2.6166E+46
  3.3500E-02  2.9382E+46  4.7215E-68  1.4994E+43  2.9367E+46
  3.7580E-02  3.2959E+46  5.9277E-55  1.6204E+43  3.2942E+46
  4.2170E-02  3.6986E+46  2.6007E-43  1.9421E+43  3.6967E+46
  4.7320E-02  4.1502E+46  7.0477E-33  2.0607E+43  4.1482E+46
  5.3090E-02  4.3233E+46  1.3028E-23  2.0514E+43  4.3212E+46
  6.6830E-02  4.1288E+46  5.0692E-08  1.9506E+43  4.1268E+46
  7.4990E-02  4.0348E+46  1.7379E-01  1.9781E+43  4.0328E+46
  8.4140E-02  3.9429E+46  9.0391E+04  1.8700E+43  3.9410E+46
  9.4410E-02  3.8531E+46  1.0785E+10  1.8105E+43  3.8513E+46
  1.0590E-01  3.5072E+46  2.9653E+14  1.6680E+43  3.5055E+46
  1.1890E-01  2.9481E+46  2.1533E+18  1.3765E+43  2.9467E+46
  1.3340E-01  2.4808E+46  4.2022E+21  1.2680E+43  2.4795E+46
  1.4960E-01  2.0890E+46  4.6238E+24  1.1314E+43  2.0878E+46
  1.5850E-01  1.9155E+46  1.3544E+26  1.0233E+43  1.9145E+46
  1.7780E-01  1.6122E+46  7.1399E+28  7.2901E+42  1.6114E+46
  1.9950E-01  1.3562E+46  2.2101E+31  4.4966E+42  1.3558E+46
  2.2390E-01  1.1407E+46  2.7892E+33  4.1195E+42  1.1403E+46
  2.3710E-01  1.0469E+46  1.8269E+34  4.2301E+42  1.0464E+46
  2.5120E-01  9.6000E+45  1.0199E+35  4.1913E+42  9.5958E+45
  2.6610E-01  8.8052E+45  5.3614E+35  4.0251E+42  8.8012E+45
  2.8180E-01  8.0799E+45  2.5998E+36  3.7972E+42  8.0761E+45
  2.9850E-01  7.4115E+45  1.1524E+37  3.5747E+42  7.4079E+45
  3.1620E-01  6.7980E+45  4.5955E+37  3.3896E+42  6.7947E+45
  3.3500E-01  6.2340E+45  1.6748E+38  3.2146E+42  6.2308E+45
  3.5480E-01  5.7195E+45  5.5950E+38  3.0403E+42  5.7165E+45
  3.7580E-01  5.2470E+45  1.7299E+39  2.8645E+42  5.2442E+45
  3.9810E-01  4.8124E+45  4.9277E+39  2.7051E+42  4.8097E+45
  4.2170E-01  4.4142E+45  1.2894E+40  2.5514E+42  4.4116E+45
  4.4670E-01  4.0491E+45  3.1270E+40  2.4131E+42  4.0466E+45
  4.7320E-01  3.7138E+45  7.1313E+40  2.2746E+42  3.7115E+45
  5.0120E-01  3.4071E+45  1.5338E+41  2.1340E+42  3.4048E+45
  5.3090E-01  3.1255E+45  3.1271E+41  1.9892E+42  3.1232E+45
  5.6230E-01  2.8676E+45  6.0374E+41  1.8523E+42  2.8651E+45
  5.9570E-01  2.6304E+45  1.1110E+42  1.7195E+42  2.6276E+45
  6.3100E-01  2.4139E+45  1.9465E+42  1.5897E+42  2.4103E+45
  6.6830E-01  2.2161E+45  3.2520E+42  1.4615E+42  2.2114E+45
  7.0790E-01  2.0350E+45  5.2002E+42  1.3410E+42  2.0284E+45
  7.4990E-01  1.8697E+45  7.9733E+42  1.2281E+42  1.8605E+45
  7.9430E-01  1.7194E+45  1.1731E+43  1.1209E+42  1.7066E+45
  8.4140E-01  1.5830E+45  1.6626E+43  1.0184E+42  1.5653E+45
  8.9130E-01  1.4594E+45  2.2746E+43  9.1925E+41  1.4357E+45
  9.4410E-01  1.3479E+45  3.0068E+43  8.2470E+41  1.3170E+45
  1.0000E+00  1.2474E+45  3.8495E+43  7.3557E+41  1.2081E+45
  1.0590E+00  1.1570E+45  4.7799E+43  6.5325E+41  1.1086E+45
  1.1220E+00  1.0750E+45  5.7887E+43  5.7611E+41  1.0165E+45
  1.1890E+00  1.0008E+45  6.8445E+43  5.0320E+41  9.3183E+44
  1.2590E+00  9.3438E+44  7.8745E+43  4.3394E+41  8.5520E+44
  1.3340E+00  8.7313E+44  8.8651E+43  3.7028E+41  7.8411E+44
  1.4130E+00  8.1699E+44  9.7409E+43  3.1393E+41  7.1927E+44
  1.4960E+00  7.6527E+44  1.0475E+44  2.6402E+41  6.6026E+44
  1.5850E+00  7.1646E+44  1.1081E+44  2.1939E+41  6.0543E+44
  1.6790E+00  6.7042E+44  1.1494E+44  1.7977E+41  5.5530E+44
  1.7780E+00  6.2661E+44  1.1689E+44  1.4494E+41  5.0957E+44
  1.8840E+00  5.8431E+44  1.1701E+44  1.1480E+41  4.6719E+44
  1.9950E+00  5.4405E+44  1.1521E+44  8.9432E+40  4.2875E+44
  2.1130E+00  5.0525E+44  1.1185E+44  6.8552E+40  3.9333E+44
  2.2390E+00  4.6771E+44  1.0705E+44  5.1771E+40  3.6061E+44
  2.3710E+00  4.3206E+44  1.0111E+44  3.8639E+40  3.3092E+44
  2.5120E+00  3.9793E+44  9.4461E+43  2.8550E+40  3.0344E+44
  2.6610E+00  3.6564E+44  8.7297E+43  2.0934E+40  2.7832E+44
  2.8180E+00  3.3523E+44  7.9829E+43  1.5254E+40  2.5538E+44
  2.9850E+00  3.0665E+44  7.2375E+43  1.1060E+40  2.3426E+44
  3.1620E+00  2.7993E+44  6.5059E+43  7.9886E+39  2.1487E+44
  3.3500E+00  2.5532E+44  5.8278E+43  5.7585E+39  1.9704E+44
  3.5480E+00  2.3262E+44  5.1835E+43  4.1436E+39  1.8078E+44
  3.7580E+00  2.1178E+44  4.5947E+43  2.9774E+39  1.6583E+44
  3.9810E+00  1.9270E+44  4.0604E+43  2.1374E+39  1.5210E+44
  4.2170E+00  1.7531E+44  3.5802E+43  1.5339E+39  1.3951E+44
  4.4670E+00  1.5949E+44  3.1522E+43  1.1004E+39  1.2796E+44
  4.7320E+00  1.4512E+44  2.7750E+43  7.8888E+38  1.1737E+44
  5.0120E+00  1.3237E+44  2.4452E+43  5.6664E+38  1.0791E+44
  5.3090E+00  1.1758E+44  2.1555E+43  3.9608E+38  9.6024E+43
  5.6230E+00  1.0385E+44  1.9044E+43  2.7485E+38  8.4805E+43
  5.9570E+00  9.1207E+43  1.6891E+43  1.8935E+38  7.4316E+43
  6.3100E+00  7.9625E+43  1.4915E+43  1.2941E+38  6.4710E+43
  6.6830E+00  6.9410E+43  1.3396E+43  8.7995E+37  5.6014E+43
  7.0790E+00  6.0167E+43  1.1977E+43  5.9142E+37  4.8190E+43
  7.4990E+00  5.2399E+43  1.1170E+43  3.9508E+37  4.1229E+43
  7.9430E+00  4.7677E+43  1.2568E+43  2.7676E+37  3.5109E+43
  8.4140E+00  4.6135E+43  1.6382E+43  2.1918E+37  2.9752E+43
  8.9130E+00  4.4958E+43  1.9855E+43  1.8595E+37  2.5104E+43
  9.4410E+00  4.3788E+43  2.2688E+43  1.7444E+37  2.1101E+43
  1.0000E+01  3.7054E+43  1.9383E+43  1.2588E+37  1.7671E+43
  1.0590E+01  3.0379E+43  1.5621E+43  8.5433E+36  1.4758E+43
  1.1220E+01  2.4289E+43  1.2022E+43  5.2780E+36  1.2267E+43
  1.1890E+01  1.9568E+43  9.4089E+42  3.2948E+36  1.0159E+43
  1.2590E+01  1.5861E+43  7.4490E+42  2.0265E+36  8.4119E+42
  1.3340E+01  1.2963E+43  6.0312E+42  1.2380E+36  6.9319E+42
  1.4130E+01  1.0905E+43  5.1996E+42  7.6273E+35  5.7050E+42
  1.4960E+01  9.7796E+42  5.0877E+42  5.1156E+35  4.6919E+42
  1.5850E+01  8.9903E+42  5.1489E+42  3.6507E+35  3.8414E+42
  1.6790E+01  8.3776E+42  5.2367E+42  2.7382E+35  3.1409E+42
  1.7780E+01  7.7615E+42  5.1951E+42  2.1018E+35  2.5663E+42
  1.8840E+01  7.0028E+42  4.9140E+42  1.5765E+35  2.0888E+42
  1.9950E+01  6.1403E+42  4.4390E+42  1.1174E+35  1.7013E+42
  2.1130E+01  5.3676E+42  3.9849E+42  7.6429E+34  1.3827E+42
  2.2390E+01  4.7280E+42  3.6077E+42  5.2369E+34  1.1203E+42
  2.3710E+01  4.1924E+42  3.2837E+42  3.5918E+34  9.0864E+41
  2.5120E+01  3.7230E+42  2.9882E+42  2.4709E+34  7.3479E+41
  2.6610E+01  3.3025E+42  2.7087E+42  1.6943E+34  5.9383E+41
  2.8180E+01  2.9206E+42  2.4407E+42  1.1625E+34  4.7994E+41
  2.9850E+01  2.5639E+42  2.1767E+42  7.9471E+33  3.8717E+41
  3.1620E+01  2.2282E+42  1.9162E+42  5.3898E+33  3.1199E+41
  3.3500E+01  1.9131E+42  1.6620E+42  3.6227E+33  2.5106E+41
  3.5480E+01  1.6224E+42  1.4203E+42  2.4135E+33  2.0210E+41
  3.7580E+01  1.3566E+42  1.1941E+42  1.5898E+33  1.6253E+41
  3.9810E+01  1.1170E+42  9.8647E+41  1.0345E+33  1.3054E+41
  4.2170E+01  9.0754E+41  8.0274E+41  6.6539E+32  1.0479E+41
  4.4670E+01  7.2833E+41  6.4425E+41  4.2299E+32  8.4074E+40
  4.7320E+01  5.7818E+41  5.1078E+41  2.6623E+32  6.7400E+40
  5.0120E+01  4.5471E+41  4.0068E+41  1.6616E+32  5.4034E+40
  5.3090E+01  3.5443E+41  3.1114E+41  1.0290E+32  4.3282E+40
  5.6230E+01  2.7431E+41  2.3965E+41  6.3330E+31  3.4667E+40
  5.9570E+01  2.1075E+41  1.8302E+41  3.8732E+31  2.7728E+40
  6.3100E+01  1.6110E+41  1.3892E+41  2.3597E+31  2.2180E+40
  6.6830E+01  1.2262E+41  1.0488E+41  1.4333E+31  1.7744E+40
  7.0790E+01  9.2952E+40  7.8769E+40  8.6809E+30  1.4183E+40
  7.4990E+01  7.0208E+40  5.8879E+40  5.2458E+30  1.1329E+40
  7.9430E+01  5.2906E+40  4.3856E+40  3.1673E+30  9.0505E+39
  8.4140E+01  3.9775E+40  3.2550E+40  1.9100E+30  7.2256E+39
  8.9130E+01  2.9867E+40  2.4100E+40  1.1520E+30  5.7665E+39
  9.4410E+01  2.2406E+40  1.7804E+40  6.9500E+29  4.6021E+39
  1.0000E+02  1.6794E+40  1.3122E+40  4.1948E+29  3.6722E+39
  1.0590E+02  1.2596E+40  9.6640E+39  2.5365E+29  2.9317E+39
  1.1220E+02  9.4422E+39  7.1065E+39  1.5334E+29  2.3358E+39
  1.1890E+02  7.0903E+39  5.2313E+39  9.2885E+28  1.8590E+39
  1.2590E+02  5.3594E+39  3.8755E+39  5.6634E+28  1.4838E+39
  1.3340E+02  4.0610E+39  2.8799E+39  3.4635E+28  1.1811E+39
  1.4130E+02  3.0645E+39  2.1233E+39  2.1228E+28  9.4117E+38
  1.4960E+02  2.2839E+39  1.5327E+39  1.2915E+28  7.5121E+38
  1.5850E+02  1.6956E+39  1.0978E+39  7.8187E+27  5.9781E+38
  1.7780E+02  9.4802E+38  5.6860E+38  2.8985E+27  3.7942E+38
  1.9950E+02  5.3572E+38  2.9529E+38  1.0850E+27  2.4043E+38
  2.2390E+02  3.0526E+38  1.5310E+38  4.0945E+26  1.5216E+38
  2.5120E+02  1.7567E+38  7.9294E+37  1.5585E+26  9.6376E+37
  2.8180E+02  1.0202E+38  4.0973E+37  5.9740E+25  6.1043E+37
  3.1620E+02  5.9719E+37  2.1102E+37  2.3017E+25  3.8617E+37
  3.5480E+02  3.5265E+37  1.0844E+37  8.9117E+24  2.4421E+37
  3.9810E+02  2.1003E+37  5.5611E+36  3.4678E+24  1.5442E+37
  4.4670E+02  1.2606E+37  2.8459E+36  1.3545E+24  9.7603E+36
  5.0120E+02  7.6236E+36  1.4541E+36  5.3102E+23  6.1695E+36
  5.6230E+02  4.6424E+36  7.4211E+35  2.0880E+23  3.9003E+36
  6.3100E+02  2.8408E+36  3.7781E+35  8.2233E+22  2.4629E+36
  7.0790E+02  1.7491E+36  1.9230E+35  3.2487E+22  1.5568E+36
  7.9430E+02  1.0809E+36  9.7678E+34  1.2846E+22  9.8325E+35
  8.9130E+02  6.7032E+35  4.9544E+34  5.0851E+21  6.2077E+35
  1.0000E+03  4.1725E+35  2.5115E+34  2.0166E+21  3.9214E+35
