  1.0000E-03  8.7727E+44  0.0000E+00  6.5351E+41  8.7662E+44
  1.1220E-03  9.8444E+44  0.0000E+00  8.6773E+41  9.8357E+44
  1.2590E-03  1.1048E+45  0.0000E+00  1.1011E+42  1.1037E+45
  1.4130E-03  1.2400E+45  0.0000E+00  1.3453E+42  1.2387E+45
  1.5850E-03  1.3910E+45  0.0000E+00  1.5965E+42  1.3894E+45
  1.7780E-03  1.5606E+45  0.0000E+00  2.0425E+42  1.5586E+45
  1.9950E-03  1.7514E+45  0.0000E+00  2.5898E+42  1.7488E+45
  2.2390E-03  1.9657E+45  0.0000E+00  2.9443E+42  1.9627E+45
  2.5120E-03  2.2059E+45  0.0000E+00  3.9429E+42  2.2020E+45
  2.8180E-03  2.4751E+45  0.0000E+00  4.9051E+42  2.4702E+45
  3.1620E-03  2.7776E+45  0.0000E+00  5.7460E+42  2.7718E+45
  3.5480E-03  3.1168E+45  0.0000E+00  6.5057E+42  3.1103E+45
  3.9810E-03  3.4970E+45  0.0000E+00  7.1527E+42  3.4898E+45
  4.4670E-03  3.9243E+45  0.0000E+00  8.5034E+42  3.9158E+45
  5.0120E-03  4.4051E+45  0.0000E+00  1.1530E+43  4.3936E+45
  5.6230E-03  4.9440E+45  0.0000E+00  1.4761E+43  4.9292E+45
  5.9570E-03  5.2384E+45  0.0000E+00  1.6402E+43  5.2220E+45
  6.6830E-03  5.8781E+45  0.0000E+00  1.9614E+43  5.8585E+45
  7.4990E-03  6.5967E+45  0.0000E+00  2.2910E+43  6.5738E+45
  8.4140E-03  7.4023E+45  0.0000E+00  2.6500E+43  7.3758E+45
  9.4410E-03  8.3060E+45  0.0000E+00  2.9888E+43  8.2761E+45
  1.0590E-02  9.3156E+45  0.0000E+00  3.2289E+43  9.2833E+45
  1.1890E-02  1.0461E+46  0.0000E+00  3.7683E+43  1.0423E+46
  1.3340E-02  1.1736E+46  0.0000E+00  4.1740E+43  1.1694E+46
  1.4960E-02  1.3161E+46  0.0000E+00  4.6805E+43  1.3114E+46
  1.6790E-02  1.4770E+46  0.0000E+00  5.1819E+43  1.4718E+46
  1.8840E-02  1.6572E+46  0.0000E+00  5.6766E+43  1.6515E+46
  2.1130E-02  1.8587E+46  0.0000E+00  6.3136E+43  1.8524E+46
  2.3710E-02  2.0854E+46  0.0000E+00  6.9743E+43  2.0785E+46
  2.6610E-02  2.3403E+46  0.0000E+00  7.6802E+43  2.3326E+46
  2.9850E-02  2.6250E+46  8.4869E-83  8.4100E+43  2.6166E+46
  3.3500E-02  2.9458E+46  5.4345E-68  9.1605E+43  2.9367E+46
  3.7580E-02  3.3042E+46  6.8114E-55  9.9901E+43  3.2942E+46
  4.2170E-02  3.7088E+46  2.9614E-43  1.2125E+44  3.6967E+46
  4.7320E-02  4.1616E+46  7.8502E-33  1.3395E+44  4.1482E+46
  5.3090E-02  4.3348E+46  1.4151E-23  1.3527E+44  4.3212E+46
  6.6830E-02  4.1383E+46  5.0599E-08  1.1513E+44  4.1268E+46
  7.4990E-02  4.0428E+46  1.6468E-01  9.9704E+43  4.0328E+46
  8.4140E-02  3.9509E+46  8.6797E+04  9.8503E+43  3.9410E+46
  9.4410E-02  3.8612E+46  1.0460E+10  9.9161E+43  3.8513E+46
  1.0590E-01  3.5158E+46  2.9950E+14  1.0263E+44  3.5055E+46
  1.1890E-01  2.9560E+46  2.2853E+18  9.2966E+43  2.9467E+46
  1.3340E-01  2.4878E+46  4.6422E+21  8.2901E+43  2.4795E+46
  1.4960E-01  2.0945E+46  5.2567E+24  6.6970E+43  2.0878E+46
  1.5850E-01  1.9205E+46  1.5463E+26  6.0167E+43  1.9145E+46
  1.7780E-01  1.6165E+46  8.0212E+28  5.0699E+43  1.6114E+46
  1.9950E-01  1.3596E+46  2.3499E+31  3.7923E+43  1.3558E+46
  2.2390E-01  1.1434E+46  2.8636E+33  3.1050E+43  1.1403E+46
  2.3710E-01  1.0497E+46  1.9273E+34  3.2155E+43  1.0464E+46
  2.5120E-01  9.6275E+45  1.1091E+35  3.1649E+43  9.5958E+45
  2.6610E-01  8.8308E+45  5.9526E+35  2.9576E+43  8.8012E+45
  2.8180E-01  8.1030E+45  2.9291E+36  2.6971E+43  8.0761E+45
  2.9850E-01  7.4324E+45  1.3132E+37  2.4482E+43  7.4079E+45
  3.1620E-01  6.8169E+45  5.2903E+37  2.2281E+43  6.7947E+45
  3.3500E-01  6.2511E+45  1.9456E+38  2.0243E+43  6.2308E+45
  3.5480E-01  5.7348E+45  6.5519E+38  1.8352E+43  5.7165E+45
  3.7580E-01  5.2607E+45  2.0410E+39  1.6577E+43  5.2442E+45
  3.9810E-01  4.8247E+45  5.8543E+39  1.4998E+43  4.8097E+45
  4.2170E-01  4.4252E+45  1.5430E+40  1.3511E+43  4.4116E+45
  4.4670E-01  4.0588E+45  3.7682E+40  1.2187E+43  4.0466E+45
  4.7320E-01  3.7225E+45  8.6522E+40  1.0954E+43  3.7115E+45
  5.0120E-01  3.4148E+45  1.8730E+41  9.8080E+42  3.4048E+45
  5.3090E-01  3.1323E+45  3.8431E+41  8.7320E+42  3.1232E+45
  5.6230E-01  2.8737E+45  7.4637E+41  7.7778E+42  2.8651E+45
  5.9570E-01  2.6359E+45  1.3813E+42  6.9143E+42  2.6276E+45
  6.3100E-01  2.4189E+45  2.4338E+42  6.1234E+42  2.4103E+45
  6.6830E-01  2.2209E+45  4.0895E+42  5.3987E+42  2.2114E+45
  7.0790E-01  2.0397E+45  6.5782E+42  4.7475E+42  2.0284E+45
  7.4990E-01  1.8748E+45  1.0148E+43  4.1666E+42  1.8605E+45
  7.9430E-01  1.7253E+45  1.5030E+43  3.6402E+42  1.7066E+45
  8.4140E-01  1.5899E+45  2.1462E+43  3.1650E+42  1.5653E+45
  8.9130E-01  1.4681E+45  2.9615E+43  2.7293E+42  1.4357E+45
  9.4410E-01  1.3589E+45  3.9533E+43  2.3427E+42  1.3170E+45
  1.0000E+00  1.2613E+45  5.1177E+43  2.0054E+42  1.2081E+45
  1.0590E+00  1.1746E+45  6.4360E+43  1.7127E+42  1.1086E+45
  1.1220E+00  1.0971E+45  7.9117E+43  1.4548E+42  1.0165E+45
  1.1890E+00  1.0282E+45  9.5194E+43  1.2261E+42  9.3183E+44
  1.2590E+00  9.6796E+44  1.1174E+44  1.0225E+42  8.5520E+44
  1.3340E+00  9.1370E+44  1.2875E+44  8.4741E+41  7.8411E+44
  1.4130E+00  8.6518E+44  1.4521E+44  7.0191E+41  7.1927E+44
  1.4960E+00  8.2161E+44  1.6077E+44  5.7967E+41  6.6026E+44
  1.5850E+00  7.8164E+44  1.7573E+44  4.7516E+41  6.0543E+44
  1.6790E+00  7.4465E+44  1.8896E+44  3.8557E+41  5.5530E+44
  1.7780E+00  7.0975E+44  1.9987E+44  3.0891E+41  5.0957E+44
  1.8840E+00  6.7629E+44  2.0886E+44  2.4400E+41  4.6719E+44
  1.9950E+00  6.4418E+44  2.1524E+44  1.9011E+41  4.2875E+44
  2.1130E+00  6.1276E+44  2.1929E+44  1.4616E+41  3.9333E+44
  2.2390E+00  5.8156E+44  2.2084E+44  1.1097E+41  3.6061E+44
  2.3710E+00  5.5076E+44  2.1976E+44  8.3388E+40  3.3092E+44
  2.5120E+00  5.2015E+44  2.1664E+44  6.2119E+40  3.0344E+44
  2.6610E+00  4.8976E+44  2.1139E+44  4.5945E+40  2.7832E+44
  2.8180E+00  4.5951E+44  2.0409E+44  3.3759E+40  2.5538E+44
  2.9850E+00  4.2957E+44  1.9528E+44  2.4669E+40  2.3426E+44
  3.1620E+00  3.9997E+44  1.8509E+44  1.7935E+40  2.1487E+44
  3.3500E+00  3.7153E+44  1.7448E+44  1.3002E+40  1.9704E+44
  3.5480E+00  3.4356E+44  1.6277E+44  9.3851E+39  1.8078E+44
  3.7580E+00  3.1665E+44  1.5081E+44  6.7514E+39  1.6583E+44
  3.9810E+00  2.9087E+44  1.3877E+44  4.8418E+39  1.5210E+44
  4.2170E+00  2.6631E+44  1.2680E+44  3.4628E+39  1.3951E+44
  4.4670E+00  2.4304E+44  1.1508E+44  2.4697E+39  1.2796E+44
  4.7320E+00  2.2130E+44  1.0394E+44  1.7571E+39  1.1737E+44
  5.0120E+00  2.0140E+44  9.3487E+43  1.2499E+39  1.0791E+44
  5.3090E+00  1.7978E+44  8.3752E+43  8.7013E+38  9.6024E+43
  5.6230E+00  1.5968E+44  7.4874E+43  6.0178E+38  8.4805E+43
  5.9570E+00  1.4123E+44  6.6913E+43  4.1370E+38  7.4316E+43
  6.3100E+00  1.2397E+44  5.9263E+43  2.8191E+38  6.4710E+43
  6.6830E+00  1.0887E+44  5.2852E+43  1.9140E+38  5.6014E+43
  7.0790E+00  9.4879E+43  4.6689E+43  1.2835E+38  4.8190E+43
  7.4990E+00  8.5800E+43  4.4571E+43  8.7790E+37  4.1229E+43
  7.9430E+00  9.3554E+43  5.8445E+43  7.0494E+37  3.5109E+43
  8.4140E+00  1.1785E+44  8.8094E+43  6.8799E+37  2.9752E+43
  8.9130E+00  1.3719E+44  1.1209E+44  6.7418E+37  2.5104E+43
  9.4410E+00  1.5018E+44  1.2908E+44  6.9483E+37  2.1101E+43
  1.0000E+01  1.2209E+44  1.0442E+44  4.7837E+37  1.7671E+43
  1.0590E+01  9.3159E+43  7.8401E+43  3.0135E+37  1.4758E+43
  1.1220E+01  6.7156E+43  5.4889E+43  1.6847E+37  1.2267E+43
  1.1890E+01  4.9057E+43  3.8898E+43  9.5981E+36  1.0159E+43
  1.2590E+01  3.5765E+43  2.7353E+43  5.3724E+36  8.4119E+42
  1.3340E+01  2.6388E+43  1.9456E+43  3.0095E+36  6.9319E+42
  1.4130E+01  2.0684E+43  1.4979E+43  1.7515E+36  5.7050E+42
  1.4960E+01  1.8753E+43  1.4061E+43  1.1838E+36  4.6919E+42
  1.5850E+01  1.7635E+43  1.3793E+43  8.5886E+35  3.8414E+42
  1.6790E+01  1.6635E+43  1.3494E+43  6.4954E+35  3.1409E+42
  1.7780E+01  1.5162E+43  1.2595E+43  4.9166E+35  2.5663E+42
  1.8840E+01  1.2937E+43  1.0848E+43  3.5278E+35  2.0888E+42
  1.9950E+01  1.0343E+43  8.6416E+42  2.3280E+35  1.7013E+42
  2.1130E+01  8.1313E+42  6.7486E+42  1.4701E+35  1.3827E+42
  2.2390E+01  6.4239E+42  5.3036E+42  9.2919E+34  1.1203E+42
  2.3710E+01  5.1012E+42  4.1926E+42  5.8774E+34  9.0864E+41
  2.5120E+01  4.0558E+42  3.3210E+42  3.7294E+34  7.3479E+41
  2.6610E+01  3.2235E+42  2.6297E+42  2.3609E+34  5.9383E+41
  2.8180E+01  2.5637E+42  2.0838E+42  1.4998E+34  4.7994E+41
  2.9850E+01  2.0331E+42  1.6460E+42  9.5257E+33  3.8717E+41
  3.1620E+01  1.6049E+42  1.2929E+42  6.0296E+33  3.1199E+41
  3.3500E+01  1.2601E+42  1.0090E+42  3.8040E+33  2.5106E+41
  3.5480E+01  9.8545E+41  7.8335E+41  2.3957E+33  2.0210E+41
  3.7580E+01  7.6531E+41  6.0278E+41  1.5013E+33  1.6253E+41
  3.9810E+01  5.8880E+41  4.5827E+41  9.3470E+32  1.3054E+41
  4.2170E+01  4.4995E+41  3.4516E+41  5.7888E+32  1.0479E+41
  4.4670E+01  3.4180E+41  2.5772E+41  3.5649E+32  8.4074E+40
  4.7320E+01  2.5840E+41  1.9100E+41  2.1864E+32  6.7400E+40
  5.0120E+01  1.9474E+41  1.4071E+41  1.3375E+32  5.4034E+40
  5.3090E+01  1.4631E+41  1.0303E+41  8.1626E+31  4.3282E+40
  5.6230E+01  1.0978E+41  7.5115E+40  4.9774E+31  3.4667E+40
  5.9570E+01  8.2204E+40  5.4476E+40  3.0303E+31  2.7728E+40
  6.3100E+01  6.1579E+40  3.9399E+40  1.8463E+31  2.2180E+40
  6.6830E+01  4.6170E+40  2.8425E+40  1.1263E+31  1.7744E+40
  7.0790E+01  3.4642E+40  2.0459E+40  6.8760E+30  1.4183E+40
  7.4990E+01  2.6020E+40  1.4691E+40  4.2026E+30  1.1329E+40
  7.9430E+01  1.9588E+40  1.0538E+40  2.5743E+30  9.0505E+39
  8.4140E+01  1.4774E+40  7.5487E+39  1.5790E+30  7.2256E+39
  8.9130E+01  1.1172E+40  5.4056E+39  9.7051E+29  5.7665E+39
  9.4410E+01  8.4713E+39  3.8692E+39  5.9782E+29  4.6021E+39
  1.0000E+02  6.4404E+39  2.7682E+39  3.6894E+29  3.6722E+39
  1.0590E+02  4.9138E+39  1.9821E+39  2.2832E+29  2.9317E+39
  1.1220E+02  3.7544E+39  1.4187E+39  1.4128E+29  2.3358E+39
  1.1890E+02  2.8762E+39  1.0171E+39  8.7532E+28  1.8590E+39
  1.2590E+02  2.2180E+39  7.3419E+38  5.4520E+28  1.4838E+39
  1.3340E+02  1.7124E+39  5.3131E+38  3.3994E+28  1.1811E+39
  1.4130E+02  1.3240E+39  3.8285E+38  2.1308E+28  9.4117E+38
  1.4960E+02  1.0232E+39  2.7194E+38  1.3347E+28  7.5121E+38
  1.5850E+02  7.8974E+38  1.9193E+38  8.3199E+27  5.9781E+38
  1.7780E+02  4.7592E+38  9.6499E+37  3.2500E+27  3.7942E+38
  1.9950E+02  2.8915E+38  4.8720E+37  1.2740E+27  2.4043E+38
  2.2390E+02  1.7678E+38  2.4621E+37  5.0088E+26  1.5216E+38
  2.5120E+02  1.0884E+38  1.2463E+37  1.9769E+26  9.6376E+37
  2.8180E+02  6.7353E+37  6.3096E+36  7.8228E+25  6.1043E+37
  3.1620E+02  4.1808E+37  3.1909E+36  3.0980E+25  3.8617E+37
  3.5480E+02  2.6035E+37  1.6135E+36  1.2280E+25  2.4421E+37
  3.9810E+02  1.6257E+37  8.1551E+35  4.8744E+24  1.5442E+37
  4.4670E+02  1.0172E+37  4.1198E+35  1.9360E+24  9.7603E+36
  5.0120E+02  6.3776E+36  2.0809E+35  7.6965E+23  6.1695E+36
  5.6230E+02  4.0054E+36  1.0510E+35  3.0615E+23  3.9003E+36
  6.3100E+02  2.5160E+36  5.3018E+34  1.2173E+23  2.4629E+36
  7.0790E+02  1.5836E+36  2.6762E+34  4.8467E+22  1.5568E+36
  7.9430E+02  9.9674E+35  1.3493E+34  1.9287E+22  9.8325E+35
  8.9130E+02  6.2757E+35  6.7986E+33  7.6746E+21  6.2077E+35
  1.0000E+03  3.9556E+35  3.4260E+33  3.0564E+21  3.9214E+35
