  1.0000E-03  2.8546E+44  1.8060E+00  2.1703E+42  2.8329E+44
  1.1220E-03  2.4143E+44  1.6158E+00  2.5872E+42  2.3884E+44
  1.2590E-03  2.0072E+44  1.4577E+00  2.9603E+42  1.9776E+44
  1.4130E-03  1.6485E+44  1.3289E+00  3.2704E+42  1.6158E+44
  1.5850E-03  1.4190E+44  1.2595E+00  3.5527E+42  1.3835E+44
  1.7780E-03  1.4565E+44  1.3114E+00  4.3711E+42  1.4128E+44
  1.9950E-03  9.8296E+43  1.1118E+00  4.9022E+42  9.3394E+43
  2.2390E-03  7.4880E+43  1.0171E+00  4.9972E+42  6.9883E+43
  2.5120E-03  7.1973E+43  1.0240E+00  6.4677E+42  6.5505E+43
  2.8180E-03  4.1643E+43  8.4836E-01  7.0498E+42  3.4594E+43
  3.1620E-03  2.7100E+43  7.4707E-01  7.3603E+42  1.9740E+43
  3.5480E-03  1.9243E+43  6.8202E-01  7.5246E+42  1.1718E+43
  3.9810E-03  1.4968E+43  6.4461E-01  7.5920E+42  7.3760E+42
  4.4670E-03  9.9169E+43  1.9506E+00  1.6165E+43  8.3004E+43
  5.0120E-03  5.9084E+43  1.5807E+00  1.7799E+43  4.1285E+43
  5.6230E-03  3.9543E+43  1.3251E+00  1.8870E+43  2.0673E+43
  5.9570E-03  3.4131E+43  1.2318E+00  1.9240E+43  1.4891E+43
  6.6830E-03  2.8205E+43  1.1062E+00  1.9823E+43  8.3815E+42
  7.4990E-03  2.5946E+43  1.0397E+00  2.0507E+43  5.4387E+42
  8.4140E-03  2.4144E+43  9.7086E-01  2.0954E+43  3.1901E+42
  9.4410E-03  2.3383E+43  9.3743E-01  2.1260E+43  2.1223E+42
  1.0590E-02  2.3045E+43  9.5238E-01  2.1183E+43  1.8615E+42
  1.1890E-02  2.3721E+43  9.2025E-01  2.2562E+43  1.1597E+42
  1.3340E-02  2.3706E+43  9.1191E-01  2.2871E+43  8.3432E+41
  1.4960E-02  2.3853E+43  8.9020E-01  2.3319E+43  5.3421E+41
  1.6790E-02  2.3897E+43  8.7835E-01  2.3538E+43  3.5978E+41
  1.8840E-02  2.3863E+43  8.7555E-01  2.3605E+43  2.5830E+41
  2.1130E-02  2.4238E+43  8.6771E-01  2.4063E+43  1.7526E+41
  2.3710E-02  2.4366E+43  8.5880E-01  2.4249E+43  1.1659E+41
  2.6610E-02  2.4265E+43  8.4464E-01  2.4191E+43  7.4006E+40
  2.9850E-02  2.3999E+43  8.3019E-01  2.3951E+43  4.7355E+40
  3.3500E-02  2.3571E+43  8.1491E-01  2.3541E+43  3.0032E+40
  3.7580E-02  2.5297E+43  8.9130E-01  2.5268E+43  2.8946E+40
  4.2170E-02  2.7296E+43  8.7732E-01  2.7277E+43  1.8229E+40
  4.7320E-02  2.3203E+43  7.1324E-01  2.3198E+43  5.2646E+39
  5.3090E-02  1.7309E+43  5.1339E-01  1.7308E+43  1.0823E+39
  6.6830E-02  4.8641E+42  1.3857E-01  4.8641E+42  1.7080E+36
  7.4990E-02  1.8691E+42  5.8140E-02  1.8691E+42  2.7917E+34
  8.4140E-02  2.3177E+42  7.3468E-02  2.3177E+42  7.5316E+34
  9.4410E-02  2.7816E+42  1.6139E+02  2.7816E+42  1.4900E+35
  1.0590E-01  5.3061E+42  2.7980E+07  5.3061E+42  2.3650E+36
  1.1890E-01  9.4487E+42  1.5921E+12  9.4486E+42  5.0966E+37
  1.3340E-01  1.3813E+43  1.3325E+16  1.3813E+43  4.5042E+38
  1.4960E-01  1.6143E+43  3.8239E+19  1.6141E+43  1.7268E+39
  1.5850E-01  1.5730E+43  1.3444E+21  1.5728E+43  2.0903E+39
  1.7780E-01  1.1712E+43  5.2967E+23  1.1711E+43  1.1131E+39
  1.9950E-01  4.7594E+42  2.8842E+25  4.7593E+42  6.2048E+37
  2.2390E-01  2.4770E+42  1.3548E+27  2.4770E+42  1.0088E+37
  2.3710E-01  3.6095E+42  3.2543E+28  3.6095E+42  6.9741E+37
  2.5120E-01  5.1328E+42  7.0325E+29  5.1323E+42  5.2510E+38
  2.6610E-01  6.1577E+42  9.3440E+30  6.1556E+42  2.0080E+39
  2.8180E-01  6.6929E+42  8.9304E+31  6.6877E+42  5.1751E+39
  2.9850E-01  6.9654E+42  6.7993E+32  6.9547E+42  1.0734E+40
  3.1620E-01  7.1528E+42  4.4239E+33  7.1323E+42  2.0472E+40
  3.3500E-01  7.2582E+42  2.5363E+34  7.2215E+42  3.6747E+40
  3.5480E-01  7.2658E+42  1.2765E+35  7.2043E+42  6.1544E+40
  3.7580E-01  7.2267E+42  5.9265E+35  7.1246E+42  1.0207E+41
  3.9810E-01  7.1715E+42  2.4528E+36  7.0109E+42  1.6066E+41
  4.2170E-01  7.1527E+42  9.6124E+36  6.8894E+42  2.6327E+41
  4.4670E-01  7.1892E+42  3.4482E+37  6.7670E+42  4.2217E+41
  4.7320E-01  7.2773E+42  1.1551E+38  6.6096E+42  6.6757E+41
  5.0120E-01  7.4479E+42  3.6077E+38  6.4123E+42  1.0352E+42
  5.3090E-01  7.7918E+42  1.0727E+39  6.1816E+42  1.6091E+42
  5.6230E-01  8.3326E+42  2.9353E+39  5.9341E+42  2.3955E+42
  5.9570E-01  9.1476E+42  7.5278E+39  5.6675E+42  3.4726E+42
  6.3100E-01  1.0386E+43  1.8275E+40  5.3874E+42  4.9808E+42
  6.6830E-01  1.2194E+43  4.2045E+40  5.0903E+42  7.0618E+42
  7.0790E-01  1.4730E+43  9.1672E+40  4.7957E+42  9.8429E+42
  7.4990E-01  1.8015E+43  1.8804E+41  4.5010E+42  1.3326E+43
  7.9430E-01  2.2334E+43  3.6680E+41  4.2067E+42  1.7761E+43
  8.4140E-01  2.7959E+43  6.8472E+41  3.9114E+42  2.3363E+43
  8.9130E-01  3.5562E+43  1.2382E+42  3.6169E+42  3.0707E+43
  9.4410E-01  4.5123E+43  2.1434E+42  3.3249E+42  3.9654E+43
  1.0000E+00  5.6354E+43  3.5311E+42  3.0384E+42  4.9784E+43
  1.0590E+00  6.9325E+43  5.5600E+42  2.7667E+42  6.0998E+43
  1.1220E+00  8.4239E+43  8.4549E+42  2.5069E+42  7.3277E+43
  1.1890E+00  1.0132E+44  1.2464E+43  2.2574E+42  8.6595E+43
  1.2590E+00  1.2111E+44  1.7825E+43  2.0172E+42  1.0127E+44
  1.3340E+00  1.4247E+44  2.4698E+43  1.7918E+42  1.1598E+44
  1.4130E+00  1.6420E+44  3.2916E+43  1.5875E+42  1.2970E+44
  1.4960E+00  1.8618E+44  4.2466E+43  1.4013E+42  1.4231E+44
  1.5850E+00  2.0834E+44  5.3513E+43  1.2287E+42  1.5360E+44
  1.6790E+00  2.3060E+44  6.5800E+43  1.0682E+42  1.6373E+44
  1.7780E+00  2.5242E+44  7.8969E+43  9.1822E+41  1.7253E+44
  1.8840E+00  2.7302E+44  9.2828E+43  7.7874E+41  1.7941E+44
  1.9950E+00  2.9176E+44  1.0666E+44  6.5115E+41  1.8445E+44
  2.1130E+00  3.0777E+44  1.2001E+44  5.3637E+41  1.8723E+44
  2.2390E+00  3.2034E+44  1.3221E+44  4.3519E+41  1.8770E+44
  2.3710E+00  3.2921E+44  1.4260E+44  3.4814E+41  1.8626E+44
  2.5120E+00  3.3409E+44  1.5100E+44  2.7494E+41  1.8282E+44
  2.6610E+00  3.3510E+44  1.5701E+44  2.1461E+41  1.7788E+44
  2.8180E+00  3.3240E+44  1.6042E+44  1.6568E+41  1.7181E+44
  2.9850E+00  3.2635E+44  1.6144E+44  1.2665E+41  1.6478E+44
  3.1620E+00  3.1735E+44  1.6012E+44  9.5934E+40  1.5714E+44
  3.3500E+00  3.0616E+44  1.5709E+44  7.2161E+40  1.4900E+44
  3.5480E+00  2.9295E+44  1.5208E+44  5.3861E+40  1.4081E+44
  3.7580E+00  2.7835E+44  1.4574E+44  3.9934E+40  1.3256E+44
  3.9810E+00  2.6276E+44  1.3835E+44  2.9428E+40  1.2438E+44
  4.2170E+00  2.4659E+44  1.3017E+44  2.1567E+40  1.1640E+44
  4.4670E+00  2.3018E+44  1.2150E+44  1.5723E+40  1.0867E+44
  4.7320E+00  2.1392E+44  1.1268E+44  1.1406E+40  1.0123E+44
  5.0120E+00  1.9831E+44  1.0396E+44  8.2516E+39  9.4342E+43
  5.3090E+00  1.8038E+44  9.5432E+43  5.8543E+39  8.4939E+43
  5.6230E+00  1.6310E+44  8.7325E+43  4.1231E+39  7.5774E+43
  5.9570E+00  1.4674E+44  7.9775E+43  2.8848E+39  6.6966E+43
  6.3100E+00  1.3107E+44  7.2312E+43  1.9993E+39  5.8757E+43
  6.6830E+00  1.1722E+44  6.6030E+43  1.3820E+39  5.1186E+43
  7.0790E+00  1.0416E+44  5.9866E+43  9.4282E+38  4.4296E+43
  7.4990E+00  9.4247E+43  5.6437E+43  6.5001E+38  3.7809E+43
  7.9430E+00  9.3708E+43  6.2799E+43  5.0504E+38  3.0908E+43
  8.4140E+00  9.9160E+43  7.5229E+43  4.5685E+38  2.3930E+43
  8.9130E+00  9.9779E+43  8.1376E+43  4.1846E+38  1.8402E+43
  9.4410E+00  9.6903E+43  8.2766E+43  4.0882E+38  1.4137E+43
  1.0000E+01  8.5331E+43  7.2986E+43  3.0149E+38  1.2345E+43
  1.0590E+01  7.3105E+43  6.2151E+43  2.0779E+38  1.0954E+43
  1.1220E+01  6.0734E+43  5.0995E+43  1.2855E+38  9.7386E+42
  1.1890E+01  5.0214E+43  4.1743E+43  7.9766E+37  8.4705E+42
  1.2590E+01  4.1511E+43  3.4211E+43  4.8467E+37  7.3002E+42
  1.3340E+01  3.4552E+43  2.8356E+43  2.9251E+37  6.1966E+42
  1.4130E+01  2.9859E+43  2.4680E+43  1.8077E+37  5.1784E+42
  1.4960E+01  2.8112E+43  2.3886E+43  1.2668E+37  4.2260E+42
  1.5850E+01  2.7205E+43  2.3795E+43  9.5336E+36  3.4099E+42
  1.6790E+01  2.6578E+43  2.3836E+43  7.5198E+36  2.7424E+42
  1.7780E+01  2.5693E+43  2.3477E+43  6.0140E+36  2.2155E+42
  1.8840E+01  2.4171E+43  2.2367E+43  4.6542E+36  1.8037E+42
  1.9950E+01  2.2108E+43  2.0621E+43  3.3750E+36  1.4870E+42
  2.1130E+01  2.0162E+43  1.8937E+43  2.3578E+36  1.2248E+42
  2.2390E+01  1.8520E+43  1.7516E+43  1.6522E+36  1.0033E+42
  2.3710E+01  1.7095E+43  1.6274E+43  1.1589E+36  8.2127E+41
  2.5120E+01  1.5778E+43  1.5109E+43  8.1546E+35  6.6936E+41
  2.6610E+01  1.4512E+43  1.3967E+43  5.7140E+35  5.4475E+41
  2.8180E+01  1.3272E+43  1.2829E+43  4.0014E+35  4.4299E+41
  2.9850E+01  1.2019E+43  1.1660E+43  2.7878E+35  3.5936E+41
  3.1620E+01  1.0749E+43  1.0458E+43  1.9234E+35  2.9111E+41
  3.3500E+01  9.4748E+42  9.2394E+42  1.3127E+35  2.3542E+41
  3.5480E+01  8.2303E+42  8.0399E+42  8.8615E+34  1.9040E+41
  3.7580E+01  7.0349E+42  6.8810E+42  5.9028E+34  1.5383E+41
  3.9810E+01  5.9092E+42  5.7851E+42  3.8754E+34  1.2412E+41
  4.2170E+01  4.8881E+42  4.7880E+42  2.5098E+34  1.0010E+41
  4.4670E+01  3.9863E+42  3.9056E+42  1.6030E+34  8.0659E+40
  4.7320E+01  3.2099E+42  3.1449E+42  1.0117E+34  6.4929E+40
  5.0120E+01  2.5558E+42  2.5035E+42  6.3179E+33  5.2253E+40
  5.3090E+01  2.0132E+42  1.9712E+42  3.9067E+33  4.2004E+40
  5.6230E+01  1.5719E+42  1.5381E+42  2.3961E+33  3.3753E+40
  5.9570E+01  1.2162E+42  1.1891E+42  1.4574E+33  2.7077E+40
  6.3100E+01  9.3460E+41  9.1288E+41  8.8118E+32  2.1717E+40
  6.6830E+01  7.1388E+41  6.9647E+41  5.3010E+32  1.7415E+40
  7.0790E+01  5.4219E+41  5.2824E+41  3.1736E+32  1.3950E+40
  7.4990E+01  4.0962E+41  3.9845E+41  1.8919E+32  1.1164E+40
  7.9430E+01  3.0822E+41  2.9928E+41  1.1247E+32  8.9335E+39
  8.4140E+01  2.3100E+41  2.2386E+41  6.6648E+31  7.1428E+39
  8.9130E+01  1.7265E+41  1.6694E+41  3.9431E+31  5.7079E+39
  9.4410E+01  1.2870E+41  1.2414E+41  2.3294E+31  4.5606E+39
  1.0000E+02  9.5696E+40  9.2053E+40  1.3742E+31  3.6429E+39
  1.0590E+02  7.1080E+40  6.8170E+40  8.1086E+30  2.9108E+39
  1.1220E+02  5.2704E+40  5.0384E+40  4.7787E+30  2.3210E+39
  1.1890E+02  3.9106E+40  3.7257E+40  2.8207E+30  1.8485E+39
  1.2590E+02  2.9185E+40  2.7708E+40  1.6761E+30  1.4763E+39
  1.3340E+02  2.1835E+40  2.0659E+40  1.0001E+30  1.1757E+39
  1.4130E+02  1.6220E+40  1.5283E+40  5.9581E+29  9.3731E+38
  1.4960E+02  1.1822E+40  1.1073E+40  3.4925E+29  7.4849E+38
  1.5850E+02  8.5569E+39  7.9610E+39  2.0318E+29  5.9590E+38
  1.7780E+02  4.5284E+39  4.1500E+39  6.9588E+28  3.7847E+38
  1.9950E+02  2.4066E+39  2.1667E+39  2.4063E+28  2.3996E+38
  2.2390E+02  1.2803E+39  1.1284E+39  8.3852E+27  1.5192E+38
  2.5120E+02  6.8290E+38  5.8665E+38  2.9488E+27  9.6257E+37
  2.8180E+02  3.6510E+38  3.0411E+38  1.0463E+27  6.0983E+37
  3.1620E+02  1.9565E+38  1.5707E+38  3.7435E+26  3.8587E+37
  3.5480E+02  1.0532E+38  8.0913E+37  1.3520E+26  2.4406E+37
  3.9810E+02  5.7014E+37  4.1580E+37  4.9331E+25  1.5434E+37
  4.4670E+02  3.1074E+37  2.1317E+37  1.8175E+25  9.7564E+36
  5.0120E+02  1.7077E+37  1.0909E+37  6.7629E+24  6.1675E+36
  5.6230E+02  9.4745E+36  5.5752E+36  2.5397E+24  3.8994E+36
  6.3100E+02  5.3042E+36  2.8418E+36  9.6109E+23  2.4625E+36
  7.0790E+02  3.0044E+36  1.4479E+36  3.6691E+23  1.5565E+36
  7.9430E+02  1.7193E+36  7.3613E+35  1.4092E+23  9.8313E+35
  8.9130E+02  9.9438E+35  3.7367E+35  5.4436E+22  6.2071E+35
  1.0000E+03  5.8166E+35  1.8956E+35  2.1152E+22  3.9210E+35
