  1.0000E-03  9.8106E+44  0.0000E+00  1.0444E+44  8.7662E+44
  1.1220E-03  1.0859E+45  0.0000E+00  1.0237E+44  9.8357E+44
  1.2590E-03  1.2008E+45  0.0000E+00  9.7164E+43  1.1037E+45
  1.4130E-03  1.3298E+45  0.0000E+00  9.1138E+43  1.2387E+45
  1.5850E-03  1.4785E+45  0.0000E+00  8.9078E+43  1.3894E+45
  1.7780E-03  1.6662E+45  0.0000E+00  1.0761E+44  1.5586E+45
  1.9950E-03  1.8506E+45  0.0000E+00  1.0178E+44  1.7488E+45
  2.2390E-03  2.0587E+45  0.0000E+00  9.5955E+43  1.9627E+45
  2.5120E-03  2.3180E+45  0.0000E+00  1.1598E+44  2.2020E+45
  2.8180E-03  2.5793E+45  0.0000E+00  1.0907E+44  2.4702E+45
  3.1620E-03  2.8747E+45  0.0000E+00  1.0289E+44  2.7718E+45
  3.5480E-03  3.2068E+45  0.0000E+00  9.6553E+43  3.1103E+45
  3.9810E-03  3.5795E+45  0.0000E+00  8.9619E+43  3.4898E+45
  4.4670E-03  4.1527E+45  0.0000E+00  2.3683E+44  3.9158E+45
  5.0120E-03  4.6673E+45  0.0000E+00  2.7366E+44  4.3936E+45
  5.6230E-03  5.2393E+45  0.0000E+00  3.1008E+44  4.9292E+45
  5.9570E-03  5.5494E+45  0.0000E+00  3.2740E+44  5.2220E+45
  6.6830E-03  6.2185E+45  0.0000E+00  3.6000E+44  5.8585E+45
  7.4990E-03  6.9679E+45  0.0000E+00  3.9409E+44  6.5738E+45
  8.4140E-03  7.7979E+45  0.0000E+00  4.2201E+44  7.3758E+45
  9.4410E-03  8.7246E+45  0.0000E+00  4.4848E+44  8.2761E+45
  1.0590E-02  9.7573E+45  0.0000E+00  4.7402E+44  9.2833E+45
  1.1890E-02  1.0926E+46  0.0000E+00  5.0291E+44  1.0423E+46
  1.3340E-02  1.2221E+46  0.0000E+00  5.2694E+44  1.1694E+46
  1.4960E-02  1.3665E+46  0.0000E+00  5.5061E+44  1.3114E+46
  1.6790E-02  1.5293E+46  0.0000E+00  5.7479E+44  1.4718E+46
  1.8840E-02  1.7116E+46  0.0000E+00  6.0013E+44  1.6515E+46
  2.1130E-02  1.9151E+46  0.0000E+00  6.2785E+44  1.8524E+46
  2.3710E-02  2.1441E+46  0.0000E+00  6.5633E+44  2.0785E+46
  2.6610E-02  2.4011E+46  0.0000E+00  6.8494E+44  2.3326E+46
  2.9850E-02  2.6879E+46  9.5756E-83  7.1293E+44  2.6166E+46
  3.3500E-02  3.0104E+46  6.0543E-68  7.3740E+44  2.9367E+46
  3.7580E-02  3.3726E+46  7.6324E-55  7.8324E+44  3.2942E+46
  4.2170E-02  3.7935E+46  3.2822E-43  9.6814E+44  3.6967E+46
  4.7320E-02  4.2467E+46  8.4556E-33  9.8540E+44  4.1482E+46
  5.3090E-02  4.4113E+46  1.4881E-23  9.0054E+44  4.3212E+46
  6.6830E-02  4.1847E+46  5.0337E-08  5.7864E+44  4.1268E+46
  7.4990E-02  4.0764E+46  1.5526E-01  4.3544E+44  4.0328E+46
  8.4140E-02  3.9860E+46  7.8053E+04  4.5038E+44  3.9410E+46
  9.4410E-02  3.8982E+46  8.9353E+09  4.6979E+44  3.8513E+46
  1.0590E-01  3.5616E+46  2.4077E+14  5.6006E+44  3.5055E+46
  1.1890E-01  3.0049E+46  1.9569E+18  5.8152E+44  2.9467E+46
  1.3340E-01  2.5370E+46  4.5978E+21  5.7455E+44  2.4795E+46
  1.4960E-01  2.1314E+46  5.9069E+24  4.3556E+44  2.0878E+46
  1.5850E-01  1.9497E+46  1.7744E+26  3.5135E+44  1.9145E+46
  1.7780E-01  1.6367E+46  8.5629E+28  2.5259E+44  1.6114E+46
  1.9950E-01  1.3721E+46  2.1036E+31  1.6296E+44  1.3558E+46
  2.2390E-01  1.1539E+46  2.2284E+33  1.3597E+44  1.1403E+46
  2.3710E-01  1.0624E+46  1.5507E+34  1.5934E+44  1.0464E+46
  2.5120E-01  9.7703E+45  9.5007E+34  1.7449E+44  9.5958E+45
  2.6610E-01  8.9745E+45  5.3577E+35  1.7335E+44  8.8012E+45
  2.8180E-01  8.2406E+45  2.7328E+36  1.6450E+44  8.0761E+45
  2.9850E-01  7.5624E+45  1.2618E+37  1.5453E+44  7.4079E+45
  3.1620E-01  6.9409E+45  5.2228E+37  1.4627E+44  6.7947E+45
  3.3500E-01  6.3692E+45  1.9697E+38  1.3843E+44  6.2308E+45
  3.5480E-01  5.8473E+45  6.7818E+38  1.3083E+44  5.7165E+45
  3.7580E-01  5.3679E+45  2.1553E+39  1.2376E+44  5.2442E+45
  3.9810E-01  4.9273E+45  6.3043E+39  1.1753E+44  4.8097E+45
  4.2170E-01  4.5240E+45  1.6949E+40  1.1239E+44  4.4116E+45
  4.4670E-01  4.1547E+45  4.2248E+40  1.0809E+44  4.0466E+45
  4.7320E-01  3.8156E+45  9.8976E+40  1.0405E+44  3.7115E+45
  5.0120E-01  3.5051E+45  2.1850E+41  1.0011E+44  3.4048E+45
  5.3090E-01  3.2201E+45  4.5701E+41  9.6429E+43  3.1232E+45
  5.6230E-01  2.9590E+45  9.0440E+41  9.2987E+43  2.8651E+45
  5.9570E-01  2.7190E+45  1.7050E+42  8.9781E+43  2.6276E+45
  6.3100E-01  2.5002E+45  3.0606E+42  8.6837E+43  2.4103E+45
  6.6830E-01  2.3008E+45  5.2385E+42  8.4144E+43  2.2114E+45
  7.0790E-01  2.1189E+45  8.5910E+42  8.1840E+43  2.0284E+45
  7.4990E-01  1.9538E+45  1.3518E+43  7.9782E+43  1.8605E+45
  7.9430E-01  1.8051E+45  2.0446E+43  7.8067E+43  1.7066E+45
  8.4140E-01  1.6721E+45  2.9836E+43  7.6902E+43  1.5653E+45
  8.9130E-01  1.5543E+45  4.2170E+43  7.6401E+43  1.4357E+45
  9.4410E-01  1.4513E+45  5.7683E+43  7.6601E+43  1.3170E+45
  1.0000E+00  1.3619E+45  7.6478E+43  7.7327E+43  1.2081E+45
  1.0590E+00  1.2857E+45  9.8555E+43  7.8604E+43  1.1086E+45
  1.1220E+00  1.2211E+45  1.2432E+44  8.0286E+43  1.0165E+45
  1.1890E+00  1.1678E+45  1.5379E+44  8.2165E+43  9.3183E+44
  1.2590E+00  1.1253E+45  1.8622E+44  8.3906E+43  8.5520E+44
  1.3340E+00  1.0912E+45  2.2159E+44  8.5487E+43  7.8411E+44
  1.4130E+00  1.0640E+45  2.5804E+44  8.6653E+43  7.1927E+44
  1.4960E+00  1.0424E+45  2.9500E+44  8.7092E+43  6.6026E+44
  1.5850E+00  1.0251E+45  3.3309E+44  8.6561E+43  6.0543E+44
  1.6790E+00  1.0104E+45  3.7037E+44  8.4688E+43  5.5530E+44
  1.7780E+00  9.9611E+44  4.0535E+44  8.1183E+43  5.0957E+44
  1.8840E+00  9.8117E+44  4.3790E+44  7.6078E+43  4.6719E+44
  1.9950E+00  9.6409E+44  4.6584E+44  6.9510E+43  4.2875E+44
  2.1130E+00  9.4365E+44  4.8842E+44  6.1895E+43  3.9333E+44
  2.2390E+00  9.1846E+44  5.0415E+44  5.3703E+43  3.6061E+44
  2.3710E+00  8.8845E+44  5.1209E+44  4.5445E+43  3.3092E+44
  2.5120E+00  8.5379E+44  5.1273E+44  3.7615E+43  3.0344E+44
  2.6610E+00  8.1472E+44  5.0589E+44  3.0503E+43  2.7832E+44
  2.8180E+00  7.7166E+44  4.9201E+44  2.4273E+43  2.5538E+44
  2.9850E+00  7.2582E+44  4.7255E+44  1.9003E+43  2.3426E+44
  3.1620E+00  6.7788E+44  4.4835E+44  1.4658E+43  2.1487E+44
  3.3500E+00  6.3014E+44  4.2192E+44  1.1175E+43  1.9704E+44
  3.5480E+00  5.8204E+44  3.9284E+44  8.4222E+42  1.8078E+44
  3.7580E+00  5.3511E+44  3.6299E+44  6.2853E+42  1.6583E+44
  3.9810E+00  4.8976E+44  3.3302E+44  4.6494E+42  1.5210E+44
  4.2170E+00  4.4649E+44  3.0357E+44  3.4129E+42  1.3951E+44
  4.4670E+00  4.0560E+44  2.7515E+44  2.4877E+42  1.2796E+44
  4.7320E+00  3.6739E+44  2.4823E+44  1.8009E+42  1.1737E+44
  5.0120E+00  3.3226E+44  2.2305E+44  1.2971E+42  1.0791E+44
  5.3090E+00  2.9649E+44  1.9955E+44  9.2015E+41  9.6024E+43
  5.6230E+00  2.6339E+44  1.7794E+44  6.4741E+41  8.4805E+43
  5.9570E+00  2.3303E+44  1.5826E+44  4.5206E+41  7.4316E+43
  6.3100E+00  2.0461E+44  1.3959E+44  3.1223E+41  6.4710E+43
  6.6830E+00  1.8022E+44  1.2399E+44  2.1535E+41  5.6014E+43
  7.0790E+00  1.5754E+44  1.0920E+44  1.4639E+41  4.8190E+43
  7.4990E+00  1.3928E+44  9.7948E+43  9.8931E+40  4.1229E+43
  7.9430E+00  1.3225E+44  9.7068E+43  7.0221E+40  3.5109E+43
  8.4140E+00  1.3375E+44  1.0394E+44  5.4834E+40  2.9752E+43
  8.9130E+00  1.3150E+44  1.0635E+44  4.4332E+40  2.5104E+43
  9.4410E+00  1.2624E+44  1.0510E+44  3.8800E+40  2.1101E+43
  1.0000E+01  1.0815E+44  9.0455E+43  2.9433E+40  1.7671E+43
  1.0590E+01  8.9999E+43  7.5220E+43  2.1320E+40  1.4758E+43
  1.1220E+01  7.2701E+43  6.0420E+43  1.4040E+40  1.2267E+43
  1.1890E+01  5.8436E+43  4.8268E+43  9.1013E+39  1.0159E+43
  1.2590E+01  4.6943E+43  3.8525E+43  5.7358E+39  8.4119E+42
  1.3340E+01  3.7788E+43  3.0852E+43  3.5446E+39  6.9319E+42
  1.4130E+01  3.1376E+43  2.5669E+43  2.1981E+39  5.7050E+42
  1.4960E+01  2.8229E+43  2.3536E+43  1.4944E+39  4.6919E+42
  1.5850E+01  2.6033E+43  2.2190E+43  1.0803E+39  3.8414E+42
  1.6790E+01  2.4173E+43  2.1031E+43  8.1605E+38  3.1409E+42
  1.7780E+01  2.2089E+43  1.9522E+43  6.2735E+38  2.5663E+42
  1.8840E+01  1.9446E+43  1.7356E+43  4.7060E+38  2.0888E+42
  1.9950E+01  1.6470E+43  1.4769E+43  3.3341E+38  1.7013E+42
  2.1130E+01  1.3794E+43  1.2411E+43  2.2684E+38  1.3827E+42
  2.2390E+01  1.1565E+43  1.0444E+43  1.5368E+38  1.1203E+42
  2.3710E+01  9.7112E+42  8.8024E+42  1.0369E+38  9.0864E+41
  2.5120E+01  8.1294E+42  7.3945E+42  6.9831E+37  7.3479E+41
  2.6610E+01  6.7768E+42  6.1829E+42  4.6693E+37  5.9383E+41
  2.8180E+01  5.6242E+42  5.1442E+42  3.1145E+37  4.7994E+41
  2.9850E+01  4.6302E+42  4.2430E+42  2.0644E+37  3.8717E+41
  3.1620E+01  3.7756E+42  3.4636E+42  1.3553E+37  3.1199E+41
  3.3500E+01  3.0458E+42  2.7948E+42  8.8090E+36  2.5106E+41
  3.5480E+01  2.4336E+42  2.2315E+42  5.6743E+36  2.0210E+41
  3.7580E+01  1.9220E+42  1.7594E+42  3.6139E+36  1.6253E+41
  3.9810E+01  1.4984E+42  1.3678E+42  2.2740E+36  1.3054E+41
  4.2170E+01  1.1559E+42  1.0511E+42  1.4151E+36  1.0479E+41
  4.4670E+01  8.8336E+41  7.9928E+41  8.7086E+35  8.4074E+40
  4.7320E+01  6.6963E+41  6.0223E+41  5.3093E+35  6.7400E+40
  5.0120E+01  5.0436E+41  4.5033E+41  3.2121E+35  5.4034E+40
  5.3090E+01  3.7751E+41  3.3423E+41  1.9293E+35  4.3282E+40
  5.6230E+01  2.8135E+41  2.4669E+41  1.1526E+35  3.4667E+40
  5.9570E+01  2.0867E+41  1.8094E+41  6.8467E+34  2.7728E+40
  6.3100E+01  1.5439E+41  1.3221E+41  4.0546E+34  2.2180E+40
  6.6830E+01  1.1403E+41  9.6289E+40  2.3959E+34  1.7744E+40
  7.0790E+01  8.4083E+40  6.9900E+40  1.4127E+34  1.4183E+40
  7.4990E+01  6.1923E+40  5.0594E+40  8.3173E+33  1.1329E+40
  7.9430E+01  4.5607E+40  3.6556E+40  4.8971E+33  9.0505E+39
  8.4140E+01  3.3588E+40  2.6362E+40  2.8823E+33  7.2256E+39
  8.9130E+01  2.4761E+40  1.8995E+40  1.6982E+33  5.7665E+39
  9.4410E+01  1.8278E+40  1.3676E+40  1.0018E+33  4.6021E+39
  1.0000E+02  1.3510E+40  9.8375E+39  5.9182E+32  3.6722E+39
  1.0590E+02  1.0012E+40  7.0808E+39  3.5063E+32  2.9317E+39
  1.1220E+02  7.4299E+39  5.0941E+39  2.0790E+32  2.3358E+39
  1.1890E+02  5.5316E+39  3.6726E+39  1.2367E+32  1.8590E+39
  1.2590E+02  4.1522E+39  2.6684E+39  7.4168E+31  1.4838E+39
  1.3340E+02  3.1273E+39  1.9462E+39  4.4680E+31  1.1811E+39
  1.4130E+02  2.3515E+39  1.4104E+39  2.6981E+31  9.4117E+38
  1.4960E+02  1.7533E+39  1.0021E+39  1.6158E+31  7.5121E+38
  1.5850E+02  1.3047E+39  7.0691E+38  9.6343E+30  5.9781E+38
  1.7780E+02  7.3548E+38  3.5606E+38  3.4780E+30  3.7942E+38
  1.9950E+02  4.2078E+38  1.8035E+38  1.2733E+30  2.4043E+38
  2.2390E+02  2.4360E+38  9.1447E+37  4.7155E+29  1.5216E+38
  2.5120E+02  1.4281E+38  4.6435E+37  1.7669E+29  9.6376E+37
  2.8180E+02  8.4620E+37  2.3576E+37  6.6856E+28  6.1043E+37
  3.1620E+02  5.0572E+37  1.1954E+37  2.5486E+28  3.8617E+37
  3.5480E+02  3.0480E+37  6.0586E+36  9.7827E+27  2.4421E+37
  3.9810E+02  1.8511E+37  3.0689E+36  3.7802E+27  1.5442E+37
  4.4670E+02  1.1314E+37  1.5534E+36  1.4683E+27  9.7603E+36
  5.0120E+02  6.9555E+36  7.8605E+35  5.7308E+26  6.1695E+36
  5.6230E+02  4.2981E+36  3.9772E+35  2.2454E+26  3.9003E+36
  6.3100E+02  2.6639E+36  2.0094E+35  8.8185E+25  2.4629E+36
  7.0790E+02  1.6584E+36  1.0158E+35  3.4762E+25  1.5568E+36
  7.9430E+02  1.0345E+36  5.1288E+34  1.3722E+25  9.8325E+35
  8.9130E+02  6.4665E+35  2.5875E+34  5.4242E+24  6.2077E+35
  1.0000E+03  4.0519E+35  1.3055E+34  2.1488E+24  3.9214E+35
