  1.0000E-03  8.7930E+44  0.0000E+00  2.6784E+42  8.7662E+44
  1.1220E-03  9.8711E+44  0.0000E+00  3.5362E+42  9.8357E+44
  1.2590E-03  1.1081E+45  0.0000E+00  4.4594E+42  1.1037E+45
  1.4130E-03  1.2441E+45  0.0000E+00  5.4122E+42  1.2387E+45
  1.5850E-03  1.3958E+45  0.0000E+00  6.3874E+42  1.3894E+45
  1.7780E-03  1.5668E+45  0.0000E+00  8.1725E+42  1.5586E+45
  1.9950E-03  1.7591E+45  0.0000E+00  1.0266E+43  1.7488E+45
  2.2390E-03  1.9743E+45  0.0000E+00  1.1582E+43  1.9627E+45
  2.5120E-03  2.2175E+45  0.0000E+00  1.5521E+43  2.2020E+45
  2.8180E-03  2.4893E+45  0.0000E+00  1.9056E+43  2.4702E+45
  3.1620E-03  2.7939E+45  0.0000E+00  2.2050E+43  2.7718E+45
  3.5480E-03  3.1350E+45  0.0000E+00  2.4670E+43  3.1103E+45
  3.9810E-03  3.5167E+45  0.0000E+00  2.6824E+43  3.4898E+45
  4.4670E-03  3.9488E+45  0.0000E+00  3.2920E+43  3.9158E+45
  5.0120E-03  4.4376E+45  0.0000E+00  4.4011E+43  4.3936E+45
  5.6230E-03  4.9849E+45  0.0000E+00  5.5621E+43  4.9292E+45
  5.9570E-03  5.2835E+45  0.0000E+00  6.1437E+43  5.2220E+45
  6.6830E-03  5.9312E+45  0.0000E+00  7.2714E+43  5.8585E+45
  7.4990E-03  6.6581E+45  0.0000E+00  8.4304E+43  6.5738E+45
  8.4140E-03  7.4724E+45  0.0000E+00  9.6578E+43  7.3758E+45
  9.4410E-03  8.3842E+45  0.0000E+00  1.0813E+44  8.2761E+45
  1.0590E-02  9.3999E+45  0.0000E+00  1.1656E+44  9.2833E+45
  1.1890E-02  1.0558E+46  0.0000E+00  1.3491E+44  1.0423E+46
  1.3340E-02  1.1843E+46  0.0000E+00  1.4856E+44  1.1694E+46
  1.4960E-02  1.3279E+46  0.0000E+00  1.6529E+44  1.3114E+46
  1.6790E-02  1.4900E+46  0.0000E+00  1.8175E+44  1.4718E+46
  1.8840E-02  1.6713E+46  0.0000E+00  1.9800E+44  1.6515E+46
  2.1130E-02  1.8742E+46  0.0000E+00  2.1882E+44  1.8524E+46
  2.3710E-02  2.1025E+46  0.0000E+00  2.4013E+44  2.0785E+46
  2.6610E-02  2.3589E+46  0.0000E+00  2.6257E+44  2.3326E+46
  2.9850E-02  2.6452E+46  1.1998E-82  2.8562E+44  2.6166E+46
  3.3500E-02  2.9676E+46  7.6805E-68  3.0907E+44  2.9367E+46
  3.7580E-02  3.3278E+46  9.6346E-55  3.3611E+44  3.2942E+46
  4.2170E-02  3.7373E+46  4.1872E-43  4.0648E+44  3.6967E+46
  4.7320E-02  4.1926E+46  1.1076E-32  4.4381E+44  4.1482E+46
  5.3090E-02  4.3655E+46  1.9922E-23  4.4229E+44  4.3212E+46
  6.6830E-02  4.1629E+46  7.0875E-08  3.6076E+44  4.1268E+46
  7.4990E-02  4.0637E+46  2.2904E-01  3.0855E+44  4.0328E+46
  8.4140E-02  3.9715E+46  1.2058E+05  3.0518E+44  3.9410E+46
  9.4410E-02  3.8820E+46  1.4511E+10  3.0734E+44  3.8513E+46
  1.0590E-01  3.5376E+46  4.1609E+14  3.2064E+44  3.5055E+46
  1.1890E-01  2.9761E+46  3.2019E+18  2.9344E+44  2.9467E+46
  1.3340E-01  2.5060E+46  6.5796E+21  2.6415E+44  2.4795E+46
  1.4960E-01  2.1092E+46  7.5176E+24  2.1323E+44  2.0878E+46
  1.5850E-01  1.9336E+46  2.2133E+26  1.9112E+44  1.9145E+46
  1.7780E-01  1.6276E+46  1.1394E+29  1.6120E+44  1.6114E+46
  1.9950E-01  1.3677E+46  3.2804E+31  1.1935E+44  1.3558E+46
  2.2390E-01  1.1501E+46  3.9388E+33  9.7946E+43  1.1403E+46
  2.3710E-01  1.0568E+46  2.6581E+34  1.0329E+44  1.0464E+46
  2.5120E-01  9.6994E+45  1.5364E+35  1.0362E+44  9.5958E+45
  2.6610E-01  8.8994E+45  8.2714E+35  9.8200E+43  8.8012E+45
  2.8180E-01  8.1666E+45  4.0774E+36  9.0557E+43  8.0761E+45
  2.9850E-01  7.4909E+45  1.8302E+37  8.2993E+43  7.4079E+45
  3.1620E-01  6.8709E+45  7.3797E+37  7.6234E+43  6.7947E+45
  3.3500E-01  6.3007E+45  2.7158E+38  6.9889E+43  6.2308E+45
  3.5480E-01  5.7804E+45  9.1488E+38  6.3894E+43  5.7165E+45
  3.7580E-01  5.3024E+45  2.8501E+39  5.8223E+43  5.2442E+45
  3.9810E-01  4.8629E+45  8.1753E+39  5.3107E+43  4.8097E+45
  4.2170E-01  4.4599E+45  2.1545E+40  4.8277E+43  4.4116E+45
  4.4670E-01  4.0906E+45  5.2610E+40  4.3933E+43  4.0466E+45
  4.7320E-01  3.7514E+45  1.2078E+41  3.9836E+43  3.7115E+45
  5.0120E-01  3.4410E+45  2.6143E+41  3.5973E+43  3.4048E+45
  5.3090E-01  3.1560E+45  5.3631E+41  3.2306E+43  3.1232E+45
  5.6230E-01  2.8952E+45  1.0415E+42  2.9005E+43  2.8651E+45
  5.9570E-01  2.6555E+45  1.9277E+42  2.5981E+43  2.6276E+45
  6.3100E-01  2.4369E+45  3.3973E+42  2.3180E+43  2.4103E+45
  6.6830E-01  2.2377E+45  5.7106E+42  2.0586E+43  2.2114E+45
  7.0790E-01  2.0558E+45  9.1917E+42  1.8233E+43  2.0284E+45
  7.4990E-01  1.8908E+45  1.4193E+43  1.6113E+43  1.8605E+45
  7.9430E-01  1.7418E+45  2.1049E+43  1.4177E+43  1.7066E+45
  8.4140E-01  1.6078E+45  3.0103E+43  1.2418E+43  1.5653E+45
  8.9130E-01  1.4881E+45  4.1621E+43  1.0795E+43  1.4357E+45
  9.4410E-01  1.3820E+45  5.5685E+43  9.3479E+42  1.3170E+45
  1.0000E+00  1.2885E+45  7.2268E+43  8.0778E+42  1.2081E+45
  1.0590E+00  1.2067E+45  9.1139E+43  6.9706E+42  1.1086E+45
  1.1220E+00  1.1349E+45  1.1238E+44  5.9890E+42  1.0165E+45
  1.1890E+00  1.0726E+45  1.3568E+44  5.1127E+42  9.3183E+44
  1.2590E+00  1.0193E+45  1.5982E+44  4.3226E+42  8.5520E+44
  1.3340E+00  9.7258E+44  1.8483E+44  3.6361E+42  7.8411E+44
  1.4130E+00  9.3157E+44  2.0924E+44  3.0581E+42  7.1927E+44
  1.4960E+00  8.9532E+44  2.3250E+44  2.5650E+42  6.6026E+44
  1.5850E+00  8.6262E+44  2.5505E+44  2.1366E+42  6.0543E+44
  1.6790E+00  8.3229E+44  2.7522E+44  1.7615E+42  5.5530E+44
  1.7780E+00  8.0308E+44  2.9208E+44  1.4331E+42  5.0957E+44
  1.8840E+00  7.7452E+44  3.0618E+44  1.1491E+42  4.6719E+44
  1.9950E+00  7.4609E+44  3.1644E+44  9.0798E+41  4.2875E+44
  2.1130E+00  7.1726E+44  3.2322E+44  7.0735E+41  3.9333E+44
  2.2390E+00  6.8741E+44  3.2626E+44  5.4368E+41  3.6061E+44
  2.3710E+00  6.5663E+44  3.2530E+44  4.1301E+41  3.3092E+44
  2.5120E+00  6.2495E+44  3.2120E+44  3.1073E+41  3.0344E+44
  2.6610E+00  5.9238E+44  3.1382E+44  2.3182E+41  2.7832E+44
  2.8180E+00  5.5884E+44  3.0329E+44  1.7159E+41  2.5538E+44
  2.9850E+00  5.2479E+44  2.9040E+44  1.2617E+41  2.3426E+44
  3.1620E+00  4.9034E+44  2.7538E+44  9.2186E+40  2.1487E+44
  3.3500E+00  4.5678E+44  2.5968E+44  6.7116E+40  1.9704E+44
  3.5480E+00  4.2314E+44  2.4232E+44  4.8585E+40  1.8078E+44
  3.7580E+00  3.9043E+44  2.2456E+44  3.5020E+40  1.6583E+44
  3.9810E+00  3.5883E+44  2.0670E+44  2.5144E+40  1.5210E+44
  4.2170E+00  3.2851E+44  1.8898E+44  1.7987E+40  1.3951E+44
  4.4670E+00  2.9967E+44  1.7169E+44  1.2822E+40  1.2796E+44
  4.7320E+00  2.7269E+44  1.5531E+44  9.1119E+39  1.1737E+44
  5.0120E+00  2.4795E+44  1.4003E+44  6.4695E+39  1.0791E+44
  5.3090E+00  2.2188E+44  1.2585E+44  4.5116E+39  9.6024E+43
  5.6230E+00  1.9780E+44  1.1300E+44  3.1285E+39  8.4805E+43
  5.9570E+00  1.7585E+44  1.0153E+44  2.1589E+39  7.4316E+43
  6.3100E+00  1.5523E+44  9.0514E+43  1.4765E+39  6.4710E+43
  6.6830E+00  1.3741E+44  8.1394E+43  1.0083E+39  5.6014E+43
  7.0790E+00  1.2079E+44  7.2597E+43  6.7979E+38  4.8190E+43
  7.4990E+00  1.1097E+44  6.9744E+43  4.7231E+38  4.1229E+43
  7.9430E+00  1.2567E+44  9.0561E+43  4.0105E+38  3.5109E+43
  8.4140E+00  1.6472E+44  1.3496E+44  4.1988E+38  2.9752E+43
  8.9130E+00  1.9647E+44  1.7137E+44  4.3071E+38  2.5104E+43
  9.4410E+00  2.1888E+44  1.9778E+44  4.5905E+38  2.1101E+43
  1.0000E+01  1.7956E+44  1.6189E+44  3.1872E+38  1.7671E+43
  1.0590E+01  1.3822E+44  1.2347E+44  2.0150E+38  1.4758E+43
  1.1220E+01  1.0055E+44  8.8286E+43  1.1235E+38  1.2267E+43
  1.1890E+01  7.4219E+43  6.4060E+43  6.3787E+37  1.0159E+43
  1.2590E+01  5.4778E+43  4.6366E+43  3.5505E+37  8.4119E+42
  1.3340E+01  4.1015E+43  3.4083E+43  1.9778E+37  6.9319E+42
  1.4130E+01  3.2762E+43  2.7057E+43  1.1535E+37  5.7050E+42
  1.4960E+01  3.0469E+43  2.5777E+43  8.0042E+36  4.6919E+42
  1.5850E+01  2.9445E+43  2.5603E+43  6.0046E+36  3.8414E+42
  1.6790E+01  2.8546E+43  2.5405E+43  4.6983E+36  3.1409E+42
  1.7780E+01  2.6731E+43  2.4165E+43  3.6642E+36  2.5663E+42
  1.8840E+01  2.3447E+43  2.1358E+43  2.6916E+36  2.0888E+42
  1.9950E+01  1.9280E+43  1.7578E+43  1.8055E+36  1.7013E+42
  2.1130E+01  1.5610E+43  1.4227E+43  1.1570E+36  1.3827E+42
  2.2390E+01  1.2715E+43  1.1594E+43  7.4290E+35  1.1203E+42
  2.3710E+01  1.0412E+43  9.5036E+42  4.7749E+35  9.0864E+41
  2.5120E+01  8.5365E+42  7.8017E+42  3.0798E+35  7.3479E+41
  2.6610E+01  6.9902E+42  6.3964E+42  1.9805E+35  5.9383E+41
  2.8180E+01  5.7188E+42  5.2388E+42  1.2768E+35  4.7994E+41
  2.9850E+01  4.6560E+42  4.2689E+42  8.2194E+34  3.8717E+41
  3.1620E+01  3.7640E+42  3.4520E+42  5.2619E+34  3.1199E+41
  3.3500E+01  3.0178E+42  2.7667E+42  3.3492E+34  2.5106E+41
  3.5480E+01  2.4019E+42  2.1998E+42  2.1220E+34  2.0210E+41
  3.7580E+01  1.8923E+42  1.7297E+42  1.3336E+34  1.6253E+41
  3.9810E+01  1.4723E+42  1.3417E+42  8.2979E+33  1.3054E+41
  4.2170E+01  1.1342E+42  1.0294E+42  5.1187E+33  1.0479E+41
  4.4670E+01  8.6585E+41  7.8177E+41  3.1294E+33  8.4074E+40
  4.7320E+01  6.5593E+41  5.8853E+41  1.8995E+33  6.7400E+40
  5.0120E+01  4.9388E+41  4.3984E+41  1.1467E+33  5.4034E+40
  5.3090E+01  3.6967E+41  3.2639E+41  6.8869E+32  4.3282E+40
  5.6230E+01  2.7559E+41  2.4092E+41  4.1225E+32  3.4667E+40
  5.9570E+01  2.0449E+41  1.7676E+41  2.4583E+32  2.7728E+40
  6.3100E+01  1.5140E+41  1.2922E+41  1.4641E+32  2.2180E+40
  6.6830E+01  1.1191E+41  9.4168E+40  8.7159E+31  1.7744E+40
  7.0790E+01  8.2597E+40  6.8414E+40  5.1859E+31  1.4183E+40
  7.4990E+01  6.0889E+40  4.9560E+40  3.0857E+31  1.1329E+40
  7.9430E+01  4.4894E+40  3.5844E+40  1.8387E+31  9.0505E+39
  8.4140E+01  3.3101E+40  2.5875E+40  1.0966E+31  7.2256E+39
  8.9130E+01  2.4431E+40  1.8664E+40  6.5537E+30  5.7665E+39
  9.4410E+01  1.8053E+40  1.3451E+40  3.9254E+30  4.6021E+39
  1.0000E+02  1.3358E+40  9.6858E+39  2.3563E+30  3.6722E+39
  1.0590E+02  9.9096E+39  6.9779E+39  1.4192E+30  2.9317E+39
  1.1220E+02  7.3596E+39  5.0238E+39  8.5560E+29  2.3358E+39
  1.1890E+02  5.4818E+39  3.6228E+39  5.1727E+29  1.8590E+39
  1.2590E+02  4.1139E+39  2.6300E+39  3.1494E+29  1.4838E+39
  1.3340E+02  3.0956E+39  1.9145E+39  1.9235E+29  1.1811E+39
  1.4130E+02  2.3278E+39  1.3866E+39  1.1802E+29  9.4117E+38
  1.4960E+02  1.7397E+39  9.8845E+38  7.2189E+28  7.5121E+38
  1.5850E+02  1.2977E+39  6.9987E+38  4.3973E+28  5.9781E+38
  1.7780E+02  7.3354E+38  3.5413E+38  1.6497E+28  3.7942E+38
  1.9950E+02  4.2031E+38  1.7988E+38  6.2499E+27  2.4043E+38
  2.2390E+02  2.4357E+38  9.1410E+37  2.3871E+27  1.5216E+38
  2.5120E+02  1.4288E+38  4.6503E+37  9.1937E+26  9.6376E+37
  2.8180E+02  8.4692E+37  2.3649E+37  3.5640E+26  6.1043E+37
  3.1620E+02  5.0625E+37  1.2008E+37  1.3874E+26  3.8617E+37
  3.5480E+02  3.0515E+37  6.0937E+36  5.4222E+25  2.4421E+37
  3.9810E+02  1.8532E+37  3.0900E+36  2.1274E+25  1.5442E+37
  4.4670E+02  1.1326E+37  1.5655E+36  8.3694E+24  9.7603E+36
  5.0120E+02  6.9623E+36  7.9279E+35  3.3014E+24  6.1695E+36
  5.6230E+02  4.3017E+36  4.0138E+35  1.3049E+24  3.9003E+36
  6.3100E+02  2.6658E+36  2.0289E+35  5.1620E+23  2.4629E+36
  7.0790E+02  1.6594E+36  1.0261E+35  2.0468E+23  1.5568E+36
  7.9430E+02  1.0351E+36  5.1822E+34  8.1183E+22  9.8325E+35
  8.9130E+02  6.4692E+35  2.6151E+34  3.2217E+22  6.2077E+35
  1.0000E+03  4.0533E+35  1.3196E+34  1.2803E+22  3.9214E+35
