  1.0000E-03  5.3395E+42  5.6579E+04  3.0438E+42  2.2957E+42
  1.1220E-03  1.7230E+42  4.4497E+04  1.1512E+42  5.7179E+41
  1.2590E-03  5.8153E+41  3.8231E+04  4.5227E+41  1.2927E+41
  1.4130E-03  2.1326E+41  3.2180E+04  1.8608E+41  2.7184E+40
  1.5850E-03  9.9951E+40  2.7478E+04  9.2647E+40  7.3035E+39
  1.7780E-03  1.0284E+41  2.6622E+04  9.7912E+40  4.9243E+39
  1.9950E-03  3.2179E+40  2.1105E+04  3.1841E+40  3.3870E+38
  2.2390E-03  1.1660E+40  1.8094E+04  1.1615E+40  4.4436E+37
  2.5120E-03  1.1903E+40  1.6729E+04  1.1884E+40  1.8984E+37
  2.8180E-03  2.7996E+39  1.2822E+04  2.7992E+39  4.0068E+35
  3.1620E-03  7.4324E+38  1.0185E+04  7.4322E+38  1.2689E+34
  3.5480E-03  2.1164E+38  8.2529E+03  2.1164E+38  4.9508E+32
  3.9810E-03  6.6744E+37  7.0951E+03  6.6744E+37  2.6335E+31
  4.4670E-03  3.5594E+40  7.4877E+03  3.5588E+40  6.3662E+36
  5.0120E-03  7.6795E+39  5.3839E+03  7.6794E+39  9.6438E+34
  5.6230E-03  1.6975E+39  4.0114E+03  1.6975E+39  1.5116E+33
  5.9570E-03  8.3084E+38  3.5169E+03  8.3084E+38  2.0762E+32
  6.6830E-03  2.3567E+38  2.8089E+03  2.3567E+38  6.0338E+30
  7.4990E-03  8.8978E+37  2.3705E+03  8.8978E+37  3.7023E+29
  8.4140E-03  2.8855E+37  1.9515E+03  2.8855E+37  1.3414E+28
  9.4410E-03  1.1493E+37  1.6778E+03  1.1493E+37  9.4224E+26
  1.0590E-02  6.8124E+36  1.5689E+03  6.8124E+36  2.8264E+26
  1.1890E-02  2.8114E+36  1.3306E+03  2.8114E+36  1.4053E+25
  1.3340E-02  1.3131E+36  1.1786E+03  1.3131E+36  1.4912E+24
  1.4960E-02  5.2983E+35  1.0139E+03  5.2983E+35  8.6021E+22
  1.6790E-02  2.2772E+35  8.8609E+02  2.2772E+35  6.4434E+21
  1.8840E-02  1.0723E+35  7.8395E+02  1.0723E+35  6.7531E+20
  2.1130E-02  4.8731E+34  6.7181E+02  4.8731E+34  5.2739E+19
  2.3710E-02  2.1185E+34  5.7775E+02  2.1185E+34  3.7036E+18
  2.6610E-02  8.5145E+33  4.9955E+02  8.5145E+33  2.0287E+17
  2.9850E-02  3.4463E+33  4.3378E+02  3.4463E+33  1.1598E+16
  3.3500E-02  1.3594E+33  3.7576E+02  1.3594E+33  6.3055E+14
  3.7580E-02  1.0788E+33  3.6224E+02  1.0788E+33  3.1796E+14
  4.2170E-02  6.1583E+32  3.1107E+02  6.1583E+32  1.6664E+13
  4.7320E-02  7.2999E+31  6.1670E+02  7.2999E+31  1.3858E+10
  5.3090E-02  5.1155E+30  4.0449E+02  5.1155E+30  2.6199E+06
  6.6830E-02  1.3827E+26  7.9735E+01  1.3827E+26  4.5387E-09
  7.4990E-02  1.4294E+23  2.6229E+01  1.4294E+23  1.6393E-18
  8.4140E-02  7.1286E+23  3.3575E+01  7.1286E+23  3.5881E-16
  9.4410E-02  2.3559E+24  3.9824E+01  2.3559E+24  1.5160E-14
  1.0590E-01  2.9515E+26  8.0603E+01  2.9515E+26  5.5897E-08
  1.1890E-01  5.1126E+28  1.8091E+02  5.1126E+28  1.4665E+00
  1.3340E-01  2.1001E+30  3.2688E+02  2.1001E+30  3.3601E+05
  1.4960E-01  1.6629E+31  4.7960E+02  1.6629E+31  9.1588E+08
  1.5850E-01  2.1495E+31  5.1456E+02  2.1495E+31  3.6737E+09
  1.7780E-01  8.2360E+30  4.5926E+02  8.2360E+30  2.5733E+08
  1.9950E-01  7.1041E+28  2.3184E+02  7.1041E+28  1.0893E+02
  2.2390E-01  4.5419E+27  1.5424E+02  4.5419E+27  1.3715E-02
  2.3710E-01  1.4764E+29  2.5603E+02  1.4764E+29  5.6234E+02
  2.5120E-01  4.7236E+30  4.3598E+02  4.7236E+30  3.6405E+07
  2.6610E-01  4.4500E+31  6.3088E+02  4.4500E+31  6.4597E+10
  2.8180E-01  2.0963E+32  5.4864E+03  2.0963E+32  1.4058E+13
  2.9850E-01  6.9802E+32  1.6269E+06  6.9802E+32  9.6835E+14
  3.1620E-01  2.0795E+33  3.2577E+08  2.0795E+33  4.2731E+16
  3.3500E-01  5.6651E+33  4.3298E+10  5.6651E+33  1.3680E+18
  3.5480E-01  1.3825E+34  3.6378E+12  1.3825E+34  3.0258E+19
  3.7580E-01  3.3298E+34  2.6861E+14  3.3298E+34  6.3424E+20
  3.9810E-01  7.4881E+34  1.3861E+16  7.4881E+34  1.0104E+22
  4.2170E-01  1.8106E+35  8.1523E+17  1.8106E+35  1.9865E+23
  4.4670E-01  4.3082E+35  3.9666E+19  4.3082E+35  3.4851E+24
  4.7320E-01  1.0079E+36  1.6878E+21  1.0079E+36  5.6790E+25
  5.0120E-01  2.2905E+36  6.1006E+22  2.2905E+36  8.3339E+26
  5.3090E-01  5.2451E+36  2.1219E+24  5.2451E+36  1.2381E+28
  5.6230E-01  1.1338E+37  5.5515E+25  1.1338E+37  1.4647E+29
  5.9570E-01  2.3712E+37  1.2041E+27  2.3712E+37  1.5077E+30
  6.3100E-01  4.9187E+37  2.3496E+28  4.9187E+37  1.4656E+31
  6.6830E-01  1.0098E+38  4.1123E+29  1.0098E+38  1.3390E+32
  7.0790E-01  2.0552E+38  6.3079E+30  2.0552E+38  1.1198E+33
  7.4990E-01  4.0547E+38  7.9547E+31  4.0547E+38  8.0416E+33
  7.9430E-01  7.9211E+38  8.8632E+32  7.9206E+38  5.3169E+34
  8.4140E-01  1.5375E+39  8.8887E+33  1.5371E+39  3.2820E+35
  8.9130E-01  3.0259E+39  8.6007E+34  3.0237E+39  2.0189E+36
  9.4410E-01  5.8357E+39  7.3246E+35  5.8236E+39  1.1310E+37
  1.0000E+00  1.0767E+40  5.1940E+36  1.0708E+40  5.4577E+37
  1.0590E+00  1.9195E+40  3.1328E+37  1.8932E+40  2.3139E+38
  1.1220E+00  3.3501E+40  1.6664E+38  3.2448E+40  8.8695E+38
  1.1890E+00  5.8009E+40  7.9527E+38  5.4091E+40  3.1231E+39
  1.2590E+00  1.0243E+41  3.4776E+39  8.8602E+40  1.0355E+40
  1.3340E+00  1.8705E+41  1.3377E+40  1.4280E+41  3.0877E+40
  1.4130E+00  3.5199E+41  4.4023E+40  2.2697E+41  8.0992E+40
  1.4960E+00  6.7969E+41  1.2743E+41  3.6075E+41  1.9150E+41
  1.5850E+00  1.3286E+42  3.3388E+41  5.7782E+41  4.1692E+41
  1.6790E+00  2.5783E+42  8.0142E+41  9.2788E+41  8.4903E+41
  1.7780E+00  4.8599E+42  1.7682E+42  1.4687E+42  1.6230E+42
  1.8840E+00  8.7430E+42  3.5920E+42  2.2471E+42  2.9039E+42
  1.9950E+00  1.4844E+43  6.7089E+42  3.2662E+42  4.8688E+42
  2.1130E+00  2.3655E+43  1.1547E+43  4.4644E+42  7.6430E+42
  2.2390E+00  3.5347E+43  1.8371E+43  5.7127E+42  1.1263E+43
  2.3710E+00  4.9635E+43  2.7136E+43  6.8406E+42  1.5658E+43
  2.5120E+00  6.5791E+43  3.7489E+43  7.6992E+42  2.0603E+43
  2.6610E+00  8.2830E+43  4.8784E+43  8.1923E+42  2.5854E+43
  2.8180E+00  9.9705E+43  6.0255E+43  8.2949E+42  3.1155E+43
  2.9850E+00  1.1539E+44  7.1139E+43  8.0390E+42  3.6208E+43
  3.1620E+00  1.2914E+44  8.0799E+43  7.5040E+42  4.0841E+43
  3.3500E+00  1.4018E+44  8.8695E+43  6.7612E+42  4.4727E+43
  3.5480E+00  1.4867E+44  9.4709E+43  5.9302E+42  4.8029E+43
  3.7580E+00  1.5431E+44  9.8680E+43  5.0680E+42  5.0560E+43
  3.9810E+00  1.5717E+44  1.0061E+44  4.2325E+42  5.2324E+43
  4.2170E+00  1.5752E+44  1.0067E+44  3.4645E+42  5.3381E+43
  4.4670E+00  1.5567E+44  9.9091E+43  2.7852E+42  5.3793E+43
  4.7320E+00  1.5182E+44  9.6044E+43  2.1992E+42  5.3572E+43
  5.0120E+00  1.4646E+44  9.1827E+43  1.7104E+42  5.2925E+43
  5.3090E+00  1.3806E+44  8.6641E+43  1.2955E+42  5.0126E+43
  5.6230E+00  1.2847E+44  8.0802E+43  9.6406E+41  4.6702E+43
  5.9570E+00  1.1810E+44  7.4584E+43  7.0539E+41  4.2809E+43
  6.3100E+00  1.0740E+44  6.8069E+43  5.0850E+41  3.8823E+43
  6.6830E+00  9.7379E+43  6.2251E+43  3.6322E+41  3.4765E+43
  7.0790E+00  8.7523E+43  5.6413E+43  2.5520E+41  3.0855E+43
  7.4990E+00  7.6214E+43  4.9958E+43  1.6965E+41  2.6087E+43
  7.9430E+00  5.8370E+43  4.0335E+43  9.4703E+40  1.7940E+43
  8.4140E+00  3.7727E+43  2.8208E+43  4.5622E+40  9.4735E+42
  8.9130E+00  2.4373E+43  1.9432E+43  2.3929E+40  4.9168E+42
  9.4410E+00  1.6275E+43  1.3681E+43  1.4615E+40  2.5792E+42
  1.0000E+01  1.7654E+43  1.4949E+43  1.3797E+40  2.6908E+42
  1.0590E+01  2.0054E+43  1.6952E+43  1.3508E+40  3.0879E+42
  1.1220E+01  2.2625E+43  1.8961E+43  1.2467E+40  3.6513E+42
  1.1890E+01  2.3324E+43  1.9403E+43  1.0472E+40  3.9107E+42
  1.2590E+01  2.2966E+43  1.8963E+43  8.2033E+39  3.9947E+42
  1.3340E+01  2.1559E+43  1.7709E+43  5.9851E+39  3.8447E+42
  1.4130E+01  1.9606E+43  1.6173E+43  4.0764E+39  3.4285E+42
  1.4960E+01  1.7667E+43  1.4956E+43  2.7245E+39  2.7076E+42
  1.5850E+01  1.5983E+43  1.3928E+43  1.8829E+39  2.0537E+42
  1.6790E+01  1.4539E+43  1.2998E+43  1.3545E+39  1.5401E+42
  1.7780E+01  1.3307E+43  1.2120E+43  1.0182E+39  1.1857E+42
  1.8840E+01  1.2215E+43  1.1248E+43  7.8598E+38  9.6639E+41
  1.9950E+01  1.1169E+43  1.0330E+43  6.0091E+38  8.3857E+41
  2.1130E+01  1.0102E+43  9.3709E+42  4.4263E+38  7.3107E+41
  2.2390E+01  9.0508E+42  8.4233E+42  3.2078E+38  6.2717E+41
  2.3710E+01  8.0540E+42  7.5199E+42  2.2949E+38  5.3389E+41
  2.5120E+01  7.0992E+42  6.6492E+42  1.6272E+38  4.4978E+41
  2.6610E+01  6.2017E+42  5.8245E+42  1.1402E+38  3.7705E+41
  2.8180E+01  5.3692E+42  5.0544E+42  7.9328E+37  3.1472E+41
  2.9850E+01  4.5959E+42  4.3345E+42  5.4674E+37  2.6140E+41
  3.1620E+01  3.8866E+42  3.6700E+42  3.7243E+37  2.1653E+41
  3.3500E+01  3.2443E+42  3.0654E+42  2.5068E+37  1.7885E+41
  3.5480E+01  2.6761E+42  2.5285E+42  1.6692E+37  1.4757E+41
  3.7580E+01  2.1783E+42  2.0567E+42  1.0977E+37  1.2157E+41
  3.9810E+01  1.7478E+42  1.6477E+42  7.1277E+36  1.0006E+41
  4.2170E+01  1.3852E+42  1.3029E+42  4.5710E+36  8.2274E+40
  4.4670E+01  1.0853E+42  1.0177E+42  2.8939E+36  6.7543E+40
  4.7320E+01  8.4170E+41  7.8636E+41  1.8114E+36  5.5335E+40
  5.0120E+01  6.4718E+41  6.0191E+41  1.1227E+36  4.5270E+40
  5.3090E+01  4.9344E+41  4.5649E+41  6.8933E+35  3.6948E+40
  5.6230E+01  3.7379E+41  3.4369E+41  4.1999E+35  3.0105E+40
  5.9570E+01  2.8118E+41  2.5673E+41  2.5386E+35  2.4458E+40
  6.3100E+01  2.1058E+41  1.9073E+41  1.5262E+35  1.9841E+40
  6.6830E+01  1.5711E+41  1.4104E+41  9.1357E+34  1.6074E+40
  7.0790E+01  1.1681E+41  1.0382E+41  5.4454E+34  1.2993E+40
  7.4990E+01  8.6583E+40  7.6099E+40  3.2348E+34  1.0483E+40
  7.9430E+01  6.4074E+40  5.5624E+40  1.9181E+34  8.4493E+39
  8.4140E+01  4.7338E+40  4.0539E+40  1.1350E+34  6.7989E+39
  8.9130E+01  3.4957E+40  2.9494E+40  6.7127E+33  5.4636E+39
  9.4410E+01  2.5810E+40  2.1423E+40  3.9693E+33  4.3871E+39
  1.0000E+02  1.9056E+40  1.5537E+40  2.3471E+33  3.5197E+39
  1.0590E+02  1.4089E+40  1.1266E+40  1.3901E+33  2.8233E+39
  1.1220E+02  1.0419E+40  8.1607E+39  8.2318E+32  2.2588E+39
  1.1890E+02  7.7243E+39  5.9200E+39  4.8861E+32  1.8042E+39
  1.2590E+02  5.7692E+39  4.3247E+39  2.9219E+32  1.4445E+39
  1.3340E+02  4.3227E+39  3.1698E+39  1.7546E+32  1.1529E+39
  1.4130E+02  3.2289E+39  2.3079E+39  1.0549E+32  9.2096E+38
  1.4960E+02  2.3846E+39  1.6477E+39  6.2781E+31  7.3694E+38
  1.5850E+02  1.7558E+39  1.1680E+39  3.7169E+31  5.8780E+38
  1.7780E+02  9.6777E+38  5.9333E+38  1.3220E+31  3.7444E+38
  1.9950E+02  5.4067E+38  3.0273E+38  4.7648E+30  2.3794E+38
  2.2390E+02  3.0538E+38  1.5447E+38  1.7368E+30  1.5091E+38
  2.5120E+02  1.7462E+38  7.8869E+37  6.4070E+29  9.5748E+37
  2.8180E+02  1.0096E+38  4.0235E+37  2.3883E+29  6.0728E+37
  3.1620E+02  5.8945E+37  2.0486E+37  8.9786E+28  3.8459E+37
  3.5480E+02  3.4762E+37  1.0421E+37  3.4033E+28  2.4341E+37
  3.9810E+02  2.0697E+37  5.2957E+36  1.3004E+28  1.5402E+37
  4.4670E+02  1.2428E+37  2.6882E+36  5.0019E+27  9.7401E+36
  5.0120E+02  7.5230E+36  1.3637E+36  1.9358E+27  6.1593E+36
  5.6230E+02  4.5867E+36  6.9150E+35  7.5302E+26  3.8952E+36
  6.3100E+02  2.8104E+36  3.5004E+35  2.9396E+26  2.4604E+36
  7.0790E+02  1.7328E+36  1.7726E+35  1.1529E+26  1.5555E+36
  7.9430E+02  1.0722E+36  8.9635E+34  4.5321E+25  9.8260E+35
  8.9130E+02  6.6573E+35  4.5282E+34  1.7854E+25  6.2044E+35
  1.0000E+03  4.1484E+35  2.2873E+34  7.0528E+24  3.9197E+35
