  1.0000E-03  3.6857E+44  0.0000E+00  3.5112E+42  3.6506E+44
  1.1220E-03  3.3244E+44  0.0000E+00  4.2429E+42  3.2820E+44
  1.2590E-03  2.9589E+44  0.0000E+00  4.9026E+42  2.9099E+44
  1.4130E-03  2.6083E+44  0.0000E+00  5.4366E+42  2.5540E+44
  1.5850E-03  2.3836E+44  0.0000E+00  5.8883E+42  2.3248E+44
  1.7780E-03  2.4992E+44  0.0000E+00  7.1947E+42  2.4273E+44
  1.9950E-03  1.8878E+44  0.0000E+00  7.9799E+42  1.8080E+44
  2.2390E-03  1.5632E+44  0.0000E+00  7.9932E+42  1.4832E+44
  2.5120E-03  1.5518E+44  0.0000E+00  1.0208E+43  1.4497E+44
  2.8180E-03  1.0149E+44  0.0000E+00  1.0765E+43  9.0724E+43
  3.1620E-03  7.1134E+43  0.0000E+00  1.0837E+43  6.0296E+43
  3.5480E-03  5.1983E+43  0.0000E+00  1.0664E+43  4.1319E+43
  3.9810E-03  3.9994E+43  0.0000E+00  1.0367E+43  2.9627E+43
  4.4670E-03  2.2315E+44  0.0000E+00  2.6674E+43  1.9648E+44
  5.0120E-03  1.4557E+44  0.0000E+00  2.8051E+43  1.1752E+44
  5.6230E-03  9.8891E+43  0.0000E+00  2.8227E+43  7.0665E+43
  5.9570E-03  8.3577E+43  0.0000E+00  2.8018E+43  5.5558E+43
  6.6830E-03  6.4016E+43  0.0000E+00  2.7443E+43  3.6573E+43
  7.4990E-03  5.4048E+43  0.0000E+00  2.7163E+43  2.6886E+43
  8.4140E-03  4.4666E+43  0.0000E+00  2.6397E+43  1.8269E+43
  9.4410E-03  3.9323E+43  0.0000E+00  2.5635E+43  1.3688E+43
  1.0590E-02  3.7517E+43  0.0000E+00  2.4806E+43  1.2711E+43
  1.1890E-02  3.4270E+43  0.0000E+00  2.5220E+43  9.0499E+42
  1.3340E-02  3.1759E+43  0.0000E+00  2.4554E+43  7.2048E+42
  1.4960E-02  2.9113E+43  0.0000E+00  2.3874E+43  5.2389E+42
  1.6790E-02  2.6990E+43  0.0000E+00  2.3028E+43  3.9626E+42
  1.8840E-02  2.5287E+43  0.0000E+00  2.2137E+43  3.1498E+42
  2.1130E-02  2.3966E+43  0.0000E+00  2.1570E+43  2.3961E+42
  2.3710E-02  2.2528E+43  0.0000E+00  2.0732E+43  1.7952E+42
  2.6610E-02  2.0945E+43  0.0000E+00  1.9648E+43  1.2970E+42
  2.9850E-02  1.9413E+43  6.0195E-86  1.8470E+43  9.4302E+41
  3.3500E-02  1.7891E+43  2.9251E-71  1.7210E+43  6.8103E+41
  3.7580E-02  1.8914E+43  3.4207E-58  1.8235E+43  6.7920E+41
  4.2170E-02  1.9245E+43  1.1303E-46  1.8757E+43  4.8784E+41
  4.7320E-02  1.4249E+43  1.5807E-36  1.4057E+43  1.9201E+41
  5.3090E-02  9.0971E+42  1.3442E-27  9.0399E+42  5.7147E+40
  6.6830E-02  1.5012E+42  2.6447E-13  1.5008E+42  3.8663E+38
  7.4990E-02  4.1896E+41  1.3990E-07  4.1894E+41  1.6061E+37
  8.4140E-02  5.6088E+41  1.0736E-01  5.6085E+41  3.4322E+37
  9.4410E-02  7.1734E+41  1.6468E+04  7.1729E+41  5.7714E+37
  1.0590E-01  1.7613E+42  1.4850E+09  1.7608E+42  4.7600E+38
  1.1890E-01  4.2051E+42  4.9180E+13  4.2002E+42  4.8831E+39
  1.3340E-01  7.7137E+42  3.2626E+17  7.6885E+42  2.5186E+40
  1.4960E-01  1.0520E+43  7.8441E+20  1.0451E+43  6.8162E+40
  1.5850E-01  1.0534E+43  2.6369E+22  1.0457E+43  7.7437E+40
  1.7780E-01  7.3610E+42  1.0839E+25  7.3151E+42  4.5969E+40
  1.9950E-01  2.2352E+42  8.4791E+26  2.2304E+42  4.7919E+39
  2.2390E-01  9.7284E+41  4.3950E+28  9.7170E+41  1.1404E+39
  2.3710E-01  1.6972E+42  7.5684E+29  1.6922E+42  4.9797E+39
  2.5120E-01  2.9197E+42  1.2126E+31  2.8965E+42  2.3222E+40
  2.6610E-01  3.9991E+42  1.3188E+32  3.9349E+42  6.4188E+40
  2.8180E-01  4.7978E+42  1.0853E+33  4.6669E+42  1.3086E+41
  2.9850E-01  5.4237E+42  7.3193E+33  5.1981E+42  2.2557E+41
  3.1620E-01  6.0327E+42  4.2581E+34  5.6683E+42  3.6443E+41
  3.3500E-01  6.6304E+42  2.1944E+35  6.0686E+42  5.6184E+41
  3.5480E-01  7.1818E+42  9.9914E+35  6.3608E+42  8.2109E+41
  3.7580E-01  7.7859E+42  4.1893E+36  6.5948E+42  1.1911E+42
  3.9810E-01  8.4360E+42  1.5758E+37  6.7767E+42  1.6593E+42
  4.2170E-01  9.3523E+42  5.5685E+37  6.9674E+42  2.3849E+42
  4.4670E-01  1.0518E+43  1.8052E+38  7.1476E+42  3.3706E+42
  4.7320E-01  1.1991E+43  5.4681E+38  7.2778E+42  4.7127E+42
  5.0120E-01  1.3835E+43  1.5474E+39  7.3430E+42  6.4904E+42
  5.3090E-01  1.6314E+43  4.1630E+39  7.3536E+42  8.9564E+42
  5.6230E-01  1.9270E+43  1.0371E+40  7.3066E+42  1.1953E+43
  5.9570E-01  2.2852E+43  2.4301E+40  7.2040E+42  1.5624E+43
  6.3100E-01  2.7369E+43  5.3975E+40  7.0573E+42  2.0258E+43
  6.6830E-01  3.3005E+43  1.1378E+41  6.8584E+42  2.6033E+43
  7.0790E-01  3.9873E+43  2.2788E+41  6.6334E+42  3.3012E+43
  7.4990E-01  4.7733E+43  4.3133E+41  6.3751E+42  4.0927E+43
  7.9430E-01  5.6992E+43  7.7837E+41  6.0895E+42  5.0124E+43
  8.4140E-01  6.7886E+43  1.3469E+42  5.7750E+42  6.0764E+43
  8.9130E-01  8.1312E+43  2.2582E+42  5.4378E+42  7.3616E+43
  9.4410E-01  9.6686E+43  3.6345E+42  5.0750E+42  8.7977E+43
  1.0000E+00  1.1315E+44  5.5920E+42  4.6916E+42  1.0287E+44
  1.0590E+00  1.3060E+44  8.2585E+42  4.3072E+42  1.1804E+44
  1.1220E+00  1.4911E+44  1.1819E+43  3.9219E+42  1.3337E+44
  1.1890E+00  1.6875E+44  1.6447E+43  3.5367E+42  1.4877E+44
  1.2590E+00  1.9007E+44  2.2266E+43  3.1543E+42  1.6465E+44
  1.3340E+00  2.1137E+44  2.9320E+43  2.7866E+42  1.7926E+44
  1.4130E+00  2.3141E+44  3.7330E+43  2.4483E+42  1.9163E+44
  1.4960E+00  2.5027E+44  4.6226E+43  2.1388E+42  2.0190E+44
  1.5850E+00  2.6797E+44  5.6140E+43  1.8535E+42  2.0997E+44
  1.6790E+00  2.8470E+44  6.6815E+43  1.5925E+42  2.1629E+44
  1.7780E+00  3.0018E+44  7.7980E+43  1.3548E+42  2.2085E+44
  1.8840E+00  3.1389E+44  8.9590E+43  1.1400E+42  2.2316E+44
  1.9950E+00  3.2568E+44  1.0117E+44  9.4955E+41  2.2356E+44
  2.1130E+00  3.3507E+44  1.1254E+44  7.8294E+41  2.2175E+44
  2.2390E+00  3.4176E+44  1.2329E+44  6.3929E+41  2.1783E+44
  2.3710E+00  3.4587E+44  1.3302E+44  5.1742E+41  2.1233E+44
  2.5120E+00  3.4729E+44  1.4167E+44  4.1539E+41  2.0520E+44
  2.6610E+00  3.4621E+44  1.4890E+44  3.3093E+41  1.9698E+44
  2.8180E+00  3.4276E+44  1.5445E+44  2.6155E+41  1.8805E+44
  2.9850E+00  3.3711E+44  1.5837E+44  2.0514E+41  1.7854E+44
  3.1620E+00  3.2942E+44  1.6051E+44  1.5966E+41  1.6875E+44
  3.3500E+00  3.2015E+44  1.6124E+44  1.2341E+41  1.5879E+44
  3.5480E+00  3.0924E+44  1.6009E+44  9.4670E+40  1.4906E+44
  3.7580E+00  2.9705E+44  1.5748E+44  7.2085E+40  1.3950E+44
  3.9810E+00  2.8377E+44  1.5351E+44  5.4492E+40  1.3021E+44
  4.2170E+00  2.6964E+44  1.4830E+44  4.0908E+40  1.2129E+44
  4.4670E+00  2.5489E+44  1.4207E+44  3.0498E+40  1.1279E+44
  4.7320E+00  2.3982E+44  1.3511E+44  2.2579E+40  1.0469E+44
  5.0120E+00  2.2492E+44  1.2764E+44  1.6630E+40  9.7270E+43
  5.3090E+00  2.0716E+44  1.1981E+44  1.2006E+40  8.7341E+43
  5.6230E+00  1.8963E+44  1.1188E+44  8.5896E+39  7.7737E+43
  5.9570E+00  1.7267E+44  1.0410E+44  6.0946E+39  6.8569E+43
  6.3100E+00  1.5605E+44  9.5987E+43  4.2778E+39  6.0058E+43
  6.6830E+00  1.4124E+44  8.8993E+43  2.9915E+39  5.2243E+43
  7.0790E+00  1.2699E+44  8.1834E+43  2.0625E+39  4.5150E+43
  7.4990E+00  1.1588E+44  7.7317E+43  1.4262E+39  3.8557E+43
  7.9430E+00  1.1451E+44  8.2700E+43  1.0768E+39  3.1807E+43
  8.4140E+00  1.1833E+44  9.3199E+43  9.1365E+38  2.5126E+43
  8.9130E+00  1.1667E+44  9.6942E+43  7.9182E+38  1.9725E+43
  9.4410E+00  1.1164E+44  9.6180E+43  7.4088E+38  1.5459E+43
  1.0000E+01  1.0061E+44  8.7235E+43  5.6352E+38  1.3374E+43
  1.0590E+01  8.8749E+43  7.7041E+43  4.0563E+38  1.1708E+43
  1.1220E+01  7.6098E+43  6.5844E+43  2.6385E+38  1.0254E+43
  1.1890E+01  6.4399E+43  5.5577E+43  1.7010E+38  8.8219E+42
  1.2590E+01  5.4120E+43  4.6584E+43  1.0644E+38  7.5355E+42
  1.3340E+01  4.5409E+43  3.9055E+43  6.5426E+37  6.3542E+42
  1.4130E+01  3.9232E+43  3.3940E+43  4.0660E+37  5.2920E+42
  1.4960E+01  3.6713E+43  3.2386E+43  2.8254E+37  4.3262E+42
  1.5850E+01  3.5157E+43  3.1655E+43  2.0957E+37  3.5021E+42
  1.6790E+01  3.3826E+43  3.0999E+43  1.6224E+37  2.8269E+42
  1.7780E+01  3.2060E+43  2.9770E+43  1.2732E+37  2.2895E+42
  1.8840E+01  2.9442E+43  2.7578E+43  9.7008E+36  1.8639E+42
  1.9950E+01  2.6163E+43  2.4630E+43  6.9484E+36  1.5325E+42
  2.1130E+01  2.3027E+43  2.1769E+43  4.7775E+36  1.2585E+42
  2.2390E+01  2.0287E+43  1.9258E+43  3.2768E+36  1.0284E+42
  2.3710E+01  1.7882E+43  1.7041E+43  2.2408E+36  8.4011E+41
  2.5120E+01  1.5701E+43  1.5017E+43  1.5318E+36  6.8352E+41
  2.6610E+01  1.3708E+43  1.3153E+43  1.0404E+36  5.5541E+41
  2.8180E+01  1.1891E+43  1.1440E+43  7.0538E+35  4.5105E+41
  2.9850E+01  1.0211E+43  9.8456E+42  4.7547E+35  3.6544E+41
  3.1620E+01  8.6649E+42  8.3692E+42  3.1744E+35  2.9568E+41
  3.3500E+01  7.2562E+42  7.0173E+42  2.0978E+35  2.3886E+41
  3.5480E+01  6.0007E+42  5.8078E+42  1.3732E+35  1.9298E+41
  3.7580E+01  4.8924E+42  4.7366E+42  8.8818E+34  1.5575E+41
  3.9810E+01  3.9272E+42  3.8017E+42  5.6698E+34  1.2554E+41
  4.2170E+01  3.1111E+42  3.0099E+42  3.5755E+34  1.0114E+41
  4.4670E+01  2.4348E+42  2.3534E+42  2.2270E+34  8.1417E+40
  4.7320E+01  1.8854E+42  1.8199E+42  1.3725E+34  6.5479E+40
  5.0120E+01  1.4468E+42  1.3941E+42  8.3823E+33  5.2650E+40
  5.3090E+01  1.1006E+42  1.0583E+42  5.0761E+33  4.2290E+40
  5.6230E+01  8.3155E+41  7.9760E+41  3.0534E+33  3.3958E+40
  5.9570E+01  6.2377E+41  5.9655E+41  1.8238E+33  2.7223E+40
  6.3100E+01  4.6568E+41  4.4386E+41  1.0846E+33  2.1821E+40
  6.6830E+01  3.4626E+41  3.2877E+41  6.4274E+32  1.7489E+40
  7.0790E+01  2.5646E+41  2.4246E+41  3.7959E+32  1.4002E+40
  7.4990E+01  1.8929E+41  1.7809E+41  2.2357E+32  1.1201E+40
  7.9430E+01  1.3942E+41  1.3046E+41  1.3151E+32  8.9598E+39
  8.4140E+01  1.0246E+41  9.5298E+40  7.7241E+31  7.1614E+39
  8.9130E+01  7.5219E+40  6.9498E+40  4.5362E+31  5.7211E+39
  9.4410E+01  5.5174E+40  5.0604E+40  2.6644E+31  4.5699E+39
  1.0000E+02  4.0438E+40  3.6789E+40  1.5653E+31  3.6495E+39
  1.0590E+02  2.9658E+40  2.6743E+40  9.2132E+30  2.9155E+39
  1.1220E+02  2.1745E+40  1.9420E+40  5.4230E+30  2.3243E+39
  1.1890E+02  1.5975E+40  1.4124E+40  3.2006E+30  1.8509E+39
  1.2590E+02  1.1822E+40  1.0344E+40  1.9035E+30  1.4780E+39
  1.3340E+02  8.7769E+39  7.6000E+39  1.1371E+30  1.1769E+39
  1.4130E+02  6.4845E+39  5.5463E+39  6.8000E+29  9.3819E+38
  1.4960E+02  4.7176E+39  3.9685E+39  4.0210E+29  7.4910E+38
  1.5850E+02  3.4154E+39  2.8191E+39  2.3648E+29  5.9633E+38
  1.7780E+02  1.8164E+39  1.4377E+39  8.3020E+28  3.7869E+38
  1.9950E+02  9.7627E+38  7.3620E+38  2.9547E+28  2.4007E+38
  2.2390E+02  5.2888E+38  3.7690E+38  1.0639E+28  1.5197E+38
  2.5120E+02  2.8930E+38  1.9302E+38  3.8784E+27  9.6284E+37
  2.8180E+02  1.5974E+38  9.8743E+37  1.4297E+27  6.0997E+37
  3.1620E+02  8.8998E+37  5.0404E+37  5.3192E+26  3.8594E+37
  3.5480E+02  5.0108E+37  2.5698E+37  1.9972E+26  2.4409E+37
  3.9810E+02  2.8522E+37  1.3086E+37  7.5669E+25  1.5436E+37
  4.4670E+02  1.6412E+37  6.6550E+36  2.8888E+25  9.7573E+36
  5.0120E+02  9.5496E+36  3.3816E+36  1.1108E+25  6.1680E+36
  5.6230E+02  5.6169E+36  1.7173E+36  4.2968E+24  3.8996E+36
  6.3100E+02  3.3330E+36  8.7048E+35  1.6695E+24  2.4626E+36
  7.0790E+02  1.9979E+36  4.4132E+35  6.5219E+23  1.5566E+36
  7.9430E+02  1.2066E+36  2.2340E+35  2.5552E+23  9.8316E+35
  8.9130E+02  7.3369E+35  1.1296E+35  1.0039E+23  6.2072E+35
  1.0000E+03  4.4922E+35  5.7109E+34  3.9567E+22  3.9211E+35
