  1.0000E-03  8.7703E+44  0.0000E+00  4.1169E+41  8.7662E+44
  1.1220E-03  9.8411E+44  0.0000E+00  5.3437E+41  9.8357E+44
  1.2590E-03  1.1043E+45  0.0000E+00  6.5808E+41  1.1037E+45
  1.4130E-03  1.2395E+45  0.0000E+00  7.7432E+41  1.2387E+45
  1.5850E-03  1.3903E+45  0.0000E+00  8.7633E+41  1.3894E+45
  1.7780E-03  1.5597E+45  0.0000E+00  1.0640E+42  1.5586E+45
  1.9950E-03  1.7501E+45  0.0000E+00  1.2772E+42  1.7488E+45
  2.2390E-03  1.9641E+45  0.0000E+00  1.3558E+42  1.9627E+45
  2.5120E-03  2.2037E+45  0.0000E+00  1.7065E+42  2.2020E+45
  2.8180E-03  2.4722E+45  0.0000E+00  1.9914E+42  2.4702E+45
  3.1620E-03  2.7740E+45  0.0000E+00  2.1902E+42  2.7718E+45
  3.5480E-03  3.1126E+45  0.0000E+00  2.3378E+42  3.1103E+45
  3.9810E-03  3.4923E+45  0.0000E+00  2.4410E+42  3.4898E+45
  4.4670E-03  3.9212E+45  0.0000E+00  5.4004E+42  3.9158E+45
  5.0120E-03  4.3999E+45  0.0000E+00  6.2963E+42  4.3936E+45
  5.6230E-03  4.9362E+45  0.0000E+00  6.9874E+42  4.9292E+45
  5.9570E-03  5.2293E+45  0.0000E+00  7.2665E+42  5.2220E+45
  6.6830E-03  5.8663E+45  0.0000E+00  7.7424E+42  5.8585E+45
  7.4990E-03  6.5820E+45  0.0000E+00  8.1664E+42  6.5738E+45
  8.4140E-03  7.3845E+45  0.0000E+00  8.6381E+42  7.3758E+45
  9.4410E-03  8.2851E+45  0.0000E+00  8.9961E+42  8.2761E+45
  1.0590E-02  9.2923E+45  0.0000E+00  9.0416E+42  9.2833E+45
  1.1890E-02  1.0433E+46  0.0000E+00  9.8491E+42  1.0423E+46
  1.3340E-02  1.1704E+46  0.0000E+00  1.0237E+43  1.1694E+46
  1.4960E-02  1.3125E+46  0.0000E+00  1.0790E+43  1.3114E+46
  1.6790E-02  1.4730E+46  0.0000E+00  1.1278E+43  1.4718E+46
  1.8840E-02  1.6527E+46  0.0000E+00  1.1725E+43  1.6515E+46
  2.1130E-02  1.8536E+46  0.0000E+00  1.2384E+43  1.8524E+46
  2.3710E-02  2.0798E+46  0.0000E+00  1.3048E+43  2.0785E+46
  2.6610E-02  2.3340E+46  0.0000E+00  1.3745E+43  2.3326E+46
  2.9850E-02  2.6181E+46  7.3688E-83  1.4455E+43  2.6166E+46
  3.3500E-02  2.9382E+46  4.7633E-68  1.5179E+43  2.9367E+46
  3.7580E-02  3.2959E+46  5.9805E-55  1.6405E+43  3.2942E+46
  4.2170E-02  3.6987E+46  2.6250E-43  1.9655E+43  3.6967E+46
  4.7320E-02  4.1503E+46  7.1213E-33  2.0845E+43  4.1482E+46
  5.3090E-02  4.3233E+46  1.3181E-23  2.0744E+43  4.3212E+46
  6.6830E-02  4.1288E+46  5.1493E-08  1.9729E+43  4.1268E+46
  7.4990E-02  4.0348E+46  1.7702E-01  2.0014E+43  4.0328E+46
  8.4140E-02  3.9429E+46  9.2001E+04  1.8919E+43  3.9410E+46
  9.4410E-02  3.8531E+46  1.0971E+10  1.8316E+43  3.8513E+46
  1.0590E-01  3.5072E+46  3.0099E+14  1.6873E+43  3.5055E+46
  1.1890E-01  2.9481E+46  2.1798E+18  1.3929E+43  2.9467E+46
  1.3340E-01  2.4808E+46  4.2447E+21  1.2846E+43  2.4795E+46
  1.4960E-01  2.0890E+46  4.6633E+24  1.1482E+43  2.0878E+46
  1.5850E-01  1.9156E+46  1.3656E+26  1.0390E+43  1.9145E+46
  1.7780E-01  1.6122E+46  7.2060E+28  7.3984E+42  1.6114E+46
  1.9950E-01  1.3563E+46  2.2373E+31  4.5524E+42  1.3558E+46
  2.2390E-01  1.1407E+46  2.8293E+33  4.1664E+42  1.1403E+46
  2.3710E-01  1.0469E+46  1.8506E+34  4.2786E+42  1.0464E+46
  2.5120E-01  9.6001E+45  1.0316E+35  4.2411E+42  9.5958E+45
  2.6610E-01  8.8053E+45  5.4172E+35  4.0746E+42  8.8012E+45
  2.8180E-01  8.0799E+45  2.6250E+36  3.8450E+42  8.0761E+45
  2.9850E-01  7.4115E+45  1.1629E+37  3.6205E+42  7.4079E+45
  3.1620E-01  6.7981E+45  4.6355E+37  3.4334E+42  6.7947E+45
  3.3500E-01  6.2341E+45  1.6886E+38  3.2564E+42  6.2308E+45
  3.5480E-01  5.7196E+45  5.6392E+38  3.0799E+42  5.7165E+45
  3.7580E-01  5.2471E+45  1.7430E+39  2.9015E+42  5.2442E+45
  3.9810E-01  4.8125E+45  4.9634E+39  2.7398E+42  4.8097E+45
  4.2170E-01  4.4142E+45  1.2984E+40  2.5835E+42  4.4116E+45
  4.4670E-01  4.0491E+45  3.1476E+40  2.4429E+42  4.0466E+45
  4.7320E-01  3.7139E+45  7.1763E+40  2.3021E+42  3.7115E+45
  5.0120E-01  3.4071E+45  1.5430E+41  2.1590E+42  3.4048E+45
  5.3090E-01  3.1255E+45  3.1450E+41  2.0117E+42  3.1232E+45
  5.6230E-01  2.8676E+45  6.0703E+41  1.8726E+42  2.8651E+45
  5.9570E-01  2.6304E+45  1.1168E+42  1.7376E+42  2.6276E+45
  6.3100E-01  2.4139E+45  1.9561E+42  1.6057E+42  2.4103E+45
  6.6830E-01  2.2161E+45  3.2673E+42  1.4755E+42  2.2114E+45
  7.0790E-01  2.0350E+45  5.2234E+42  1.3533E+42  2.0284E+45
  7.4990E-01  1.8697E+45  8.0070E+42  1.2387E+42  1.8605E+45
  7.9430E-01  1.7195E+45  1.1777E+43  1.1301E+42  1.7066E+45
  8.4140E-01  1.5830E+45  1.6689E+43  1.0262E+42  1.5653E+45
  8.9130E-01  1.4595E+45  2.2825E+43  9.2586E+41  1.4357E+45
  9.4410E-01  1.3480E+45  3.0166E+43  8.3021E+41  1.3170E+45
  1.0000E+00  1.2475E+45  3.8612E+43  7.4013E+41  1.2081E+45
  1.0590E+00  1.1572E+45  4.7932E+43  6.5700E+41  1.1086E+45
  1.1220E+00  1.0752E+45  5.8036E+43  5.7915E+41  1.0165E+45
  1.1890E+00  1.0009E+45  6.8607E+43  5.0564E+41  9.3183E+44
  1.2590E+00  9.3455E+44  7.8915E+43  4.3586E+41  8.5520E+44
  1.3340E+00  8.7330E+44  8.8825E+43  3.7176E+41  7.8411E+44
  1.4130E+00  8.1717E+44  9.7583E+43  3.1508E+41  7.1927E+44
  1.4960E+00  7.6544E+44  1.0492E+44  2.6489E+41  6.6026E+44
  1.5850E+00  7.1663E+44  1.1097E+44  2.2004E+41  6.0543E+44
  1.6790E+00  6.7057E+44  1.1509E+44  1.8025E+41  5.5530E+44
  1.7780E+00  6.2674E+44  1.1703E+44  1.4529E+41  5.0957E+44
  1.8840E+00  5.8443E+44  1.1713E+44  1.1504E+41  4.6719E+44
  1.9950E+00  5.4416E+44  1.1532E+44  8.9600E+40  4.2875E+44
  2.1130E+00  5.0534E+44  1.1194E+44  6.8666E+40  3.9333E+44
  2.2390E+00  4.6779E+44  1.0713E+44  5.1848E+40  3.6061E+44
  2.3710E+00  4.3213E+44  1.0118E+44  3.8690E+40  3.3092E+44
  2.5120E+00  3.9799E+44  9.4519E+43  2.8583E+40  3.0344E+44
  2.6610E+00  3.6569E+44  8.7346E+43  2.0955E+40  2.7832E+44
  2.8180E+00  3.3527E+44  7.9869E+43  1.5268E+40  2.5538E+44
  2.9850E+00  3.0668E+44  7.2408E+43  1.1069E+40  2.3426E+44
  3.1620E+00  2.7996E+44  6.5086E+43  7.9944E+39  2.1487E+44
  3.3500E+00  2.5534E+44  5.8300E+43  5.7622E+39  1.9704E+44
  3.5480E+00  2.3263E+44  5.1853E+43  4.1460E+39  1.8078E+44
  3.7580E+00  2.1180E+44  4.5962E+43  2.9789E+39  1.6583E+44
  3.9810E+00  1.9271E+44  4.0616E+43  2.1384E+39  1.5210E+44
  4.2170E+00  1.7532E+44  3.5811E+43  1.5345E+39  1.3951E+44
  4.4670E+00  1.5949E+44  3.1530E+43  1.1008E+39  1.2796E+44
  4.7320E+00  1.4512E+44  2.7756E+43  7.8916E+38  1.1737E+44
  5.0120E+00  1.3237E+44  2.4457E+43  5.6682E+38  1.0791E+44
  5.3090E+00  1.1758E+44  2.1560E+43  3.9619E+38  9.6024E+43
  5.6230E+00  1.0385E+44  1.9048E+43  2.7492E+38  8.4805E+43
  5.9570E+00  9.1210E+43  1.6894E+43  1.8940E+38  7.4316E+43
  6.3100E+00  7.9628E+43  1.4918E+43  1.2944E+38  6.4710E+43
  6.6830E+00  6.9412E+43  1.3398E+43  8.8013E+37  5.6014E+43
  7.0790E+00  6.0169E+43  1.1979E+43  5.9154E+37  4.8190E+43
  7.4990E+00  5.2401E+43  1.1171E+43  3.9516E+37  4.1229E+43
  7.9430E+00  4.7680E+43  1.2571E+43  2.7684E+37  3.5109E+43
  8.4140E+00  4.6141E+43  1.6389E+43  2.1929E+37  2.9752E+43
  8.9130E+00  4.4970E+43  1.9866E+43  1.8609E+37  2.5104E+43
  9.4410E+00  4.3806E+43  2.2705E+43  1.7460E+37  2.1101E+43
  1.0000E+01  3.7067E+43  1.9396E+43  1.2598E+37  1.7671E+43
  1.0590E+01  3.0388E+43  1.5630E+43  8.5492E+36  1.4758E+43
  1.1220E+01  2.4295E+43  1.2028E+43  5.2808E+36  1.2267E+43
  1.1890E+01  1.9571E+43  9.4122E+42  3.2962E+36  1.0159E+43
  1.2590E+01  1.5863E+43  7.4511E+42  2.0272E+36  8.4119E+42
  1.3340E+01  1.2965E+43  6.0326E+42  1.2383E+36  6.9319E+42
  1.4130E+01  1.0906E+43  5.2006E+42  7.6290E+35  5.7050E+42
  1.4960E+01  9.7807E+42  5.0888E+42  5.1168E+35  4.6919E+42
  1.5850E+01  8.9915E+42  5.1501E+42  3.6517E+35  3.8414E+42
  1.6790E+01  8.3790E+42  5.2382E+42  2.7391E+35  3.1409E+42
  1.7780E+01  7.7630E+42  5.1967E+42  2.1026E+35  2.5663E+42
  1.8840E+01  7.0043E+42  4.9155E+42  1.5771E+35  2.0888E+42
  1.9950E+01  6.1415E+42  4.4402E+42  1.1177E+35  1.7013E+42
  2.1130E+01  5.3685E+42  3.9859E+42  7.6450E+34  1.3827E+42
  2.2390E+01  4.7288E+42  3.6085E+42  5.2382E+34  1.1203E+42
  2.3710E+01  4.1930E+42  3.2844E+42  3.5927E+34  9.0864E+41
  2.5120E+01  3.7235E+42  2.9887E+42  2.4715E+34  7.3479E+41
  2.6610E+01  3.3030E+42  2.7091E+42  1.6947E+34  5.9383E+41
  2.8180E+01  2.9210E+42  2.4410E+42  1.1628E+34  4.7994E+41
  2.9850E+01  2.5642E+42  2.1770E+42  7.9484E+33  3.8717E+41
  3.1620E+01  2.2285E+42  1.9165E+42  5.3907E+33  3.1199E+41
  3.3500E+01  1.9133E+42  1.6622E+42  3.6232E+33  2.5106E+41
  3.5480E+01  1.6225E+42  1.4204E+42  2.4139E+33  2.0210E+41
  3.7580E+01  1.3567E+42  1.1942E+42  1.5900E+33  1.6253E+41
  3.9810E+01  1.1171E+42  9.8655E+41  1.0346E+33  1.3054E+41
  4.2170E+01  9.0760E+41  8.0280E+41  6.6546E+32  1.0479E+41
  4.4670E+01  7.2837E+41  6.4430E+41  4.2303E+32  8.4074E+40
  4.7320E+01  5.7821E+41  5.1081E+41  2.6625E+32  6.7400E+40
  5.0120E+01  4.5474E+41  4.0070E+41  1.6617E+32  5.4034E+40
  5.3090E+01  3.5444E+41  3.1116E+41  1.0290E+32  4.3282E+40
  5.6230E+01  2.7432E+41  2.3965E+41  6.3334E+31  3.4667E+40
  5.9570E+01  2.1076E+41  1.8303E+41  3.8734E+31  2.7728E+40
  6.3100E+01  1.6111E+41  1.3893E+41  2.3598E+31  2.2180E+40
  6.6830E+01  1.2262E+41  1.0488E+41  1.4334E+31  1.7744E+40
  7.0790E+01  9.2954E+40  7.8771E+40  8.6812E+30  1.4183E+40
  7.4990E+01  7.0210E+40  5.8880E+40  5.2460E+30  1.1329E+40
  7.9430E+01  5.2907E+40  4.3856E+40  3.1674E+30  9.0505E+39
  8.4140E+01  3.9776E+40  3.2550E+40  1.9101E+30  7.2256E+39
  8.9130E+01  2.9867E+40  2.4101E+40  1.1520E+30  5.7665E+39
  9.4410E+01  2.2406E+40  1.7804E+40  6.9501E+29  4.6021E+39
  1.0000E+02  1.6795E+40  1.3122E+40  4.1948E+29  3.6722E+39
  1.0590E+02  1.2596E+40  9.6641E+39  2.5365E+29  2.9317E+39
  1.1220E+02  9.4423E+39  7.1065E+39  1.5334E+29  2.3358E+39
  1.1890E+02  7.0904E+39  5.2313E+39  9.2886E+28  1.8590E+39
  1.2590E+02  5.3594E+39  3.8755E+39  5.6634E+28  1.4838E+39
  1.3340E+02  4.0610E+39  2.8799E+39  3.4635E+28  1.1811E+39
  1.4130E+02  3.0645E+39  2.1234E+39  2.1228E+28  9.4117E+38
  1.4960E+02  2.2839E+39  1.5327E+39  1.2915E+28  7.5121E+38
  1.5850E+02  1.6956E+39  1.0978E+39  7.8187E+27  5.9781E+38
  1.7780E+02  9.4802E+38  5.6860E+38  2.8985E+27  3.7942E+38
  1.9950E+02  5.3572E+38  2.9529E+38  1.0850E+27  2.4043E+38
  2.2390E+02  3.0526E+38  1.5310E+38  4.0945E+26  1.5216E+38
  2.5120E+02  1.7567E+38  7.9294E+37  1.5585E+26  9.6376E+37
  2.8180E+02  1.0202E+38  4.0973E+37  5.9740E+25  6.1043E+37
  3.1620E+02  5.9719E+37  2.1102E+37  2.3017E+25  3.8617E+37
  3.5480E+02  3.5265E+37  1.0844E+37  8.9118E+24  2.4421E+37
  3.9810E+02  2.1003E+37  5.5611E+36  3.4678E+24  1.5442E+37
  4.4670E+02  1.2606E+37  2.8459E+36  1.3545E+24  9.7603E+36
  5.0120E+02  7.6236E+36  1.4541E+36  5.3102E+23  6.1695E+36
  5.6230E+02  4.6424E+36  7.4211E+35  2.0880E+23  3.9003E+36
  6.3100E+02  2.8408E+36  3.7781E+35  8.2233E+22  2.4629E+36
  7.0790E+02  1.7491E+36  1.9230E+35  3.2487E+22  1.5568E+36
  7.9430E+02  1.0809E+36  9.7678E+34  1.2846E+22  9.8325E+35
  8.9130E+02  6.7032E+35  4.9544E+34  5.0851E+21  6.2077E+35
  1.0000E+03  4.1725E+35  2.5115E+34  2.0166E+21  3.9214E+35
