  1.0000E-03  8.0337E+44  0.0000E+00  7.4610E+41  8.0262E+44
  1.1220E-03  8.8161E+44  0.0000E+00  9.5927E+41  8.8066E+44
  1.2590E-03  9.6614E+44  0.0000E+00  1.1774E+42  9.6496E+44
  1.4130E-03  1.0578E+45  0.0000E+00  1.3908E+42  1.0564E+45
  1.5850E-03  1.1616E+45  0.0000E+00  1.6012E+42  1.1600E+45
  1.7780E-03  1.2933E+45  0.0000E+00  2.0333E+42  1.2912E+45
  1.9950E-03  1.3924E+45  0.0000E+00  2.5037E+42  1.3899E+45
  2.2390E-03  1.5136E+45  0.0000E+00  2.7628E+42  1.5108E+45
  2.5120E-03  1.6743E+45  0.0000E+00  3.7371E+42  1.6705E+45
  2.8180E-03  1.7712E+45  0.0000E+00  4.5896E+42  1.7666E+45
  3.1620E-03  1.8853E+45  0.0000E+00  5.3389E+42  1.8799E+45
  3.5480E-03  2.0128E+45  0.0000E+00  6.0370E+42  2.0068E+45
  3.9810E-03  2.1586E+45  0.0000E+00  6.6639E+42  2.1519E+45
  4.4670E-03  2.9103E+45  0.0000E+00  8.5415E+42  2.9018E+45
  5.0120E-03  3.0646E+45  0.0000E+00  1.0953E+43  3.0536E+45
  5.6230E-03  3.2282E+45  0.0000E+00  1.3490E+43  3.2147E+45
  5.9570E-03  3.3183E+45  0.0000E+00  1.4770E+43  3.3036E+45
  6.6830E-03  3.5271E+45  0.0000E+00  1.7275E+43  3.5098E+45
  7.4990E-03  3.7910E+45  0.0000E+00  1.9856E+43  3.7712E+45
  8.4140E-03  4.0430E+45  0.0000E+00  2.2713E+43  4.0203E+45
  9.4410E-03  4.3537E+45  0.0000E+00  2.5350E+43  4.3284E+45
  1.0590E-02  4.7867E+45  0.0000E+00  2.6922E+43  4.7598E+45
  1.1890E-02  5.1333E+45  0.0000E+00  3.1576E+43  5.1017E+45
  1.3340E-02  5.5606E+45  0.0000E+00  3.4753E+43  5.5258E+45
  1.4960E-02  5.9677E+45  0.0000E+00  3.8915E+43  5.9288E+45
  1.6790E-02  6.4338E+45  0.0000E+00  4.2910E+43  6.3909E+45
  1.8840E-02  6.9685E+45  0.0000E+00  4.6698E+43  6.9218E+45
  2.1130E-02  7.5128E+45  0.0000E+00  5.1884E+43  7.4609E+45
  2.3710E-02  8.0898E+45  0.0000E+00  5.7143E+43  8.0327E+45
  2.6610E-02  8.6808E+45  0.0000E+00  6.2684E+43  8.6181E+45
  2.9850E-02  9.3159E+45  1.7252E-83  6.8282E+43  9.2476E+45
  3.3500E-02  9.9942E+45  1.0696E-68  7.3979E+43  9.9202E+45
  3.7580E-02  1.1078E+46  1.3286E-55  8.1017E+43  1.0997E+46
  4.2170E-02  1.1885E+46  5.5872E-44  9.6306E+43  1.1789E+46
  4.7320E-02  1.1983E+46  1.3720E-33  1.0370E+44  1.1879E+46
  5.3090E-02  1.0983E+46  2.2563E-24  1.0183E+44  1.0881E+46
  6.6830E-02  6.3415E+45  5.5657E-09  7.6749E+43  6.2647E+45
  7.4990E-02  4.4837E+45  1.4402E-02  5.7101E+43  4.4266E+45
  8.4140E-02  4.7499E+45  7.9946E+03  5.9047E+43  4.6909E+45
  9.4410E-02  4.9121E+45  1.0024E+09  6.1727E+43  4.8504E+45
  1.0590E-01  5.6141E+45  3.3687E+13  7.0949E+43  5.5432E+45
  1.1890E-01  6.1025E+45  3.0472E+17  7.1396E+43  6.0311E+45
  1.3340E-01  6.1875E+45  6.9689E+20  6.8068E+43  6.1195E+45
  1.4960E-01  5.8749E+45  8.6065E+23  5.9083E+43  5.8159E+45
  1.5850E-01  5.5066E+45  2.5816E+25  5.4677E+43  5.4519E+45
  1.7780E-01  4.4655E+45  1.3252E+28  4.6553E+43  4.4189E+45
  1.9950E-01  3.0241E+45  3.3922E+30  3.3043E+43  2.9911E+45
  2.2390E-01  2.2285E+45  3.8252E+32  2.4733E+43  2.2038E+45
  2.3710E-01  2.3986E+45  2.8892E+33  2.6106E+43  2.3725E+45
  2.5120E-01  2.5963E+45  1.8767E+34  2.6408E+43  2.5699E+45
  2.6610E-01  2.6638E+45  1.0955E+35  2.5161E+43  2.6386E+45
  2.8180E-01  2.6501E+45  5.7379E+35  2.3232E+43  2.6268E+45
  2.9850E-01  2.5909E+45  2.7053E+36  2.1265E+43  2.5696E+45
  3.1620E-01  2.5163E+45  1.1412E+37  1.9455E+43  2.4969E+45
  3.3500E-01  2.4318E+45  4.3826E+37  1.7743E+43  2.4141E+45
  3.5480E-01  2.3384E+45  1.5356E+38  1.6123E+43  2.3222E+45
  3.7580E-01  2.2465E+45  4.9786E+38  1.4576E+43  2.2319E+45
  3.9810E-01  2.1490E+45  1.4817E+39  1.3192E+43  2.1358E+45
  4.2170E-01  2.0623E+45  4.0658E+39  1.1869E+43  2.0504E+45
  4.4670E-01  1.9759E+45  1.0327E+40  1.0692E+43  1.9652E+45
  4.7320E-01  1.8909E+45  2.4656E+40  9.5957E+42  1.8812E+45
  5.0120E-01  1.8071E+45  5.5465E+40  8.5772E+42  1.7984E+45
  5.3090E-01  1.7272E+45  1.1838E+41  7.6197E+42  1.7194E+45
  5.6230E-01  1.6455E+45  2.3861E+41  6.7765E+42  1.6385E+45
  5.9570E-01  1.5641E+45  4.5786E+41  6.0164E+42  1.5577E+45
  6.3100E-01  1.4861E+45  8.3653E+41  5.3230E+42  1.4799E+45
  6.6830E-01  1.4111E+45  1.4578E+42  4.6891E+42  1.4050E+45
  7.0790E-01  1.3384E+45  2.4316E+42  4.1241E+42  1.3318E+45
  7.4990E-01  1.2670E+45  3.8858E+42  3.6242E+42  1.2595E+45
  7.9430E-01  1.1990E+45  5.9618E+42  3.1743E+42  1.1898E+45
  8.4140E-01  1.1343E+45  8.8212E+42  2.7685E+42  1.1227E+45
  8.9130E-01  1.0744E+45  1.2630E+43  2.3973E+42  1.0594E+45
  9.4410E-01  1.0179E+45  1.7496E+43  2.0668E+42  9.9832E+44
  1.0000E+00  9.6399E+44  2.3493E+43  1.7768E+42  9.3872E+44
  1.0590E+00  9.1340E+44  3.0637E+43  1.5247E+42  8.8124E+44
  1.1220E+00  8.6585E+44  3.9066E+43  1.3022E+42  8.2548E+44
  1.1890E+00  8.2192E+44  4.8785E+43  1.1047E+42  7.7203E+44
  1.2590E+00  7.8264E+44  5.9467E+43  9.2867E+41  7.2225E+44
  1.3340E+00  7.4593E+44  7.1196E+43  7.7629E+41  6.7396E+44
  1.4130E+00  7.1207E+44  8.3422E+43  6.4865E+41  6.2799E+44
  1.4960E+00  6.8115E+44  9.5950E+43  5.4080E+41  5.8466E+44
  1.5850E+00  6.5256E+44  1.0903E+44  4.4808E+41  5.4308E+44
  1.6790E+00  6.2639E+44  1.2194E+44  3.6825E+41  5.0408E+44
  1.7780E+00  6.0216E+44  1.3420E+44  2.9948E+41  4.6766E+44
  1.8840E+00  5.7931E+44  1.4601E+44  2.4064E+41  4.3306E+44
  1.9950E+00  5.5783E+44  1.5662E+44  1.9111E+41  4.0102E+44
  2.1130E+00  5.3710E+44  1.6609E+44  1.5004E+41  3.7086E+44
  2.2390E+00  5.1664E+44  1.7410E+44  1.1652E+41  3.4242E+44
  2.3710E+00  4.9646E+44  1.8019E+44  8.9667E+40  3.1618E+44
  2.5120E+00  4.7623E+44  1.8466E+44  6.8480E+40  2.9150E+44
  2.6610E+00  4.5587E+44  1.8719E+44  5.1966E+40  2.6862E+44
  2.8180E+00  4.3512E+44  1.8760E+44  3.9193E+40  2.4749E+44
  2.9850E+00  4.1406E+44  1.8620E+44  2.9408E+40  2.2782E+44
  3.1620E+00  3.9259E+44  1.8296E+44  2.1957E+40  2.0961E+44
  3.3500E+00  3.7142E+44  1.7868E+44  1.6345E+40  1.9273E+44
  3.5480E+00  3.4979E+44  1.7255E+44  1.2108E+40  1.7724E+44
  3.7580E+00  3.2831E+44  1.6538E+44  8.9336E+39  1.6292E+44
  3.9810E+00  3.0707E+44  1.5737E+44  6.5666E+39  1.4969E+44
  4.2170E+00  2.8615E+44  1.4862E+44  4.8086E+39  1.3752E+44
  4.4670E+00  2.6569E+44  1.3937E+44  3.5073E+39  1.2632E+44
  4.7320E+00  2.4603E+44  1.3003E+44  2.5488E+39  1.1600E+44
  5.0120E+00  2.2756E+44  1.2078E+44  1.8489E+39  1.0677E+44
  5.3090E+00  2.0682E+44  1.1172E+44  1.3163E+39  9.5097E+43
  5.6230E+00  1.8713E+44  1.0308E+44  9.3134E+38  8.4054E+43
  5.9570E+00  1.6874E+44  9.5030E+43  6.5544E+38  7.3708E+43
  6.3100E+00  1.5099E+44  8.6770E+43  4.5674E+38  6.4219E+43
  6.6830E+00  1.3540E+44  7.9785E+43  3.1769E+38  5.5617E+43
  7.0790E+00  1.2051E+44  7.2642E+43  2.1791E+38  4.7871E+43
  7.4990E+00  1.1169E+44  7.0745E+43  1.5404E+38  4.0949E+43
  7.9430E+00  1.2588E+44  9.1119E+43  1.3381E+38  3.4761E+43
  8.4140E+00  1.6263E+44  1.3338E+44  1.4334E+38  2.9252E+43
  8.9130E+00  1.9188E+44  1.6737E+44  1.4961E+38  2.4505E+43
  9.4410E+00  2.1182E+44  1.9136E+44  1.6198E+38  2.0454E+43
  1.0000E+01  1.7633E+44  1.5915E+44  1.1519E+38  1.7185E+43
  1.0590E+01  1.3820E+44  1.2378E+44  7.4615E+37  1.4420E+43
  1.1220E+01  1.0257E+44  9.0518E+43  4.2536E+37  1.2049E+43
  1.1890E+01  7.6979E+43  6.6962E+43  2.4595E+37  1.0017E+43
  1.2590E+01  5.7723E+43  4.9403E+43  1.3906E+37  8.3196E+42
  1.3340E+01  4.3846E+43  3.6975E+43  7.8482E+36  6.8716E+42
  1.4130E+01  3.5395E+43  2.9733E+43  4.6287E+36  5.6620E+42
  1.4960E+01  3.2962E+43  2.8308E+43  3.2538E+36  4.6539E+42
  1.5850E+01  3.1816E+43  2.8010E+43  2.4762E+36  3.8059E+42
  1.6790E+01  3.0795E+43  2.7687E+43  1.9656E+36  3.1079E+42
  1.7780E+01  2.8853E+43  2.6316E+43  1.5553E+36  2.5372E+42
  1.8840E+01  2.5434E+43  2.3369E+43  1.1601E+36  2.0651E+42
  1.9950E+01  2.1118E+43  1.9435E+43  7.9072E+35  1.6836E+42
  2.1130E+01  1.7294E+43  1.5924E+43  5.1479E+35  1.3697E+42
  2.2390E+01  1.4247E+43  1.3136E+43  3.3583E+35  1.1107E+42
  2.3710E+01  1.1800E+43  1.0898E+43  2.1923E+35  9.0151E+41
  2.5120E+01  9.7810E+42  9.0515E+42  1.4357E+35  7.2946E+41
  2.6610E+01  8.0960E+42  7.5061E+42  9.3689E+34  5.8985E+41
  2.8180E+01  6.6908E+42  6.2139E+42  6.1237E+34  4.7695E+41
  2.9850E+01  5.4988E+42  5.1139E+42  3.9922E+34  3.8492E+41
  3.1620E+01  4.4837E+42  4.1734E+42  2.5848E+34  3.1030E+41
  3.3500E+01  3.6225E+42  3.3728E+42  1.6614E+34  2.4980E+41
  3.5480E+01  2.9023E+42  2.7011E+42  1.0611E+34  2.0116E+41
  3.7580E+01  2.2997E+42  2.1378E+42  6.7108E+33  1.6183E+41
  3.9810E+01  1.7984E+42  1.6684E+42  4.1957E+33  1.3002E+41
  4.2170E+01  1.3915E+42  1.2871E+42  2.5964E+33  1.0442E+41
  4.4670E+01  1.0663E+42  9.8247E+41  1.5899E+33  8.3800E+40
  4.7320E+01  8.1027E+41  7.4307E+41  9.6515E+32  6.7202E+40
  5.0120E+01  6.1159E+41  5.5770E+41  5.8177E+32  5.3892E+40
  5.3090E+01  4.5861E+41  4.1543E+41  3.4837E+32  4.3180E+40
  5.6230E+01  3.4232E+41  3.0772E+41  2.0761E+32  3.4595E+40
  5.9570E+01  2.5416E+41  2.2649E+41  1.2308E+32  2.7676E+40
  6.3100E+01  1.8819E+41  1.6605E+41  7.2775E+31  2.2144E+40
  6.6830E+01  1.3905E+41  1.2133E+41  4.2953E+31  1.7718E+40
  7.0790E+01  1.0252E+41  8.8359E+40  2.5307E+31  1.4165E+40
  7.4990E+01  7.5467E+40  6.4151E+40  1.4894E+31  1.1316E+40
  7.9430E+01  5.5533E+40  4.6491E+40  8.7679E+30  9.0412E+39
  8.4140E+01  4.0844E+40  3.3625E+40  5.1611E+30  7.2190E+39
  8.9130E+01  3.0059E+40  2.4297E+40  3.0419E+30  5.7619E+39
  9.4410E+01  2.2139E+40  1.7540E+40  1.7954E+30  4.5988E+39
  1.0000E+02  1.6320E+40  1.2650E+40  1.0612E+30  3.6699E+39
  1.0590E+02  1.2057E+40  9.1274E+39  6.2915E+29  2.9300E+39
  1.1220E+02  8.9160E+39  6.5814E+39  3.7330E+29  2.3346E+39
  1.1890E+02  6.6121E+39  4.7539E+39  2.2217E+29  1.8582E+39
  1.2590E+02  4.9414E+39  3.4581E+39  1.3326E+29  1.4832E+39
  1.3340E+02  3.7041E+39  2.5235E+39  8.0250E+28  1.1807E+39
  1.4130E+02  2.7717E+39  1.8308E+39  4.8478E+28  9.4087E+38
  1.4960E+02  2.0561E+39  1.3051E+39  2.9090E+28  7.5100E+38
  1.5850E+02  1.5216E+39  9.2389E+38  1.7382E+28  5.9766E+38
  1.7780E+02  8.4715E+38  4.6780E+38  6.2935E+27  3.7934E+38
  1.9950E+02  4.7831E+38  2.3791E+38  2.3090E+27  2.4040E+38
  2.2390E+02  2.7319E+38  1.2105E+38  8.5660E+26  1.5214E+38
  2.5120E+02  1.5802E+38  6.1653E+37  3.2143E+26  9.6366E+37
  2.8180E+02  9.2426E+37  3.1387E+37  1.2177E+26  6.1038E+37
  3.1620E+02  5.4568E+37  1.5953E+37  4.6462E+25  3.8615E+37
  3.5480E+02  3.2523E+37  8.1029E+36  1.7849E+25  2.4420E+37
  3.9810E+02  1.9554E+37  4.1122E+36  6.9012E+24  1.5441E+37
  4.4670E+02  1.1845E+37  2.0850E+36  2.6819E+24  9.7600E+36
  5.0120E+02  7.2259E+36  1.0566E+36  1.0471E+24  6.1693E+36
  5.6230E+02  4.4356E+36  5.3531E+35  4.1041E+23  3.9003E+36
  6.3100E+02  2.7337E+36  2.7076E+35  1.6122E+23  2.4629E+36
  7.0790E+02  1.6938E+36  1.3701E+35  6.3564E+22  1.5568E+36
  7.9430E+02  1.0525E+36  6.9235E+34  2.5094E+22  9.8324E+35
  8.9130E+02  6.5572E+35  3.4955E+34  9.9210E+21  6.2077E+35
  1.0000E+03  4.0978E+35  1.7647E+34  3.9305E+21  3.9213E+35
