  1.0000E-03  8.1333E+44  0.0000E+00  6.2120E+41  8.1271E+44
  1.1220E-03  8.9536E+44  0.0000E+00  8.2442E+41  8.9453E+44
  1.2590E-03  9.8447E+44  0.0000E+00  1.0435E+42  9.8343E+44
  1.4130E-03  1.0816E+45  0.0000E+00  1.2695E+42  1.0803E+45
  1.5850E-03  1.1912E+45  0.0000E+00  1.4977E+42  1.1897E+45
  1.7780E-03  1.3272E+45  0.0000E+00  1.9271E+42  1.3253E+45
  1.9950E-03  1.4373E+45  0.0000E+00  2.4597E+42  1.4348E+45
  2.2390E-03  1.5691E+45  0.0000E+00  2.7876E+42  1.5663E+45
  2.5120E-03  1.7386E+45  0.0000E+00  3.8312E+42  1.7348E+45
  2.8180E-03  1.8545E+45  0.0000E+00  4.8489E+42  1.8496E+45
  3.1620E-03  1.9886E+45  0.0000E+00  5.7598E+42  1.9828E+45
  3.5480E-03  2.1379E+45  0.0000E+00  6.6127E+42  2.1313E+45
  3.9810E-03  2.3072E+45  0.0000E+00  7.3775E+42  2.2998E+45
  4.4670E-03  3.0388E+45  0.0000E+00  8.3852E+42  3.0304E+45
  5.0120E-03  3.2277E+45  0.0000E+00  1.1152E+43  3.2165E+45
  5.6230E-03  3.4293E+45  0.0000E+00  1.4134E+43  3.4151E+45
  5.9570E-03  3.5394E+45  0.0000E+00  1.5659E+43  3.5238E+45
  6.6830E-03  3.7897E+45  0.0000E+00  1.8666E+43  3.7710E+45
  7.4990E-03  4.0967E+45  0.0000E+00  2.1794E+43  4.0749E+45
  8.4140E-03  4.3992E+45  0.0000E+00  2.5250E+43  4.3740E+45
  9.4410E-03  4.7634E+45  0.0000E+00  2.8507E+43  4.7349E+45
  1.0590E-02  5.2496E+45  0.0000E+00  3.0661E+43  5.2189E+45
  1.1890E-02  5.6651E+45  0.0000E+00  3.6274E+43  5.6288E+45
  1.3340E-02  6.1651E+45  0.0000E+00  4.0320E+43  6.1248E+45
  1.4960E-02  6.6560E+45  0.0000E+00  4.5540E+43  6.6105E+45
  1.6790E-02  7.2145E+45  0.0000E+00  5.0668E+43  7.1638E+45
  1.8840E-02  7.8504E+45  0.0000E+00  5.5676E+43  7.7947E+45
  2.1130E-02  8.5084E+45  0.0000E+00  6.2412E+43  8.4459E+45
  2.3710E-02  9.2123E+45  0.0000E+00  6.9359E+43  9.1430E+45
  2.6610E-02  9.9448E+45  0.0000E+00  7.6789E+43  9.8681E+45
  2.9850E-02  1.0735E+46  8.2732E-84  8.4496E+43  1.0651E+46
  3.3500E-02  1.1586E+46  5.1782E-69  9.2526E+43  1.1494E+46
  3.7580E-02  1.2863E+46  6.4421E-56  1.0137E+44  1.2762E+46
  4.2170E-02  1.3886E+46  2.7340E-44  1.2179E+44  1.3764E+46
  4.7320E-02  1.4199E+46  6.8607E-34  1.3507E+44  1.4064E+46
  5.3090E-02  1.3237E+46  1.1555E-24  1.3730E+44  1.3100E+46
  6.6830E-02  8.1818E+45  3.0826E-09  1.1645E+44  8.0654E+45
  7.4990E-02  6.0402E+45  8.3664E-03  9.5871E+43  5.9444E+45
  8.4140E-02  6.3315E+45  4.6204E+03  9.5797E+43  6.2357E+45
  9.4410E-02  6.5008E+45  5.7538E+08  9.7430E+43  6.4034E+45
  1.0590E-01  7.2125E+45  1.8732E+13  1.0265E+44  7.1098E+45
  1.1890E-01  7.5796E+45  1.6149E+17  9.4256E+43  7.4853E+45
  1.3340E-01  7.5007E+45  3.5322E+20  8.4026E+43  7.4167E+45
  1.4960E-01  7.0127E+45  4.2237E+23  6.9358E+43  6.9434E+45
  1.5850E-01  6.5542E+45  1.2584E+25  6.3713E+43  6.4904E+45
  1.7780E-01  5.3370E+45  6.5340E+27  5.6187E+43  5.2808E+45
  1.9950E-01  3.7146E+45  1.7636E+30  4.4226E+43  3.6703E+45
  2.2390E-01  2.7825E+45  2.0638E+32  3.5690E+43  2.7468E+45
  2.3710E-01  2.9318E+45  1.5138E+33  3.6181E+43  2.8956E+45
  2.5120E-01  3.1036E+45  9.5018E+33  3.5145E+43  3.0684E+45
  2.6610E-01  3.1366E+45  5.4132E+34  3.2659E+43  3.1039E+45
  2.8180E-01  3.0863E+45  2.7851E+35  2.9693E+43  3.0566E+45
  2.9850E-01  2.9912E+45  1.2942E+36  2.6880E+43  2.9644E+45
  3.1620E-01  2.8825E+45  5.3875E+36  2.4365E+43  2.8582E+45
  3.3500E-01  2.7658E+45  2.0433E+37  2.2045E+43  2.7437E+45
  3.5480E-01  2.6424E+45  7.0783E+37  1.9898E+43  2.6225E+45
  3.7580E-01  2.5224E+45  2.2694E+38  1.7889E+43  2.5045E+45
  3.9810E-01  2.3991E+45  6.6832E+38  1.6101E+43  2.3830E+45
  4.2170E-01  2.2879E+45  1.8133E+39  1.4410E+43  2.2734E+45
  4.4670E-01  2.1788E+45  4.5548E+39  1.2907E+43  2.1659E+45
  4.7320E-01  2.0728E+45  1.0756E+40  1.1516E+43  2.0613E+45
  5.0120E-01  1.9697E+45  2.3937E+40  1.0233E+43  1.9595E+45
  5.3090E-01  1.8719E+45  5.0547E+40  9.0343E+42  1.8628E+45
  5.6230E-01  1.7739E+45  1.0087E+41  7.9803E+42  1.7659E+45
  5.9570E-01  1.6777E+45  1.9175E+41  7.0328E+42  1.6705E+45
  6.3100E-01  1.5860E+45  3.4720E+41  6.1707E+42  1.5795E+45
  6.6830E-01  1.4985E+45  5.9994E+41  5.3855E+42  1.4925E+45
  7.0790E-01  1.4141E+45  9.9278E+41  4.6854E+42  1.4085E+45
  7.4990E-01  1.3321E+45  1.5755E+42  4.0671E+42  1.3265E+45
  7.9430E-01  1.2540E+45  2.4022E+42  3.5117E+42  1.2481E+45
  8.4140E-01  1.1797E+45  3.5355E+42  3.0133E+42  1.1732E+45
  8.9130E-01  1.1104E+45  5.0381E+42  2.5596E+42  1.1028E+45
  9.4410E-01  1.0445E+45  6.9547E+42  2.1597E+42  1.0354E+45
  1.0000E+00  9.8152E+44  9.3203E+42  1.8138E+42  9.7038E+44
  1.0590E+00  9.2185E+44  1.2149E+43  1.5174E+42  9.0818E+44
  1.1220E+00  8.6508E+44  1.5506E+43  1.2602E+42  8.4831E+44
  1.1890E+00  8.1172E+44  1.9408E+43  1.0369E+42  7.9127E+44
  1.2590E+00  7.6296E+44  2.3737E+43  8.4328E+41  7.3838E+44
  1.3340E+00  7.1665E+44  2.8560E+43  6.8076E+41  6.8741E+44
  1.4130E+00  6.7344E+44  3.3683E+43  5.4909E+41  6.3921E+44
  1.4960E+00  6.3349E+44  3.9044E+43  4.4174E+41  5.9400E+44
  1.5850E+00  5.9595E+44  4.4771E+43  3.5285E+41  5.5082E+44
  1.6790E+00  5.6132E+44  5.0570E+43  2.7950E+41  5.1047E+44
  1.7780E+00  5.2938E+44  5.6244E+43  2.1919E+41  4.7291E+44
  1.8840E+00  4.9942E+44  6.1895E+43  1.6991E+41  4.3736E+44
  1.9950E+00  4.7184E+44  6.7183E+43  1.3040E+41  4.0452E+44
  2.1130E+00  4.4593E+44  7.2130E+43  9.9084E+40  3.7371E+44
  2.2390E+00  4.2140E+44  7.6588E+43  7.4637E+40  3.4474E+44
  2.3710E+00  3.9842E+44  8.0306E+43  5.5866E+40  3.1806E+44
  2.5120E+00  3.7649E+44  8.3418E+43  4.1599E+40  2.9303E+44
  2.6610E+00  3.5563E+44  8.5732E+43  3.0866E+40  2.6987E+44
  2.8180E+00  3.3565E+44  8.7120E+43  2.2831E+40  2.4850E+44
  2.9850E+00  3.1639E+44  8.7715E+43  1.6846E+40  2.2866E+44
  3.1620E+00  2.9776E+44  8.7456E+43  1.2402E+40  2.1029E+44
  3.3500E+00  2.8000E+44  8.6708E+43  9.1236E+39  1.9328E+44
  3.5480E+00  2.6273E+44  8.5025E+43  6.6980E+39  1.7770E+44
  3.7580E+00  2.4611E+44  8.2807E+43  4.9090E+39  1.6330E+44
  3.9810E+00  2.3014E+44  8.0130E+43  3.5922E+39  1.5001E+44
  4.2170E+00  2.1481E+44  7.7027E+43  2.6247E+39  1.3778E+44
  4.4670E+00  2.0014E+44  7.3604E+43  1.9144E+39  1.2653E+44
  4.7320E+00  1.8625E+44  7.0072E+43  1.3938E+39  1.1618E+44
  5.0120E+00  1.7344E+44  6.6518E+43  1.0152E+39  1.0692E+44
  5.3090E+00  1.5820E+44  6.2981E+43  7.2320E+38  9.5220E+43
  5.6230E+00  1.4373E+44  5.9581E+43  5.1228E+38  8.4153E+43
  5.9570E+00  1.3022E+44  5.6428E+43  3.6113E+38  7.3788E+43
  6.3100E+00  1.1725E+44  5.2970E+43  2.5249E+38  6.4284E+43
  6.6830E+00  1.0588E+44  5.0212E+43  1.7626E+38  5.5670E+43
  7.0790E+00  9.5081E+43  4.7167E+43  1.2158E+38  4.7914E+43
  7.4990E+00  8.8480E+43  4.7492E+43  8.5837E+37  4.0987E+43
  7.9430E+00  9.8180E+43  6.3370E+43  7.2475E+37  3.4810E+43
  8.4140E+00  1.2571E+44  9.6388E+43  7.5875E+37  2.9323E+43
  8.9130E+00  1.5049E+44  1.2590E+44  7.9694E+37  2.4591E+43
  9.4410E+00  1.7054E+44  1.5000E+44  8.8082E+37  2.0547E+43
  1.0000E+01  1.4560E+44  1.2835E+44  6.3793E+37  1.7255E+43
  1.0590E+01  1.1718E+44  1.0271E+44  4.2137E+37  1.4469E+43
  1.1220E+01  8.9587E+43  7.7507E+43  2.4592E+37  1.2080E+43
  1.1890E+01  6.9454E+43  5.9417E+43  1.4610E+37  1.0037E+43
  1.2590E+01  5.3947E+43  4.5615E+43  8.5178E+36  8.3328E+42
  1.3340E+01  4.2539E+43  3.5659E+43  4.9689E+36  6.8802E+42
  1.4130E+01  3.5646E+43  2.9978E+43  3.0257E+36  5.6682E+42
  1.4960E+01  3.4388E+43  2.9729E+43  2.1837E+36  4.6593E+42
  1.5850E+01  3.4468E+43  3.0657E+43  1.7092E+36  3.8110E+42
  1.6790E+01  3.4723E+43  3.1611E+43  1.3995E+36  3.1126E+42
  1.7780E+01  3.3906E+43  3.1365E+43  1.1450E+36  2.5414E+42
  1.8840E+01  3.1168E+43  2.9100E+43  8.8439E+35  2.0685E+42
  1.9950E+01  2.6957E+43  2.5271E+43  6.2401E+35  1.6861E+42
  2.1130E+01  2.2983E+43  2.1612E+43  4.2057E+35  1.3715E+42
  2.2390E+01  1.9706E+43  1.8594E+43  2.8400E+35  1.1121E+42
  2.3710E+01  1.6962E+43  1.6060E+43  1.9172E+35  9.0252E+41
  2.5120E+01  1.4597E+43  1.3867E+43  1.2973E+35  7.3021E+41
  2.6610E+01  1.2521E+43  1.1930E+43  8.7337E+34  5.9041E+41
  2.8180E+01  1.0702E+43  1.0225E+43  5.8791E+34  4.7737E+41
  2.9850E+01  9.0801E+42  8.6949E+42  3.9404E+34  3.8524E+41
  3.1620E+01  7.6287E+42  7.3182E+42  2.6180E+34  3.1053E+41
  3.3500E+01  6.3383E+42  6.0883E+42  1.7234E+34  2.4997E+41
  3.5480E+01  5.2110E+42  5.0097E+42  1.1248E+34  2.0129E+41
  3.7580E+01  4.2291E+42  4.0672E+42  7.2557E+33  1.6192E+41
  3.9810E+01  3.3812E+42  3.2511E+42  4.6183E+33  1.3009E+41
  4.2170E+01  2.6698E+42  2.5653E+42  2.9041E+33  1.0447E+41
  4.4670E+01  2.0840E+42  2.0001E+42  1.8038E+33  8.3838E+40
  4.7320E+01  1.6105E+42  1.5433E+42  1.1088E+33  6.7230E+40
  5.0120E+01  1.2342E+42  1.1803E+42  6.7568E+32  5.3911E+40
  5.3090E+01  9.3824E+41  8.9505E+41  4.0841E+32  4.3194E+40
  5.6230E+01  7.0887E+41  6.7427E+41  2.4530E+32  3.4605E+40
  5.9570E+01  5.3198E+41  5.0430E+41  1.4634E+32  2.7683E+40
  6.3100E+01  3.9752E+41  3.7537E+41  8.6945E+31  2.2149E+40
  6.6830E+01  2.9594E+41  2.7822E+41  5.1482E+31  1.7722E+40
  7.0790E+01  2.1955E+41  2.0538E+41  3.0386E+31  1.4167E+40
  7.4990E+01  1.6235E+41  1.5103E+41  1.7887E+31  1.1318E+40
  7.9430E+01  1.1982E+41  1.1078E+41  1.0517E+31  9.0425E+39
  8.4140E+01  8.8257E+40  8.1037E+40  6.1737E+30  7.2199E+39
  8.9130E+01  6.4947E+40  5.9184E+40  3.6237E+30  5.7625E+39
  9.4410E+01  4.7754E+40  4.3154E+40  2.1268E+30  4.5993E+39
  1.0000E+02  3.5086E+40  3.1416E+40  1.2483E+30  3.6702E+39
  1.0590E+02  2.5796E+40  2.2866E+40  7.3394E+29  2.9302E+39
  1.1220E+02  1.8957E+40  1.6622E+40  4.3142E+29  2.3347E+39
  1.1890E+02  1.3954E+40  1.2096E+40  2.5416E+29  1.8583E+39
  1.2590E+02  1.0337E+40  8.8539E+39  1.5078E+29  1.4833E+39
  1.3340E+02  7.6752E+39  6.4945E+39  8.9793E+28  1.1807E+39
  1.4130E+02  5.6791E+39  4.7382E+39  5.3561E+28  9.4091E+38
  1.4960E+02  4.1537E+39  3.4026E+39  3.1649E+28  7.5103E+38
  1.5850E+02  3.0239E+39  2.4262E+39  1.8594E+28  5.9768E+38
  1.7780E+02  1.6222E+39  1.2428E+39  6.4991E+27  3.7936E+38
  1.9950E+02  8.7851E+38  6.3811E+38  2.2997E+27  2.4040E+38
  2.2390E+02  4.7948E+38  3.2734E+38  8.2275E+26  1.5214E+38
  2.5120E+02  2.6428E+38  1.6791E+38  2.9793E+26  9.6368E+37
  2.8180E+02  1.4706E+38  8.6018E+37  1.0908E+26  6.1039E+37
  3.1620E+02  8.2576E+37  4.3961E+37  4.0319E+25  3.8615E+37
  3.5480E+02  4.6856E+37  2.2436E+37  1.5044E+25  2.4420E+37
  3.9810E+02  2.6876E+37  1.1435E+37  5.6670E+24  1.5441E+37
  4.4670E+02  1.5579E+37  5.8192E+36  2.1522E+24  9.7600E+36
  5.0120E+02  9.1279E+36  2.9585E+36  8.2366E+23  6.1693E+36
  5.6230E+02  5.4034E+36  1.5031E+36  3.1733E+23  3.9003E+36
  6.3100E+02  3.2251E+36  7.6215E+35  1.2286E+23  2.4629E+36
  7.0790E+02  1.9433E+36  3.8649E+35  4.7854E+22  1.5568E+36
  7.9430E+02  1.1789E+36  1.9567E+35  1.8702E+22  9.8324E+35
  8.9130E+02  7.1972E+35  9.8952E+34  7.3320E+21  6.2077E+35
  1.0000E+03  4.4216E+35  5.0028E+34  2.8849E+21  3.9213E+35
