  1.0000E-03  8.9106E+43  0.0000E+00  4.4598E+43  4.4509E+43
  1.1220E-03  5.3347E+43  0.0000E+00  2.9875E+43  2.3471E+43
  1.2590E-03  3.0464E+43  0.0000E+00  1.8680E+43  1.1784E+43
  1.4130E-03  1.6888E+43  0.0000E+00  1.1186E+43  5.7021E+42
  1.5850E-03  1.0538E+43  0.0000E+00  7.4245E+42  3.1137E+42
  1.7780E-03  1.1288E+43  0.0000E+00  8.5995E+42  2.6884E+42
  1.9950E-03  5.0298E+42  0.0000E+00  4.2883E+42  7.4152E+41
  2.2390E-03  2.6387E+42  0.0000E+00  2.3566E+42  2.8210E+41
  2.5120E-03  3.1363E+42  0.0000E+00  2.9429E+42  1.9335E+41
  2.8180E-03  1.4060E+42  0.0000E+00  1.3765E+42  2.9489E+40
  3.1620E-03  7.2246E+41  0.0000E+00  7.1694E+41  5.5112E+39
  3.5480E-03  3.9901E+41  0.0000E+00  3.9786E+41  1.1439E+39
  3.9810E-03  2.3606E+41  0.0000E+00  2.3578E+41  2.7751E+38
  4.4670E-03  5.6182E+42  0.0000E+00  5.4613E+42  1.5690E+41
  5.0120E-03  2.8861E+42  0.0000E+00  2.8659E+42  2.0126E+40
  5.6230E-03  1.6018E+42  0.0000E+00  1.5991E+42  2.6240E+39
  5.9570E-03  1.2286E+42  0.0000E+00  1.2276E+42  9.9263E+38
  6.6830E-03  7.8199E+41  0.0000E+00  7.8181E+41  1.7652E+38
  7.4990E-03  5.7148E+41  0.0000E+00  5.7143E+41  4.5650E+37
  8.4140E-03  3.8987E+41  0.0000E+00  3.8986E+41  9.0834E+36
  9.4410E-03  2.8518E+41  0.0000E+00  2.8518E+41  2.5182E+36
  1.0590E-02  2.3155E+41  0.0000E+00  2.3155E+41  1.4422E+36
  1.1890E-02  1.8804E+41  0.0000E+00  1.8804E+41  3.3676E+35
  1.3340E-02  1.4670E+41  0.0000E+00  1.4670E+41  1.1481E+35
  1.4960E-02  1.1155E+41  0.0000E+00  1.1155E+41  2.8855E+34
  1.6790E-02  8.5375E+40  0.0000E+00  8.5375E+40  8.2658E+33
  1.8840E-02  6.6636E+40  0.0000E+00  6.6636E+40  2.7998E+33
  2.1130E-02  5.3271E+40  0.0000E+00  5.3271E+40  8.1846E+32
  2.3710E-02  4.1457E+40  0.0000E+00  4.1457E+40  2.2688E+32
  2.6610E-02  3.1298E+40  0.0000E+00  3.1298E+40  5.5518E+31
  2.9850E-02  2.3564E+40  0.0000E+00  2.3564E+40  1.3865E+31
  3.3500E-02  1.7528E+40  2.4537E-83  1.7528E+40  3.3755E+30
  3.7580E-02  1.6953E+40  2.0531E-70  1.6953E+40  2.5349E+30
  4.2170E-02  1.6127E+40  1.8975E-59  1.6127E+40  6.0582E+29
  4.7320E-02  7.9687E+39  1.3227E-50  7.9687E+39  1.7810E+28
  5.3090E-02  3.1408E+39  3.1043E-43  3.1408E+39  2.3905E+26
  6.6830E-02  8.2948E+37  4.3120E-35  8.2948E+37  8.3801E+18
  7.4990E-02  7.3214E+36  2.5666E-33  7.3214E+36  1.4055E+14
  8.4140E-02  1.2423E+37  1.9831E-26  1.2423E+37  2.1335E+15
  9.4410E-02  1.9110E+37  1.5254E-20  1.9110E+37  1.4121E+16
  1.0590E-01  1.0528E+38  8.5536E-13  1.0528E+38  2.8481E+19
  1.1890E-01  5.9185E+38  3.9097E-05  5.9185E+38  1.4855E+23
  1.3340E-01  2.0682E+39  4.6658E+01  2.0682E+39  7.0559E+25
  1.4960E-01  3.9093E+39  3.2155E+06  3.9093E+39  3.5811E+27
  1.5850E-01  4.1794E+39  1.9908E+08  4.1794E+39  6.9257E+27
  1.7780E-01  2.8553E+39  2.8557E+10  2.8553E+39  1.6193E+27
  1.9950E-01  4.1938E+38  5.3007E+09  4.1938E+38  8.5989E+23
  2.2390E-01  1.2695E+38  7.2221E+09  1.2695E+38  8.1494E+21
  2.3710E-01  4.3586E+38  1.0687E+13  4.3586E+38  1.6617E+24
  2.5120E-01  1.4637E+39  1.7343E+16  1.4637E+39  4.2665E+26
  2.6610E-01  3.1141E+39  4.2803E+18  3.1141E+39  1.7807E+28
  2.8180E-01  5.0865E+39  3.3491E+20  5.0865E+39  2.5734E+29
  2.9850E-01  7.3411E+39  1.3347E+22  7.3411E+39  2.0801E+30
  3.1620E-01  1.0235E+40  3.8140E+23  1.0235E+40  1.3426E+31
  3.3500E-01  1.3844E+40  8.4523E+24  1.3844E+40  7.3679E+31
  3.5480E-01  1.7982E+40  1.4207E+26  1.7982E+40  3.3558E+32
  3.7580E-01  2.3202E+40  2.1470E+27  2.3202E+40  1.4859E+33
  3.9810E-01  2.9379E+40  2.6017E+28  2.9379E+40  5.7326E+33
  4.2170E-01  3.8164E+40  3.2189E+29  3.8164E+40  2.4564E+34
  4.4670E-01  4.9752E+40  3.4843E+30  4.9752E+40  9.9424E+34
  4.7320E-01  6.4697E+40  3.4153E+31  6.4697E+40  3.8767E+35
  5.0120E-01  8.3567E+40  2.9928E+32  8.3565E+40  1.4340E+36
  5.3090E-01  1.0882E+41  2.5003E+33  1.0882E+41  5.3342E+36
  5.6230E-01  1.4019E+41  1.7627E+34  1.4017E+41  1.7701E+37
  5.9570E-01  1.7992E+41  1.1042E+35  1.7987E+41  5.4765E+37
  6.3100E-01  2.3228E+41  6.3967E+35  2.3211E+41  1.6465E+38
  6.6830E-01  3.0146E+41  3.4246E+36  3.0098E+41  4.7981E+38
  7.0790E-01  3.9483E+41  1.6793E+37  3.9348E+41  1.3376E+39
  7.4990E-01  5.1605E+41  7.3147E+37  5.1252E+41  3.4553E+39
  7.9430E-01  6.7972E+41  2.9347E+38  6.7086E+41  8.5659E+39
  8.4140E-01  9.0712E+41  1.0965E+39  8.8551E+41  2.0517E+40
  8.9130E-01  1.2477E+42  3.9533E+39  1.1947E+42  4.9067E+40
  9.4410E-01  1.7512E+42  1.3149E+40  1.6261E+42  1.1197E+41
  1.0000E+00  2.4809E+42  3.9319E+40  2.2045E+42  2.3703E+41
  1.0590E+00  3.5671E+42  1.0694E+41  2.9899E+42  4.7031E+41
  1.1220E+00  5.2220E+42  2.7021E+41  4.0648E+42  8.8696E+41
  1.1890E+00  7.7726E+42  6.4011E+41  5.5297E+42  1.6028E+42
  1.2590E+00  1.1769E+43  1.4341E+42  7.5228E+42  2.8122E+42
  1.3340E+00  1.7761E+43  2.9879E+42  1.0097E+43  4.6753E+42
  1.4130E+00  2.6197E+43  5.7033E+42  1.3205E+43  7.2881E+42
  1.4960E+00  3.7717E+43  1.0126E+43  1.6805E+43  1.0786E+43
  1.5850E+00  5.3128E+43  1.7009E+43  2.0815E+43  1.5303E+43
  1.6790E+00  7.3177E+43  2.7144E+43  2.5035E+43  2.0998E+43
  1.7780E+00  9.8215E+43  4.1216E+43  2.9086E+43  2.7913E+43
  1.8840E+00  1.2812E+44  5.9730E+43  3.2518E+43  3.5873E+43
  1.9950E+00  1.6197E+44  8.2465E+43  3.4864E+43  4.4638E+43
  2.1130E+00  1.9827E+44  1.0872E+44  3.5825E+43  5.3718E+43
  2.2390E+00  2.3495E+44  1.3706E+44  3.5300E+43  6.2596E+43
  2.3710E+00  2.6976E+44  1.6550E+44  3.3407E+43  7.0857E+43
  2.5120E+00  3.0082E+44  1.9234E+44  3.0492E+43  7.7982E+43
  2.6610E+00  3.2652E+44  2.1579E+44  2.6931E+43  8.3802E+43
  2.8180E+00  3.4584E+44  2.3450E+44  2.3094E+43  8.8249E+43
  2.9850E+00  3.5844E+44  2.4790E+44  1.9301E+43  9.1234E+43
  3.1620E+00  3.6437E+44  2.5570E+44  1.5770E+43  9.2900E+43
  3.3500E+00  3.6431E+44  2.5849E+44  1.2638E+43  9.3188E+43
  3.5480E+00  3.5886E+44  2.5633E+44  9.9568E+42  9.2575E+43
  3.7580E+00  3.4900E+44  2.5023E+44  7.7279E+42  9.1040E+43
  3.9810E+00  3.3559E+44  2.4092E+44  5.9197E+42  8.8753E+43
  4.2170E+00  3.1955E+44  2.2917E+44  4.4835E+42  8.5905E+43
  4.4670E+00  3.0174E+44  2.1575E+44  3.3620E+42  8.2630E+43
  4.7320E+00  2.8291E+44  2.0141E+44  2.4978E+42  7.9007E+43
  5.0120E+00  2.6391E+44  1.8674E+44  1.8428E+42  7.5330E+43
  5.3090E+00  2.4257E+44  1.7206E+44  1.3374E+42  6.9178E+43
  5.6230E+00  2.2157E+44  1.5784E+44  9.6205E+41  6.2771E+43
  5.9570E+00  2.0134E+44  1.4438E+44  6.8661E+41  5.6275E+43
  6.3100E+00  1.8162E+44  1.3111E+44  4.8502E+41  5.0020E+43
  6.6830E+00  1.6427E+44  1.1988E+44  3.4210E+41  4.4047E+43
  7.0790E+00  1.4766E+44  1.0892E+44  2.3812E+41  3.8497E+43
  7.4990E+00  1.3339E+44  1.0048E+44  1.6416E+41  3.2748E+43
  7.9430E+00  1.2378E+44  9.8592E+43  1.1520E+41  2.5068E+43
  8.4140E+00  1.1267E+44  9.5807E+43  8.3487E+40  1.6776E+43
  8.9130E+00  9.7472E+43  8.6304E+43  6.1545E+40  1.1106E+43
  9.4410E+00  8.1922E+43  7.4495E+43  4.9063E+40  7.3773E+42
  1.0000E+01  7.6878E+43  6.9943E+43  3.9774E+40  6.8954E+42
  1.0590E+01  7.2389E+43  6.5608E+43  3.1588E+40  6.7498E+42
  1.1220E+01  6.7125E+43  6.0411E+43  2.3110E+40  6.6909E+42
  1.1890E+01  6.0260E+43  5.3943E+43  1.6344E+40  6.3010E+42
  1.2590E+01  5.3640E+43  4.7835E+43  1.1195E+40  5.7944E+42
  1.3340E+01  4.7343E+43  4.2175E+43  7.4661E+39  5.1601E+42
  1.4130E+01  4.2218E+43  3.7792E+43  4.9111E+39  4.4205E+42
  1.4960E+01  3.9047E+43  3.5481E+43  3.4077E+39  3.5627E+42
  1.5850E+01  3.6635E+43  3.3824E+43  2.4915E+39  2.8077E+42
  1.6790E+01  3.4625E+43  3.2424E+43  1.9045E+39  2.1986E+42
  1.7780E+01  3.2694E+43  3.0948E+43  1.5020E+39  1.7438E+42
  1.8840E+01  3.0561E+43  2.9140E+43  1.1852E+39  1.4203E+42
  1.9950E+01  2.8173E+43  2.6978E+43  9.0452E+38  1.1940E+42
  2.1130E+01  2.5810E+43  2.4804E+43  6.6657E+38  1.0049E+42
  2.2390E+01  2.3590E+43  2.2752E+43  4.8800E+38  8.3779E+41
  2.3710E+01  2.1506E+43  2.0809E+43  3.5473E+38  6.9610E+41
  2.5120E+01  1.9464E+43  1.8889E+43  2.5655E+38  5.7452E+41
  2.6610E+01  1.7468E+43  1.6995E+43  1.8357E+38  4.7286E+41
  2.8180E+01  1.5523E+43  1.5134E+43  1.3042E+38  3.8837E+41
  2.9850E+01  1.3616E+43  1.3298E+43  9.1669E+37  3.1789E+41
  3.1620E+01  1.1771E+43  1.1511E+43  6.3533E+37  2.5971E+41
  3.3500E+01  1.0017E+43  9.8054E+42  4.3390E+37  2.1174E+41
  3.5480E+01  8.3978E+42  8.2252E+42  2.9220E+37  1.7256E+41
  3.7580E+01  6.9285E+42  6.7880E+42  1.9375E+37  1.4046E+41
  3.9810E+01  5.6214E+42  5.5072E+42  1.2648E+37  1.1421E+41
  4.2170E+01  4.4957E+42  4.4029E+42  8.1355E+36  9.2793E+40
  4.4670E+01  3.5485E+42  3.4732E+42  5.1559E+36  7.5311E+40
  4.7320E+01  2.7687E+42  2.7076E+42  3.2260E+36  6.1037E+40
  5.0120E+01  2.1389E+42  2.0894E+42  1.9960E+36  4.9433E+40
  5.3090E+01  1.6366E+42  1.5966E+42  1.2220E+36  3.9972E+40
  5.6230E+01  1.2429E+42  1.2106E+42  7.4165E+35  3.2293E+40
  5.9570E+01  9.3652E+41  9.1049E+41  4.4617E+35  2.6032E+40
  6.3100E+01  7.0184E+41  6.8087E+41  2.6675E+35  2.0971E+40
  6.6830E+01  5.2355E+41  5.0666E+41  1.5864E+35  1.6884E+40
  7.0790E+01  3.8882E+41  3.7524E+41  9.3872E+34  1.3572E+40
  7.4990E+01  2.8761E+41  2.7672E+41  5.5306E+34  1.0896E+40
  7.9430E+01  2.1219E+41  2.0345E+41  3.2491E+34  8.7430E+39
  8.4140E+01  1.5613E+41  1.4912E+41  1.9028E+34  7.0077E+39
  8.9130E+01  1.1470E+41  1.0909E+41  1.1126E+34  5.6121E+39
  9.4410E+01  8.4163E+40  7.9671E+40  6.4967E+33  4.4927E+39
  1.0000E+02  6.1678E+40  5.8083E+40  3.7886E+33  3.5947E+39
  1.0590E+02  4.5212E+40  4.2335E+40  2.2104E+33  2.8766E+39
  1.1220E+02  3.3121E+40  3.0824E+40  1.2883E+33  2.2967E+39
  1.1890E+02  2.4311E+40  2.2480E+40  7.5236E+32  1.8312E+39
  1.2590E+02  1.7977E+40  1.6513E+40  4.4274E+32  1.4639E+39
  1.3340E+02  1.3343E+40  1.2176E+40  2.6186E+32  1.1668E+39
  1.4130E+02  9.8402E+39  8.9093E+39  1.5450E+32  9.3095E+38
  1.4960E+02  7.1223E+39  6.3783E+39  8.9447E+31  7.4400E+38
  1.5850E+02  5.1252E+39  4.5325E+39  5.1371E+31  5.9275E+38
  1.7780E+02  2.6924E+39  2.3155E+39  1.7174E+31  3.7691E+38
  1.9950E+02  1.4275E+39  1.1883E+39  5.8027E+30  2.3918E+38
  2.2390E+02  7.6123E+38  6.0970E+38  1.9763E+30  1.5153E+38
  2.5120E+02  4.0892E+38  3.1287E+38  6.7929E+29  9.6060E+37
  2.8180E+02  2.2123E+38  1.6034E+38  2.3561E+29  6.0884E+37
  3.1620E+02  1.2052E+38  8.1981E+37  8.2427E+28  3.8537E+37
  3.5480E+02  6.6240E+37  4.1859E+37  2.9124E+28  2.4381E+37
  3.9810E+02  3.6765E+37  2.1344E+37  1.0404E+28  1.5422E+37
  4.4670E+02  2.0618E+37  1.0868E+37  3.7574E+27  9.7501E+36
  5.0120E+02  1.1693E+37  5.5282E+36  1.3722E+27  6.1644E+36
  5.6230E+02  6.7080E+36  2.8102E+36  5.0660E+26  3.8978E+36
  6.3100E+02  3.8874E+36  1.4258E+36  1.8879E+26  2.4616E+36
  7.0790E+02  2.2796E+36  7.2345E+35  7.1097E+25  1.5561E+36
  7.9430E+02  1.3494E+36  3.6649E+35  2.6985E+25  9.8292E+35
  8.9130E+02  8.0606E+35  1.8545E+35  1.0318E+25  6.2061E+35
  1.0000E+03  4.8587E+35  9.3814E+34  3.9744E+24  3.9205E+35
