  1.0000E-03  5.6439E+44  0.0000E+00  6.1592E+42  5.5823E+44
  1.1220E-03  5.6589E+44  0.0000E+00  7.1515E+42  5.5873E+44
  1.2590E-03  5.6314E+44  0.0000E+00  7.9170E+42  5.5522E+44
  1.4130E-03  5.5725E+44  0.0000E+00  8.4180E+42  5.4884E+44
  1.5850E-03  5.6130E+44  0.0000E+00  8.7957E+42  5.5250E+44
  1.7780E-03  6.0713E+44  0.0000E+00  1.0497E+43  5.9663E+44
  1.9950E-03  5.5279E+44  0.0000E+00  1.1027E+43  5.4176E+44
  2.2390E-03  5.2745E+44  0.0000E+00  1.0582E+43  5.1687E+44
  2.5120E-03  5.5241E+44  0.0000E+00  1.3078E+43  5.3933E+44
  2.8180E-03  4.6071E+44  0.0000E+00  1.3065E+43  4.4764E+44
  3.1620E-03  3.9584E+44  0.0000E+00  1.2574E+43  3.8326E+44
  3.5480E-03  3.4527E+44  0.0000E+00  1.1893E+43  3.3337E+44
  3.9810E-03  3.0802E+44  0.0000E+00  1.1177E+43  2.9685E+44
  4.4670E-03  8.7883E+44  0.0000E+00  3.7768E+43  8.4106E+44
  5.0120E-03  7.1845E+44  0.0000E+00  3.7194E+43  6.8125E+44
  5.6230E-03  5.8838E+44  0.0000E+00  3.5143E+43  5.5324E+44
  5.9570E-03  5.3603E+44  0.0000E+00  3.3866E+43  5.0216E+44
  6.6830E-03  4.5879E+44  0.0000E+00  3.1470E+43  4.2732E+44
  7.4990E-03  4.1468E+44  0.0000E+00  2.9737E+43  3.8494E+44
  8.4140E-03  3.6071E+44  0.0000E+00  2.7631E+43  3.3308E+44
  9.4410E-03  3.2886E+44  0.0000E+00  2.5777E+43  3.0308E+44
  1.0590E-02  3.3197E+44  0.0000E+00  2.4088E+43  3.0788E+44
  1.1890E-02  2.9660E+44  0.0000E+00  2.3571E+43  2.7303E+44
  1.3340E-02  2.7845E+44  0.0000E+00  2.2136E+43  2.5632E+44
  1.4960E-02  2.5037E+44  0.0000E+00  2.0739E+43  2.2964E+44
  1.6790E-02  2.2931E+44  0.0000E+00  1.9292E+43  2.1002E+44
  1.8840E-02  2.1491E+44  0.0000E+00  1.7902E+43  1.9701E+44
  2.1130E-02  1.9748E+44  0.0000E+00  1.6835E+43  1.8064E+44
  2.3710E-02  1.7998E+44  0.0000E+00  1.5614E+43  1.6437E+44
  2.6610E-02  1.6106E+44  0.0000E+00  1.4262E+43  1.4680E+44
  2.9850E-02  1.4440E+44  4.6980E-85  1.2908E+43  1.3149E+44
  3.3500E-02  1.2895E+44  2.3877E-70  1.1572E+43  1.1738E+44
  3.7580E-02  1.3612E+44  2.8192E-57  1.2195E+43  1.2392E+44
  4.2170E-02  1.2242E+44  9.7194E-46  1.2114E+43  1.1031E+44
  4.7320E-02  8.0080E+43  1.4966E-35  8.2712E+42  7.1809E+43
  5.3090E-02  4.3817E+43  1.4189E-26  4.8016E+42  3.9015E+43
  6.6830E-02  3.4676E+42  4.1857E-12  6.0825E+41  2.8593E+42
  7.4990E-02  6.9732E+41  2.8287E-06  1.5586E+41  5.4146E+41
  8.4140E-02  1.0070E+42  2.1795E+00  2.1125E+41  7.9578E+41
  9.4410E-02  1.3096E+42  3.4143E+05  2.7685E+41  1.0328E+42
  1.0590E-01  3.7387E+42  2.9093E+10  7.7550E+41  2.9632E+42
  1.1890E-01  1.1423E+43  7.9091E+14  2.2604E+42  9.1627E+42
  1.3340E-01  2.4753E+43  4.1319E+18  4.9281E+42  1.9825E+43
  1.4960E-01  3.8370E+43  8.6611E+21  7.6699E+42  3.0701E+43
  1.5850E-01  3.9296E+43  2.8529E+23  7.8258E+42  3.1471E+43
  1.7780E-01  2.6994E+43  1.2234E+26  4.9928E+42  2.2001E+43
  1.9950E-01  7.3684E+42  1.2056E+28  1.1576E+42  6.2108E+42
  2.2390E-01  3.1197E+42  7.6367E+29  4.2562E+41  2.6941E+42
  2.3710E-01  6.3783E+42  1.1373E+31  8.2319E+41  5.5551E+42
  2.5120E-01  1.3434E+43  1.5137E+32  1.5856E+42  1.1849E+43
  2.6610E-01  2.1599E+43  1.4427E+33  2.3377E+42  1.9261E+43
  2.8180E-01  2.9666E+43  1.0784E+34  2.9339E+42  2.6732E+43
  2.9850E-01  3.7415E+43  6.7403E+34  3.4156E+42  3.4000E+43
  3.1620E-01  4.5686E+43  3.6632E+35  3.8755E+42  4.1811E+43
  3.3500E-01  5.4477E+43  1.7751E+36  4.3029E+42  5.0174E+43
  3.5480E-01  6.3235E+43  7.6607E+36  4.6589E+42  5.8576E+43
  3.7580E-01  7.3087E+43  3.0477E+37  4.9783E+42  6.8108E+43
  3.9810E-01  8.2811E+43  1.0938E+38  5.2671E+42  7.7544E+43
  4.2170E-01  9.5299E+43  3.6701E+38  5.5808E+42  8.9718E+43
  4.4670E-01  1.0882E+44  1.1319E+39  5.9023E+42  1.0291E+44
  4.7320E-01  1.2358E+44  3.2661E+39  6.1937E+42  1.1738E+44
  5.0120E-01  1.3930E+44  8.8181E+39  6.4359E+42  1.3285E+44
  5.3090E-01  1.5716E+44  2.2602E+40  6.6371E+42  1.5050E+44
  5.6230E-01  1.7442E+44  5.3882E+40  6.7857E+42  1.6758E+44
  5.9570E-01  1.9159E+44  1.2110E+41  6.8820E+42  1.8459E+44
  6.3100E-01  2.0969E+44  2.5803E+41  6.9391E+42  2.0249E+44
  6.6830E-01  2.2859E+44  5.2174E+41  6.9450E+42  2.2112E+44
  7.0790E-01  2.4773E+44  1.0030E+42  6.9288E+42  2.3980E+44
  7.4990E-01  2.6575E+44  1.8262E+42  6.8779E+42  2.5704E+44
  7.9430E-01  2.8380E+44  3.1705E+42  6.8025E+42  2.7383E+44
  8.4140E-01  3.0214E+44  5.2746E+42  6.6977E+42  2.9016E+44
  8.9130E-01  3.2244E+44  8.4752E+42  6.5749E+42  3.0739E+44
  9.4410E-01  3.4283E+44  1.3060E+43  6.4149E+42  3.2336E+44
  1.0000E+00  3.6181E+44  1.9251E+43  6.2102E+42  3.3635E+44
  1.0590E+00  3.7975E+44  2.7232E+43  5.9810E+42  3.4654E+44
  1.1220E+00  3.9708E+44  3.7275E+43  5.7238E+42  3.5408E+44
  1.1890E+00  4.1429E+44  4.9497E+43  5.4312E+42  3.5936E+44
  1.2590E+00  4.3224E+44  6.3694E+43  5.0958E+42  3.6345E+44
  1.3340E+00  4.4858E+44  7.9534E+43  4.7267E+42  3.6432E+44
  1.4130E+00  4.6208E+44  9.5915E+43  4.3405E+42  3.6182E+44
  1.4960E+00  4.7299E+44  1.1228E+44  3.9419E+42  3.5677E+44
  1.5850E+00  4.8130E+44  1.2852E+44  3.5313E+42  3.4924E+44
  1.6790E+00  4.8695E+44  1.4361E+44  3.1135E+42  3.4023E+44
  1.7780E+00  4.8942E+44  1.5671E+44  2.6943E+42  3.3002E+44
  1.8840E+00  4.8817E+44  1.6764E+44  2.2846E+42  3.1825E+44
  1.9950E+00  4.8326E+44  1.7569E+44  1.8980E+42  3.0567E+44
  2.1130E+00  4.7438E+44  1.8080E+44  1.5453E+42  2.9203E+44
  2.2390E+00  4.6152E+44  1.8277E+44  1.2340E+42  2.7751E+44
  2.3710E+00  4.4546E+44  1.8171E+44  9.6883E+41  2.6278E+44
  2.5120E+00  4.2655E+44  1.7817E+44  7.4955E+41  2.4763E+44
  2.6610E+00  4.0554E+44  1.7239E+44  5.7273E+41  2.3257E+44
  2.8180E+00  3.8301E+44  1.6473E+44  4.3288E+41  2.1784E+44
  2.9850E+00  3.5958E+44  1.5582E+44  3.2424E+41  2.0343E+44
  3.1620E+00  3.3574E+44  1.4597E+44  2.4100E+41  1.8953E+44
  3.3500E+00  3.1236E+44  1.3603E+44  1.7820E+41  1.7615E+44
  3.5480E+00  2.8939E+44  1.2572E+44  1.3107E+41  1.6354E+44
  3.7580E+00  2.6731E+44  1.1562E+44  9.5999E+40  1.5159E+44
  3.9810E+00  2.4623E+44  1.0585E+44  7.0061E+40  1.4031E+44
  4.2170E+00  2.2632E+44  9.6538E+43  5.0988E+40  1.2974E+44
  4.4670E+00  2.0765E+44  8.7764E+43  3.7012E+40  1.1985E+44
  4.7320E+00  1.9029E+44  7.9651E+43  2.6799E+40  1.1061E+44
  5.0120E+00  1.7451E+44  7.2234E+43  1.9399E+40  1.0225E+44
  5.3090E+00  1.5688E+44  6.5454E+43  1.3753E+40  9.1417E+43
  5.6230E+00  1.4043E+44  5.9357E+43  9.6891E+39  8.1063E+43
  5.9570E+00  1.2524E+44  5.3950E+43  6.7873E+39  7.1279E+43
  6.3100E+00  1.1106E+44  4.8795E+43  4.7164E+39  6.2256E+43
  6.6830E+00  9.8714E+43  4.4683E+43  3.2724E+39  5.4028E+43
  7.0790E+00  8.7315E+43  4.0722E+43  2.2445E+39  4.6591E+43
  7.4990E+00  7.8395E+43  3.8569E+43  1.5430E+39  3.9824E+43
  7.9430E+00  7.6372E+43  4.3006E+43  1.1510E+39  3.3366E+43
  8.4140E+00  8.0470E+43  5.3194E+43  9.8776E+38  2.7275E+43
  8.9130E+00  8.2687E+43  6.0508E+43  8.8364E+38  2.2178E+43
  9.4410E+00  8.2816E+43  6.4831E+43  8.5650E+38  1.7984E+43
  1.0000E+01  7.1522E+43  5.6207E+43  6.3872E+38  1.5315E+43
  1.0590E+01  5.9871E+43  4.6767E+43  4.4837E+38  1.3103E+43
  1.1220E+01  4.8905E+43  3.7717E+43  2.8595E+38  1.1188E+43
  1.1890E+01  4.0292E+43  3.0844E+43  1.8377E+38  9.4482E+42
  1.2590E+01  3.3614E+43  2.5665E+43  1.1673E+38  7.9491E+42
  1.3340E+01  2.8513E+43  2.1884E+43  7.4024E+37  6.6284E+42
  1.4130E+01  2.5158E+43  1.9669E+43  4.7770E+37  5.4885E+42
  1.4960E+01  2.3884E+43  1.9384E+43  3.4012E+37  4.5000E+42
  1.5850E+01  2.3291E+43  1.9628E+43  2.5906E+37  3.6629E+42
  1.6790E+01  2.3016E+43  2.0040E+43  2.0761E+37  2.9753E+42
  1.7780E+01  2.2675E+43  2.0255E+43  1.7066E+37  2.4201E+42
  1.8840E+01  2.1979E+43  2.0009E+43  1.3821E+37  1.9699E+42
  1.9950E+01  2.0954E+43  1.9341E+43  1.0678E+37  1.6123E+42
  2.1130E+01  2.0061E+43  1.8744E+43  8.0131E+36  1.3173E+42
  2.2390E+01  1.9406E+43  1.8334E+43  6.0439E+36  1.0720E+42
  2.3710E+01  1.8887E+43  1.8014E+43  4.5642E+36  8.7268E+41
  2.5120E+01  1.8383E+43  1.7675E+43  3.4545E+36  7.0792E+41
  2.6610E+01  1.7815E+43  1.7241E+43  2.5988E+36  5.7371E+41
  2.8180E+01  1.7129E+43  1.6664E+43  1.9470E+36  4.6482E+41
  2.9850E+01  1.6271E+43  1.5895E+43  1.4459E+36  3.7581E+41
  3.1620E+01  1.5224E+43  1.4920E+43  1.0592E+36  3.0346E+41
  3.3500E+01  1.3999E+43  1.3755E+43  7.6424E+35  2.4468E+41
  3.5480E+01  1.2644E+43  1.2447E+43  5.4286E+35  1.9734E+41
  3.7580E+01  1.1208E+43  1.1049E+43  3.7905E+35  1.5899E+41
  3.9810E+01  9.7432E+42  9.6153E+42  2.6006E+35  1.2793E+41
  4.2170E+01  8.3223E+42  8.2194E+42  1.7543E+35  1.0289E+41
  4.4670E+01  6.9941E+42  6.9114E+42  1.1637E+35  8.2690E+40
  4.7320E+01  5.7926E+42  5.7262E+42  7.6058E+34  6.6400E+40
  5.0120E+01  4.7349E+42  4.6816E+42  4.9055E+34  5.3314E+40
  5.3090E+01  3.8222E+42  3.7795E+42  3.1247E+34  4.2766E+40
  5.6230E+01  3.0531E+42  3.0188E+42  1.9692E+34  3.4299E+40
  5.9570E+01  2.4132E+42  2.3858E+42  1.2279E+34  2.7465E+40
  6.3100E+01  1.8916E+42  1.8696E+42  7.5946E+33  2.1994E+40
  6.6830E+01  1.4717E+42  1.4541E+42  4.6632E+33  1.7612E+40
  7.0790E+01  1.1371E+42  1.1230E+42  2.8437E+33  1.4089E+40
  7.4990E+01  8.7282E+41  8.6156E+41  1.7235E+33  1.1263E+40
  7.9430E+01  6.6647E+41  6.5747E+41  1.0396E+33  9.0035E+39
  8.4140E+01  5.0634E+41  4.9915E+41  6.2395E+32  7.1923E+39
  8.9130E+01  3.8321E+41  3.7746E+41  3.7323E+32  5.7430E+39
  9.4410E+01  2.8897E+41  2.8439E+41  2.2254E+32  4.5854E+39
  1.0000E+02  2.1714E+41  2.1348E+41  1.3227E+32  3.6604E+39
  1.0590E+02  1.6285E+41  1.5992E+41  7.8507E+31  2.9233E+39
  1.1220E+02  1.2183E+41  1.1950E+41  4.6480E+31  2.3298E+39
  1.1890E+02  9.1155E+40  8.9300E+40  2.7533E+31  1.8548E+39
  1.2590E+02  6.8566E+40  6.7085E+40  1.6406E+31  1.4808E+39
  1.3340E+02  5.1700E+40  5.0521E+40  9.8155E+30  1.1789E+39
  1.4130E+02  3.8641E+40  3.7701E+40  5.8448E+30  9.3963E+38
  1.4960E+02  2.8249E+40  2.7499E+40  3.4036E+30  7.5012E+38
  1.5850E+02  2.0491E+40  1.9894E+40  1.9623E+30  5.9704E+38
  1.7780E+02  1.0875E+40  1.0496E+40  6.5772E+29  3.7904E+38
  1.9950E+02  5.7808E+39  5.5406E+39  2.2129E+29  2.4025E+38
  2.2390E+02  3.0663E+39  2.9142E+39  7.4506E+28  1.5206E+38
  2.5120E+02  1.6246E+39  1.5283E+39  2.5129E+28  9.6328E+37
  2.8180E+02  8.5934E+38  7.9832E+38  8.4886E+27  6.1019E+37
  3.1620E+02  4.5370E+38  4.1510E+38  2.8718E+27  3.8605E+37
  3.5480E+02  2.3953E+38  2.1511E+38  9.7477E+26  2.4415E+37
  3.9810E+02  1.2656E+38  1.1112E+38  3.3253E+26  1.5439E+37
  4.4670E+02  6.6993E+37  5.7234E+37  1.1411E+26  9.7587E+36
  5.0120E+02  3.5579E+37  2.9410E+37  3.9453E+25  6.1687E+36
  5.6230E+02  1.8984E+37  1.5084E+37  1.3758E+25  3.8999E+36
  6.3100E+02  1.0176E+37  7.7135E+36  4.8394E+24  2.4627E+36
  7.0790E+02  5.4979E+36  3.9412E+36  1.7215E+24  1.5567E+36
  7.9430E+02  2.9921E+36  2.0089E+36  6.1848E+23  9.8320E+35
  8.9130E+02  1.6428E+36  1.0220E+36  2.2456E+23  6.2075E+35
  1.0000E+03  9.1162E+35  5.1949E+35  8.2471E+22  3.9212E+35
