  1.0000E-03  1.0803E+45  2.9551E+01  2.0368E+44  8.7662E+44
  1.1220E-03  1.2030E+45  3.0158E+01  2.1945E+44  9.8357E+44
  1.2590E-03  1.3275E+45  3.0517E+01  2.2380E+44  1.1037E+45
  1.4130E-03  1.4581E+45  3.0657E+01  2.1939E+44  1.2387E+45
  1.5850E-03  1.6075E+45  3.1129E+01  2.1803E+44  1.3894E+45
  1.7780E-03  1.8281E+45  3.3447E+01  2.6946E+44  1.5586E+45
  1.9950E-03  2.0034E+45  3.1287E+01  2.5458E+44  1.7488E+45
  2.2390E-03  2.1945E+45  3.0120E+01  2.3174E+44  1.9627E+45
  2.5120E-03  2.4926E+45  3.1261E+01  2.9063E+44  2.2020E+45
  2.8180E-03  2.7273E+45  2.7228E+01  2.5705E+44  2.4702E+45
  3.1620E-03  2.9985E+45  2.4281E+01  2.2667E+44  2.7718E+45
  3.5480E-03  3.3098E+45  2.1948E+01  1.9953E+44  3.1103E+45
  3.9810E-03  3.6652E+45  2.0235E+01  1.7539E+44  3.4898E+45
  4.4670E-03  4.4898E+45  6.1198E+01  5.7401E+44  3.9158E+45
  5.0120E-03  4.9958E+45  5.3973E+01  6.0217E+44  4.3936E+45
  5.6230E-03  5.5526E+45  4.7654E+01  6.2331E+44  4.9292E+45
  5.9570E-03  5.8550E+45  4.4996E+01  6.3299E+44  5.2220E+45
  6.6830E-03  6.5129E+45  4.1010E+01  6.5433E+44  5.8585E+45
  7.4990E-03  7.2630E+45  3.8687E+01  6.8921E+44  6.5738E+45
  8.4140E-03  8.0842E+45  3.5702E+01  7.0834E+44  7.3758E+45
  9.4410E-03  9.0079E+45  3.3866E+01  7.3178E+44  8.2761E+45
  1.0590E-02  1.0048E+46  3.3975E+01  7.6426E+44  9.2833E+45
  1.1890E-02  1.1218E+46  3.1834E+01  7.9541E+44  1.0423E+46
  1.3340E-02  1.2514E+46  3.0629E+01  8.2028E+44  1.1694E+46
  1.4960E-02  1.3956E+46  2.8773E+01  8.4216E+44  1.3114E+46
  1.6790E-02  1.5585E+46  2.7324E+01  8.6674E+44  1.4718E+46
  1.8840E-02  1.7411E+46  2.6278E+01  8.9563E+44  1.6515E+46
  2.1130E-02  1.9452E+46  2.5033E+01  9.2816E+44  1.8524E+46
  2.3710E-02  2.1746E+46  2.3774E+01  9.6152E+44  2.0785E+46
  2.6610E-02  2.4321E+46  2.2370E+01  9.9479E+44  2.3326E+46
  2.9850E-02  2.7195E+46  2.1044E+01  1.0284E+45  2.6166E+46
  3.3500E-02  3.0423E+46  1.9729E+01  1.0566E+45  2.9367E+46
  3.7580E-02  3.4053E+46  2.1021E+01  1.1102E+45  3.2942E+46
  4.2170E-02  3.8382E+46  2.1187E+01  1.4155E+45  3.6967E+46
  4.7320E-02  4.2948E+46  1.6285E+01  1.4659E+45  4.1482E+46
  5.3090E-02  4.4575E+46  1.1075E+01  1.3629E+45  4.3212E+46
  6.6830E-02  4.2199E+46  3.1889E+00  9.3077E+44  4.1268E+46
  7.4990E-02  4.1058E+46  2.0690E+00  7.2989E+44  4.0328E+46
  8.4140E-02  4.0146E+46  9.4998E+04  7.3636E+44  3.9410E+46
  9.4410E-02  3.9273E+46  1.1109E+10  7.6016E+44  3.8513E+46
  1.0590E-01  3.5942E+46  3.1816E+14  8.8683E+44  3.5055E+46
  1.1890E-01  3.0319E+46  2.8092E+18  8.5138E+44  2.9467E+46
  1.3340E-01  2.5587E+46  7.0982E+21  7.9131E+44  2.4795E+46
  1.4960E-01  2.1433E+46  9.4180E+24  5.5431E+44  2.0878E+46
  1.5850E-01  1.9583E+46  2.8215E+26  4.3770E+44  1.9145E+46
  1.7780E-01  1.6434E+46  1.3011E+29  3.1932E+44  1.6114E+46
  1.9950E-01  1.3773E+46  2.9352E+31  2.1532E+44  1.3558E+46
  2.2390E-01  1.1595E+46  3.0175E+33  1.9189E+44  1.1403E+46
  2.3710E-01  1.0693E+46  2.1813E+34  2.2904E+44  1.0464E+46
  2.5120E-01  9.8458E+45  1.3973E+35  2.4998E+44  9.5958E+45
  2.6610E-01  9.0478E+45  8.1583E+35  2.4661E+44  8.8012E+45
  2.8180E-01  8.3095E+45  4.2759E+36  2.3343E+44  8.0761E+45
  2.9850E-01  7.6278E+45  2.0193E+37  2.1990E+44  7.4079E+45
  3.1620E-01  7.0045E+45  8.5286E+37  2.0990E+44  6.7947E+45
  3.3500E-01  6.4319E+45  3.2734E+38  2.0104E+44  6.2308E+45
  3.5480E-01  5.9092E+45  1.1437E+39  1.9273E+44  5.7165E+45
  3.7580E-01  5.4298E+45  3.6836E+39  1.8567E+44  5.2442E+45
  3.9810E-01  4.9896E+45  1.0913E+40  1.7982E+44  4.8097E+45
  4.2170E-01  4.5880E+45  2.9734E+40  1.7632E+44  4.4116E+45
  4.4670E-01  4.2210E+45  7.5118E+40  1.7432E+44  4.0466E+45
  4.7320E-01  3.8846E+45  1.7835E+41  1.7295E+44  3.7115E+45
  5.0120E-01  3.5770E+45  3.9904E+41  1.7184E+44  3.4048E+45
  5.3090E-01  3.2955E+45  8.4625E+41  1.7150E+44  3.1232E+45
  5.6230E-01  3.0382E+45  1.6978E+42  1.7138E+44  2.8651E+45
  5.9570E-01  2.8024E+45  3.2453E+42  1.7162E+44  2.6276E+45
  6.3100E-01  2.5887E+45  5.9095E+42  1.7246E+44  2.4103E+45
  6.6830E-01  2.3956E+45  1.0263E+43  1.7390E+44  2.2114E+45
  7.0790E-01  2.2217E+45  1.7087E+43  1.7623E+44  2.0284E+45
  7.4990E-01  2.0667E+45  2.7295E+43  1.7899E+44  1.8605E+45
  7.9430E-01  1.9310E+45  4.1928E+43  1.8248E+44  1.7066E+45
  8.4140E-01  1.8146E+45  6.2137E+43  1.8715E+44  1.5653E+45
  8.9130E-01  1.7183E+45  8.9231E+43  1.9330E+44  1.4357E+45
  9.4410E-01  1.6414E+45  1.2389E+44  2.0054E+44  1.3170E+45
  1.0000E+00  1.5825E+45  1.6640E+44  2.0800E+44  1.2081E+45
  1.0590E+00  1.5409E+45  2.1679E+44  2.1555E+44  1.1086E+45
  1.1220E+00  1.5149E+45  2.7584E+44  2.2254E+44  1.0165E+45
  1.1890E+00  1.5030E+45  3.4319E+44  2.2803E+44  9.3183E+44
  1.2590E+00  1.5023E+45  4.1641E+44  2.3066E+44  8.5520E+44
  1.3340E+00  1.5089E+45  4.9423E+44  2.3061E+44  7.8411E+44
  1.4130E+00  1.5182E+45  5.7128E+44  2.2766E+44  7.1927E+44
  1.4960E+00  1.5271E+45  6.4533E+44  2.2149E+44  6.6026E+44
  1.5850E+00  1.5341E+45  7.1666E+44  2.1201E+44  6.0543E+44
  1.6790E+00  1.5345E+45  7.8031E+44  1.9885E+44  5.5530E+44
  1.7780E+00  1.5246E+45  8.3285E+44  1.8213E+44  5.0957E+44
  1.8840E+00  1.5044E+45  8.7445E+44  1.6280E+44  4.6719E+44
  1.9950E+00  1.4724E+45  9.0188E+44  1.4182E+44  4.2875E+44
  2.1130E+00  1.4293E+45  9.1546E+44  1.2054E+44  3.9333E+44
  2.2390E+00  1.3750E+45  9.1441E+44  1.0001E+44  3.6061E+44
  2.3710E+00  1.3112E+45  8.9914E+44  8.1126E+43  3.3092E+44
  2.5120E+00  1.2403E+45  8.7234E+44  6.4550E+43  3.0344E+44
  2.6610E+00  1.1638E+45  8.3501E+44  5.0455E+43  2.7832E+44
  2.8180E+00  1.0830E+45  7.8883E+44  3.8793E+43  2.5538E+44
  2.9850E+00  1.0005E+45  7.3680E+44  2.9407E+43  2.3426E+44
  3.1620E+00  9.1733E+44  6.8046E+44  2.2002E+43  2.1487E+44
  3.3500E+00  8.3733E+44  6.2399E+44  1.6303E+43  1.9704E+44
  3.5480E+00  7.5899E+44  5.6627E+44  1.1952E+43  1.8078E+44
  3.7580E+00  6.8470E+44  5.1018E+44  8.6869E+42  1.6583E+44
  3.9810E+00  6.1484E+44  4.5648E+44  6.2643E+42  1.5210E+44
  4.2170E+00  5.4986E+44  4.0586E+44  4.4864E+42  1.3951E+44
  4.4670E+00  4.8999E+44  3.5883E+44  3.1929E+42  1.2796E+44
  4.7320E+00  4.3556E+44  3.1593E+44  2.2594E+42  1.1737E+44
  5.0120E+00  3.8681E+44  2.7730E+44  1.5929E+42  1.0791E+44
  5.3090E+00  3.3977E+44  2.4264E+44  1.1081E+42  9.6024E+43
  5.6230E+00  2.9761E+44  2.1204E+44  7.6599E+41  8.4805E+43
  5.9570E+00  2.6015E+44  1.8531E+44  5.2664E+41  7.4316E+43
  6.3100E+00  2.2603E+44  1.6096E+44  3.5870E+41  6.4710E+43
  6.6830E+00  1.9747E+44  1.4122E+44  2.4449E+41  5.6014E+43
  7.0790E+00  1.7156E+44  1.2320E+44  1.6451E+41  4.8190E+43
  7.4990E+00  1.5303E+44  1.1169E+44  1.1184E+41  4.1229E+43
  7.9430E+00  1.5520E+44  1.2000E+44  8.4994E+40  3.5109E+43
  8.4140E+00  1.7466E+44  1.4484E+44  7.4212E+40  2.9752E+43
  8.9130E+00  1.8649E+44  1.6132E+44  6.5381E+40  2.5104E+43
  9.4410E+00  1.9068E+44  1.6951E+44  6.1197E+40  2.1101E+43
  1.0000E+01  1.5844E+44  1.4073E+44  4.4700E+40  1.7671E+43
  1.0590E+01  1.2629E+44  1.1150E+44  3.0714E+40  1.4758E+43
  1.1220E+01  9.7404E+43  8.5117E+43  1.9062E+40  1.2267E+43
  1.1890E+01  7.6063E+43  6.5892E+43  1.1835E+40  1.0159E+43
  1.2590E+01  6.0186E+43  5.1766E+43  7.2179E+39  8.4119E+42
  1.3340E+01  4.8534E+43  4.1598E+43  4.3761E+39  6.9319E+42
  1.4130E+01  4.1070E+43  3.5362E+43  2.7088E+39  5.7050E+42
  1.4960E+01  3.8105E+43  3.3411E+43  1.8753E+39  4.6919E+42
  1.5850E+01  3.6351E+43  3.2509E+43  1.3872E+39  3.8414E+42
  1.6790E+01  3.5004E+43  3.1862E+43  1.0743E+39  3.1409E+42
  1.7780E+01  3.3313E+43  3.0746E+43  8.4702E+38  2.5663E+42
  1.8840E+01  3.0801E+43  2.8711E+43  6.5187E+38  2.0888E+42
  1.9950E+01  2.7714E+43  2.6012E+43  4.7508E+38  1.7013E+42
  2.1130E+01  2.4953E+43  2.3570E+43  3.3506E+38  1.3827E+42
  2.2390E+01  2.2696E+43  2.1575E+43  2.3721E+38  1.1203E+42
  2.3710E+01  2.0794E+43  1.9886E+43  1.6822E+38  9.0864E+41
  2.5120E+01  1.9073E+43  1.8338E+43  1.1965E+38  7.3479E+41
  2.6610E+01  1.7453E+43  1.6859E+43  8.4738E+37  5.9383E+41
  2.8180E+01  1.5886E+43  1.5406E+43  5.9924E+37  4.7994E+41
  2.9850E+01  1.4318E+43  1.3931E+43  4.2113E+37  3.8717E+41
  3.1620E+01  1.2743E+43  1.2431E+43  2.9277E+37  3.1199E+41
  3.3500E+01  1.1174E+43  1.0923E+43  2.0107E+37  2.5106E+41
  3.5480E+01  9.6510E+42  9.4489E+42  1.3640E+37  2.0210E+41
  3.7580E+01  8.2006E+42  8.0380E+42  9.1204E+36  1.6253E+41
  3.9810E+01  6.8486E+42  6.7181E+42  6.0077E+36  1.3054E+41
  4.2170E+01  5.6333E+42  5.5285E+42  3.9013E+36  1.0479E+41
  4.4670E+01  4.5694E+42  4.4854E+42  2.4975E+36  8.4074E+40
  4.7320E+01  3.6608E+42  3.5934E+42  1.5791E+36  6.7400E+40
  5.0120E+01  2.9010E+42  2.8469E+42  9.8757E+35  5.4034E+40
  5.3090E+01  2.2748E+42  2.2315E+42  6.1130E+35  4.3282E+40
  5.6230E+01  1.7686E+42  1.7340E+42  3.7519E+35  3.4667E+40
  5.9570E+01  1.3631E+42  1.3354E+42  2.2828E+35  2.7728E+40
  6.3100E+01  1.0438E+42  1.0216E+42  1.3804E+35  2.2180E+40
  6.6830E+01  7.9468E+41  7.7694E+41  8.3027E+34  1.7744E+40
  7.0790E+01  6.0176E+41  5.8758E+41  4.9683E+34  1.4183E+40
  7.4990E+01  4.5341E+41  4.4209E+41  2.9598E+34  1.1329E+40
  7.9430E+01  3.4035E+41  3.3130E+41  1.7578E+34  9.0505E+39
  8.4140E+01  2.5453E+41  2.4730E+41  1.0404E+34  7.2256E+39
  8.9130E+01  1.8987E+41  1.8410E+41  6.1461E+33  5.7665E+39
  9.4410E+01  1.4130E+41  1.3670E+41  3.6248E+33  4.6021E+39
  1.0000E+02  1.0491E+41  1.0124E+41  2.1342E+33  3.6722E+39
  1.0590E+02  7.7826E+40  7.4894E+40  1.2566E+33  2.9317E+39
  1.1220E+02  5.7650E+40  5.5315E+40  7.3890E+32  2.3358E+39
  1.1890E+02  4.2754E+40  4.0895E+40  4.3523E+32  1.8590E+39
  1.2590E+02  3.1914E+40  3.0430E+40  2.5819E+32  1.4838E+39
  1.3340E+02  2.3900E+40  2.2719E+40  1.5391E+32  1.1811E+39
  1.4130E+02  1.7756E+40  1.6814E+40  9.1458E+31  9.4117E+38
  1.4960E+02  1.2910E+40  1.2159E+40  5.3279E+31  7.5121E+38
  1.5850E+02  9.3217E+39  8.7239E+39  3.0778E+31  5.9781E+38
  1.7780E+02  4.9168E+39  4.5373E+39  1.0399E+31  3.7942E+38
  1.9950E+02  2.6069E+39  2.3664E+39  3.5459E+30  2.4043E+38
  2.2390E+02  1.3839E+39  1.2318E+39  1.2167E+30  1.5216E+38
  2.5120E+02  7.3655E+38  6.4017E+38  4.2070E+29  9.6376E+37
  2.8180E+02  3.9285E+38  3.3180E+38  1.4656E+29  6.1043E+37
  3.1620E+02  2.0997E+38  1.7135E+38  5.1429E+28  3.8617E+37
  3.5480E+02  1.1269E+38  8.8271E+37  1.8204E+28  2.4421E+37
  3.9810E+02  6.0805E+37  4.5363E+37  6.5077E+27  1.5442E+37
  4.4670E+02  3.3019E+37  2.3259E+37  2.3497E+27  9.7603E+36
  5.0120E+02  1.8074E+37  1.1904E+37  8.5734E+26  6.1695E+36
  5.6230E+02  9.9850E+36  6.0846E+36  3.1606E+26  3.9003E+36
  6.3100E+02  5.5649E+36  3.1020E+36  1.1758E+26  2.4629E+36
  7.0790E+02  3.1375E+36  1.5807E+36  4.4194E+25  1.5568E+36
  7.9430E+02  1.7871E+36  8.0384E+35  1.6740E+25  9.8325E+35
  8.9130E+02  1.0289E+36  4.0813E+35  6.3885E+24  6.2077E+35
  1.0000E+03  5.9921E+35  2.0708E+35  2.4564E+24  3.9214E+35
