  1.0000E-03  8.7853E+44  0.0000E+00  1.9079E+42  8.7662E+44
  1.1220E-03  9.8585E+44  0.0000E+00  2.2794E+42  9.8357E+44
  1.2590E-03  1.1062E+45  0.0000E+00  2.5623E+42  1.1037E+45
  1.4130E-03  1.2414E+45  0.0000E+00  2.7288E+42  1.2387E+45
  1.5850E-03  1.3922E+45  0.0000E+00  2.7826E+42  1.3894E+45
  1.7780E-03  1.5617E+45  0.0000E+00  3.0655E+42  1.5586E+45
  1.9950E-03  1.7520E+45  0.0000E+00  3.1728E+42  1.7488E+45
  2.2390E-03  1.9656E+45  0.0000E+00  2.9192E+42  1.9627E+45
  2.5120E-03  2.2052E+45  0.0000E+00  3.2360E+42  2.2020E+45
  2.8180E-03  2.4734E+45  0.0000E+00  3.2102E+42  2.4702E+45
  3.1620E-03  2.7749E+45  0.0000E+00  3.0645E+42  2.7718E+45
  3.5480E-03  3.1132E+45  0.0000E+00  2.8878E+42  3.1103E+45
  3.9810E-03  3.4926E+45  0.0000E+00  2.7119E+42  3.4898E+45
  4.4670E-03  3.9336E+45  0.0000E+00  1.7756E+43  3.9158E+45
  5.0120E-03  4.4094E+45  0.0000E+00  1.5813E+43  4.3936E+45
  5.6230E-03  4.9428E+45  0.0000E+00  1.3597E+43  4.9292E+45
  5.9570E-03  5.2346E+45  0.0000E+00  1.2589E+43  5.2220E+45
  6.6830E-03  5.8696E+45  0.0000E+00  1.1028E+43  5.8585E+45
  7.4990E-03  6.5837E+45  0.0000E+00  9.9144E+42  6.5738E+45
  8.4140E-03  7.3850E+45  0.0000E+00  9.1851E+42  7.3758E+45
  9.4410E-03  8.2847E+45  0.0000E+00  8.6478E+42  8.2761E+45
  1.0590E-02  9.2914E+45  0.0000E+00  8.1431E+42  9.2833E+45
  1.1890E-02  1.0431E+46  0.0000E+00  8.2559E+42  1.0423E+46
  1.3340E-02  1.1702E+46  0.0000E+00  8.2511E+42  1.1694E+46
  1.4960E-02  1.3122E+46  0.0000E+00  8.4389E+42  1.3114E+46
  1.6790E-02  1.4727E+46  0.0000E+00  8.7330E+42  1.4718E+46
  1.8840E-02  1.6525E+46  0.0000E+00  9.1530E+42  1.6515E+46
  2.1130E-02  1.8533E+46  0.0000E+00  9.7662E+42  1.8524E+46
  2.3710E-02  2.0795E+46  0.0000E+00  1.0521E+43  2.0785E+46
  2.6610E-02  2.3338E+46  0.0000E+00  1.1436E+43  2.3326E+46
  2.9850E-02  2.6179E+46  1.1150E-82  1.2509E+43  2.6166E+46
  3.3500E-02  2.9380E+46  7.0517E-68  1.3710E+43  2.9367E+46
  3.7580E-02  3.2957E+46  8.8376E-55  1.4785E+43  3.2942E+46
  4.2170E-02  3.6986E+46  3.8015E-43  1.8905E+43  3.6967E+46
  4.7320E-02  4.1504E+46  9.8130E-33  2.2431E+43  4.1482E+46
  5.3090E-02  4.3237E+46  1.7256E-23  2.4640E+43  4.3212E+46
  6.6830E-02  4.1296E+46  5.8622E-08  2.7816E+43  4.1268E+46
  7.4990E-02  4.0358E+46  1.8681E-01  2.9841E+43  4.0328E+46
  8.4140E-02  3.9438E+46  9.8189E+04  2.7784E+43  3.9410E+46
  9.4410E-02  3.8539E+46  1.1797E+10  2.6539E+43  3.8513E+46
  1.0590E-01  3.5078E+46  3.4083E+14  2.2971E+43  3.5055E+46
  1.1890E-01  2.9484E+46  2.7420E+18  1.6324E+43  2.9467E+46
  1.3340E-01  2.4807E+46  5.9858E+21  1.1996E+43  2.4795E+46
  1.4960E-01  2.0887E+46  7.1661E+24  8.0742E+42  2.0878E+46
  1.5850E-01  1.9152E+46  2.1265E+26  6.6619E+42  1.9145E+46
  1.7780E-01  1.6119E+46  1.0641E+29  5.0845E+42  1.6114E+46
  1.9950E-01  1.3563E+46  2.8539E+31  4.9032E+42  1.3558E+46
  2.2390E-01  1.1409E+46  3.3068E+33  5.4042E+42  1.1403E+46
  2.3710E-01  1.0470E+46  2.2824E+34  5.1626E+42  1.0464E+46
  2.5120E-01  9.6004E+45  1.3619E+35  4.5410E+42  9.5958E+45
  2.6610E-01  8.8051E+45  7.5189E+35  3.9107E+42  8.8012E+45
  2.8180E-01  8.0795E+45  3.7780E+36  3.3866E+42  8.0761E+45
  2.9850E-01  7.4109E+45  1.7228E+37  2.9788E+42  7.4079E+45
  3.1620E-01  6.7973E+45  7.0476E+37  2.6712E+42  6.7947E+45
  3.3500E-01  6.2332E+45  2.6283E+38  2.4209E+42  6.2308E+45
  3.5480E-01  5.7187E+45  8.9591E+38  2.2147E+42  5.7165E+45
  3.7580E-01  5.2462E+45  2.8215E+39  2.0422E+42  5.2442E+45
  3.9810E-01  4.8116E+45  8.1766E+39  1.9027E+42  4.8097E+45
  4.2170E-01  4.4134E+45  2.1772E+40  1.7909E+42  4.4116E+45
  4.4670E-01  4.0484E+45  5.3700E+40  1.7047E+42  4.0466E+45
  4.7320E-01  3.7132E+45  1.2444E+41  1.6327E+42  3.7115E+45
  5.0120E-01  3.4066E+45  2.7163E+41  1.5702E+42  3.4048E+45
  5.3090E-01  3.1253E+45  5.6143E+41  1.5146E+42  3.1232E+45
  5.6230E-01  2.8677E+45  1.0971E+42  1.4688E+42  2.8651E+45
  5.9570E-01  2.6310E+45  2.0403E+42  1.4302E+42  2.6276E+45
  6.3100E-01  2.4153E+45  3.6084E+42  1.3981E+42  2.4103E+45
  6.6830E-01  2.2188E+45  6.0773E+42  1.3701E+42  2.2114E+45
  7.0790E-01  2.0396E+45  9.7871E+42  1.3524E+42  2.0284E+45
  7.4990E-01  1.8769E+45  1.5092E+43  1.3435E+42  1.8605E+45
  7.9430E-01  1.7303E+45  2.2313E+43  1.3435E+42  1.7066E+45
  8.4140E-01  1.5984E+45  3.1746E+43  1.3497E+42  1.5653E+45
  8.9130E-01  1.4807E+45  4.3585E+43  1.3616E+42  1.4357E+45
  9.4410E-01  1.3761E+45  5.7745E+43  1.3715E+42  1.3170E+45
  1.0000E+00  1.2835E+45  7.3959E+43  1.3735E+42  1.2081E+45
  1.0590E+00  1.2017E+45  9.1755E+43  1.3686E+42  1.1086E+45
  1.1220E+00  1.1288E+45  1.1091E+44  1.3534E+42  1.0165E+45
  1.1890E+00  1.0639E+45  1.3080E+44  1.3229E+42  9.3183E+44
  1.2590E+00  1.0065E+45  1.5005E+44  1.2720E+42  8.5520E+44
  1.3340E+00  9.5351E+44  1.6820E+44  1.2021E+42  7.8411E+44
  1.4130E+00  9.0413E+44  1.8374E+44  1.1171E+42  7.1927E+44
  1.4960E+00  8.5748E+44  1.9620E+44  1.0203E+42  6.6026E+44
  1.5850E+00  8.1215E+44  2.0580E+44  9.1420E+41  6.0543E+44
  1.6790E+00  7.6759E+44  2.1148E+44  8.0187E+41  5.5530E+44
  1.7780E+00  7.2314E+44  2.1288E+44  6.8699E+41  5.0957E+44
  1.8840E+00  6.7840E+44  2.1064E+44  5.7436E+41  4.6719E+44
  1.9950E+00  6.3402E+44  2.0481E+44  4.6895E+41  4.2875E+44
  2.1130E+00  5.8974E+44  1.9603E+44  3.7425E+41  3.9333E+44
  2.2390E+00  5.4559E+44  1.8469E+44  2.9234E+41  3.6061E+44
  2.3710E+00  5.0265E+44  1.7151E+44  2.2428E+41  3.3092E+44
  2.5120E+00  4.6090E+44  1.5729E+44  1.6943E+41  3.0344E+44
  2.6610E+00  4.2097E+44  1.4252E+44  1.2639E+41  2.7832E+44
  2.8180E+00  3.8314E+44  1.2767E+44  9.3315E+40  2.5538E+44
  2.9850E+00  3.4761E+44  1.1328E+44  6.8322E+40  2.3426E+44
  3.1620E+00  3.1452E+44  9.9600E+43  4.9695E+40  2.1487E+44
  3.3500E+00  2.8431E+44  8.7234E+43  3.6002E+40  1.9704E+44
  3.5480E+00  2.5671E+44  7.5905E+43  2.5997E+40  1.8078E+44
  3.7580E+00  2.3172E+44  6.5868E+43  1.8727E+40  1.6583E+44
  3.9810E+00  2.0916E+44  5.7048E+43  1.3469E+40  1.5210E+44
  4.2170E+00  1.8891E+44  4.9390E+43  9.6806E+39  1.3951E+44
  4.4670E+00  1.7077E+44  4.2800E+43  6.9553E+39  1.2796E+44
  4.7320E+00  1.5455E+44  3.7175E+43  4.9938E+39  1.1737E+44
  5.0120E+00  1.4032E+44  3.2406E+43  3.5921E+39  1.0791E+44
  5.3090E+00  1.2437E+44  2.8339E+43  2.5192E+39  9.6024E+43
  5.6230E+00  1.0970E+44  2.4896E+43  1.7545E+39  8.4805E+43
  5.9570E+00  9.6312E+43  2.1995E+43  1.2133E+39  7.4316E+43
  6.3100E+00  8.4127E+43  1.9417E+43  8.3264E+38  6.4710E+43
  6.6830E+00  7.3469E+43  1.7455E+43  5.6878E+38  5.6014E+43
  7.0790E+00  6.3866E+43  1.5675E+43  3.8415E+38  4.8190E+43
  7.4990E+00  5.5485E+43  1.4255E+43  2.5604E+38  4.1229E+43
  7.9430E+00  4.8725E+43  1.3616E+43  1.7246E+38  3.5109E+43
  8.4140E+00  4.3614E+43  1.3862E+43  1.2565E+38  2.9752E+43
  8.9130E+00  3.9360E+43  1.4256E+43  9.8332E+37  2.5104E+43
  9.4410E+00  3.5778E+43  1.4677E+43  8.5856E+37  2.1101E+43
  1.0000E+01  3.1005E+43  1.3335E+43  6.4119E+37  1.7671E+43
  1.0590E+01  2.6559E+43  1.1801E+43  4.5989E+37  1.4758E+43
  1.1220E+01  2.2572E+43  1.0305E+43  3.0477E+37  1.2267E+43
  1.1890E+01  1.9185E+43  9.0262E+42  2.0178E+37  1.0159E+43
  1.2590E+01  1.6468E+43  8.0559E+42  1.3168E+37  8.4119E+42
  1.3340E+01  1.4225E+43  7.2930E+42  8.4906E+36  6.9319E+42
  1.4130E+01  1.2509E+43  6.8045E+42  5.4461E+36  5.7050E+42
  1.4960E+01  1.1394E+43  6.7024E+42  3.6937E+36  4.6919E+42
  1.5850E+01  1.0596E+43  6.7542E+42  2.6559E+36  3.8414E+42
  1.6790E+01  1.0031E+43  6.8903E+42  2.0155E+36  3.1409E+42
  1.7780E+01  9.5873E+42  7.0209E+42  1.5879E+36  2.5663E+42
  1.8840E+01  9.1492E+42  7.0605E+42  1.2514E+36  2.0888E+42
  1.9950E+01  8.6899E+42  6.9885E+42  9.5292E+35  1.7013E+42
  2.1130E+01  8.3083E+42  6.9256E+42  7.0620E+35  1.3827E+42
  2.2390E+01  8.0220E+42  6.9017E+42  5.2532E+35  1.1203E+42
  2.3710E+01  7.7973E+42  6.8887E+42  3.9135E+35  9.0864E+41
  2.5120E+01  7.5837E+42  6.8489E+42  2.9233E+35  7.3479E+41
  2.6610E+01  7.3526E+42  6.7588E+42  2.1735E+35  5.9383E+41
  2.8180E+01  7.0781E+42  6.5981E+42  1.6115E+35  4.7994E+41
  2.9850E+01  6.7359E+42  6.3487E+42  1.1860E+35  3.8717E+41
  3.1620E+01  6.3174E+42  6.0054E+42  8.6217E+34  3.1199E+41
  3.3500E+01  5.8251E+42  5.5740E+42  6.1809E+34  2.5106E+41
  3.5480E+01  5.2758E+42  5.0737E+42  4.3668E+34  2.0210E+41
  3.7580E+01  4.6902E+42  4.5277E+42  3.0357E+34  1.6253E+41
  3.9810E+01  4.0900E+42  3.9595E+42  2.0757E+34  1.3054E+41
  4.2170E+01  3.5050E+42  3.4002E+42  1.3968E+34  1.0479E+41
  4.4670E+01  2.9557E+42  2.8716E+42  9.2503E+33  8.4074E+40
  4.7320E+01  2.4566E+42  2.3892E+42  6.0406E+33  6.7400E+40
  5.0120E+01  2.0153E+42  1.9612E+42  3.8953E+33  5.4034E+40
  5.3090E+01  1.6328E+42  1.5895E+42  2.4822E+33  4.3282E+40
  5.6230E+01  1.3091E+42  1.2744E+42  1.5659E+33  3.4667E+40
  5.9570E+01  1.0386E+42  1.0109E+42  9.7801E+32  2.7728E+40
  6.3100E+01  8.1724E+41  7.9506E+41  6.0616E+32  2.2180E+40
  6.6830E+01  6.3830E+41  6.2056E+41  3.7318E+32  1.7744E+40
  7.0790E+01  4.9509E+41  4.8091E+41  2.2829E+32  1.4183E+40
  7.4990E+01  3.8155E+41  3.7022E+41  1.3886E+32  1.1329E+40
  7.9430E+01  2.9251E+41  2.8346E+41  8.4100E+31  9.0505E+39
  8.4140E+01  2.2313E+41  2.1590E+41  5.0706E+31  7.2256E+39
  8.9130E+01  1.6956E+41  1.6379E+41  3.0481E+31  5.7665E+39
  9.4410E+01  1.2839E+41  1.2378E+41  1.8274E+31  4.6021E+39
  1.0000E+02  9.6876E+40  9.3204E+40  1.0926E+31  3.6722E+39
  1.0590E+02  7.2957E+40  7.0026E+40  6.5262E+30  2.9317E+39
  1.1220E+02  5.4815E+40  5.2479E+40  3.8900E+30  2.3358E+39
  1.1890E+02  4.1194E+40  3.9335E+40  2.3207E+30  1.8590E+39
  1.2590E+02  3.1128E+40  2.9644E+40  1.3930E+30  1.4838E+39
  1.3340E+02  2.3582E+40  2.2401E+40  8.3961E+29  1.1811E+39
  1.4130E+02  1.7704E+40  1.6763E+40  5.0404E+29  9.4117E+38
  1.4960E+02  1.2996E+40  1.2245E+40  2.9643E+29  7.5121E+38
  1.5850E+02  9.4679E+39  8.8701E+39  1.7280E+29  5.9781E+38
  1.7780E+02  5.0737E+39  4.6943E+39  5.9342E+28  3.7942E+38
  1.9950E+02  2.7266E+39  2.4861E+39  2.0519E+28  2.4043E+38
  2.2390E+02  1.4637E+39  1.3116E+39  7.1255E+27  1.5216E+38
  2.5120E+02  7.8607E+38  6.8970E+38  2.4886E+27  9.6376E+37
  2.8180E+02  4.2221E+38  3.6117E+38  8.7418E+26  6.1043E+37
  3.1620E+02  2.2683E+38  1.8821E+38  3.0884E+26  3.8617E+37
  3.5480E+02  1.2215E+38  9.7726E+37  1.0991E+26  2.4421E+37
  3.9810E+02  6.6014E+37  5.0573E+37  3.9455E+25  1.5442E+37
  4.4670E+02  3.5849E+37  2.6089E+37  1.4290E+25  9.7603E+36
  5.0120E+02  1.9594E+37  1.3425E+37  5.2253E+24  6.1695E+36
  5.6230E+02  1.0795E+37  6.8944E+36  1.9291E+24  3.9003E+36
  6.3100E+02  5.9924E+36  3.5295E+36  7.1824E+23  2.4629E+36
  7.0790E+02  3.3620E+36  1.8052E+36  2.7008E+23  1.5568E+36
  7.9430E+02  1.9042E+36  9.2098E+35  1.0231E+23  9.8325E+35
  8.9130E+02  1.0897E+36  4.6894E+35  3.9038E+22  6.2077E+35
  1.0000E+03  6.3067E+35  2.3854E+35  1.5006E+22  3.9214E+35
