  1.0000E-03  4.6247E+44  0.0000E+00  1.0455E+44  3.5792E+44
  1.1220E-03  4.3214E+44  0.0000E+00  1.1211E+44  3.2003E+44
  1.2590E-03  3.9437E+44  0.0000E+00  1.1243E+44  2.8194E+44
  1.4130E-03  3.5219E+44  0.0000E+00  1.0655E+44  2.4564E+44
  1.5850E-03  3.2311E+44  0.0000E+00  1.0134E+44  2.2177E+44
  1.7780E-03  3.5485E+44  0.0000E+00  1.2522E+44  2.2963E+44
  1.9950E-03  2.7693E+44  0.0000E+00  1.0805E+44  1.6888E+44
  2.2390E-03  2.2488E+44  0.0000E+00  8.8115E+43  1.3676E+44
  2.5120E-03  2.4631E+44  0.0000E+00  1.1424E+44  1.3207E+44
  2.8180E-03  1.6653E+44  0.0000E+00  8.5258E+43  8.1269E+43
  3.1620E-03  1.1564E+44  0.0000E+00  6.2478E+43  5.3167E+43
  3.5480E-03  8.1235E+43  0.0000E+00  4.5336E+43  3.5899E+43
  3.9810E-03  5.8565E+43  0.0000E+00  3.3161E+43  2.5404E+43
  4.4670E-03  4.0997E+44  0.0000E+00  2.2242E+44  1.8755E+44
  5.0120E-03  2.8539E+44  0.0000E+00  1.7597E+44  1.0941E+44
  5.6230E-03  1.9881E+44  0.0000E+00  1.3468E+44  6.4130E+43
  5.9570E-03  1.6734E+44  0.0000E+00  1.1754E+44  4.9796E+43
  6.6830E-03  1.2367E+44  0.0000E+00  9.1625E+43  3.2045E+43
  7.4990E-03  1.0013E+44  0.0000E+00  7.7051E+43  2.3081E+43
  8.4140E-03  7.6061E+43  0.0000E+00  6.0690E+43  1.5371E+43
  9.4410E-03  6.0977E+43  0.0000E+00  4.9669E+43  1.1309E+43
  1.0590E-02  5.3868E+43  0.0000E+00  4.3527E+43  1.0340E+43
  1.1890E-02  4.5986E+43  0.0000E+00  3.8755E+43  7.2304E+42
  1.3340E-02  3.8577E+43  0.0000E+00  3.2917E+43  5.6603E+42
  1.4960E-02  3.1511E+43  0.0000E+00  2.7468E+43  4.0427E+42
  1.6790E-02  2.5938E+43  0.0000E+00  2.2933E+43  3.0045E+42
  1.8840E-02  2.1721E+43  0.0000E+00  1.9373E+43  2.3476E+42
  2.1130E-02  1.8595E+43  0.0000E+00  1.6840E+43  1.7544E+42
  2.3710E-02  1.5588E+43  0.0000E+00  1.4297E+43  1.2908E+42
  2.6610E-02  1.2772E+43  0.0000E+00  1.1858E+43  9.1477E+41
  2.9850E-02  1.0472E+43  4.7288E-87  9.8200E+42  6.5195E+41
  3.3500E-02  8.5232E+42  1.9379E-72  8.0620E+42  4.6121E+41
  3.7580E-02  8.4306E+42  2.1599E-59  7.9720E+42  4.5854E+41
  4.2170E-02  8.7328E+42  5.9755E-48  8.4103E+42  3.2255E+41
  4.7320E-02  5.5219E+42  5.4698E-38  5.4015E+42  1.2040E+41
  5.3090E-02  2.9894E+42  2.7644E-29  2.9558E+42  3.3677E+40
  6.6830E-02  3.0374E+41  6.4852E-16  3.0355E+41  1.8333E+38
  7.4990E-02  6.7772E+40  8.3875E-11  6.7765E+40  6.5049E+36
  8.4140E-02  8.8454E+40  9.7202E-05  8.8439E+40  1.4589E+37
  9.4410E-02  1.1369E+41  2.0140E+01  1.1367E+41  2.5465E+37
  1.0590E-01  3.1847E+41  5.3748E+06  3.1823E+41  2.3853E+38
  1.1890E-01  8.4230E+41  5.2772E+11  8.3948E+41  2.8153E+39
  1.3340E-01  1.7473E+42  6.9232E+15  1.7312E+42  1.6114E+40
  1.4960E-01  2.3790E+42  2.6053E+19  2.3320E+42  4.6972E+40
  1.5850E-01  2.4342E+42  9.5248E+20  2.3802E+42  5.3975E+40
  1.7780E-01  1.9655E+42  3.4129E+23  1.9348E+42  3.0691E+40
  1.9950E-01  5.5664E+41  1.1614E+25  5.5387E+41  2.7630E+39
  2.2390E-01  2.5995E+41  3.7924E+26  2.5936E+41  5.9463E+38
  2.3710E-01  5.9172E+41  1.2499E+28  5.8893E+41  2.7894E+39
  2.5120E-01  1.3020E+42  3.7833E+29  1.2880E+42  1.4022E+40
  2.6610E-01  2.1085E+42  6.2600E+30  2.0678E+42  4.0717E+40
  2.8180E-01  2.8655E+42  6.9497E+31  2.7797E+42  8.5831E+40
  2.9850E-01  3.6155E+42  5.9240E+32  3.4637E+42  1.5177E+41
  3.1620E-01  4.5079E+42  4.2455E+33  4.2572E+42  2.5072E+41
  3.3500E-01  5.5460E+42  2.6471E+34  5.1517E+42  3.9431E+41
  3.5480E-01  6.6626E+42  1.4297E+35  6.0762E+42  5.8640E+41
  3.7580E-01  8.0259E+42  7.0849E+35  7.1615E+42  8.6440E+41
  3.9810E-01  9.5731E+42  3.1033E+36  8.3508E+42  1.2223E+42
  4.2170E-01  1.1732E+43  1.2888E+37  9.9487E+42  1.7837E+42
  4.4670E-01  1.4462E+43  4.8758E+37  1.1903E+43  2.5588E+42
  4.7320E-01  1.7830E+43  1.7157E+38  1.4200E+43  3.6293E+42
  5.0120E-01  2.1878E+43  5.6054E+38  1.6810E+43  5.0671E+42
  5.3090E-01  2.7025E+43  1.7397E+39  1.9938E+43  7.0855E+42
  5.6230E-01  3.2901E+43  4.9428E+39  2.3322E+43  9.5739E+42
  5.9570E-01  3.9677E+43  1.3117E+40  2.7000E+43  1.2664E+43
  6.3100E-01  4.7741E+43  3.2877E+40  3.1098E+43  1.6610E+43
  6.6830E-01  5.7216E+43  7.7928E+40  3.5555E+43  2.1583E+43
  7.0790E-01  6.8227E+43  1.7467E+41  4.0381E+43  2.7672E+43
  7.4990E-01  8.0233E+43  3.6737E+41  4.5192E+43  3.4674E+43
  7.9430E-01  9.3696E+43  7.3346E+41  5.0044E+43  4.2919E+43
  8.4140E-01  1.0886E+44  1.3988E+42  5.4888E+43  5.2575E+43
  8.9130E-01  1.2685E+44  2.5794E+42  5.9897E+43  6.4377E+43
  9.4410E-01  1.4684E+44  4.5422E+42  6.4570E+43  7.7728E+43
  1.0000E+00  1.6775E+44  7.5932E+42  6.8407E+43  9.1754E+43
  1.0590E+00  1.8983E+44  1.2106E+43  7.1484E+43  1.0624E+44
  1.1220E+00  2.1342E+44  1.8601E+43  7.3723E+43  1.2110E+44
  1.1890E+00  2.3889E+44  2.7647E+43  7.5000E+43  1.3624E+44
  1.2590E+00  2.6702E+44  3.9743E+43  7.5218E+43  1.5206E+44
  1.3340E+00  2.9643E+44  5.5243E+43  7.4333E+43  1.6686E+44
  1.4130E+00  3.2587E+44  7.3758E+43  7.2476E+43  1.7964E+44
  1.4960E+00  3.5539E+44  9.5188E+43  6.9719E+43  1.9048E+44
  1.5850E+00  3.8522E+44  1.1985E+44  6.6085E+43  1.9928E+44
  1.6790E+00  4.1500E+44  1.4698E+44  6.1591E+43  2.0643E+44
  1.7780E+00  4.4374E+44  1.7561E+44  5.6260E+43  2.1187E+44
  1.8840E+00  4.7070E+44  2.0529E+44  5.0297E+43  2.1511E+44
  1.9950E+00  4.9466E+44  2.3427E+44  4.3959E+43  2.1644E+44
  2.1130E+00  5.1477E+44  2.6166E+44  3.7580E+43  2.1553E+44
  2.2390E+00  5.3004E+44  2.8614E+44  3.1448E+43  2.1245E+44
  2.3710E+00  5.3984E+44  3.0633E+44  2.5798E+43  2.0772E+44
  2.5120E+00  5.4422E+44  3.2213E+44  2.0809E+43  2.0128E+44
  2.6610E+00  5.4299E+44  3.3279E+44  1.6529E+43  1.9366E+44
  2.8180E+00  5.3613E+44  3.3793E+44  1.2942E+43  1.8526E+44
  2.9850E+00  5.2434E+44  3.3814E+44  1.0011E+43  1.7619E+44
  3.1620E+00  5.0798E+44  3.3353E+44  7.6572E+42  1.6679E+44
  3.3500E+00  4.8863E+44  3.2567E+44  5.8088E+42  1.5715E+44
  3.5480E+00  4.6571E+44  3.1365E+44  4.3633E+42  1.4769E+44
  3.7580E+00  4.4069E+44  2.9907E+44  3.2516E+42  1.3836E+44
  3.9810E+00  4.1416E+44  2.8249E+44  2.4056E+42  1.2926E+44
  4.2170E+00  3.8669E+44  2.6442E+44  1.7679E+42  1.2051E+44
  4.4670E+00  3.5888E+44  2.4545E+44  1.2909E+42  1.1213E+44
  4.7320E+00  3.3151E+44  2.2643E+44  9.3743E+41  1.0415E+44
  5.0120E+00  3.0530E+44  2.0781E+44  6.7825E+41  9.6817E+43
  5.3090E+00  2.7727E+44  1.8981E+44  4.8360E+41  8.6975E+43
  5.6230E+00  2.5070E+44  1.7291E+44  3.4275E+41  7.7444E+43
  5.9570E+00  2.2597E+44  1.5739E+44  2.4179E+41  6.8335E+43
  6.3100E+00  2.0208E+44  1.4204E+44  1.6889E+41  5.9874E+43
  6.6830E+00  1.8144E+44  1.2922E+44  1.1803E+41  5.2097E+43
  7.0790E+00  1.6171E+44  1.1659E+44  8.1373E+40  4.5035E+43
  7.4990E+00  1.5021E+44  1.1168E+44  5.7839E+40  3.8465E+43
  7.9430E+00  1.6820E+44  1.3642E+44  4.9907E+40  3.1727E+43
  8.4140E+00  2.0927E+44  1.8417E+44  5.1233E+40  2.5050E+43
  8.9130E+00  2.3485E+44  2.1515E+44  5.0612E+40  1.9654E+43
  9.4410E+00  2.4600E+44  2.3056E+44  5.1754E+40  1.5395E+43
  1.0000E+01  2.0919E+44  1.9583E+44  3.7830E+40  1.3324E+43
  1.0590E+01  1.6959E+44  1.5789E+44  2.5559E+40  1.1671E+43
  1.1220E+01  1.3120E+44  1.2095E+44  1.5337E+40  1.0227E+43
  1.1890E+01  1.0200E+44  9.3185E+43  9.2640E+39  8.8023E+42
  1.2590E+01  7.9422E+43  7.1895E+43  5.4823E+39  7.5213E+42
  1.3340E+01  6.2775E+43  5.6428E+43  3.2412E+39  6.3439E+42
  1.4130E+01  5.2561E+43  4.7275E+43  1.9918E+39  5.2842E+42
  1.4960E+01  4.9767E+43  4.5446E+43  1.4252E+39  4.3196E+42
  1.5850E+01  4.8637E+43  4.5140E+43  1.0983E+39  3.4964E+42
  1.6790E+01  4.7758E+43  4.4935E+43  8.8390E+38  2.8220E+42
  1.7780E+01  4.5900E+43  4.3614E+43  7.1677E+38  2.2853E+42
  1.8840E+01  4.2385E+43  4.0524E+43  5.5943E+38  1.8604E+42
  1.9950E+01  3.7747E+43  3.6217E+43  4.0834E+38  1.5297E+42
  2.1130E+01  3.3591E+43  3.2335E+43  2.8812E+38  1.2563E+42
  2.2390E+01  3.0274E+43  2.9247E+43  2.0482E+38  1.0267E+42
  2.3710E+01  2.7558E+43  2.6719E+43  1.4627E+38  8.3873E+41
  2.5120E+01  2.5190E+43  2.4507E+43  1.0508E+38  6.8242E+41
  2.6610E+01  2.3028E+43  2.2474E+43  7.5313E+37  5.5453E+41
  2.8180E+01  2.0992E+43  2.0541E+43  5.3993E+37  4.5034E+41
  2.9850E+01  1.8987E+43  1.8622E+43  3.8518E+37  3.6488E+41
  3.1620E+01  1.6984E+43  1.6689E+43  2.7200E+37  2.9524E+41
  3.3500E+01  1.4986E+43  1.4748E+43  1.8981E+37  2.3851E+41
  3.5480E+01  1.3036E+43  1.2843E+43  1.3082E+37  1.9271E+41
  3.7580E+01  1.1160E+43  1.1004E+43  8.8838E+36  1.5554E+41
  3.9810E+01  9.3903E+42  9.2649E+42  5.9389E+36  1.2539E+41
  4.2170E+01  7.7817E+42  7.6806E+42  3.9108E+36  1.0102E+41
  4.4670E+01  6.3578E+42  6.2765E+42  2.5365E+36  8.1333E+40
  4.7320E+01  5.1290E+42  5.0636E+42  1.6235E+36  6.5417E+40
  5.0120E+01  4.0913E+42  4.0387E+42  1.0269E+36  5.2605E+40
  5.3090E+01  3.2285E+42  3.1863E+42  6.4240E+35  4.2257E+40
  5.6230E+01  2.5251E+42  2.4912E+42  3.9810E+35  3.3934E+40
  5.9570E+01  1.9571E+42  1.9299E+42  2.4438E+35  2.7206E+40
  6.3100E+01  1.5064E+42  1.4846E+42  1.4896E+35  2.1809E+40
  6.6830E+01  1.1524E+42  1.1350E+42  9.0240E+34  1.7480E+40
  7.0790E+01  8.7657E+41  8.6257E+41  5.4345E+34  1.3996E+40
  7.4990E+01  6.6317E+41  6.5198E+41  3.2555E+34  1.1197E+40
  7.9430E+01  4.9965E+41  4.9070E+41  1.9426E+34  8.9567E+39
  8.4140E+01  3.7492E+41  3.6776E+41  1.1543E+34  7.1593E+39
  8.9130E+01  2.8052E+41  2.7480E+41  6.8411E+33  5.7196E+39
  9.4410E+01  2.0931E+41  2.0474E+41  4.0442E+33  4.5689E+39
  1.0000E+02  1.5577E+41  1.5212E+41  2.3848E+33  3.6487E+39
  1.0590E+02  1.1578E+41  1.1287E+41  1.4052E+33  2.9150E+39
  1.1220E+02  8.5907E+40  8.3583E+40  8.2635E+32  2.3239E+39
  1.1890E+02  6.3789E+40  6.1938E+40  4.8643E+32  1.8506E+39
  1.2590E+02  4.7650E+40  4.6172E+40  2.8817E+32  1.4778E+39
  1.3340E+02  3.5694E+40  3.4517E+40  1.7145E+32  1.1768E+39
  1.4130E+02  2.6525E+40  2.5587E+40  1.0160E+32  9.3808E+38
  1.4960E+02  1.9303E+40  1.8554E+40  5.8943E+31  7.4903E+38
  1.5850E+02  1.3943E+40  1.3347E+40  3.3865E+31  5.9628E+38
  1.7780E+02  7.3476E+39  6.9689E+39  1.1282E+31  3.7866E+38
  1.9950E+02  3.8856E+39  3.6455E+39  3.7779E+30  2.4006E+38
  2.2390E+02  2.0542E+39  1.9023E+39  1.2678E+30  1.5197E+38
  2.5120E+02  1.0870E+39  9.9073E+38  4.2678E+29  9.6280E+37
  2.8180E+02  5.7543E+38  5.1443E+38  1.4410E+29  6.0995E+37
  3.1620E+02  3.0468E+38  2.6609E+38  4.8794E+28  3.8593E+37
  3.5480E+02  1.6167E+38  1.3726E+38  1.6599E+28  2.4409E+37
  3.9810E+02  8.6057E+37  7.0622E+37  5.6823E+27  1.5436E+37
  4.4670E+02  4.6003E+37  3.6246E+37  1.9592E+27  9.7572E+36
  5.0120E+02  2.4736E+37  1.8568E+37  6.8138E+26  6.1679E+36
  5.6230E+02  1.3397E+37  9.4975E+36  2.3924E+26  3.8996E+36
  6.3100E+02  7.3075E+36  4.8450E+36  8.4797E+25  2.4625E+36
  7.0790E+02  4.0269E+36  2.4703E+36  3.0412E+25  1.5566E+36
  7.9430E+02  2.2399E+36  1.2568E+36  1.1018E+25  9.8315E+35
  8.9130E+02  1.2591E+36  6.3835E+35  4.0345E+24  6.2072E+35
  1.0000E+03  7.1611E+35  3.2400E+35  1.4939E+24  3.9211E+35
