  1.0000E-03  3.0406E+44  0.0000E+00  9.5179E+42  2.9454E+44
  1.1220E-03  2.6107E+44  0.0000E+00  1.0342E+43  2.5073E+44
  1.2590E-03  2.2042E+44  0.0000E+00  1.0731E+43  2.0969E+44
  1.4130E-03  1.8380E+44  0.0000E+00  1.0728E+43  1.7307E+44
  1.5850E-03  1.6009E+44  0.0000E+00  1.0762E+43  1.4933E+44
  1.7780E-03  1.6562E+44  0.0000E+00  1.3098E+43  1.5252E+44
  1.9950E-03  1.1512E+44  0.0000E+00  1.2600E+43  1.0252E+44
  2.2390E-03  8.9080E+43  0.0000E+00  1.1495E+43  7.7584E+43
  2.5120E-03  8.7427E+43  0.0000E+00  1.4548E+43  7.2878E+43
  2.8180E-03  5.2446E+43  0.0000E+00  1.3011E+43  3.9435E+43
  3.1620E-03  3.4465E+43  0.0000E+00  1.1473E+43  2.2992E+43
  3.5480E-03  2.3993E+43  0.0000E+00  1.0065E+43  1.3928E+43
  3.9810E-03  1.7803E+43  0.0000E+00  8.8722E+42  8.9310E+42
  4.4670E-03  1.2593E+44  0.0000E+00  3.0228E+43  9.5701E+43
  5.0120E-03  7.6359E+43  0.0000E+00  2.7643E+43  4.8715E+43
  5.6230E-03  4.9650E+43  0.0000E+00  2.4699E+43  2.4951E+43
  5.9570E-03  4.1467E+43  0.0000E+00  2.3301E+43  1.8165E+43
  6.6830E-03  3.1441E+43  0.0000E+00  2.1021E+43  1.0420E+43
  7.4990E-03  2.6630E+43  0.0000E+00  1.9774E+43  6.8564E+42
  8.4140E-03  2.2094E+43  0.0000E+00  1.7998E+43  4.0961E+42
  9.4410E-03  1.9495E+43  0.0000E+00  1.6732E+43  2.7631E+42
  1.0590E-02  1.8546E+43  0.0000E+00  1.6115E+43  2.4318E+42
  1.1890E-02  1.7258E+43  0.0000E+00  1.5717E+43  1.5405E+42
  1.3340E-02  1.6040E+43  0.0000E+00  1.4919E+43  1.1208E+42
  1.4960E-02  1.4740E+43  0.0000E+00  1.4011E+43  7.2896E+41
  1.6790E-02  1.3656E+43  0.0000E+00  1.3158E+43  4.9768E+41
  1.8840E-02  1.2789E+43  0.0000E+00  1.2428E+43  3.6130E+41
  2.1130E-02  1.2140E+43  0.0000E+00  1.1891E+43  2.4842E+41
  2.3710E-02  1.1388E+43  0.0000E+00  1.1221E+43  1.6757E+41
  2.6610E-02  1.0537E+43  0.0000E+00  1.0429E+43  1.0802E+41
  2.9850E-02  9.7314E+42  4.8917E-88  9.6613E+42  7.0144E+40
  3.3500E-02  8.9375E+42  1.8634E-73  8.8924E+42  4.5148E+40
  3.7580E-02  9.3453E+42  2.0364E-60  9.3016E+42  4.3735E+40
  4.2170E-02  9.6643E+42  5.2481E-49  9.6363E+42  2.7959E+40
  4.7320E-02  7.2794E+42  4.0879E-39  7.2710E+42  8.3491E+39
  5.3090E-02  4.7522E+42  1.7197E-30  4.7504E+42  1.7875E+39
  6.6830E-02  8.5581E+41  2.0871E-17  8.5581E+41  3.3527E+36
  7.4990E-02  2.7419E+41  1.8731E-12  2.7419E+41  6.0669E+34
  8.4140E-02  3.4248E+41  2.3736E-06  3.4248E+41  1.6027E+35
  9.4410E-02  4.1605E+41  5.2751E-01  4.1605E+41  3.1299E+35
  1.0590E-01  8.9090E+41  1.8570E+05  8.9089E+41  4.6632E+36
  1.1890E-01  1.8481E+42  2.5230E+10  1.8480E+42  9.3346E+37
  1.3340E-01  3.1040E+42  4.2049E+14  3.1033E+42  7.8288E+38
  1.4960E-01  3.9151E+42  1.8677E+18  3.9122E+42  2.9114E+39
  1.5850E-01  3.9008E+42  7.0755E+19  3.8973E+42  3.5010E+39
  1.7780E-01  2.9908E+42  2.4442E+22  2.9889E+42  1.8640E+39
  1.9950E-01  1.0773E+42  6.3291E+23  1.0772E+42  1.0905E+38
  2.2390E-01  5.4596E+41  1.7977E+25  5.4594E+41  1.8159E+37
  2.3710E-01  9.3639E+41  7.3370E+26  9.3627E+41  1.1905E+38
  2.5120E-01  1.5846E+42  2.7974E+28  1.5838E+42  8.4828E+38
  2.6610E-01  2.1613E+42  5.4571E+29  2.1581E+42  3.1226E+39
  2.8180E-01  2.6005E+42  6.8628E+30  2.5926E+42  7.8209E+39
  2.9850E-01  2.9538E+42  6.4782E+31  2.9379E+42  1.5853E+40
  3.1620E-01  3.3044E+42  5.1023E+32  3.2748E+42  2.9609E+40
  3.3500E-01  3.6486E+42  3.4787E+33  3.5965E+42  5.2126E+40
  3.5480E-01  3.9595E+42  2.0406E+34  3.8737E+42  8.5777E+40
  3.7580E-01  4.2927E+42  1.0992E+35  4.1530E+42  1.3975E+41
  3.9810E-01  4.6277E+42  5.2048E+35  4.4112E+42  2.1645E+41
  4.2170E-01  5.0784E+42  2.3539E+36  4.7300E+42  3.4847E+41
  4.4670E-01  5.6217E+42  9.6838E+36  5.0723E+42  5.4942E+41
  4.7320E-01  6.2732E+42  3.7038E+37  5.4187E+42  8.5451E+41
  5.0120E-01  7.0574E+42  1.3133E+38  5.7534E+42  1.3039E+42
  5.3090E-01  8.0964E+42  4.4314E+38  6.1019E+42  1.9940E+42
  5.6230E-01  9.3430E+42  1.3612E+39  6.4169E+42  2.9247E+42
  5.9570E-01  1.0888E+43  3.8928E+39  6.7039E+42  4.1806E+42
  6.3100E-01  1.2906E+43  1.0506E+40  6.9806E+42  5.9146E+42
  6.6830E-01  1.5536E+43  2.6780E+40  7.2346E+42  8.2742E+42
  7.0790E-01  1.8924E+43  6.4412E+40  7.4732E+42  1.1387E+43
  7.4990E-01  2.3045E+43  1.4475E+41  7.6630E+42  1.5237E+43
  7.9430E-01  2.8212E+43  3.0806E+41  7.8179E+42  2.0086E+43
  8.4140E-01  3.4706E+43  6.2506E+41  7.9376E+42  2.6143E+43
  8.9130E-01  4.3274E+43  1.2265E+42  8.0413E+42  3.4006E+43
  9.4410E-01  5.3873E+43  2.2918E+42  8.0967E+42  4.3484E+43
  1.0000E+00  6.6231E+43  4.0456E+42  8.0805E+42  5.4105E+43
  1.0590E+00  8.0551E+43  6.7818E+42  8.0153E+42  6.5754E+43
  1.1220E+00  9.7227E+43  1.0922E+43  7.9015E+42  7.8404E+43
  1.1890E+00  1.1672E+44  1.6965E+43  7.7356E+42  9.2018E+43
  1.2590E+00  1.3987E+44  2.5440E+43  7.5134E+42  1.0692E+44
  1.3340E+00  1.6573E+44  3.6757E+43  7.2372E+42  1.2173E+44
  1.4130E+00  1.9314E+44  5.0790E+43  6.9207E+42  1.3543E+44
  1.4960E+00  2.2207E+44  6.7597E+43  6.5647E+42  1.4791E+44
  1.5850E+00  2.5266E+44  8.7526E+43  6.1646E+42  1.5897E+44
  1.6790E+00  2.8467E+44  1.1015E+44  5.7160E+42  1.6881E+44
  1.7780E+00  3.1724E+44  1.3477E+44  5.2148E+42  1.7726E+44
  1.8840E+00  3.4939E+44  1.6097E+44  4.6715E+42  1.8375E+44
  1.9950E+00  3.7976E+44  1.8729E+44  4.1019E+42  1.8837E+44
  2.1130E+00  4.0705E+44  2.1279E+44  3.5294E+42  1.9073E+44
  2.2390E+00  4.2993E+44  2.3617E+44  2.9759E+42  1.9079E+44
  2.3710E+00  4.4748E+44  2.5606E+44  2.4610E+42  1.8896E+44
  2.5120E+00  4.5931E+44  2.7215E+44  2.0010E+42  1.8515E+44
  2.6610E+00  4.6514E+44  2.8365E+44  1.6016E+42  1.7989E+44
  2.8180E+00  4.6496E+44  2.9016E+44  1.2632E+42  1.7353E+44
  2.9850E+00  4.5932E+44  2.9208E+44  9.8369E+41  1.6625E+44
  3.1620E+00  4.4868E+44  2.8953E+44  7.5704E+41  1.5839E+44
  3.3500E+00  4.3443E+44  2.8379E+44  5.7744E+41  1.5006E+44
  3.5480E+00  4.1640E+44  2.7424E+44  4.3598E+41  1.4172E+44
  3.7580E+00  3.9591E+44  2.6225E+44  3.2646E+41  1.3333E+44
  3.9810E+00  3.7365E+44  2.4838E+44  2.4262E+41  1.2503E+44
  4.2170E+00  3.5024E+44  2.3311E+44  1.7909E+41  1.1695E+44
  4.4670E+00  3.2632E+44  2.1705E+44  1.3136E+41  1.0914E+44
  4.7320E+00  3.0263E+44  2.0091E+44  9.5809E+40  1.0162E+44
  5.0120E+00  2.7988E+44  1.8513E+44  6.9634E+40  9.4680E+43
  5.3090E+00  2.5518E+44  1.6991E+44  4.9860E+40  8.5219E+43
  5.6230E+00  2.3167E+44  1.5563E+44  3.5485E+40  7.6006E+43
  5.9570E+00  2.0969E+44  1.4251E+44  2.5132E+40  6.7158E+43
  6.3100E+00  1.8851E+44  1.2958E+44  1.7633E+40  5.8916E+43
  6.6830E+00  1.7008E+44  1.1875E+44  1.2370E+40  5.1317E+43
  7.0790E+00  1.5250E+44  1.0809E+44  8.5650E+39  4.4403E+43
  7.4990E+00  1.4101E+44  1.0309E+44  6.0543E+39  3.7907E+43
  7.9430E+00  1.4989E+44  1.1885E+44  4.9826E+39  3.1040E+43
  8.4140E+00  1.7212E+44  1.4800E+44  4.7677E+39  2.4119E+43
  8.9130E+00  1.8173E+44  1.6311E+44  4.4750E+39  1.8616E+43
  9.4410E+00  1.8121E+44  1.6685E+44  4.4018E+39  1.4352E+43
  1.0000E+01  1.5639E+44  1.4388E+44  3.2467E+39  1.2513E+43
  1.0590E+01  1.3037E+44  1.1929E+44  2.2370E+39  1.1077E+43
  1.1220E+01  1.0495E+44  9.5124E+43  1.3829E+39  9.8225E+42
  1.1890E+01  8.4471E+43  7.5942E+43  8.5750E+38  8.5274E+42
  1.2590E+01  6.8176E+43  6.0837E+43  5.2147E+38  7.3380E+42
  1.3340E+01  5.5578E+43  4.9356E+43  3.1552E+38  6.2215E+42
  1.4130E+01  4.7232E+43  4.2035E+43  1.9582E+38  5.1962E+42
  1.4960E+01  4.3931E+43  3.9689E+43  1.3771E+38  4.2419E+42
  1.5850E+01  4.1850E+43  3.8426E+43  1.0364E+38  3.4246E+42
  1.6790E+01  4.0042E+43  3.7286E+43  8.1447E+37  2.7560E+42
  1.7780E+01  3.7680E+43  3.5453E+43  6.4773E+37  2.2275E+42
  1.8840E+01  3.4280E+43  3.2467E+43  4.9866E+37  1.8134E+42
  1.9950E+01  3.0170E+43  2.8676E+43  3.6030E+37  1.4943E+42
  2.1130E+01  2.6371E+43  2.5141E+43  2.5056E+37  1.2301E+42
  2.2390E+01  2.3130E+43  2.2123E+43  1.7430E+37  1.0072E+42
  2.3710E+01  2.0337E+43  1.9513E+43  1.2107E+37  8.2419E+41
  2.5120E+01  1.7829E+43  1.7157E+43  8.4101E+36  6.7152E+41
  2.6610E+01  1.5550E+43  1.5004E+43  5.8028E+36  5.4635E+41
  2.8180E+01  1.3476E+43  1.3031E+43  3.9917E+36  4.4418E+41
  2.9850E+01  1.1557E+43  1.1196E+43  2.7256E+36  3.6025E+41
  3.1620E+01  9.7891E+42  9.4973E+42  1.8399E+36  2.9176E+41
  3.3500E+01  8.1777E+42  7.9417E+42  1.2268E+36  2.3591E+41
  3.5480E+01  6.7415E+42  6.5507E+42  8.0840E+35  1.9077E+41
  3.7580E+01  5.4761E+42  5.3220E+42  5.2532E+35  1.5409E+41
  3.9810E+01  4.3785E+42  4.2542E+42  3.3641E+35  1.2432E+41
  4.2170E+01  3.4543E+42  3.3541E+42  2.1252E+35  1.0024E+41
  4.4670E+01  2.6922E+42  2.6114E+42  1.3244E+35  8.0762E+40
  4.7320E+01  2.0760E+42  2.0110E+42  8.1590E+34  6.5004E+40
  5.0120E+01  1.5865E+42  1.5342E+42  4.9766E+34  5.2307E+40
  5.3090E+01  1.2020E+42  1.1600E+42  3.0074E+34  4.2043E+40
  5.6230E+01  9.0470E+41  8.7091E+41  1.8039E+34  3.3781E+40
  5.9570E+01  6.7612E+41  6.4902E+41  1.0738E+34  2.7096E+40
  6.3100E+01  5.0298E+41  4.8125E+41  6.3596E+33  2.1731E+40
  6.6830E+01  3.7274E+41  3.5532E+41  3.7510E+33  1.7425E+40
  7.0790E+01  2.7520E+41  2.6125E+41  2.2035E+33  1.3957E+40
  7.4990E+01  2.0253E+41  1.9136E+41  1.2902E+33  1.1169E+40
  7.9430E+01  1.4875E+41  1.3982E+41  7.5398E+32  8.9370E+39
  8.4140E+01  1.0903E+41  1.0189E+41  4.3965E+32  7.1453E+39
  8.9130E+01  7.9851E+40  7.4142E+40  2.5619E+32  5.7097E+39
  9.4410E+01  5.8440E+40  5.3878E+40  1.4921E+32  4.5619E+39
  1.0000E+02  4.2743E+40  3.9099E+40  8.6862E+31  3.6437E+39
  1.0590E+02  3.1289E+40  2.8377E+40  5.0630E+31  2.9115E+39
  1.1220E+02  2.2901E+40  2.0579E+40  2.9500E+31  2.3214E+39
  1.1890E+02  1.6801E+40  1.4952E+40  1.7233E+31  1.8488E+39
  1.2590E+02  1.2422E+40  1.0946E+40  1.0147E+31  1.4765E+39
  1.3340E+02  9.2193E+39  8.0434E+39  6.0055E+30  1.1759E+39
  1.4130E+02  6.8053E+39  5.8678E+39  3.5503E+30  9.3743E+38
  1.4960E+02  4.9392E+39  4.1907E+39  2.0651E+30  7.4857E+38
  1.5850E+02  3.5669E+39  2.9709E+39  1.1928E+30  5.9596E+38
  1.7780E+02  1.8894E+39  1.5109E+39  4.0387E+29  3.7850E+38
  1.9950E+02  1.0122E+39  7.7226E+38  1.3852E+29  2.3998E+38
  2.2390E+02  5.4674E+38  3.9481E+38  4.8011E+28  1.5193E+38
  2.5120E+02  2.9823E+38  2.0197E+38  1.6835E+28  9.6260E+37
  2.8180E+02  1.6421E+38  1.0323E+38  5.9691E+27  6.0985E+37
  3.1620E+02  9.1241E+37  5.2653E+37  2.1379E+27  3.8588E+37
  3.5480E+02  5.1235E+37  2.6828E+37  7.7406E+26  2.4406E+37
  3.9810E+02  2.9089E+37  1.3654E+37  2.8344E+26  1.5435E+37
  4.4670E+02  1.6698E+37  6.9412E+36  1.0487E+26  9.7566E+36
  5.0120E+02  9.6934E+36  3.5258E+36  3.9203E+25  6.1676E+36
  5.6230E+02  5.6895E+36  1.7901E+36  1.4792E+25  3.8994E+36
  6.3100E+02  3.3696E+36  9.0718E+35  5.6236E+24  2.4625E+36
  7.0790E+02  2.0164E+36  4.5986E+35  2.1563E+24  1.5566E+36
  7.9430E+02  1.2159E+36  2.3276E+35  8.3150E+23  9.8313E+35
  8.9130E+02  7.3840E+35  1.1768E+35  3.2234E+23  6.2071E+35
  1.0000E+03  4.5160E+35  5.9492E+34  1.2564E+23  3.9211E+35
