  1.0000E-03  8.7974E+44  0.0000E+00  3.1258E+42  8.7662E+44
  1.1220E-03  9.8754E+44  0.0000E+00  3.9675E+42  9.8357E+44
  1.2590E-03  1.1085E+45  0.0000E+00  4.7896E+42  1.1037E+45
  1.4130E-03  1.2442E+45  0.0000E+00  5.5442E+42  1.2387E+45
  1.5850E-03  1.3957E+45  0.0000E+00  6.2398E+42  1.3894E+45
  1.7780E-03  1.5663E+45  0.0000E+00  7.7103E+42  1.5586E+45
  1.9950E-03  1.7579E+45  0.0000E+00  9.0742E+42  1.7488E+45
  2.2390E-03  1.9723E+45  0.0000E+00  9.6199E+42  1.9627E+45
  2.5120E-03  2.2144E+45  0.0000E+00  1.2380E+43  2.2020E+45
  2.8180E-03  2.4844E+45  0.0000E+00  1.4175E+43  2.4702E+45
  3.1620E-03  2.7873E+45  0.0000E+00  1.5452E+43  2.7718E+45
  3.5480E-03  3.1267E+45  0.0000E+00  1.6427E+43  3.1103E+45
  3.9810E-03  3.5070E+45  0.0000E+00  1.7133E+43  3.4898E+45
  4.4670E-03  3.9475E+45  0.0000E+00  3.1711E+43  3.9158E+45
  5.0120E-03  4.4312E+45  0.0000E+00  3.7619E+43  4.3936E+45
  5.6230E-03  4.9720E+45  0.0000E+00  4.2793E+43  4.9292E+45
  5.9570E-03  5.2672E+45  0.0000E+00  4.5122E+43  5.2220E+45
  6.6830E-03  5.9079E+45  0.0000E+00  4.9405E+43  5.8585E+45
  7.4990E-03  6.6275E+45  0.0000E+00  5.3708E+43  6.5738E+45
  8.4140E-03  7.4340E+45  0.0000E+00  5.8109E+43  7.3758E+45
  9.4410E-03  8.3381E+45  0.0000E+00  6.1964E+43  8.2761E+45
  1.0590E-02  9.3473E+45  0.0000E+00  6.4019E+43  9.2833E+45
  1.1890E-02  1.0494E+46  0.0000E+00  7.1145E+43  1.0423E+46
  1.3340E-02  1.1769E+46  0.0000E+00  7.5434E+43  1.1694E+46
  1.4960E-02  1.3195E+46  0.0000E+00  8.0911E+43  1.3114E+46
  1.6790E-02  1.4804E+46  0.0000E+00  8.5964E+43  1.4718E+46
  1.8840E-02  1.6606E+46  0.0000E+00  9.0684E+43  1.6515E+46
  2.1130E-02  1.8621E+46  0.0000E+00  9.7155E+43  1.8524E+46
  2.3710E-02  2.0888E+46  0.0000E+00  1.0352E+44  2.0785E+46
  2.6610E-02  2.3436E+46  0.0000E+00  1.0998E+44  2.3326E+46
  2.9850E-02  2.6283E+46  1.3560E-82  1.1636E+44  2.6166E+46
  3.3500E-02  2.9489E+46  8.5360E-68  1.2260E+44  2.9367E+46
  3.7580E-02  3.3075E+46  1.0693E-54  1.3274E+44  3.2942E+46
  4.2170E-02  3.7125E+46  4.5804E-43  1.5770E+44  3.6967E+46
  4.7320E-02  4.1646E+46  1.1714E-32  1.6440E+44  4.1482E+46
  5.3090E-02  4.3370E+46  2.0425E-23  1.5805E+44  4.3212E+46
  6.6830E-02  4.1398E+46  6.8118E-08  1.2968E+44  4.1268E+46
  7.4990E-02  4.0450E+46  2.1489E-01  1.2196E+44  4.0328E+46
  8.4140E-02  3.9527E+46  1.1292E+05  1.1717E+44  3.9410E+46
  9.4410E-02  3.8628E+46  1.3559E+10  1.1535E+44  3.8513E+46
  1.0590E-01  3.5170E+46  3.9378E+14  1.1448E+44  3.5055E+46
  1.1890E-01  2.9572E+46  3.2173E+18  1.0503E+44  2.9467E+46
  1.3340E-01  2.4897E+46  7.1652E+21  1.0149E+44  2.4795E+46
  1.4960E-01  2.0968E+46  8.7381E+24  8.9624E+43  2.0878E+46
  1.5850E-01  1.9227E+46  2.6013E+26  8.1360E+43  1.9145E+46
  1.7780E-01  1.6177E+46  1.2864E+29  6.2626E+43  1.6114E+46
  1.9950E-01  1.3597E+46  3.3584E+31  3.8679E+43  1.3558E+46
  2.2390E-01  1.1435E+46  3.8400E+33  3.1362E+43  1.1403E+46
  2.3710E-01  1.0498E+46  2.6705E+34  3.3945E+43  1.0464E+46
  2.5120E-01  9.6313E+45  1.6098E+35  3.5497E+43  9.5958E+45
  2.6610E-01  8.8362E+45  8.9610E+35  3.5003E+43  8.8012E+45
  2.8180E-01  8.1094E+45  4.5312E+36  3.3369E+43  8.0761E+45
  2.9850E-01  7.4394E+45  2.0773E+37  3.1496E+43  7.4079E+45
  3.1620E-01  6.8244E+45  8.5410E+37  2.9787E+43  6.7947E+45
  3.3500E-01  6.2589E+45  3.2007E+38  2.8097E+43  6.2308E+45
  3.5480E-01  5.7429E+45  1.0959E+39  2.6385E+43  5.7165E+45
  3.7580E-01  5.2688E+45  3.4661E+39  2.4673E+43  5.2442E+45
  3.9810E-01  4.8328E+45  1.0087E+40  2.3099E+43  4.8097E+45
  4.2170E-01  4.4333E+45  2.6979E+40  2.1587E+43  4.4116E+45
  4.4670E-01  4.0669E+45  6.6853E+40  2.0222E+43  4.0466E+45
  4.7320E-01  3.7305E+45  1.5565E+41  1.8886E+43  3.7115E+45
  5.0120E-01  3.4227E+45  3.4134E+41  1.7570E+43  3.4048E+45
  5.3090E-01  3.1402E+45  7.0887E+41  1.6267E+43  3.1232E+45
  5.6230E-01  2.8816E+45  1.3918E+42  1.5058E+43  2.8651E+45
  5.9570E-01  2.6441E+45  2.6008E+42  1.3911E+43  2.6276E+45
  6.3100E-01  2.4278E+45  4.6229E+42  1.2817E+43  2.4103E+45
  6.6830E-01  2.2310E+45  7.8261E+42  1.1766E+43  2.2114E+45
  7.0790E-01  2.0519E+45  1.2673E+43  1.0795E+43  2.0284E+45
  7.4990E-01  1.8900E+45  1.9658E+43  9.8979E+42  1.8605E+45
  7.9430E-01  1.7449E+45  2.9251E+43  9.0602E+42  1.7066E+45
  8.4140E-01  1.6155E+45  4.1909E+43  8.2765E+42  1.5653E+45
  8.9130E-01  1.5013E+45  5.7995E+43  7.5341E+42  1.4357E+45
  9.4410E-01  1.4013E+45  7.7502E+43  6.8416E+42  1.3170E+45
  1.0000E+00  1.3145E+45  1.0020E+44  6.1992E+42  1.2081E+45
  1.0590E+00  1.2398E+45  1.2562E+44  5.6107E+42  1.1086E+45
  1.1220E+00  1.1753E+45  1.5367E+44  5.0590E+42  1.0165E+45
  1.1890E+00  1.1201E+45  1.8369E+44  4.5325E+42  9.3183E+44
  1.2590E+00  1.0732E+45  2.1400E+44  4.0196E+42  8.5520E+44
  1.3340E+00  1.0318E+45  2.4412E+44  3.5364E+42  7.8411E+44
  1.4130E+00  9.9429E+44  2.7192E+44  3.0954E+42  7.1927E+44
  1.4960E+00  9.5967E+44  2.9673E+44  2.6896E+42  6.6026E+44
  1.5850E+00  9.2673E+44  3.1899E+44  2.3116E+42  6.0543E+44
  1.6790E+00  8.9415E+44  3.3689E+44  1.9590E+42  5.5530E+44
  1.7780E+00  8.6078E+44  3.4957E+44  1.6320E+42  5.0957E+44
  1.8840E+00  8.2631E+44  3.5779E+44  1.3350E+42  4.6719E+44
  1.9950E+00  7.9067E+44  3.6085E+44  1.0722E+42  4.2875E+44
  2.1130E+00  7.5358E+44  3.5940E+44  8.4600E+41  3.9333E+44
  2.2390E+00  7.1475E+44  3.5348E+44  6.5638E+41  3.6061E+44
  2.3710E+00  6.7489E+44  3.4347E+44  5.0186E+41  3.3092E+44
  2.5120E+00  6.3427E+44  3.3045E+44  3.7905E+41  3.0344E+44
  2.6610E+00  5.9330E+44  3.1470E+44  2.8329E+41  2.7832E+44
  2.8180E+00  5.5223E+44  2.9664E+44  2.0971E+41  2.5538E+44
  2.9850E+00  5.1164E+44  2.7723E+44  1.5402E+41  2.3426E+44
  3.1620E+00  4.7177E+44  2.5679E+44  1.1231E+41  2.1487E+44
  3.3500E+00  4.3387E+44  2.3675E+44  8.1541E+40  1.9704E+44
  3.5480E+00  3.9717E+44  2.1633E+44  5.8861E+40  1.8078E+44
  3.7580E+00  3.6243E+44  1.9656E+44  4.2304E+40  1.6583E+44
  3.9810E+00  3.2973E+44  1.7760E+44  3.0285E+40  1.5210E+44
  4.2170E+00  2.9915E+44  1.5962E+44  2.1608E+40  1.3951E+44
  4.4670E+00  2.7073E+44  1.4276E+44  1.5367E+40  1.2796E+44
  4.7320E+00  2.4463E+44  1.2725E+44  1.0897E+40  1.1737E+44
  5.0120E+00  2.2107E+44  1.1315E+44  7.7214E+39  1.0791E+44
  5.3090E+00  1.9639E+44  1.0036E+44  5.3695E+39  9.6024E+43
  5.6230E+00  1.7376E+44  8.8954E+43  3.7109E+39  8.4805E+43
  5.9570E+00  1.5322E+44  7.8900E+43  2.5502E+39  7.4316E+43
  6.3100E+00  1.3422E+44  6.9514E+43  1.7370E+39  6.4710E+43
  6.6830E+00  1.1785E+44  6.1833E+43  1.1805E+39  5.6014E+43
  7.0790E+00  1.0281E+44  5.4622E+43  7.9212E+38  4.8190E+43
  7.4990E+00  9.2107E+43  5.0877E+43  5.3981E+38  4.1229E+43
  7.9430E+00  9.4733E+43  5.9623E+43  4.2473E+38  3.5109E+43
  8.4140E+00  1.0990E+44  8.0151E+43  4.0201E+38  2.9752E+43
  8.9130E+00  1.2123E+44  9.6126E+43  3.8503E+38  2.5104E+43
  9.4410E+00  1.2794E+44  1.0684E+44  3.9034E+38  2.1101E+43
  1.0000E+01  1.0556E+44  8.7889E+43  2.7413E+38  1.7671E+43
  1.0590E+01  8.2751E+43  6.7993E+43  1.7738E+38  1.4758E+43
  1.1220E+01  6.2138E+43  4.9871E+43  1.0231E+38  1.2267E+43
  1.1890E+01  4.7259E+43  3.7099E+43  5.9859E+37  1.0159E+43
  1.2590E+01  3.6136E+43  2.7724E+43  3.4419E+37  8.4119E+42
  1.3340E+01  2.8017E+43  2.1085E+43  1.9760E+37  6.9319E+42
  1.4130E+01  2.2839E+43  1.7134E+43  1.1715E+37  5.7050E+42
  1.4960E+01  2.0814E+43  1.6122E+43  7.9894E+36  4.6919E+42
  1.5850E+01  1.9571E+43  1.5729E+43  5.8553E+36  3.8414E+42
  1.6790E+01  1.8528E+43  1.5387E+43  4.4873E+36  3.1409E+42
  1.7780E+01  1.7141E+43  1.4575E+43  3.4597E+36  2.5663E+42
  1.8840E+01  1.5097E+43  1.3008E+43  2.5465E+36  2.0888E+42
  1.9950E+01  1.2660E+43  1.0958E+43  1.7340E+36  1.7013E+42
  2.1130E+01  1.0503E+43  9.1200E+42  1.1320E+36  1.3827E+42
  2.2390E+01  8.7610E+42  7.6407E+42  7.4000E+35  1.1203E+42
  2.3710E+01  7.3440E+42  6.4353E+42  4.8398E+35  9.0864E+41
  2.5120E+01  6.1557E+42  5.4209E+42  3.1738E+35  7.3479E+41
  2.6610E+01  5.1486E+42  4.5548E+42  2.0739E+35  5.9383E+41
  2.8180E+01  4.2947E+42  3.8147E+42  1.3570E+35  4.7994E+41
  2.9850E+01  3.5581E+42  3.1709E+42  8.8550E+34  3.8717E+41
  3.1620E+01  2.9219E+42  2.6099E+42  5.7397E+34  3.1199E+41
  3.3500E+01  2.3748E+42  2.1237E+42  3.6940E+34  2.5106E+41
  3.5480E+01  1.9119E+42  1.7098E+42  2.3627E+34  2.0210E+41
  3.7580E+01  1.5212E+42  1.3587E+42  1.4975E+34  1.6253E+41
  3.9810E+01  1.1944E+42  1.0639E+42  9.3935E+33  1.3054E+41
  4.2170E+01  9.2771E+41  8.2292E+41  5.8382E+33  1.0479E+41
  4.4670E+01  7.1357E+41  6.2949E+41  3.5946E+33  8.4074E+40
  4.7320E+01  5.4432E+41  4.7692E+41  2.1965E+33  6.7400E+40
  5.0120E+01  4.1246E+41  3.5843E+41  1.3344E+33  5.4034E+40
  5.3090E+01  3.1055E+41  2.6727E+41  8.0626E+32  4.3282E+40
  5.6230E+01  2.3280E+41  1.9814E+41  4.8541E+32  3.4667E+40
  5.9570E+01  1.7366E+41  1.4593E+41  2.9107E+32  2.7728E+40
  6.3100E+01  1.2922E+41  1.0704E+41  1.7430E+32  2.2180E+40
  6.6830E+01  9.5993E+40  7.8249E+40  1.0431E+32  1.7744E+40
  7.0790E+01  7.1189E+40  5.7006E+40  6.2386E+31  1.4183E+40
  7.4990E+01  5.2731E+40  4.1402E+40  3.7310E+31  1.1329E+40
  7.9430E+01  3.9064E+40  3.0013E+40  2.2343E+31  9.0505E+39
  8.4140E+01  2.8939E+40  2.1713E+40  1.3391E+31  7.2256E+39
  8.9130E+01  2.1460E+40  1.5694E+40  8.0412E+30  5.7665E+39
  9.4410E+01  1.5935E+40  1.1333E+40  4.8391E+30  4.6021E+39
  1.0000E+02  1.1848E+40  8.1760E+39  2.9181E+30  3.6722E+39
  1.0590E+02  8.8331E+39  5.9014E+39  1.7655E+30  2.9317E+39
  1.1220E+02  6.5932E+39  4.2574E+39  1.0691E+30  2.3358E+39
  1.1890E+02  4.9366E+39  3.0776E+39  6.4909E+29  1.8590E+39
  1.2590E+02  3.7252E+39  2.2414E+39  3.9689E+29  1.4838E+39
  1.3340E+02  2.8196E+39  1.6385E+39  2.4340E+29  1.1811E+39
  1.4130E+02  2.1312E+39  1.1900E+39  1.4989E+29  9.4117E+38
  1.4960E+02  1.5989E+39  8.4765E+38  9.1946E+28  7.5121E+38
  1.5850E+02  1.1973E+39  5.9952E+38  5.6170E+28  5.9781E+38
  1.7780E+02  6.8277E+38  3.0335E+38  2.1195E+28  3.7942E+38
  1.9950E+02  3.9471E+38  1.5428E+38  8.0718E+27  2.4043E+38
  2.2390E+02  2.3067E+38  7.8517E+37  3.0969E+27  1.5216E+38
  2.5120E+02  1.3638E+38  4.0004E+37  1.1974E+27  9.6376E+37
  2.8180E+02  8.1417E+37  2.0373E+37  4.6569E+26  6.1043E+37
  3.1620E+02  4.8976E+37  1.0359E+37  1.8178E+26  3.8617E+37
  3.5480E+02  2.9684E+37  5.2634E+36  7.1202E+25  2.4421E+37
  3.9810E+02  1.8114E+37  2.6722E+36  2.7987E+25  1.5442E+37
  4.4670E+02  1.1116E+37  1.3554E+36  1.1027E+25  9.7603E+36
  5.0120E+02  6.8566E+36  6.8711E+35  4.3552E+24  6.1695E+36
  5.6230E+02  4.2486E+36  3.4823E+35  1.7231E+24  3.9003E+36
  6.3100E+02  2.6391E+36  1.7619E+35  6.8218E+23  2.4629E+36
  7.0790E+02  1.6460E+36  8.9187E+34  2.7067E+23  1.5568E+36
  7.9430E+02  1.0283E+36  4.5083E+34  1.0741E+23  9.8325E+35
  8.9130E+02  6.4354E+35  2.2768E+34  4.2642E+22  6.2077E+35
  1.0000E+03  4.0363E+35  1.1498E+34  1.6951E+22  3.9214E+35
