  1.0000E-03  7.7228E+40  0.0000E+00  7.7228E+40  1.2704E+32
  1.1220E-03  3.2597E+40  0.0000E+00  3.2597E+40  8.0785E+28
  1.2590E-03  1.5028E+40  0.0000E+00  1.5028E+40  3.2118E+25
  1.4130E-03  7.0408E+39  0.0000E+00  7.0408E+39  9.0421E+21
  1.5850E-03  3.8445E+39  0.0000E+00  3.8445E+39  8.9155E+18
  1.7780E-03  4.4649E+39  0.0000E+00  4.4649E+39  9.0981E+17
  1.9950E-03  1.5516E+39  0.0000E+00  1.5516E+39  1.0233E+12
  2.2390E-03  6.0495E+38  0.0000E+00  6.0495E+38  2.9906E+07
  2.5120E-03  7.1653E+38  0.0000E+00  7.1653E+38  3.3013E+05
  2.8180E-03  1.8145E+38  0.0000E+00  1.8145E+38  1.0474E-03
  3.1620E-03  5.2530E+37  0.0000E+00  5.2530E+37  2.5121E-11
  3.5480E-03  1.6451E+37  0.0000E+00  1.6451E+37  1.6902E-18
  3.9810E-03  5.7023E+36  0.0000E+00  5.7023E+36  5.2464E-25
  4.4670E-03  1.0995E+39  0.0000E+00  1.0995E+39  5.0802E+01
  5.0120E-03  2.9443E+38  0.0000E+00  2.9443E+38  3.5678E-08
  5.6230E-03  8.2752E+37  0.0000E+00  8.2752E+37  3.0169E-17
  5.9570E-03  4.5569E+37  0.0000E+00  4.5569E+37  1.3892E-21
  6.6830E-03  1.5907E+37  0.0000E+00  1.5907E+37  2.4857E-29
  7.4990E-03  7.1883E+36  0.0000E+00  7.1883E+36  1.8363E-35
  8.4140E-03  2.7576E+36  0.0000E+00  2.7576E+36  9.4885E-43
  9.4410E-03  1.2534E+36  0.0000E+00  1.2534E+36  1.3250E-48
  1.0590E-02  7.9160E+35  0.0000E+00  7.9160E+35  2.6391E-51
  1.1890E-02  3.8720E+35  0.0000E+00  3.8720E+35  6.4206E-58
  1.3340E-02  1.9971E+35  0.0000E+00  1.9971E+35  6.9751E-63
  1.4960E-02  9.1046E+34  0.0000E+00  9.1046E+34  3.5981E-69
  1.6790E-02  4.3248E+34  0.0000E+00  4.3248E+34  6.8535E-75
  1.8840E-02  2.2038E+34  0.0000E+00  2.2038E+34  7.0439E-80
  2.1130E-02  1.1070E+34  0.0000E+00  1.1070E+34  1.6649E-85
  2.3710E-02  5.2724E+33  0.0000E+00  5.2724E+33  2.3218E-91
  2.6610E-02  2.3217E+33  0.0000E+00  2.3217E+33  9.4509E-98
  2.9850E-02  1.0233E+33  0.0000E+00  1.0233E+33  0.0000E+00
  3.3500E-02  4.3974E+32  0.0000E+00  4.3974E+32  0.0000E+00
  3.7580E-02  3.6170E+32  0.0000E+00  3.6170E+32  0.0000E+00
  4.2170E-02  2.1295E+32  0.0000E+00  2.1295E+32  0.0000E+00
  4.7320E-02  3.0013E+31  0.0000E+00  3.0013E+31  0.0000E+00
  5.3090E-02  2.6329E+30  0.0000E+00  2.6329E+30  0.0000E+00
  6.6830E-02  1.8239E+26  0.0000E+00  1.8239E+26  0.0000E+00
  7.4990E-02  3.6006E+23  0.0000E+00  3.6006E+23  0.0000E+00
  8.4140E-02  1.4738E+24  0.0000E+00  1.4738E+24  0.0000E+00
  9.4410E-02  4.2726E+24  0.0000E+00  4.2726E+24  0.0000E+00
  1.0590E-01  3.3724E+26  0.0000E+00  3.3724E+26  0.0000E+00
  1.1890E-01  3.7131E+28  0.0000E+00  3.7131E+28  0.0000E+00
  1.3340E-01  1.1626E+30  0.0000E+00  1.1626E+30  0.0000E+00
  1.4960E-01  8.7359E+30  0.0000E+00  8.7359E+30  0.0000E+00
  1.5850E-01  1.2162E+31  0.0000E+00  1.2162E+31  0.0000E+00
  1.7780E-01  5.7185E+30  0.0000E+00  5.7185E+30  0.0000E+00
  1.9950E-01  6.5965E+28  0.0000E+00  6.5965E+28  0.0000E+00
  2.2390E-01  4.6930E+27  0.0000E+00  4.6930E+27  0.0000E+00
  2.3710E-01  1.1422E+29  0.0000E+00  1.1422E+29  0.0000E+00
  2.5120E-01  2.7938E+30  0.0000E+00  2.7938E+30  0.0000E+00
  2.6610E-01  2.2420E+31  8.5508E-90  2.2420E+31  0.0000E+00
  2.8180E-01  9.4782E+31  3.9297E-81  9.4782E+31  0.0000E+00
  2.9850E-01  2.8952E+32  9.2200E-74  2.8952E+32  0.0000E+00
  3.1620E-01  7.9203E+32  5.2340E-67  7.9203E+32  8.8859E-99
  3.3500E-01  1.9853E+33  1.0679E-60  1.9853E+33  3.2523E-91
  3.5480E-01  4.4684E+33  7.0504E-55  4.4684E+33  1.9390E-84
  3.7580E-01  9.8754E+33  2.9368E-49  9.8754E+33  9.0761E-78
  3.9810E-01  2.0400E+34  5.0764E-44  2.0400E+34  1.0891E-71
  4.2170E-01  4.4669E+34  8.5801E-39  4.4669E+34  3.7564E-65
  4.4670E-01  9.6109E+34  8.0886E-34  9.6109E+34  7.3384E-59
  4.7320E-01  2.0289E+35  4.6923E-29  2.0289E+35  9.9938E-53
  5.0120E-01  4.1614E+35  1.5908E-24  4.1614E+35  8.1344E-47
  5.3090E-01  8.5848E+35  4.0911E-20  8.5848E+35  7.1090E-41
  5.6230E-01  1.6833E+36  5.1468E-16  1.6833E+36  2.0023E-35
  5.9570E-01  3.2062E+36  3.8959E-12  3.2062E+36  2.8359E-30
  6.3100E-01  6.0693E+36  2.0659E-08  6.0693E+36  3.0243E-25
  6.6830E-01  1.1403E+37  7.9290E-05  1.1403E+37  2.3788E-20
  7.0790E-01  2.1274E+37  2.1937E-01  2.1274E+37  1.2015E-15
  7.4990E-01  3.8541E+37  3.8160E+02  3.8541E+37  2.8377E-11
  7.9430E-01  6.9041E+37  4.9272E+05  6.9041E+37  4.4200E-07
  8.4140E-01  1.2279E+38  5.0207E+08  1.2279E+38  4.8901E-03
  8.9130E-01  2.2127E+38  4.9695E+11  2.2127E+38  5.2905E+01
  9.4410E-01  3.9203E+38  3.6790E+14  3.9203E+38  3.6014E+05
  1.0000E+00  6.6745E+38  1.6577E+17  6.6745E+38  1.1728E+09
  1.0590E+00  1.0998E+39  4.7123E+19  1.0998E+39  2.0052E+12
  1.1220E+00  1.7658E+39  9.3138E+21  1.7658E+39  2.0797E+15
  1.1890E+00  2.7702E+39  1.3454E+24  2.7702E+39  1.4148E+18
  1.2590E+00  4.2752E+39  1.5315E+26  4.2752E+39  7.0961E+20
  1.3340E+00  6.4513E+39  1.1917E+28  6.4513E+39  2.1162E+23
  1.4130E+00  9.5059E+39  5.8045E+29  9.5059E+39  3.3548E+25
  1.4960E+00  1.3850E+40  1.9275E+31  1.3850E+40  3.1835E+27
  1.5850E+00  2.0220E+40  4.7602E+32  2.0220E+40  2.0207E+29
  1.6790E+00  2.9751E+40  9.1647E+33  2.9751E+40  9.2229E+30
  1.7780E+00  4.3966E+40  1.3921E+35  4.3966E+40  3.0779E+32
  1.8840E+00  6.4634E+40  1.6671E+36  6.4633E+40  7.4462E+33
  1.9950E+00  9.3091E+40  1.5655E+37  9.3075E+40  1.3047E+35
  2.1130E+00  1.2973E+41  1.1572E+38  1.2962E+41  1.6576E+36
  2.2390E+00  1.7356E+41  6.7952E+38  1.7286E+41  1.5492E+37
  2.3710E+00  2.2267E+41  3.1996E+39  2.1936E+41  1.0843E+38
  2.5120E+00  2.7767E+41  1.2312E+40  2.6477E+41  5.8158E+38
  2.6610E+00  3.4667E+41  3.9534E+40  3.0467E+41  2.4705E+39
  2.8180E+00  4.5257E+41  1.0840E+41  3.3558E+41  8.5946E+39
  2.9850E+00  6.3866E+41  2.5853E+41  3.5506E+41  2.5074E+40
  3.1620E+00  9.7345E+41  5.4759E+41  3.6264E+41  6.3222E+40
  3.3500E+00  1.5294E+42  1.0342E+42  3.5709E+41  1.3809E+41
  3.5480E+00  2.4106E+42  1.7948E+42  3.4229E+41  2.7349E+41
  3.7580E+00  3.6831E+42  2.8724E+42  3.1892E+41  4.9177E+41
  3.9810E+00  5.3867E+42  4.2832E+42  2.8945E+41  8.1408E+41
  4.2170E+00  7.5194E+42  6.0066E+42  2.5649E+41  1.2563E+42
  4.4670E+00  1.0033E+43  7.9852E+42  2.2229E+41  1.8257E+42
  4.7320E+00  1.2784E+43  1.0091E+43  1.8823E+41  2.5045E+42
  5.0120E+00  1.5615E+43  1.2187E+43  1.5615E+41  3.2716E+42
  5.3090E+00  1.8197E+43  1.4123E+43  1.2526E+41  3.9487E+42
  5.6230E+00  2.0381E+43  1.5755E+43  9.8165E+40  4.5278E+42
  5.9570E+00  2.1988E+43  1.6971E+43  7.5213E+40  4.9412E+42
  6.3100E+00  2.3146E+43  1.7844E+43  5.6636E+40  5.2451E+42
  6.6830E+00  2.3800E+43  1.8401E+43  4.1996E+40  5.3567E+42
  7.0790E+00  2.4050E+43  1.8655E+43  3.0584E+40  5.3644E+42
  7.4990E+00  2.0954E+43  1.6625E+43  2.0462E+40  4.3085E+42
  7.9430E+00  9.6835E+42  8.4203E+42  1.0055E+40  1.2531E+42
  8.4140E+00  2.3924E+42  2.2897E+42  3.7596E+39  9.8943E+40
  8.9130E+00  7.9124E+41  7.8229E+41  1.6621E+39  7.2915E+39
  9.4410E+00  3.7877E+41  3.7726E+41  9.3468E+38  5.7586E+38
  1.0000E+01  6.1061E+41  6.0822E+41  9.4159E+38  1.4479E+39
  1.0590E+01  1.1370E+42  1.1301E+42  1.0294E+39  5.9340E+39
  1.1220E+01  2.2663E+42  2.2363E+42  1.1128E+39  2.8815E+40
  1.1890E+01  3.7724E+42  3.6849E+42  1.0852E+39  8.6465E+40
  1.2590E+01  5.6929E+42  5.4870E+42  9.7862E+38  2.0487E+41
  1.3340E+01  7.5593E+42  7.1913E+42  8.0307E+38  3.6727E+41
  1.4130E+01  8.5503E+42  8.0980E+42  5.8925E+38  4.5162E+41
  1.4960E+01  7.8694E+42  7.5660E+42  3.9574E+38  3.0300E+41
  1.5850E+01  7.0746E+42  6.9052E+42  2.7116E+38  1.6912E+41
  1.6790E+01  6.5278E+42  6.4379E+42  1.9421E+38  8.9651E+40
  1.7780E+01  6.3956E+42  6.3411E+42  1.4858E+38  5.4369E+40
  1.8840E+01  6.6889E+42  6.6442E+42  1.2056E+38  4.4583E+40
  1.9950E+01  7.2601E+42  7.2101E+42  9.9381E+37  4.9891E+40
  2.1130E+01  7.7758E+42  7.7181E+42  7.9108E+37  5.7674E+40
  2.2390E+01  8.1120E+42  8.0497E+42  6.1609E+37  6.2259E+40
  2.3710E+01  8.2803E+42  8.2159E+42  4.7124E+37  6.4392E+40
  2.5120E+01  8.2773E+42  8.2133E+42  3.5599E+37  6.3973E+40
  2.6610E+01  8.1209E+42  8.0588E+42  2.6490E+37  6.2147E+40
  2.8180E+01  7.8222E+42  7.7631E+42  1.9508E+37  5.9060E+40
  2.9850E+01  7.3958E+42  7.3406E+42  1.4196E+37  5.5162E+40
  3.1620E+01  6.8657E+42  6.8146E+42  1.0185E+37  5.1042E+40
  3.3500E+01  6.2563E+42  6.2095E+42  7.2051E+36  4.6798E+40
  3.5480E+01  5.6016E+42  5.5590E+42  5.0289E+36  4.2605E+40
  3.7580E+01  4.9273E+42  4.8887E+42  3.4591E+36  3.8635E+40
  3.9810E+01  4.2559E+42  4.2208E+42  2.3442E+36  3.5046E+40
  4.2170E+01  3.6149E+42  3.5832E+42  1.5651E+36  3.1678E+40
  4.4670E+01  3.0222E+42  2.9937E+42  1.0289E+36  2.8485E+40
  4.7320E+01  2.4899E+42  2.4645E+42  6.6691E+35  2.5427E+40
  5.0120E+01  2.0244E+42  2.0018E+42  4.2683E+35  2.2535E+40
  5.3090E+01  1.6249E+42  1.6051E+42  2.6985E+35  1.9806E+40
  5.6230E+01  1.2901E+42  1.2728E+42  1.6881E+35  1.7265E+40
  5.9570E+01  1.0129E+42  9.9797E+41  1.0447E+35  1.4917E+40
  6.3100E+01  7.8831E+41  7.7552E+41  6.4127E+34  1.2790E+40
  6.6830E+01  6.0872E+41  5.9783E+41  3.9077E+34  1.0890E+40
  7.0790E+01  4.6658E+41  4.5738E+41  2.3648E+34  9.2007E+39
  7.4990E+01  3.5521E+41  3.4749E+41  1.4224E+34  7.7219E+39
  7.9430E+01  2.6899E+41  2.6254E+41  8.5171E+33  6.4453E+39
  8.4140E+01  2.0265E+41  1.9730E+41  5.0758E+33  5.3493E+39
  8.9130E+01  1.5208E+41  1.4767E+41  3.0158E+33  4.4174E+39
  9.4410E+01  1.1374E+41  1.1010E+41  1.7869E+33  3.6335E+39
  1.0000E+02  8.4783E+40  8.1805E+40  1.0561E+33  2.9778E+39
  1.0590E+02  6.3089E+40  6.0655E+40  6.2367E+32  2.4338E+39
  1.1220E+02  4.6832E+40  4.4853E+40  3.6749E+32  1.9793E+39
  1.1890E+02  3.4763E+40  3.3160E+40  2.1668E+32  1.6036E+39
  1.2590E+02  2.5936E+40  2.4637E+40  1.2852E+32  1.2997E+39
  1.3340E+02  1.9386E+40  1.8338E+40  7.6499E+31  1.0481E+39
  1.4130E+02  1.4394E+40  1.3548E+40  4.5444E+31  8.4551E+38
  1.4960E+02  1.0500E+40  9.8168E+39  2.6551E+31  6.8335E+38
  1.5850E+02  7.6085E+39  7.0586E+39  1.5387E+31  5.4998E+38
  1.7780E+02  4.0320E+39  3.6765E+39  5.2208E+30  3.5545E+38
  1.9950E+02  2.1445E+39  1.9162E+39  1.7851E+30  2.2838E+38
  2.2390E+02  1.1419E+39  9.9586E+38  6.1412E+29  1.4609E+38
  2.5120E+02  6.0989E+38  5.1658E+38  2.1292E+29  9.3316E+37
  2.8180E+02  3.2668E+38  2.6718E+38  7.4408E+28  5.9501E+37
  3.1620E+02  1.7552E+38  1.3768E+38  2.6202E+28  3.7840E+37
  3.5480E+02  9.4807E+37  7.0777E+37  9.3113E+27  2.4030E+37
  3.9810E+02  5.1543E+37  3.6298E+37  3.3430E+27  1.5245E+37
  4.4670E+02  2.8235E+37  1.8574E+37  1.2125E+27  9.6610E+36
  5.0120E+02  1.5608E+37  9.4887E+36  4.4444E+26  6.1195E+36
  5.6230E+02  8.7164E+36  4.8412E+36  1.6459E+26  3.8752E+36
  6.3100E+02  4.9143E+36  2.4640E+36  6.1500E+25  2.4503E+36
  7.0790E+02  2.8041E+36  1.2537E+36  2.3213E+25  1.5504E+36
  7.9430E+02  1.6166E+36  6.3661E+35  8.8267E+24  9.8004E+35
  8.9130E+02  9.4195E+35  3.2279E+35  3.3801E+24  6.1916E+35
  1.0000E+03  5.5490E+35  1.6358E+35  1.3036E+24  3.9132E+35
