  1.0000E-03  1.2236E+43  0.0000E+00  5.6542E+42  6.5814E+42
  1.1220E-03  6.8370E+42  0.0000E+00  4.6937E+42  2.1433E+42
  1.2590E-03  4.4739E+42  0.0000E+00  3.8281E+42  6.4581E+41
  1.4130E-03  3.2578E+42  0.0000E+00  3.0740E+42  1.8381E+41
  1.5850E-03  2.6678E+42  0.0000E+00  2.6035E+42  6.4340E+40
  1.7780E-03  3.0858E+42  0.0000E+00  3.0373E+42  4.8523E+40
  1.9950E-03  2.2138E+42  0.0000E+00  2.2082E+42  5.5362E+39
  2.2390E-03  1.6353E+42  0.0000E+00  1.6342E+42  1.0829E+39
  2.5120E-03  1.9575E+42  0.0000E+00  1.9570E+42  5.6525E+38
  2.8180E-03  1.2717E+42  0.0000E+00  1.2717E+42  2.4408E+37
  3.1620E-03  8.5609E+41  0.0000E+00  8.5609E+41  1.4732E+36
  3.5480E-03  5.8884E+41  0.0000E+00  5.8883E+41  1.0547E+35
  3.9810E-03  4.1826E+41  0.0000E+00  4.1826E+41  9.7250E+33
  4.4670E-03  3.7190E+42  0.0000E+00  3.7188E+42  2.1438E+38
  5.0120E-03  2.4823E+42  0.0000E+00  2.4823E+42  7.2109E+36
  5.6230E-03  1.6727E+42  0.0000E+00  1.6727E+42  2.5010E+35
  5.9570E-03  1.3904E+42  0.0000E+00  1.3904E+42  5.0264E+34
  6.6830E-03  1.0108E+42  0.0000E+00  1.0108E+42  2.8888E+33
  7.4990E-03  8.1001E+41  0.0000E+00  8.1001E+41  3.0734E+32
  8.4140E-03  6.1592E+41  0.0000E+00  6.1592E+41  2.1056E+31
  9.4410E-03  4.9531E+41  0.0000E+00  4.9531E+41  2.4892E+30
  1.0590E-02  4.3455E+41  0.0000E+00  4.3455E+41  9.7841E+29
  1.1890E-02  3.7599E+41  0.0000E+00  3.7599E+41  8.6674E+28
  1.3340E-02  3.1841E+41  0.0000E+00  3.1841E+41  1.4387E+28
  1.4960E-02  2.6447E+41  0.0000E+00  2.6447E+41  1.4418E+27
  1.6790E-02  2.2128E+41  0.0000E+00  2.2128E+41  1.7947E+26
  1.8840E-02  1.8798E+41  0.0000E+00  1.8798E+41  2.9521E+25
  2.1130E-02  1.6331E+41  0.0000E+00  1.6331E+41  3.8062E+24
  2.3710E-02  1.3919E+41  0.0000E+00  1.3919E+41  4.4986E+23
  2.6610E-02  1.1617E+41  0.0000E+00  1.1617E+41  4.3376E+22
  2.9850E-02  9.6847E+40  0.0000E+00  9.6847E+40  4.3437E+21
  3.3500E-02  8.0129E+40  0.0000E+00  8.0129E+40  4.1810E+20
  3.7580E-02  8.0420E+40  9.7038E-81  8.0420E+40  2.4327E+20
  4.2170E-02  8.1153E+40  3.6470E-70  8.1153E+40  2.2727E+19
  4.7320E-02  5.0778E+40  3.1036E-62  5.0778E+40  7.4580E+16
  5.3090E-02  2.6775E+40  5.8959E-56  2.6775E+40  7.2428E+13
  6.6830E-02  2.1593E+39  3.8387E-52  2.1593E+39  7.2444E+01
  7.4990E-02  3.8312E+38  4.3020E-53  3.8312E+38  1.6265E-06
  8.4140E-02  5.4751E+38  1.5836E-45  5.4751E+38  1.2349E-04
  9.4410E-02  7.4182E+38  3.6270E-39  7.4182E+38  2.4665E-03
  1.0590E-01  2.4382E+39  1.6657E-29  2.4382E+39  4.7672E+02
  1.1890E-01  7.7420E+39  1.0623E-19  7.7420E+39  4.4738E+08
  1.3340E-01  1.7728E+40  4.3232E-12  1.7728E+40  9.0845E+12
  1.4960E-01  2.6339E+40  2.9008E-06  2.6339E+40  5.0579E+15
  1.5850E-01  2.7248E+40  2.7634E-04  2.7248E+40  1.5290E+16
  1.7780E-01  2.0620E+40  2.1561E-02  2.0620E+40  1.8663E+15
  1.9950E-01  5.1485E+39  7.1412E-05  5.1485E+39  1.4271E+10
  2.2390E-01  2.1022E+39  9.1618E-06  2.1022E+39  1.0822E+07
  2.3710E-01  4.8953E+39  3.1001E-01  4.8953E+39  5.9107E+10
  2.5120E-01  1.1103E+40  1.3082E+04  1.1103E+40  4.6713E+14
  2.6610E-01  1.8284E+40  2.9752E+07  1.8284E+40  2.0025E+17
  2.8180E-01  2.5047E+40  1.1756E+10  2.5047E+40  1.5727E+19
  2.9850E-01  3.1594E+40  1.6957E+12  3.1594E+40  4.8588E+20
  3.1620E-01  3.9085E+40  1.5452E+14  3.9085E+40  1.0465E+22
  3.3500E-01  4.7521E+40  9.9784E+15  4.7521E+40  1.7382E+23
  3.5480E-01  5.6322E+40  4.3961E+17  5.6322E+40  2.1389E+24
  3.7580E-01  6.6690E+40  1.7265E+19  6.6690E+40  2.5283E+25
  3.9810E-01  7.8178E+40  5.0086E+20  7.8178E+40  2.3854E+26
  4.2170E-01  9.3801E+40  1.5919E+22  9.3801E+40  2.6802E+27
  4.4670E-01  1.1325E+41  4.2830E+23  1.1325E+41  2.7413E+28
  4.7320E-01  1.3685E+41  1.0241E+25  1.3685E+41  2.6410E+29
  5.0120E-01  1.6483E+41  2.1269E+26  1.6483E+41  2.3370E+30
  5.3090E-01  1.9996E+41  4.2478E+27  1.9996E+41  2.0923E+31
  5.6230E-01  2.4002E+41  6.6812E+28  2.4002E+41  1.5533E+32
  5.9570E-01  2.8632E+41  8.9631E+29  2.8632E+41  1.0288E+33
  6.3100E-01  3.4166E+41  1.0948E+31  3.4166E+41  6.5035E+33
  6.6830E-01  4.0703E+41  1.2152E+32  4.0703E+41  3.9095E+34
  7.0790E-01  4.8432E+41  1.2028E+33  4.8432E+41  2.1837E+35
  7.4990E-01  5.7038E+41  1.0087E+34  5.7038E+41  1.0755E+36
  7.9430E-01  6.6886E+41  7.5941E+34  6.6886E+41  4.9449E+36
  8.4140E-01  7.8189E+41  5.2155E+35  7.8187E+41  2.1483E+37
  8.9130E-01  9.1824E+41  3.4538E+36  9.1814E+41  9.2987E+37
  9.4410E-01  1.0724E+42  2.0507E+37  1.0720E+42  3.7281E+38
  1.0000E+00  1.2362E+42  1.0452E+38  1.2347E+42  1.3230E+39
  1.0590E+00  1.4134E+42  4.6508E+38  1.4087E+42  4.2215E+39
  1.1220E+00  1.6096E+42  1.8622E+39  1.5954E+42  1.2393E+40
  1.1890E+00  1.8355E+42  6.8040E+39  1.7948E+42  3.3923E+40
  1.2590E+00  2.1208E+42  2.3044E+40  2.0094E+42  8.8372E+40
  1.3340E+00  2.5107E+42  7.0228E+40  2.2294E+42  2.1107E+41
  1.4130E+00  3.0885E+42  1.8835E+41  2.4459E+42  4.5424E+41
  1.4960E+00  4.0101E+42  4.5465E+41  2.6570E+42  8.9849E+41
  1.5850E+00  5.5333E+42  1.0124E+42  2.8597E+42  1.6613E+42
  1.6790E+00  8.0527E+42  2.0969E+42  3.0466E+42  2.9092E+42
  1.7780E+00  1.2091E+43  4.0508E+42  3.2009E+42  4.8392E+42
  1.8840E+00  1.8252E+43  7.3210E+42  3.3042E+42  7.6264E+42
  1.9950E+00  2.7093E+43  1.2351E+43  3.3382E+42  1.1403E+43
  2.1130E+00  3.8961E+43  1.9507E+43  3.2919E+42  1.6163E+43
  2.2390E+00  5.3834E+43  2.8910E+43  3.1626E+42  2.1761E+43
  2.3710E+00  7.1220E+43  4.0310E+43  2.9581E+42  2.7952E+43
  2.5120E+00  9.0264E+43  5.3230E+43  2.6977E+42  3.4336E+43
  2.6610E+00  1.0988E+44  6.6890E+43  2.4021E+42  4.0588E+43
  2.8180E+00  1.2895E+44  8.0419E+43  2.0915E+42  4.6435E+43
  2.9850E+00  1.4642E+44  9.3047E+43  1.7849E+42  5.1586E+43
  3.1620E+00  1.6153E+44  1.0410E+44  1.4959E+42  5.5936E+43
  3.3500E+00  1.7358E+44  1.1312E+44  1.2333E+42  5.9218E+43
  3.5480E+00  1.8251E+44  1.1980E+44  1.0023E+42  6.1711E+43
  3.7580E+00  1.8820E+44  1.2411E+44  8.0358E+41  6.3281E+43
  3.9810E+00  1.9076E+44  1.2613E+44  6.3649E+41  6.3998E+43
  4.2170E+00  1.9051E+44  1.2603E+44  4.9867E+41  6.3981E+43
  4.4670E+00  1.8784E+44  1.2413E+44  3.8684E+41  6.3329E+43
  4.7320E+00  1.8316E+44  1.2078E+44  2.9719E+41  6.2087E+43
  5.0120E+00  1.7707E+44  1.1634E+44  2.2662E+41  6.0504E+43
  5.3090E+00  1.6786E+44  1.1107E+44  1.6957E+41  5.6624E+43
  5.6230E+00  1.5767E+44  1.0533E+44  1.2560E+41  5.2217E+43
  5.9570E+00  1.4694E+44  9.9399E+43  9.2191E+40  4.7451E+43
  6.3100E+00  1.3577E+44  9.3009E+43  6.6966E+40  4.2694E+43
  6.6830E+00  1.2547E+44  8.7444E+43  4.8486E+40  3.7982E+43
  7.0790E+00  1.1518E+44  8.1640E+43  3.4652E+40  3.3509E+43
  7.4990E+00  1.0530E+44  7.6907E+43  2.4253E+40  2.8371E+43
  7.9430E+00  9.4103E+43  7.3860E+43  1.6401E+40  2.0226E+43
  8.4140E+00  7.6199E+43  6.4614E+43  1.1091E+40  1.1574E+43
  8.9130E+00  5.7801E+43  5.1269E+43  7.9181E+39  6.5240E+42
  9.4410E+00  4.2617E+43  3.8902E+43  6.2843E+39  3.7080E+42
  1.0000E+01  4.2821E+43  3.9091E+43  5.1714E+39  3.7248E+42
  1.0590E+01  4.4530E+43  4.0478E+43  4.2307E+39  4.0474E+42
  1.1220E+01  4.6295E+43  4.1786E+43  3.2668E+39  4.5053E+42
  1.1890E+01  4.5603E+43  4.0984E+43  2.4665E+39  4.6169E+42
  1.2590E+01  4.4211E+43  3.9660E+43  1.8245E+39  4.5492E+42
  1.3340E+01  4.2140E+43  3.7876E+43  1.3190E+39  4.2632E+42
  1.4130E+01  3.9854E+43  3.6104E+43  9.2693E+38  3.7497E+42
  1.4960E+01  3.7528E+43  3.4545E+43  6.5642E+38  2.9817E+42
  1.5850E+01  3.5564E+43  3.3272E+43  4.8554E+38  2.2912E+42
  1.6790E+01  3.4085E+43  3.2341E+43  3.7706E+38  1.7438E+42
  1.7780E+01  3.3310E+43  3.1954E+43  3.0795E+38  1.3562E+42
  1.8840E+01  3.3380E+43  3.2274E+43  2.5963E+38  1.1052E+42
  1.9950E+01  3.4090E+43  3.3141E+43  2.1820E+38  9.4878E+41
  2.1130E+01  3.4968E+43  3.4150E+43  1.7906E+38  8.1737E+41
  2.2390E+01  3.5817E+43  3.5123E+43  1.4617E+38  6.9446E+41
  2.3710E+01  3.6547E+43  3.5961E+43  1.1838E+38  5.8637E+41
  2.5120E+01  3.7010E+43  3.6519E+43  9.5327E+37  4.9061E+41
  2.6610E+01  3.7104E+43  3.6695E+43  7.5837E+37  4.0875E+41
  2.8180E+01  3.6736E+43  3.6396E+43  5.9733E+37  3.3933E+41
  2.9850E+01  3.5835E+43  3.5554E+43  4.6453E+37  2.8046E+41
  3.1620E+01  3.4380E+43  3.4149E+43  3.5544E+37  2.3122E+41
  3.3500E+01  3.2403E+43  3.2213E+43  2.6743E+37  1.9013E+41
  3.5480E+01  2.9997E+43  2.9841E+43  1.9782E+37  1.5620E+41
  3.7580E+01  2.7265E+43  2.7137E+43  1.4378E+37  1.2814E+41
  3.9810E+01  2.4309E+43  2.4204E+43  1.0268E+37  1.0501E+41
  4.2170E+01  2.1291E+43  2.1205E+43  7.2041E+36  8.5970E+40
  4.4670E+01  1.8336E+43  1.8265E+43  4.9642E+36  7.0287E+40
  4.7320E+01  1.5547E+43  1.5489E+43  3.3651E+36  5.7358E+40
  5.0120E+01  1.2994E+43  1.2947E+43  2.2466E+36  4.6753E+40
  5.3090E+01  1.0711E+43  1.0673E+43  1.4781E+36  3.8029E+40
  5.6230E+01  8.7233E+42  8.6924E+42  9.5998E+35  3.0890E+40
  5.9570E+01  7.0191E+42  6.9940E+42  6.1548E+35  2.5024E+40
  6.3100E+01  5.5919E+42  5.5716E+42  3.9043E+35  2.0249E+40
  6.6830E+01  4.4147E+42  4.3983E+42  2.4529E+35  1.6367E+40
  7.0790E+01  3.4560E+42  3.4428E+42  1.5271E+35  1.3203E+40
  7.4990E+01  2.6841E+42  2.6735E+42  9.4287E+34  1.0633E+40
  7.9430E+01  2.0710E+42  2.0624E+42  5.7816E+34  8.5560E+39
  8.4140E+01  1.5879E+42  1.5810E+42  3.5210E+34  6.8749E+39
  8.9130E+01  1.2114E+42  1.2059E+42  2.1333E+34  5.5177E+39
  9.4410E+01  9.1983E+41  9.1541E+41  1.2861E+34  4.4256E+39
  1.0000E+02  6.9532E+41  6.9178E+41  7.7175E+33  3.5470E+39
  1.0590E+02  5.2405E+41  5.2120E+41  4.6175E+33  2.8428E+39
  1.1220E+02  3.9364E+41  3.9137E+41  2.7520E+33  2.2726E+39
  1.1890E+02  2.9540E+41  2.9358E+41  1.6386E+33  1.8141E+39
  1.2590E+02  2.2257E+41  2.2112E+41  9.7991E+32  1.4517E+39
  1.3340E+02  1.6793E+41  1.6677E+41  5.8764E+32  1.1580E+39
  1.4130E+02  1.2563E+41  1.2470E+41  3.5061E+32  9.2463E+38
  1.4960E+02  9.2070E+40  9.1331E+40  2.0462E+32  7.3953E+38
  1.5850E+02  6.6933E+40  6.6344E+40  1.1813E+32  5.8962E+38
  1.7780E+02  3.5590E+40  3.5214E+40  3.9557E+31  3.7534E+38
  1.9950E+02  1.8905E+40  1.8666E+40  1.3238E+31  2.3840E+38
  2.2390E+02  9.9989E+39  9.8478E+39  4.4154E+30  1.5114E+38
  2.5120E+02  5.2721E+39  5.1762E+39  1.4689E+30  9.5863E+37
  2.8180E+02  2.7693E+39  2.7086E+39  4.8722E+29  6.0785E+37
  3.1620E+02  1.4487E+39  1.4102E+39  1.6105E+29  3.8488E+37
  3.5480E+02  7.5592E+38  7.3156E+38  5.3122E+28  2.4356E+37
  3.9810E+02  3.9362E+38  3.7821E+38  1.7505E+28  1.5409E+37
  4.4670E+02  2.0465E+38  1.9491E+38  5.7655E+27  9.7438E+36
  5.0120E+02  1.0636E+38  1.0020E+38  1.9003E+27  6.1612E+36
  5.6230E+02  5.5303E+37  5.1406E+37  6.2728E+26  3.8962E+36
  6.3100E+02  2.8754E+37  2.6293E+37  2.0742E+26  2.4608E+36
  7.0790E+02  1.4992E+37  1.3436E+37  6.8891E+25  1.5557E+36
  7.9430E+02  7.8318E+36  6.8490E+36  2.2968E+25  9.8272E+35
  8.9130E+02  4.1052E+36  3.4847E+36  7.6990E+24  6.2050E+35
  1.0000E+03  2.1633E+36  1.7713E+36  2.6005E+24  3.9200E+35
