  1.0000E-03  6.5688E+41  3.7359E+04  5.3711E+41  1.1977E+41
  1.1220E-03  2.0261E+41  2.9810E+04  1.8848E+41  1.4139E+40
  1.2590E-03  6.9229E+40  2.5496E+04  6.7783E+40  1.4459E+39
  1.4130E-03  2.3989E+40  2.0494E+04  2.3856E+40  1.3292E+38
  1.5850E-03  1.0014E+40  1.7989E+04  9.9962E+39  1.7705E+37
  1.7780E-03  9.8902E+39  1.6728E+04  9.8808E+39  9.4201E+36
  1.9950E-03  2.1486E+39  1.2789E+04  2.1484E+39  1.6325E+35
  2.2390E-03  5.7335E+38  1.0415E+04  5.7334E+38  7.4782E+33
  2.5120E-03  5.0690E+38  9.4354E+03  5.0690E+38  2.0206E+33
  2.8180E-03  6.5942E+37  6.6460E+03  6.5942E+37  5.9779E+30
  3.1620E-03  1.0303E+37  4.8878E+03  1.0303E+37  3.2481E+28
  3.5480E-03  1.7789E+36  3.6815E+03  1.7789E+36  2.4100E+26
  3.9810E-03  3.5500E+35  2.8825E+03  3.5500E+35  2.8396E+24
  4.4670E-03  1.1129E+39  3.4639E+03  1.1129E+39  2.6067E+32
  5.0120E-03  1.2755E+38  2.3426E+03  1.2755E+38  4.7740E+29
  5.6230E-03  1.5264E+37  1.6355E+03  1.5264E+37  9.2192E+26
  5.9570E-03  5.5967E+36  1.3874E+03  5.5967E+36  4.6534E+25
  6.6830E-03  9.5318E+35  1.0414E+03  9.5318E+35  2.2593E+23
  7.4990E-03  2.4226E+35  8.3460E+02  2.4226E+35  3.3588E+21
  8.4140E-03  4.8862E+34  6.4444E+02  4.8862E+34  2.2587E+19
  9.4410E-03  1.3326E+34  5.2534E+02  1.3326E+34  4.0937E+17
  1.0590E-02  6.6815E+33  4.7910E+02  6.6815E+33  6.5511E+16
  1.1890E-02  1.7980E+33  3.8187E+02  1.7980E+33  7.0540E+14
  1.3340E-02  6.0912E+32  3.2292E+02  6.0912E+32  2.3707E+13
  1.4960E-02  1.6327E+32  2.6145E+02  1.6327E+32  3.1934E+11
  1.6790E-02  4.8341E+31  2.1623E+02  4.8341E+31  6.3652E+09
  1.8840E-02  1.6443E+31  1.8365E+02  1.6443E+31  2.1014E+08
  2.1130E-02  5.1892E+30  1.5286E+02  5.1892E+30  4.4630E+06
  2.3710E-02  1.5402E+30  1.2351E+02  1.5402E+30  8.0857E+04
  2.6610E-02  4.0765E+29  9.7874E+01  4.0765E+29  1.0105E+03
  2.9850E-02  1.0935E+29  7.9868E+01  1.0935E+29  1.3493E+01
  3.3500E-02  2.8361E+28  6.4911E+01  2.8361E+28  1.6727E-01
  3.7580E-02  1.9932E+28  6.1504E+01  1.9932E+28  5.6763E-02
  4.2170E-02  7.7024E+27  4.9505E+01  7.7024E+27  6.6633E-04
  4.7320E-02  3.4614E+26  8.2319E+01  3.4614E+26  1.6568E-08
  5.3090E-02  7.6038E+24  4.4948E+01  7.6038E+24  4.7050E-14
  6.6830E-02  2.1243E+18  4.2955E+00  2.1243E+18  4.9928E-36
  7.4990E-02  1.1631E+14  8.8626E-01  1.1631E+14  4.5758E-50
  8.4140E-02  1.1855E+15  1.2714E+00  1.1855E+15  1.3685E-46
  9.4410E-02  6.4694E+15  1.6321E+00  6.4694E+15  3.5365E-44
  1.0590E-01  6.2519E+18  4.5535E+00  6.2519E+18  2.0746E-34
  1.1890E-01  1.0600E+22  1.4721E+01  1.0600E+22  2.3521E-23
  1.3340E-01  2.2543E+24  3.4668E+01  2.2543E+24  2.3211E-15
  1.4960E-01  4.8942E+25  6.0336E+01  4.8942E+25  3.1260E-10
  1.5850E-01  7.5853E+25  6.6824E+01  7.5853E+25  2.5692E-09
  1.7780E-01  2.2586E+25  5.6746E+01  2.2586E+25  5.6943E-11
  1.9950E-01  3.0397E+22  2.1156E+01  3.0397E+22  2.2744E-20
  2.2390E-01  6.3130E+20  1.1725E+01  6.3130E+20  4.2846E-26
  2.3710E-01  8.8939E+22  2.4566E+01  8.8939E+22  3.2870E-19
  2.5120E-01  1.2934E+25  5.3265E+01  1.2934E+25  4.9743E-12
  2.6610E-01  3.3893E+26  9.0162E+01  3.3893E+26  3.5725E-07
  2.8180E-01  3.3443E+27  1.3210E+02  3.3443E+27  1.1336E-03
  2.9850E-01  2.0004E+28  1.8012E+02  2.0004E+28  6.4951E-01
  3.1620E-01  1.0109E+29  2.3853E+02  1.0109E+29  1.9190E+02
  3.3500E-01  4.4788E+29  2.9874E+02  4.4788E+29  3.5184E+04
  3.5480E-01  1.6912E+30  3.7264E+02  1.6912E+30  3.7197E+06
  3.7580E-01  6.2751E+30  5.4584E+02  6.2751E+30  3.6395E+08
  3.9810E-01  2.0937E+31  1.8377E+04  2.0937E+31  2.3626E+10
  4.2170E-01  7.7558E+31  4.8398E+06  7.7558E+31  2.1037E+12
  4.4670E-01  2.7851E+32  1.0276E+09  2.7851E+32  1.5791E+14
  4.7320E-01  9.7428E+32  1.8413E+11  9.7428E+32  1.0621E+16
  5.0120E-01  3.2653E+33  2.6625E+13  3.2653E+33  6.1119E+17
  5.3090E-01  1.1069E+34  3.7328E+15  1.1069E+34  3.5867E+19
  5.6230E-01  3.4303E+34  3.5142E+17  3.4303E+34  1.4967E+21
  5.9570E-01  1.0091E+35  2.5605E+19  1.0091E+35  5.0747E+22
  6.3100E-01  2.9211E+35  1.6314E+21  2.9211E+35  1.5794E+24
  6.6830E-01  8.3028E+35  9.0452E+22  8.3028E+35  4.4822E+25
  7.0790E-01  2.3096E+36  4.2048E+24  2.3096E+36  1.1138E+27
  7.4990E-01  6.0929E+36  1.4892E+26  6.0929E+36  2.2029E+28
  7.9430E-01  1.5737E+37  4.4695E+27  1.5737E+37  3.8474E+29
  8.4140E-01  4.0078E+37  1.1672E+29  4.0078E+37  6.0627E+30
  8.9130E-01  1.0372E+38  2.9358E+30  1.0372E+38  9.4982E+31
  9.4410E-01  2.6024E+38  6.2087E+31  2.6023E+38  1.2939E+33
  1.0000E+00  6.1189E+38  1.0160E+33  6.1187E+38  1.4107E+34
  1.0590E+00  1.3595E+39  1.3263E+34  1.3593E+39  1.2670E+35
  1.1220E+00  2.8821E+39  1.4530E+35  2.8810E+39  9.7876E+35
  1.1890E+00  5.8387E+39  1.3700E+36  5.8307E+39  6.6590E+36
  1.2590E+00  1.1375E+40  1.1484E+37  1.1322E+40  4.1376E+37
  1.3340E+00  2.1076E+40  8.0449E+37  2.0777E+40  2.1954E+38
  1.4130E+00  3.7171E+40  4.5266E+38  3.5756E+40  9.6214E+38
  1.4960E+00  6.4468E+40  2.1280E+39  5.8729E+40  3.6111E+39
  1.5850E+00  1.1488E+41  8.7003E+39  9.4189E+40  1.1990E+40
  1.6790E+00  2.1810E+41  3.1529E+40  1.5054E+41  3.6033E+40
  1.7780E+00  4.4331E+41  1.0176E+41  2.4303E+41  9.8524E+40
  1.8840E+00  9.3418E+41  2.9272E+41  3.9726E+41  2.4420E+41
  1.9950E+00  1.9452E+42  7.4881E+41  6.4716E+41  5.4921E+41
  2.1130E+00  3.8539E+42  1.7074E+42  1.0264E+42  1.1201E+42
  2.2390E+00  7.1136E+42  3.4842E+42  1.5494E+42  2.0799E+42
  2.3710E+00  1.2130E+43  6.3994E+42  2.1902E+42  3.5398E+42
  2.5120E+00  1.9120E+43  1.0681E+43  2.8857E+42  5.5535E+42
  2.6610E+00  2.8031E+43  1.6366E+43  3.5473E+42  8.1178E+42
  2.8180E+00  3.8533E+43  2.3272E+43  4.0903E+42  1.1170E+43
  2.9850E+00  5.0022E+43  3.1005E+43  4.4498E+42  1.4567E+43
  3.1620E+00  6.1848E+43  3.9074E+43  4.6024E+42  1.8171E+43
  3.3500E+00  7.3043E+43  4.6813E+43  4.5331E+42  2.1697E+43
  3.5480E+00  8.3389E+43  5.3930E+43  4.3055E+42  2.5154E+43
  3.7580E+00  9.2211E+43  5.9950E+43  3.9470E+42  2.8314E+43
  3.9810E+00  9.9178E+43  6.4594E+43  3.5069E+42  3.1077E+43
  4.2170E+00  1.0419E+44  6.7768E+43  3.0327E+42  3.3390E+43
  4.4670E+00  1.0726E+44  6.9476E+43  2.5603E+42  3.5225E+43
  4.7320E+00  1.0833E+44  6.9701E+43  2.1105E+42  3.6515E+43
  5.0120E+00  1.0767E+44  6.8605E+43  1.7044E+42  3.7358E+43
  5.3090E+00  1.0412E+44  6.6314E+43  1.3346E+42  3.6472E+43
  5.6230E+00  9.8975E+43  6.3077E+43  1.0219E+42  3.4875E+43
  5.9570E+00  9.2580E+43  5.9139E+43  7.6590E+41  3.2674E+43
  6.3100E+00  8.5514E+43  5.4728E+43  5.6437E+41  3.0222E+43
  6.6830E+00  7.8577E+43  5.0655E+43  4.1090E+41  2.7511E+43
  7.0790E+00  7.1515E+43  4.6431E+43  2.9394E+41  2.4790E+43
  7.4990E+00  6.1585E+43  4.0566E+43  1.9348E+41  2.0825E+43
  7.9430E+00  4.1792E+43  2.8836E+43  9.4376E+40  1.2861E+43
  8.4140E+00  2.1199E+43  1.5808E+43  3.5309E+40  5.3557E+42
  8.9130E+00  1.1079E+43  8.8861E+42  1.5133E+40  2.1779E+42
  9.4410E+00  6.3211E+42  5.4114E+42  8.0186E+39  9.0171E+41
  1.0000E+01  7.7056E+42  6.6472E+42  8.3226E+39  1.0501E+42
  1.0590E+01  1.0168E+43  8.7454E+42  9.3176E+39  1.4128E+42
  1.1220E+01  1.3501E+43  1.1498E+43  1.0084E+40  1.9933E+42
  1.1890E+01  1.5777E+43  1.3339E+43  9.6451E+39  2.4283E+42
  1.2590E+01  1.7236E+43  1.4472E+43  8.4625E+39  2.7555E+42
  1.3340E+01  1.7512E+43  1.4639E+43  6.7540E+39  2.8665E+42
  1.4130E+01  1.6687E+43  1.4021E+43  4.8488E+39  2.6609E+42
  1.4960E+01  1.5052E+43  1.2990E+43  3.2176E+39  2.0591E+42
  1.5850E+01  1.3501E+43  1.1996E+43  2.1754E+39  1.5030E+42
  1.6790E+01  1.2180E+43  1.1099E+43  1.5285E+39  1.0793E+42
  1.7780E+01  1.1177E+43  1.0370E+43  1.1380E+39  8.0651E+41
  1.8840E+01  1.0473E+43  9.8145E+42  8.9238E+38  6.5785E+41
  1.9950E+01  9.9186E+42  9.3286E+42  7.0959E+38  5.8928E+41
  2.1130E+01  9.2882E+42  8.7555E+42  5.4460E+38  5.3218E+41
  2.2390E+01  8.5697E+42  8.0995E+42  4.0874E+38  4.6984E+41
  2.3710E+01  7.8210E+42  7.4109E+42  3.0143E+38  4.0981E+41
  2.5120E+01  7.0484E+42  6.6957E+42  2.1952E+38  3.5244E+41
  2.6610E+01  6.2811E+42  5.9800E+42  1.5758E+38  3.0094E+41
  2.8180E+01  5.5362E+42  5.2808E+42  1.1206E+38  2.5530E+41
  2.9850E+01  4.8180E+42  4.6027E+42  7.8810E+37  2.1518E+41
  3.1620E+01  4.1386E+42  3.9578E+42  5.4728E+37  1.8073E+41
  3.3500E+01  3.5066E+42  3.3553E+42  3.7523E+37  1.5124E+41
  3.5480E+01  2.9340E+42  2.8077E+42  2.5431E+37  1.2633E+41
  3.7580E+01  2.4215E+42  2.3162E+42  1.7016E+37  1.0533E+41
  3.9810E+01  1.9693E+42  1.8815E+42  1.1240E+37  8.7757E+40
  4.2170E+01  1.5810E+42  1.5080E+42  7.3291E+36  7.3015E+40
  4.4670E+01  1.2539E+42  1.1933E+42  4.7145E+36  6.0628E+40
  4.7320E+01  9.8369E+41  9.3348E+41  2.9956E+36  5.0206E+40
  5.0120E+01  7.6436E+41  7.2287E+41  1.8827E+36  4.1487E+40
  5.3090E+01  5.8842E+41  5.5425E+41  1.1708E+36  3.4176E+40
  5.6230E+01  4.4962E+41  4.2154E+41  7.2159E+35  2.8083E+40
  5.9570E+01  3.4085E+41  3.1786E+41  4.4065E+35  2.2991E+40
  6.3100E+01  2.5699E+41  2.3821E+41  2.6731E+35  1.8781E+40
  6.6830E+01  1.9286E+41  1.7755E+41  1.6124E+35  1.5310E+40
  7.0790E+01  1.4409E+41  1.3165E+41  9.6728E+34  1.2444E+40
  7.4990E+01  1.0723E+41  9.7143E+40  5.7762E+34  1.0090E+40
  7.9430E+01  7.9607E+40  7.1439E+40  3.4390E+34  8.1680E+39
  8.4140E+01  5.8952E+40  5.2354E+40  2.0410E+34  6.5980E+39
  8.9130E+01  4.3602E+40  3.8282E+40  1.2094E+34  5.3203E+39
  9.4410E+01  3.2219E+40  2.7934E+40  7.1579E+33  4.2849E+39
  1.0000E+02  2.3789E+40  2.0342E+40  4.2324E+33  3.4468E+39
  1.0590E+02  1.7577E+40  1.4806E+40  2.5046E+33  2.7713E+39
  1.1220E+02  1.2983E+40  1.0761E+40  1.4807E+33  2.2217E+39
  1.1890E+02  9.6072E+39  7.8294E+39  8.7691E+32  1.7778E+39
  1.2590E+02  7.1590E+39  5.7334E+39  5.2293E+32  1.4256E+39
  1.3340E+02  5.3500E+39  4.2108E+39  3.1304E+32  1.1392E+39
  1.4130E+02  3.9833E+39  3.0722E+39  1.8750E+32  9.1116E+38
  1.4960E+02  2.9290E+39  2.1989E+39  1.1101E+32  7.3002E+38
  1.5850E+02  2.1456E+39  1.5627E+39  6.5339E+31  5.8293E+38
  1.7780E+02  1.1692E+39  7.9715E+38  2.2945E+31  3.7201E+38
  1.9950E+02  6.4479E+38  4.0806E+38  8.1583E+30  2.3672E+38
  2.2390E+02  3.5908E+38  2.0879E+38  2.9320E+30  1.5030E+38
  2.5120E+02  2.0228E+38  1.0684E+38  1.0662E+30  9.5440E+37
  2.8180E+02  1.1518E+38  5.4610E+37  3.9192E+29  6.0573E+37
  3.1620E+02  6.6232E+37  2.7851E+37  1.4539E+29  3.8381E+37
  3.5480E+02  3.8489E+37  1.4187E+37  5.4432E+28  2.4302E+37
  3.9810E+02  2.2600E+37  7.2180E+36  2.0566E+28  1.5382E+37
  4.4670E+02  1.3398E+37  3.6677E+36  7.8318E+27  9.7302E+36
  5.0120E+02  8.0165E+36  1.8622E+36  3.0045E+27  6.1543E+36
  5.6230E+02  4.8377E+36  9.4498E+35  1.1600E+27  3.8927E+36
  6.3100E+02  2.9378E+36  4.7867E+35  4.4993E+26  2.4591E+36
  7.0790E+02  1.7974E+36  2.4252E+35  1.7552E+26  1.5549E+36
  7.9430E+02  1.1050E+36  1.2270E+35  6.8682E+25  9.8228E+35
  8.9130E+02  6.8229E+35  6.2008E+34  2.6956E+25  6.2028E+35
  1.0000E+03  4.2322E+35  3.1333E+34  1.0616E+25  3.9189E+35
