  1.0000E-03  8.7892E+44  5.6209E+00  2.2964E+42  8.7662E+44
  1.1220E-03  9.8646E+44  5.9469E+00  2.8849E+42  9.8357E+44
  1.2590E-03  1.1071E+45  6.2666E+00  3.4458E+42  1.1037E+45
  1.4130E-03  1.2426E+45  6.5819E+00  3.9456E+42  1.2387E+45
  1.5850E-03  1.3938E+45  6.9456E+00  4.3926E+42  1.3894E+45
  1.7780E-03  1.5640E+45  7.5063E+00  5.4009E+42  1.5586E+45
  1.9950E-03  1.7551E+45  7.5823E+00  6.3174E+42  1.7488E+45
  2.2390E-03  1.9694E+45  7.7990E+00  6.6330E+42  1.9627E+45
  2.5120E-03  2.2106E+45  8.2780E+00  8.5747E+42  2.2020E+45
  2.8180E-03  2.4801E+45  8.1273E+00  9.8896E+42  2.4702E+45
  3.1620E-03  2.7827E+45  8.1182E+00  1.0878E+43  2.7718E+45
  3.5480E-03  3.1220E+45  8.1992E+00  1.1696E+43  3.1103E+45
  3.9810E-03  3.5022E+45  8.3929E+00  1.2364E+43  3.4898E+45
  4.4670E-03  3.9391E+45  1.6401E+01  2.3280E+43  3.9158E+45
  5.0120E-03  4.4208E+45  1.5618E+01  2.7192E+43  4.3936E+45
  5.6230E-03  4.9599E+45  1.4971E+01  3.0624E+43  4.9292E+45
  5.9570E-03  5.2542E+45  1.4739E+01  3.2167E+43  5.2220E+45
  6.6830E-03  5.8935E+45  1.4541E+01  3.4999E+43  5.8585E+45
  7.4990E-03  6.6116E+45  1.4675E+01  3.7774E+43  6.5738E+45
  8.4140E-03  7.4166E+45  1.4743E+01  4.0740E+43  7.3758E+45
  9.4410E-03  8.3193E+45  1.5082E+01  4.3176E+43  8.2761E+45
  1.0590E-02  9.3272E+45  1.5901E+01  4.3883E+43  9.2833E+45
  1.1890E-02  1.0472E+46  1.6257E+01  4.8948E+43  1.0423E+46
  1.3340E-02  1.1745E+46  1.6873E+01  5.1505E+43  1.1694E+46
  1.4960E-02  1.3169E+46  1.7327E+01  5.5045E+43  1.3114E+46
  1.6790E-02  1.4777E+46  1.7915E+01  5.8047E+43  1.4718E+46
  1.8840E-02  1.6576E+46  1.8648E+01  6.0539E+43  1.6515E+46
  2.1130E-02  1.8588E+46  1.9323E+01  6.4369E+43  1.8524E+46
  2.3710E-02  2.0852E+46  2.0003E+01  6.7880E+43  2.0785E+46
  2.6610E-02  2.3398E+46  2.0617E+01  7.1230E+43  2.3326E+46
  2.9850E-02  2.6241E+46  2.1247E+01  7.4197E+43  2.6166E+46
  3.3500E-02  2.9443E+46  2.1887E+01  7.6839E+43  2.9367E+46
  3.7580E-02  3.3026E+46  2.4120E+01  8.3451E+43  3.2942E+46
  4.2170E-02  3.7063E+46  2.4908E+01  9.5786E+43  3.6967E+46
  4.7320E-02  4.1575E+46  2.2854E+01  9.3541E+43  4.1482E+46
  5.3090E-02  4.3296E+46  1.8952E+01  8.3128E+43  4.3212E+46
  6.6830E-02  4.1320E+46  8.3750E+00  5.2092E+43  4.1268E+46
  7.4990E-02  4.0370E+46  5.2760E+00  4.1701E+43  4.0328E+46
  8.4140E-02  3.9452E+46  4.1964E+04  4.1731E+43  3.9410E+46
  9.4410E-02  3.8555E+46  5.2868E+09  4.2718E+43  3.8513E+46
  1.0590E-01  3.5105E+46  1.6757E+14  4.9580E+43  3.5055E+46
  1.1890E-01  2.9524E+46  1.3541E+18  5.6514E+43  2.9467E+46
  1.3340E-01  2.4860E+46  2.7590E+21  6.4036E+43  2.4795E+46
  1.4960E-01  2.0943E+46  3.2969E+24  6.4361E+43  2.0878E+46
  1.5850E-01  1.9206E+46  9.8892E+25  6.0582E+43  1.9145E+46
  1.7780E-01  1.6160E+46  4.9769E+28  4.5579E+43  1.6114E+46
  1.9950E-01  1.3581E+46  1.3482E+31  2.3442E+43  1.3558E+46
  2.2390E-01  1.1419E+46  1.6814E+33  1.5588E+43  1.1403E+46
  2.3710E-01  1.0483E+46  1.1702E+34  1.8304E+43  1.0464E+46
  2.5120E-01  9.6168E+45  6.9081E+34  2.0977E+43  9.5958E+45
  2.6610E-01  8.8231E+45  3.7968E+35  2.1910E+43  8.8012E+45
  2.8180E-01  8.0977E+45  1.9110E+36  2.1621E+43  8.0761E+45
  2.9850E-01  7.4288E+45  8.7556E+36  2.0875E+43  7.4079E+45
  3.1620E-01  6.8147E+45  3.6088E+37  2.0057E+43  6.7947E+45
  3.3500E-01  6.2500E+45  1.3601E+38  1.9138E+43  6.2308E+45
  3.5480E-01  5.7346E+45  4.6976E+38  1.8112E+43  5.7165E+45
  3.7580E-01  5.2612E+45  1.5020E+39  1.7006E+43  5.2442E+45
  3.9810E-01  4.8257E+45  4.4247E+39  1.5965E+43  4.8097E+45
  4.2170E-01  4.4266E+45  1.1996E+40  1.4916E+43  4.4116E+45
  4.4670E-01  4.0606E+45  3.0164E+40  1.3958E+43  4.0466E+45
  4.7320E-01  3.7246E+45  7.1347E+40  1.3004E+43  3.7115E+45
  5.0120E-01  3.4170E+45  1.5908E+41  1.2055E+43  3.4048E+45
  5.3090E-01  3.1346E+45  3.3613E+41  1.1103E+43  3.1232E+45
  5.6230E-01  2.8760E+45  6.7165E+41  1.0225E+43  2.8651E+45
  5.9570E-01  2.6382E+45  1.2778E+42  9.3949E+42  2.6276E+45
  6.3100E-01  2.4212E+45  2.3130E+42  8.6045E+42  2.4103E+45
  6.6830E-01  2.2232E+45  3.9882E+42  7.8465E+42  2.2114E+45
  7.0790E-01  2.0422E+45  6.5799E+42  7.1516E+42  2.0284E+45
  7.4990E-01  1.8774E+45  1.0400E+43  6.5163E+42  1.8605E+45
  7.9430E-01  1.7283E+45  1.5771E+43  5.9273E+42  1.7066E+45
  8.4140E-01  1.5937E+45  2.3034E+43  5.3766E+42  1.5653E+45
  8.9130E-01  1.4731E+45  3.2505E+43  4.8571E+42  1.4357E+45
  9.4410E-01  1.3657E+45  4.4298E+43  4.3730E+42  1.3170E+45
  1.0000E+00  1.2704E+45  5.8386E+43  3.9253E+42  1.2081E+45
  1.0590E+00  1.1867E+45  7.4603E+43  3.5186E+42  1.1086E+45
  1.1220E+00  1.1127E+45  9.3017E+43  3.1425E+42  1.0165E+45
  1.1890E+00  1.0479E+45  1.1333E+44  2.7900E+42  9.3183E+44
  1.2590E+00  9.9220E+44  1.3454E+44  2.4554E+42  8.5520E+44
  1.3340E+00  9.4262E+44  1.5637E+44  2.1456E+42  7.8411E+44
  1.4130E+00  8.9846E+44  1.7732E+44  1.8675E+42  7.1927E+44
  1.4960E+00  8.5875E+44  1.9688E+44  1.6161E+42  6.6026E+44
  1.5850E+00  8.2210E+44  2.1529E+44  1.3854E+42  6.0543E+44
  1.6790E+00  7.8767E+44  2.3119E+44  1.1735E+42  5.5530E+44
  1.7780E+00  7.5439E+44  2.4384E+44  9.7944E+41  5.0957E+44
  1.8840E+00  7.2161E+44  2.5361E+44  8.0404E+41  4.6719E+44
  1.9950E+00  6.8918E+44  2.5979E+44  6.4920E+41  4.2875E+44
  2.1130E+00  6.5652E+44  2.6268E+44  5.1562E+41  3.9333E+44
  2.2390E+00  6.2317E+44  2.6216E+44  4.0312E+41  3.6061E+44
  2.3710E+00  5.8955E+44  2.5832E+44  3.1086E+41  3.3092E+44
  2.5120E+00  5.5559E+44  2.5191E+44  2.3692E+41  3.0344E+44
  2.6610E+00  5.2154E+44  2.4304E+44  1.7874E+41  2.7832E+44
  2.8180E+00  4.8747E+44  2.3196E+44  1.3362E+41  2.5538E+44
  2.9850E+00  4.5375E+44  2.1939E+44  9.9120E+40  2.3426E+44
  3.1620E+00  4.2052E+44  2.0558E+44  7.3014E+40  2.1487E+44
  3.3500E+00  3.8874E+44  1.9165E+44  5.3542E+40  1.9704E+44
  3.5480E+00  3.5781E+44  1.7700E+44  3.9041E+40  1.8078E+44
  3.7580E+00  3.2835E+44  1.6249E+44  2.8340E+40  1.6583E+44
  3.9810E+00  3.0041E+44  1.4829E+44  2.0489E+40  1.5210E+44
  4.2170E+00  2.7411E+44  1.3458E+44  1.4762E+40  1.3951E+44
  4.4670E+00  2.4949E+44  1.2151E+44  1.0599E+40  1.2796E+44
  4.7320E+00  2.2670E+44  1.0933E+44  7.5871E+39  1.1737E+44
  5.0120E+00  2.0603E+44  9.8115E+43  5.4259E+39  1.0791E+44
  5.3090E+00  1.8385E+44  8.7826E+43  3.8045E+39  9.6024E+43
  5.6230E+00  1.6336E+44  7.8554E+43  2.6505E+39  8.4805E+43
  5.9570E+00  1.4463E+44  7.0312E+43  1.8359E+39  7.4316E+43
  6.3100E+00  1.2724E+44  6.2530E+43  1.2605E+39  6.4710E+43
  6.6830E+00  1.1217E+44  5.6154E+43  8.6344E+38  5.6014E+43
  7.0790E+00  9.8308E+43  5.0117E+43  5.8408E+38  4.8190E+43
  7.4990E+00  8.8234E+43  4.7004E+43  3.9983E+38  4.1229E+43
  7.9430E+00  8.9669E+43  5.4559E+43  3.1109E+38  3.5109E+43
  8.4140E+00  1.0190E+44  7.2144E+43  2.8831E+38  2.9752E+43
  8.9130E+00  1.1094E+44  8.5833E+43  2.7261E+38  2.5104E+43
  9.4410E+00  1.1619E+44  9.5093E+43  2.7474E+38  2.1101E+43
  1.0000E+01  9.7071E+43  7.9400E+43  1.9695E+38  1.7671E+43
  1.0590E+01  7.7484E+43  6.2726E+43  1.3087E+38  1.4758E+43
  1.1220E+01  5.9636E+43  4.7369E+43  7.7927E+37  1.2267E+43
  1.1890E+01  4.6571E+43  3.6412E+43  4.7020E+37  1.0159E+43
  1.2590E+01  3.6755E+43  2.8343E+43  2.7961E+37  8.4119E+42
  1.3340E+01  2.9546E+43  2.2614E+43  1.6622E+37  6.9319E+42
  1.4130E+01  2.4975E+43  1.9270E+43  1.0172E+37  5.7050E+42
  1.4960E+01  2.3375E+43  1.8683E+43  7.0847E+36  4.6919E+42
  1.5850E+01  2.2600E+43  1.8758E+43  5.3076E+36  3.8414E+42
  1.6790E+01  2.2109E+43  1.8968E+43  4.1745E+36  3.1409E+42
  1.7780E+01  2.1347E+43  1.8781E+43  3.3291E+36  2.5663E+42
  1.8840E+01  1.9926E+43  1.7837E+43  2.5642E+36  2.0888E+42
  1.9950E+01  1.7992E+43  1.6291E+43  1.8483E+36  1.7013E+42
  2.1130E+01  1.6247E+43  1.4865E+43  1.2861E+36  1.3827E+42
  2.2390E+01  1.4856E+43  1.3736E+43  9.0008E+35  1.1203E+42
  2.3710E+01  1.3713E+43  1.2804E+43  6.3213E+35  9.0864E+41
  2.5120E+01  1.2706E+43  1.1971E+43  4.4628E+35  7.3479E+41
  2.6610E+01  1.1769E+43  1.1175E+43  3.1434E+35  5.9383E+41
  2.8180E+01  1.0866E+43  1.0386E+43  2.2160E+35  4.7994E+41
  2.9850E+01  9.9533E+42  9.5661E+42  1.5560E+35  3.8717E+41
  3.1620E+01  9.0151E+42  8.7031E+42  1.0829E+35  3.1199E+41
  3.3500E+01  8.0549E+42  7.8039E+42  7.4594E+34  2.5106E+41
  3.5480E+01  7.0945E+42  6.8924E+42  5.0839E+34  2.0210E+41
  3.7580E+01  6.1498E+42  5.9873E+42  3.4197E+34  1.6253E+41
  3.9810E+01  5.2391E+42  5.1085E+42  2.2675E+34  1.3054E+41
  4.2170E+01  4.3948E+42  4.2900E+42  1.4832E+34  1.0479E+41
  4.4670E+01  3.6339E+42  3.5498E+42  9.5685E+33  8.4074E+40
  4.7320E+01  2.9661E+42  2.8987E+42  6.0988E+33  6.7400E+40
  5.0120E+01  2.3932E+42  2.3392E+42  3.8462E+33  5.4034E+40
  5.3090E+01  1.9096E+42  1.8663E+42  2.4013E+33  4.3282E+40
  5.6230E+01  1.5096E+42  1.4750E+42  1.4866E+33  3.4667E+40
  5.9570E+01  1.1822E+42  1.1545E+42  9.1252E+32  2.7728E+40
  6.3100E+01  9.1910E+41  8.9691E+41  5.5665E+32  2.2180E+40
  6.6830E+01  7.0987E+41  6.9213E+41  3.3774E+32  1.7744E+40
  7.0790E+01  5.4490E+41  5.3072E+41  2.0386E+32  1.4183E+40
  7.4990E+01  4.1587E+41  4.0454E+41  1.2249E+32  1.1329E+40
  7.9430E+01  3.1595E+41  3.0690E+41  7.3362E+31  9.0505E+39
  8.4140E+01  2.3897E+41  2.3175E+41  4.3784E+31  7.2256E+39
  8.9130E+01  1.8016E+41  1.7439E+41  2.6079E+31  5.7665E+39
  9.4410E+01  1.3540E+41  1.3080E+41  1.5504E+31  4.6021E+39
  1.0000E+02  1.0145E+41  9.7781E+40  9.2004E+30  3.6722E+39
  1.0590E+02  7.5902E+40  7.2970E+40  5.4590E+30  2.9317E+39
  1.1220E+02  5.6666E+40  5.4330E+40  3.2340E+30  2.3358E+39
  1.1890E+02  4.2319E+40  4.0460E+40  1.9182E+30  1.8590E+39
  1.2590E+02  3.1776E+40  3.0293E+40  1.1451E+30  1.4838E+39
  1.3340E+02  2.3916E+40  2.2735E+40  6.8628E+29  1.1811E+39
  1.4130E+02  1.7859E+40  1.6918E+40  4.1039E+29  9.4117E+38
  1.4960E+02  1.3070E+40  1.2319E+40  2.4125E+29  7.5121E+38
  1.5850E+02  9.4961E+39  8.8983E+39  1.4070E+29  5.9781E+38
  1.7780E+02  5.0592E+39  4.6797E+39  4.8386E+28  3.7942E+38
  1.9950E+02  2.7034E+39  2.4629E+39  1.6782E+28  2.4043E+38
  2.2390E+02  1.4441E+39  1.2919E+39  5.8581E+27  1.5216E+38
  2.5120E+02  7.7229E+38  6.7591E+38  2.0613E+27  9.6376E+37
  2.8180E+02  4.1339E+38  3.5235E+38  7.3104E+26  6.1043E+37
  3.1620E+02  2.2150E+38  1.8288E+38  2.6120E+26  3.8617E+37
  3.5480E+02  1.1904E+38  9.4622E+37  9.4142E+25  2.4421E+37
  3.9810E+02  6.4254E+37  4.8812E+37  3.4260E+25  1.5442E+37
  4.4670E+02  3.4871E+37  2.5110E+37  1.2585E+25  9.7603E+36
  5.0120E+02  1.9059E+37  1.2889E+37  4.6681E+24  6.1695E+36
  5.6230E+02  1.0505E+37  6.6046E+36  1.7474E+24  3.9003E+36
  6.3100E+02  5.8374E+36  3.3745E+36  6.5924E+23  2.4629E+36
  7.0790E+02  3.2797E+36  1.7229E+36  2.5094E+23  1.5568E+36
  7.9430E+02  1.8608E+36  8.7757E+35  9.6126E+22  9.8325E+35
  8.9130E+02  1.0670E+36  4.4621E+35  3.7043E+22  6.2077E+35
  1.0000E+03  6.1882E+35  2.2669E+35  1.4363E+22  3.9214E+35
