  1.0000E-03  1.0351E+42  7.1155E-02  9.1840E+41  1.1669E+41
  1.1220E-03  4.6436E+41  4.6903E-02  4.5065E+41  1.3703E+40
  1.2590E-03  2.1743E+41  3.1604E-02  2.1604E+41  1.3960E+39
  1.4130E-03  1.0525E+41  2.1644E-02  1.0512E+41  1.2809E+38
  1.5850E-03  6.1523E+40  1.6220E-02  6.1506E+40  1.7134E+37
  1.7780E-03  6.9997E+40  1.5688E-02  6.9988E+40  9.2794E+36
  1.9950E-03  3.2064E+40  8.5885E-03  3.2064E+40  1.6053E+35
  2.2390E-03  1.6822E+40  5.6240E-03  1.6822E+40  7.4139E+33
  2.5120E-03  2.1873E+40  4.9781E-03  2.1873E+40  2.0489E+33
  2.8180E-03  9.6719E+39  2.2798E-03  9.6719E+39  6.0225E+30
  3.1620E-03  4.5574E+39  1.1852E-03  4.5574E+39  3.2600E+28
  3.5480E-03  2.2140E+39  6.6158E-04  2.2140E+39  2.4098E+26
  3.9810E-03  1.1284E+39  4.0119E-04  1.1284E+39  2.8272E+24
  4.4670E-03  4.0995E+40  7.3659E-03  4.0995E+40  2.2408E+32
  5.0120E-03  1.9577E+40  3.1989E-03  1.9577E+40  4.1587E+29
  5.6230E-03  9.4627E+39  1.4669E-03  9.4627E+39  8.1582E+26
  5.9570E-03  6.6928E+39  1.0275E-03  6.6928E+39  4.1518E+25
  6.6830E-03  3.6226E+39  5.6155E-04  3.6226E+39  2.0477E+23
  7.4990E-03  2.3076E+39  3.6041E-04  2.3076E+39  3.1051E+21
  8.4140E-03  1.3246E+39  2.1643E-04  1.3246E+39  2.1120E+19
  9.4410E-03  8.3510E+38  1.4759E-04  8.3510E+38  3.8857E+17
  1.0590E-02  6.2072E+38  1.2601E-04  6.2072E+38  6.3934E+16
  1.1890E-02  4.3636E+38  8.5815E-05  4.3636E+38  6.9502E+14
  1.3340E-02  2.9811E+38  6.4800E-05  2.9811E+38  2.3753E+13
  1.4960E-02  1.9345E+38  4.5958E-05  1.9345E+38  3.2362E+11
  1.6790E-02  1.2716E+38  3.4154E-05  1.2716E+38  6.5421E+09
  1.8840E-02  8.6316E+37  2.6692E-05  8.6316E+37  2.1984E+08
  2.1130E-02  5.9918E+37  2.0685E-05  5.9918E+37  4.7402E+06
  2.3710E-02  4.0020E+37  1.5978E-05  4.0020E+37  8.7178E+04
  2.6610E-02  2.5522E+37  1.2150E-05  2.5522E+37  1.1055E+03
  2.9850E-02  1.6243E+37  9.3732E-06  1.6243E+37  1.5021E+01
  3.3500E-02  1.0154E+37  7.2534E-06  1.0154E+37  1.8973E-01
  3.7580E-02  9.1606E+36  7.2574E-06  9.1606E+36  6.4246E-02
  4.2170E-02  8.1297E+36  6.5002E-06  8.1297E+36  7.6850E-04
  4.7320E-02  2.9167E+36  3.5919E-06  2.9167E+36  2.0212E-08
  5.3090E-02  7.9021E+35  1.7138E-06  7.9021E+35  6.1149E-14
  6.6830E-02  4.9880E+33  1.1784E-07  4.9880E+33  7.6703E-36
  7.4990E-02  1.8598E+32  2.3214E-08  1.8598E+32  8.2745E-50
  8.4140E-02  3.5579E+32  3.1440E-08  3.5579E+32  2.3121E-46
  9.4410E-02  6.1330E+32  4.0822E-08  6.1330E+32  5.6360E-44
  1.0590E-01  6.2149E+33  1.2707E-07  6.2149E+33  2.8032E-34
  1.1890E-01  6.4248E+34  3.9851E-07  6.4248E+34  2.6688E-23
  1.3340E-01  3.7780E+35  1.0015E-06  3.7780E+35  2.3033E-15
  1.4960E-01  9.6678E+35  1.7173E-06  9.6678E+35  2.7851E-10
  1.5850E-01  1.1096E+36  1.7995E-06  1.1096E+36  2.2592E-09
  1.7780E-01  7.2730E+35  1.1513E-06  7.2730E+35  5.5018E-11
  1.9950E-01  5.5129E+34  2.1782E-07  5.5129E+34  2.7759E-20
  2.2390E-01  1.3126E+34  8.7766E-08  1.3126E+34  6.2406E-26
  2.3710E-01  8.1617E+34  2.2467E-07  8.1617E+34  4.4998E-19
  2.5120E-01  4.7393E+35  5.7433E-07  4.7393E+35  6.3770E-12
  2.6610E-01  1.4397E+36  1.0884E-06  1.4397E+36  4.4006E-07
  2.8180E-01  3.0348E+36  7.2584E-05  3.0348E+36  1.3658E-03
  2.9850E-01  5.3826E+36  6.1200E-02  5.3826E+36  7.7113E-01
  3.1620E-01  9.0956E+36  2.8478E+01  9.0956E+36  2.2525E+02
  3.3500E-01  1.4719E+37  8.3256E+03  1.4719E+37  4.0929E+04
  3.5480E-01  2.2465E+37  1.4403E+06  2.2465E+37  4.2980E+06
  3.7580E-01  3.4027E+37  2.1576E+08  3.4027E+37  4.1917E+08
  3.9810E-01  4.9952E+37  2.1448E+10  4.9952E+37  2.7100E+10
  4.2170E-01  7.6098E+37  2.4913E+12  7.6098E+37  2.4089E+12
  4.4670E-01  1.1583E+38  2.3306E+14  1.1583E+38  1.8038E+14
  4.7320E-01  1.7500E+38  1.8719E+16  1.7500E+38  1.2110E+16
  5.0120E-01  2.6068E+38  1.2485E+18  2.6068E+38  6.9596E+17
  5.3090E-01  3.9066E+38  8.0184E+19  3.9066E+38  4.0849E+19
  5.6230E-01  5.7102E+38  3.7064E+21  5.7102E+38  1.7035E+21
  5.9570E-01  8.2250E+38  1.3816E+23  8.2250E+38  5.7708E+22
  6.3100E-01  1.1818E+39  4.5735E+24  1.1818E+39  1.7947E+24
  6.6830E-01  1.6903E+39  1.3413E+26  1.6903E+39  5.0909E+25
  7.0790E-01  2.4108E+39  3.3843E+27  2.4108E+39  1.2634E+27
  7.4990E-01  3.3794E+39  6.7990E+28  3.3794E+39  2.4925E+28
  7.9430E-01  4.7048E+39  1.1850E+30  4.7048E+39  4.3376E+29
  8.4140E-01  6.5271E+39  1.8338E+31  6.5271E+39  6.8080E+30
  8.9130E-01  9.1487E+39  2.7394E+32  9.1487E+39  1.0615E+32
  9.4410E-01  1.2786E+40  3.5406E+33  1.2786E+40  1.4391E+33
  1.0000E+00  1.7670E+40  3.7000E+34  1.7670E+40  1.5614E+34
  1.0590E+00  2.4432E+40  3.2032E+35  2.4432E+40  1.3950E+35
  1.1220E+00  3.4162E+40  2.3976E+36  3.4158E+40  1.0713E+36
  1.1890E+00  4.8629E+40  1.5847E+37  4.8605E+40  7.2417E+36
  1.2590E+00  7.1013E+40  9.5065E+37  7.0873E+40  4.4690E+37
  1.3340E+00  1.0535E+41  4.9223E+38  1.0462E+41  2.3553E+38
  1.4130E+00  1.5640E+41  2.1271E+39  1.5324E+41  1.0259E+39
  1.4960E+00  2.3288E+41  7.9282E+39  2.2112E+41  3.8282E+39
  1.5850E+00  3.5224E+41  2.6379E+40  3.1322E+41  1.2641E+40
  1.6790E+00  5.5102E+41  7.9604E+40  4.3363E+41  3.7789E+40
  1.7780E+00  9.0403E+41  2.1880E+41  5.8244E+41  1.0280E+41
  1.8840E+00  1.5558E+42  5.4832E+41  7.5385E+41  2.5358E+41
  1.9950E+00  2.7526E+42  1.2497E+42  9.3516E+41  5.6777E+41
  2.1130E+00  4.8558E+42  2.5938E+42  1.1087E+42  1.1533E+42
  2.2390E+00  8.3050E+42  4.9158E+42  1.2554E+42  2.1338E+42
  2.3710E+00  1.3515E+43  8.5370E+42  1.3581E+42  3.6199E+42
  2.5120E+00  2.0757E+43  1.3686E+43  1.4081E+42  5.6631E+42
  2.6610E+00  3.0071E+43  2.0410E+43  1.4037E+42  8.2576E+42
  2.8180E+00  4.1248E+43  2.8559E+43  1.3503E+42  1.1338E+43
  2.9850E+00  5.3800E+43  3.7784E+43  1.2576E+42  1.4758E+43
  3.1620E+00  6.7148E+43  4.7631E+43  1.1382E+42  1.8379E+43
  3.3500E+00  8.0330E+43  5.7414E+43  1.0018E+42  2.1914E+43
  3.5480E+00  9.3048E+43  6.6812E+43  8.6252E+41  2.5373E+43
  3.7580E+00  1.0451E+44  7.5252E+43  7.2645E+41  2.8530E+43
  3.9810E+00  1.1422E+44  8.2339E+43  5.9972E+41  3.1284E+43
  4.2170E+00  1.2191E+44  8.7835E+43  4.8628E+41  3.3584E+43
  4.4670E+00  1.2741E+44  9.1621E+43  3.8783E+41  3.5404E+43
  4.7320E+00  1.3055E+44  9.3569E+43  3.0421E+41  3.6677E+43
  5.0120E+00  1.3150E+44  9.3763E+43  2.3523E+41  3.7502E+43
  5.3090E+00  1.2906E+44  9.2294E+43  1.7761E+41  3.6593E+43
  5.6230E+00  1.2450E+44  8.9398E+43  1.3194E+41  3.4974E+43
  5.9570E+00  1.1819E+44  8.5344E+43  9.6521E+40  3.2752E+43
  6.3100E+00  1.1073E+44  8.0381E+43  6.9606E+40  3.0280E+43
  6.6830E+00  1.0310E+44  7.5490E+43  4.9791E+40  2.7555E+43
  7.0790E+00  9.5011E+43  7.0155E+43  3.5045E+40  2.4821E+43
  7.4990E+00  8.3609E+43  6.2747E+43  2.3598E+40  2.0838E+43
  7.9430E+00  6.0256E+43  4.7407E+43  1.3974E+40  1.2835E+43
  8.4140E+00  3.3088E+43  2.7764E+43  7.4270E+39  5.3168E+42
  8.9130E+00  1.8084E+43  1.5929E+43  4.2545E+39  2.1506E+42
  9.4410E+00  1.0366E+43  9.4773E+42  2.8174E+39  8.8585E+41
  1.0000E+01  1.2144E+43  1.1108E+43  2.5472E+39  1.0336E+42
  1.0590E+01  1.5514E+43  1.4117E+43  2.3639E+39  1.3948E+42
  1.1220E+01  2.0156E+43  1.8180E+43  2.0725E+39  1.9746E+42
  1.1890E+01  2.3268E+43  2.0855E+43  1.6864E+39  2.4113E+42
  1.2590E+01  2.5364E+43  2.2621E+43  1.2941E+39  2.7417E+42
  1.3340E+01  2.5930E+43  2.3073E+43  9.3506E+38  2.8562E+42
  1.4130E+01  2.5015E+43  2.2361E+43  6.3871E+38  2.6534E+42
  1.4960E+01  2.2816E+43  2.0763E+43  4.3532E+38  2.0523E+42
  1.5850E+01  2.0733E+43  1.9236E+43  3.0879E+38  1.4969E+42
  1.6790E+01  1.9058E+43  1.7984E+43  2.2903E+38  1.0739E+42
  1.7780E+01  1.8022E+43  1.7220E+43  1.7793E+38  8.0204E+41
  1.8840E+01  1.7665E+43  1.7011E+43  1.4194E+38  6.5425E+41
  1.9950E+01  1.7711E+43  1.7125E+43  1.1197E+38  5.8647E+41
  2.1130E+01  1.7688E+43  1.7158E+43  8.5427E+37  5.3006E+41
  2.2390E+01  1.7494E+43  1.7025E+43  6.4472E+37  4.6829E+41
  2.3710E+01  1.7163E+43  1.6754E+43  4.8197E+37  4.0870E+41
  2.5120E+01  1.6670E+43  1.6319E+43  3.5827E+37  3.5166E+41
  2.6610E+01  1.6023E+43  1.5722E+43  2.6359E+37  3.0042E+41
  2.8180E+01  1.5220E+43  1.4965E+43  1.9268E+37  2.5496E+41
  2.9850E+01  1.4259E+43  1.4044E+43  1.3953E+37  2.1497E+41
  3.1620E+01  1.3157E+43  1.2976E+43  9.9778E+36  1.8060E+41
  3.3500E+01  1.1943E+43  1.1791E+43  7.0410E+36  1.5116E+41
  3.5480E+01  1.0666E+43  1.0540E+43  4.9043E+36  1.2629E+41
  3.7580E+01  9.3652E+42  9.2598E+42  3.3667E+36  1.0531E+41
  3.9810E+01  8.0751E+42  7.9873E+42  2.2764E+36  8.7746E+40
  4.2170E+01  6.8493E+42  6.7762E+42  1.5164E+36  7.3011E+40
  4.4670E+01  5.7202E+42  5.6596E+42  9.9477E+35  6.0628E+40
  4.7320E+01  4.7103E+42  4.6601E+42  6.4373E+35  5.0207E+40
  5.0120E+01  3.8293E+42  3.7878E+42  4.1146E+35  4.1489E+40
  5.3090E+01  3.0750E+42  3.0408E+42  2.5991E+35  3.4178E+40
  5.6230E+01  2.4437E+42  2.4156E+42  1.6252E+35  2.8084E+40
  5.9570E+01  1.9214E+42  1.8985E+42  1.0058E+35  2.2992E+40
  6.3100E+01  1.4983E+42  1.4795E+42  6.1762E+34  1.8782E+40
  6.6830E+01  1.1596E+42  1.1443E+42  3.7662E+34  1.5311E+40
  7.0790E+01  8.9125E+41  8.7881E+41  2.2815E+34  1.2445E+40
  7.4990E+01  6.8052E+41  6.7043E+41  1.3739E+34  1.0090E+40
  7.9430E+01  5.1694E+41  5.0877E+41  8.2364E+33  8.1683E+39
  8.4140E+01  3.9071E+41  3.8411E+41  4.9147E+33  6.5982E+39
  8.9130E+01  2.9419E+41  2.8887E+41  2.9236E+33  5.3204E+39
  9.4410E+01  2.2074E+41  2.1645E+41  1.7341E+33  4.2850E+39
  1.0000E+02  1.6507E+41  1.6162E+41  1.0258E+33  3.4469E+39
  1.0590E+02  1.2320E+41  1.2043E+41  6.0613E+32  2.7714E+39
  1.1220E+02  9.1731E+40  8.9509E+40  3.5733E+32  2.2218E+39
  1.1890E+02  6.8296E+40  6.6518E+40  2.1078E+32  1.7778E+39
  1.2590E+02  5.1106E+40  4.9681E+40  1.2507E+32  1.4256E+39
  1.3340E+02  3.8322E+40  3.7183E+40  7.4495E+31  1.1392E+39
  1.4130E+02  2.8515E+40  2.7604E+40  4.4225E+31  9.1118E+38
  1.4960E+02  2.0803E+40  2.0073E+40  2.5751E+31  7.3003E+38
  1.5850E+02  1.5065E+40  1.4482E+40  1.4858E+31  5.8294E+38
  1.7780E+02  7.9682E+39  7.5962E+39  4.9926E+30  3.7201E+38
  1.9950E+02  4.2230E+39  3.9863E+39  1.6869E+30  2.3673E+38
  2.2390E+02  2.2352E+39  2.0849E+39  5.7188E+29  1.5030E+38
  2.5120E+02  1.1833E+39  1.0878E+39  1.9478E+29  9.5441E+37
  2.8180E+02  6.2618E+38  5.6560E+38  6.6659E+28  6.0573E+37
  3.1620E+02  3.3124E+38  2.9286E+38  2.2922E+28  3.8381E+37
  3.5480E+02  1.7550E+38  1.5120E+38  7.9343E+27  2.4302E+37
  3.9810E+02  9.3223E+37  7.7841E+37  2.7692E+27  1.5382E+37
  4.4670E+02  4.9701E+37  3.9970E+37  9.7504E+26  9.7302E+36
  5.0120E+02  2.6638E+37  2.0483E+37  3.4678E+26  6.1543E+36
  5.6230E+02  1.4373E+37  1.0480E+37  1.2463E+26  3.8927E+36
  6.3100E+02  7.8064E+36  5.3473E+36  4.5235E+25  2.4591E+36
  7.0790E+02  4.2817E+36  2.7268E+36  1.6610E+25  1.5549E+36
  7.9430E+02  2.3697E+36  1.3874E+36  6.1574E+24  9.8228E+35
  8.9130E+02  1.3250E+36  7.0476E+35  2.3041E+24  6.2028E+35
  1.0000E+03  7.4961E+35  3.5772E+35  8.7058E+23  3.9189E+35
