  1.0000E-03  4.6193E+44  0.0000E+00  1.0169E+44  3.6025E+44
  1.1220E-03  4.3143E+44  0.0000E+00  1.0867E+44  3.2276E+44
  1.2590E-03  3.9389E+44  0.0000E+00  1.0880E+44  2.8509E+44
  1.4130E-03  3.5244E+44  0.0000E+00  1.0324E+44  2.4920E+44
  1.5850E-03  3.2472E+44  0.0000E+00  9.8754E+43  2.2597E+44
  1.7780E-03  3.5900E+44  0.0000E+00  1.2362E+44  2.3538E+44
  1.9950E-03  2.8212E+44  0.0000E+00  1.0799E+44  1.7413E+44
  2.2390E-03  2.3174E+44  0.0000E+00  8.9727E+43  1.4201E+44
  2.5120E-03  2.5694E+44  0.0000E+00  1.1866E+44  1.3828E+44
  2.8180E-03  1.7696E+44  0.0000E+00  9.1246E+43  8.5715E+43
  3.1620E-03  1.2595E+44  0.0000E+00  6.9473E+43  5.6474E+43
  3.5480E-03  9.1154E+43  0.0000E+00  5.2769E+43  3.8385E+43
  3.9810E-03  6.7912E+43  0.0000E+00  4.0591E+43  2.7321E+43
  4.4670E-03  3.9951E+44  0.0000E+00  2.1100E+44  1.8851E+44
  5.0120E-03  2.8417E+44  0.0000E+00  1.7272E+44  1.1146E+44
  5.6230E-03  2.0466E+44  0.0000E+00  1.3841E+44  6.6245E+43
  5.9570E-03  1.7581E+44  0.0000E+00  1.2402E+44  5.1792E+43
  6.6830E-03  1.3583E+44  0.0000E+00  1.0208E+44  3.3752E+43
  7.4990E-03  1.1503E+44  0.0000E+00  9.0423E+43  2.4603E+43
  8.4140E-03  9.2359E+43  0.0000E+00  7.5796E+43  1.6563E+43
  9.4410E-03  7.8229E+43  0.0000E+00  6.5917E+43  1.2313E+43
  1.0590E-02  7.2203E+43  0.0000E+00  6.0826E+43  1.1377E+43
  1.1890E-02  6.5400E+43  0.0000E+00  5.7367E+43  8.0328E+42
  1.3340E-02  5.8224E+43  0.0000E+00  5.1873E+43  6.3511E+42
  1.4960E-02  5.0972E+43  0.0000E+00  4.6391E+43  4.5808E+42
  1.6790E-02  4.5001E+43  0.0000E+00  4.1563E+43  3.4385E+42
  1.8840E-02  4.0352E+43  0.0000E+00  3.7638E+43  2.7142E+42
  2.1130E-02  3.7048E+43  0.0000E+00  3.4999E+43  2.0491E+42
  2.3710E-02  3.3470E+43  0.0000E+00  3.1947E+43  1.5232E+42
  2.6610E-02  2.9749E+43  0.0000E+00  2.8658E+43  1.0913E+42
  2.9850E-02  2.6500E+43  1.5934E-87  2.5713E+43  7.8672E+41
  3.3500E-02  2.3506E+43  6.6196E-73  2.2943E+43  5.6323E+41
  3.7580E-02  2.3886E+43  7.3844E-60  2.3326E+43  5.6067E+41
  4.2170E-02  2.5797E+43  2.0697E-48  2.5398E+43  3.9917E+41
  4.7320E-02  1.9369E+43  1.9611E-38  1.9215E+43  1.5378E+41
  5.3090E-02  1.2743E+43  1.0304E-29  1.2699E+43  4.4622E+40
  6.6830E-02  2.4935E+42  2.7511E-16  2.4932E+42  2.7453E+38
  7.4990E-02  8.8096E+41  3.9458E-11  8.8095E+41  1.0695E+37
  8.4140E-02  1.0264E+42  4.5045E-05  1.0264E+42  2.3262E+37
  9.4410E-02  1.1972E+42  9.2770E+00  1.1972E+42  3.9628E+37
  1.0590E-01  2.3321E+42  2.3458E+06  2.3318E+42  3.4292E+38
  1.1890E-01  4.2497E+42  2.0798E+11  4.2460E+42  3.7121E+39
  1.3340E-01  6.6150E+42  2.4668E+15  6.5950E+42  1.9917E+40
  1.4960E-01  7.5688E+42  8.7859E+18  7.5134E+42  5.5362E+40
  1.5850E-01  7.5127E+42  3.2007E+20  7.4496E+42  6.3178E+40
  1.7780E-01  6.5238E+42  1.2016E+23  6.4867E+42  3.7060E+40
  1.9950E-01  2.7298E+42  4.6312E+24  2.7261E+42  3.6731E+39
  2.2390E-01  1.6035E+42  1.6671E+26  1.6027E+42  8.4596E+38
  2.3710E-01  2.8275E+42  5.2285E+27  2.8237E+42  3.8086E+39
  2.5120E-01  4.8484E+42  1.4935E+29  4.8300E+42  1.8336E+40
  2.6610E-01  6.6783E+42  2.3788E+30  6.6265E+42  5.1777E+40
  2.8180E-01  8.1195E+42  2.5761E+31  8.0124E+42  1.0715E+41
  2.9850E-01  9.3697E+42  2.1561E+32  9.1828E+42  1.8688E+41
  3.1620E-01  1.0745E+43  1.5221E+33  1.0440E+43  3.0507E+41
  3.3500E-01  1.2227E+43  9.3747E+33  1.1752E+43  4.7477E+41
  3.5480E-01  1.3695E+43  5.0160E+34  1.2996E+43  6.9968E+41
  3.7580E-01  1.5421E+43  2.4672E+35  1.4398E+43  1.0232E+42
  3.9810E-01  1.7276E+43  1.0737E+36  1.5840E+43  1.4359E+42
  4.2170E-01  1.9842E+43  4.4327E+36  1.7762E+43  2.0798E+42
  4.4670E-01  2.2995E+43  1.6682E+37  2.0033E+43  2.9617E+42
  4.7320E-01  2.6775E+43  5.8450E+37  2.2603E+43  4.1714E+42
  5.0120E-01  3.1204E+43  1.9035E+38  2.5419E+43  5.7853E+42
  5.3090E-01  3.6767E+43  5.8960E+38  2.8728E+43  8.0390E+42
  5.6230E-01  4.2991E+43  1.6739E+39  3.2192E+43  1.0797E+43
  5.9570E-01  5.0063E+43  4.4450E+39  3.5858E+43  1.4201E+43
  6.3100E-01  5.8396E+43  1.1167E+40  3.9863E+43  1.8522E+43
  6.6830E-01  6.8101E+43  2.6578E+40  4.4134E+43  2.3940E+43
  7.0790E-01  7.9235E+43  5.9936E+40  4.8647E+43  3.0528E+43
  7.4990E-01  9.1139E+43  1.2716E+41  5.2963E+43  3.8049E+43
  7.9430E-01  1.0421E+44  2.5678E+41  5.7116E+43  4.6840E+43
  8.4140E-01  1.1860E+44  4.9697E+41  6.1034E+43  5.7068E+43
  8.9130E-01  1.3526E+44  9.3316E+41  6.4835E+43  6.9488E+43
  9.4410E-01  1.5314E+44  1.6803E+42  6.8011E+43  8.3445E+43
  1.0000E+00  1.7097E+44  2.8859E+42  7.0083E+43  9.8003E+43
  1.0590E+00  1.8883E+44  4.7481E+42  7.1160E+43  1.1292E+44
  1.1220E+00  2.0686E+44  7.5652E+42  7.1207E+43  1.2809E+44
  1.1890E+00  2.2535E+44  1.1710E+43  7.0217E+43  1.4342E+44
  1.2590E+00  2.4517E+44  1.7586E+43  6.8279E+43  1.5931E+44
  1.3340E+00  2.6518E+44  2.5652E+43  6.5502E+43  1.7403E+44
  1.4130E+00  2.8486E+44  3.6055E+43  6.2202E+43  1.8660E+44
  1.4960E+00  3.0474E+44  4.9086E+43  5.8520E+43  1.9713E+44
  1.5850E+00  3.2537E+44  6.5354E+43  5.4495E+43  2.0552E+44
  1.6790E+00  3.4722E+44  8.4822E+43  5.0191E+43  2.1220E+44
  1.7780E+00  3.7001E+44  1.0727E+44  4.5602E+43  2.1714E+44
  1.8840E+00  3.9347E+44  1.3282E+44  4.0804E+43  2.1984E+44
  1.9950E+00  4.1687E+44  1.6034E+44  3.5909E+43  2.2062E+44
  2.1130E+00  4.3955E+44  1.8928E+44  3.1077E+43  2.1919E+44
  2.2390E+00  4.6064E+44  2.1857E+44  2.6456E+43  2.1561E+44
  2.3710E+00  4.7911E+44  2.4651E+44  2.2160E+43  2.1043E+44
  2.5120E+00  4.9458E+44  2.7269E+44  1.8305E+43  2.0358E+44
  2.6610E+00  5.0624E+44  2.9571E+44  1.4923E+43  1.9561E+44
  2.8180E+00  5.1337E+44  3.1446E+44  1.2008E+43  1.8690E+44
  2.9850E+00  5.1598E+44  3.2886E+44  9.5537E+42  1.7756E+44
  3.1620E+00  5.1379E+44  3.3834E+44  7.5181E+42  1.6793E+44
  3.3500E+00  5.0785E+44  3.4387E+44  5.8670E+42  1.5811E+44
  3.5480E+00  4.9685E+44  3.4384E+44  4.5293E+42  1.4849E+44
  3.7580E+00  4.8217E+44  3.3968E+44  3.4661E+42  1.3902E+44
  3.9810E+00  4.6427E+44  3.3183E+44  2.6310E+42  1.2981E+44
  4.2170E+00  4.4351E+44  3.2057E+44  1.9812E+42  1.2096E+44
  4.4670E+00  4.2056E+44  3.0657E+44  1.4804E+42  1.1251E+44
  4.7320E+00  3.9648E+44  2.9092E+44  1.0989E+42  1.0446E+44
  5.0120E+00  3.7212E+44  2.7423E+44  8.1157E+41  9.7074E+43
  5.3090E+00  3.4470E+44  2.5693E+44  5.9127E+41  8.7181E+43
  5.6230E+00  3.1779E+44  2.3975E+44  4.2810E+41  7.7608E+43
  5.9570E+00  2.9205E+44  2.2328E+44  3.0853E+41  6.8464E+43
  6.3100E+00  2.6597E+44  2.0577E+44  2.1991E+41  5.9974E+43
  6.6830E+00  2.4313E+44  1.9080E+44  1.5683E+41  5.2176E+43
  7.0790E+00  2.2034E+44  1.7514E+44  1.1020E+41  4.5096E+43
  7.4990E+00  2.1032E+44  1.7173E+44  8.0642E+40  3.8511E+43
  7.9430E+00  2.5116E+44  2.1933E+44  7.4170E+40  3.1757E+43
  8.4140E+00  3.3306E+44  3.0792E+44  8.0915E+40  2.5065E+43
  8.9130E+00  3.8756E+44  3.6782E+44  8.2683E+40  1.9660E+43
  9.4410E+00  4.1576E+44  4.0028E+44  8.6450E+40  1.5395E+43
  1.0000E+01  3.5516E+44  3.4177E+44  6.3790E+40  1.3324E+43
  1.0590E+01  2.8789E+44  2.7617E+44  4.3369E+40  1.1672E+43
  1.1220E+01  2.2141E+44  2.1115E+44  2.6070E+40  1.0229E+43
  1.1890E+01  1.7091E+44  1.6209E+44  1.5750E+40  8.8047E+42
  1.2590E+01  1.3160E+44  1.2407E+44  9.2908E+39  7.5238E+42
  1.3340E+01  1.0266E+44  9.6304E+43  5.4667E+39  6.3462E+42
  1.4130E+01  8.5189E+43  7.9900E+43  3.3552E+39  5.2862E+42
  1.4960E+01  8.1259E+43  7.6935E+43  2.4294E+39  4.3211E+42
  1.5850E+01  8.0134E+43  7.6634E+43  1.8969E+39  3.4974E+42
  1.6790E+01  7.9152E+43  7.6328E+43  1.5429E+39  2.8227E+42
  1.7780E+01  7.6011E+43  7.3724E+43  1.2582E+39  2.2859E+42
  1.8840E+01  6.9480E+43  6.7618E+43  9.8140E+38  1.8609E+42
  1.9950E+01  6.0664E+43  5.9133E+43  7.1125E+38  1.5302E+42
  2.1130E+01  5.2661E+43  5.1404E+43  4.9647E+38  1.2568E+42
  2.2390E+01  4.6189E+43  4.5161E+43  3.4849E+38  1.0271E+42
  2.3710E+01  4.0850E+43  4.0011E+43  2.4532E+38  8.3913E+41
  2.5120E+01  3.6241E+43  3.5558E+43  1.7349E+38  6.8277E+41
  2.6610E+01  3.2138E+43  3.1583E+43  1.2228E+38  5.5484E+41
  2.8180E+01  2.8429E+43  2.7978E+43  8.6173E+37  4.5061E+41
  2.9850E+01  2.4970E+43  2.4605E+43  6.0418E+37  3.6511E+41
  3.1620E+01  2.1710E+43  2.1415E+43  4.1933E+37  2.9543E+41
  3.3500E+01  1.8644E+43  1.8405E+43  2.8771E+37  2.3866E+41
  3.5480E+01  1.5810E+43  1.5618E+43  1.9511E+37  1.9283E+41
  3.7580E+01  1.3213E+43  1.3057E+43  1.3044E+37  1.5564E+41
  3.9810E+01  1.0865E+43  1.0739E+43  8.5877E+36  1.2546E+41
  4.2170E+01  8.8089E+42  8.7078E+42  5.5722E+36  1.0108E+41
  4.4670E+01  7.0495E+42  6.9681E+42  3.5629E+36  8.1373E+40
  4.7320E+01  5.5764E+42  5.5109E+42  2.2494E+36  6.5446E+40
  5.0120E+01  4.3666E+42  4.3139E+42  1.4042E+36  5.2627E+40
  5.3090E+01  3.3860E+42  3.3437E+42  8.6740E+35  4.2273E+40
  5.6230E+01  2.6051E+42  2.5711E+42  5.3110E+35  3.3946E+40
  5.9570E+01  1.9878E+42  1.9606E+42  3.2227E+35  2.7214E+40
  6.3100E+01  1.5078E+42  1.4860E+42  1.9428E+35  2.1815E+40
  6.6830E+01  1.1377E+42  1.1202E+42  1.1646E+35  1.7485E+40
  7.0790E+01  8.5421E+41  8.4021E+41  6.9432E+34  1.3999E+40
  7.4990E+01  6.3840E+41  6.2720E+41  4.1195E+34  1.1199E+40
  7.9430E+01  4.7550E+41  4.6655E+41  2.4357E+34  8.9582E+39
  8.4140E+01  3.5298E+41  3.4582E+41  1.4347E+34  7.1603E+39
  8.9130E+01  2.6145E+41  2.5573E+41  8.4326E+33  5.7203E+39
  9.4410E+01  1.9324E+41  1.8867E+41  4.9455E+33  4.5694E+39
  1.0000E+02  1.4254E+41  1.3889E+41  2.8943E+33  3.6491E+39
  1.0590E+02  1.0507E+41  1.0216E+41  1.6932E+33  2.9152E+39
  1.1220E+02  7.7352E+40  7.5028E+40  9.8876E+32  2.3241E+39
  1.1890E+02  5.7008E+40  5.5157E+40  5.7811E+32  1.8507E+39
  1.2590E+02  4.2282E+40  4.0804E+40  3.4024E+32  1.4779E+39
  1.3340E+02  3.1451E+40  3.0274E+40  2.0112E+32  1.1768E+39
  1.4130E+02  2.3231E+40  2.2292E+40  1.1848E+32  9.3813E+38
  1.4960E+02  1.6829E+40  1.6080E+40  6.8402E+31  7.4907E+38
  1.5850E+02  1.2107E+40  1.1511E+40  3.9115E+31  5.9631E+38
  1.7780E+02  6.3323E+39  5.9536E+39  1.2909E+31  3.7867E+38
  1.9950E+02  3.3274E+39  3.0873E+39  4.2836E+30  2.4006E+38
  2.2390E+02  1.7505E+39  1.5985E+39  1.4251E+30  1.5197E+38
  2.5120E+02  9.2310E+38  8.2682E+38  4.7577E+29  9.6282E+37
  2.8180E+02  4.8772E+38  4.2673E+38  1.5935E+29  6.0996E+37
  3.1620E+02  2.5813E+38  2.1954E+38  5.3535E+28  3.8594E+37
  3.5480E+02  1.3712E+38  1.1271E+38  1.8070E+28  2.4409E+37
  3.9810E+02  7.3185E+37  5.7749E+37  6.1381E+27  1.5436E+37
  4.4670E+02  3.9287E+37  2.9530E+37  2.0999E+27  9.7573E+36
  5.0120E+02  2.1245E+37  1.5078E+37  7.2467E+26  6.1679E+36
  5.6230E+02  1.1589E+37  7.6897E+36  2.5248E+26  3.8996E+36
  6.3100E+02  6.3752E+36  3.9127E+36  8.8815E+25  2.4626E+36
  7.0790E+02  3.5470E+36  1.9904E+36  3.1619E+25  1.5566E+36
  7.9430E+02  1.9937E+36  1.0105E+36  1.1375E+25  9.8315E+35
  8.9130E+02  1.1331E+36  5.1234E+35  4.1377E+24  6.2072E+35
  1.0000E+03  6.5173E+35  2.5962E+35  1.5228E+24  3.9211E+35
