  1.0000E-03  9.9621E+44  0.0000E+00  1.1959E+44  8.7662E+44
  1.1220E-03  1.1007E+45  0.0000E+00  1.1713E+44  9.8357E+44
  1.2590E-03  1.2173E+45  0.0000E+00  1.1363E+44  1.1037E+45
  1.4130E-03  1.3487E+45  0.0000E+00  1.1000E+44  1.2387E+45
  1.5850E-03  1.5002E+45  0.0000E+00  1.1076E+44  1.3894E+45
  1.7780E-03  1.6933E+45  0.0000E+00  1.3467E+44  1.5586E+45
  1.9950E-03  1.8789E+45  0.0000E+00  1.3005E+44  1.7488E+45
  2.2390E-03  2.0877E+45  0.0000E+00  1.2499E+44  1.9627E+45
  2.5120E-03  2.3512E+45  0.0000E+00  1.4920E+44  2.2020E+45
  2.8180E-03  2.6089E+45  0.0000E+00  1.3866E+44  2.4702E+45
  3.1620E-03  2.9010E+45  0.0000E+00  1.2916E+44  2.7718E+45
  3.5480E-03  3.2299E+45  0.0000E+00  1.1958E+44  3.1103E+45
  3.9810E-03  3.5992E+45  0.0000E+00  1.0940E+44  3.4898E+45
  4.4670E-03  4.1829E+45  0.0000E+00  2.6712E+44  3.9158E+45
  5.0120E-03  4.7207E+45  0.0000E+00  3.2710E+44  4.3936E+45
  5.6230E-03  5.3114E+45  0.0000E+00  3.8219E+44  4.9292E+45
  5.9570E-03  5.6294E+45  0.0000E+00  4.0734E+44  5.2220E+45
  6.6830E-03  6.3116E+45  0.0000E+00  4.5303E+44  5.8585E+45
  7.4990E-03  7.0731E+45  0.0000E+00  4.9927E+44  6.5738E+45
  8.4140E-03  7.9113E+45  0.0000E+00  5.3545E+44  7.3758E+45
  9.4410E-03  8.8461E+45  0.0000E+00  5.7002E+44  8.2761E+45
  1.0590E-02  9.8893E+45  0.0000E+00  6.0598E+44  9.2833E+45
  1.1890E-02  1.1062E+46  0.0000E+00  6.3929E+44  1.0423E+46
  1.3340E-02  1.2364E+46  0.0000E+00  6.6959E+44  1.1694E+46
  1.4960E-02  1.3812E+46  0.0000E+00  6.9783E+44  1.3114E+46
  1.6790E-02  1.5446E+46  0.0000E+00  7.2745E+44  1.4718E+46
  1.8840E-02  1.7275E+46  0.0000E+00  7.5923E+44  1.6515E+46
  2.1130E-02  1.9316E+46  0.0000E+00  7.9284E+44  1.8524E+46
  2.3710E-02  2.1612E+46  0.0000E+00  8.2765E+44  2.0785E+46
  2.6610E-02  2.4189E+46  0.0000E+00  8.6262E+44  2.3326E+46
  2.9850E-02  2.7063E+46  1.4205E-82  8.9708E+44  2.6166E+46
  3.3500E-02  3.0294E+46  8.8154E-68  9.2698E+44  2.9367E+46
  3.7580E-02  3.3925E+46  1.1008E-54  9.8263E+44  3.2942E+46
  4.2170E-02  3.8188E+46  4.6435E-43  1.2206E+45  3.6967E+46
  4.7320E-02  4.2726E+46  1.1554E-32  1.2445E+45  4.1482E+46
  5.3090E-02  4.4350E+46  1.9629E-23  1.1381E+45  4.3212E+46
  6.6830E-02  4.1998E+46  6.1295E-08  7.2984E+44  4.1268E+46
  7.4990E-02  4.0875E+46  1.8363E-01  5.4709E+44  4.0328E+46
  8.4140E-02  3.9976E+46  9.5038E+04  5.6616E+44  3.9410E+46
  9.4410E-02  3.9104E+46  1.1094E+10  5.9100E+44  3.8513E+46
  1.0590E-01  3.5762E+46  3.1097E+14  7.0622E+44  3.5055E+46
  1.1890E-01  3.0196E+46  2.6358E+18  7.2867E+44  2.9467E+46
  1.3340E-01  2.5509E+46  6.4735E+21  7.1357E+44  2.4795E+46
  1.4960E-01  2.1409E+46  8.5751E+24  5.3055E+44  2.0878E+46
  1.5850E-01  1.9569E+46  2.5886E+26  4.2355E+44  1.9145E+46
  1.7780E-01  1.6419E+46  1.2212E+29  3.0482E+44  1.6114E+46
  1.9950E-01  1.3758E+46  2.8376E+31  2.0046E+44  1.3558E+46
  2.2390E-01  1.1573E+46  2.9348E+33  1.6936E+44  1.1403E+46
  2.3710E-01  1.0663E+46  2.0860E+34  1.9904E+44  1.0464E+46
  2.5120E-01  9.8136E+45  1.3131E+35  2.1779E+44  9.5958E+45
  2.6610E-01  9.0171E+45  7.5672E+35  2.1585E+44  8.8012E+45
  2.8180E-01  8.2805E+45  3.9253E+36  2.0442E+44  8.0761E+45
  2.9850E-01  7.5996E+45  1.8380E+37  1.9175E+44  7.4079E+45
  3.1620E-01  6.9760E+45  7.7058E+37  1.8138E+44  6.7947E+45
  3.3500E-01  6.4024E+45  2.9403E+38  1.7163E+44  6.2308E+45
  3.5480E-01  5.8787E+45  1.0228E+39  1.6225E+44  5.7165E+45
  3.7580E-01  5.3978E+45  3.2821E+39  1.5367E+44  5.2442E+45
  3.9810E-01  4.9559E+45  9.6900E+39  1.4614E+44  4.8097E+45
  4.2170E-01  4.5518E+45  2.6309E+40  1.4014E+44  4.4116E+45
  4.4670E-01  4.1819E+45  6.6236E+40  1.3521E+44  4.0466E+45
  4.7320E-01  3.8423E+45  1.5674E+41  1.3067E+44  3.7115E+45
  5.0120E-01  3.5315E+45  3.4951E+41  1.2631E+44  3.4048E+45
  5.3090E-01  3.2463E+45  7.3863E+41  1.2239E+44  3.1232E+45
  5.6230E-01  2.9854E+45  1.4767E+42  1.1875E+44  2.8651E+45
  5.9570E-01  2.7458E+45  2.8122E+42  1.1544E+44  2.6276E+45
  6.3100E-01  2.5280E+45  5.1014E+42  1.1252E+44  2.4103E+45
  6.6830E-01  2.3302E+45  8.8254E+42  1.1000E+44  2.2114E+45
  7.0790E-01  2.1510E+45  1.4635E+43  1.0798E+44  2.0284E+45
  7.4990E-01  1.9900E+45  2.3284E+43  1.0626E+44  1.8605E+45
  7.9430E-01  1.8472E+45  3.5619E+43  1.0497E+44  1.7066E+45
  8.4140E-01  1.7223E+45  5.2574E+43  1.0441E+44  1.5653E+45
  8.9130E-01  1.6157E+45  7.5200E+43  1.0473E+44  1.4357E+45
  9.4410E-01  1.5270E+45  1.0404E+44  1.0592E+44  1.3170E+45
  1.0000E+00  1.4551E+45  1.3933E+44  1.0767E+44  1.2081E+45
  1.0590E+00  1.3996E+45  1.8108E+44  1.0992E+44  1.1086E+45
  1.1220E+00  1.3588E+45  2.2993E+44  1.1238E+44  1.0165E+45
  1.1890E+00  1.3322E+45  2.8563E+44  1.1471E+44  9.3183E+44
  1.2590E+00  1.3178E+45  3.4626E+44  1.1635E+44  8.5520E+44
  1.3340E+00  1.3124E+45  4.1089E+44  1.1742E+44  7.8411E+44
  1.4130E+00  1.3122E+45  4.7517E+44  1.1775E+44  7.1927E+44
  1.4960E+00  1.3147E+45  5.3737E+44  1.1706E+44  6.6026E+44
  1.5850E+00  1.3185E+45  5.9785E+44  1.1518E+44  6.0543E+44
  1.6790E+00  1.3197E+45  6.5258E+44  1.1178E+44  5.5530E+44
  1.7780E+00  1.3150E+45  6.9880E+44  1.0667E+44  5.0957E+44
  1.8840E+00  1.3039E+45  7.3664E+44  1.0004E+44  4.6719E+44
  1.9950E+00  1.2842E+45  7.6337E+44  9.2064E+43  4.2875E+44
  2.1130E+00  1.2557E+45  7.7914E+44  8.3196E+43  3.9333E+44
  2.2390E+00  1.2175E+45  7.8308E+44  7.3845E+43  3.6061E+44
  2.3710E+00  1.1707E+45  7.7534E+44  6.4434E+43  3.3092E+44
  2.5120E+00  1.1168E+45  7.5797E+44  5.5407E+43  3.0344E+44
  2.6610E+00  1.0569E+45  7.3161E+44  4.7003E+43  2.7832E+44
  2.8180E+00  9.9225E+44  6.9749E+44  3.9377E+43  2.5538E+44
  2.9850E+00  9.2494E+44  6.5804E+44  3.2636E+43  2.3426E+44
  3.1620E+00  8.5610E+44  6.1444E+44  2.6792E+43  2.1487E+44
  3.3500E+00  7.8906E+44  5.7020E+44  2.1814E+43  1.9704E+44
  3.5480E+00  7.2271E+44  5.2429E+44  1.7639E+43  1.8078E+44
  3.7580E+00  6.5916E+44  4.7916E+44  1.4171E+43  1.6583E+44
  3.9810E+00  5.9883E+44  4.3541E+44  1.1320E+43  1.5210E+44
  4.2170E+00  5.4218E+44  3.9367E+44  8.9984E+42  1.3951E+44
  4.4670E+00  4.8946E+44  3.5438E+44  7.1209E+42  1.2796E+44
  4.7320E+00  4.4097E+44  3.1801E+44  5.6032E+42  1.1737E+44
  5.0120E+00  3.9702E+44  2.8472E+44  4.3874E+42  1.0791E+44
  5.3090E+00  3.5370E+44  2.5429E+44  3.3850E+42  9.6024E+43
  5.6230E+00  3.1424E+44  2.2685E+44  2.5851E+42  8.4805E+43
  5.9570E+00  2.7860E+44  2.0233E+44  1.9520E+42  7.4316E+43
  6.3100E+00  2.4557E+44  1.7940E+44  1.4587E+42  6.4710E+43
  6.6830E+00  2.1762E+44  1.6052E+44  1.0835E+42  5.6014E+43
  7.0790E+00  1.9182E+44  1.4283E+44  7.9396E+41  4.8190E+43
  7.4990E+00  1.7171E+44  1.2994E+44  5.3531E+41  4.1229E+43
  7.9430E+00  1.6638E+44  1.3100E+44  2.7992E+41  3.5109E+43
  8.4140E+00  1.7295E+44  1.4305E+44  1.4640E+41  2.9752E+43
  8.9130E+00  1.7426E+44  1.4906E+44  9.5100E+40  2.5104E+43
  9.4410E+00  1.7061E+44  1.4944E+44  7.3142E+40  2.1101E+43
  1.0000E+01  1.4598E+44  1.2825E+44  6.0104E+40  1.7671E+43
  1.0590E+01  1.2181E+44  1.0700E+44  5.0109E+40  1.4758E+43
  1.1220E+01  9.9783E+43  8.7475E+43  4.0954E+40  1.2267E+43
  1.1890E+01  8.2502E+43  7.2309E+43  3.3477E+40  1.0159E+43
  1.2590E+01  6.9180E+43  6.0741E+43  2.7549E+40  8.4119E+42
  1.3340E+01  5.8913E+43  5.1959E+43  2.2382E+40  6.9319E+42
  1.4130E+01  5.1986E+43  4.6264E+43  1.6997E+40  5.7050E+42
  1.4960E+01  4.9022E+43  4.4319E+43  1.1573E+40  4.6919E+42
  1.5850E+01  4.7338E+43  4.3489E+43  8.0347E+39  3.8414E+42
  1.6790E+01  4.6171E+43  4.3024E+43  5.8734E+39  3.1409E+42
  1.7780E+01  4.4840E+43  4.2269E+43  4.6186E+39  2.5663E+42
  1.8840E+01  4.2979E+43  4.0886E+43  3.8891E+39  2.0888E+42
  1.9950E+01  4.0794E+43  3.9089E+43  3.4062E+39  1.7013E+42
  2.1130E+01  3.8963E+43  3.7578E+43  2.9543E+39  1.3827E+42
  2.2390E+01  3.7610E+43  3.6487E+43  2.5459E+39  1.1203E+42
  2.3710E+01  3.6581E+43  3.5670E+43  2.1766E+39  9.0864E+41
  2.5120E+01  3.5704E+43  3.4968E+43  1.8511E+39  7.3479E+41
  2.6610E+01  3.4865E+43  3.4269E+43  1.5592E+39  5.9383E+41
  2.8180E+01  3.3975E+43  3.3493E+43  1.3027E+39  4.7994E+41
  2.9850E+01  3.2947E+43  3.2558E+43  1.0782E+39  3.8717E+41
  3.1620E+01  3.1724E+43  3.1411E+43  8.8226E+38  3.1199E+41
  3.3500E+01  3.0284E+43  3.0033E+43  7.1327E+38  2.5106E+41
  3.5480E+01  2.8639E+43  2.8436E+43  5.6933E+38  2.0210E+41
  3.7580E+01  2.6792E+43  2.6629E+43  4.4876E+38  1.6253E+41
  3.9810E+01  2.4750E+43  2.4619E+43  3.4956E+38  1.3054E+41
  4.2170E+01  2.2578E+43  2.2473E+43  2.6835E+38  1.0479E+41
  4.4670E+01  2.0331E+43  2.0246E+43  2.0263E+38  8.4074E+40
  4.7320E+01  1.8070E+43  1.8003E+43  1.5047E+38  6.7400E+40
  5.0120E+01  1.5853E+43  1.5799E+43  1.0986E+38  5.4034E+40
  5.3090E+01  1.3723E+43  1.3680E+43  7.8862E+37  4.3282E+40
  5.6230E+01  1.1730E+43  1.1696E+43  5.5672E+37  3.4667E+40
  5.9570E+01  9.8960E+42  9.8682E+42  3.8647E+37  2.7728E+40
  6.3100E+01  8.2515E+42  8.2293E+42  2.6419E+37  2.2180E+40
  6.6830E+01  6.8035E+42  6.7857E+42  1.7800E+37  1.7744E+40
  7.0790E+01  5.5501E+42  5.5359E+42  1.1826E+37  1.4183E+40
  7.4990E+01  4.4810E+42  4.4696E+42  7.7547E+36  1.1329E+40
  7.9430E+01  3.5851E+42  3.5761E+42  5.0264E+36  9.0505E+39
  8.4140E+01  2.8435E+42  2.8362E+42  3.2212E+36  7.2256E+39
  8.9130E+01  2.2385E+42  2.2328E+42  2.0447E+36  5.7665E+39
  9.4410E+01  1.7498E+42  1.7452E+42  1.2863E+36  4.6021E+39
  1.0000E+02  1.3586E+42  1.3550E+42  8.0241E+35  3.6722E+39
  1.0590E+02  1.0494E+42  1.0465E+42  4.9729E+35  2.9317E+39
  1.1220E+02  8.0622E+41  8.0388E+41  3.0596E+35  2.3358E+39
  1.1890E+02  6.1738E+41  6.1552E+41  1.8741E+35  1.8590E+39
  1.2590E+02  4.7343E+41  4.7195E+41  1.1485E+35  1.4838E+39
  1.3340E+02  3.6274E+41  3.6156E+41  7.0348E+34  1.1811E+39
  1.4130E+02  2.7550E+41  2.7456E+41  4.2847E+34  9.4117E+38
  1.4960E+02  2.0530E+41  2.0455E+41  2.5572E+34  7.5121E+38
  1.5850E+02  1.5164E+41  1.5104E+41  1.5077E+34  5.9781E+38
  1.7780E+02  8.2785E+40  8.2406E+40  5.2258E+33  3.7942E+38
  1.9950E+02  4.4918E+40  4.4677E+40  1.7969E+33  2.4043E+38
  2.2390E+02  2.4174E+40  2.4022E+40  6.1237E+32  1.5216E+38
  2.5120E+02  1.2927E+40  1.2830E+40  2.0720E+32  9.6376E+37
  2.8180E+02  6.8671E+39  6.8061E+39  6.9616E+31  6.1043E+37
  3.1620E+02  3.6240E+39  3.5854E+39  2.3227E+31  3.8617E+37
  3.5480E+02  1.9032E+39  1.8788E+39  7.7078E+30  2.4421E+37
  3.9810E+02  9.9518E+38  9.7974E+38  2.5471E+30  1.5442E+37
  4.4670E+02  5.1844E+38  5.0868E+38  8.3854E+29  9.7603E+36
  5.0120E+02  2.6936E+38  2.6319E+38  2.7535E+29  6.1695E+36
  5.6230E+02  1.3968E+38  1.3578E+38  9.0236E+28  3.9003E+36
  6.3100E+02  7.2245E+37  6.9782E+37  2.9511E+28  2.4629E+36
  7.0790E+02  3.7365E+37  3.5809E+37  9.6546E+27  1.5568E+36
  7.9430E+02  1.9303E+37  1.8320E+37  3.1562E+27  9.8325E+35
  8.9130E+02  9.9709E+36  9.3501E+36  1.0323E+27  6.2077E+35
  1.0000E+03  5.1580E+36  4.7658E+36  3.3845E+26  3.9214E+35
