  1.0000E-03  3.2671E+42  0.0000E+00  3.2667E+42  3.7734E+38
  1.1220E-03  2.5647E+42  0.0000E+00  2.5647E+42  1.0398E+37
  1.2590E-03  1.8887E+42  0.0000E+00  1.8887E+42  2.2702E+35
  1.4130E-03  1.3190E+42  0.0000E+00  1.3190E+42  4.1777E+33
  1.5850E-03  9.6480E+41  0.0000E+00  9.6480E+41  1.4312E+32
  1.7780E-03  1.0281E+42  0.0000E+00  1.0281E+42  4.8949E+31
  1.9950E-03  5.6451E+41  0.0000E+00  5.6451E+41  5.8264E+28
  2.2390E-03  3.2702E+41  0.0000E+00  3.2702E+41  3.4890E+26
  2.5120E-03  3.4384E+41  0.0000E+00  3.4384E+41  3.9624E+25
  2.8180E-03  1.5664E+41  0.0000E+00  1.5664E+41  2.5666E+21
  3.1620E-03  7.8944E+40  0.0000E+00  7.8944E+40  4.5334E+17
  3.5480E-03  4.2672E+40  0.0000E+00  4.2672E+40  1.3354E+14
  3.9810E-03  2.4898E+40  0.0000E+00  2.4898E+40  8.3941E+10
  4.4670E-03  8.2229E+41  0.0000E+00  8.2229E+41  6.7700E+23
  5.0120E-03  3.7776E+41  0.0000E+00  3.7776E+41  2.0781E+19
  5.6230E-03  1.8728E+41  0.0000E+00  1.8728E+41  6.9946E+14
  5.9570E-03  1.3699E+41  0.0000E+00  1.3699E+41  5.0971E+12
  6.6830E-03  8.0804E+40  0.0000E+00  8.0804E+40  7.7915E+08
  7.4990E-03  5.4825E+40  0.0000E+00  5.4825E+40  7.5364E+05
  8.4140E-03  3.5311E+40  0.0000E+00  3.5311E+40  1.9487E+02
  9.4410E-03  2.4364E+40  0.0000E+00  2.4364E+40  2.5840E-01
  1.0590E-02  1.8543E+40  0.0000E+00  1.8543E+40  1.2557E-02
  1.1890E-02  1.4104E+40  0.0000E+00  1.4104E+40  7.0018E-06
  1.3340E-02  1.0314E+40  0.0000E+00  1.0314E+40  2.5675E-08
  1.4960E-02  7.3281E+39  0.0000E+00  7.3281E+39  2.0770E-11
  1.6790E-02  5.2190E+39  0.0000E+00  5.2190E+39  3.2126E-14
  1.8840E-02  3.7747E+39  0.0000E+00  3.7747E+39  1.1462E-16
  2.1130E-02  2.7901E+39  0.0000E+00  2.7901E+39  1.9726E-19
  2.3710E-02  1.9999E+39  0.0000E+00  1.9999E+39  2.6140E-22
  2.6610E-02  1.3821E+39  0.0000E+00  1.3821E+39  1.8812E-25
  2.9850E-02  9.4732E+38  0.0000E+00  9.4732E+38  1.5184E-28
  3.3500E-02  6.3912E+38  0.0000E+00  6.3912E+38  1.0876E-31
  3.7580E-02  6.1019E+38  0.0000E+00  6.1019E+38  1.7067E-32
  4.2170E-02  5.2853E+38  0.0000E+00  5.2853E+38  1.1180E-35
  4.7320E-02  2.1020E+38  0.0000E+00  2.1020E+38  3.2290E-43
  5.3090E-02  6.8543E+37  2.9127E-89  6.8543E+37  2.8191E-52
  6.6830E-02  2.0715E+36  0.0000E+00  2.0715E+36  3.5084E-88
  7.4990E-02  3.2176E+35  0.0000E+00  3.2176E+35  0.0000E+00
  8.4140E-02  4.3395E+35  0.0000E+00  4.3395E+35  0.0000E+00
  9.4410E-02  5.8226E+35  1.8759E-88  5.8226E+35  0.0000E+00
  1.0590E-01  2.3257E+36  1.3484E-73  2.3257E+36  1.3575E-85
  1.1890E-01  1.2899E+37  6.9356E-58  1.2899E+37  1.4773E-67
  1.3340E-01  6.3073E+37  5.5308E-46  6.3073E+37  1.6567E-54
  1.4960E-01  1.7053E+38  2.0633E-37  1.7053E+38  3.8894E-46
  1.5850E-01  1.9588E+38  6.1905E-35  1.9588E+38  1.2701E-44
  1.7780E-01  1.0967E+38  7.1522E-34  1.0967E+38  3.3151E-47
  1.9950E-01  8.8674E+36  2.8095E-41  8.8674E+36  2.2428E-62
  2.2390E-01  2.4389E+36  3.6293E-45  2.4389E+36  1.4457E-71
  2.3710E-01  9.1014E+36  5.8176E-37  9.1014E+36  2.6861E-60
  2.5120E-01  3.6160E+37  1.6845E-28  3.6160E+37  1.5114E-48
  2.6610E-01  9.0501E+37  1.5257E-22  9.0501E+37  1.3757E-40
  2.8180E-01  1.6783E+38  4.5698E-18  1.6783E+38  7.7598E-35
  2.9850E-01  2.6882E+38  2.0104E-14  2.6882E+38  2.6778E-30
  3.1620E-01  4.1163E+38  3.9265E-11  4.1163E+38  3.1373E-26
  3.3500E-01  6.0554E+38  4.2137E-08  6.0554E+38  1.6884E-22
  3.5480E-01  8.4538E+38  2.2999E-05  8.4538E+38  3.6962E-19
  3.7580E-01  1.1614E+39  1.0761E-02  1.1614E+39  7.1782E-16
  3.9810E-01  1.5568E+39  2.9880E+00  1.5568E+39  7.0976E-13
  4.2170E-01  2.1310E+39  1.0794E+03  2.1310E+39  1.1847E-09
  4.4670E-01  2.9143E+39  3.0179E+05  2.9143E+39  1.4917E-06
  4.7320E-01  3.9525E+39  7.0906E+07  3.9525E+39  1.5706E-03
  5.0120E-01  5.2956E+39  1.3357E+10  5.2956E+39  1.2814E+00
  5.3090E-01  7.1177E+39  2.4570E+12  7.1177E+39  1.0830E+03
  5.6230E-01  9.4431E+39  2.9743E+14  9.4431E+39  5.2207E+05
  5.9570E-01  1.2474E+40  2.7584E+16  1.2474E+40  1.7896E+08
  6.3100E-01  1.6609E+40  2.2342E+18  1.6609E+40  5.3300E+10
  6.6830E-01  2.2293E+40  1.5726E+20  2.2293E+40  1.3652E+13
  7.0790E-01  3.0323E+40  9.2266E+21  3.0323E+40  2.8070E+15
  7.4990E-01  4.1247E+40  4.0700E+23  4.1247E+40  3.9586E+17
  7.9430E-01  5.6551E+40  1.5123E+25  5.6551E+40  4.5418E+19
  8.4140E-01  7.8032E+40  4.8707E+26  7.8032E+40  4.3977E+21
  8.9130E-01  1.0957E+41  1.5153E+28  1.0957E+41  4.2111E+23
  9.4410E-01  1.5299E+41  3.9403E+29  1.5299E+41  3.2050E+25
  1.0000E+00  2.0864E+41  7.8344E+30  2.0864E+41  1.6923E+27
  1.0590E+00  2.7863E+41  1.2293E+32  2.7863E+41  6.4935E+28
  1.1220E+00  3.6514E+41  1.6070E+33  3.6514E+41  1.9439E+30
  1.1890E+00  4.6917E+41  1.7985E+34  4.6917E+41  4.7204E+31
  1.2590E+00  5.9243E+41  1.7864E+35  5.9243E+41  9.8606E+32
  1.3340E+00  7.2666E+41  1.4745E+36  7.2666E+41  1.5910E+34
  1.4130E+00  8.6139E+41  9.6940E+36  8.6138E+41  1.8771E+35
  1.4960E+00  9.9094E+41  5.2956E+37  9.9088E+41  1.7178E+36
  1.5850E+00  1.1094E+42  2.5113E+38  1.1091E+42  1.2871E+37
  1.6790E+00  1.2115E+42  1.0558E+39  1.2104E+42  8.1910E+37
  1.7780E+00  1.2899E+42  3.9567E+39  1.2855E+42  4.4640E+38
  1.8840E+00  1.3405E+42  1.3237E+40  1.3252E+42  2.0733E+39
  1.9950E+00  1.3730E+42  3.9400E+40  1.3254E+42  8.2102E+39
  2.1130E+00  1.4175E+42  1.0459E+41  1.2852E+42  2.7718E+40
  2.2390E+00  1.5381E+42  2.4861E+41  1.2092E+42  8.0337E+40
  2.3710E+00  1.8394E+42  5.3115E+41  1.1064E+42  2.0185E+41
  2.5120E+00  2.4612E+42  1.0301E+42  9.8687E+41  4.4429E+41
  2.6610E+00  3.5618E+42  1.8297E+42  8.6086E+41  8.7127E+41
  2.8180E+00  5.2925E+42  3.0083E+42  7.3629E+41  1.5479E+42
  2.9850E+00  7.7601E+42  4.6214E+42  6.1898E+41  2.5197E+42
  3.1620E+00  1.1024E+43  6.6959E+42  5.1269E+41  3.8153E+42
  3.3500E+00  1.4978E+43  9.1788E+42  4.1895E+41  5.3798E+42
  3.5480E+00  1.9625E+43  1.2058E+43  3.3865E+41  7.2281E+42
  3.7580E+00  2.4748E+43  1.5220E+43  2.7084E+41  9.2566E+42
  3.9810E+00  3.0136E+43  1.8545E+43  2.1451E+41  1.1377E+43
  4.2170E+00  3.5581E+43  2.1906E+43  1.6842E+41  1.3506E+43
  4.4670E+00  4.0878E+43  2.5184E+43  1.3115E+41  1.5563E+43
  4.7320E+00  4.5737E+43  2.8209E+43  1.0123E+41  1.7427E+43
  5.0120E+00  5.0011E+43  3.0863E+43  7.7580E+40  1.9070E+43
  5.3090E+00  5.2828E+43  3.3032E+43  5.8182E+40  1.9737E+43
  5.6230E+00  5.4523E+43  3.4640E+43  4.3143E+40  1.9840E+43
  5.9570E+00  5.5070E+43  3.5655E+43  3.1649E+40  1.9384E+43
  6.3100E+00  5.4773E+43  3.6130E+43  2.2961E+40  1.8620E+43
  6.6830E+00  5.3895E+43  3.6384E+43  1.6573E+40  1.7494E+43
  7.0790E+00  5.2446E+43  3.6206E+43  1.1799E+40  1.6228E+43
  7.4990E+00  4.7016E+43  3.3553E+43  8.1135E+39  1.3455E+43
  7.9430E+00  2.9662E+43  2.2931E+43  5.1442E+39  6.7257E+42
  8.4140E+00  1.3184E+43  1.1425E+43  3.2172E+39  1.7567E+42
  8.9130E+00  6.8188E+42  6.3742E+42  2.1966E+39  4.4246E+41
  9.4410E+00  4.2379E+42  4.1210E+42  1.7019E+39  1.1511E+41
  1.0000E+01  5.2610E+42  5.0932E+42  1.4493E+39  1.6628E+41
  1.0590E+01  7.1731E+42  6.8663E+42  1.2308E+39  3.0563E+41
  1.1220E+01  1.0317E+43  9.7067E+42  9.8130E+38  6.0959E+41
  1.1890E+01  1.3366E+43  1.2410E+43  7.5273E+38  9.5587E+41
  1.2590E+01  1.6517E+43  1.5184E+43  5.5818E+38  1.3331E+42
  1.3340E+01  1.8981E+43  1.7365E+43  3.9905E+38  1.6151E+42
  1.4130E+01  1.9883E+43  1.8261E+43  2.7502E+38  1.6221E+42
  1.4960E+01  1.8388E+43  1.7182E+43  1.9231E+38  1.2059E+42
  1.5850E+01  1.6717E+43  1.5901E+43  1.4079E+38  8.1649E+41
  1.6790E+01  1.5399E+43  1.4860E+43  1.0800E+38  5.3850E+41
  1.7780E+01  1.4739E+43  1.4360E+43  8.6239E+37  3.7953E+41
  1.8840E+01  1.4783E+43  1.4473E+43  6.9784E+37  3.1005E+41
  1.9950E+01  1.5289E+43  1.4993E+43  5.5153E+37  2.9563E+41
  2.1130E+01  1.5698E+43  1.5412E+43  4.2070E+37  2.8613E+41
  2.2390E+01  1.5817E+43  1.5550E+43  3.1751E+37  2.6728E+41
  2.3710E+01  1.5684E+43  1.5440E+43  2.3707E+37  2.4456E+41
  2.5120E+01  1.5279E+43  1.5060E+43  1.7565E+37  2.1902E+41
  2.6610E+01  1.4643E+43  1.4449E+43  1.2850E+37  1.9392E+41
  2.8180E+01  1.3797E+43  1.3627E+43  9.3174E+36  1.6984E+41
  2.9850E+01  1.2765E+43  1.2618E+43  6.6761E+36  1.4733E+41
  3.1620E+01  1.1598E+43  1.1471E+43  4.7131E+36  1.2715E+41
  3.3500E+01  1.0342E+43  1.0233E+43  3.2770E+36  1.0916E+41
  3.5480E+01  9.0593E+42  8.9659E+42  2.2455E+36  9.3398E+40
  3.7580E+01  7.7961E+42  7.7164E+42  1.5147E+36  7.9720E+40
  3.9810E+01  6.5913E+42  6.5233E+42  1.0057E+36  6.8010E+40
  4.2170E+01  5.4840E+42  5.4261E+42  6.5763E+35  5.7906E+40
  4.4670E+01  4.4947E+42  4.4456E+42  4.2348E+35  4.9159E+40
  4.7320E+01  3.6338E+42  3.5922E+42  2.6903E+35  4.1567E+40
  5.0120E+01  2.9020E+42  2.8670E+42  1.6888E+35  3.5023E+40
  5.3090E+01  2.2903E+42  2.2609E+42  1.0481E+35  2.9375E+40
  5.6230E+01  1.7896E+42  1.7651E+42  6.4422E+34  2.4537E+40
  5.9570E+01  1.3843E+42  1.3639E+42  3.9215E+34  2.0390E+40
  6.3100E+01  1.0625E+42  1.0456E+42  2.3701E+34  1.6882E+40
  6.6830E+01  8.0986E+41  7.9593E+41  1.4236E+34  1.3929E+40
  7.0790E+01  6.1327E+41  6.0183E+41  8.5001E+33  1.1444E+40
  7.4990E+01  4.6165E+41  4.5228E+41  5.0490E+33  9.3683E+39
  7.9430E+01  3.4593E+41  3.3828E+41  2.9879E+33  7.6485E+39
  8.4140E+01  2.5808E+41  2.5185E+41  1.7613E+33  6.2249E+39
  8.9130E+01  1.9192E+41  1.8687E+41  1.0358E+33  5.0527E+39
  9.4410E+01  1.4233E+41  1.3823E+41  6.0788E+32  4.0933E+39
  1.0000E+02  1.0527E+41  1.0196E+41  3.5603E+32  3.3098E+39
  1.0590E+02  7.7766E+40  7.5093E+40  2.0848E+32  2.6733E+39
  1.1220E+02  5.7344E+40  5.5193E+40  1.2187E+32  2.1517E+39
  1.1890E+02  4.2315E+40  4.0587E+40  7.1344E+31  1.7277E+39
  1.2590E+02  3.1416E+40  3.0026E+40  4.2053E+31  1.3895E+39
  1.3340E+02  2.3388E+40  2.2274E+40  2.4900E+31  1.1132E+39
  1.4130E+02  1.7288E+40  1.6395E+40  1.4702E+31  8.9246E+38
  1.4960E+02  1.2533E+40  1.1817E+40  8.5162E+30  7.1676E+38
  1.5850E+02  9.0246E+39  8.4510E+39  4.8910E+30  5.7360E+38
  1.7780E+02  4.7311E+39  4.3638E+39  1.6322E+30  3.6734E+38
  1.9950E+02  2.4931E+39  2.2587E+39  5.4928E+29  2.3438E+38
  2.2390E+02  1.3162E+39  1.1671E+39  1.8596E+29  1.4912E+38
  2.5120E+02  6.9730E+38  6.0245E+38  6.3420E+28  9.4846E+37
  2.8180E+02  3.7056E+38  3.1029E+38  2.1787E+28  6.0273E+37
  3.1620E+02  1.9754E+38  1.5931E+38  7.5382E+27  3.8230E+37
  3.5480E+02  1.0586E+38  8.1636E+37  2.6310E+27  2.4226E+37
  3.9810E+02  5.7095E+37  4.1752E+37  9.2759E+26  1.5344E+37
  4.4670E+02  3.1025E+37  2.1314E+37  3.3043E+26  9.7109E+36
  5.0120E+02  1.7011E+37  1.0866E+37  1.1902E+26  6.1446E+36
  5.6230E+02  9.4219E+36  5.5341E+36  4.3348E+25  3.8878E+36
  6.3100E+02  5.2689E+36  2.8123E+36  1.5947E+25  2.4567E+36
  7.0790E+02  2.9826E+36  1.4290E+36  5.9335E+24  1.5536E+36
  7.9430E+02  1.7064E+36  7.2477E+35  2.2274E+24  9.8166E+35
  8.9130E+02  9.8709E+35  3.6712E+35  8.4331E+23  6.1997E+35
  1.0000E+03  5.7761E+35  1.8588E+35  3.2204E+23  3.9173E+35
