  1.0000E-03  4.7662E+44  0.0000E+00  4.9874E+42  4.7163E+44
  1.1220E-03  4.5836E+44  0.0000E+00  5.9576E+42  4.5240E+44
  1.2590E-03  4.3648E+44  0.0000E+00  6.7390E+42  4.2974E+44
  1.4130E-03  4.1261E+44  0.0000E+00  7.2612E+42  4.0535E+44
  1.5850E-03  3.9990E+44  0.0000E+00  7.5927E+42  3.9231E+44
  1.7780E-03  4.2742E+44  0.0000E+00  8.9162E+42  4.1851E+44
  1.9950E-03  3.6091E+44  0.0000E+00  9.4027E+42  3.5150E+44
  2.2390E-03  3.2508E+44  0.0000E+00  8.9106E+42  3.1617E+44
  2.5120E-03  3.3274E+44  0.0000E+00  1.0772E+43  3.2197E+44
  2.8180E-03  2.4975E+44  0.0000E+00  1.0704E+43  2.3905E+44
  3.1620E-03  1.9543E+44  0.0000E+00  1.0205E+43  1.8522E+44
  3.5480E-03  1.5622E+44  0.0000E+00  9.5656E+42  1.4665E+44
  3.9810E-03  1.2882E+44  0.0000E+00  8.9272E+42  1.1989E+44
  4.4670E-03  5.0720E+44  0.0000E+00  3.6701E+43  4.7050E+44
  5.0120E-03  3.7359E+44  0.0000E+00  3.5072E+43  3.3852E+44
  5.6230E-03  2.7656E+44  0.0000E+00  3.2064E+43  2.4450E+44
  5.9570E-03  2.4024E+44  0.0000E+00  3.0403E+43  2.0983E+44
  6.6830E-03  1.8900E+44  0.0000E+00  2.7439E+43  1.6156E+44
  7.4990E-03  1.5969E+44  0.0000E+00  2.5176E+43  1.3451E+44
  8.4140E-03  1.2881E+44  0.0000E+00  2.2896E+43  1.0591E+44
  9.4410E-03  1.1025E+44  0.0000E+00  2.0888E+43  8.9360E+43
  1.0590E-02  1.0669E+44  0.0000E+00  1.8913E+43  8.7772E+43
  1.1890E-02  8.9667E+43  0.0000E+00  1.8231E+43  7.1437E+43
  1.3340E-02  7.9686E+43  0.0000E+00  1.6769E+43  6.2917E+43
  1.4960E-02  6.7432E+43  0.0000E+00  1.5472E+43  5.1960E+43
  1.6790E-02  5.8290E+43  0.0000E+00  1.4152E+43  4.4138E+43
  1.8840E-02  5.1714E+43  0.0000E+00  1.2879E+43  3.8834E+43
  2.1130E-02  4.5035E+43  0.0000E+00  1.1919E+43  3.3116E+43
  2.3710E-02  3.8828E+43  0.0000E+00  1.0887E+43  2.7941E+43
  2.6610E-02  3.2783E+43  0.0000E+00  9.8057E+42  2.2978E+43
  2.9850E-02  2.7718E+43  1.2732E-85  8.7382E+42  1.8980E+43
  3.3500E-02  2.3316E+43  6.4184E-71  7.7110E+42  1.5605E+43
  3.7580E-02  2.4252E+43  7.5721E-58  8.1437E+42  1.6108E+43
  4.2170E-02  2.1184E+43  2.6040E-46  7.9905E+42  1.3193E+43
  4.7320E-02  1.2340E+43  3.9984E-36  5.2702E+42  7.0700E+42
  5.3090E-02  6.0455E+42  3.8104E-27  3.0025E+42  3.0430E+42
  6.6830E-02  6.0224E+41  1.1735E-12  5.1400E+41  8.8246E+40
  7.4990E-02  2.5000E+41  8.2150E-07  2.4071E+41  9.2916E+39
  8.4140E-02  2.7903E+41  5.9445E-01  2.6327E+41  1.5758E+40
  9.4410E-02  3.2181E+41  8.8562E+04  2.9924E+41  2.2566E+40
  1.0590E-01  7.0095E+41  6.8188E+09  6.0383E+41  9.7118E+40
  1.1890E-01  2.0950E+42  1.8377E+14  1.6186E+42  4.7632E+41
  1.3340E-01  5.2279E+42  1.0234E+18  3.7890E+42  1.4388E+42
  1.4960E-01  9.2152E+42  2.1907E+21  6.4577E+42  2.7575E+42
  1.5850E-01  9.6044E+42  7.2142E+22  6.6634E+42  2.9410E+42
  1.7780E-01  5.8187E+42  3.0844E+25  3.8798E+42  1.9388E+42
  1.9950E-01  1.1264E+42  2.9792E+27  7.5132E+41  3.7506E+41
  2.2390E-01  4.0029E+41  1.7835E+29  2.7046E+41  1.2983E+41
  2.3710E-01  8.6329E+41  2.6720E+30  5.0500E+41  3.5829E+41
  2.5120E-01  2.0084E+42  3.6728E+31  9.7300E+41  1.0354E+42
  2.6610E-01  3.5253E+42  3.5949E+32  1.4562E+42  2.0691E+42
  2.8180E-01  5.1854E+42  2.7414E+33  1.8493E+42  3.3361E+42
  2.9850E-01  6.9520E+42  1.7410E+34  2.1741E+42  4.7778E+42
  3.1620E-01  9.0264E+42  9.5975E+34  2.4896E+42  6.5368E+42
  3.3500E-01  1.1439E+43  4.7092E+35  2.7875E+42  8.6519E+42
  3.5480E-01  1.4070E+43  2.0529E+36  3.0407E+42  1.1029E+43
  3.7580E-01  1.7253E+43  8.2511E+36  3.2653E+42  1.3987E+43
  3.9810E-01  2.0713E+43  2.9870E+37  3.4774E+42  1.7236E+43
  4.2170E-01  2.5420E+43  1.0132E+38  3.7039E+42  2.1716E+43
  4.4670E-01  3.0981E+43  3.1585E+38  3.9441E+42  2.7037E+43
  4.7320E-01  3.7574E+43  9.2130E+38  4.1682E+42  3.3405E+43
  5.0120E-01  4.5204E+43  2.5149E+39  4.3625E+42  4.0839E+43
  5.3090E-01  5.4532E+43  6.5267E+39  4.5285E+42  4.9997E+43
  5.6230E-01  6.4459E+43  1.5737E+40  4.6652E+42  5.9778E+43
  5.9570E-01  7.5233E+43  3.5761E+40  4.7693E+42  7.0428E+43
  6.3100E-01  8.7429E+43  7.7098E+40  4.8482E+42  8.2504E+43
  6.6830E-01  1.0110E+44  1.5789E+41  4.8898E+42  9.6051E+43
  7.0790E-01  1.1599E+44  3.0758E+41  4.9187E+42  1.1076E+44
  7.4990E-01  1.3119E+44  5.6730E+41  4.9234E+42  1.2570E+44
  7.9430E-01  1.4734E+44  9.9853E+41  4.9091E+42  1.4143E+44
  8.4140E-01  1.6453E+44  1.6863E+42  4.8661E+42  1.5798E+44
  8.9130E-01  1.8393E+44  2.7587E+42  4.8021E+42  1.7637E+44
  9.4410E-01  2.0406E+44  4.3353E+42  4.6963E+42  1.9503E+44
  1.0000E+00  2.2341E+44  6.5189E+42  4.5411E+42  2.1235E+44
  1.0590E+00  2.4195E+44  9.4148E+42  4.3553E+42  2.2818E+44
  1.1220E+00  2.5978E+44  1.3177E+43  4.1389E+42  2.4247E+44
  1.1890E+00  2.7712E+44  1.7929E+43  3.8890E+42  2.5530E+44
  1.2590E+00  2.9475E+44  2.3729E+43  3.6059E+42  2.6741E+44
  1.3340E+00  3.1063E+44  3.0531E+43  3.2976E+42  2.7680E+44
  1.4130E+00  3.2383E+44  3.7979E+43  2.9819E+42  2.8287E+44
  1.4960E+00  3.3480E+44  4.5945E+43  2.6661E+42  2.8619E+44
  1.5850E+00  3.4365E+44  5.4493E+43  2.3520E+42  2.8680E+44
  1.6790E+00  3.5090E+44  6.3340E+43  2.0458E+42  2.8551E+44
  1.7780E+00  3.5647E+44  7.2218E+43  1.7517E+42  2.8250E+44
  1.8840E+00  3.5995E+44  8.1073E+43  1.4750E+42  2.7740E+44
  1.9950E+00  3.6159E+44  8.9549E+43  1.2229E+42  2.7082E+44
  2.1130E+00  3.6102E+44  9.7507E+43  9.9935E+41  2.6252E+44
  2.2390E+00  3.5817E+44  1.0468E+44  8.0623E+41  2.5269E+44
  2.3710E+00  3.5347E+44  1.1086E+44  6.4397E+41  2.4197E+44
  2.5120E+00  3.4687E+44  1.1610E+44  5.1037E+41  2.3025E+44
  2.6610E+00  3.3877E+44  1.2028E+44  4.0212E+41  2.1809E+44
  2.8180E+00  3.2944E+44  1.2334E+44  3.1528E+41  2.0578E+44
  2.9850E+00  3.1910E+44  1.2545E+44  2.4618E+41  1.9340E+44
  3.1620E+00  3.0797E+44  1.2659E+44  1.9152E+41  1.8119E+44
  3.3500E+00  2.9644E+44  1.2708E+44  1.4853E+41  1.6921E+44
  3.5480E+00  2.8453E+44  1.2665E+44  1.1479E+41  1.5777E+44
  3.7580E+00  2.7242E+44  1.2555E+44  8.8356E+40  1.4678E+44
  3.9810E+00  2.6013E+44  1.2377E+44  6.7720E+40  1.3630E+44
  4.2170E+00  2.4779E+44  1.2134E+44  5.1675E+40  1.2639E+44
  4.4670E+00  2.3542E+44  1.1833E+44  3.9239E+40  1.1705E+44
  4.7320E+00  2.2309E+44  1.1479E+44  2.9621E+40  1.0827E+44
  5.0120E+00  2.1108E+44  1.1077E+44  2.2258E+40  1.0029E+44
  5.3090E+00  1.9610E+44  1.0627E+44  1.6376E+40  8.9809E+43
  5.6230E+00  1.8117E+44  1.0140E+44  1.1931E+40  7.9752E+43
  5.9570E+00  1.6650E+44  9.6281E+43  8.6085E+39  7.0210E+43
  6.3100E+00  1.5193E+44  9.0532E+43  6.1419E+39  6.1389E+43
  6.6830E+00  1.3880E+44  8.5467E+43  4.3609E+39  5.3324E+43
  7.0790E+00  1.2594E+44  7.9912E+43  3.0512E+39  4.6022E+43
  7.4990E+00  1.1402E+44  7.4693E+43  2.0912E+39  3.9322E+43
  7.9430E+00  1.0407E+44  7.1330E+43  1.4199E+39  3.2740E+43
  8.4140E+00  9.5352E+43  6.8954E+43  1.0327E+39  2.6397E+43
  8.9130E+00  8.6882E+43  6.5718E+43  8.1863E+38  2.1163E+43
  9.4410E+00  7.9041E+43  6.2113E+43  7.2993E+38  1.6928E+43
  1.0000E+01  7.2690E+43  5.8183E+43  5.7066E+38  1.4506E+43
  1.0590E+01  6.6444E+43  5.3918E+43  4.2986E+38  1.2526E+43
  1.1220E+01  5.9941E+43  4.9136E+43  2.9898E+38  1.0805E+43
  1.1890E+01  5.3040E+43  4.3847E+43  2.0563E+38  9.1929E+42
  1.2590E+01  4.6529E+43  3.8747E+43  1.3763E+38  7.7815E+42
  1.3340E+01  4.0383E+43  3.3865E+43  8.9807E+37  6.5178E+42
  1.4130E+01  3.5381E+43  2.9971E+43  5.7804E+37  5.4095E+42
  1.4960E+01  3.2422E+43  2.7992E+43  3.9549E+37  4.4300E+42
  1.5850E+01  3.0146E+43  2.6548E+43  2.8543E+37  3.5979E+42
  1.6790E+01  2.8126E+43  2.5210E+43  2.1493E+37  2.9152E+42
  1.7780E+01  2.5989E+43  2.3622E+43  1.6573E+37  2.3671E+42
  1.8840E+01  2.3503E+43  2.1576E+43  1.2623E+37  1.9269E+42
  1.9950E+01  2.0770E+43  1.9191E+43  9.1924E+36  1.5800E+42
  2.1130E+01  1.8168E+43  1.6874E+43  6.4370E+36  1.2936E+42
  2.2390E+01  1.5834E+43  1.4779E+43  4.4747E+36  1.0544E+42
  2.3710E+01  1.3766E+43  1.2907E+43  3.0900E+36  8.5958E+41
  2.5120E+01  1.1892E+43  1.1193E+43  2.1256E+36  6.9813E+41
  2.6610E+01  1.0202E+43  9.6355E+42  1.4496E+36  5.6638E+41
  2.8180E+01  8.6897E+42  8.2304E+42  9.8471E+35  4.5932E+41
  2.9850E+01  7.3266E+42  6.9549E+42  6.6409E+35  3.7167E+41
  3.1620E+01  6.1077E+42  5.8074E+42  4.4330E+35  3.0037E+41
  3.3500E+01  5.0290E+42  4.7866E+42  2.9280E+35  2.4237E+41
  3.5480E+01  4.0942E+42  3.8986E+42  1.9155E+35  1.9561E+41
  3.7580E+01  3.2903E+42  3.1326E+42  1.2385E+35  1.5770E+41
  3.9810E+01  2.6072E+42  2.4802E+42  7.9099E+34  1.2699E+41
  4.2170E+01  2.0414E+42  1.9392E+42  4.9930E+34  1.0220E+41
  4.4670E+01  1.5809E+42  1.4987E+42  3.1139E+34  8.2187E+40
  4.7320E+01  1.2125E+42  1.1464E+42  1.9218E+34  6.6036E+40
  5.0120E+01  9.2233E+41  8.6928E+41  1.1755E+34  5.3052E+40
  5.3090E+01  6.9604E+41  6.5347E+41  7.1292E+33  4.2578E+40
  5.6230E+01  5.2211E+41  4.8795E+41  4.2946E+33  3.4164E+40
  5.9570E+01  3.8907E+41  3.6170E+41  2.5686E+33  2.7370E+40
  6.3100E+01  2.8874E+41  2.6681E+41  1.5295E+33  2.1926E+40
  6.6830E+01  2.1356E+41  1.9600E+41  9.0744E+32  1.7563E+40
  7.0790E+01  1.5744E+41  1.4339E+41  5.3652E+32  1.4055E+40
  7.4990E+01  1.1574E+41  1.0451E+41  3.1636E+32  1.1239E+40
  7.9430E+01  8.4970E+40  7.5984E+40  1.8632E+32  8.9863E+39
  8.4140E+01  6.2286E+40  5.5106E+40  1.0957E+32  7.1802E+39
  8.9130E+01  4.5643E+40  3.9908E+40  6.4441E+31  5.7344E+39
  9.4410E+01  3.3445E+40  2.8865E+40  3.7911E+31  4.5793E+39
  1.0000E+02  2.4507E+40  2.0851E+40  2.2313E+31  3.6561E+39
  1.0590E+02  1.7985E+40  1.5065E+40  1.3161E+31  2.9202E+39
  1.1220E+02  1.3203E+40  1.0875E+40  7.7640E+30  2.3277E+39
  1.1890E+02  9.7182E+39  7.8649E+39  4.5931E+30  1.8533E+39
  1.2590E+02  7.2090E+39  5.7293E+39  2.7386E+30  1.4797E+39
  1.3340E+02  5.3665E+39  4.1883E+39  1.6401E+30  1.1781E+39
  1.4130E+02  3.9811E+39  3.0420E+39  9.8376E+29  9.3906E+38
  1.4960E+02  2.9165E+39  2.1668E+39  5.8420E+29  7.4972E+38
  1.5850E+02  2.1292E+39  1.5324E+39  3.4520E+29  5.9676E+38
  1.7780E+02  1.1540E+39  7.7514E+38  1.2238E+29  3.7890E+38
  1.9950E+02  6.3419E+38  3.9401E+38  4.4006E+28  2.4018E+38
  2.2390E+02  3.5242E+38  2.0040E+38  1.6014E+28  1.5203E+38
  2.5120E+02  1.9834E+38  1.0203E+38  5.9009E+27  9.6311E+37
  2.8180E+02  1.1293E+38  5.1920E+37  2.1982E+27  6.1010E+37
  3.1620E+02  6.4980E+37  2.6379E+37  8.2609E+26  3.8601E+37
  3.5480E+02  3.7806E+37  1.3393E+37  3.1308E+26  2.4413E+37
  3.9810E+02  2.2232E+37  6.7944E+36  1.1963E+26  1.5438E+37
  4.4670E+02  1.3202E+37  3.4439E+36  4.6021E+25  9.7582E+36
  5.0120E+02  7.9131E+36  1.7447E+36  1.7814E+25  6.1684E+36
  5.6230E+02  4.7835E+36  8.8371E+35  6.9309E+24  3.8998E+36
  6.3100E+02  2.9096E+36  4.4688E+35  2.7062E+24  2.4627E+36
  7.0790E+02  1.7827E+36  2.2609E+35  1.0616E+24  1.5567E+36
  7.9430E+02  1.0974E+36  1.1424E+35  4.1739E+23  9.8318E+35
  8.9130E+02  6.7841E+35  5.7669E+34  1.6445E+23  6.2074E+35
  1.0000E+03  4.2123E+35  2.9112E+34  6.4974E+22  3.9212E+35
