  1.0000E-03  8.9091E+44  0.0000E+00  1.4287E+43  8.7662E+44
  1.1220E-03  9.9723E+44  0.0000E+00  1.3651E+43  9.8357E+44
  1.2590E-03  1.1165E+45  0.0000E+00  1.2787E+43  1.1037E+45
  1.4130E-03  1.2505E+45  0.0000E+00  1.1831E+43  1.2387E+45
  1.5850E-03  1.4008E+45  0.0000E+00  1.1335E+43  1.3894E+45
  1.7780E-03  1.5720E+45  0.0000E+00  1.3359E+43  1.5586E+45
  1.9950E-03  1.7611E+45  0.0000E+00  1.2261E+43  1.7488E+45
  2.2390E-03  1.9741E+45  0.0000E+00  1.1371E+43  1.9627E+45
  2.5120E-03  2.2157E+45  0.0000E+00  1.3672E+43  2.2020E+45
  2.8180E-03  2.4826E+45  0.0000E+00  1.2383E+43  2.4702E+45
  3.1620E-03  2.7833E+45  0.0000E+00  1.1422E+43  2.7718E+45
  3.5480E-03  3.1209E+45  0.0000E+00  1.0584E+43  3.1103E+45
  3.9810E-03  3.4996E+45  0.0000E+00  9.7540E+42  3.4898E+45
  4.4670E-03  3.9428E+45  0.0000E+00  2.6951E+43  3.9158E+45
  5.0120E-03  4.4197E+45  0.0000E+00  2.6127E+43  4.3936E+45
  5.6230E-03  4.9568E+45  0.0000E+00  2.7522E+43  4.9292E+45
  5.9570E-03  5.2508E+45  0.0000E+00  2.8811E+43  5.2220E+45
  6.6830E-03  5.8906E+45  0.0000E+00  3.2089E+43  5.8585E+45
  7.4990E-03  6.6102E+45  0.0000E+00  3.6422E+43  6.5738E+45
  8.4140E-03  7.4162E+45  0.0000E+00  4.0371E+43  7.3758E+45
  9.4410E-03  8.3209E+45  0.0000E+00  4.4801E+43  8.2761E+45
  1.0590E-02  9.3336E+45  0.0000E+00  5.0335E+43  9.2833E+45
  1.1890E-02  1.0478E+46  0.0000E+00  5.5015E+43  1.0423E+46
  1.3340E-02  1.1754E+46  0.0000E+00  6.0246E+43  1.1694E+46
  1.4960E-02  1.3179E+46  0.0000E+00  6.5250E+43  1.3114E+46
  1.6790E-02  1.4789E+46  0.0000E+00  7.0784E+43  1.4718E+46
  1.8840E-02  1.6592E+46  0.0000E+00  7.6991E+43  1.6515E+46
  2.1130E-02  1.8607E+46  0.0000E+00  8.3317E+43  1.8524E+46
  2.3710E-02  2.0875E+46  0.0000E+00  8.9985E+43  2.0785E+46
  2.6610E-02  2.3423E+46  0.0000E+00  9.6838E+43  2.3326E+46
  2.9850E-02  2.6270E+46  8.4225E-84  1.0404E+44  2.6166E+46
  3.3500E-02  2.9478E+46  5.4069E-69  1.1103E+44  2.9367E+46
  3.7580E-02  3.3061E+46  6.8739E-56  1.1846E+44  3.2942E+46
  4.2170E-02  3.7114E+46  2.9741E-44  1.4707E+44  3.6967E+46
  4.7320E-02  4.1640E+46  7.5823E-34  1.5802E+44  4.1482E+46
  5.3090E-02  4.3363E+46  1.2906E-24  1.5105E+44  4.3212E+46
  6.6830E-02  4.1364E+46  3.4761E-09  9.5506E+43  4.1268E+46
  7.4990E-02  4.0397E+46  9.6880E-03  6.8322E+43  4.0328E+46
  8.4140E-02  3.9481E+46  5.6358E+03  7.1181E+43  3.9410E+46
  9.4410E-02  3.8586E+46  7.3152E+08  7.3811E+43  3.8513E+46
  1.0590E-01  3.5142E+46  2.6580E+13  8.6259E+43  3.5055E+46
  1.1890E-01  2.9552E+46  2.4106E+17  8.4327E+43  2.9467E+46
  1.3340E-01  2.4871E+46  4.9280E+20  7.5184E+43  2.4795E+46
  1.4960E-01  2.0930E+46  5.9672E+23  5.1267E+43  2.0878E+46
  1.5850E-01  1.9186E+46  1.8232E+25  4.0731E+43  1.9145E+46
  1.7780E-01  1.6147E+46  9.8991E+27  3.2844E+43  1.6114E+46
  1.9950E-01  1.3585E+46  2.7928E+30  2.6503E+43  1.3558E+46
  2.2390E-01  1.1427E+46  3.5970E+32  2.4245E+43  1.1403E+46
  2.3710E-01  1.0492E+46  2.7028E+33  2.7887E+43  1.0464E+46
  2.5120E-01  9.6253E+45  1.7025E+34  2.9502E+43  9.5958E+45
  2.6610E-01  8.8296E+45  9.8012E+34  2.8435E+43  8.8012E+45
  2.8180E-01  8.1025E+45  5.1336E+35  2.6422E+43  8.0761E+45
  2.9850E-01  7.4322E+45  2.4392E+36  2.4366E+43  7.4079E+45
  3.1620E-01  6.8173E+45  1.0422E+37  2.2625E+43  6.7947E+45
  3.3500E-01  6.2518E+45  4.0728E+37  2.1010E+43  6.2308E+45
  3.5480E-01  5.7360E+45  1.4576E+38  1.9510E+43  5.7165E+45
  3.7580E-01  5.2623E+45  4.8379E+38  1.8187E+43  5.2442E+45
  3.9810E-01  4.8267E+45  1.4752E+39  1.6986E+43  4.8097E+45
  4.2170E-01  4.4276E+45  4.1510E+39  1.6000E+43  4.4116E+45
  4.4670E-01  4.0618E+45  1.0814E+40  1.5128E+43  4.0466E+45
  4.7320E-01  3.7258E+45  2.6483E+40  1.4329E+43  3.7115E+45
  5.0120E-01  3.4184E+45  6.1088E+40  1.3585E+43  3.4048E+45
  5.3090E-01  3.1362E+45  1.3368E+41  1.2930E+43  3.1232E+45
  5.6230E-01  2.8777E+45  2.7591E+41  1.2321E+43  2.8651E+45
  5.9570E-01  2.6399E+45  5.4143E+41  1.1767E+43  2.6276E+45
  6.3100E-01  2.4226E+45  1.0107E+42  1.1271E+43  2.4103E+45
  6.6830E-01  2.2240E+45  1.7978E+42  1.0835E+43  2.2114E+45
  7.0790E-01  2.0419E+45  3.0573E+42  1.0446E+43  2.0284E+45
  7.4990E-01  1.8755E+45  4.9716E+42  1.0081E+43  1.8605E+45
  7.9430E-01  1.7241E+45  7.7520E+42  9.7488E+42  1.7066E+45
  8.4140E-01  1.5864E+45  1.1647E+43  9.4773E+42  1.5653E+45
  8.9130E-01  1.4619E+45  1.6940E+43  9.2718E+42  1.4357E+45
  9.4410E-01  1.3500E+45  2.3833E+43  9.1311E+42  1.3170E+45
  1.0000E+00  1.2496E+45  3.2460E+43  9.0248E+42  1.2081E+45
  1.0590E+00  1.1604E+45  4.2898E+43  8.9472E+42  1.1086E+45
  1.1220E+00  1.0808E+45  5.5422E+43  8.8791E+42  1.0165E+45
  1.1890E+00  1.0108E+45  7.0182E+43  8.8057E+42  9.3183E+44
  1.2590E+00  9.5095E+44  8.7035E+43  8.7122E+42  8.5520E+44
  1.3340E+00  8.9881E+44  1.0611E+44  8.6018E+42  7.8411E+44
  1.4130E+00  8.5433E+44  1.2658E+44  8.4741E+42  7.1927E+44
  1.4960E+00  8.1690E+44  1.4833E+44  8.3189E+42  6.6026E+44
  1.5850E+00  7.8536E+44  1.7180E+44  8.1261E+42  6.0543E+44
  1.6790E+00  7.5943E+44  1.9624E+44  7.8863E+42  5.5530E+44
  1.7780E+00  7.3814E+44  2.2098E+44  7.5852E+42  5.0957E+44
  1.8840E+00  7.2037E+44  2.4596E+44  7.2175E+42  4.6719E+44
  1.9950E+00  7.0542E+44  2.6989E+44  6.7821E+42  4.2875E+44
  2.1130E+00  6.9172E+44  2.9210E+44  6.2846E+42  3.9333E+44
  2.2390E+00  6.7774E+44  3.1140E+44  5.7348E+42  3.6061E+44
  2.3710E+00  6.6277E+44  3.2670E+44  5.1485E+42  3.3092E+44
  2.5120E+00  6.4584E+44  3.3785E+44  4.5491E+42  3.0344E+44
  2.6610E+00  6.2646E+44  3.4418E+44  3.9556E+42  2.7832E+44
  2.8180E+00  6.0427E+44  3.4550E+44  3.3855E+42  2.5538E+44
  2.9850E+00  5.7947E+44  3.4235E+44  2.8544E+42  2.3426E+44
  3.1620E+00  5.5214E+44  3.3490E+44  2.3728E+42  2.1487E+44
  3.3500E+00  5.2348E+44  3.2450E+44  1.9460E+42  1.9704E+44
  3.5480E+00  4.9315E+44  3.1080E+44  1.5771E+42  1.8078E+44
  3.7580E+00  4.6209E+44  2.9499E+44  1.2632E+42  1.6583E+44
  3.9810E+00  4.3065E+44  2.7755E+44  1.0007E+42  1.5210E+44
  4.2170E+00  3.9934E+44  2.5904E+44  7.8479E+41  1.3951E+44
  4.4670E+00  3.6857E+44  2.3999E+44  6.0966E+41  1.2796E+44
  4.7320E+00  3.3874E+44  2.2090E+44  4.6885E+41  1.1737E+44
  5.0120E+00  3.1046E+44  2.0219E+44  3.5753E+41  1.0791E+44
  5.3090E+00  2.8029E+44  1.8400E+44  2.6734E+41  9.6024E+43
  5.6230E+00  2.5171E+44  1.6671E+44  1.9752E+41  8.4805E+43
  5.9570E+00  2.2501E+44  1.5055E+44  1.4424E+41  7.4316E+43
  6.3100E+00  1.9978E+44  1.3497E+44  1.0411E+41  6.4710E+43
  6.6830E+00  1.7797E+44  1.2188E+44  7.4765E+40  5.6014E+43
  7.0790E+00  1.5766E+44  1.0942E+44  5.2939E+40  4.8190E+43
  7.4990E+00  1.4028E+44  9.9016E+43  3.5904E+40  4.1229E+43
  7.9430E+00  1.2895E+44  9.3817E+43  2.1914E+40  3.5109E+43
  8.4140E+00  1.2201E+44  9.2244E+43  1.3536E+40  2.9752E+43
  8.9130E+00  1.1373E+44  8.8619E+43  9.5052E+39  2.5104E+43
  9.4410E+00  1.0456E+44  8.3455E+43  7.7061E+39  2.1101E+43
  1.0000E+01  9.3835E+43  7.6157E+43  6.4150E+39  1.7671E+43
  1.0590E+01  8.3499E+43  6.8735E+43  5.2905E+39  1.4758E+43
  1.1220E+01  7.3400E+43  6.1129E+43  4.1065E+39  1.2267E+43
  1.1890E+01  6.4053E+43  5.3891E+43  3.1120E+39  1.0159E+43
  1.2590E+01  5.5860E+43  4.7446E+43  2.2915E+39  8.4119E+42
  1.3340E+01  4.8634E+43  4.1701E+43  1.6335E+39  6.9319E+42
  1.4130E+01  4.3031E+43  3.7325E+43  1.1206E+39  5.7050E+42
  1.4960E+01  3.9901E+43  3.5208E+43  7.7297E+38  4.6919E+42
  1.5850E+01  3.7439E+43  3.3597E+43  5.5478E+38  3.8414E+42
  1.6790E+01  3.5113E+43  3.1971E+43  4.1493E+38  3.1409E+42
  1.7780E+01  3.2579E+43  3.0012E+43  3.2164E+38  2.5663E+42
  1.8840E+01  2.9709E+43  2.7620E+43  2.5191E+38  2.0888E+42
  1.9950E+01  2.6678E+43  2.4976E+43  1.9291E+38  1.7013E+42
  2.1130E+01  2.3791E+43  2.2408E+43  1.4263E+38  1.3827E+42
  2.2390E+01  2.1148E+43  2.0028E+43  1.0425E+38  1.1203E+42
  2.3710E+01  1.8752E+43  1.7843E+43  7.5416E+37  9.0864E+41
  2.5120E+01  1.6525E+43  1.5790E+43  5.4177E+37  7.3479E+41
  2.6610E+01  1.4467E+43  1.3874E+43  3.8503E+37  5.9383E+41
  2.8180E+01  1.2578E+43  1.2098E+43  2.7190E+37  4.7994E+41
  2.9850E+01  1.0830E+43  1.0443E+43  1.9032E+37  3.8717E+41
  3.1620E+01  9.2279E+42  8.9159E+42  1.3175E+37  3.1199E+41
  3.3500E+01  7.7724E+42  7.5213E+42  9.0183E+36  2.5106E+41
  3.5480E+01  6.4772E+42  6.2751E+42  6.1091E+36  2.0210E+41
  3.7580E+01  5.3324E+42  5.1698E+42  4.0894E+36  1.6253E+41
  3.9810E+01  4.3312E+42  4.2007E+42  2.7047E+36  1.3054E+41
  4.2170E+01  3.4765E+42  3.3717E+42  1.7671E+36  1.0479E+41
  4.4670E+01  2.7588E+42  2.6747E+42  1.1395E+36  8.4074E+40
  4.7320E+01  2.1664E+42  2.0990E+42  7.2608E+35  6.7400E+40
  5.0120E+01  1.6854E+42  1.6314E+42  4.5765E+35  5.4034E+40
  5.3090E+01  1.2991E+42  1.2558E+42  2.8537E+35  4.3282E+40
  5.6230E+01  9.9370E+41  9.5903E+41  1.7629E+35  3.4667E+40
  5.9570E+01  7.5385E+41  7.2612E+41  1.0785E+35  2.7728E+40
  6.3100E+01  5.6852E+41  5.4634E+41  6.5493E+34  2.2180E+40
  6.6830E+01  4.2651E+41  4.0877E+41  3.9513E+34  1.7744E+40
  7.0790E+01  3.1835E+41  3.0417E+41  2.3686E+34  1.4183E+40
  7.4990E+01  2.3653E+41  2.2520E+41  1.4119E+34  1.1329E+40
  7.9430E+01  1.7517E+41  1.6612E+41  8.3823E+33  9.0505E+39
  8.4140E+01  1.2930E+41  1.2208E+41  4.9550E+33  7.2256E+39
  8.9130E+01  9.5255E+40  8.9488E+40  2.9212E+33  5.7665E+39
  9.4410E+01  7.0048E+40  6.5446E+40  1.7182E+33  4.6021E+39
  1.0000E+02  5.1428E+40  4.7756E+40  1.0084E+33  3.6722E+39
  1.0590E+02  3.7752E+40  3.4820E+40  5.9166E+32  2.9317E+39
  1.1220E+02  2.7682E+40  2.5346E+40  3.4647E+32  2.3358E+39
  1.1890E+02  2.0323E+40  1.8464E+40  2.0309E+32  1.8590E+39
  1.2590E+02  1.5018E+40  1.3534E+40  1.1980E+32  1.4838E+39
  1.3340E+02  1.1127E+40  9.9463E+39  7.0938E+31  1.1811E+39
  1.4130E+02  8.2032E+39  7.2621E+39  4.1951E+31  9.4117E+38
  1.4960E+02  5.9552E+39  5.2040E+39  2.4426E+31  7.5121E+38
  1.5850E+02  4.3001E+39  3.7023E+39  1.4112E+31  5.9781E+38
  1.7780E+02  2.2712E+39  1.8917E+39  4.7650E+30  3.7942E+38
  1.9950E+02  1.2099E+39  9.6947E+38  1.6242E+30  2.4043E+38
  2.2390E+02  6.4858E+38  4.9643E+38  5.5802E+29  1.5216E+38
  2.5120E+02  3.5056E+38  2.5418E+38  1.9359E+29  9.6376E+37
  2.8180E+02  1.9102E+38  1.2997E+38  6.7807E+28  6.1043E+37
  3.1620E+02  1.0492E+38  6.6306E+37  2.3969E+28  3.8617E+37
  3.5480E+02  5.8204E+37  3.3783E+37  8.5612E+27  2.4421E+37
  3.9810E+02  3.2632E+37  1.7190E+37  3.0924E+27  1.5442E+37
  4.4670E+02  1.8496E+37  8.7353E+36  1.1291E+27  9.7603E+36
  5.0120E+02  1.0605E+37  4.4352E+36  4.1683E+26  6.1695E+36
  5.6230E+02  6.1510E+36  2.2507E+36  1.5546E+26  3.9003E+36
  6.3100E+02  3.6030E+36  1.1400E+36  5.8489E+25  2.4629E+36
  7.0790E+02  2.1344E+36  5.7759E+35  2.2219E+25  1.5568E+36
  7.9430E+02  1.2754E+36  2.9219E+35  8.4991E+24  9.8325E+35
  8.9130E+02  7.6843E+35  1.4766E+35  3.2720E+24  6.2077E+35
  1.0000E+03  4.6674E+35  7.4608E+34  1.2679E+24  3.9214E+35
