  1.0000E-03  8.7983E+44  0.0000E+00  3.2118E+42  8.7662E+44
  1.1220E-03  9.8772E+44  0.0000E+00  4.1437E+42  9.8357E+44
  1.2590E-03  1.1088E+45  0.0000E+00  5.1010E+42  1.1037E+45
  1.4130E-03  1.2447E+45  0.0000E+00  6.0419E+42  1.2387E+45
  1.5850E-03  1.3964E+45  0.0000E+00  6.9793E+42  1.3894E+45
  1.7780E-03  1.5675E+45  0.0000E+00  8.9391E+42  1.5586E+45
  1.9950E-03  1.7599E+45  0.0000E+00  1.1055E+43  1.7488E+45
  2.2390E-03  1.9750E+45  0.0000E+00  1.2250E+43  1.9627E+45
  2.5120E-03  2.2188E+45  0.0000E+00  1.6792E+43  2.2020E+45
  2.8180E-03  2.4909E+45  0.0000E+00  2.0656E+43  2.4702E+45
  3.1620E-03  2.7959E+45  0.0000E+00  2.4034E+43  2.7718E+45
  3.5480E-03  3.1374E+45  0.0000E+00  2.7155E+43  3.1103E+45
  3.9810E-03  3.5198E+45  0.0000E+00  2.9927E+43  3.4898E+45
  4.4670E-03  3.9521E+45  0.0000E+00  3.6287E+43  3.9158E+45
  5.0120E-03  4.4404E+45  0.0000E+00  4.6773E+43  4.3936E+45
  5.6230E-03  4.9872E+45  0.0000E+00  5.7961E+43  4.9292E+45
  5.9570E-03  5.2857E+45  0.0000E+00  6.3669E+43  5.2220E+45
  6.6830E-03  5.9335E+45  0.0000E+00  7.4943E+43  5.8585E+45
  7.4990E-03  6.6607E+45  0.0000E+00  8.6844E+43  6.5738E+45
  8.4140E-03  7.4757E+45  0.0000E+00  9.9857E+43  7.3758E+45
  9.4410E-03  8.3883E+45  0.0000E+00  1.1216E+44  8.2761E+45
  1.0590E-02  9.4036E+45  0.0000E+00  1.2034E+44  9.2833E+45
  1.1890E-02  1.0565E+46  0.0000E+00  1.4199E+44  1.0423E+46
  1.3340E-02  1.1851E+46  0.0000E+00  1.5743E+44  1.1694E+46
  1.4960E-02  1.3291E+46  0.0000E+00  1.7736E+44  1.3114E+46
  1.6790E-02  1.4915E+46  0.0000E+00  1.9693E+44  1.4718E+46
  1.8840E-02  1.6731E+46  0.0000E+00  2.1606E+44  1.6515E+46
  2.1130E-02  1.8766E+46  0.0000E+00  2.4197E+44  1.8524E+46
  2.3710E-02  2.1053E+46  0.0000E+00  2.6862E+44  2.0785E+46
  2.6610E-02  2.3623E+46  0.0000E+00  2.9709E+44  2.3326E+46
  2.9850E-02  2.6493E+46  2.7538E-83  3.2667E+44  2.6166E+46
  3.3500E-02  2.9724E+46  1.7922E-68  3.5752E+44  2.9367E+46
  3.7580E-02  3.3334E+46  2.2532E-55  3.9129E+44  3.2942E+46
  4.2170E-02  3.7438E+46  9.9471E-44  4.7119E+44  3.6967E+46
  4.7320E-02  4.2006E+46  2.7376E-33  5.2383E+44  4.1482E+46
  5.3090E-02  4.3747E+46  5.1466E-24  5.3434E+44  4.3212E+46
  6.6830E-02  4.1728E+46  2.1108E-08  4.6005E+44  4.1268E+46
  7.4990E-02  4.0715E+46  7.5342E-02  3.8628E+44  4.0328E+46
  8.4140E-02  3.9793E+46  3.8908E+04  3.8287E+44  3.9410E+46
  9.4410E-02  3.8900E+46  4.6297E+09  3.8707E+44  3.8513E+46
  1.0590E-01  3.5457E+46  1.2498E+14  4.0165E+44  3.5055E+46
  1.1890E-01  2.9831E+46  8.6623E+17  3.6309E+44  2.9467E+46
  1.3340E-01  2.5116E+46  1.6107E+21  3.2070E+44  2.4795E+46
  1.4960E-01  2.1141E+46  1.7396E+24  2.6248E+44  2.0878E+46
  1.5850E-01  1.9386E+46  5.0916E+25  2.4085E+44  1.9145E+46
  1.7780E-01  1.6328E+46  2.7346E+28  2.1385E+44  1.6114E+46
  1.9950E-01  1.3728E+46  8.8937E+30  1.7040E+44  1.3558E+46
  2.2390E-01  1.1543E+46  1.1676E+33  1.3941E+44  1.1403E+46
  2.3710E-01  1.0606E+46  7.4819E+33  1.4123E+44  1.0464E+46
  2.5120E-01  9.7328E+45  4.0747E+34  1.3694E+44  9.5958E+45
  2.6610E-01  8.9283E+45  2.1087E+35  1.2714E+44  8.8012E+45
  2.8180E-01  8.1917E+45  1.0125E+36  1.1559E+44  8.0761E+45
  2.9850E-01  7.5126E+45  4.4564E+36  1.0468E+44  7.4079E+45
  3.1620E-01  6.8896E+45  1.7674E+37  9.4985E+43  6.7947E+45
  3.3500E-01  6.3169E+45  6.4137E+37  8.6058E+43  6.2308E+45
  3.5480E-01  5.7943E+45  2.1365E+38  7.7798E+43  5.7165E+45
  3.7580E-01  5.3142E+45  6.5927E+38  7.0085E+43  5.2442E+45
  3.9810E-01  4.8730E+45  1.8754E+39  6.3220E+43  4.8097E+45
  4.2170E-01  4.4684E+45  4.9034E+39  5.6742E+43  4.4116E+45
  4.4670E-01  4.0976E+45  1.1889E+40  5.0995E+43  4.0466E+45
  4.7320E-01  3.7572E+45  2.7132E+40  4.5672E+43  3.7115E+45
  5.0120E-01  3.4456E+45  5.8455E+40  4.0755E+43  3.4048E+45
  5.3090E-01  3.1595E+45  1.1952E+41  3.6165E+43  3.1232E+45
  5.6230E-01  2.8975E+45  2.3175E+41  3.2119E+43  2.8651E+45
  5.9570E-01  2.6565E+45  4.2902E+41  2.8474E+43  2.6276E+45
  6.3100E-01  2.4362E+45  7.5755E+41  2.5151E+43  2.4103E+45
  6.6830E-01  2.2348E+45  1.2785E+42  2.2117E+43  2.2114E+45
  7.0790E-01  2.0499E+45  2.0706E+42  1.9403E+43  2.0284E+45
  7.4990E-01  1.8807E+45  3.2255E+42  1.6995E+43  1.8605E+45
  7.9430E-01  1.7263E+45  4.8384E+42  1.4821E+43  1.7066E+45
  8.4140E-01  1.5852E+45  7.0208E+42  1.2859E+43  1.5653E+45
  8.9130E-01  1.4567E+45  9.8786E+42  1.1063E+43  1.4357E+45
  9.4410E-01  1.3400E+45  1.3501E+43  9.4656E+42  1.3170E+45
  1.0000E+00  1.2342E+45  1.7976E+43  8.0681E+42  1.2081E+45
  1.0590E+00  1.1388E+45  2.3352E+43  6.8570E+42  1.1086E+45
  1.1220E+00  1.0521E+45  2.9794E+43  5.7937E+42  1.0165E+45
  1.1890E+00  9.7406E+44  3.7371E+43  4.8575E+42  9.3183E+44
  1.2590E+00  9.0512E+44  4.5883E+43  4.0332E+42  8.5520E+44
  1.3340E+00  8.4300E+44  5.5567E+43  3.3296E+42  7.8411E+44
  1.4130E+00  7.8813E+44  6.6111E+43  2.7493E+42  7.1927E+44
  1.4960E+00  7.3995E+44  7.7422E+43  2.2672E+42  6.6026E+44
  1.5850E+00  6.9710E+44  8.9809E+43  1.8600E+42  6.0543E+44
  1.6790E+00  6.5949E+44  1.0267E+44  1.5161E+42  5.5530E+44
  1.7780E+00  6.2640E+44  1.1560E+44  1.2254E+42  5.0957E+44
  1.8840E+00  5.9699E+44  1.2882E+44  9.8075E+41  4.6719E+44
  1.9950E+00  5.7106E+44  1.4153E+44  7.7772E+41  4.2875E+44
  2.1130E+00  5.4770E+44  1.5376E+44  6.1111E+41  3.9333E+44
  2.2390E+00  5.2622E+44  1.6514E+44  4.7617E+41  3.6061E+44
  2.3710E+00  5.0629E+44  1.7500E+44  3.6841E+41  3.3092E+44
  2.5120E+00  4.8733E+44  1.8360E+44  2.8343E+41  3.0344E+44
  2.6610E+00  4.6895E+44  1.9041E+44  2.1701E+41  2.7832E+44
  2.8180E+00  4.5063E+44  1.9508E+44  1.6535E+41  2.5538E+44
  2.9850E+00  4.3222E+44  1.9783E+44  1.2548E+41  2.3426E+44
  3.1620E+00  4.1345E+44  1.9849E+44  9.4828E+40  2.1487E+44
  3.3500E+00  3.9494E+44  1.9783E+44  7.1506E+40  1.9704E+44
  3.5480E+00  3.7564E+44  1.9481E+44  5.3668E+40  1.8078E+44
  3.7580E+00  3.5620E+44  1.9033E+44  4.0138E+40  1.6583E+44
  3.9810E+00  3.3670E+44  1.8457E+44  2.9919E+40  1.5210E+44
  4.2170E+00  3.1716E+44  1.7763E+44  2.2225E+40  1.3951E+44
  4.4670E+00  2.9773E+44  1.6975E+44  1.6451E+40  1.2796E+44
  4.7320E+00  2.7884E+44  1.6147E+44  1.2139E+40  1.1737E+44
  5.0120E+00  2.6091E+44  1.5299E+44  8.9455E+39  1.0791E+44
  5.3090E+00  2.4048E+44  1.4445E+44  6.4897E+39  9.6024E+43
  5.6230E+00  2.2095E+44  1.3614E+44  4.6869E+39  8.4805E+43
  5.9570E+00  2.0267E+44  1.2835E+44  3.3743E+39  7.4316E+43
  6.3100E+00  1.8457E+44  1.1986E+44  2.4073E+39  6.4710E+43
  6.6830E+00  1.6893E+44  1.1291E+44  1.7204E+39  5.6014E+43
  7.0790E+00  1.5356E+44  1.0537E+44  1.2135E+39  4.8190E+43
  7.4990E+00  1.4654E+44  1.0531E+44  8.8827E+38  4.1229E+43
  7.9430E+00  1.7427E+44  1.3916E+44  8.1383E+38  3.5109E+43
  8.4140E+00  2.3935E+44  2.0959E+44  9.2005E+38  2.9752E+43
  8.9130E+00  2.9626E+44  2.7115E+44  1.0011E+39  2.5104E+43
  9.4410E+00  3.4091E+44  3.1980E+44  1.1242E+39  2.1101E+43
  1.0000E+01  2.8842E+44  2.7074E+44  8.2339E+38  1.7671E+43
  1.0590E+01  2.2931E+44  2.1455E+44  5.4984E+38  1.4758E+43
  1.1220E+01  1.7289E+44  1.6063E+44  3.2400E+38  1.2267E+43
  1.1890E+01  1.3256E+44  1.2240E+44  1.9414E+38  1.0159E+43
  1.2590E+01  1.0210E+44  9.3688E+43  1.1420E+38  8.4119E+42
  1.3340E+01  8.0172E+43  7.3240E+43  6.7334E+37  6.9319E+42
  1.4130E+01  6.7331E+43  6.1626E+43  4.1616E+37  5.7050E+42
  1.4960E+01  6.5525E+43  6.0833E+43  3.0670E+37  4.6919E+42
  1.5850E+01  6.6235E+43  6.2393E+43  2.4495E+37  3.8414E+42
  1.6790E+01  6.7209E+43  6.4068E+43  2.0418E+37  3.1409E+42
  1.7780E+01  6.6108E+43  6.3542E+43  1.6988E+37  2.5663E+42
  1.8840E+01  6.1374E+43  5.9285E+43  1.3371E+37  2.0888E+42
  1.9950E+01  5.3838E+43  5.2137E+43  9.6470E+36  1.7013E+42
  2.1130E+01  4.6726E+43  4.5343E+43  6.6623E+36  1.3827E+42
  2.2390E+01  4.0880E+43  3.9760E+43  4.6142E+36  1.1203E+42
  2.3710E+01  3.5964E+43  3.5055E+43  3.1957E+36  9.0864E+41
  2.5120E+01  3.1665E+43  3.0930E+43  2.2185E+36  7.3479E+41
  2.6610E+01  2.7803E+43  2.7210E+43  1.5316E+36  5.9383E+41
  2.8180E+01  2.4319E+43  2.3839E+43  1.0561E+36  4.7994E+41
  2.9850E+01  2.1103E+43  2.0716E+43  7.2418E+35  3.8717E+41
  3.1620E+01  1.8116E+43  1.7804E+43  4.9153E+35  3.1199E+41
  3.3500E+01  1.5362E+43  1.5111E+43  3.2997E+35  2.5106E+41
  3.5480E+01  1.2870E+43  1.2668E+43  2.1919E+35  2.0210E+41
  3.7580E+01  1.0630E+43  1.0468E+43  1.4367E+35  1.6253E+41
  3.9810E+01  8.6400E+42  8.5095E+42  9.2784E+34  1.3054E+41
  4.2170E+01  6.9272E+42  6.8224E+42  5.9106E+34  1.0479E+41
  4.4670E+01  5.4842E+42  5.4002E+42  3.7137E+34  8.4074E+40
  4.7320E+01  4.2939E+42  4.2265E+42  2.3060E+34  6.7400E+40
  5.0120E+01  3.3299E+42  3.2758E+42  1.4174E+34  5.4034E+40
  5.3090E+01  2.5588E+42  2.5155E+42  8.6294E+33  4.3282E+40
  5.6230E+01  1.9519E+42  1.9173E+42  5.2130E+33  3.4667E+40
  5.9570E+01  1.4776E+42  1.4498E+42  3.1238E+33  2.7728E+40
  6.3100E+01  1.1125E+42  1.0903E+42  1.8615E+33  2.2180E+40
  6.6830E+01  8.3364E+41  8.1590E+41  1.1040E+33  1.7744E+40
  7.0790E+01  6.2189E+41  6.0771E+41  6.5179E+32  1.4183E+40
  7.4990E+01  4.6199E+41  4.5066E+41  3.8325E+32  1.1329E+40
  7.9430E+01  3.4221E+41  3.3316E+41  2.2476E+32  9.0505E+39
  8.4140E+01  2.5273E+41  2.4551E+41  1.3141E+32  7.2256E+39
  8.9130E+01  1.8631E+41  1.8054E+41  7.6722E+31  5.7665E+39
  9.4410E+01  1.3710E+41  1.3250E+41  4.4726E+31  4.6021E+39
  1.0000E+02  1.0072E+41  9.7046E+40  2.6036E+31  3.6722E+39
  1.0590E+02  7.3971E+40  7.1039E+40  1.5160E+31  2.9317E+39
  1.1220E+02  5.4262E+40  5.1926E+40  8.8152E+30  2.3358E+39
  1.1890E+02  3.9848E+40  3.7989E+40  5.1332E+30  1.8590E+39
  1.2590E+02  2.9442E+40  2.7958E+40  3.0088E+30  1.4838E+39
  1.3340E+02  2.1806E+40  2.0625E+40  1.7705E+30  1.1811E+39
  1.4130E+02  1.6060E+40  1.5119E+40  1.0403E+30  9.4117E+38
  1.4960E+02  1.1637E+40  1.0886E+40  6.0150E+29  7.5121E+38
  1.5850E+02  8.3793E+39  7.7815E+39  3.4484E+29  5.9781E+38
  1.7780E+02  4.3879E+39  4.0084E+39  1.1443E+29  3.7942E+38
  1.9950E+02  2.3098E+39  2.0694E+39  3.8252E+28  2.4043E+38
  2.2390E+02  1.2190E+39  1.0669E+39  1.2857E+28  1.5216E+38
  2.5120E+02  6.4610E+38  5.4972E+38  4.3519E+27  9.6376E+37
  2.8180E+02  3.4377E+38  2.8273E+38  1.4832E+27  6.1043E+37
  3.1620E+02  1.8362E+38  1.4500E+38  5.0888E+26  3.8617E+37
  3.5480E+02  9.8658E+37  7.4237E+37  1.7606E+26  2.4421E+37
  3.9810E+02  5.3382E+37  3.7940E+37  6.1514E+25  1.5442E+37
  4.4670E+02  2.9117E+37  1.9357E+37  2.1712E+25  9.7603E+36
  5.0120E+02  1.6033E+37  9.8631E+36  7.7489E+24  6.1695E+36
  5.6230E+02  8.9214E+36  5.0211E+36  2.7970E+24  3.9003E+36
  6.3100E+02  5.0135E+36  2.5505E+36  1.0201E+24  2.4629E+36
  7.0790E+02  2.8523E+36  1.2955E+36  3.7651E+23  1.5568E+36
  7.9430E+02  1.6401E+36  6.5685E+35  1.4030E+23  9.8325E+35
  8.9130E+02  9.5338E+35  3.3261E+35  5.2765E+22  6.2077E+35
  1.0000E+03  5.6049E+35  1.6836E+35  2.0032E+22  3.9214E+35
