  1.0000E-03  5.6156E+44  0.0000E+00  2.7959E+42  5.5876E+44
  1.1220E-03  5.6290E+44  0.0000E+00  3.4951E+42  5.5940E+44
  1.2590E-03  5.6020E+44  0.0000E+00  4.1652E+42  5.5603E+44
  1.4130E-03  5.5457E+44  0.0000E+00  4.7736E+42  5.4979E+44
  1.5850E-03  5.5896E+44  0.0000E+00  5.3595E+42  5.5360E+44
  1.7780E-03  6.0467E+44  0.0000E+00  6.7738E+42  5.9789E+44
  1.9950E-03  5.5112E+44  0.0000E+00  7.9709E+42  5.4315E+44
  2.2390E-03  5.2689E+44  0.0000E+00  8.4925E+42  5.1840E+44
  2.5120E-03  5.5245E+44  0.0000E+00  1.1413E+43  5.4103E+44
  2.8180E-03  4.6255E+44  0.0000E+00  1.3203E+43  4.4935E+44
  3.1620E-03  3.9952E+44  0.0000E+00  1.4566E+43  3.8495E+44
  3.5480E-03  3.5071E+44  0.0000E+00  1.5677E+43  3.3503E+44
  3.9810E-03  3.1503E+44  0.0000E+00  1.6554E+43  2.9847E+44
  4.4670E-03  8.6873E+44  0.0000E+00  2.5027E+43  8.4370E+44
  5.0120E-03  7.1393E+44  0.0000E+00  3.0026E+43  6.8391E+44
  5.6230E-03  5.9052E+44  0.0000E+00  3.4715E+43  5.5581E+44
  5.9570E-03  5.4158E+44  0.0000E+00  3.6905E+43  5.0467E+44
  6.6830E-03  4.7072E+44  0.0000E+00  4.0986E+43  4.2974E+44
  7.4990E-03  4.3261E+44  0.0000E+00  4.5290E+43  3.8732E+44
  8.4140E-03  3.8476E+44  0.0000E+00  4.9417E+43  3.3534E+44
  9.4410E-03  3.5842E+44  0.0000E+00  5.3129E+43  3.0529E+44
  1.0590E-02  3.6567E+44  0.0000E+00  5.5467E+43  3.1021E+44
  1.1890E-02  3.3781E+44  0.0000E+00  6.2574E+43  2.7524E+44
  1.3340E-02  3.2531E+44  0.0000E+00  6.6812E+43  2.5850E+44
  1.4960E-02  3.0374E+44  0.0000E+00  7.2027E+43  2.3171E+44
  1.6790E-02  2.8875E+44  0.0000E+00  7.6731E+43  2.1202E+44
  1.8840E-02  2.8003E+44  0.0000E+00  8.1054E+43  1.9897E+44
  2.1130E-02  2.6972E+44  0.0000E+00  8.7187E+43  1.8253E+44
  2.3710E-02  2.5898E+44  0.0000E+00  9.2812E+43  1.6617E+44
  2.6610E-02  2.4658E+44  0.0000E+00  9.8096E+43  1.4849E+44
  2.9850E-02  2.3614E+44  2.3062E-85  1.0307E+44  1.3307E+44
  3.3500E-02  2.2654E+44  1.1978E-70  1.0769E+44  1.1886E+44
  3.7580E-02  2.4217E+44  1.4183E-57  1.1667E+44  1.2550E+44
  4.2170E-02  2.4574E+44  4.9855E-46  1.3396E+44  1.1177E+44
  4.7320E-02  2.0587E+44  8.0411E-36  1.3301E+44  7.2857E+43
  5.3090E-02  1.5844E+44  7.9987E-27  1.1880E+44  3.9646E+43
  6.6830E-02  6.5006E+43  2.7186E-12  6.2083E+43  2.9231E+42
  7.4990E-02  3.7668E+43  2.0080E-06  3.7112E+43  5.5572E+41
  8.4140E-02  4.1061E+43  1.5293E+00  4.0245E+43  8.1589E+41
  9.4410E-02  4.4558E+43  2.3820E+05  4.3500E+43  1.0581E+42
  1.0590E-01  6.0956E+43  1.9294E+10  5.7929E+43  3.0272E+42
  1.1890E-01  7.8548E+43  4.7171E+14  6.9218E+43  9.3306E+42
  1.3340E-01  9.5175E+43  2.2072E+18  7.5034E+43  2.0141E+43
  1.4960E-01  1.0188E+44  4.3139E+21  7.0737E+43  3.1142E+43
  1.5850E-01  9.8591E+43  1.4067E+23  6.6677E+43  3.1914E+43
  1.7780E-01  7.8544E+43  6.2869E+25  5.6219E+43  2.2325E+43
  1.9950E-01  4.1173E+43  7.0364E+27  3.4853E+43  6.3200E+42
  2.2390E-01  2.6915E+43  4.8544E+29  2.4169E+43  2.7464E+42
  2.3710E-01  3.4333E+43  6.8250E+30  2.8681E+43  5.6521E+42
  2.5120E-01  4.4877E+43  8.4651E+31  3.2845E+43  1.2031E+43
  2.6610E-01  5.3653E+43  7.6678E+32  3.4121E+43  1.9532E+43
  2.8180E-01  6.0679E+43  5.5228E+33  3.3597E+43  2.7082E+43
  2.9850E-01  6.6809E+43  3.3501E+34  3.2390E+43  3.4419E+43
  3.1620E-01  7.3370E+43  1.7721E+35  3.1072E+43  4.2298E+43
  3.3500E-01  8.0347E+43  8.3768E+35  2.9619E+43  5.0728E+43
  3.5480E-01  8.7206E+43  3.5363E+36  2.8016E+43  5.9190E+43
  3.7580E-01  9.5152E+43  1.3777E+37  2.6366E+43  6.8786E+43
  3.9810E-01  1.0304E+44  4.8480E+37  2.4760E+43  7.8278E+43
  4.2170E-01  1.1371E+44  1.5931E+38  2.3189E+43  9.0520E+43
  4.4670E-01  1.2550E+44  4.8132E+38  2.1720E+43  1.0378E+44
  4.7320E-01  1.3857E+44  1.3613E+39  2.0253E+43  1.1831E+44
  5.0120E-01  1.5264E+44  3.6057E+39  1.8789E+43  1.3384E+44
  5.3090E-01  1.6889E+44  9.0711E+39  1.7334E+43  1.5155E+44
  5.6230E-01  1.8466E+44  2.1265E+40  1.5962E+43  1.6868E+44
  5.9570E-01  2.0041E+44  4.7082E+40  1.4647E+43  1.8572E+44
  6.3100E-01  2.1714E+44  9.8940E+40  1.3386E+43  2.0365E+44
  6.6830E-01  2.3468E+44  1.9766E+41  1.2172E+43  2.2231E+44
  7.0790E-01  2.5241E+44  3.7605E+41  1.1037E+43  2.4099E+44
  7.4990E-01  2.6889E+44  6.7952E+41  9.9784E+42  2.5823E+44
  7.9430E-01  2.8516E+44  1.1734E+42  8.9810E+42  2.7500E+44
  8.4140E-01  3.0130E+44  1.9471E+42  8.0413E+42  2.9131E+44
  8.9130E-01  3.1878E+44  3.1268E+42  7.1479E+42  3.0850E+44
  9.4410E-01  3.3558E+44  4.8343E+42  6.3172E+42  3.2443E+44
  1.0000E+00  3.5011E+44  7.1856E+42  5.5550E+42  3.3737E+44
  1.0590E+00  3.6266E+44  1.0300E+43  4.8664E+42  3.4749E+44
  1.1220E+00  3.7357E+44  1.4359E+43  4.2368E+42  3.5497E+44
  1.1890E+00  3.8335E+44  1.9519E+43  3.6591E+42  3.6018E+44
  1.2590E+00  3.9314E+44  2.5817E+43  3.1291E+42  3.6420E+44
  1.3340E+00  4.0100E+44  3.3357E+43  2.6570E+42  3.6499E+44
  1.4130E+00  4.0656E+44  4.1889E+43  2.2514E+42  3.6242E+44
  1.4960E+00  4.1054E+44  5.1343E+43  1.9009E+42  3.5729E+44
  1.5850E+00  4.1320E+44  6.1909E+43  1.5936E+42  3.4970E+44
  1.6790E+00  4.1516E+44  7.3203E+43  1.3246E+42  3.4063E+44
  1.7780E+00  4.1632E+44  8.4867E+43  1.0891E+42  3.3036E+44
  1.8840E+00  4.1634E+44  9.6920E+43  8.8444E+41  3.1854E+44
  1.9950E+00  4.1532E+44  1.0870E+44  7.0968E+41  3.0592E+44
  2.1130E+00  4.1285E+44  1.2005E+44  5.6270E+41  2.9224E+44
  2.2390E+00  4.0870E+44  1.3057E+44  4.4122E+41  2.7769E+44
  2.3710E+00  4.0296E+44  1.3969E+44  3.4266E+41  2.6293E+44
  2.5120E+00  3.9552E+44  1.4750E+44  2.6402E+41  2.4775E+44
  2.6610E+00  3.8646E+44  1.5358E+44  2.0207E+41  2.3267E+44
  2.8180E+00  3.7575E+44  1.5767E+44  1.5366E+41  2.1793E+44
  2.9850E+00  3.6358E+44  1.5996E+44  1.1623E+41  2.0350E+44
  3.1620E+00  3.5001E+44  1.6034E+44  8.7462E+40  1.8958E+44
  3.3500E+00  3.3571E+44  1.5945E+44  6.5612E+40  1.7619E+44
  3.5480E+00  3.2021E+44  1.5658E+44  4.8973E+40  1.6358E+44
  3.7580E+00  3.0410E+44  1.5244E+44  3.6411E+40  1.5162E+44
  3.9810E+00  2.8759E+44  1.4723E+44  2.6972E+40  1.4034E+44
  4.2170E+00  2.7083E+44  1.4105E+44  1.9910E+40  1.2976E+44
  4.4670E+00  2.5403E+44  1.3415E+44  1.4644E+40  1.1987E+44
  4.7320E+00  2.3758E+44  1.2695E+44  1.0737E+40  1.1062E+44
  5.0120E+00  2.2191E+44  1.1964E+44  7.8620E+39  1.0227E+44
  5.3090E+00  2.0377E+44  1.1234E+44  5.6582E+39  9.1427E+43
  5.6230E+00  1.8636E+44  1.0529E+44  4.0517E+39  8.1071E+43
  5.9570E+00  1.6999E+44  9.8700E+43  2.8903E+39  7.1286E+43
  6.3100E+00  1.5396E+44  9.1698E+43  2.0437E+39  6.2261E+43
  6.6830E+00  1.3998E+44  8.5947E+43  1.4463E+39  5.4032E+43
  7.0790E+00  1.2645E+44  7.9850E+43  1.0107E+39  4.6594E+43
  7.4990E+00  1.1905E+44  7.9225E+43  7.2924E+38  3.9827E+43
  7.9430E+00  1.3576E+44  1.0239E+44  6.4618E+38  3.3369E+43
  8.4140E+00  1.7540E+44  1.4812E+44  7.0225E+38  2.7280E+43
  8.9130E+00  2.0640E+44  1.8422E+44  7.4295E+38  2.2183E+43
  9.4410E+00  2.2741E+44  2.0942E+44  8.1630E+38  1.7990E+43
  1.0000E+01  1.9513E+44  1.7981E+44  5.9825E+38  1.5319E+43
  1.0590E+01  1.5872E+44  1.4561E+44  4.0142E+38  1.3106E+43
  1.1220E+01  1.2297E+44  1.1178E+44  2.3846E+38  1.1190E+43
  1.1890E+01  9.6281E+43  8.6832E+43  1.4391E+38  9.4496E+42
  1.2590E+01  7.5593E+43  6.7643E+43  8.5364E+37  7.9501E+42
  1.3340E+01  6.0344E+43  5.3715E+43  5.0773E+37  6.6290E+42
  1.4130E+01  5.1221E+43  4.5732E+43  3.1584E+37  5.4890E+42
  1.4960E+01  4.9752E+43  4.5252E+43  2.3239E+37  4.5004E+42
  1.5850E+01  5.0116E+43  4.6453E+43  1.8524E+37  3.6633E+42
  1.6790E+01  5.0772E+43  4.7797E+43  1.5442E+37  2.9756E+42
  1.7780E+01  5.0138E+43  4.7718E+43  1.2903E+37  2.4204E+42
  1.8840E+01  4.7131E+43  4.5161E+43  1.0257E+37  1.9702E+42
  1.9950E+01  4.2209E+43  4.0597E+43  7.5153E+36  1.6125E+42
  2.1130E+01  3.7525E+43  3.6208E+43  5.2852E+36  1.3175E+42
  2.2390E+01  3.3670E+43  3.2598E+43  3.7326E+36  1.0721E+42
  2.3710E+01  3.0404E+43  2.9531E+43  2.6385E+36  8.7276E+41
  2.5120E+01  2.7498E+43  2.6790E+43  1.8710E+36  7.0797E+41
  2.6610E+01  2.4812E+43  2.4238E+43  1.3199E+36  5.7375E+41
  2.8180E+01  2.2297E+43  2.1832E+43  9.2989E+35  4.6485E+41
  2.9850E+01  1.9873E+43  1.9497E+43  6.5136E+35  3.7583E+41
  3.1620E+01  1.7514E+43  1.7210E+43  4.5141E+35  3.0348E+41
  3.3500E+01  1.5234E+43  1.4989E+43  3.0922E+35  2.4470E+41
  3.5480E+01  1.3076E+43  1.2879E+43  2.0939E+35  1.9735E+41
  3.7580E+01  1.1056E+43  1.0897E+43  1.3980E+35  1.5900E+41
  3.9810E+01  9.1913E+42  9.0633E+42  9.1902E+34  1.2794E+41
  4.2170E+01  7.5297E+42  7.4268E+42  5.9547E+34  1.0289E+41
  4.4670E+01  6.0851E+42  6.0024E+42  3.8026E+34  8.2693E+40
  4.7320E+01  4.8584E+42  4.7920E+42  2.3979E+34  6.6402E+40
  5.0120E+01  3.8379E+42  3.7846E+42  1.4956E+34  5.3316E+40
  5.3090E+01  3.0012E+42  2.9584E+42  9.2327E+33  4.2767E+40
  5.6230E+01  2.3275E+42  2.2932E+42  5.6510E+33  3.4299E+40
  5.9570E+01  1.7895E+42  1.7620E+42  3.4286E+33  2.7466E+40
  6.3100E+01  1.3671E+42  1.3451E+42  2.0671E+33  2.1994E+40
  6.6830E+01  1.0385E+42  1.0209E+42  1.2395E+33  1.7612E+40
  7.0790E+01  7.8467E+41  7.7058E+41  7.3931E+32  1.4089E+40
  7.4990E+01  5.8992E+41  5.7866E+41  4.3892E+32  1.1263E+40
  7.9430E+01  4.4185E+41  4.3284E+41  2.5972E+32  9.0036E+39
  8.4140E+01  3.2971E+41  3.2252E+41  1.5313E+32  7.1924E+39
  8.9130E+01  2.4539E+41  2.3965E+41  9.0096E+31  5.7430E+39
  9.4410E+01  1.8218E+41  1.7760E+41  5.2899E+31  4.5855E+39
  1.0000E+02  1.3493E+41  1.3127E+41  3.0996E+31  3.6605E+39
  1.0590E+02  9.9844E+40  9.6921E+40  1.8157E+31  2.9233E+39
  1.1220E+02  7.3750E+40  7.1421E+40  1.0616E+31  2.3298E+39
  1.1890E+02  5.4508E+40  5.2653E+40  6.2137E+30  1.8548E+39
  1.2590E+02  4.0510E+40  3.9029E+40  3.6591E+30  1.4808E+39
  1.3340E+02  3.0171E+40  2.8992E+40  2.1627E+30  1.1789E+39
  1.4130E+02  2.2326E+40  2.1386E+40  1.2755E+30  9.3963E+38
  1.4960E+02  1.6234E+40  1.5484E+40  7.3925E+29  7.5012E+38
  1.5850E+02  1.1722E+40  1.1125E+40  4.2460E+29  5.9705E+38
  1.7780E+02  6.1654E+39  5.7864E+39  1.4126E+29  3.7904E+38
  1.9950E+02  3.2533E+39  3.0130E+39  4.7254E+28  2.4025E+38
  2.2390E+02  1.7173E+39  1.5653E+39  1.5864E+28  1.5206E+38
  2.5120E+02  9.0825E+38  8.1192E+38  5.3518E+27  9.6328E+37
  2.8180E+02  4.8106E+38  4.2004E+38  1.8143E+27  6.1019E+37
  3.1620E+02  2.5515E+38  2.1655E+38  6.1797E+26  3.8605E+37
  3.5480E+02  1.3579E+38  1.1137E+38  2.1186E+26  2.4415E+37
  3.9810E+02  7.2589E+37  5.7150E+37  7.3226E+25  1.5439E+37
  4.4670E+02  3.9020E+37  2.9261E+37  2.5532E+25  9.7587E+36
  5.0120E+02  2.1126E+37  1.4957E+37  8.9924E+24  6.1687E+36
  5.6230E+02  1.1536E+37  7.6356E+36  3.2010E+24  3.8999E+36
  6.3100E+02  6.3510E+36  3.8883E+36  1.1511E+24  2.4627E+36
  7.0790E+02  3.5360E+36  1.9793E+36  4.1897E+23  1.5567E+36
  7.9430E+02  1.9887E+36  1.0055E+36  1.5404E+23  9.8320E+35
  8.9130E+02  1.1308E+36  5.1004E+35  5.7209E+22  6.2075E+35
  1.0000E+03  6.5069E+35  2.5857E+35  2.1470E+22  3.9212E+35
