  1.0000E-03  8.7837E+44  0.0000E+00  1.7463E+42  8.7662E+44
  1.1220E-03  9.8586E+44  0.0000E+00  2.2883E+42  9.8357E+44
  1.2590E-03  1.1065E+45  0.0000E+00  2.8598E+42  1.1037E+45
  1.4130E-03  1.2421E+45  0.0000E+00  3.4360E+42  1.2387E+45
  1.5850E-03  1.3934E+45  0.0000E+00  4.0145E+42  1.3894E+45
  1.7780E-03  1.5638E+45  0.0000E+00  5.1599E+42  1.5586E+45
  1.9950E-03  1.7553E+45  0.0000E+00  6.4918E+42  1.7488E+45
  2.2390E-03  1.9700E+45  0.0000E+00  7.2832E+42  1.9627E+45
  2.5120E-03  2.2120E+45  0.0000E+00  1.0017E+43  2.2020E+45
  2.8180E-03  2.4827E+45  0.0000E+00  1.2516E+43  2.4702E+45
  3.1620E-03  2.7866E+45  0.0000E+00  1.4736E+43  2.7718E+45
  3.5480E-03  3.1271E+45  0.0000E+00  1.6813E+43  3.1103E+45
  3.9810E-03  3.5085E+45  0.0000E+00  1.8679E+43  3.4898E+45
  4.4670E-03  3.9374E+45  0.0000E+00  2.1612E+43  3.9158E+45
  5.0120E-03  4.4219E+45  0.0000E+00  2.8345E+43  4.3936E+45
  5.6230E-03  4.9649E+45  0.0000E+00  3.5628E+43  4.9292E+45
  5.9570E-03  5.2614E+45  0.0000E+00  3.9376E+43  5.2220E+45
  6.6830E-03  5.9054E+45  0.0000E+00  4.6827E+43  5.8585E+45
  7.4990E-03  6.6285E+45  0.0000E+00  5.4694E+43  6.5738E+45
  8.4140E-03  7.4393E+45  0.0000E+00  6.3427E+43  7.3758E+45
  9.4410E-03  8.3479E+45  0.0000E+00  7.1754E+43  8.2761E+45
  1.0590E-02  9.3607E+45  0.0000E+00  7.7367E+43  9.2833E+45
  1.1890E-02  1.0515E+46  0.0000E+00  9.1876E+43  1.0423E+46
  1.3340E-02  1.1796E+46  0.0000E+00  1.0249E+44  1.1694E+46
  1.4960E-02  1.3230E+46  0.0000E+00  1.1627E+44  1.3114E+46
  1.6790E-02  1.4848E+46  0.0000E+00  1.2996E+44  1.4718E+46
  1.8840E-02  1.6659E+46  0.0000E+00  1.4349E+44  1.6515E+46
  2.1130E-02  1.8685E+46  0.0000E+00  1.6172E+44  1.8524E+46
  2.3710E-02  2.0965E+46  0.0000E+00  1.8077E+44  2.0785E+46
  2.6610E-02  2.3528E+46  0.0000E+00  2.0142E+44  2.3326E+46
  2.9850E-02  2.6390E+46  2.4637E-83  2.2316E+44  2.6166E+46
  3.3500E-02  2.9613E+46  1.6001E-68  2.4613E+44  2.9367E+46
  3.7580E-02  3.3212E+46  2.0090E-55  2.6990E+44  3.2942E+46
  4.2170E-02  3.7294E+46  8.8525E-44  3.2730E+44  3.6967E+46
  4.7320E-02  4.1852E+46  2.4285E-33  3.7053E+44  4.1482E+46
  5.3090E-02  4.3598E+46  4.5501E-24  3.8607E+44  4.3212E+46
  6.6830E-02  4.1627E+46  1.8500E-08  3.5876E+44  4.1268E+46
  7.4990E-02  4.0644E+46  6.5696E-02  3.1532E+44  4.0328E+46
  8.4140E-02  3.9719E+46  3.3896E+04  3.0905E+44  3.9410E+46
  9.4410E-02  3.8822E+46  4.0317E+09  3.0976E+44  3.8513E+46
  1.0590E-01  3.5366E+46  1.0896E+14  3.1049E+44  3.5055E+46
  1.1890E-01  2.9737E+46  7.5702E+17  2.6938E+44  2.9467E+46
  1.3340E-01  2.5026E+46  1.4096E+21  2.3047E+44  2.4795E+46
  1.4960E-01  2.1063E+46  1.5198E+24  1.8455E+44  2.0878E+46
  1.5850E-01  1.9314E+46  4.4435E+25  1.6860E+44  1.9145E+46
  1.7780E-01  1.6265E+46  2.3804E+28  1.5075E+44  1.6114E+46
  1.9950E-01  1.3683E+46  7.7124E+30  1.2497E+44  1.3558E+46
  2.2390E-01  1.1508E+46  1.0105E+33  1.0478E+44  1.1403E+46
  2.3710E-01  1.0568E+46  6.4813E+33  1.0343E+44  1.0464E+46
  2.5120E-01  9.6934E+45  3.5319E+34  9.7589E+43  9.5958E+45
  2.6610E-01  8.8901E+45  1.8279E+35  8.8948E+43  8.8012E+45
  2.8180E-01  8.1559E+45  8.7743E+35  7.9817E+43  8.0761E+45
  2.9850E-01  7.4794E+45  3.8604E+36  7.1555E+43  7.4079E+45
  3.1620E-01  6.8590E+45  1.5303E+37  6.4340E+43  6.7947E+45
  3.3500E-01  6.2886E+45  5.5514E+37  5.7816E+43  6.2308E+45
  3.5480E-01  5.7684E+45  1.8486E+38  5.1889E+43  5.7165E+45
  3.7580E-01  5.2906E+45  5.7026E+38  4.6422E+43  5.2442E+45
  3.9810E-01  4.8513E+45  1.6217E+39  4.1610E+43  4.8097E+45
  4.2170E-01  4.4487E+45  4.2391E+39  3.7101E+43  4.4116E+45
  4.4670E-01  4.0798E+45  1.0275E+40  3.3130E+43  4.0466E+45
  4.7320E-01  3.7410E+45  2.3446E+40  2.9489E+43  3.7115E+45
  5.0120E-01  3.4310E+45  5.0505E+40  2.6158E+43  3.4048E+45
  5.3090E-01  3.1464E+45  1.0325E+41  2.3075E+43  3.1232E+45
  5.6230E-01  2.8857E+45  2.0017E+41  2.0379E+43  2.8651E+45
  5.9570E-01  2.6459E+45  3.7050E+41  1.7968E+43  2.6276E+45
  6.3100E-01  2.4268E+45  6.5416E+41  1.5783E+43  2.4103E+45
  6.6830E-01  2.2263E+45  1.1040E+42  1.3801E+43  2.2114E+45
  7.0790E-01  2.0422E+45  1.7881E+42  1.2037E+43  2.0284E+45
  7.4990E-01  1.8737E+45  2.7860E+42  1.0480E+43  1.8605E+45
  7.9430E-01  1.7199E+45  4.1808E+42  9.0814E+42  1.7066E+45
  8.4140E-01  1.5792E+45  6.0704E+42  7.8258E+42  1.5653E+45
  8.9130E-01  1.4510E+45  8.5492E+42  6.6817E+42  1.4357E+45
  9.4410E-01  1.3344E+45  1.1699E+43  5.6709E+42  1.3170E+45
  1.0000E+00  1.2285E+45  1.5601E+43  4.7933E+42  1.2081E+45
  1.0590E+00  1.1329E+45  2.0307E+43  4.0383E+42  1.1086E+45
  1.1220E+00  1.0459E+45  2.5970E+43  3.3805E+42  1.0165E+45
  1.1890E+00  9.6730E+44  3.2666E+43  2.8065E+42  9.3183E+44
  1.2590E+00  8.9774E+44  4.0234E+43  2.3060E+42  8.5520E+44
  1.3340E+00  8.3489E+44  4.8899E+43  1.8832E+42  7.8411E+44
  1.4130E+00  7.7921E+44  5.8400E+43  1.5385E+42  7.1927E+44
  1.4960E+00  7.3018E+44  6.8669E+43  1.2554E+42  6.6026E+44
  1.5850E+00  6.8645E+44  7.9995E+43  1.0191E+42  6.0543E+44
  1.6790E+00  6.4798E+44  9.1853E+43  8.2188E+41  5.5530E+44
  1.7780E+00  6.1411E+44  1.0388E+44  6.5742E+41  5.0957E+44
  1.8840E+00  5.8399E+44  1.1628E+44  5.2085E+41  4.6719E+44
  1.9950E+00  5.5748E+44  1.2832E+44  4.0906E+41  4.2875E+44
  2.1130E+00  5.3367E+44  1.4002E+44  3.1854E+41  3.9333E+44
  2.2390E+00  5.1188E+44  1.5103E+44  2.4615E+41  3.6061E+44
  2.3710E+00  4.9182E+44  1.6072E+44  1.8902E+41  3.3092E+44
  2.5120E+00  4.7288E+44  1.6930E+44  1.4445E+41  3.0344E+44
  2.6610E+00  4.5470E+44  1.7627E+44  1.0995E+41  2.7832E+44
  2.8180E+00  4.3674E+44  1.8127E+44  8.3354E+40  2.5538E+44
  2.9850E+00  4.1884E+44  1.8451E+44  6.2976E+40  2.3426E+44
  3.1620E+00  4.0070E+44  1.8579E+44  4.7412E+40  2.1487E+44
  3.3500E+00  3.8290E+44  1.8583E+44  3.5636E+40  1.9704E+44
  3.5480E+00  3.6440E+44  1.8360E+44  2.6672E+40  1.8078E+44
  3.7580E+00  3.4582E+44  1.7996E+44  1.9899E+40  1.6583E+44
  3.9810E+00  3.2718E+44  1.7507E+44  1.4801E+40  1.5210E+44
  4.2170E+00  3.0849E+44  1.6897E+44  1.0972E+40  1.3951E+44
  4.4670E+00  2.8988E+44  1.6191E+44  8.1051E+39  1.2796E+44
  4.7320E+00  2.7174E+44  1.5437E+44  5.9681E+39  1.1737E+44
  5.0120E+00  2.5446E+44  1.4654E+44  4.3875E+39  1.0791E+44
  5.3090E+00  2.3458E+44  1.3855E+44  3.1726E+39  9.6024E+43
  5.6230E+00  2.1548E+44  1.3068E+44  2.2823E+39  8.4805E+43
  5.9570E+00  1.9750E+44  1.2318E+44  1.6354E+39  7.4316E+43
  6.3100E+00  1.7964E+44  1.1493E+44  1.1604E+39  6.4710E+43
  6.6830E+00  1.6405E+44  1.0804E+44  8.2366E+38  5.6014E+43
  7.0790E+00  1.4868E+44  1.0049E+44  5.7647E+38  4.8190E+43
  7.4990E+00  1.4143E+44  1.0020E+44  4.1905E+38  4.1229E+43
  7.9430E+00  1.6822E+44  1.3311E+44  3.8486E+38  3.5109E+43
  8.4140E+00  2.3159E+44  2.0184E+44  4.3954E+38  2.9752E+43
  8.9130E+00  2.8680E+44  2.6169E+44  4.8158E+38  2.5104E+43
  9.4410E+00  3.2974E+44  3.0864E+44  5.4310E+38  2.1101E+43
  1.0000E+01  2.7761E+44  2.5993E+44  3.9248E+38  1.7671E+43
  1.0590E+01  2.1899E+44  2.0423E+44  2.5727E+38  1.4758E+43
  1.1220E+01  1.6305E+44  1.5078E+44  1.4792E+38  1.2267E+43
  1.1890E+01  1.2304E+44  1.1288E+44  8.6365E+37  1.0159E+43
  1.2590E+01  9.2764E+43  8.4352E+43  4.9277E+37  8.4119E+42
  1.3340E+01  7.0954E+43  6.4022E+43  2.8086E+37  6.9319E+42
  1.4130E+01  5.7998E+43  5.2293E+43  1.6811E+37  5.7050E+42
  1.4960E+01  5.5428E+43  5.0736E+43  1.2157E+37  4.6919E+42
  1.5850E+01  5.5046E+43  5.1205E+43  9.5439E+36  3.8414E+42
  1.6790E+01  5.4750E+43  5.1609E+43  7.8055E+36  3.1409E+42
  1.7780E+01  5.2505E+43  4.9939E+43  6.3383E+36  2.5663E+42
  1.8840E+01  4.7133E+43  4.5044E+43  4.8274E+36  2.0888E+42
  1.9950E+01  3.9648E+43  3.7946E+43  3.3418E+36  1.7013E+42
  2.1130E+01  3.2846E+43  3.1463E+43  2.2060E+36  1.3827E+42
  2.2390E+01  2.7378E+43  2.6258E+43  1.4589E+36  1.1203E+42
  2.3710E+01  2.2934E+43  2.2025E+43  9.6478E+35  9.0864E+41
  2.5120E+01  1.9225E+43  1.8490E+43  6.3979E+35  7.3479E+41
  2.6610E+01  1.6083E+43  1.5490E+43  4.2235E+35  5.9383E+41
  2.8180E+01  1.3428E+43  1.2948E+43  2.7902E+35  4.7994E+41
  2.9850E+01  1.1143E+43  1.0756E+43  1.8370E+35  3.8717E+41
  3.1620E+01  9.1687E+42  8.8567E+42  1.1999E+35  3.1199E+41
  3.3500E+01  7.4707E+42  7.2197E+42  7.7725E+34  2.5106E+41
  3.5480E+01  6.0322E+42  5.8301E+42  4.9972E+34  2.0210E+41
  3.7580E+01  4.8137E+42  4.6512E+42  3.1782E+34  1.6253E+41
  3.9810E+01  3.7879E+42  3.6574E+42  1.9957E+34  1.3054E+41
  4.2170E+01  2.9468E+42  2.8420E+42  1.2388E+34  1.0479E+41
  4.4670E+01  2.2684E+42  2.1843E+42  7.6005E+33  8.4074E+40
  4.7320E+01  1.7303E+42  1.6629E+42  4.6174E+33  6.7400E+40
  5.0120E+01  1.3099E+42  1.2558E+42  2.7822E+33  5.4034E+40
  5.3090E+01  9.8439E+41  9.4111E+41  1.6635E+33  4.3282E+40
  5.6230E+01  7.3576E+41  7.0109E+41  9.8873E+32  3.4667E+40
  5.9570E+01  5.4658E+41  5.1885E+41  5.8388E+32  2.7728E+40
  6.3100E+01  4.0456E+41  3.8238E+41  3.4350E+32  2.2180E+40
  6.6830E+01  2.9853E+41  2.8078E+41  2.0146E+32  1.7744E+40
  7.0790E+01  2.1964E+41  2.0545E+41  1.1781E+32  1.4183E+40
  7.4990E+01  1.6116E+41  1.4983E+41  6.8723E+31  1.1329E+40
  7.9430E+01  1.1810E+41  1.0905E+41  4.0051E+31  9.0505E+39
  8.4140E+01  8.6414E+40  7.9189E+40  2.3308E+31  7.2256E+39
  8.9130E+01  6.3204E+40  5.7438E+40  1.3565E+31  5.7665E+39
  9.4410E+01  4.6214E+40  4.1612E+40  7.8961E+30  4.6021E+39
  1.0000E+02  3.3784E+40  3.0111E+40  4.5970E+30  3.6722E+39
  1.0590E+02  2.4726E+40  2.1794E+40  2.6812E+30  2.9317E+39
  1.1220E+02  1.8096E+40  1.5760E+40  1.5638E+30  2.3358E+39
  1.1890E+02  1.3272E+40  1.1413E+40  9.1434E+29  1.8590E+39
  1.2590E+02  9.8032E+39  8.3194E+39  5.3861E+29  1.4838E+39
  1.3340E+02  7.2615E+39  6.0804E+39  3.1863E+29  1.1811E+39
  1.4130E+02  5.3609E+39  4.4197E+39  1.8874E+29  9.4117E+38
  1.4960E+02  3.9108E+39  3.1596E+39  1.1060E+29  7.5121E+38
  1.5850E+02  2.8410E+39  2.2432E+39  6.4431E+28  5.9781E+38
  1.7780E+02  1.5203E+39  1.1409E+39  2.2164E+28  3.7942E+38
  1.9950E+02  8.2270E+38  5.8227E+38  7.7249E+27  2.4043E+38
  2.2390E+02  4.4931E+38  2.9716E+38  2.7238E+27  1.5216E+38
  2.5120E+02  2.4812E+38  1.5174E+38  9.7273E+26  9.6376E+37
  2.8180E+02  1.3847E+38  7.7429E+37  3.5152E+26  6.1043E+37
  3.1620E+02  7.8051E+37  3.9434E+37  1.2835E+26  3.8617E+37
  3.5480E+02  4.4485E+37  2.0064E+37  4.7364E+25  2.4421E+37
  3.9810E+02  2.5640E+37  1.0198E+37  1.7664E+25  1.5442E+37
  4.4670E+02  1.4938E+37  5.1778E+36  6.6489E+24  9.7603E+36
  5.0120E+02  8.7965E+36  2.6270E+36  2.5250E+24  6.1695E+36
  5.6230E+02  5.2326E+36  1.3322E+36  9.6636E+23  3.9003E+36
  6.3100E+02  3.1374E+36  6.7444E+35  3.7204E+23  2.4629E+36
  7.0790E+02  1.8983E+36  3.4154E+35  1.4422E+23  1.5568E+36
  7.9430E+02  1.1560E+36  1.7270E+35  5.6140E+22  9.8325E+35
  8.9130E+02  7.0801E+35  8.7242E+34  2.1938E+22  6.2077E+35
  1.0000E+03  4.3620E+35  4.4066E+34  8.6086E+21  3.9214E+35
