  1.0000E-03  6.9797E+44  0.0000E+00  1.6593E+42  6.9631E+44
  1.1220E-03  7.3895E+44  0.0000E+00  2.1308E+42  7.3682E+44
  1.2590E-03  7.7915E+44  0.0000E+00  2.6045E+42  7.7654E+44
  1.4130E-03  8.1893E+44  0.0000E+00  3.0541E+42  8.1588E+44
  1.5850E-03  8.6753E+44  0.0000E+00  3.4841E+42  8.6405E+44
  1.7780E-03  9.5084E+44  0.0000E+00  4.3829E+42  9.4646E+44
  1.9950E-03  9.5632E+44  0.0000E+00  5.2548E+42  9.5107E+44
  2.2390E-03  9.8440E+44  0.0000E+00  5.6607E+42  9.7874E+44
  2.5120E-03  1.0595E+45  0.0000E+00  7.4869E+42  1.0520E+45
  2.8180E-03  1.0183E+45  0.0000E+00  8.7320E+42  1.0095E+45
  3.1620E-03  9.9388E+44  0.0000E+00  9.6604E+42  9.8422E+44
  3.5480E-03  9.7790E+44  0.0000E+00  1.0399E+43  9.6750E+44
  3.9810E-03  9.7382E+44  0.0000E+00  1.0966E+43  9.6286E+44
  4.4670E-03  1.8285E+45  0.0000E+00  1.7443E+43  1.8111E+45
  5.0120E-03  1.7299E+45  0.0000E+00  2.1174E+43  1.7087E+45
  5.6230E-03  1.6379E+45  0.0000E+00  2.4511E+43  1.6134E+45
  5.9570E-03  1.5997E+45  0.0000E+00  2.6011E+43  1.5737E+45
  6.6830E-03  1.5513E+45  0.0000E+00  2.8721E+43  1.5226E+45
  7.4990E-03  1.5480E+45  0.0000E+00  3.1444E+43  1.5165E+45
  8.4140E-03  1.5158E+45  0.0000E+00  3.4056E+43  1.4817E+45
  9.4410E-03  1.5214E+45  0.0000E+00  3.6314E+43  1.4851E+45
  1.0590E-02  1.6096E+45  0.0000E+00  3.7536E+43  1.5721E+45
  1.1890E-02  1.5988E+45  0.0000E+00  4.1862E+43  1.5569E+45
  1.3340E-02  1.6298E+45  0.0000E+00  4.4274E+43  1.5855E+45
  1.4960E-02  1.6244E+45  0.0000E+00  4.7292E+43  1.5771E+45
  1.6790E-02  1.6354E+45  0.0000E+00  4.9924E+43  1.5855E+45
  1.8840E-02  1.6659E+45  0.0000E+00  5.2236E+43  1.6137E+45
  2.1130E-02  1.6791E+45  0.0000E+00  5.5606E+43  1.6235E+45
  2.3710E-02  1.6858E+45  0.0000E+00  5.8626E+43  1.6272E+45
  2.6610E-02  1.6768E+45  0.0000E+00  6.1390E+43  1.6154E+45
  2.9850E-02  1.6686E+45  9.7201E-84  6.3852E+43  1.6048E+45
  3.3500E-02  1.6573E+45  5.6237E-69  6.6008E+43  1.5913E+45
  3.7580E-02  1.8017E+45  6.8677E-56  7.1532E+43  1.7302E+45
  4.2170E-02  1.7943E+45  2.6977E-44  8.1286E+43  1.7130E+45
  4.7320E-02  1.5065E+45  5.6451E-34  7.8295E+43  1.4282E+45
  5.3090E-02  1.1115E+45  7.7089E-25  6.7538E+43  1.0439E+45
  6.6830E-02  2.8311E+44  9.5210E-10  3.2094E+43  2.5101E+44
  7.4990E-02  1.1804E+44  1.6050E-03  1.7698E+43  1.0034E+44
  8.4140E-02  1.4308E+44  9.8708E+02  1.9877E+43  1.2320E+44
  9.4410E-02  1.6356E+44  1.3218E+08  2.2104E+43  1.4145E+44
  1.0590E-01  2.7530E+44  5.9399E+12  3.1948E+43  2.4335E+44
  1.1890E-01  4.6174E+44  7.7604E+16  4.1714E+43  4.2002E+44
  1.3340E-01  6.4481E+44  2.3760E+20  4.8391E+43  5.9642E+44
  1.4960E-01  7.5525E+44  3.5218E+23  4.8072E+43  7.0718E+44
  1.5850E-01  7.3483E+44  1.0884E+25  4.5471E+43  6.8936E+44
  1.7780E-01  5.5207E+44  5.1926E+27  3.6289E+43  5.1578E+44
  1.9950E-01  2.5279E+44  9.4860E+29  1.9894E+43  2.3289E+44
  2.2390E-01  1.4593E+44  8.7184E+31  1.2650E+43  1.3328E+44
  2.3710E-01  2.0485E+44  8.2411E+32  1.5523E+43  1.8933E+44
  2.5120E-01  2.9230E+44  6.8182E+33  1.8430E+43  2.7387E+44
  2.6610E-01  3.6140E+44  4.7031E+34  1.9587E+43  3.4181E+44
  2.8180E-01  4.1086E+44  2.7809E+35  1.9554E+43  3.9131E+44
  2.9850E-01  4.4625E+44  1.4435E+36  1.9039E+43  4.2721E+44
  3.1620E-01  4.7634E+44  6.6383E+36  1.8419E+43  4.5792E+44
  3.3500E-01  5.0198E+44  2.7587E+37  1.7686E+43  4.8429E+44
  3.5480E-01  5.2157E+44  1.0370E+38  1.6835E+43  5.0473E+44
  3.7580E-01  5.4042E+44  3.6010E+38  1.5923E+43  5.2450E+44
  3.9810E-01  5.5415E+44  1.1411E+39  1.5034E+43  5.3912E+44
  4.2170E-01  5.7270E+44  3.3486E+39  1.4152E+43  5.5854E+44
  4.4670E-01  5.8951E+44  9.0742E+39  1.3328E+43  5.7617E+44
  4.7320E-01  6.0502E+44  2.3069E+40  1.2497E+43  5.9250E+44
  5.0120E-01  6.1854E+44  5.5110E+40  1.1656E+43  6.0683E+44
  5.3090E-01  6.3249E+44  1.2488E+41  1.0808E+43  6.2156E+44
  5.6230E-01  6.4136E+44  2.6575E+41  1.0004E+43  6.3109E+44
  5.9570E-01  6.4684E+44  5.3631E+41  9.2281E+42  6.3707E+44
  6.3100E-01  6.5132E+44  1.0285E+42  8.4779E+42  6.4182E+44
  6.6830E-01  6.5467E+44  1.8766E+42  7.7495E+42  6.4505E+44
  7.0790E-01  6.5635E+44  3.2677E+42  7.0667E+42  6.4601E+44
  7.4990E-01  6.5505E+44  5.4264E+42  6.4283E+42  6.4319E+44
  7.9430E-01  6.5295E+44  8.6246E+42  5.8251E+42  6.3850E+44
  8.4140E-01  6.5055E+44  1.3179E+43  5.2552E+42  6.3212E+44
  8.9130E-01  6.4998E+44  1.9458E+43  4.7114E+42  6.2581E+44
  9.4410E-01  6.4922E+44  2.7685E+43  4.2036E+42  6.1734E+44
  1.0000E+00  6.4711E+44  3.7969E+43  3.7358E+42  6.0541E+44
  1.0590E+00  6.4453E+44  5.0320E+43  3.3111E+42  5.9090E+44
  1.1220E+00  6.4196E+44  6.4910E+43  2.9193E+42  5.7413E+44
  1.1890E+00  6.4005E+44  8.1656E+43  2.5547E+42  5.5584E+44
  1.2590E+00  6.3969E+44  9.9955E+43  2.2122E+42  5.3753E+44
  1.3340E+00  6.3857E+44  1.1955E+44  1.9011E+42  5.1712E+44
  1.4130E+00  6.3598E+44  1.3920E+44  1.6281E+42  4.9515E+44
  1.4960E+00  6.3223E+44  1.5839E+44  1.3865E+42  4.7245E+44
  1.5850E+00  6.2727E+44  1.7728E+44  1.1699E+42  4.4883E+44
  1.6790E+00  6.2096E+44  1.9464E+44  9.7514E+41  4.2535E+44
  1.7780E+00  6.1270E+44  2.0965E+44  8.0075E+41  4.0225E+44
  1.8840E+00  6.0216E+44  2.2245E+44  6.4691E+41  3.7907E+44
  1.9950E+00  5.8928E+44  2.3216E+44  5.1427E+41  3.5661E+44
  2.1130E+00  5.7376E+44  2.3889E+44  4.0246E+41  3.3446E+44
  2.2390E+00  5.5535E+44  2.4235E+44  3.1033E+41  3.1269E+44
  2.3710E+00  5.3455E+44  2.4241E+44  2.3628E+41  2.9190E+44
  2.5120E+00  5.1154E+44  2.3968E+44  1.7799E+41  2.7168E+44
  2.6610E+00  4.8673E+44  2.3417E+44  1.3288E+41  2.5243E+44
  2.8180E+00  4.6040E+44  2.2606E+44  9.8386E+40  2.3424E+44
  2.9850E+00  4.3307E+44  2.1602E+44  7.2348E+40  2.1698E+44
  3.1620E+00  4.0506E+44  2.0429E+44  5.2869E+40  2.0072E+44
  3.3500E+00  3.7746E+44  1.9200E+44  3.8490E+40  1.8542E+44
  3.5480E+00  3.4980E+44  1.7855E+44  2.7875E+40  1.7122E+44
  3.7580E+00  3.2284E+44  1.6486E+44  2.0106E+40  1.5796E+44
  3.9810E+00  2.9679E+44  1.5117E+44  1.4451E+40  1.4560E+44
  4.2170E+00  2.7184E+44  1.3769E+44  1.0353E+40  1.3414E+44
  4.4670E+00  2.4815E+44  1.2462E+44  7.3940E+39  1.2351E+44
  4.7320E+00  2.2599E+44  1.1231E+44  5.2665E+39  1.1367E+44
  5.0120E+00  2.0571E+44  1.0088E+44  3.7493E+39  1.0483E+44
  5.3090E+00  1.8386E+44  9.0338E+43  2.6177E+39  9.3519E+43
  5.6230E+00  1.6359E+44  8.0817E+43  1.8167E+39  8.2776E+43
  5.9570E+00  1.4504E+44  7.2362E+43  1.2541E+39  7.2674E+43
  6.3100E+00  1.2771E+44  6.4324E+43  8.5831E+38  6.3388E+43
  6.6830E+00  1.1267E+44  5.7718E+43  5.8616E+38  5.4947E+43
  7.0790E+00  9.8752E+43  5.1418E+43  3.9535E+38  4.7334E+43
  7.4990E+00  8.9518E+43  4.9035E+43  2.7248E+38  4.0483E+43
  7.9430E+00  9.5877E+43  6.1674E+43  2.2224E+38  3.4202E+43
  8.4140E+00  1.1685E+44  8.8376E+43  2.2111E+38  2.8476E+43
  8.9130E+00  1.3276E+44  1.0917E+44  2.1999E+38  2.3594E+43
  9.4410E+00  1.4278E+44  1.2330E+44  2.3012E+38  1.9485E+43
  1.0000E+01  1.1848E+44  1.0203E+44  1.6163E+38  1.6454E+43
  1.0590E+01  9.3104E+43  7.9197E+43  1.0405E+38  1.3907E+43
  1.1220E+01  6.9742E+43  5.8028E+43  5.9440E+37  1.1714E+43
  1.1890E+01  5.2945E+43  4.3149E+43  3.4559E+37  9.7961E+42
  1.2590E+01  4.0355E+43  3.2179E+43  1.9758E+37  8.1757E+42
  1.3340E+01  3.1261E+43  2.4484E+43  1.1311E+37  6.7768E+42
  1.4130E+01  2.5665E+43  2.0071E+43  6.7360E+36  5.5942E+42
  1.4960E+01  2.3951E+43  1.9357E+43  4.6835E+36  4.5939E+42
  1.5850E+01  2.3161E+43  1.9411E+43  3.5146E+36  3.7504E+42
  1.6790E+01  2.2561E+43  1.9505E+43  2.7602E+36  3.0565E+42
  1.7780E+01  2.1448E+43  1.8956E+43  2.1771E+36  2.4918E+42
  1.8840E+01  1.9394E+43  1.7366E+43  1.6345E+36  2.0282E+42
  1.9950E+01  1.6698E+43  1.5042E+43  1.1320E+36  1.6559E+42
  2.1130E+01  1.4270E+43  1.2920E+43  7.5263E+35  1.3493E+42
  2.2390E+01  1.2315E+43  1.1220E+43  5.0256E+35  1.0956E+42
  2.3710E+01  1.0715E+43  9.8247E+42  3.3648E+35  8.9019E+41
  2.5120E+01  9.3522E+42  8.6313E+42  2.2639E+35  7.2096E+41
  2.6610E+01  8.1620E+42  7.5785E+42  1.5198E+35  5.8345E+41
  2.8180E+01  7.1122E+42  6.6401E+42  1.0226E+35  4.7211E+41
  2.9850E+01  6.1603E+42  5.7790E+42  6.8639E+34  3.8127E+41
  3.1620E+01  5.2881E+42  4.9805E+42  4.5755E+34  3.0755E+41
  3.3500E+01  4.4898E+42  4.2420E+42  3.0261E+34  2.4773E+41
  3.5480E+01  3.7700E+42  3.5704E+42  1.9862E+34  1.9961E+41
  3.7580E+01  3.1236E+42  2.9630E+42  1.2897E+34  1.6068E+41
  3.9810E+01  2.5493E+42  2.4201E+42  8.2724E+33  1.2917E+41
  4.2170E+01  2.0536E+42  1.9498E+42  5.2461E+33  1.0379E+41
  4.4670E+01  1.6346E+42  1.5512E+42  3.2885E+33  8.3348E+40
  4.7320E+01  1.2873E+42  1.2204E+42  2.0412E+33  6.6875E+40
  5.0120E+01  1.0045E+42  9.5081E+41  1.2564E+33  5.3656E+40
  5.3090E+01  7.7691E+41  7.3390E+41  7.6739E+32  4.3011E+40
  5.6230E+01  5.9671E+41  5.6223E+41  4.6585E+32  3.4474E+40
  5.9570E+01  4.5491E+41  4.2732E+41  2.8098E+32  2.7590E+40
  6.3100E+01  3.4503E+41  3.2295E+41  1.6881E+32  2.2082E+40
  6.6830E+01  2.6052E+41  2.4285E+41  1.0110E+32  1.7675E+40
  7.0790E+01  1.9588E+41  1.8174E+41  6.0364E+31  1.4134E+40
  7.4990E+01  1.4670E+41  1.3540E+41  3.5955E+31  1.1294E+40
  7.9430E+01  1.0958E+41  1.0055E+41  2.1394E+31  9.0258E+39
  8.4140E+01  8.1630E+40  7.4422E+40  1.2712E+31  7.2081E+39
  8.9130E+01  6.0715E+40  5.4961E+40  7.5534E+30  5.7542E+39
  9.4410E+01  4.5095E+40  4.0502E+40  4.4890E+30  4.5933E+39
  1.0000E+02  3.3449E+40  2.9783E+40  2.6684E+30  3.6660E+39
  1.0590E+02  2.4813E+40  2.1886E+40  1.5890E+30  2.9273E+39
  1.1220E+02  1.8391E+40  1.6059E+40  9.4614E+29  2.3326E+39
  1.1890E+02  1.3651E+40  1.1794E+40  5.6463E+29  1.8568E+39
  1.2590E+02  1.0197E+40  8.7150E+39  3.3933E+29  1.4822E+39
  1.3340E+02  7.6368E+39  6.4568E+39  2.0468E+29  1.1800E+39
  1.4130E+02  5.6905E+39  4.7501E+39  1.2367E+29  9.4036E+38
  1.4960E+02  4.1780E+39  3.4274E+39  7.4038E+28  7.5064E+38
  1.5850E+02  3.0517E+39  2.4543E+39  4.4087E+28  5.9741E+38
  1.7780E+02  1.6487E+39  1.2695E+39  1.5835E+28  3.7922E+38
  1.9950E+02  8.9846E+38  6.5812E+38  5.7549E+27  2.4034E+38
  2.2390E+02  4.9274E+38  3.4063E+38  2.1127E+27  1.5211E+38
  2.5120E+02  2.7249E+38  1.7614E+38  7.8400E+26  9.6351E+37
  2.8180E+02  1.5191E+38  9.0881E+37  2.9370E+26  6.1031E+37
  3.1620E+02  8.5356E+37  4.6745E+37  1.1086E+26  3.8611E+37
  3.5480E+02  4.8412E+37  2.3994E+37  4.2155E+25  2.4418E+37
  3.9810E+02  2.7732E+37  1.2291E+37  1.6148E+25  1.5440E+37
  4.4670E+02  1.6043E+37  6.2840E+36  6.2235E+24  9.7595E+36
  5.0120E+02  9.3771E+36  3.2080E+36  2.4122E+24  6.1691E+36
  5.6230E+02  5.5360E+36  1.6359E+36  9.3942E+23  3.9001E+36
  6.3100E+02  3.2951E+36  8.3223E+35  3.6704E+23  2.4628E+36
  7.0790E+02  1.9800E+36  4.2330E+35  1.4405E+23  1.5567E+36
  7.9430E+02  1.1981E+36  2.1489E+35  5.6652E+22  9.8322E+35
  8.9130E+02  7.2969E+35  1.0893E+35  2.2326E+22  6.2076E+35
  1.0000E+03  4.4732E+35  5.5194E+34  8.8217E+21  3.9213E+35
