  1.0000E-03  8.7938E+44  0.0000E+00  2.7627E+42  8.7662E+44
  1.1220E-03  9.8703E+44  0.0000E+00  3.4533E+42  9.8357E+44
  1.2590E-03  1.1078E+45  0.0000E+00  4.1090E+42  1.1037E+45
  1.4130E-03  1.2434E+45  0.0000E+00  4.6902E+42  1.2387E+45
  1.5850E-03  1.3946E+45  0.0000E+00  5.2060E+42  1.3894E+45
  1.7780E-03  1.5650E+45  0.0000E+00  6.3540E+42  1.5586E+45
  1.9950E-03  1.7562E+45  0.0000E+00  7.3641E+42  1.7488E+45
  2.2390E-03  1.9704E+45  0.0000E+00  7.6808E+42  1.9627E+45
  2.5120E-03  2.2117E+45  0.0000E+00  9.7497E+42  2.2020E+45
  2.8180E-03  2.4813E+45  0.0000E+00  1.1026E+43  2.4702E+45
  3.1620E-03  2.7837E+45  0.0000E+00  1.1887E+43  2.7718E+45
  3.5480E-03  3.1228E+45  0.0000E+00  1.2511E+43  3.1103E+45
  3.9810E-03  3.5028E+45  0.0000E+00  1.2938E+43  3.4898E+45
  4.4670E-03  3.9432E+45  0.0000E+00  2.7385E+43  3.9158E+45
  5.0120E-03  4.4251E+45  0.0000E+00  3.1486E+43  4.3936E+45
  5.6230E-03  4.9640E+45  0.0000E+00  3.4773E+43  4.9292E+45
  5.9570E-03  5.2582E+45  0.0000E+00  3.6156E+43  5.2220E+45
  6.6830E-03  5.8971E+45  0.0000E+00  3.8605E+43  5.8585E+45
  7.4990E-03  6.6148E+45  0.0000E+00  4.0994E+43  6.5738E+45
  8.4140E-03  7.4193E+45  0.0000E+00  4.3440E+43  7.3758E+45
  9.4410E-03  8.3215E+45  0.0000E+00  4.5412E+43  8.2761E+45
  1.0590E-02  9.3293E+45  0.0000E+00  4.5999E+43  9.2833E+45
  1.1890E-02  1.0473E+46  0.0000E+00  5.0271E+43  1.0423E+46
  1.3340E-02  1.1746E+46  0.0000E+00  5.2379E+43  1.1694E+46
  1.4960E-02  1.3169E+46  0.0000E+00  5.5227E+43  1.3114E+46
  1.6790E-02  1.4776E+46  0.0000E+00  5.7695E+43  1.4718E+46
  1.8840E-02  1.6575E+46  0.0000E+00  5.9883E+43  1.6515E+46
  2.1130E-02  1.8587E+46  0.0000E+00  6.3147E+43  1.8524E+46
  2.3710E-02  2.0851E+46  0.0000E+00  6.6251E+43  2.0785E+46
  2.6610E-02  2.3396E+46  0.0000E+00  6.9324E+43  2.3326E+46
  2.9850E-02  2.6239E+46  8.1162E-83  7.2278E+43  2.6166E+46
  3.3500E-02  2.9442E+46  5.1298E-68  7.5114E+43  2.9367E+46
  3.7580E-02  3.3023E+46  6.4169E-55  8.1119E+43  3.2942E+46
  4.2170E-02  3.7062E+46  2.7578E-43  9.5446E+43  3.6967E+46
  4.7320E-02  4.1579E+46  7.1191E-33  9.7379E+43  4.1482E+46
  5.3090E-02  4.3305E+46  1.2503E-23  9.2370E+43  4.3212E+46
  6.6830E-02  4.1345E+46  4.2116E-08  7.6997E+43  4.1268E+46
  7.4990E-02  4.0403E+46  1.3437E-01  7.4871E+43  4.0328E+46
  8.4140E-02  3.9481E+46  7.1096E+04  7.1279E+43  3.9410E+46
  9.4410E-02  3.8582E+46  8.5988E+09  6.9567E+43  3.8513E+46
  1.0590E-01  3.5123E+46  2.5067E+14  6.7150E+43  3.5055E+46
  1.1890E-01  2.9528E+46  1.9903E+18  6.0717E+43  2.9467E+46
  1.3340E-01  2.4856E+46  4.2330E+21  6.0309E+43  2.4795E+46
  1.4960E-01  2.0934E+46  4.9730E+24  5.6000E+43  2.0878E+46
  1.5850E-01  1.9196E+46  1.4731E+26  5.1326E+43  1.9145E+46
  1.7780E-01  1.6152E+46  7.5118E+28  3.7615E+43  1.6114E+46
  1.9950E-01  1.3579E+46  2.0782E+31  2.1425E+43  1.3558E+46
  2.2390E-01  1.1421E+46  2.4573E+33  1.7714E+43  1.1403E+46
  2.3710E-01  1.0484E+46  1.6949E+34  1.9170E+43  1.0464E+46
  2.5120E-01  9.6161E+45  1.0080E+35  2.0269E+43  9.5958E+45
  2.6610E-01  8.8215E+45  5.5563E+35  2.0330E+43  8.8012E+45
  2.8180E-01  8.0958E+45  2.7924E+36  1.9708E+43  8.0761E+45
  2.9850E-01  7.4268E+45  1.2747E+37  1.8895E+43  7.4079E+45
  3.1620E-01  6.8128E+45  5.2244E+37  1.8154E+43  6.7947E+45
  3.3500E-01  6.2482E+45  1.9536E+38  1.7389E+43  6.2308E+45
  3.5480E-01  5.7330E+45  6.6823E+38  1.6563E+43  5.7165E+45
  3.7580E-01  5.2599E+45  2.1144E+39  1.5697E+43  5.2442E+45
  3.9810E-01  4.8246E+45  6.1572E+39  1.4887E+43  4.8097E+45
  4.2170E-01  4.4257E+45  1.6498E+40  1.4095E+43  4.4116E+45
  4.4670E-01  4.0600E+45  4.0966E+40  1.3375E+43  4.0466E+45
  4.7320E-01  3.7242E+45  9.5652E+40  1.2647E+43  3.7115E+45
  5.0120E-01  3.4169E+45  2.1054E+41  1.1902E+43  3.4048E+45
  5.3090E-01  3.1348E+45  4.3937E+41  1.1138E+43  3.1232E+45
  5.6230E-01  2.8764E+45  8.6712E+41  1.0413E+43  2.8651E+45
  5.9570E-01  2.6389E+45  1.6297E+42  9.7103E+42  2.6276E+45
  6.3100E-01  2.4223E+45  2.9154E+42  9.0265E+42  2.4103E+45
  6.6830E-01  2.2247E+45  4.9714E+42  8.3554E+42  2.2114E+45
  7.0790E-01  2.0443E+45  8.1106E+42  7.7290E+42  2.0284E+45
  7.4990E-01  1.8803E+45  1.2675E+43  7.1442E+42  1.8605E+45
  7.9430E-01  1.7322E+45  1.9000E+43  6.5927E+42  1.7066E+45
  8.4140E-01  1.5988E+45  2.7427E+43  6.0695E+42  1.5653E+45
  8.9130E-01  1.4795E+45  3.8235E+43  5.5685E+42  1.4357E+45
  9.4410E-01  1.3736E+45  5.1470E+43  5.0929E+42  1.3170E+45
  1.0000E+00  1.2798E+45  6.7016E+43  4.6431E+42  1.2081E+45
  1.0590E+00  1.1974E+45  8.4552E+43  4.2248E+42  1.1086E+45
  1.1220E+00  1.1244E+45  1.0400E+44  3.8270E+42  1.0165E+45
  1.1890E+00  1.0601E+45  1.2487E+44  3.4417E+42  9.3183E+44
  1.2590E+00  1.0042E+45  1.4593E+44  3.0619E+42  8.5520E+44
  1.3340E+00  9.5362E+44  1.6682E+44  2.6994E+42  7.8411E+44
  1.4130E+00  9.0763E+44  1.8600E+44  2.3648E+42  7.1927E+44
  1.4960E+00  8.6524E+44  2.0293E+44  2.0547E+42  6.6026E+44
  1.5850E+00  8.2505E+44  2.1785E+44  1.7643E+42  6.0543E+44
  1.6790E+00  7.8627E+44  2.2947E+44  1.4931E+42  5.5530E+44
  1.7780E+00  7.4802E+44  2.3721E+44  1.2420E+42  5.0957E+44
  1.8840E+00  7.0982E+44  2.4162E+44  1.0142E+42  4.6719E+44
  1.9950E+00  6.7190E+44  2.4234E+44  8.1319E+41  4.2875E+44
  2.1130E+00  6.3388E+44  2.3991E+44  6.4063E+41  3.9333E+44
  2.2390E+00  5.9557E+44  2.3446E+44  4.9639E+41  3.6061E+44
  2.3710E+00  5.5768E+44  2.2639E+44  3.7926E+41  3.3092E+44
  2.5120E+00  5.2024E+44  2.1651E+44  2.8638E+41  3.0344E+44
  2.6610E+00  4.8361E+44  2.0507E+44  2.1414E+41  2.7832E+44
  2.8180E+00  4.4796E+44  1.9242E+44  1.5877E+41  2.5538E+44
  2.9850E+00  4.1358E+44  1.7920E+44  1.1691E+41  2.3426E+44
  3.1620E+00  3.8058E+44  1.6563E+44  8.5579E+40  2.1487E+44
  3.3500E+00  3.4971E+44  1.5261E+44  6.2432E+40  1.9704E+44
  3.5480E+00  3.2044E+44  1.3961E+44  4.5357E+40  1.8078E+44
  3.7580E+00  2.9312E+44  1.2725E+44  3.2850E+40  1.6583E+44
  3.9810E+00  2.6770E+44  1.1558E+44  2.3730E+40  1.5210E+44
  4.2170E+00  2.4417E+44  1.0464E+44  1.7105E+40  1.3951E+44
  4.4670E+00  2.2246E+44  9.4488E+43  1.2306E+40  1.2796E+44
  4.7320E+00  2.0258E+44  8.5207E+43  8.8347E+39  1.1737E+44
  5.0120E+00  1.8472E+44  7.6804E+43  6.3438E+39  1.0791E+44
  5.3090E+00  1.6521E+44  6.9181E+43  4.4616E+39  9.6024E+43
  5.6230E+00  1.4718E+44  6.2367E+43  3.1183E+39  8.4805E+43
  5.9570E+00  1.3067E+44  5.6350E+43  2.1670E+39  7.4316E+43
  6.3100E+00  1.1534E+44  5.0625E+43  1.4931E+39  6.4710E+43
  6.6830E+00  1.0205E+44  4.6031E+43  1.0267E+39  5.6014E+43
  7.0790E+00  8.9786E+43  4.1596E+43  6.9732E+38  4.8190E+43
  7.4990E+00  8.0539E+43  3.9309E+43  4.7703E+38  4.1229E+43
  7.9430E+00  8.0320E+43  4.5210E+43  3.6385E+38  3.5109E+43
  8.4140E+00  8.8923E+43  5.9170E+43  3.2848E+38  2.9752E+43
  8.9130E+00  9.5564E+43  7.0460E+43  3.0728E+38  2.5104E+43
  9.4410E+00  9.9545E+43  7.8444E+43  3.0907E+38  2.1101E+43
  1.0000E+01  8.3844E+43  6.6174E+43  2.2311E+38  1.7671E+43
  1.0590E+01  6.7549E+43  5.2791E+43  1.4938E+38  1.4758E+43
  1.1220E+01  5.2491E+43  4.0224E+43  8.9723E+37  1.2267E+43
  1.1890E+01  4.1227E+43  3.1067E+43  5.4500E+37  1.0159E+43
  1.2590E+01  3.2600E+43  2.4188E+43  3.2554E+37  8.4119E+42
  1.3340E+01  2.6101E+43  1.9170E+43  1.9371E+37  6.9319E+42
  1.4130E+01  2.1810E+43  1.6105E+43  1.1810E+37  5.7050E+42
  1.4960E+01  2.0020E+43  1.5328E+43  8.1479E+36  4.6919E+42
  1.5850E+01  1.8904E+43  1.5063E+43  6.0302E+36  3.8414E+42
  1.6790E+01  1.7993E+43  1.4852E+43  4.6754E+36  3.1409E+42
  1.7780E+01  1.6819E+43  1.4253E+43  3.6653E+36  2.5663E+42
  1.8840E+01  1.5078E+43  1.2989E+43  2.7621E+36  2.0888E+42
  1.9950E+01  1.2952E+43  1.1251E+43  1.9370E+36  1.7013E+42
  2.1130E+01  1.1023E+43  9.6408E+42  1.3037E+36  1.3827E+42
  2.2390E+01  9.4231E+42  8.3028E+42  8.7785E+35  1.1203E+42
  2.3710E+01  8.0837E+42  7.1751E+42  5.9068E+35  9.0864E+41
  2.5120E+01  6.9238E+42  6.1890E+42  3.9795E+35  7.3479E+41
  2.6610E+01  5.9087E+42  5.3149E+42  2.6671E+35  5.9383E+41
  2.8180E+01  5.0194E+42  4.5394E+42  1.7861E+35  4.7994E+41
  2.9850E+01  4.2275E+42  3.8403E+42  1.1902E+35  3.8717E+41
  3.1620E+01  3.5231E+42  3.2111E+42  7.8609E+34  3.1199E+41
  3.3500E+01  2.9009E+42  2.6498E+42  5.1421E+34  2.5106E+41
  3.5480E+01  2.3617E+42  2.1596E+42  3.3342E+34  2.0210E+41
  3.7580E+01  1.8976E+42  1.7350E+42  2.1374E+34  1.6253E+41
  3.9810E+01  1.5028E+42  1.3722E+42  1.3533E+34  1.3054E+41
  4.2170E+01  1.1759E+42  1.0711E+42  8.4727E+33  1.0479E+41
  4.4670E+01  9.1025E+41  8.2618E+41  5.2449E+33  8.4074E+40
  4.7320E+01  6.9810E+41  6.3070E+41  3.2164E+33  6.7400E+40
  5.0120E+01  5.3133E+41  4.7730E+41  1.9575E+33  5.4034E+40
  5.3090E+01  4.0147E+41  3.5819E+41  1.1829E+33  4.3282E+40
  5.6230E+01  3.0176E+41  2.6709E+41  7.1107E+32  3.4667E+40
  5.9570E+01  2.2551E+41  1.9778E+41  4.2510E+32  2.7728E+40
  6.3100E+01  1.6799E+41  1.4580E+41  2.5342E+32  2.2180E+40
  6.6830E+01  1.2482E+41  1.0708E+41  1.5077E+32  1.7744E+40
  7.0790E+01  9.2528E+40  7.8345E+40  8.9531E+31  1.4183E+40
  7.4990E+01  6.8456E+40  5.7127E+40  5.3100E+31  1.1329E+40
  7.9430E+01  5.0617E+40  4.1567E+40  3.1500E+31  9.0505E+39
  8.4140E+01  3.7401E+40  3.0176E+40  1.8684E+31  7.2256E+39
  8.9130E+01  2.7647E+40  2.1881E+40  1.1095E+31  5.7665E+39
  9.4410E+01  2.0451E+40  1.5849E+40  6.5975E+30  4.6021E+39
  1.0000E+02  1.5138E+40  1.1466E+40  3.9288E+30  3.6722E+39
  1.0590E+02  1.1230E+40  8.2984E+39  2.3464E+30  2.9317E+39
  1.1220E+02  8.3376E+39  6.0019E+39  1.4024E+30  2.3358E+39
  1.1890E+02  6.2084E+39  4.3494E+39  8.4068E+29  1.8590E+39
  1.2590E+02  4.6592E+39  3.1754E+39  5.0781E+29  1.4838E+39
  1.3340E+02  3.5081E+39  2.3270E+39  3.0795E+29  1.1811E+39
  1.4130E+02  2.6349E+39  1.6937E+39  1.8728E+29  9.4117E+38
  1.4960E+02  1.9594E+39  1.2082E+39  1.1311E+29  7.5121E+38
  1.5850E+02  1.4534E+39  8.5563E+38  6.8016E+28  5.9781E+38
  1.7780E+02  8.1351E+38  4.3410E+38  2.4935E+28  3.7942E+38
  1.9950E+02  4.6177E+38  2.2133E+38  9.2546E+27  2.4043E+38
  2.2390E+02  2.6506E+38  1.1290E+38  3.4696E+27  1.5216E+38
  2.5120E+02  1.5402E+38  5.7642E+37  1.3142E+27  9.6376E+37
  2.8180E+02  9.0453E+37  2.9410E+37  5.0197E+26  6.1043E+37
  3.1620E+02  5.3595E+37  1.4978E+37  1.9291E+26  3.8617E+37
  3.5480E+02  3.2042E+37  7.6212E+36  7.4561E+25  2.4421E+37
  3.9810E+02  1.9316E+37  3.8741E+36  2.8979E+25  1.5442E+37
  4.4670E+02  1.1728E+37  1.9673E+36  1.1311E+25  9.7603E+36
  5.0120E+02  7.1678E+36  9.9834E+35  4.4321E+24  6.1695E+36
  5.6230E+02  4.4068E+36  5.0642E+35  1.7422E+24  3.9003E+36
  6.3100E+02  2.7194E+36  2.5644E+35  6.8606E+23  2.4629E+36
  7.0790E+02  1.6867E+36  1.2990E+35  2.7103E+23  1.5568E+36
  7.9430E+02  1.0490E+36  6.5708E+34  1.0717E+23  9.8325E+35
  8.9130E+02  6.5398E+35  3.3204E+34  4.2425E+22  6.2077E+35
  1.0000E+03  4.0891E+35  1.6777E+34  1.6825E+22  3.9214E+35
