  1.0000E-03  8.9228E+44  0.0000E+00  1.5664E+43  8.7662E+44
  1.1220E-03  9.9993E+44  0.0000E+00  1.6353E+43  9.8357E+44
  1.2590E-03  1.1199E+45  0.0000E+00  1.6229E+43  1.1037E+45
  1.4130E-03  1.2541E+45  0.0000E+00  1.5459E+43  1.2387E+45
  1.5850E-03  1.4040E+45  0.0000E+00  1.4582E+43  1.3894E+45
  1.7780E-03  1.5744E+45  0.0000E+00  1.5773E+43  1.5586E+45
  1.9950E-03  1.7632E+45  0.0000E+00  1.4430E+43  1.7488E+45
  2.2390E-03  1.9754E+45  0.0000E+00  1.2626E+43  1.9627E+45
  2.5120E-03  2.2157E+45  0.0000E+00  1.3703E+43  2.2020E+45
  2.8180E-03  2.4826E+45  0.0000E+00  1.2424E+43  2.4702E+45
  3.1620E-03  2.7832E+45  0.0000E+00  1.1371E+43  2.7718E+45
  3.5480E-03  3.1208E+45  0.0000E+00  1.0502E+43  3.1103E+45
  3.9810E-03  3.4996E+45  0.0000E+00  9.7118E+42  3.4898E+45
  4.4670E-03  3.9763E+45  0.0000E+00  6.0514E+43  3.9158E+45
  5.0120E-03  4.4428E+45  0.0000E+00  4.9196E+43  4.3936E+45
  5.6230E-03  4.9716E+45  0.0000E+00  4.2339E+43  4.9292E+45
  5.9570E-03  5.2626E+45  0.0000E+00  4.0585E+43  5.2220E+45
  6.6830E-03  5.8984E+45  0.0000E+00  3.9843E+43  5.8585E+45
  7.4990E-03  6.6155E+45  0.0000E+00  4.1731E+43  6.5738E+45
  8.4140E-03  7.4208E+45  0.0000E+00  4.4967E+43  7.3758E+45
  9.4410E-03  8.3255E+45  0.0000E+00  4.9359E+43  8.2761E+45
  1.0590E-02  9.3379E+45  0.0000E+00  5.4618E+43  9.2833E+45
  1.1890E-02  1.0484E+46  0.0000E+00  6.1083E+43  1.0423E+46
  1.3340E-02  1.1762E+46  0.0000E+00  6.8178E+43  1.1694E+46
  1.4960E-02  1.3190E+46  0.0000E+00  7.6266E+43  1.3114E+46
  1.6790E-02  1.4804E+46  0.0000E+00  8.5429E+43  1.4718E+46
  1.8840E-02  1.6611E+46  0.0000E+00  9.5740E+43  1.6515E+46
  2.1130E-02  1.8631E+46  0.0000E+00  1.0730E+44  1.8524E+46
  2.3710E-02  2.0905E+46  0.0000E+00  1.2033E+44  2.0785E+46
  2.6610E-02  2.3461E+46  0.0000E+00  1.3498E+44  2.3326E+46
  2.9850E-02  2.6318E+46  1.4014E-82  1.5116E+44  2.6166E+46
  3.3500E-02  2.9535E+46  8.7625E-68  1.6823E+44  2.9367E+46
  3.7580E-02  3.3123E+46  1.0961E-54  1.8094E+44  3.2942E+46
  4.2170E-02  3.7204E+46  4.6684E-43  2.3692E+44  3.6967E+46
  4.7320E-02  4.1765E+46  1.1838E-32  2.8362E+44  4.1482E+46
  5.3090E-02  4.3520E+46  2.0514E-23  3.0761E+44  4.3212E+46
  6.6830E-02  4.1582E+46  6.7274E-08  3.1349E+44  4.1268E+46
  7.4990E-02  4.0634E+46  2.0800E-01  3.0521E+44  4.0328E+46
  8.4140E-02  3.9703E+46  1.0724E+05  2.9248E+44  3.9410E+46
  9.4410E-02  3.8799E+46  1.2566E+10  2.8627E+44  3.8513E+46
  1.0590E-01  3.5324E+46  3.5193E+14  2.6860E+44  3.5055E+46
  1.1890E-01  2.9670E+46  2.9049E+18  2.0232E+44  2.9467E+46
  1.3340E-01  2.4945E+46  6.7705E+21  1.4913E+44  2.4795E+46
  1.4960E-01  2.0968E+46  8.4862E+24  8.9110E+43  2.0878E+46
  1.5850E-01  1.9214E+46  2.5318E+26  6.8974E+43  1.9145E+46
  1.7780E-01  1.6172E+46  1.2261E+29  5.7643E+43  1.6114E+46
  1.9950E-01  1.3616E+46  3.0722E+31  5.8139E+43  1.3558E+46
  2.2390E-01  1.1465E+46  3.3688E+33  6.1953E+43  1.1403E+46
  2.3710E-01  1.0526E+46  2.3648E+34  6.1840E+43  1.0464E+46
  2.5120E-01  9.6517E+45  1.4550E+35  5.5899E+43  9.5958E+45
  2.6610E-01  8.8494E+45  8.2361E+35  4.8240E+43  8.8012E+45
  2.8180E-01  8.1174E+45  4.2196E+36  4.1333E+43  8.0761E+45
  2.9850E-01  7.4436E+45  1.9562E+37  3.5739E+43  7.4079E+45
  3.1620E-01  6.8260E+45  8.1278E+37  3.1333E+43  6.7947E+45
  3.3500E-01  6.2584E+45  3.0755E+38  2.7596E+43  6.2308E+45
  3.5480E-01  5.7409E+45  1.0620E+39  2.4433E+43  5.7165E+45
  3.7580E-01  5.2659E+45  3.3865E+39  2.1735E+43  5.2442E+45
  3.9810E-01  4.8292E+45  9.9359E+39  1.9447E+43  4.8097E+45
  4.2170E-01  4.4292E+45  2.6821E+40  1.7496E+43  4.4116E+45
  4.4670E-01  4.0625E+45  6.7119E+40  1.5824E+43  4.0466E+45
  4.7320E-01  3.7260E+45  1.5790E+41  1.4354E+43  3.7115E+45
  5.0120E-01  3.4182E+45  3.5005E+41  1.3057E+43  3.4048E+45
  5.3090E-01  3.1358E+45  7.3562E+41  1.1926E+43  3.1232E+45
  5.6230E-01  2.8775E+45  1.4617E+42  1.0958E+43  2.8651E+45
  5.9570E-01  2.6405E+45  2.7657E+42  1.0137E+43  2.6276E+45
  6.3100E-01  2.4248E+45  4.9817E+42  9.4458E+42  2.4103E+45
  6.6830E-01  2.2288E+45  8.5527E+42  8.8839E+42  2.2114E+45
  7.0790E-01  2.0509E+45  1.4059E+43  8.4544E+42  2.0284E+45
  7.4990E-01  1.8908E+45  2.2145E+43  8.1518E+42  1.8605E+45
  7.9430E-01  1.7481E+45  3.3493E+43  7.9803E+42  1.7066E+45
  8.4140E-01  1.6221E+45  4.8810E+43  7.9574E+42  1.5653E+45
  8.9130E-01  1.5126E+45  6.8810E+43  8.0830E+42  1.4357E+45
  9.4410E-01  1.4190E+45  9.3682E+43  8.3440E+42  1.3170E+45
  1.0000E+00  1.3401E+45  1.2327E+44  8.6959E+42  1.2081E+45
  1.0590E+00  1.2748E+45  1.5714E+44  9.1141E+42  1.1086E+45
  1.1220E+00  1.2214E+45  1.9531E+44  9.5633E+42  1.0165E+45
  1.1890E+00  1.1788E+45  2.3699E+44  9.9916E+42  9.3183E+44
  1.2590E+00  1.1456E+45  2.8003E+44  1.0328E+43  8.5520E+44
  1.3340E+00  1.1178E+45  3.2317E+44  1.0545E+43  7.8411E+44
  1.4130E+00  1.0928E+45  3.6288E+44  1.0600E+43  7.1927E+44
  1.4960E+00  1.0686E+45  3.9784E+44  1.0473E+43  6.6026E+44
  1.5850E+00  1.0438E+45  4.2816E+44  1.0159E+43  6.0543E+44
  1.6790E+00  1.0162E+45  4.5123E+44  9.6408E+42  5.5530E+44
  1.7780E+00  9.8417E+44  4.6567E+44  8.9236E+42  5.0957E+44
  1.8840E+00  9.4741E+44  4.7217E+44  8.0467E+42  4.6719E+44
  1.9950E+00  9.0596E+44  4.7015E+44  7.0618E+42  4.2875E+44
  2.1130E+00  8.5994E+44  4.6058E+44  6.0333E+42  3.9333E+44
  2.2390E+00  8.0956E+44  4.4394E+44  5.0209E+42  3.6061E+44
  2.3710E+00  7.5661E+44  4.2161E+44  4.0796E+42  3.3092E+44
  2.5120E+00  7.0210E+44  3.9541E+44  3.2458E+42  3.0344E+44
  2.6610E+00  6.4731E+44  3.6645E+44  2.5351E+42  2.7832E+44
  2.8180E+00  5.9321E+44  3.3588E+44  1.9482E+42  2.5538E+44
  2.9850E+00  5.4087E+44  3.0513E+44  1.4771E+42  2.3426E+44
  3.1620E+00  4.9085E+44  2.7488E+44  1.1070E+42  2.1487E+44
  3.3500E+00  4.4462E+44  2.4676E+44  8.2283E+41  1.9704E+44
  3.5480E+00  4.0154E+44  2.2016E+44  6.0703E+41  1.8078E+44
  3.7580E+00  3.6216E+44  1.9588E+44  4.4517E+41  1.6583E+44
  3.9810E+00  3.2632E+44  1.7389E+44  3.2488E+41  1.5210E+44
  4.2170E+00  2.9392E+44  1.5418E+44  2.3623E+41  1.3951E+44
  4.4670E+00  2.6476E+44  1.3662E+44  1.7124E+41  1.2796E+44
  4.7320E+00  2.3861E+44  1.2112E+44  1.2374E+41  1.1737E+44
  5.0120E+00  2.1551E+44  1.0751E+44  8.9325E+40  1.0791E+44
  5.3090E+00  1.9157E+44  9.5482E+43  6.3306E+40  9.6024E+43
  5.6230E+00  1.6979E+44  8.4945E+43  4.4566E+40  8.4805E+43
  5.9570E+00  1.5011E+44  7.5759E+43  3.1175E+40  7.4316E+43
  6.3100E+00  1.3207E+44  6.7335E+43  2.1627E+40  6.4710E+43
  6.6830E+00  1.1667E+44  6.0645E+43  1.4984E+40  5.6014E+43
  7.0790E+00  1.0263E+44  5.4431E+43  1.0261E+40  4.8190E+43
  7.4990E+00  9.0813E+43  4.9577E+43  6.9332E+39  4.1229E+43
  7.9430E+00  8.3427E+43  4.8313E+43  4.7264E+39  3.5109E+43
  8.4140E+00  8.0319E+43  5.0563E+43  3.4699E+39  2.9752E+43
  8.9130E+00  7.7435E+43  5.2328E+43  2.7293E+39  2.5104E+43
  9.4410E+00  7.4427E+43  5.3324E+43  2.3881E+39  2.1101E+43
  1.0000E+01  6.4999E+43  4.7327E+43  1.8488E+39  1.7671E+43
  1.0590E+01  5.5618E+43  4.0858E+43  1.3784E+39  1.4758E+43
  1.1220E+01  4.6961E+43  3.4693E+43  9.4832E+38  1.2267E+43
  1.1890E+01  3.9762E+43  2.9602E+43  6.4573E+38  1.0159E+43
  1.2590E+01  3.4109E+43  2.5696E+43  4.3211E+38  8.4119E+42
  1.3340E+01  2.9568E+43  2.2635E+43  2.8494E+38  6.9319E+42
  1.4130E+01  2.6311E+43  2.0605E+43  1.8695E+38  5.7050E+42
  1.4960E+01  2.4620E+43  1.9928E+43  1.3027E+38  4.6919E+42
  1.5850E+01  2.3563E+43  1.9721E+43  9.6272E+37  3.8414E+42
  1.6790E+01  2.2876E+43  1.9735E+43  7.4889E+37  3.1409E+42
  1.7780E+01  2.2245E+43  1.9678E+43  6.0263E+37  2.5663E+42
  1.8840E+01  2.1386E+43  1.9297E+43  4.8390E+37  2.0888E+42
  1.9950E+01  2.0272E+43  1.8570E+43  3.7454E+37  1.7013E+42
  2.1130E+01  1.9245E+43  1.7862E+43  2.8121E+37  1.3827E+42
  2.2390E+01  1.8386E+43  1.7266E+43  2.1111E+37  1.1203E+42
  2.3710E+01  1.7623E+43  1.6715E+43  1.5810E+37  9.0864E+41
  2.5120E+01  1.6853E+43  1.6118E+43  1.1828E+37  7.3479E+41
  2.6610E+01  1.6027E+43  1.5433E+43  8.7790E+36  5.9383E+41
  2.8180E+01  1.5111E+43  1.4631E+43  6.4801E+36  4.7994E+41
  2.9850E+01  1.4072E+43  1.3685E+43  4.7372E+36  3.8717E+41
  3.1620E+01  1.2910E+43  1.2598E+43  3.4152E+36  3.1199E+41
  3.3500E+01  1.1646E+43  1.1395E+43  2.4254E+36  2.5106E+41
  3.5480E+01  1.0327E+43  1.0125E+43  1.6965E+36  2.0210E+41
  3.7580E+01  8.9958E+42  8.8333E+42  1.1671E+36  1.6253E+41
  3.9810E+01  7.6912E+42  7.5607E+42  7.8964E+35  1.3054E+41
  4.2170E+01  6.4677E+42  6.3629E+42  5.2572E+35  1.0479E+41
  4.4670E+01  5.3564E+42  5.2723E+42  3.4445E+35  8.4074E+40
  4.7320E+01  4.3757E+42  4.3083E+42  2.2255E+35  6.7400E+40
  5.0120E+01  3.5312E+42  3.4772E+42  1.4200E+35  5.4034E+40
  5.3090E+01  2.8166E+42  2.7733E+42  8.9541E+34  4.3282E+40
  5.6230E+01  2.2248E+42  2.1901E+42  5.5902E+34  3.4667E+40
  5.9570E+01  1.7402E+42  1.7125E+42  3.4554E+34  2.7728E+40
  6.3100E+01  1.3509E+42  1.3287E+42  2.1198E+34  2.2180E+40
  6.6830E+01  1.0416E+42  1.0238E+42  1.2919E+34  1.7744E+40
  7.0790E+01  7.9802E+41  7.8383E+41  7.8239E+33  1.4183E+40
  7.4990E+01  6.0782E+41  5.9649E+41  4.7119E+33  1.1329E+40
  7.9430E+01  4.6079E+41  4.5174E+41  2.8257E+33  9.0505E+39
  8.4140E+01  3.4776E+41  3.4053E+41  1.6871E+33  7.2256E+39
  8.9130E+01  2.6158E+41  2.5582E+41  1.0045E+33  5.7665E+39
  9.4410E+01  1.9615E+41  1.9155E+41  5.9644E+32  4.6021E+39
  1.0000E+02  1.4664E+41  1.4297E+41  3.5323E+32  3.6722E+39
  1.0590E+02  1.0946E+41  1.0653E+41  2.0901E+32  2.9317E+39
  1.1220E+02  8.1545E+40  7.9209E+40  1.2342E+32  2.3358E+39
  1.1890E+02  6.0779E+40  5.8920E+40  7.2953E+31  1.8590E+39
  1.2590E+02  4.5565E+40  4.4082E+40  4.3400E+31  1.4838E+39
  1.3340E+02  3.4256E+40  3.3075E+40  2.5934E+31  1.1811E+39
  1.4130E+02  2.5535E+40  2.4594E+40  1.5431E+31  9.4117E+38
  1.4960E+02  1.8621E+40  1.7870E+40  8.9845E+30  7.5121E+38
  1.5850E+02  1.3478E+40  1.2880E+40  5.1825E+30  5.9781E+38
  1.7780E+02  7.1326E+39  6.7532E+39  1.7423E+30  3.7942E+38
  1.9950E+02  3.7867E+39  3.5463E+39  5.8934E+29  2.4043E+38
  2.2390E+02  2.0090E+39  1.8568E+39  1.9998E+29  1.5216E+38
  2.5120E+02  1.0663E+39  9.6992E+38  6.8152E+28  9.6376E+37
  2.8180E+02  5.6596E+38  5.0492E+38  2.3327E+28  6.1043E+37
  3.1620E+02  3.0037E+38  2.6175E+38  8.0190E+27  3.8617E+37
  3.5480E+02  1.5971E+38  1.3529E+38  2.7735E+27  2.4421E+37
  3.9810E+02  8.5169E+37  6.9727E+37  9.6673E+26  1.5442E+37
  4.4670E+02  4.5601E+37  3.5841E+37  3.3982E+26  9.7603E+36
  5.0120E+02  2.4554E+37  1.8385E+37  1.2061E+26  6.1695E+36
  5.6230E+02  1.3315E+37  9.4150E+36  4.3246E+25  3.9003E+36
  6.3100E+02  7.2709E+36  4.8080E+36  1.5657E+25  2.4629E+36
  7.0790E+02  4.0105E+36  2.4537E+36  5.7345E+24  1.5568E+36
  7.9430E+02  2.2326E+36  1.2494E+36  2.1203E+24  9.8325E+35
  8.9130E+02  1.2558E+36  6.3505E+35  7.9145E+23  6.2077E+35
  1.0000E+03  7.1467E+35  3.2254E+35  2.9834E+23  3.9214E+35
