  1.0000E-03  1.0666E+45  3.2490E+01  1.8995E+44  8.7662E+44
  1.1220E-03  1.1854E+45  3.2681E+01  2.0180E+44  9.8357E+44
  1.2590E-03  1.3067E+45  3.2624E+01  2.0301E+44  1.1037E+45
  1.4130E-03  1.4351E+45  3.2377E+01  1.9646E+44  1.2387E+45
  1.5850E-03  1.5827E+45  3.2589E+01  1.9330E+44  1.3894E+45
  1.7780E-03  1.7973E+45  3.4950E+01  2.3868E+44  1.5586E+45
  1.9950E-03  1.9720E+45  3.2240E+01  2.2323E+44  1.7488E+45
  2.2390E-03  2.1646E+45  3.0805E+01  2.0187E+44  1.9627E+45
  2.5120E-03  2.4566E+45  3.1914E+01  2.5457E+44  2.2020E+45
  2.8180E-03  2.6966E+45  2.7578E+01  2.2640E+44  2.4702E+45
  3.1620E-03  2.9738E+45  2.4559E+01  2.0192E+44  2.7718E+45
  3.5480E-03  3.2909E+45  2.2266E+01  1.8056E+44  3.1103E+45
  3.9810E-03  3.6515E+45  2.0652E+01  1.6168E+44  3.4898E+45
  4.4670E-03  4.4338E+45  6.1776E+01  5.1798E+44  3.9158E+45
  5.0120E-03  4.9331E+45  5.4389E+01  5.3956E+44  4.3936E+45
  5.6230E-03  5.4884E+45  4.8311E+01  5.5920E+44  4.9292E+45
  5.9570E-03  5.7915E+45  4.5860E+01  5.6946E+44  5.2220E+45
  6.6830E-03  6.4516E+45  4.2351E+01  5.9307E+44  5.8585E+45
  7.4990E-03  7.2032E+45  4.0509E+01  6.2944E+44  6.5738E+45
  8.4140E-03  8.0302E+45  3.8095E+01  6.5433E+44  7.3758E+45
  9.4410E-03  8.9579E+45  3.6776E+01  6.8180E+44  8.2761E+45
  1.0590E-02  9.9961E+45  3.7250E+01  7.1277E+44  9.2833E+45
  1.1890E-02  1.1176E+46  3.5694E+01  7.5279E+44  1.0423E+46
  1.3340E-02  1.2476E+46  3.4983E+01  7.8191E+44  1.1694E+46
  1.4960E-02  1.3925E+46  3.3677E+01  8.1068E+44  1.3114E+46
  1.6790E-02  1.5559E+46  3.2754E+01  8.4044E+44  1.4718E+46
  1.8840E-02  1.7388E+46  3.2205E+01  8.7279E+44  1.6515E+46
  2.1130E-02  1.9434E+46  3.1485E+01  9.1068E+44  1.8524E+46
  2.3710E-02  2.1733E+46  3.0755E+01  9.4872E+44  2.0785E+46
  2.6610E-02  2.4313E+46  2.9879E+01  9.8653E+44  2.3326E+46
  2.9850E-02  2.7190E+46  2.9049E+01  1.0240E+45  2.6166E+46
  3.3500E-02  3.0422E+46  2.8189E+01  1.0556E+45  2.9367E+46
  3.7580E-02  3.4052E+46  3.0225E+01  1.1100E+45  3.2942E+46
  4.2170E-02  3.8390E+46  3.1931E+01  1.4226E+45  3.6967E+46
  4.7320E-02  4.2968E+46  2.7096E+01  1.4865E+45  4.1482E+46
  5.3090E-02  4.4608E+46  2.0804E+01  1.3959E+45  4.3212E+46
  6.6830E-02  4.2258E+46  9.1002E+00  9.9015E+44  4.1268E+46
  7.4990E-02  4.1130E+46  6.6676E+00  8.0204E+44  4.0328E+46
  8.4140E-02  4.0207E+46  1.0206E+05  7.9653E+44  3.9410E+46
  9.4410E-02  3.9329E+46  1.1841E+10  8.1593E+44  3.8513E+46
  1.0590E-01  3.5991E+46  3.3106E+14  9.3511E+44  3.5055E+46
  1.1890E-01  3.0343E+46  2.8566E+18  8.7593E+44  2.9467E+46
  1.3340E-01  2.5603E+46  7.0876E+21  8.0770E+44  2.4795E+46
  1.4960E-01  2.1450E+46  9.1234E+24  5.7133E+44  2.0878E+46
  1.5850E-01  1.9603E+46  2.7094E+26  4.5762E+44  1.9145E+46
  1.7780E-01  1.6450E+46  1.2654E+29  3.3594E+44  1.6114E+46
  1.9950E-01  1.3781E+46  2.9637E+31  2.2265E+44  1.3558E+46
  2.2390E-01  1.1601E+46  3.0914E+33  1.9809E+44  1.1403E+46
  2.3710E-01  1.0701E+46  2.2082E+34  2.3651E+44  1.0464E+46
  2.5120E-01  9.8531E+45  1.3953E+35  2.5726E+44  9.5958E+45
  2.6610E-01  9.0542E+45  8.0603E+35  2.5300E+44  8.8012E+45
  2.8180E-01  8.3149E+45  4.1913E+36  2.3880E+44  8.0761E+45
  2.9850E-01  7.6322E+45  1.9667E+37  2.2430E+44  7.4079E+45
  3.1620E-01  7.0079E+45  8.2559E+37  2.1330E+44  6.7947E+45
  3.3500E-01  6.4342E+45  3.1495E+38  2.0335E+44  6.2308E+45
  3.5480E-01  5.9104E+45  1.0936E+39  1.9389E+44  5.7165E+45
  3.7580E-01  5.4297E+45  3.5004E+39  1.8550E+44  5.2442E+45
  3.9810E-01  4.9881E+45  1.0305E+40  1.7833E+44  4.8097E+45
  4.2170E-01  4.5848E+45  2.7891E+40  1.7316E+44  4.4116E+45
  4.4670E-01  4.2161E+45  6.9973E+40  1.6942E+44  4.0466E+45
  4.7320E-01  3.8778E+45  1.6497E+41  1.6619E+44  3.7115E+45
  5.0120E-01  3.5683E+45  3.6658E+41  1.6318E+44  3.4048E+45
  5.3090E-01  3.2848E+45  7.7253E+41  1.6083E+44  3.1232E+45
  5.6230E-01  3.0255E+45  1.5410E+42  1.5885E+44  2.8651E+45
  5.9570E-01  2.7878E+45  2.9307E+42  1.5733E+44  2.6276E+45
  6.3100E-01  2.5721E+45  5.3134E+42  1.5649E+44  2.4103E+45
  6.6830E-01  2.3770E+45  9.1965E+42  1.5636E+44  2.2114E+45
  7.0790E-01  2.2010E+45  1.5271E+43  1.5728E+44  2.0284E+45
  7.4990E-01  2.0437E+45  2.4348E+43  1.5889E+44  1.8605E+45
  7.9430E-01  1.9054E+45  3.7356E+43  1.6147E+44  1.7066E+45
  8.4140E-01  1.7861E+45  5.5349E+43  1.6539E+44  1.5653E+45
  8.9130E-01  1.6862E+45  7.9557E+43  1.7093E+44  1.4357E+45
  9.4410E-01  1.6055E+45  1.1069E+44  1.7778E+44  1.3170E+45
  1.0000E+00  1.5424E+45  1.4912E+44  1.8515E+44  1.2081E+45
  1.0590E+00  1.4964E+45  1.9499E+44  1.9286E+44  1.1086E+45
  1.1220E+00  1.4660E+45  2.4915E+44  2.0030E+44  1.0165E+45
  1.1890E+00  1.4499E+45  3.1146E+44  2.0657E+44  9.3183E+44
  1.2590E+00  1.4456E+45  3.7996E+44  2.1039E+44  8.5520E+44
  1.3340E+00  1.4495E+45  4.5355E+44  2.1183E+44  7.8411E+44
  1.4130E+00  1.4571E+45  5.2726E+44  2.1056E+44  7.1927E+44
  1.4960E+00  1.4655E+45  5.9898E+44  2.0621E+44  6.6026E+44
  1.5850E+00  1.4730E+45  6.6892E+44  1.9867E+44  6.0543E+44
  1.6790E+00  1.4752E+45  7.3237E+44  1.8753E+44  5.5530E+44
  1.7780E+00  1.4684E+45  7.8596E+44  1.7282E+44  5.0957E+44
  1.8840E+00  1.4522E+45  8.2957E+44  1.5540E+44  4.6719E+44
  1.9950E+00  1.4248E+45  8.5989E+44  1.3614E+44  4.2875E+44
  2.1130E+00  1.3866E+45  8.7695E+44  1.1630E+44  3.9333E+44
  2.2390E+00  1.3373E+45  8.7974E+44  9.6947E+43  3.6061E+44
  2.3710E+00  1.2784E+45  8.6850E+44  7.8975E+43  3.3092E+44
  2.5120E+00  1.2122E+45  8.4565E+44  6.3070E+43  3.0344E+44
  2.6610E+00  1.1399E+45  8.1212E+44  4.9456E+43  2.7832E+44
  2.8180E+00  1.0630E+45  7.6951E+44  3.8132E+43  2.5538E+44
  2.9850E+00  9.8395E+44  7.2071E+44  2.8975E+43  2.3426E+44
  3.1620E+00  9.0387E+44  6.6728E+44  2.1725E+43  2.1487E+44
  3.3500E+00  8.2645E+44  6.1329E+44  1.6127E+43  1.9704E+44
  3.5480E+00  7.5035E+44  5.5773E+44  1.1842E+43  1.8078E+44
  3.7580E+00  6.7791E+44  5.0346E+44  8.6192E+42  1.6583E+44
  3.9810E+00  6.0958E+44  4.5126E+44  6.2231E+42  1.5210E+44
  4.2170E+00  5.4584E+44  4.0187E+44  4.4617E+42  1.3951E+44
  4.4670E+00  4.8696E+44  3.5582E+44  3.1784E+42  1.2796E+44
  4.7320E+00  4.3331E+44  3.1369E+44  2.2511E+42  1.1737E+44
  5.0120E+00  3.8517E+44  2.7567E+44  1.5883E+42  1.0791E+44
  5.3090E+00  3.3861E+44  2.4148E+44  1.1058E+42  9.6024E+43
  5.6230E+00  2.9681E+44  2.1124E+44  7.6505E+41  8.4805E+43
  5.9570E+00  2.5964E+44  1.8479E+44  5.2646E+41  7.4316E+43
  6.3100E+00  2.2573E+44  1.6067E+44  3.5890E+41  6.4710E+43
  6.6830E+00  1.9732E+44  1.4107E+44  2.4484E+41  5.6014E+43
  7.0790E+00  1.7151E+44  1.2316E+44  1.6490E+41  4.8190E+43
  7.4990E+00  1.5319E+44  1.1185E+44  1.1231E+41  4.1229E+43
  7.9430E+00  1.5598E+44  1.2078E+44  8.5796E+40  3.5109E+43
  8.4140E+00  1.7588E+44  1.4605E+44  7.5227E+40  2.9752E+43
  8.9130E+00  1.8736E+44  1.6219E+44  6.6292E+40  2.5104E+43
  9.4410E+00  1.9077E+44  1.6960E+44  6.1960E+40  2.1101E+43
  1.0000E+01  1.5870E+44  1.4099E+44  4.5339E+40  1.7671E+43
  1.0590E+01  1.2673E+44  1.1195E+44  3.1218E+40  1.4758E+43
  1.1220E+01  9.7908E+43  8.5622E+43  1.9406E+40  1.2267E+43
  1.1890E+01  7.6521E+43  6.6350E+43  1.2062E+40  1.0159E+43
  1.2590E+01  6.0562E+43  5.2142E+43  7.3615E+39  8.4119E+42
  1.3340E+01  4.8845E+43  4.1908E+43  4.4671E+39  6.9319E+42
  1.4130E+01  4.1355E+43  3.5647E+43  2.7689E+39  5.7050E+42
  1.4960E+01  3.8407E+43  3.3713E+43  1.9204E+39  4.6919E+42
  1.5850E+01  3.6679E+43  3.2836E+43  1.4233E+39  3.8414E+42
  1.6790E+01  3.5363E+43  3.2221E+43  1.1045E+39  3.1409E+42
  1.7780E+01  3.3728E+43  3.1160E+43  8.7309E+38  2.5663E+42
  1.8840E+01  3.1317E+43  2.9227E+43  6.7463E+38  2.0888E+42
  1.9950E+01  2.8379E+43  2.6677E+43  4.9453E+38  1.7013E+42
  2.1130E+01  2.5795E+43  2.4412E+43  3.5135E+38  1.3827E+42
  2.2390E+01  2.3735E+43  2.2614E+43  2.5090E+38  1.1203E+42
  2.3710E+01  2.2040E+43  2.1131E+43  1.7970E+38  9.0864E+41
  2.5120E+01  2.0526E+43  1.9791E+43  1.2923E+38  7.3479E+41
  2.6610E+01  1.9099E+43  1.8505E+43  9.2641E+37  5.9383E+41
  2.8180E+01  1.7695E+43  1.7215E+43  6.6358E+37  4.7994E+41
  2.9850E+01  1.6247E+43  1.5860E+43  4.7266E+37  3.8717E+41
  3.1620E+01  1.4738E+43  1.4426E+43  3.3319E+37  3.1199E+41
  3.3500E+01  1.3175E+43  1.2924E+43  2.3208E+37  2.5106E+41
  3.5480E+01  1.1600E+43  1.1398E+43  1.5966E+37  2.0210E+41
  3.7580E+01  1.0045E+43  9.8827E+42  1.0827E+37  1.6253E+41
  3.9810E+01  8.5479E+42  8.4174E+42  7.2316E+36  1.3054E+41
  4.2170E+01  7.1609E+42  7.0561E+42  4.7608E+36  1.0479E+41
  4.4670E+01  5.9127E+42  5.8286E+42  3.0886E+36  8.4074E+40
  4.7320E+01  4.8190E+42  4.7516E+42  1.9783E+36  6.7400E+40
  5.0120E+01  3.8821E+42  3.8281E+42  1.2529E+36  5.4034E+40
  5.3090E+01  3.0925E+42  3.0493E+42  7.8489E+35  4.3282E+40
  5.6230E+01  2.4408E+42  2.4061E+42  4.8727E+35  3.4667E+40
  5.9570E+01  1.9082E+42  1.8805E+42  2.9975E+35  2.7728E+40
  6.3100E+01  1.4811E+42  1.4589E+42  1.8313E+35  2.2180E+40
  6.6830E+01  1.1421E+42  1.1243E+42  1.1122E+35  1.7744E+40
  7.0790E+01  8.7528E+41  8.6109E+41  6.7163E+34  1.4183E+40
  7.4990E+01  6.6699E+41  6.5566E+41  4.0351E+34  1.1329E+40
  7.9430E+01  5.0597E+41  4.9692E+41  2.4151E+34  9.0505E+39
  8.4140E+01  3.8213E+41  3.7491E+41  1.4397E+34  7.2256E+39
  8.9130E+01  2.8767E+41  2.8191E+41  8.5608E+33  5.7665E+39
  9.4410E+01  2.1591E+41  2.1130E+41  5.0785E+33  4.6021E+39
  1.0000E+02  1.6156E+41  1.5789E+41  3.0056E+33  3.6722E+39
  1.0590E+02  1.2071E+41  1.1778E+41  1.7777E+33  2.9317E+39
  1.1220E+02  9.0010E+40  8.7675E+40  1.0494E+33  2.3358E+39
  1.1890E+02  6.7159E+40  6.5300E+40  6.2028E+32  1.8590E+39
  1.2590E+02  5.0405E+40  4.8922E+40  3.6905E+32  1.4838E+39
  1.3340E+02  3.7941E+40  3.6760E+40  2.2058E+32  1.1811E+39
  1.4130E+02  2.8310E+40  2.7369E+40  1.3129E+32  9.4117E+38
  1.4960E+02  2.0654E+40  1.9903E+40  7.6483E+31  7.5121E+38
  1.5850E+02  1.4955E+40  1.4357E+40  4.4144E+31  5.9781E+38
  1.7780E+02  7.9193E+39  7.5399E+39  1.4863E+31  3.7942E+38
  1.9950E+02  4.2065E+39  3.9660E+39  5.0369E+30  2.4043E+38
  2.2390E+02  2.2320E+39  2.0798E+39  1.7130E+30  1.5216E+38
  2.5120E+02  1.1844E+39  1.0880E+39  5.8533E+29  9.6376E+37
  2.8180E+02  6.2820E+38  5.6715E+38  2.0095E+29  6.1043E+37
  3.1620E+02  3.3299E+38  2.9437E+38  6.9311E+28  3.8617E+37
  3.5480E+02  1.7674E+38  1.5231E+38  2.4060E+28  2.4421E+37
  3.9810E+02  9.4022E+37  7.8580E+37  8.4194E+27  1.5442E+37
  4.4670E+02  5.0188E+37  4.0428E+37  2.9718E+27  9.7603E+36
  5.0120E+02  2.6923E+37  2.0754E+37  1.0593E+27  6.1695E+36
  5.6230E+02  1.4536E+37  1.0636E+37  3.8144E+26  3.9003E+36
  6.3100E+02  7.8978E+36  5.4349E+36  1.3868E+26  2.4629E+36
  7.0790E+02  4.3320E+36  2.7753E+36  5.1002E+25  1.5568E+36
  7.9430E+02  2.3971E+36  1.4138E+36  1.8930E+25  9.8325E+35
  8.9130E+02  1.3397E+36  7.1897E+35  7.0912E+24  6.2077E+35
  1.0000E+03  7.5745E+35  3.6531E+35  2.6817E+24  3.9214E+35
