  1.0000E-03  2.4326E+43  0.0000E+00  3.9101E+42  2.0416E+43
  1.1220E-03  1.3217E+43  0.0000E+00  4.3637E+42  8.8529E+42
  1.2590E-03  8.2358E+42  0.0000E+00  4.6192E+42  3.6166E+42
  1.4130E-03  6.0850E+42  0.0000E+00  4.6707E+42  1.4144E+42
  1.5850E-03  5.2972E+42  0.0000E+00  4.6488E+42  6.4845E+41
  1.7780E-03  5.9343E+42  0.0000E+00  5.3978E+42  5.3650E+41
  1.9950E-03  5.3069E+42  0.0000E+00  5.2030E+42  1.0393E+41
  2.2390E-03  4.6582E+42  0.0000E+00  4.6277E+42  3.0479E+40
  2.5120E-03  5.5065E+42  0.0000E+00  5.4875E+42  1.9009E+40
  2.8180E-03  4.8724E+42  0.0000E+00  4.8706E+42  1.7450E+39
  3.1620E-03  4.2107E+42  0.0000E+00  4.2105E+42  2.0724E+38
  3.5480E-03  3.6030E+42  0.0000E+00  3.6030E+42  2.8062E+37
  3.9810E-03  3.0950E+42  0.0000E+00  3.0950E+42  4.6148E+36
  4.4670E-03  1.7052E+43  0.0000E+00  1.7042E+43  1.0249E+40
  5.0120E-03  1.4532E+43  0.0000E+00  1.4531E+43  7.7718E+38
  5.6230E-03  1.1917E+43  0.0000E+00  1.1917E+43  6.0339E+37
  5.9570E-03  1.0736E+43  0.0000E+00  1.0736E+43  1.7827E+37
  6.6830E-03  8.8483E+42  0.0000E+00  8.8483E+42  2.0403E+36
  7.4990E-03  7.5691E+42  0.0000E+00  7.5691E+42  3.7488E+35
  8.4140E-03  6.3125E+42  0.0000E+00  6.3125E+42  4.9099E+34
  9.4410E-03  5.3722E+42  0.0000E+00  5.3722E+42  9.7805E+33
  1.0590E-02  4.7185E+42  0.0000E+00  4.7185E+42  4.9062E+33
  1.1890E-02  4.2088E+42  0.0000E+00  4.2088E+42  7.8293E+32
  1.3340E-02  3.6464E+42  0.0000E+00  3.6464E+42  2.0244E+32
  1.4960E-02  3.1154E+42  0.0000E+00  3.1154E+42  3.5509E+31
  1.6790E-02  2.6545E+42  0.0000E+00  2.6545E+42  7.3598E+30
  1.8840E-02  2.2695E+42  0.0000E+00  2.2695E+42  1.8898E+30
  2.1130E-02  1.9591E+42  0.0000E+00  1.9591E+42  4.0237E+29
  2.3710E-02  1.6618E+42  0.0000E+00  1.6618E+42  8.0139E+28
  2.6610E-02  1.3787E+42  0.0000E+00  1.3787E+42  1.3650E+28
  2.9850E-02  1.1323E+42  0.0000E+00  1.1323E+42  2.3936E+27
  3.3500E-02  9.1859E+41  7.5342E-84  9.1859E+41  4.0723E+26
  3.7580E-02  9.4565E+41  6.4497E-71  9.4565E+41  2.7584E+26
  4.2170E-02  8.6015E+41  6.6734E-60  8.6015E+41  4.5862E+25
  4.7320E-02  4.6510E+41  6.1690E-51  4.6510E+41  5.8258E+23
  5.3090E-02  2.0634E+41  2.0545E-43  2.0634E+41  2.8547E+21
  6.6830E-02  1.1084E+40  1.1861E-34  1.1084E+40  1.7104E+12
  7.4990E-02  2.0229E+39  1.9850E-32  2.0229E+39  2.2711E+06
  8.4140E-02  2.8424E+39  1.1792E-25  2.8424E+39  6.2757E+07
  9.4410E-02  3.9476E+39  7.5544E-20  3.9476E+39  6.2182E+08
  1.0590E-01  1.5685E+40  2.0186E-12  1.5685E+40  6.9722E+12
  1.1890E-01  7.4944E+40  4.0162E-05  7.4944E+40  2.5835E+17
  1.3340E-01  2.4580E+41  2.6504E+01  2.4580E+41  5.0420E+20
  1.4960E-01  5.0613E+41  1.2135E+06  5.0613E+41  6.2131E+22
  1.5850E-01  5.4285E+41  6.9991E+07  5.4285E+41  1.4241E+23
  1.7780E-01  3.0818E+41  1.2038E+10  3.0818E+41  2.7280E+22
  1.9950E-01  4.2032E+40  4.7641E+09  4.2032E+40  3.0958E+18
  2.2390E-01  1.1268E+40  1.0683E+10  1.1268E+40  1.1987E+16
  2.3710E-01  2.9683E+40  9.9950E+12  2.9683E+40  8.7251E+18
  2.5120E-01  7.9382E+40  1.0300E+16  7.9382E+40  8.4334E+21
  2.6610E-01  1.4634E+41  1.9031E+18  1.4634E+41  8.6925E+23
  2.8180E-01  2.1512E+41  1.2259E+20  2.1512E+41  2.4339E+25
  2.9850E-01  2.8367E+41  4.2230E+21  2.8367E+41  3.3278E+26
  3.1620E-01  3.6010E+41  1.0656E+23  3.6010E+41  3.4492E+27
  3.3500E-01  4.4311E+41  2.1187E+24  4.4311E+41  2.9279E+28
  3.5480E-01  5.2584E+41  3.2468E+25  5.2584E+41  1.9741E+29
  3.7580E-01  6.1366E+41  4.5171E+26  6.1366E+41  1.2907E+30
  3.9810E-01  7.0471E+41  5.0855E+27  7.0471E+41  7.0965E+30
  4.2170E-01  8.1402E+41  5.8657E+28  8.1402E+41  4.4627E+31
  4.4670E-01  9.3679E+41  5.9568E+29  9.3679E+41  2.6108E+32
  4.7320E-01  1.0675E+42  5.5166E+30  1.0675E+42  1.4588E+33
  5.0120E-01  1.2009E+42  4.6012E+31  1.2009E+42  7.6361E+33
  5.3090E-01  1.3403E+42  3.6853E+32  1.3403E+42  4.0333E+34
  5.6230E-01  1.4752E+42  2.5068E+33  1.4752E+42  1.8448E+35
  5.9570E-01  1.6050E+42  1.5235E+34  1.6050E+42  7.7293E+35
  6.3100E-01  1.7336E+42  8.6079E+34  1.7336E+42  3.1244E+36
  6.6830E-01  1.8550E+42  4.5198E+35  1.8550E+42  1.2152E+37
  7.0790E-01  1.9752E+42  2.1818E+36  1.9751E+42  4.4665E+37
  7.4990E-01  2.0848E+42  9.3810E+36  2.0846E+42  1.4903E+38
  7.9430E-01  2.1881E+42  3.7257E+37  2.1876E+42  4.7165E+38
  8.4140E-01  2.2813E+42  1.3828E+38  2.2797E+42  1.4290E+39
  8.9130E-01  2.3722E+42  4.9739E+38  2.3674E+42  4.3174E+39
  9.4410E-01  2.4476E+42  1.6569E+39  2.4337E+42  1.2298E+40
  1.0000E+00  2.5045E+42  4.9729E+39  2.4676E+42  3.1898E+40
  1.0590E+00  2.5668E+42  1.3596E+40  2.4770E+42  7.6246E+40
  1.1220E+00  2.6667E+42  3.4572E+40  2.4612E+42  1.7092E+41
  1.1890E+00  2.8626E+42  8.2563E+40  2.4170E+42  3.6303E+41
  1.2590E+00  3.2727E+42  1.8708E+41  2.3430E+42  7.4254E+41
  1.3340E+00  4.0521E+42  3.9462E+41  2.2370E+42  1.4204E+42
  1.4130E+00  5.3771E+42  7.6284E+41  2.1059E+42  2.5084E+42
  1.4960E+00  7.4798E+42  1.3724E+42  1.9549E+42  4.1525E+42
  1.5850E+00  1.0649E+43  2.3375E+42  1.7865E+42  6.5255E+42
  1.6790E+00  1.5230E+43  3.7883E+42  1.6058E+42  9.8356E+42
  1.7780E+00  2.1521E+43  5.8517E+42  1.4168E+42  1.4252E+43
  1.8840E+00  2.9669E+43  8.6356E+42  1.2248E+42  1.9809E+43
  1.9950E+00  3.9645E+43  1.2159E+43  1.0381E+42  2.6448E+43
  2.1130E+00  5.1112E+43  1.6360E+43  8.6284E+41  3.3889E+43
  2.2390E+00  6.3505E+43  2.1064E+43  7.0435E+41  4.1737E+43
  2.3710E+00  7.6163E+43  2.6009E+43  5.6631E+41  4.9587E+43
  2.5120E+00  8.8312E+43  3.0945E+43  4.4951E+41  5.6918E+43
  2.6610E+00  9.9391E+43  3.5601E+43  3.5316E+41  6.3437E+43
  2.8180E+00  1.0899E+44  3.9760E+43  2.7509E+41  6.8955E+43
  2.9850E+00  1.1679E+44  4.3303E+43  2.1278E+41  7.3275E+43
  3.1620E+00  1.2273E+44  4.6141E+43  1.6362E+41  7.6427E+43
  3.3500E+00  1.2668E+44  4.8299E+43  1.2524E+41  7.8260E+43
  3.5480E+00  1.2902E+44  4.9745E+43  9.5472E+40  7.9180E+43
  3.7580E+00  1.2976E+44  5.0561E+43  7.2487E+40  7.9123E+43
  3.9810E+00  1.2908E+44  5.0795E+43  5.4828E+40  7.8226E+43
  4.2170E+00  1.2721E+44  5.0514E+43  4.1333E+40  7.6658E+43
  4.4670E+00  1.2438E+44  4.9800E+43  3.1053E+40  7.4549E+43
  4.7320E+00  1.2071E+44  4.8725E+43  2.3237E+40  7.1966E+43
  5.0120E+00  1.1657E+44  4.7364E+43  1.7352E+40  6.9191E+43
  5.3090E+00  1.0977E+44  4.5755E+43  1.2668E+40  6.4000E+43
  5.6230E+00  1.0242E+44  4.3978E+43  9.1724E+39  5.8430E+43
  5.9570E+00  9.4765E+43  4.2107E+43  6.5896E+39  5.2651E+43
  6.3100E+00  8.7030E+43  4.0011E+43  4.6930E+39  4.7014E+43
  6.6830E+00  7.9820E+43  3.8256E+43  3.3305E+39  4.1561E+43
  7.0790E+00  7.2799E+43  3.6344E+43  2.3361E+39  3.6453E+43
  7.4990E+00  6.5319E+43  3.4380E+43  1.6085E+39  3.0937E+43
  7.9430E+00  5.4763E+43  3.1782E+43  1.0951E+39  2.2980E+43
  8.4140E+00  4.1845E+43  2.7445E+43  7.9924E+38  1.4399E+43
  8.9130E+00  3.1833E+43  2.2922E+43  6.3725E+38  8.9097E+42
  9.4410E+00  2.4510E+43  1.8967E+43  5.7132E+38  5.5433E+42
  1.0000E+01  2.4478E+43  1.9139E+43  4.4885E+38  5.3390E+42
  1.0590E+01  2.5248E+43  1.9789E+43  3.4132E+38  5.4589E+42
  1.1220E+01  2.6277E+43  2.0597E+43  2.4205E+38  5.6798E+42
  1.1890E+01  2.6207E+43  2.0666E+43  1.7140E+38  5.5407E+42
  1.2590E+01  2.5888E+43  2.0644E+43  1.1991E+38  5.2443E+42
  1.3340E+01  2.5181E+43  2.0411E+43  8.2838E+37  4.7707E+42
  1.4130E+01  2.4208E+43  2.0076E+43  5.6624E+37  4.1320E+42
  1.4960E+01  2.2980E+43  1.9669E+43  4.0466E+37  3.3114E+42
  1.5850E+01  2.1961E+43  1.9379E+43  3.0583E+37  2.5822E+42
  1.6790E+01  2.1248E+43  1.9250E+43  2.4340E+37  1.9980E+42
  1.7780E+01  2.0952E+43  1.9380E+43  2.0139E+37  1.5718E+42
  1.8840E+01  2.1129E+43  1.9848E+43  1.6780E+37  1.2805E+42
  1.9950E+01  2.1656E+43  2.0570E+43  1.3588E+37  1.0860E+42
  2.1130E+01  2.2266E+43  2.1342E+43  1.0686E+37  9.2306E+41
  2.2390E+01  2.2833E+43  2.2057E+43  8.3836E+36  7.7571E+41
  2.3710E+01  2.3304E+43  2.2655E+43  6.5414E+36  6.4892E+41
  2.5120E+01  2.3574E+43  2.3035E+43  5.0859E+36  5.3868E+41
  2.6610E+01  2.3584E+43  2.3138E+43  3.9124E+36  4.4566E+41
  2.8180E+01  2.3270E+43  2.2902E+43  2.9848E+36  3.6768E+41
  2.9850E+01  2.2585E+43  2.2283E+43  2.2504E+36  3.0219E+41
  3.1620E+01  2.1527E+43  2.1279E+43  1.6700E+36  2.4783E+41
  3.3500E+01  2.0121E+43  1.9918E+43  1.2188E+36  2.0277E+41
  3.5480E+01  1.8441E+43  1.8275E+43  8.7463E+35  1.6580E+41
  3.7580E+01  1.6570E+43  1.6435E+43  6.1658E+35  1.3539E+41
  3.9810E+01  1.4594E+43  1.4483E+43  4.2697E+35  1.1044E+41
  4.2170E+01  1.2619E+43  1.2529E+43  2.9057E+35  9.0004E+40
  4.4670E+01  1.0725E+43  1.0652E+43  1.9433E+35  7.3264E+40
  4.7320E+01  8.9744E+42  8.9149E+42  1.2798E+35  5.9542E+40
  5.0120E+01  7.4036E+42  7.3553E+42  8.3111E+34  4.8347E+40
  5.3090E+01  6.0256E+42  5.9864E+42  5.3265E+34  3.9186E+40
  5.6230E+01  4.8475E+42  4.8158E+42  3.3749E+34  3.1727E+40
  5.9570E+01  3.8550E+42  3.8294E+42  2.1143E+34  2.5626E+40
  6.3100E+01  3.0373E+42  3.0166E+42  1.3128E+34  2.0681E+40
  6.6830E+01  2.3731E+42  2.3564E+42  8.0864E+33  1.6676E+40
  7.0790E+01  1.8397E+42  1.8263E+42  4.9438E+33  1.3424E+40
  7.4990E+01  1.4159E+42  1.4051E+42  3.0021E+33  1.0790E+40
  7.9430E+01  1.0833E+42  1.0747E+42  1.8133E+33  8.6681E+39
  8.4140E+01  8.2421E+41  8.1725E+41  1.0893E+33  6.9546E+39
  8.9130E+01  6.2433E+41  6.1875E+41  6.5187E+32  5.5744E+39
  9.4410E+01  4.7100E+41  4.6653E+41  3.8868E+32  4.4659E+39
  1.0000E+02  3.5394E+41  3.5036E+41  2.3094E+32  3.5757E+39
  1.0590E+02  2.6535E+41  2.6248E+41  1.3698E+32  2.8631E+39
  1.1220E+02  1.9837E+41  1.9609E+41  8.1013E+31  2.2871E+39
  1.1890E+02  1.4826E+41  1.4644E+41  4.7924E+31  1.8244E+39
  1.2590E+02  1.1136E+41  1.0990E+41  2.8507E+31  1.4590E+39
  1.3340E+02  8.3809E+40  8.2645E+40  1.7021E+31  1.1633E+39
  1.4130E+02  6.2536E+40  6.1607E+40  1.0115E+31  9.2843E+38
  1.4960E+02  4.5672E+40  4.4930E+40  5.8798E+30  7.4222E+38
  1.5850E+02  3.3091E+40  3.2500E+40  3.3829E+30  5.9150E+38
  1.7780E+02  1.7508E+40  1.7131E+40  1.1282E+30  3.7628E+38
  1.9950E+02  9.2701E+39  9.0313E+39  3.7729E+29  2.3887E+38
  2.2390E+02  4.8944E+39  4.7430E+39  1.2613E+29  1.5137E+38
  2.5120E+02  2.5795E+39  2.4835E+39  4.2191E+28  9.5981E+37
  2.8180E+02  1.3562E+39  1.2954E+39  1.4118E+28  6.0845E+37
  3.1620E+02  7.1111E+38  6.7260E+38  4.7245E+27  3.8518E+37
  3.5480E+02  3.7246E+38  3.4809E+38  1.5839E+27  2.4371E+37
  3.9810E+02  1.9501E+38  1.7959E+38  5.3284E+26  1.5417E+37
  4.4670E+02  1.0214E+38  9.2392E+37  1.8001E+26  9.7476E+36
  5.0120E+02  5.3589E+37  4.7426E+37  6.1174E+25  6.1631E+36
  5.6230E+02  2.8198E+37  2.4301E+37  2.0936E+25  3.8971E+36
  6.3100E+02  1.4877E+37  1.2415E+37  7.2182E+24  2.4613E+36
  7.0790E+02  7.8944E+36  6.3384E+36  2.5144E+24  1.5560E+36
  7.9430E+02  4.2112E+36  3.2284E+36  8.8406E+23  9.8284E+35
  8.9130E+02  2.2619E+36  1.6414E+36  3.1412E+23  6.2057E+35
  1.0000E+03  1.2258E+36  8.3380E+35  1.1294E+23  3.9203E+35
