  1.0000E-03  1.0391E+45  0.0000E+00  1.6253E+44  8.7662E+44
  1.1220E-03  1.1514E+45  0.0000E+00  1.6778E+44  9.8357E+44
  1.2590E-03  1.2731E+45  0.0000E+00  1.6941E+44  1.1037E+45
  1.4130E-03  1.4076E+45  0.0000E+00  1.6887E+44  1.2387E+45
  1.5850E-03  1.5624E+45  0.0000E+00  1.7299E+44  1.3894E+45
  1.7780E-03  1.7750E+45  0.0000E+00  2.1635E+44  1.5586E+45
  1.9950E-03  1.9671E+45  0.0000E+00  2.1828E+44  1.7488E+45
  2.2390E-03  2.1755E+45  0.0000E+00  2.1280E+44  1.9627E+45
  2.5120E-03  2.4740E+45  0.0000E+00  2.7200E+44  2.2020E+45
  2.8180E-03  2.7363E+45  0.0000E+00  2.6605E+44  2.4702E+45
  3.1620E-03  3.0287E+45  0.0000E+00  2.5686E+44  2.7718E+45
  3.5480E-03  3.3556E+45  0.0000E+00  2.4530E+44  3.1103E+45
  3.9810E-03  3.7212E+45  0.0000E+00  2.3140E+44  3.4898E+45
  4.4670E-03  4.4197E+45  0.0000E+00  5.0391E+44  3.9158E+45
  5.0120E-03  4.9768E+45  0.0000E+00  5.8320E+44  4.3936E+45
  5.6230E-03  5.5910E+45  0.0000E+00  6.6179E+44  4.9292E+45
  5.9570E-03  5.9222E+45  0.0000E+00  7.0018E+44  5.2220E+45
  6.6830E-03  6.6333E+45  0.0000E+00  7.7474E+44  5.8585E+45
  7.4990E-03  7.4329E+45  0.0000E+00  8.5909E+44  6.5738E+45
  8.4140E-03  8.3052E+45  0.0000E+00  9.2938E+44  7.3758E+45
  9.4410E-03  9.2759E+45  0.0000E+00  9.9976E+44  8.2761E+45
  1.0590E-02  1.0356E+46  0.0000E+00  1.0722E+45  9.2833E+45
  1.1890E-02  1.1584E+46  0.0000E+00  1.1607E+45  1.0423E+46
  1.3340E-02  1.2928E+46  0.0000E+00  1.2341E+45  1.1694E+46
  1.4960E-02  1.4422E+46  0.0000E+00  1.3083E+45  1.3114E+46
  1.6790E-02  1.6103E+46  0.0000E+00  1.3842E+45  1.4718E+46
  1.8840E-02  1.7980E+46  0.0000E+00  1.4645E+45  1.6515E+46
  2.1130E-02  2.0078E+46  0.0000E+00  1.5543E+45  1.8524E+46
  2.3710E-02  2.2430E+46  0.0000E+00  1.6453E+45  2.0785E+46
  2.6610E-02  2.5064E+46  0.0000E+00  1.7372E+45  2.3326E+46
  2.9850E-02  2.7996E+46  2.0869E-82  1.8300E+45  2.6166E+46
  3.3500E-02  3.1283E+46  1.3206E-67  1.9160E+45  2.9367E+46
  3.7580E-02  3.4982E+46  1.6609E-54  2.0397E+45  3.2942E+46
  4.2170E-02  3.9498E+46  7.1282E-43  2.5312E+45  3.6967E+46
  4.7320E-02  4.4128E+46  1.8234E-32  2.6460E+45  4.1482E+46
  5.3090E-02  4.5699E+46  3.1620E-23  2.4868E+45  4.3212E+46
  6.6830E-02  4.2976E+46  1.0057E-07  1.7081E+45  4.1268E+46
  7.4990E-02  4.1666E+46  3.0011E-01  1.3372E+45  4.0328E+46
  8.4140E-02  4.0775E+46  1.5705E+05  1.3646E+45  3.9410E+46
  9.4410E-02  3.9920E+46  1.8654E+10  1.4074E+45  3.8513E+46
  1.0590E-01  3.6664E+46  5.4399E+14  1.6090E+45  3.5055E+46
  1.1890E-01  3.1040E+46  4.6077E+18  1.5725E+45  2.9467E+46
  1.3340E-01  2.6260E+46  1.0744E+22  1.4643E+45  2.4795E+46
  1.4960E-01  2.1944E+46  1.3486E+25  1.0652E+45  2.0878E+46
  1.5850E-01  2.0009E+46  4.0325E+26  8.6425E+44  1.9145E+46
  1.7780E-01  1.6771E+46  1.9717E+29  6.5708E+44  1.6114E+46
  1.9950E-01  1.4017E+46  4.8832E+31  4.5895E+44  1.3558E+46
  2.2390E-01  1.1800E+46  5.2363E+33  3.9678E+44  1.1403E+46
  2.3710E-01  1.0921E+46  3.7124E+34  4.5628E+44  1.0464E+46
  2.5120E-01  1.0085E+46  2.2930E+35  4.8928E+44  9.5958E+45
  2.6610E-01  9.2813E+45  1.2951E+36  4.8012E+44  8.8012E+45
  2.8180E-01  8.5291E+45  6.6018E+36  4.5299E+44  8.0761E+45
  2.9850E-01  7.8321E+45  3.0426E+37  4.2420E+44  7.4079E+45
  3.1620E-01  7.1952E+45  1.2558E+38  4.0055E+44  6.7947E+45
  3.3500E-01  6.6093E+45  4.7181E+38  3.7848E+44  6.2308E+45
  3.5480E-01  6.0738E+45  1.6178E+39  3.5732E+44  5.7165E+45
  3.7580E-01  5.5822E+45  5.1187E+39  3.3803E+44  5.2442E+45
  3.9810E-01  5.1305E+45  1.4900E+40  3.2076E+44  4.8097E+45
  4.2170E-01  4.7182E+45  3.9835E+40  3.0656E+44  4.4116E+45
  4.4670E-01  4.3411E+45  9.8667E+40  2.9444E+44  4.0466E+45
  4.7320E-01  3.9947E+45  2.2960E+41  2.8298E+44  3.7115E+45
  5.0120E-01  3.6770E+45  5.0334E+41  2.7172E+44  3.4048E+45
  5.3090E-01  3.3854E+45  1.0451E+42  2.6116E+44  3.1232E+45
  5.6230E-01  3.1182E+45  2.0530E+42  2.5101E+44  2.8651E+45
  5.9570E-01  2.8726E+45  3.8414E+42  2.4124E+44  2.6276E+45
  6.3100E-01  2.6491E+45  6.8426E+42  2.3192E+44  2.4103E+45
  6.6830E-01  2.4460E+45  1.1620E+43  2.2297E+44  2.2114E+45
  7.0790E-01  2.2619E+45  1.8901E+43  2.1458E+44  2.0284E+45
  7.4990E-01  2.0963E+45  2.9491E+43  2.0635E+44  1.8605E+45
  7.9430E-01  1.9492E+45  4.4210E+43  1.9838E+44  1.7066E+45
  8.4140E-01  1.8203E+45  6.3916E+43  1.9107E+44  1.5653E+45
  8.9130E-01  1.7096E+45  8.9403E+43  1.8450E+44  1.4357E+45
  9.4410E-01  1.6167E+45  1.2098E+44  1.7874E+44  1.3170E+45
  1.0000E+00  1.5403E+45  1.5869E+44  1.7350E+44  1.2081E+45
  1.0590E+00  1.4797E+45  2.0219E+44  1.6889E+44  1.1086E+45
  1.1220E+00  1.4330E+45  2.5188E+44  1.6459E+44  1.0165E+45
  1.1890E+00  1.3993E+45  3.0718E+44  1.6029E+44  9.3183E+44
  1.2590E+00  1.3763E+45  3.6561E+44  1.5554E+44  8.5520E+44
  1.3340E+00  1.3616E+45  4.2684E+44  1.5071E+44  7.8411E+44
  1.4130E+00  1.3522E+45  4.8708E+44  1.4586E+44  7.1927E+44
  1.4960E+00  1.3458E+45  5.4492E+44  1.4066E+44  6.6026E+44
  1.5850E+00  1.3414E+45  6.0111E+44  1.3484E+44  6.0543E+44
  1.6790E+00  1.3350E+45  6.5166E+44  1.2799E+44  5.5530E+44
  1.7780E+00  1.3235E+45  6.9408E+44  1.1982E+44  5.0957E+44
  1.8840E+00  1.3068E+45  7.2923E+44  1.1042E+44  4.6719E+44
  1.9950E+00  1.2830E+45  7.5438E+44  9.9917E+43  4.2875E+44
  2.1130E+00  1.2521E+45  7.7007E+44  8.8713E+43  3.9333E+44
  2.2390E+00  1.2133E+45  7.7549E+44  7.7217E+43  3.6061E+44
  2.3710E+00  1.1671E+45  7.7033E+44  6.5870E+43  3.3092E+44
  2.5120E+00  1.1152E+45  7.5657E+44  5.5176E+43  3.0344E+44
  2.6610E+00  1.0580E+45  7.3429E+44  4.5403E+43  2.7832E+44
  2.8180E+00  9.9630E+44  7.0419E+44  3.6724E+43  2.5538E+44
  2.9850E+00  9.3199E+44  6.6847E+44  2.9251E+43  2.3426E+44
  3.1620E+00  8.6583E+44  6.2799E+44  2.2963E+43  2.1487E+44
  3.3500E+00  8.0115E+44  5.8629E+44  1.7815E+43  1.9704E+44
  3.5480E+00  7.3621E+44  5.4178E+44  1.3651E+43  1.8078E+44
  3.7580E+00  6.7345E+44  4.9726E+44  1.0351E+43  1.6583E+44
  3.9810E+00  6.1336E+44  4.5349E+44  7.7731E+42  1.5210E+44
  4.2170E+00  5.5641E+44  4.1112E+44  5.7876E+42  1.3951E+44
  4.4670E+00  5.0301E+44  3.7077E+44  4.2760E+42  1.2796E+44
  4.7320E+00  4.5376E+44  3.3326E+44  3.1368E+42  1.1737E+44
  5.0120E+00  4.0907E+44  2.9887E+44  2.2895E+42  1.0791E+44
  5.3090E+00  3.6517E+44  2.6750E+44  1.6484E+42  9.6024E+43
  5.6230E+00  3.2536E+44  2.3938E+44  1.1788E+42  8.4805E+43
  5.9570E+00  2.8963E+44  2.1447E+44  8.3811E+41  7.4316E+43
  6.3100E+00  2.5643E+44  1.9113E+44  5.9035E+41  6.4710E+43
  6.6830E+00  2.2837E+44  1.7194E+44  4.1578E+41  5.6014E+43
  7.0790E+00  2.0235E+44  1.5387E+44  2.8913E+41  4.8190E+43
  7.4990E+00  1.8508E+44  1.4365E+44  2.0204E+41  4.1229E+43
  7.9430E+00  1.9552E+44  1.6026E+44  1.5277E+41  3.5109E+43
  8.4140E+00  2.2921E+44  1.9933E+44  1.2634E+41  2.9752E+43
  8.9130E+00  2.5083E+44  2.2562E+44  1.0512E+41  2.5104E+43
  9.4410E+00  2.6034E+44  2.3915E+44  9.3618E+40  2.1101E+43
  1.0000E+01  2.1629E+44  1.9855E+44  7.1451E+40  1.7671E+43
  1.0590E+01  1.7248E+44  1.5767E+44  5.2363E+40  1.4758E+43
  1.1220E+01  1.3352E+44  1.2122E+44  3.5218E+40  1.2267E+43
  1.1890E+01  1.0514E+44  9.4960E+43  2.3498E+40  1.0159E+43
  1.2590E+01  8.4142E+43  7.5714E+43  1.5374E+40  8.4119E+42
  1.3340E+01  6.8727E+43  6.1786E+43  9.9299E+39  6.9319E+42
  1.4130E+01  5.8796E+43  5.3084E+43  6.4330E+39  5.7050E+42
  1.4960E+01  5.4835E+43  5.0138E+43  4.4989E+39  4.6919E+42
  1.5850E+01  5.2419E+43  4.8575E+43  3.3304E+39  3.8414E+42
  1.6790E+01  5.0447E+43  4.7303E+43  2.5760E+39  3.1409E+42
  1.7780E+01  4.7883E+43  4.5314E+43  2.0438E+39  2.5663E+42
  1.8840E+01  4.4069E+43  4.1979E+43  1.6075E+39  2.0888E+42
  1.9950E+01  3.9361E+43  3.7659E+43  1.2141E+39  1.7013E+42
  2.1130E+01  3.4990E+43  3.3607E+43  8.8599E+38  1.3827E+42
  2.2390E+01  3.1232E+43  3.0111E+43  6.4407E+38  1.1203E+42
  2.3710E+01  2.7938E+43  2.7029E+43  4.6573E+38  9.0864E+41
  2.5120E+01  2.4904E+43  2.4169E+43  3.3555E+38  7.3479E+41
  2.6610E+01  2.2071E+43  2.1477E+43  2.3941E+38  5.9383E+41
  2.8180E+01  1.9415E+43  1.8934E+43  1.6973E+38  4.7994E+41
  2.9850E+01  1.6886E+43  1.6498E+43  1.1912E+38  3.8717E+41
  3.1620E+01  1.4494E+43  1.4182E+43  8.2455E+37  3.1199E+41
  3.3500E+01  1.2260E+43  1.2009E+43  5.6261E+37  2.5106E+41
  3.5480E+01  1.0226E+43  1.0024E+43  3.7862E+37  2.0210E+41
  3.7580E+01  8.3996E+42  8.2370E+42  2.5091E+37  1.6253E+41
  3.9810E+01  6.7878E+42  6.6573E+42  1.6371E+37  1.3054E+41
  4.2170E+01  5.4093E+42  5.3045E+42  1.0524E+37  1.0479E+41
  4.4670E+01  4.2561E+42  4.1720E+42  6.6668E+36  8.4074E+40
  4.7320E+01  3.3114E+42  3.2440E+42  4.1694E+36  6.7400E+40
  5.0120E+01  2.5517E+42  2.4976E+42  2.5785E+36  5.4034E+40
  5.3090E+01  1.9481E+42  1.9048E+42  1.5778E+36  4.3282E+40
  5.6230E+01  1.4764E+42  1.4417E+42  9.5707E+35  3.4667E+40
  5.9570E+01  1.1104E+42  1.0827E+42  5.7542E+35  2.7728E+40
  6.3100E+01  8.3071E+41  8.0853E+41  3.4379E+35  2.2180E+40
  6.6830E+01  6.1868E+41  6.0093E+41  2.0430E+35  1.7744E+40
  7.0790E+01  4.5877E+41  4.4459E+41  1.2079E+35  1.4183E+40
  7.4990E+01  3.3887E+41  3.2754E+41  7.1096E+34  1.1329E+40
  7.9430E+01  2.4966E+41  2.4061E+41  4.1722E+34  9.0505E+39
  8.4140E+01  1.8344E+41  1.7622E+41  2.4404E+34  7.2256E+39
  8.9130E+01  1.3459E+41  1.2883E+41  1.4251E+34  5.7665E+39
  9.4410E+01  9.8626E+40  9.4024E+40  8.3092E+33  4.6021E+39
  1.0000E+02  7.2180E+40  6.8507E+40  4.8377E+33  3.6722E+39
  1.0590E+02  5.2838E+40  4.9906E+40  2.8174E+33  2.9317E+39
  1.1220E+02  3.8654E+40  3.6318E+40  1.6389E+33  2.3358E+39
  1.1890E+02  2.8333E+40  2.6474E+40  9.5523E+32  1.8590E+39
  1.2590E+02  2.0921E+40  1.9437E+40  5.6095E+32  1.4838E+39
  1.3340E+02  1.5506E+40  1.4325E+40  3.3108E+32  1.1811E+39
  1.4130E+02  1.1419E+40  1.0477E+40  1.9486E+32  9.4117E+38
  1.4960E+02  8.2502E+39  7.4990E+39  1.1246E+32  7.5121E+38
  1.5850E+02  5.9255E+39  5.3277E+39  6.4357E+31  5.9781E+38
  1.7780E+02  3.0999E+39  2.7205E+39  2.1348E+31  3.7942E+38
  1.9950E+02  1.6360E+39  1.3955E+39  7.1500E+30  2.4043E+38
  2.2390E+02  8.6786E+38  7.1571E+38  2.4111E+30  1.5216E+38
  2.5120E+02  4.6350E+38  3.6713E+38  8.1966E+29  9.6376E+37
  2.8180E+02  2.4913E+38  1.8809E+38  2.8085E+29  6.1043E+37
  3.1620E+02  1.3476E+38  9.6140E+37  9.6969E+28  3.8617E+37
  3.5480E+02  7.3497E+37  4.9076E+37  3.3788E+28  2.4421E+37
  3.9810E+02  4.0459E+37  2.5017E+37  1.1898E+28  1.5442E+37
  4.4670E+02  2.2496E+37  1.2735E+37  4.2344E+27  9.7603E+36
  5.0120E+02  1.2647E+37  6.4771E+36  1.5243E+27  6.1695E+36
  5.6230E+02  7.1924E+36  3.2921E+36  5.5493E+26  3.9003E+36
  6.3100E+02  4.1329E+36  1.6700E+36  2.0410E+26  2.4629E+36
  7.0790E+02  2.4040E+36  8.4726E+35  7.5934E+25  1.5568E+36
  7.9430E+02  1.4124E+36  4.2916E+35  2.8506E+25  9.8325E+35
  8.9130E+02  8.3791E+35  2.1714E+35  1.0793E+25  6.2077E+35
  1.0000E+03  5.0197E+35  1.0983E+35  4.1222E+24  3.9214E+35
