  1.0000E-03  9.4339E+44  0.0000E+00  6.6773E+43  8.7662E+44
  1.1220E-03  1.0345E+45  0.0000E+00  5.0951E+43  9.8357E+44
  1.2590E-03  1.1419E+45  0.0000E+00  3.8183E+43  1.1037E+45
  1.4130E-03  1.2670E+45  0.0000E+00  2.8277E+43  1.2387E+45
  1.5850E-03  1.4120E+45  0.0000E+00  2.2546E+43  1.3894E+45
  1.7780E-03  1.5847E+45  0.0000E+00  2.6138E+43  1.5586E+45
  1.9950E-03  1.7662E+45  0.0000E+00  1.7408E+43  1.7488E+45
  2.2390E-03  1.9751E+45  0.0000E+00  1.2358E+43  1.9627E+45
  2.5120E-03  2.2168E+45  0.0000E+00  1.4837E+43  2.2020E+45
  2.8180E-03  2.4793E+45  0.0000E+00  9.0494E+42  2.4702E+45
  3.1620E-03  2.7778E+45  0.0000E+00  5.9220E+42  2.7718E+45
  3.5480E-03  3.1143E+45  0.0000E+00  4.0444E+42  3.1103E+45
  3.9810E-03  3.4927E+45  0.0000E+00  2.9000E+42  3.4898E+45
  4.4670E-03  3.9471E+45  0.0000E+00  3.1278E+43  3.9158E+45
  5.0120E-03  4.4103E+45  0.0000E+00  1.6689E+43  4.3936E+45
  5.6230E-03  4.9392E+45  0.0000E+00  9.9099E+42  4.9292E+45
  5.9570E-03  5.2300E+45  0.0000E+00  7.9625E+42  5.2220E+45
  6.6830E-03  5.8641E+45  0.0000E+00  5.6171E+42  5.8585E+45
  7.4990E-03  6.5783E+45  0.0000E+00  4.4994E+42  6.5738E+45
  8.4140E-03  7.3793E+45  0.0000E+00  3.4413E+42  7.3758E+45
  9.4410E-03  8.2789E+45  0.0000E+00  2.8489E+42  8.2761E+45
  1.0590E-02  9.2860E+45  0.0000E+00  2.6801E+42  9.2833E+45
  1.1890E-02  1.0425E+46  0.0000E+00  2.3372E+42  1.0423E+46
  1.3340E-02  1.1696E+46  0.0000E+00  2.0992E+42  1.1694E+46
  1.4960E-02  1.3116E+46  0.0000E+00  1.8517E+42  1.3114E+46
  1.6790E-02  1.4720E+46  0.0000E+00  1.6876E+42  1.4718E+46
  1.8840E-02  1.6517E+46  0.0000E+00  1.5934E+42  1.6515E+46
  2.1130E-02  1.8525E+46  0.0000E+00  1.5397E+42  1.8524E+46
  2.3710E-02  2.0786E+46  0.0000E+00  1.5011E+42  2.0785E+46
  2.6610E-02  2.3328E+46  0.0000E+00  1.4787E+42  2.3326E+46
  2.9850E-02  2.6168E+46  0.0000E+00  1.4898E+42  2.6166E+46
  3.3500E-02  2.9368E+46  0.0000E+00  1.5263E+42  2.9367E+46
  3.7580E-02  3.2944E+46  0.0000E+00  1.6410E+42  3.2942E+46
  4.2170E-02  3.6969E+46  3.9823E-83  1.8850E+42  3.6967E+46
  4.7320E-02  4.1484E+46  1.0674E-68  2.0025E+42  4.1482E+46
  5.3090E-02  4.3214E+46  6.9222E-56  2.0476E+42  4.3212E+46
  6.6830E-02  4.1270E+46  2.2028E-34  2.0097E+42  4.1268E+46
  7.4990E-02  4.0330E+46  2.3105E-25  1.9286E+42  4.0328E+46
  8.4140E-02  3.9412E+46  2.4838E-17  1.8202E+42  3.9410E+46
  9.4410E-02  3.8514E+46  3.4049E-10  1.7652E+42  3.8513E+46
  1.0590E-01  3.5057E+46  7.5529E-04  1.6111E+42  3.5055E+46
  1.1890E-01  2.9469E+46  3.3277E+02  1.2783E+42  2.9467E+46
  1.3340E-01  2.4797E+46  2.3690E+07  1.0418E+42  2.4795E+46
  1.4960E-01  2.0879E+46  4.7310E+11  8.2732E+41  2.0878E+46
  1.5850E-01  1.9146E+46  5.0467E+13  7.6321E+41  1.9145E+46
  1.7780E-01  1.6115E+46  2.7838E+17  7.0755E+41  1.6114E+46
  1.9950E-01  1.3559E+46  6.2887E+20  6.3680E+41  1.3558E+46
  2.2390E-01  1.1404E+46  5.9605E+23  5.8352E+41  1.1403E+46
  2.3710E-01  1.0465E+46  1.2676E+25  5.6118E+41  1.0464E+46
  2.5120E-01  9.5964E+45  2.0900E+26  5.3135E+41  9.5958E+45
  2.6610E-01  8.8017E+45  2.8088E+27  5.0717E+41  8.8012E+45
  2.8180E-01  8.0766E+45  3.1881E+28  4.9144E+41  8.0761E+45
  2.9850E-01  7.4084E+45  3.1193E+29  4.8592E+41  7.4079E+45
  3.1620E-01  6.7951E+45  2.6109E+30  4.9485E+41  6.7947E+45
  3.3500E-01  6.2313E+45  1.9082E+31  5.1716E+41  6.2308E+45
  3.5480E-01  5.7170E+45  1.2217E+32  5.4949E+41  5.7165E+45
  3.7580E-01  5.2448E+45  7.0148E+32  6.0046E+41  5.2442E+45
  3.9810E-01  4.8104E+45  3.6017E+33  6.6387E+41  4.8097E+45
  4.2170E-01  4.4124E+45  1.6572E+34  7.6444E+41  4.4116E+45
  4.4670E-01  4.0475E+45  6.8909E+34  8.9664E+41  4.0466E+45
  4.7320E-01  3.7125E+45  2.6340E+35  1.0662E+42  3.7115E+45
  5.0120E-01  3.4061E+45  9.2852E+35  1.2760E+42  3.4048E+45
  5.3090E-01  3.1247E+45  3.0533E+36  1.5507E+42  3.1232E+45
  5.6230E-01  2.8670E+45  9.3331E+36  1.8667E+42  2.8651E+45
  5.9570E-01  2.6298E+45  2.6876E+37  2.2364E+42  2.6276E+45
  6.3100E-01  2.4130E+45  7.3086E+37  2.6849E+42  2.4103E+45
  6.6830E-01  2.2146E+45  1.8920E+38  3.2244E+42  2.2114E+45
  7.0790E-01  2.0323E+45  4.7215E+38  3.8639E+42  2.0284E+45
  7.4990E-01  1.8650E+45  1.1415E+39  4.5755E+42  1.8605E+45
  7.9430E-01  1.7120E+45  2.7006E+39  5.3883E+42  1.7066E+45
  8.4140E-01  1.5716E+45  6.3207E+39  6.3217E+42  1.5653E+45
  8.9130E-01  1.4432E+45  1.4832E+40  7.4464E+42  1.4357E+45
  9.4410E-01  1.3257E+45  3.4454E+40  8.7127E+42  1.3170E+45
  1.0000E+00  1.2182E+45  7.7985E+40  1.0035E+43  1.2081E+45
  1.0590E+00  1.1202E+45  1.7090E+41  1.1410E+43  1.1086E+45
  1.1220E+00  1.0297E+45  3.6463E+41  1.2829E+43  1.0165E+45
  1.1890E+00  9.4686E+44  7.5479E+41  1.4280E+43  9.3183E+44
  1.2590E+00  8.7251E+44  1.5073E+42  1.5798E+43  8.5520E+44
  1.3340E+00  8.0429E+44  2.8923E+42  1.7288E+43  7.8411E+44
  1.4130E+00  7.4322E+44  5.2370E+42  1.8709E+43  7.1927E+44
  1.4960E+00  6.8934E+44  8.9995E+42  2.0084E+43  6.6026E+44
  1.5850E+00  6.4173E+44  1.4876E+43  2.1417E+43  6.0543E+44
  1.6790E+00  6.0166E+44  2.3594E+43  2.2757E+43  5.5530E+44
  1.7780E+00  5.6954E+44  3.5910E+43  2.4061E+43  5.0957E+44
  1.8840E+00  5.4512E+44  5.2697E+43  2.5236E+43  4.6719E+44
  1.9950E+00  5.2908E+44  7.4140E+43  2.6196E+43  4.2875E+44
  2.1130E+00  5.2047E+44  1.0031E+44  2.6838E+43  3.9333E+44
  2.2390E+00  5.1824E+44  1.3055E+44  2.7081E+43  3.6061E+44
  2.3710E+00  5.2099E+44  1.6323E+44  2.6849E+43  3.3092E+44
  2.5120E+00  5.2656E+44  1.9697E+44  2.6147E+43  3.0344E+44
  2.6610E+00  5.3296E+44  2.2964E+44  2.4998E+43  2.7832E+44
  2.8180E+00  5.3798E+44  2.5914E+44  2.3456E+43  2.5538E+44
  2.9850E+00  5.3998E+44  2.8411E+44  2.1611E+43  2.3426E+44
  3.1620E+00  5.3770E+44  3.0327E+44  1.9569E+43  2.1487E+44
  3.3500E+00  5.3084E+44  3.1641E+44  1.7393E+43  1.9704E+44
  3.5480E+00  5.1828E+44  3.2229E+44  1.5212E+43  1.8078E+44
  3.7580E+00  5.0077E+44  3.2185E+44  1.3082E+43  1.6583E+44
  3.9810E+00  4.7887E+44  3.1570E+44  1.1070E+43  1.5210E+44
  4.2170E+00  4.5324E+44  3.0451E+44  9.2211E+42  1.3951E+44
  4.4670E+00  4.2486E+44  2.8933E+44  7.5659E+42  1.2796E+44
  4.7320E+00  3.9506E+44  2.7158E+44  6.1126E+42  1.1737E+44
  5.0120E+00  3.6508E+44  2.5230E+44  4.8710E+42  1.0791E+44
  5.3090E+00  3.3212E+44  2.3231E+44  3.7922E+42  9.6024E+43
  5.6230E+00  3.0022E+44  2.1251E+44  2.9056E+42  8.4805E+43
  5.9570E+00  2.7003E+44  1.9353E+44  2.1924E+42  7.4316E+43
  6.3100E+00  2.4086E+44  1.7452E+44  1.6305E+42  6.4710E+43
  6.6830E+00  2.1475E+44  1.5753E+44  1.1985E+42  5.6014E+43
  7.0790E+00  1.9002E+44  1.4097E+44  8.6632E+41  4.8190E+43
  7.4990E+00  1.7509E+44  1.3326E+44  6.0391E+41  4.1229E+43
  7.9430E+00  1.9146E+44  1.5597E+44  3.7874E+41  3.5109E+43
  8.4140E+00  2.2145E+44  1.9148E+44  2.1639E+41  2.9752E+43
  8.9130E+00  2.2724E+44  2.0200E+44  1.3391E+41  2.5104E+43
  9.4410E+00  2.1760E+44  1.9640E+44  9.5182E+40  2.1101E+43
  1.0000E+01  1.8525E+44  1.6750E+44  8.0248E+40  1.7671E+43
  1.0590E+01  1.5303E+44  1.3821E+44  6.9129E+40  1.4758E+43
  1.1220E+01  1.2191E+44  1.0958E+44  5.7380E+40  1.2267E+43
  1.1890E+01  9.6804E+43  8.6599E+43  4.5970E+40  1.0159E+43
  1.2590E+01  7.6770E+43  6.8323E+43  3.5603E+40  8.4119E+42
  1.3340E+01  6.1496E+43  5.4538E+43  2.6394E+40  6.9319E+42
  1.4130E+01  5.1679E+43  4.5955E+43  1.8472E+40  5.7050E+42
  1.4960E+01  4.8220E+43  4.3516E+43  1.2537E+40  4.6919E+42
  1.5850E+01  4.6353E+43  4.2502E+43  8.7819E+39  3.8414E+42
  1.6790E+01  4.4950E+43  4.1803E+43  6.4403E+39  3.1409E+42
  1.7780E+01  4.3142E+43  4.0571E+43  5.0103E+39  2.5663E+42
  1.8840E+01  4.0468E+43  3.8375E+43  4.0963E+39  2.0888E+42
  1.9950E+01  3.7189E+43  3.5485E+43  3.4025E+39  1.7013E+42
  2.1130E+01  3.4354E+43  3.2969E+43  2.7715E+39  1.3827E+42
  2.2390E+01  3.2235E+43  3.1113E+43  2.2474E+39  1.1203E+42
  2.3710E+01  3.0638E+43  2.9728E+43  1.8141E+39  9.0864E+41
  2.5120E+01  2.9382E+43  2.8646E+43  1.4636E+39  7.3479E+41
  2.6610E+01  2.8321E+43  2.7726E+43  1.1741E+39  5.9383E+41
  2.8180E+01  2.7374E+43  2.6893E+43  9.3909E+38  4.7994E+41
  2.9850E+01  2.6444E+43  2.6056E+43  7.4730E+38  3.8717E+41
  3.1620E+01  2.5453E+43  2.5140E+43  5.8971E+38  3.1199E+41
  3.3500E+01  2.4375E+43  2.4123E+43  4.6120E+38  2.5106E+41
  3.5480E+01  2.3204E+43  2.3002E+43  3.5728E+38  2.0210E+41
  3.7580E+01  2.1923E+43  2.1760E+43  2.7389E+38  1.6253E+41
  3.9810E+01  2.0502E+43  2.0372E+43  2.0760E+38  1.3054E+41
  4.2170E+01  1.8996E+43  1.8891E+43  1.5542E+38  1.0479E+41
  4.4670E+01  1.7438E+43  1.7354E+43  1.1478E+38  8.4074E+40
  4.7320E+01  1.5867E+43  1.5799E+43  8.3701E+37  6.7400E+40
  5.0120E+01  1.4307E+43  1.4253E+43  6.0275E+37  5.4034E+40
  5.3090E+01  1.2782E+43  1.2738E+43  4.2873E+37  4.3282E+40
  5.6230E+01  1.1318E+43  1.1284E+43  3.0140E+37  3.4667E+40
  5.9570E+01  9.9275E+42  9.8998E+42  2.0938E+37  2.7728E+40
  6.3100E+01  8.6311E+42  8.6089E+42  1.4391E+37  2.2180E+40
  6.6830E+01  7.4371E+42  7.4194E+42  9.7889E+36  1.7744E+40
  7.0790E+01  6.3537E+42  6.3395E+42  6.5935E+36  1.4183E+40
  7.4990E+01  5.3795E+42  5.3681E+42  4.3982E+36  1.1329E+40
  7.9430E+01  4.5164E+42  4.5073E+42  2.9082E+36  9.0505E+39
  8.4140E+01  3.7603E+42  3.7530E+42  1.9059E+36  7.2256E+39
  8.9130E+01  3.1073E+42  3.1015E+42  1.2396E+36  5.7665E+39
  9.4410E+01  2.5478E+42  2.5432E+42  8.0007E+35  4.6021E+39
  1.0000E+02  2.0732E+42  2.0695E+42  5.1251E+35  3.6722E+39
  1.0590E+02  1.6759E+42  1.6730E+42  3.2630E+35  2.9317E+39
  1.1220E+02  1.3463E+42  1.3439E+42  2.0638E+35  2.3358E+39
  1.1890E+02  1.0766E+42  1.0747E+42  1.2999E+35  1.8590E+39
  1.2590E+02  8.6016E+41  8.5867E+41  8.1860E+34  1.4838E+39
  1.3340E+02  6.8594E+41  6.8476E+41  5.1539E+34  1.1811E+39
  1.4130E+02  5.4092E+41  5.3998E+41  3.2215E+34  9.4117E+38
  1.4960E+02  4.1733E+41  4.1658E+41  1.9686E+34  7.5121E+38
  1.5850E+02  3.1876E+41  3.1816E+41  1.1880E+34  5.9781E+38
  1.7780E+02  1.8516E+41  1.8478E+41  4.3044E+33  3.7942E+38
  1.9950E+02  1.0620E+41  1.0596E+41  1.5422E+33  2.4043E+38
  2.2390E+02  6.0046E+40  5.9894E+40  5.4557E+32  1.5216E+38
  2.5120E+02  3.3531E+40  3.3434E+40  1.9086E+32  9.6376E+37
  2.8180E+02  1.8501E+40  1.8440E+40  6.6057E+31  6.1043E+37
  3.1620E+02  1.0093E+40  1.0054E+40  2.2626E+31  3.8617E+37
  3.5480E+02  5.4555E+39  5.4311E+39  7.6837E+30  2.4421E+37
  3.9810E+02  2.9244E+39  2.9090E+39  2.5905E+30  1.5442E+37
  4.4670E+02  1.5561E+39  1.5464E+39  8.6764E+29  9.7603E+36
  5.0120E+02  8.2305E+38  8.1688E+38  2.8908E+29  6.1695E+36
  5.6230E+02  4.3312E+38  4.2922E+38  9.5877E+28  3.9003E+36
  6.3100E+02  2.2666E+38  2.2420E+38  3.1657E+28  2.4629E+36
  7.0790E+02  1.1826E+38  1.1670E+38  1.0430E+28  1.5568E+36
  7.9430E+02  6.1444E+37  6.0461E+37  3.4254E+27  9.8325E+35
  8.9130E+02  3.1826E+37  3.1205E+37  1.1227E+27  6.2077E+35
  1.0000E+03  1.6455E+37  1.6063E+37  3.6781E+26  3.9214E+35
