  1.0000E-03  2.3772E+44  0.0000E+00  9.4159E+43  1.4356E+44
  1.1220E-03  1.8524E+44  0.0000E+00  8.3511E+43  1.0173E+44
  1.2590E-03  1.3854E+44  0.0000E+00  6.8675E+43  6.9863E+43
  1.4130E-03  9.9952E+43  0.0000E+00  5.3130E+43  4.6822E+43
  1.5850E-03  7.6293E+43  0.0000E+00  4.2676E+43  3.3617E+43
  1.7780E-03  8.2407E+43  0.0000E+00  5.0798E+43  3.1609E+43
  1.9950E-03  4.8145E+43  0.0000E+00  3.3152E+43  1.4993E+43
  2.2390E-03  3.0292E+43  0.0000E+00  2.1700E+43  8.5918E+42
  2.5120E-03  3.4147E+43  0.0000E+00  2.7166E+43  6.9807E+42
  2.8180E-03  1.7599E+43  0.0000E+00  1.5289E+43  2.3097E+42
  3.1620E-03  9.8730E+42  0.0000E+00  9.0091E+42  8.6395E+41
  3.5480E-03  5.8218E+42  0.0000E+00  5.4771E+42  3.4469E+41
  3.9810E-03  3.6258E+42  0.0000E+00  3.4744E+42  1.5142E+41
  4.4670E-03  6.2631E+43  0.0000E+00  5.3774E+43  8.8569E+42
  5.0120E-03  3.5924E+43  0.0000E+00  3.3334E+43  2.5897E+42
  5.6230E-03  2.1803E+43  0.0000E+00  2.1040E+43  7.6314E+41
  5.9570E-03  1.7393E+43  0.0000E+00  1.6967E+43  4.2621E+41
  6.6830E-03  1.1813E+43  0.0000E+00  1.1661E+43  1.5199E+41
  7.4990E-03  9.0439E+42  0.0000E+00  8.9759E+42  6.8003E+40
  8.4140E-03  6.4920E+42  0.0000E+00  6.4659E+42  2.6086E+40
  9.4410E-03  4.9312E+42  0.0000E+00  4.9189E+42  1.2231E+40
  1.0590E-02  4.0586E+42  0.0000E+00  4.0497E+42  8.8573E+39
  1.1890E-02  3.4447E+42  0.0000E+00  3.4410E+42  3.7560E+39
  1.3340E-02  2.7680E+42  0.0000E+00  2.7660E+42  1.9967E+39
  1.4960E-02  2.1937E+42  0.0000E+00  2.1928E+42  8.8403E+38
  1.6790E-02  1.7432E+42  0.0000E+00  1.7428E+42  4.2331E+38
  1.8840E-02  1.4053E+42  0.0000E+00  1.4051E+42  2.2396E+38
  2.1130E-02  1.1718E+42  0.0000E+00  1.1717E+42  1.0846E+38
  2.3710E-02  9.5390E+41  0.0000E+00  9.5384E+41  5.0851E+37
  2.6610E-02  7.5809E+41  0.0000E+00  7.5807E+41  2.2091E+37
  2.9850E-02  6.0139E+41  0.0000E+00  6.0138E+41  9.6927E+36
  3.3500E-02  4.7251E+41  3.8394E-77  4.7251E+41  4.1826E+36
  3.7580E-02  4.6228E+41  3.7585E-64  4.6227E+41  3.6731E+36
  4.2170E-02  4.7574E+41  6.1909E-53  4.7574E+41  1.5669E+36
  4.7320E-02  2.7439E+41  1.6725E-43  2.7439E+41  1.7839E+35
  5.3090E-02  1.3113E+41  1.9946E-35  1.3113E+41  1.2113E+34
  6.6830E-02  7.9174E+39  1.8022E-24  7.9174E+39  2.6852E+29
  7.4990E-02  1.2133E+39  6.6014E-21  1.2133E+39  2.6760E+26
  8.4140E-02  1.7900E+39  1.8051E-14  1.7900E+39  1.4985E+27
  9.4410E-02  2.5086E+39  6.7217E-09  2.5086E+39  4.9954E+27
  1.0590E-01  9.5109E+39  2.0533E-02  9.5109E+39  5.9856E+29
  1.1890E-01  3.5019E+40  3.6665E+04  3.5019E+40  1.2580E+32
  1.3340E-01  9.1082E+40  4.4779E+09  9.1082E+40  5.8507E+33
  1.4960E-01  1.4145E+41  7.1830E+13  1.4145E+41  6.7275E+34
  1.5850E-01  1.4589E+41  3.3732E+15  1.4589E+41  9.8726E+34
  1.7780E-01  1.0586E+41  7.1628E+17  1.0586E+41  3.4815E+34
  1.9950E-01  2.1589E+40  1.8048E+18  2.1589E+40  2.5750E+32
  2.2390E-01  8.0257E+39  1.1607E+19  8.0257E+39  1.1770E+31
  2.3710E-01  2.1572E+40  2.2267E+21  2.1572E+40  3.1598E+32
  2.5120E-01  5.6419E+40  4.3902E+23  5.6419E+40  9.8025E+33
  2.6610E-01  1.0168E+41  2.6109E+25  1.0168E+41  9.7332E+34
  2.8180E-01  1.4756E+41  7.2975E+26  1.4756E+41  4.9580E+35
  2.9850E-01  1.9460E+41  1.2909E+28  1.9460E+41  1.7554E+36
  3.1620E-01  2.5129E+41  1.7803E+29  2.5128E+41  5.3964E+36
  3.3500E-01  3.1784E+41  2.0201E+30  3.1783E+41  1.4981E+37
  3.5480E-01  3.8981E+41  1.8604E+31  3.8977E+41  3.7024E+37
  3.7580E-01  4.7669E+41  1.5499E+32  4.7660E+41  8.9642E+37
  3.9810E-01  5.7656E+41  1.0917E+33  5.7636E+41  1.9955E+38
  4.2170E-01  7.1492E+41  7.5190E+33  7.1445E+41  4.7284E+38
  4.4670E-01  8.9388E+41  4.6299E+34  8.9280E+41  1.0825E+39
  4.7320E-01  1.1181E+42  2.6143E+35  1.1157E+42  2.4209E+39
  5.0120E-01  1.3930E+42  1.3450E+36  1.3877E+42  5.2391E+39
  5.3090E-01  1.7505E+42  6.5693E+36  1.7391E+42  1.1362E+40
  5.6230E-01  2.1827E+42  2.8304E+37  2.1597E+42  2.2989E+40
  5.9570E-01  2.7149E+42  1.1128E+38  2.6702E+42  4.4554E+40
  6.3100E-01  3.3968E+42  4.0897E+38  3.3116E+42  8.4845E+40
  6.6830E-01  4.2737E+42  1.4049E+39  4.1138E+42  1.5846E+41
  7.0790E-01  5.4272E+42  4.4983E+39  5.1345E+42  2.8819E+41
  7.4990E-01  6.8858E+42  1.3185E+40  6.3719E+42  5.0065E+41
  7.9430E-01  8.8020E+42  3.6185E+40  7.9170E+42  8.4885E+41
  8.4140E-01  1.1374E+43  9.3706E+40  9.8710E+42  1.4096E+42
  8.9130E-01  1.5041E+43  2.3433E+41  1.2466E+43  2.3400E+42
  9.4410E-01  2.0071E+43  5.5017E+41  1.5747E+43  3.7747E+42
  1.0000E+00  2.6672E+43  1.1944E+42  1.9663E+43  5.8144E+42
  1.0590E+00  3.5360E+43  2.4178E+42  2.4331E+43  8.6110E+42
  1.1220E+00  4.6835E+43  4.6350E+42  2.9836E+43  1.2364E+43
  1.1890E+00  6.1921E+43  8.4653E+42  3.6156E+43  1.7299E+43
  1.2590E+00  8.1772E+43  1.4794E+43  4.3189E+43  2.3789E+43
  1.3340E+00  1.0667E+44  2.4523E+43  5.0518E+43  3.1631E+43
  1.4130E+00  1.3612E+44  3.8158E+43  5.7545E+43  4.0415E+43
  1.4960E+00  1.7018E+44  5.6328E+43  6.3846E+43  5.0011E+43
  1.5850E+00  2.0920E+44  7.9893E+43  6.9043E+43  6.0263E+43
  1.6790E+00  2.5280E+44  1.0906E+44  7.2611E+43  7.1132E+43
  1.7780E+00  2.9977E+44  1.4342E+44  7.4001E+43  8.2344E+43
  1.8840E+00  3.4857E+44  1.8229E+44  7.2974E+43  9.3305E+43
  1.9950E+00  3.9673E+44  2.2357E+44  6.9512E+43  1.0365E+44
  2.1130E+00  4.4186E+44  2.6511E+44  6.4002E+43  1.1275E+44
  2.2390E+00  4.8129E+44  3.0411E+44  5.7008E+43  1.2017E+44
  2.3710E+00  5.1289E+44  3.3785E+44  4.9219E+43  1.2582E+44
  2.5120E+00  5.3550E+44  3.6477E+44  4.1342E+43  1.2939E+44
  2.6610E+00  5.4833E+44  3.8337E+44  3.3868E+43  1.3110E+44
  2.8180E+00  5.5134E+44  3.9305E+44  2.7125E+43  1.3117E+44
  2.9850E+00  5.4536E+44  3.9435E+44  2.1301E+43  1.2971E+44
  3.1620E+00  5.3134E+44  3.8785E+44  1.6436E+43  1.2705E+44
  3.3500E+00  5.1131E+44  3.7553E+44  1.2504E+43  1.2327E+44
  3.5480E+00  4.8604E+44  3.5776E+44  9.3846E+42  1.1890E+44
  3.7580E+00  4.5734E+44  3.3644E+44  6.9622E+42  1.1394E+44
  3.9810E+00  4.2637E+44  3.1267E+44  5.1121E+42  1.0859E+44
  4.2170E+00  3.9432E+44  2.8757E+44  3.7204E+42  1.0302E+44
  4.4670E+00  3.6213E+44  2.6208E+44  2.6860E+42  9.7362E+43
  4.7320E+00  3.3062E+44  2.3703E+44  1.9248E+42  9.1665E+43
  5.0120E+00  3.0066E+44  2.1306E+44  1.3721E+42  8.6229E+43
  5.3090E+00  2.6960E+44  1.9037E+44  9.6330E+41  7.8267E+43
  5.6230E+00  2.4039E+44  1.6941E+44  6.7097E+41  7.0312E+43
  5.9570E+00  2.1333E+44  1.5036E+44  4.6408E+41  6.2509E+43
  6.3100E+00  1.8793E+44  1.3247E+44  3.1775E+41  5.5144E+43
  6.6830E+00  1.6613E+44  1.1766E+44  2.1747E+41  4.8253E+43
  7.0790E+00  1.4592E+44  1.0384E+44  1.4687E+41  4.1929E+43
  7.4990E+00  1.2953E+44  9.3664E+43  9.9123E+40  3.5768E+43
  7.9430E+00  1.2198E+44  9.3318E+43  7.1339E+40  2.8594E+43
  8.4140E+00  1.1886E+44  9.7748E+43  5.6513E+40  2.1054E+43
  8.9130E+00  1.1151E+44  9.6089E+43  4.5797E+40  1.5375E+43
  9.4410E+00  1.0192E+44  9.0651E+43  3.9975E+40  1.1233E+43
  1.0000E+01  9.0588E+43  8.0511E+43  3.0314E+40  1.0047E+43
  1.0590E+01  7.9116E+43  6.9867E+43  2.1935E+40  9.2270E+42
  1.1220E+01  6.7460E+43  5.8924E+43  1.4417E+40  8.5212E+42
  1.1890E+01  5.6722E+43  4.9092E+43  9.3383E+39  7.6210E+42
  1.2590E+01  4.7688E+43  4.0964E+43  5.8979E+39  6.7189E+42
  1.3340E+01  4.0183E+43  3.4379E+43  3.6675E+39  5.7997E+42
  1.4130E+01  3.4754E+43  2.9862E+43  2.2963E+39  4.8892E+42
  1.4960E+01  3.1949E+43  2.7975E+43  1.5746E+39  3.9729E+42
  1.5850E+01  2.9978E+43  2.6797E+43  1.1478E+39  3.1796E+42
  1.6790E+01  2.8367E+43  2.5833E+43  8.7546E+38  2.5335E+42
  1.7780E+01  2.6683E+43  2.4648E+43  6.8244E+38  2.0336E+42
  1.8840E+01  2.4613E+43  2.2957E+43  5.2274E+38  1.6558E+42
  1.9950E+01  2.2233E+43  2.0858E+43  3.8107E+38  1.3743E+42
  2.1130E+01  2.0013E+43  1.8872E+43  2.6825E+38  1.1404E+42
  2.2390E+01  1.8074E+43  1.7134E+43  1.8874E+38  9.3976E+41
  2.3710E+01  1.6358E+43  1.5585E+43  1.3259E+38  7.7320E+41
  2.5120E+01  1.4755E+43  1.4122E+43  9.3140E+37  6.3287E+41
  2.6610E+01  1.3236E+43  1.2719E+43  6.5011E+37  5.1703E+41
  2.8180E+01  1.1784E+43  1.1362E+43  4.5239E+37  4.2187E+41
  2.9850E+01  1.0371E+43  1.0028E+43  3.1248E+37  3.4329E+41
  3.1620E+01  9.0052E+42  8.7263E+42  2.1339E+37  2.7891E+41
  3.3500E+01  7.7009E+42  7.4747E+42  1.4391E+37  2.2620E+41
  3.5480E+01  6.4880E+42  6.3046E+42  9.5886E+36  1.8345E+41
  3.7580E+01  5.3792E+42  5.2306E+42  6.2992E+36  1.4861E+41
  3.9810E+01  4.3856E+42  4.2653E+42  4.0783E+36  1.2026E+41
  4.2170E+01  3.5241E+42  3.4269E+42  2.6045E+36  9.7249E+40
  4.4670E+01  2.7948E+42  2.7162E+42  1.6407E+36  7.8574E+40
  4.7320E+01  2.1909E+42  2.1274E+42  1.0214E+36  6.3413E+40
  5.0120E+01  1.7004E+42  1.6493E+42  6.2953E+35  5.1156E+40
  5.3090E+01  1.3073E+42  1.2660E+42  3.8431E+35  4.1214E+40
  5.6230E+01  9.9748E+41  9.6430E+41  2.3282E+35  3.3186E+40
  5.9570E+01  7.5519E+41  7.2852E+41  1.3995E+35  2.6671E+40
  6.3100E+01  5.6867E+41  5.4724E+41  8.3683E+34  2.1428E+40
  6.6830E+01  4.2624E+41  4.0903E+41  4.9822E+34  1.7209E+40
  7.0790E+01  3.1808E+41  3.0427E+41  2.9538E+34  1.3803E+40
  7.4990E+01  2.3643E+41  2.2537E+41  1.7452E+34  1.1060E+40
  7.9430E+01  1.7526E+41  1.6640E+41  1.0290E+34  8.8599E+39
  8.4140E+01  1.2957E+41  1.2248E+41  6.0530E+33  7.0906E+39
  8.9130E+01  9.5644E+40  8.9973E+40  3.5576E+33  5.6710E+39
  9.4410E+01  7.0509E+40  6.5975E+40  2.0897E+33  4.5344E+39
  1.0000E+02  5.1912E+40  4.8287E+40  1.2268E+33  3.6243E+39
  1.0590E+02  3.8227E+40  3.5330E+40  7.2101E+32  2.8976E+39
  1.1220E+02  2.8133E+40  2.5822E+40  4.2357E+32  2.3116E+39
  1.1890E+02  2.0745E+40  1.8903E+40  2.4945E+32  1.8419E+39
  1.2590E+02  1.5410E+40  1.3939E+40  1.4806E+32  1.4715E+39
  1.3340E+02  1.1491E+40  1.0318E+40  8.8322E+31  1.1723E+39
  1.4130E+02  8.5109E+39  7.5761E+39  5.2620E+31  9.3486E+38
  1.4960E+02  6.1839E+39  5.4372E+39  3.0847E+31  7.4676E+38
  1.5850E+02  4.4673E+39  3.8726E+39  1.7961E+31  5.9469E+38
  1.7780E+02  2.3655E+39  1.9877E+39  6.1818E+30  3.7787E+38
  1.9950E+02  1.2644E+39  1.0247E+39  2.1551E+30  2.3966E+38
  2.2390E+02  6.7972E+38  5.2795E+38  7.5912E+29  1.5177E+38
  2.5120E+02  3.6812E+38  2.7194E+38  2.7044E+29  9.6181E+37
  2.8180E+02  2.0079E+38  1.3984E+38  9.7381E+28  6.0945E+37
  3.1620E+02  1.1029E+38  7.1722E+37  3.5399E+28  3.8568E+37
  3.5480E+02  6.1118E+37  3.6722E+37  1.2997E+28  2.4396E+37
  3.9810E+02  3.4200E+37  1.8770E+37  4.8214E+27  1.5429E+37
  4.4670E+02  1.9333E+37  9.5788E+36  1.8052E+27  9.7540E+36
  5.0120E+02  1.1049E+37  4.8823E+36  6.8205E+26  6.1663E+36
  5.6230E+02  6.3850E+36  2.4863E+36  2.5978E+26  3.8987E+36
  6.3100E+02  3.7256E+36  1.2634E+36  9.9574E+25  2.4621E+36
  7.0790E+02  2.1984E+36  6.4200E+35  3.8449E+25  1.5564E+36
  7.9430E+02  1.3087E+36  3.2565E+35  1.4915E+25  9.8305E+35
  8.9130E+02  7.8564E+35  1.6497E+35  5.8111E+24  6.2067E+35
  1.0000E+03  4.7562E+35  8.3539E+34  2.2745E+24  3.9208E+35
