  1.0000E-03  8.7727E+44  0.0000E+00  6.5175E+41  8.7662E+44
  1.1220E-03  9.8437E+44  0.0000E+00  7.9686E+41  9.8357E+44
  1.2590E-03  1.1046E+45  0.0000E+00  9.1764E+41  1.1037E+45
  1.4130E-03  1.2397E+45  0.0000E+00  1.0028E+42  1.2387E+45
  1.5850E-03  1.3905E+45  0.0000E+00  1.0500E+42  1.3894E+45
  1.7780E-03  1.5598E+45  0.0000E+00  1.1737E+42  1.5586E+45
  1.9950E-03  1.7501E+45  0.0000E+00  1.2558E+42  1.7488E+45
  2.2390E-03  1.9639E+45  0.0000E+00  1.2082E+42  1.9627E+45
  2.5120E-03  2.2034E+45  0.0000E+00  1.3549E+42  2.2020E+45
  2.8180E-03  2.4716E+45  0.0000E+00  1.3897E+42  2.4702E+45
  3.1620E-03  2.7732E+45  0.0000E+00  1.3729E+42  2.7718E+45
  3.5480E-03  3.1116E+45  0.0000E+00  1.3344E+42  3.1103E+45
  3.9810E-03  3.4911E+45  0.0000E+00  1.2816E+42  3.4898E+45
  4.4670E-03  3.9224E+45  0.0000E+00  6.5948E+42  3.9158E+45
  5.0120E-03  4.3997E+45  0.0000E+00  6.1528E+42  4.3936E+45
  5.6230E-03  4.9349E+45  0.0000E+00  5.6451E+42  4.9292E+45
  5.9570E-03  5.2275E+45  0.0000E+00  5.4396E+42  5.2220E+45
  6.6830E-03  5.8637E+45  0.0000E+00  5.2013E+42  5.8585E+45
  7.4990E-03  6.5790E+45  0.0000E+00  5.1454E+42  6.5738E+45
  8.4140E-03  7.3811E+45  0.0000E+00  5.2496E+42  7.3758E+45
  9.4410E-03  8.2815E+45  0.0000E+00  5.4372E+42  8.2761E+45
  1.0590E-02  9.2889E+45  0.0000E+00  5.6517E+42  9.2833E+45
  1.1890E-02  1.0429E+46  0.0000E+00  6.1197E+42  1.0423E+46
  1.3340E-02  1.1701E+46  0.0000E+00  6.5807E+42  1.1694E+46
  1.4960E-02  1.3121E+46  0.0000E+00  7.1553E+42  1.3114E+46
  1.6790E-02  1.4726E+46  0.0000E+00  7.8191E+42  1.4718E+46
  1.8840E-02  1.6524E+46  0.0000E+00  8.5833E+42  1.6515E+46
  2.1130E-02  1.8533E+46  0.0000E+00  9.4793E+42  1.8524E+46
  2.3710E-02  2.0795E+46  0.0000E+00  1.0507E+43  2.0785E+46
  2.6610E-02  2.3338E+46  0.0000E+00  1.1684E+43  2.3326E+46
  2.9850E-02  2.6179E+46  1.2274E-82  1.3004E+43  2.6166E+46
  3.3500E-02  2.9381E+46  7.7776E-68  1.4431E+43  2.9367E+46
  3.7580E-02  3.2958E+46  9.7580E-55  1.5579E+43  3.2942E+46
  4.2170E-02  3.6987E+46  4.2033E-43  2.0087E+43  3.6967E+46
  4.7320E-02  4.1506E+46  1.0872E-32  2.4003E+43  4.1482E+46
  5.3090E-02  4.3239E+46  1.9141E-23  2.6320E+43  4.3212E+46
  6.6830E-02  4.1297E+46  6.5091E-08  2.9232E+43  4.1268E+46
  7.4990E-02  4.0359E+46  2.0657E-01  3.1118E+43  4.0328E+46
  8.4140E-02  3.9439E+46  1.0886E+05  2.9043E+43  3.9410E+46
  9.4410E-02  3.8540E+46  1.3131E+10  2.7799E+43  3.8513E+46
  1.0590E-01  3.5080E+46  3.8204E+14  2.4272E+43  3.5055E+46
  1.1890E-01  2.9485E+46  3.0714E+18  1.7483E+43  2.9467E+46
  1.3340E-01  2.4808E+46  6.6710E+21  1.2824E+43  2.4795E+46
  1.4960E-01  2.0887E+46  7.9916E+24  8.1006E+42  2.0878E+46
  1.5850E-01  1.9152E+46  2.3733E+26  6.4500E+42  1.9145E+46
  1.7780E-01  1.6120E+46  1.1875E+29  5.2178E+42  1.6114E+46
  1.9950E-01  1.3563E+46  3.1836E+31  5.2372E+42  1.3558E+46
  2.2390E-01  1.1409E+46  3.6832E+33  5.7180E+42  1.1403E+46
  2.3710E-01  1.0470E+46  2.5365E+34  5.4885E+42  1.0464E+46
  2.5120E-01  9.6007E+45  1.5079E+35  4.8444E+42  9.5958E+45
  2.6610E-01  8.8054E+45  8.2978E+35  4.1603E+42  8.8012E+45
  2.8180E-01  8.0796E+45  4.1575E+36  3.5749E+42  8.0761E+45
  2.9850E-01  7.4110E+45  1.8913E+37  3.1082E+42  7.4079E+45
  3.1620E-01  6.7974E+45  7.7200E+37  2.7437E+42  6.7947E+45
  3.3500E-01  6.2333E+45  2.8733E+38  2.4374E+42  6.2308E+45
  3.5480E-01  5.7187E+45  9.7772E+38  2.1793E+42  5.7165E+45
  3.7580E-01  5.2461E+45  3.0736E+39  1.9590E+42  5.2442E+45
  3.9810E-01  4.8115E+45  8.8925E+39  1.7732E+42  4.8097E+45
  4.2170E-01  4.4133E+45  2.3631E+40  1.6153E+42  4.4116E+45
  4.4670E-01  4.0482E+45  5.8174E+40  1.4815E+42  4.0466E+45
  4.7320E-01  3.7130E+45  1.3454E+41  1.3635E+42  3.7115E+45
  5.0120E-01  3.4063E+45  2.9309E+41  1.2582E+42  3.4048E+45
  5.3090E-01  3.1250E+45  6.0448E+41  1.1641E+42  3.1232E+45
  5.6230E-01  2.8674E+45  1.1788E+42  1.0821E+42  2.8651E+45
  5.9570E-01  2.6308E+45  2.1880E+42  1.0100E+42  2.6276E+45
  6.3100E-01  2.4151E+45  3.8621E+42  9.4595E+41  2.4103E+45
  6.6830E-01  2.2188E+45  6.4915E+42  8.8883E+41  2.2114E+45
  7.0790E-01  2.0397E+45  1.0434E+43  8.3960E+41  2.0284E+45
  7.4990E-01  1.8773E+45  1.6059E+43  7.9712E+41  1.8605E+45
  7.9430E-01  1.7311E+45  2.3701E+43  7.6062E+41  1.7066E+45
  8.4140E-01  1.5997E+45  3.3661E+43  7.2976E+41  1.5653E+45
  8.9130E-01  1.4826E+45  4.6129E+43  7.0302E+41  1.4357E+45
  9.4410E-01  1.3787E+45  6.1006E+43  6.7876E+41  1.3170E+45
  1.0000E+00  1.2868E+45  7.8012E+43  6.5460E+41  1.2081E+45
  1.0590E+00  1.2059E+45  9.6644E+43  6.3004E+41  1.1086E+45
  1.1220E+00  1.1338E+45  1.1667E+44  6.0310E+41  1.0165E+45
  1.1890E+00  1.0698E+45  1.3742E+44  5.7178E+41  9.3183E+44
  1.2590E+00  1.0132E+45  1.5747E+44  5.3411E+41  8.5520E+44
  1.3340E+00  9.6094E+44  1.7634E+44  4.9184E+41  7.8411E+44
  1.4130E+00  9.1219E+44  1.9248E+44  4.4689E+41  7.1927E+44
  1.4960E+00  8.6605E+44  2.0539E+44  4.0005E+41  6.6026E+44
  1.5850E+00  8.2113E+44  2.1534E+44  3.5192E+41  6.0543E+44
  1.6790E+00  7.7680E+44  2.2119E+44  3.0341E+41  5.5530E+44
  1.7780E+00  7.3241E+44  2.2258E+44  2.5576E+41  5.0957E+44
  1.8840E+00  6.8758E+44  2.2019E+44  2.1062E+41  4.6719E+44
  1.9950E+00  6.4297E+44  2.1405E+44  1.6957E+41  4.2875E+44
  2.1130E+00  5.9833E+44  2.0487E+44  1.3360E+41  3.9333E+44
  2.2390E+00  5.5372E+44  1.9301E+44  1.0315E+41  3.6061E+44
  2.3710E+00  5.1024E+44  1.7925E+44  7.8303E+40  3.3092E+44
  2.5120E+00  4.6791E+44  1.6441E+44  5.8594E+40  3.0344E+44
  2.6610E+00  4.2735E+44  1.4899E+44  4.3342E+40  2.7832E+44
  2.8180E+00  3.8888E+44  1.3347E+44  3.1753E+40  2.5538E+44
  2.9850E+00  3.5272E+44  1.1843E+44  2.3085E+40  2.3426E+44
  3.1620E+00  3.1901E+44  1.0413E+44  1.6683E+40  2.1487E+44
  3.3500E+00  2.8824E+44  9.1189E+43  1.2014E+40  1.9704E+44
  3.5480E+00  2.6010E+44  7.9319E+43  8.6261E+39  1.8078E+44
  3.7580E+00  2.3463E+44  6.8785E+43  6.1803E+39  1.6583E+44
  3.9810E+00  2.1161E+44  5.9510E+43  4.4217E+39  1.5210E+44
  4.2170E+00  1.9095E+44  5.1432E+43  3.1619E+39  1.3951E+44
  4.4670E+00  1.7241E+44  4.4450E+43  2.2602E+39  1.2796E+44
  4.7320E+00  1.5582E+44  3.8454E+43  1.6145E+39  1.1737E+44
  5.0120E+00  1.4124E+44  3.3329E+43  1.1555E+39  1.0791E+44
  5.3090E+00  1.2493E+44  2.8910E+43  8.0588E+38  9.6024E+43
  5.6230E+00  1.0992E+44  2.5119E+43  5.5792E+38  8.4805E+43
  5.9570E+00  9.6187E+43  2.1871E+43  3.8334E+38  7.4316E+43
  6.3100E+00  8.3657E+43  1.8947E+43  2.6122E+38  6.4710E+43
  6.6830E+00  7.2664E+43  1.6650E+43  1.7705E+38  5.6014E+43
  7.0790E+00  6.2733E+43  1.4543E+43  1.1857E+38  4.8190E+43
  7.4990E+00  5.4041E+43  1.2812E+43  7.8401E+37  4.1229E+43
  7.9430E+00  4.7012E+43  1.1902E+43  5.2532E+37  3.5109E+43
  8.4140E+00  4.1693E+43  1.1941E+43  3.8061E+37  2.9752E+43
  8.9130E+00  3.7276E+43  1.2172E+43  2.9476E+37  2.5104E+43
  9.4410E+00  3.3564E+43  1.2463E+43  2.5322E+37  2.1101E+43
  1.0000E+01  2.8576E+43  1.0906E+43  1.8411E+37  1.7671E+43
  1.0590E+01  2.3920E+43  9.1621E+42  1.2809E+37  1.4758E+43
  1.1220E+01  1.9715E+43  7.4481E+42  8.2097E+36  1.2267E+43
  1.1890E+01  1.6190E+43  6.0303E+42  5.2606E+36  1.0159E+43
  1.2590E+01  1.3318E+43  4.9064E+42  3.3090E+36  8.4119E+42
  1.3340E+01  1.0942E+43  4.0098E+42  2.0504E+36  6.9319E+42
  1.4130E+01  9.0975E+42  3.3926E+42  1.2615E+36  5.7050E+42
  1.4960E+01  7.8274E+42  3.1354E+42  8.1847E+35  4.6919E+42
  1.5850E+01  6.8276E+42  2.9861E+42  5.5815E+35  3.8414E+42
  1.6790E+01  6.0120E+42  2.8712E+42  3.9798E+35  3.1409E+42
  1.7780E+01  5.2761E+42  2.7097E+42  2.9139E+35  2.5663E+42
  1.8840E+01  4.5335E+42  2.4447E+42  2.1054E+35  2.0888E+42
  1.9950E+01  3.8039E+42  2.1025E+42  1.4537E+35  1.7013E+42
  2.1130E+01  3.1669E+42  1.7842E+42  9.6807E+34  1.3827E+42
  2.2390E+01  2.6365E+42  1.5162E+42  6.4199E+34  1.1203E+42
  2.3710E+01  2.1983E+42  1.2896E+42  4.2449E+34  9.0864E+41
  2.5120E+01  1.8272E+42  1.0924E+42  2.8045E+34  7.3479E+41
  2.6610E+01  1.5139E+42  9.2008E+41  1.8436E+34  5.9383E+41
  2.8180E+01  1.2501E+42  7.7016E+41  1.2119E+34  4.7994E+41
  2.9850E+01  1.0254E+42  6.3826E+41  7.9400E+33  3.8717E+41
  3.1620E+01  8.3480E+41  5.2281E+41  5.1714E+33  3.1199E+41
  3.3500E+01  6.7381E+41  4.2275E+41  3.3481E+33  2.5106E+41
  3.5480E+01  5.3992E+41  3.3782E+41  2.1576E+33  2.0210E+41
  3.7580E+01  4.2881E+41  2.6628E+41  1.3812E+33  1.6253E+41
  3.9810E+01  3.3730E+41  2.0676E+41  8.7821E+32  1.3054E+41
  4.2170E+01  2.6338E+41  1.5859E+41  5.5502E+32  1.0479E+41
  4.4670E+01  2.0437E+41  1.2030E+41  3.4857E+32  8.4074E+40
  4.7320E+01  1.5779E+41  9.0386E+40  2.1786E+32  6.7400E+40
  5.0120E+01  1.2142E+41  6.7381E+40  1.3572E+32  5.4034E+40
  5.3090E+01  9.3132E+40  4.9850E+40  8.4295E+31  4.3282E+40
  5.6230E+01  7.1341E+40  3.6674E+40  5.2273E+31  3.4667E+40
  5.9570E+01  5.4540E+40  2.6812E+40  3.2344E+31  2.7728E+40
  6.3100E+01  4.1710E+40  1.9529E+40  2.0013E+31  2.2180E+40
  6.6830E+01  3.1925E+40  1.4180E+40  1.2389E+31  1.7744E+40
  7.0790E+01  2.4448E+40  1.0265E+40  7.6690E+30  1.4183E+40
  7.4990E+01  1.8739E+40  7.4094E+39  4.7491E+30  1.1329E+40
  7.9430E+01  1.4391E+40  5.3402E+39  2.9450E+30  9.0505E+39
  8.4140E+01  1.1068E+40  3.8421E+39  1.8272E+30  7.2256E+39
  8.9130E+01  8.5291E+39  2.7625E+39  1.1351E+30  5.7665E+39
  9.4410E+01  6.5873E+39  1.9852E+39  7.0615E+29  4.6021E+39
  1.0000E+02  5.0978E+39  1.4256E+39  4.3980E+29  3.6722E+39
  1.0590E+02  3.9562E+39  1.0246E+39  2.7448E+29  2.9317E+39
  1.1220E+02  3.0720E+39  7.3621E+38  1.7115E+29  2.3358E+39
  1.1890E+02  2.3893E+39  5.3028E+38  1.0679E+29  1.8590E+39
  1.2590E+02  1.8689E+39  3.8506E+38  6.6940E+28  1.4838E+39
  1.3340E+02  1.4619E+39  2.8079E+38  4.1977E+28  1.1811E+39
  1.4130E+02  1.1446E+39  2.0340E+38  2.6444E+28  9.4117E+38
  1.4960E+02  8.9556E+38  1.4435E+38  1.6643E+28  7.5121E+38
  1.5850E+02  6.9953E+38  1.0172E+38  1.0421E+28  5.9781E+38
  1.7780E+02  4.3058E+38  5.1157E+37  4.1028E+27  3.7942E+38
  1.9950E+02  2.6632E+38  2.5888E+37  1.6185E+27  2.4043E+38
  2.2390E+02  1.6528E+38  1.3119E+37  6.3958E+26  1.5216E+38
  2.5120E+02  1.0303E+38  6.6592E+36  2.5348E+26  9.6376E+37
  2.8180E+02  6.4424E+37  3.3805E+36  1.0064E+26  6.1043E+37
  3.1620E+02  4.0331E+37  1.7139E+36  3.9959E+25  3.8617E+37
  3.5480E+02  2.5290E+37  8.6866E+35  1.5873E+25  2.4421E+37
  3.9810E+02  1.5882E+37  4.4004E+35  6.3114E+24  1.5442E+37
  4.4670E+02  9.9830E+36  2.2277E+35  2.5102E+24  9.7603E+36
  5.0120E+02  6.2822E+36  1.1274E+35  9.9900E+23  6.1695E+36
  5.6230E+02  3.9574E+36  5.7054E+34  3.9772E+23  3.9003E+36
  6.3100E+02  2.4918E+36  2.8831E+34  1.5824E+23  2.4629E+36
  7.0790E+02  1.5714E+36  1.4577E+34  6.3042E+22  1.5568E+36
  7.9430E+02  9.9061E+35  7.3617E+33  2.5098E+22  9.8325E+35
  8.9130E+02  6.2449E+35  3.7147E+33  9.9904E+21  6.2077E+35
  1.0000E+03  3.9401E+35  1.8745E+33  3.9798E+21  3.9214E+35
