  1.0000E-03  6.8728E+44  0.0000E+00  6.0049E+42  6.8127E+44
  1.1220E-03  7.2430E+44  0.0000E+00  7.4176E+42  7.1688E+44
  1.2590E-03  7.5967E+44  0.0000E+00  8.7087E+42  7.5096E+44
  1.4130E-03  7.9373E+44  0.0000E+00  9.8013E+42  7.8393E+44
  1.5850E-03  8.3620E+44  0.0000E+00  1.0802E+43  8.2540E+44
  1.7780E-03  9.1485E+44  0.0000E+00  1.3393E+43  9.0145E+44
  1.9950E-03  9.1115E+44  0.0000E+00  1.5058E+43  8.9609E+44
  2.2390E-03  9.2950E+44  0.0000E+00  1.5458E+43  9.1405E+44
  2.5120E-03  9.9750E+44  0.0000E+00  1.9949E+43  9.7755E+44
  2.8180E-03  9.4541E+44  0.0000E+00  2.1435E+43  9.2397E+44
  3.1620E-03  9.1060E+44  0.0000E+00  2.2106E+43  8.8849E+44
  3.5480E-03  8.8450E+44  0.0000E+00  2.2328E+43  8.6217E+44
  3.9810E-03  8.7032E+44  0.0000E+00  2.2259E+43  8.4806E+44
  4.4670E-03  1.7328E+45  0.0000E+00  4.5721E+43  1.6871E+45
  5.0120E-03  1.6151E+45  0.0000E+00  5.1098E+43  1.5640E+45
  5.6230E-03  1.5058E+45  0.0000E+00  5.4696E+43  1.4511E+45
  5.9570E-03  1.4594E+45  0.0000E+00  5.5977E+43  1.4035E+45
  6.6830E-03  1.3955E+45  0.0000E+00  5.8022E+43  1.3375E+45
  7.4990E-03  1.3762E+45  0.0000E+00  6.0462E+43  1.3157E+45
  8.4140E-03  1.3294E+45  0.0000E+00  6.1897E+43  1.2675E+45
  9.4410E-03  1.3188E+45  0.0000E+00  6.3077E+43  1.2557E+45
  1.0590E-02  1.3841E+45  0.0000E+00  6.3667E+43  1.3204E+45
  1.1890E-02  1.3588E+45  0.0000E+00  6.7638E+43  1.2912E+45
  1.3340E-02  1.3705E+45  0.0000E+00  6.8880E+43  1.3016E+45
  1.4960E-02  1.3493E+45  0.0000E+00  7.0291E+43  1.2790E+45
  1.6790E-02  1.3424E+45  0.0000E+00  7.1167E+43  1.2712E+45
  1.8840E-02  1.3524E+45  0.0000E+00  7.1756E+43  1.2807E+45
  2.1130E-02  1.3474E+45  0.0000E+00  7.3377E+43  1.2741E+45
  2.3710E-02  1.3364E+45  0.0000E+00  7.4217E+43  1.2622E+45
  2.6610E-02  1.3116E+45  0.0000E+00  7.4320E+43  1.2373E+45
  2.9850E-02  1.2878E+45  6.7780E-84  7.3967E+43  1.2138E+45
  3.3500E-02  1.2614E+45  3.7712E-69  7.3111E+43  1.1883E+45
  3.7580E-02  1.3663E+45  4.5697E-56  7.8242E+43  1.2881E+45
  4.2170E-02  1.3443E+45  1.7269E-44  8.5581E+43  1.2588E+45
  4.7320E-02  1.0917E+45  3.2895E-34  7.4488E+43  1.0172E+45
  5.3090E-02  7.7344E+44  4.0241E-25  5.7030E+43  7.1641E+44
  6.6830E-02  1.6689E+44  3.2857E-10  1.7417E+43  1.4947E+44
  7.4990E-02  6.1694E+43  4.1645E-04  7.2953E+42  5.4398E+43
  8.4140E-02  7.7225E+43  2.7388E+02  8.7500E+42  6.8475E+43
  9.4410E-02  9.0269E+43  3.8355E+07  1.0227E+43  8.0041E+43
  1.0590E-01  1.6556E+44  2.0869E+12  1.8095E+43  1.4746E+44
  1.1890E-01  3.0460E+44  3.4775E+16  2.9699E+43  2.7490E+44
  1.3340E-01  4.5387E+44  1.2960E+20  4.0928E+43  4.1294E+44
  1.4960E-01  5.5370E+44  2.1812E+23  4.5378E+43  5.0833E+44
  1.5850E-01  5.4249E+44  6.8770E+24  4.3744E+43  4.9874E+44
  1.7780E-01  4.0123E+44  3.0881E+27  3.3575E+43  3.6766E+44
  1.9950E-01  1.6980E+44  4.4543E+29  1.4927E+43  1.5487E+44
  2.2390E-01  9.3199E+43  3.4961E+31  8.3929E+42  8.4806E+43
  2.3710E-01  1.3799E+44  3.7907E+32  1.1938E+43  1.2605E+44
  2.5120E-01  2.0766E+44  3.6322E+33  1.6507E+43  1.9115E+44
  2.6610E-01  2.6572E+44  2.7657E+34  1.9444E+43  2.4628E+44
  2.8180E-01  3.0928E+44  1.7530E+35  2.0900E+43  2.8838E+44
  2.9850E-01  3.4205E+44  9.6058E+35  2.1581E+43  3.2046E+44
  3.1620E-01  3.7099E+44  4.6344E+36  2.2026E+43  3.4896E+44
  3.3500E-01  3.9663E+44  2.0110E+37  2.2226E+43  3.7441E+44
  3.5480E-01  4.1737E+44  7.8529E+37  2.2127E+43  3.9524E+44
  3.7580E-01  4.3773E+44  2.8274E+38  2.1878E+43  4.1585E+44
  3.9810E-01  4.5387E+44  9.2643E+38  2.1528E+43  4.3234E+44
  4.2170E-01  4.7456E+44  2.8160E+39  2.1194E+43  4.5336E+44
  4.4670E-01  4.9403E+44  7.8972E+39  2.0861E+43  4.7316E+44
  4.7320E-01  5.1259E+44  2.0761E+40  2.0436E+43  4.9213E+44
  5.0120E-01  5.2951E+44  5.1228E+40  1.9900E+43  5.0956E+44
  5.3090E-01  5.4704E+44  1.1991E+41  1.9283E+43  5.2764E+44
  5.6230E-01  5.6001E+44  2.6306E+41  1.8608E+43  5.4113E+44
  5.9570E-01  5.6991E+44  5.4668E+41  1.7876E+43  5.5148E+44
  6.3100E-01  5.7895E+44  1.0793E+42  1.7107E+43  5.6077E+44
  6.6830E-01  5.8701E+44  2.0268E+42  1.6295E+43  5.6869E+44
  7.0790E-01  5.9365E+44  3.6314E+42  1.5488E+43  5.7453E+44
  7.4990E-01  5.9759E+44  6.1993E+42  1.4673E+43  5.7672E+44
  7.9430E-01  6.0105E+44  1.0128E+43  1.3857E+43  5.7706E+44
  8.4140E-01  6.0465E+44  1.5907E+43  1.3046E+43  5.7570E+44
  8.9130E-01  6.1076E+44  2.4159E+43  1.2241E+43  5.7436E+44
  9.4410E-01  6.1755E+44  3.5336E+43  1.1449E+43  5.7076E+44
  1.0000E+00  6.2393E+44  4.9735E+43  1.0668E+43  5.6353E+44
  1.0590E+00  6.3096E+44  6.7557E+43  9.9202E+42  5.5348E+44
  1.1220E+00  6.3939E+44  8.9239E+43  9.1869E+42  5.4097E+44
  1.1890E+00  6.5000E+44  1.1486E+44  8.4543E+42  5.2669E+44
  1.2590E+00  6.6356E+44  1.4377E+44  7.7038E+42  5.1209E+44
  1.3340E+00  6.7759E+44  1.7551E+44  6.9632E+42  4.9511E+44
  1.4130E+00  6.9053E+44  2.0809E+44  6.2567E+42  4.7619E+44
  1.4960E+00  7.0235E+44  2.4059E+44  5.5765E+42  4.5618E+44
  1.5850E+00  7.1299E+44  2.7310E+44  4.9147E+42  4.3497E+44
  1.6790E+00  7.2149E+44  3.0360E+44  4.2675E+42  4.1362E+44
  1.7780E+00  7.2658E+44  3.3054E+44  3.6386E+42  3.9240E+44
  1.8840E+00  7.2773E+44  3.5385E+44  3.0428E+42  3.7084E+44
  1.9950E+00  7.2415E+44  3.7188E+44  2.4942E+42  3.4978E+44
  2.1130E+00  7.1539E+44  3.8457E+44  2.0053E+42  3.2882E+44
  2.2390E+00  7.0095E+44  3.9132E+44  1.5826E+42  3.0805E+44
  2.3710E+00  6.8122E+44  3.9191E+44  1.2284E+42  2.8808E+44
  2.5120E+00  6.5681E+44  3.8732E+44  9.4018E+41  2.6855E+44
  2.6610E+00  6.2824E+44  3.7767E+44  7.1075E+41  2.4986E+44
  2.8180E+00  5.9608E+44  3.6341E+44  5.3121E+41  2.3213E+44
  2.9850E+00  5.6139E+44  3.4575E+44  3.9325E+41  2.1525E+44
  3.1620E+00  5.2481E+44  3.2523E+44  2.8857E+41  1.9930E+44
  3.3500E+00  4.8819E+44  3.0374E+44  2.1056E+41  1.8424E+44
  3.5480E+00  4.5095E+44  2.8054E+44  1.5251E+41  1.7026E+44
  3.7580E+00  4.1439E+44  2.5712E+44  1.0984E+41  1.5717E+44
  3.9810E+00  3.7893E+44  2.3391E+44  7.8704E+40  1.4494E+44
  4.2170E+00  3.4494E+44  2.1129E+44  5.6141E+40  1.3359E+44
  4.4670E+00  3.1271E+44  1.8961E+44  3.9876E+40  1.2306E+44
  4.7320E+00  2.8267E+44  1.6934E+44  2.8218E+40  1.1330E+44
  5.0120E+00  2.5522E+44  1.5069E+44  1.9938E+40  1.0451E+44
  5.3090E+00  2.2690E+44  1.3362E+44  1.3856E+40  9.3264E+43
  5.6230E+00  2.0090E+44  1.1832E+44  9.5731E+39  8.2570E+43
  5.9570E+00  1.7731E+44  1.0480E+44  6.5812E+39  7.2508E+43
  6.3100E+00  1.5541E+44  9.2155E+43  4.4837E+39  6.3255E+43
  6.6830E+00  1.3662E+44  8.1781E+43  3.0517E+39  5.4840E+43
  7.0790E+00  1.1932E+44  7.2067E+43  2.0506E+39  4.7248E+43
  7.4990E+00  1.0786E+44  6.7450E+43  1.4111E+39  4.0410E+43
  7.9430E+00  1.1529E+44  8.1174E+43  1.1559E+39  3.4116E+43
  8.4140E+00  1.3955E+44  1.1119E+44  1.1470E+39  2.8360E+43
  8.9130E+00  1.5677E+44  1.3331E+44  1.1262E+39  2.3460E+43
  9.4410E+00  1.6640E+44  1.4706E+44  1.1567E+39  1.9344E+43
  1.0000E+01  1.3727E+44  1.2092E+44  8.1126E+38  1.6347E+43
  1.0590E+01  1.0738E+44  9.3547E+43  5.2262E+38  1.3832E+43
  1.1220E+01  8.0186E+43  6.8520E+43  2.9890E+38  1.1665E+43
  1.1890E+01  6.0622E+43  5.0859E+43  1.7341E+38  9.7633E+42
  1.2590E+01  4.6054E+43  3.7900E+43  9.8798E+37  8.1542E+42
  1.3340E+01  3.5547E+43  2.8784E+43  5.6285E+37  6.7625E+42
  1.4130E+01  2.9014E+43  2.3430E+43  3.3327E+37  5.5840E+42
  1.4960E+01  2.6740E+43  2.2155E+43  2.3009E+37  4.5849E+42
  1.5850E+01  2.5457E+43  2.1715E+43  1.7113E+37  3.7421E+42
  1.6790E+01  2.4376E+43  2.1327E+43  1.3297E+37  3.0488E+42
  1.7780E+01  2.2783E+43  2.0298E+43  1.0369E+37  2.4851E+42
  1.8840E+01  2.0280E+43  1.8257E+43  7.7018E+36  2.0227E+42
  1.9950E+01  1.7216E+43  1.5564E+43  5.2849E+36  1.6518E+42
  2.1130E+01  1.4495E+43  1.3148E+43  3.4801E+36  1.3462E+42
  2.2390E+01  1.2297E+43  1.1204E+43  2.2989E+36  1.0933E+42
  2.3710E+01  1.0501E+43  9.6125E+42  1.5214E+36  8.8847E+41
  2.5120E+01  8.9772E+42  8.2575E+42  1.0107E+36  7.1967E+41
  2.6610E+01  7.6630E+42  7.0805E+42  6.6939E+35  5.8247E+41
  2.8180E+01  6.5231E+42  6.0518E+42  4.4401E+35  4.7137E+41
  2.9850E+01  5.5134E+42  5.1327E+42  2.9363E+35  3.8071E+41
  3.1620E+01  4.6154E+42  4.3082E+42  1.9276E+35  3.0712E+41
  3.3500E+01  3.8199E+42  3.5725E+42  1.2552E+35  2.4741E+41
  3.5480E+01  3.1270E+42  2.9277E+42  8.1118E+34  1.9937E+41
  3.7580E+01  2.5265E+42  2.3660E+42  5.1873E+34  1.6049E+41
  3.9810E+01  2.0118E+42  1.8827E+42  3.2778E+34  1.2904E+41
  4.2170E+01  1.5824E+42  1.4787E+42  2.0489E+34  1.0370E+41
  4.4670E+01  1.2309E+42  1.1476E+42  1.2667E+34  8.3276E+40
  4.7320E+01  9.4828E+41  8.8145E+41  7.7599E+33  6.6823E+40
  5.0120E+01  7.2468E+41  6.7106E+41  4.7182E+33  5.3618E+40
  5.3090E+01  5.4953E+41  5.0655E+41  2.8488E+33  4.2984E+40
  5.6230E+01  4.1431E+41  3.7986E+41  1.7112E+33  3.4454E+40
  5.9570E+01  3.1042E+41  2.8284E+41  1.0222E+33  2.7576E+40
  6.3100E+01  2.3169E+41  2.0962E+41  6.0883E+32  2.2073E+40
  6.6830E+01  1.7239E+41  1.5472E+41  3.6188E+32  1.7668E+40
  7.0790E+01  1.2789E+41  1.1376E+41  2.1466E+32  1.4129E+40
  7.4990E+01  9.4630E+40  8.3339E+40  1.2716E+32  1.1291E+40
  7.9430E+01  6.9934E+40  6.0910E+40  7.5333E+31  9.0233E+39
  8.4140E+01  5.1614E+40  4.4407E+40  4.4614E+31  7.2064E+39
  8.9130E+01  3.8084E+40  3.2331E+40  2.6449E+31  5.7529E+39
  9.4410E+01  2.8101E+40  2.3508E+40  1.5699E+31  4.5925E+39
  1.0000E+02  2.0735E+40  1.7070E+40  9.3303E+30  3.6654E+39
  1.0590E+02  1.5323E+40  1.2397E+40  5.5605E+30  2.9268E+39
  1.1220E+02  1.1328E+40  8.9954E+39  3.3159E+30  2.3323E+39
  1.1890E+02  8.3954E+39  6.5388E+39  1.9832E+30  1.8566E+39
  1.2590E+02  6.2695E+39  4.7874E+39  1.1952E+30  1.4821E+39
  1.3340E+02  4.6973E+39  3.5175E+39  7.2316E+29  1.1798E+39
  1.4130E+02  3.5069E+39  2.5667E+39  4.3873E+29  9.4028E+38
  1.4960E+02  2.5862E+39  1.8356E+39  2.6422E+29  7.5058E+38
  1.5850E+02  1.9006E+39  1.3032E+39  1.5840E+29  5.9737E+38
  1.7780E+02  1.0433E+39  6.6412E+38  5.7723E+28  3.7920E+38
  1.9950E+02  5.8025E+38  3.3993E+38  2.1300E+28  2.4033E+38
  2.2390E+02  3.2610E+38  1.7399E+38  7.9419E+27  1.5210E+38
  2.5120E+02  1.8545E+38  8.9099E+37  2.9929E+27  9.6348E+37
  2.8180E+02  1.0661E+38  4.5581E+37  1.1379E+27  6.1029E+37
  3.1620E+02  6.1879E+37  2.3269E+37  4.3550E+26  3.8610E+37
  3.5480E+02  3.6283E+37  1.1865E+37  1.6771E+26  2.4418E+37
  3.9810E+02  2.1483E+37  6.0427E+36  6.4979E+25  1.5440E+37
  4.4670E+02  1.2833E+37  3.0735E+36  2.5293E+25  9.7594E+36
  5.0120E+02  7.7310E+36  1.5620E+36  9.8887E+24  6.1690E+36
  5.6230E+02  4.6935E+36  7.9336E+35  3.8798E+24  3.9001E+36
  6.3100E+02  2.8650E+36  4.0221E+35  1.5254E+24  2.4628E+36
  7.0790E+02  1.7607E+36  2.0395E+35  6.0181E+23  1.5567E+36
  7.9430E+02  1.0865E+36  1.0325E+35  2.3771E+23  9.8322E+35
  8.9130E+02  6.7297E+35  5.2217E+34  9.4019E+22  6.2076E+35
  1.0000E+03  4.1853E+35  2.6402E+34  3.7261E+22  3.9213E+35
