  1.0000E-03  8.8884E+44  0.0000E+00  1.2219E+43  8.7662E+44
  1.1220E-03  9.9782E+44  0.0000E+00  1.4242E+43  9.8357E+44
  1.2590E-03  1.1195E+45  0.0000E+00  1.5857E+43  1.1037E+45
  1.4130E-03  1.2557E+45  0.0000E+00  1.7011E+43  1.2387E+45
  1.5850E-03  1.4075E+45  0.0000E+00  1.8093E+43  1.3894E+45
  1.7780E-03  1.5810E+45  0.0000E+00  2.2421E+43  1.5586E+45
  1.9950E-03  1.7730E+45  0.0000E+00  2.4190E+43  1.7488E+45
  2.2390E-03  1.9869E+45  0.0000E+00  2.4150E+43  1.9627E+45
  2.5120E-03  2.2336E+45  0.0000E+00  3.1605E+43  2.2020E+45
  2.8180E-03  2.5037E+45  0.0000E+00  3.3509E+43  2.4702E+45
  3.1620E-03  2.8064E+45  0.0000E+00  3.4606E+43  2.7718E+45
  3.5480E-03  3.1456E+45  0.0000E+00  3.5346E+43  3.1103E+45
  3.9810E-03  3.5257E+45  0.0000E+00  3.5832E+43  3.4898E+45
  4.4670E-03  3.9874E+45  0.0000E+00  7.1539E+43  3.9158E+45
  5.0120E-03  4.4722E+45  0.0000E+00  7.8630E+43  4.3936E+45
  5.6230E-03  5.0140E+45  0.0000E+00  8.4734E+43  4.9292E+45
  5.9570E-03  5.3096E+45  0.0000E+00  8.7525E+43  5.2220E+45
  6.6830E-03  5.9515E+45  0.0000E+00  9.2936E+43  5.8585E+45
  7.4990E-03  6.6732E+45  0.0000E+00  9.9420E+43  6.5738E+45
  8.4140E-03  7.4812E+45  0.0000E+00  1.0538E+44  7.3758E+45
  9.4410E-03  8.3869E+45  0.0000E+00  1.1084E+44  8.2761E+45
  1.0590E-02  9.3971E+45  0.0000E+00  1.1384E+44  9.2833E+45
  1.1890E-02  1.0549E+46  0.0000E+00  1.2618E+44  1.0423E+46
  1.3340E-02  1.1827E+46  0.0000E+00  1.3284E+44  1.1694E+46
  1.4960E-02  1.3255E+46  0.0000E+00  1.4145E+44  1.3114E+46
  1.6790E-02  1.4868E+46  0.0000E+00  1.4917E+44  1.4718E+46
  1.8840E-02  1.6672E+46  0.0000E+00  1.5623E+44  1.6515E+46
  2.1130E-02  1.8690E+46  0.0000E+00  1.6681E+44  1.8524E+46
  2.3710E-02  2.0961E+46  0.0000E+00  1.7665E+44  2.0785E+46
  2.6610E-02  2.3512E+46  0.0000E+00  1.8616E+44  2.3326E+46
  2.9850E-02  2.6362E+46  5.2713E-83  1.9527E+44  2.6166E+46
  3.3500E-02  2.9571E+46  3.3921E-68  2.0394E+44  2.9367E+46
  3.7580E-02  3.3163E+46  4.2597E-55  2.2092E+44  3.2942E+46
  4.2170E-02  3.7224E+46  1.8617E-43  2.5655E+44  3.6967E+46
  4.7320E-02  4.1740E+46  4.9907E-33  2.5837E+44  4.1482E+46
  5.3090E-02  4.3450E+46  9.1163E-24  2.3726E+44  4.3212E+46
  6.6830E-02  4.1424E+46  3.4159E-08  1.5596E+44  4.1268E+46
  7.4990E-02  4.0449E+46  1.1449E-01  1.2023E+44  4.0328E+46
  8.4140E-02  3.9532E+46  5.9857E+04  1.2191E+44  3.9410E+46
  9.4410E-02  3.8638E+46  7.1797E+09  1.2564E+44  3.8513E+46
  1.0590E-01  3.5200E+46  2.0167E+14  1.4430E+44  3.5055E+46
  1.1890E-01  2.9620E+46  1.5067E+18  1.5293E+44  2.9467E+46
  1.3340E-01  2.4953E+46  3.0103E+21  1.5797E+44  2.4795E+46
  1.4960E-01  2.1024E+46  3.3734E+24  1.4563E+44  2.0878E+46
  1.5850E-01  1.9281E+46  9.9149E+25  1.3559E+44  1.9145E+46
  1.7780E-01  1.6225E+46  5.1839E+28  1.1029E+44  1.6114E+46
  1.9950E-01  1.3625E+46  1.5565E+31  6.7491E+43  1.3558E+46
  2.2390E-01  1.1452E+46  1.9301E+33  4.8607E+43  1.1403E+46
  2.3710E-01  1.0520E+46  1.2841E+34  5.5270E+43  1.0464E+46
  2.5120E-01  9.6569E+45  7.2972E+34  6.1053E+43  9.5958E+45
  2.6610E-01  8.8635E+45  3.8857E+35  6.2318E+43  8.8012E+45
  2.8180E-01  8.1368E+45  1.9025E+36  6.0776E+43  8.0761E+45
  2.9850E-01  7.4662E+45  8.5005E+36  5.8320E+43  7.4079E+45
  3.1620E-01  6.8505E+45  3.4155E+37  5.5882E+43  6.7947E+45
  3.3500E-01  6.2841E+45  1.2537E+38  5.3333E+43  6.2308E+45
  3.5480E-01  5.7671E+45  4.2167E+38  5.0598E+43  5.7165E+45
  3.7580E-01  5.2920E+45  1.3126E+39  4.7819E+43  5.2442E+45
  3.9810E-01  4.8549E+45  3.7642E+39  4.5198E+43  4.8097E+45
  4.2170E-01  4.4543E+45  9.9222E+39  4.2699E+43  4.4116E+45
  4.4670E-01  4.0871E+45  2.4246E+40  4.0449E+43  4.0466E+45
  4.7320E-01  3.7498E+45  5.5736E+40  3.8233E+43  3.7115E+45
  5.0120E-01  3.4409E+45  1.2087E+41  3.6031E+43  3.4048E+45
  5.3090E-01  3.1573E+45  2.4864E+41  3.3855E+43  3.1232E+45
  5.6230E-01  2.8974E+45  4.8447E+41  3.1815E+43  2.8651E+45
  5.9570E-01  2.6583E+45  9.0028E+41  2.9861E+43  2.6276E+45
  6.3100E-01  2.4399E+45  1.5943E+42  2.7990E+43  2.4103E+45
  6.6830E-01  2.2403E+45  2.6956E+42  2.6179E+43  2.2114E+45
  7.0790E-01  2.0573E+45  4.3688E+42  2.4499E+43  2.0284E+45
  7.4990E-01  1.8902E+45  6.7993E+42  2.2916E+43  1.8605E+45
  7.9430E-01  1.7382E+45  1.0176E+43  2.1413E+43  1.7066E+45
  8.4140E-01  1.6000E+45  1.4710E+43  1.9978E+43  1.5653E+45
  8.9130E-01  1.4749E+45  2.0606E+43  1.8605E+43  1.4357E+45
  9.4410E-01  1.3623E+45  2.7993E+43  1.7290E+43  1.3170E+45
  1.0000E+00  1.2611E+45  3.6957E+43  1.6020E+43  1.2081E+45
  1.0590E+00  1.1709E+45  4.7502E+43  1.4820E+43  1.1086E+45
  1.1220E+00  1.0900E+45  5.9824E+43  1.3661E+43  1.0165E+45
  1.1890E+00  1.0183E+45  7.3934E+43  1.2526E+43  9.3183E+44
  1.2590E+00  9.5600E+44  8.9400E+43  1.1398E+43  8.5520E+44
  1.3340E+00  9.0074E+44  1.0632E+44  1.0306E+43  7.8411E+44
  1.4130E+00  8.5242E+44  1.2387E+44  9.2806E+42  7.1927E+44
  1.4960E+00  8.1032E+44  1.4175E+44  8.3125E+42  6.6026E+44
  1.5850E+00  7.7312E+44  1.6030E+44  7.3839E+42  6.0543E+44
  1.6790E+00  7.4030E+44  1.7851E+44  6.4907E+42  5.5530E+44
  1.7780E+00  7.1087E+44  1.9567E+44  5.6305E+42  5.0957E+44
  1.8840E+00  6.8398E+44  2.1198E+44  4.8125E+42  4.6719E+44
  1.9950E+00  6.5920E+44  2.2641E+44  4.0512E+42  4.2875E+44
  2.1130E+00  6.3560E+44  2.3891E+44  3.3596E+42  3.9333E+44
  2.2390E+00  6.1234E+44  2.4898E+44  2.7463E+42  3.6061E+44
  2.3710E+00  5.8919E+44  2.5605E+44  2.2158E+42  3.3092E+44
  2.5120E+00  5.6572E+44  2.6050E+44  1.7682E+42  3.0344E+44
  2.6610E+00  5.4169E+44  2.6197E+44  1.3972E+42  2.7832E+44
  2.8180E+00  5.1680E+44  2.6032E+44  1.0937E+42  2.5538E+44
  2.9850E+00  4.9119E+44  2.5608E+44  8.4923E+41  2.3426E+44
  3.1620E+00  4.6482E+44  2.4930E+44  6.5437E+41  2.1487E+44
  3.3500E+00  4.3869E+44  2.4115E+44  5.0138E+41  1.9704E+44
  3.5480E+00  4.1192E+44  2.3076E+44  3.8147E+41  1.8078E+44
  3.7580E+00  3.8537E+44  2.1925E+44  2.8853E+41  1.6583E+44
  3.9810E+00  3.5923E+44  2.0692E+44  2.1706E+41  1.5210E+44
  4.2170E+00  3.3368E+44  1.9401E+44  1.6246E+41  1.3951E+44
  4.4670E+00  3.0895E+44  1.8087E+44  1.2101E+41  1.2796E+44
  4.7320E+00  2.8545E+44  1.6799E+44  8.9735E+40  1.1737E+44
  5.0120E+00  2.6361E+44  1.5563E+44  6.6370E+40  1.0791E+44
  5.3090E+00  2.3992E+44  1.4385E+44  4.8312E+40  9.6024E+43
  5.6230E+00  2.1776E+44  1.3292E+44  3.4965E+40  8.4805E+43
  5.9570E+00  1.9734E+44  1.2300E+44  2.5188E+40  7.4316E+43
  6.3100E+00  1.7783E+44  1.1310E+44  1.7990E+40  6.4710E+43
  6.6830E+00  1.6107E+44  1.0504E+44  1.2857E+40  5.6014E+43
  7.0790E+00  1.4518E+44  9.6976E+43  9.0796E+39  4.8190E+43
  7.4990E+00  1.3553E+44  9.4292E+43  6.4938E+39  4.1229E+43
  7.9430E+00  1.4800E+44  1.1288E+44  5.2224E+39  3.5109E+43
  8.4140E+00  1.7927E+44  1.4951E+44  4.8443E+39  2.9752E+43
  8.9130E+00  2.0087E+44  1.7576E+44  4.5415E+39  2.5104E+43
  9.4410E+00  2.1282E+44  1.9171E+44  4.5430E+39  2.1101E+43
  1.0000E+01  1.8203E+44  1.6436E+44  3.4266E+39  1.7671E+43
  1.0590E+01  1.4950E+44  1.3474E+44  2.4338E+39  1.4758E+43
  1.1220E+01  1.1895E+44  1.0668E+44  1.5744E+39  1.2267E+43
  1.1890E+01  9.6182E+43  8.6022E+43  1.0313E+39  1.0159E+43
  1.2590E+01  7.8968E+43  7.0556E+43  6.6983E+38  8.4119E+42
  1.3340E+01  6.6421E+43  5.9489E+43  4.3618E+38  6.9319E+42
  1.4130E+01  5.8944E+43  5.3239E+43  2.9011E+38  5.7050E+42
  1.4960E+01  5.7525E+43  5.2833E+43  2.1280E+38  4.6919E+42
  1.5850E+01  5.7772E+43  5.3931E+43  1.6651E+38  3.8414E+42
  1.6790E+01  5.8562E+43  5.5421E+43  1.3664E+38  3.1409E+42
  1.7780E+01  5.8819E+43  5.6252E+43  1.1499E+38  2.5663E+42
  1.8840E+01  5.7849E+43  5.5761E+43  9.5804E+37  2.0888E+42
  1.9950E+01  5.5870E+43  5.4168E+43  7.6670E+37  1.7013E+42
  2.1130E+01  5.4267E+43  5.2885E+43  5.9752E+37  1.3827E+42
  2.2390E+01  5.3347E+43  5.2226E+43  4.6791E+37  1.1203E+42
  2.3710E+01  5.2793E+43  5.1884E+43  3.6641E+37  9.0864E+41
  2.5120E+01  5.2285E+43  5.1550E+43  2.8728E+37  7.3479E+41
  2.6610E+01  5.1570E+43  5.0976E+43  2.2360E+37  5.9383E+41
  2.8180E+01  5.0469E+43  4.9989E+43  1.7306E+37  4.7994E+41
  2.9850E+01  4.8814E+43  4.8427E+43  1.3264E+37  3.8717E+41
  3.1620E+01  4.6518E+43  4.6206E+43  1.0019E+37  3.1199E+41
  3.3500E+01  4.3589E+43  4.3338E+43  7.4509E+36  2.5106E+41
  3.5480E+01  4.0134E+43  3.9932E+43  5.4514E+36  2.0210E+41
  3.7580E+01  3.6280E+43  3.6118E+43  3.9196E+36  1.6253E+41
  3.9810E+01  3.2165E+43  3.2034E+43  2.7688E+36  1.3054E+41
  4.2170E+01  2.8014E+43  2.7910E+43  1.9222E+36  1.0479E+41
  4.4670E+01  2.3996E+43  2.3912E+43  1.3114E+36  8.4074E+40
  4.7320E+01  2.0243E+43  2.0175E+43  8.8079E+35  6.7400E+40
  5.0120E+01  1.6840E+43  1.6785E+43  5.8321E+35  5.4034E+40
  5.3090E+01  1.3822E+43  1.3779E+43  3.8099E+35  4.3282E+40
  5.6230E+01  1.1215E+43  1.1180E+43  2.4596E+35  3.4667E+40
  5.9570E+01  8.9945E+42  8.9667E+42  1.5693E+35  2.7728E+40
  6.3100E+01  7.1459E+42  7.1237E+42  9.9176E+34  2.2180E+40
  6.6830E+01  5.6287E+42  5.6109E+42  6.2143E+34  1.7744E+40
  7.0790E+01  4.3982E+42  4.3840E+42  3.8621E+34  1.4183E+40
  7.4990E+01  3.4109E+42  3.3995E+42  2.3824E+34  1.1329E+40
  7.9430E+01  2.6287E+42  2.6197E+42  1.4606E+34  9.0505E+39
  8.4140E+01  2.0138E+42  2.0066E+42  8.8983E+33  7.2256E+39
  8.9130E+01  1.5355E+42  1.5297E+42  5.3957E+33  5.7665E+39
  9.4410E+01  1.1655E+42  1.1609E+42  3.2569E+33  4.6021E+39
  1.0000E+02  8.8093E+41  8.7726E+41  1.9573E+33  3.6722E+39
  1.0590E+02  6.6396E+41  6.6103E+41  1.1730E+33  2.9317E+39
  1.1220E+02  4.9886E+41  4.9652E+41  7.0041E+32  2.3358E+39
  1.1890E+02  3.7455E+41  3.7269E+41  4.1789E+32  1.8590E+39
  1.2590E+02  2.8245E+41  2.8097E+41  2.5044E+32  1.4838E+39
  1.3340E+02  2.1335E+41  2.1217E+41  1.5053E+32  1.1811E+39
  1.4130E+02  1.5974E+41  1.5879E+41  8.9993E+31  9.4117E+38
  1.4960E+02  1.1704E+41  1.1629E+41  5.2597E+31  7.5121E+38
  1.5850E+02  8.5061E+40  8.4463E+40  3.0403E+31  5.9781E+38
  1.7780E+02  4.5220E+40  4.4841E+40  1.0205E+31  3.7942E+38
  1.9950E+02  2.4024E+40  2.3784E+40  3.4228E+30  2.4043E+38
  2.2390E+02  1.2709E+40  1.2557E+40  1.1438E+30  1.5216E+38
  2.5120E+02  6.7016E+39  6.6052E+39  3.8108E+29  9.6376E+37
  2.8180E+02  3.5200E+39  3.4590E+39  1.2654E+29  6.1043E+37
  3.1620E+02  1.8409E+39  1.8022E+39  4.1858E+28  3.8617E+37
  3.5480E+02  9.5998E+38  9.3556E+38  1.3812E+28  2.4421E+37
  3.9810E+02  4.9942E+38  4.8398E+38  4.5512E+27  1.5442E+37
  4.4670E+02  2.5932E+38  2.4956E+38  1.4984E+27  9.7603E+36
  5.0120E+02  1.3454E+38  1.2837E+38  4.9345E+26  6.1695E+36
  5.6230E+02  6.9791E+37  6.5891E+37  1.6268E+26  3.9003E+36
  6.3100E+02  3.6180E+37  3.3717E+37  5.3699E+25  2.4629E+36
  7.0790E+02  1.8794E+37  1.7237E+37  1.7796E+25  1.5568E+36
  7.9430E+02  9.7732E+36  8.7899E+36  5.9164E+24  9.8325E+35
  8.9130E+02  5.0945E+36  4.4737E+36  1.9766E+24  6.2077E+35
  1.0000E+03  2.6669E+36  2.2747E+36  6.6502E+23  3.9214E+35
