  1.0000E-03  8.9695E+44  0.0000E+00  2.0330E+43  8.7662E+44
  1.1220E-03  1.0043E+45  0.0000E+00  2.0738E+43  9.8357E+44
  1.2590E-03  1.1244E+45  0.0000E+00  2.0707E+43  1.1037E+45
  1.4130E-03  1.2590E+45  0.0000E+00  2.0306E+43  1.2387E+45
  1.5850E-03  1.4097E+45  0.0000E+00  2.0219E+43  1.3894E+45
  1.7780E-03  1.5827E+45  0.0000E+00  2.4136E+43  1.5586E+45
  1.9950E-03  1.7724E+45  0.0000E+00  2.3594E+43  1.7488E+45
  2.2390E-03  1.9848E+45  0.0000E+00  2.2106E+43  1.9627E+45
  2.5120E-03  2.2293E+45  0.0000E+00  2.7285E+43  2.2020E+45
  2.8180E-03  2.4963E+45  0.0000E+00  2.6112E+43  2.4702E+45
  3.1620E-03  2.7966E+45  0.0000E+00  2.4756E+43  2.7718E+45
  3.5480E-03  3.1336E+45  0.0000E+00  2.3357E+43  3.1103E+45
  3.9810E-03  3.5118E+45  0.0000E+00  2.1958E+43  3.4898E+45
  4.4670E-03  3.9824E+45  0.0000E+00  6.6558E+43  3.9158E+45
  5.0120E-03  4.4596E+45  0.0000E+00  6.6020E+43  4.3936E+45
  5.6230E-03  4.9945E+45  0.0000E+00  6.5254E+43  4.9292E+45
  5.9570E-03  5.2871E+45  0.0000E+00  6.5068E+43  5.2220E+45
  6.6830E-03  5.9241E+45  0.0000E+00  6.5576E+43  5.8585E+45
  7.4990E-03  6.6417E+45  0.0000E+00  6.7934E+43  6.5738E+45
  8.4140E-03  7.4458E+45  0.0000E+00  6.9913E+43  7.3758E+45
  9.4410E-03  8.3488E+45  0.0000E+00  7.2693E+43  8.2761E+45
  1.0590E-02  9.3595E+45  0.0000E+00  7.6231E+43  9.2833E+45
  1.1890E-02  1.0505E+46  0.0000E+00  8.1880E+43  1.0423E+46
  1.3340E-02  1.1781E+46  0.0000E+00  8.6613E+43  1.1694E+46
  1.4960E-02  1.3206E+46  0.0000E+00  9.1951E+43  1.3114E+46
  1.6790E-02  1.4816E+46  0.0000E+00  9.7916E+43  1.4718E+46
  1.8840E-02  1.6620E+46  0.0000E+00  1.0474E+44  1.6515E+46
  2.1130E-02  1.8636E+46  0.0000E+00  1.1292E+44  1.8524E+46
  2.3710E-02  2.0906E+46  0.0000E+00  1.2183E+44  2.0785E+46
  2.6610E-02  2.3458E+46  0.0000E+00  1.3161E+44  2.3326E+46
  2.9850E-02  2.6309E+46  6.6955E-83  1.4242E+44  2.6166E+46
  3.3500E-02  2.9520E+46  4.1907E-68  1.5380E+44  2.9367E+46
  3.7580E-02  3.3108E+46  5.2493E-55  1.6524E+44  3.2942E+46
  4.2170E-02  3.7175E+46  2.2451E-43  2.0763E+44  3.6967E+46
  4.7320E-02  4.1717E+46  5.7093E-33  2.3504E+44  4.1482E+46
  5.3090E-02  4.3456E+46  9.9310E-24  2.4390E+44  4.3212E+46
  6.6830E-02  4.1497E+46  3.3091E-08  2.2869E+44  4.1268E+46
  7.4990E-02  4.0544E+46  1.0512E-01  2.1542E+44  4.0328E+46
  8.4140E-02  3.9619E+46  5.6228E+04  2.0878E+44  3.9410E+46
  9.4410E-02  3.8718E+46  6.8633E+09  2.0579E+44  3.8513E+46
  1.0590E-01  3.5253E+46  2.0256E+14  1.9799E+44  3.5055E+46
  1.1890E-01  2.9625E+46  1.6581E+18  1.5740E+44  2.9467E+46
  1.3340E-01  2.4920E+46  3.6622E+21  1.2437E+44  2.4795E+46
  1.4960E-01  2.0962E+46  4.4016E+24  8.3136E+43  2.0878E+46
  1.5850E-01  1.9213E+46  1.3074E+26  6.7609E+43  1.9145E+46
  1.7780E-01  1.6169E+46  6.5745E+28  5.4850E+43  1.6114E+46
  1.9950E-01  1.3606E+46  1.7684E+31  4.7882E+43  1.3558E+46
  2.2390E-01  1.1451E+46  2.0383E+33  4.7995E+43  1.1403E+46
  2.3710E-01  1.0514E+46  1.4250E+34  4.9115E+43  1.0464E+46
  2.5120E-01  9.6426E+45  8.6620E+34  4.6736E+43  9.5958E+45
  2.6610E-01  8.8439E+45  4.8544E+35  4.2653E+43  8.8012E+45
  2.8180E-01  8.1146E+45  2.4709E+36  3.8562E+43  8.0761E+45
  2.9850E-01  7.4430E+45  1.1402E+37  3.5099E+43  7.4079E+45
  3.1620E-01  6.8271E+45  4.7228E+37  3.2417E+43  6.7947E+45
  3.3500E-01  6.2609E+45  1.7849E+38  3.0132E+43  6.2308E+45
  3.5480E-01  5.7446E+45  6.1690E+38  2.8130E+43  5.7165E+45
  3.7580E-01  5.2706E+45  1.9736E+39  2.6412E+43  5.2442E+45
  3.9810E-01  4.8347E+45  5.8117E+39  2.4937E+43  4.8097E+45
  4.2170E-01  4.4354E+45  1.5780E+40  2.3759E+43  4.4116E+45
  4.4670E-01  4.0694E+45  3.9752E+40  2.2795E+43  4.0466E+45
  4.7320E-01  3.7335E+45  9.4257E+40  2.1934E+43  3.7115E+45
  5.0120E-01  3.4261E+45  2.1083E+41  2.1132E+43  3.4048E+45
  5.3090E-01  3.1440E+45  4.4763E+41  2.0410E+43  3.1232E+45
  5.6230E-01  2.8858E+45  8.9862E+41  1.9736E+43  2.8651E+45
  5.9570E-01  2.6484E+45  1.7182E+42  1.9100E+43  2.6276E+45
  6.3100E-01  2.4320E+45  3.1293E+42  1.8511E+43  2.4103E+45
  6.6830E-01  2.2348E+45  5.4357E+42  1.7952E+43  2.2114E+45
  7.0790E-01  2.0549E+45  9.0427E+42  1.7451E+43  2.0284E+45
  7.4990E-01  1.8919E+45  1.4414E+43  1.6973E+43  1.8605E+45
  7.9430E-01  1.7452E+45  2.2072E+43  1.6531E+43  1.7066E+45
  8.4140E-01  1.6141E+45  3.2592E+43  1.6141E+43  1.5653E+45
  8.9130E-01  1.4982E+45  4.6626E+43  1.5820E+43  1.4357E+45
  9.4410E-01  1.3970E+45  6.4483E+43  1.5546E+43  1.3170E+45
  1.0000E+00  1.3096E+45  8.6236E+43  1.5284E+43  1.2081E+45
  1.0590E+00  1.2355E+45  1.1183E+44  1.5052E+43  1.1086E+45
  1.1220E+00  1.1730E+45  1.4159E+44  1.4833E+43  1.0165E+45
  1.1890E+00  1.1218E+45  1.7535E+44  1.4604E+43  9.3183E+44
  1.2590E+00  1.0815E+45  2.1199E+44  1.4340E+43  8.5520E+44
  1.3340E+00  1.0490E+45  2.5084E+44  1.4038E+43  7.8411E+44
  1.4130E+00  1.0222E+45  2.8926E+44  1.3696E+43  7.1927E+44
  1.4960E+00  9.9990E+44  3.2634E+44  1.3301E+43  6.6026E+44
  1.5850E+00  9.8068E+44  3.6242E+44  1.2834E+43  6.0543E+44
  1.6790E+00  9.6290E+44  3.9532E+44  1.2278E+43  5.5530E+44
  1.7780E+00  9.4476E+44  4.2358E+44  1.1610E+43  5.0957E+44
  1.8840E+00  9.2543E+44  4.4741E+44  1.0832E+43  4.6719E+44
  1.9950E+00  9.0401E+44  4.6530E+44  9.9546E+42  4.2875E+44
  2.1130E+00  8.7967E+44  4.7734E+44  9.0018E+42  3.9333E+44
  2.2390E+00  8.5161E+44  4.8300E+44  8.0038E+42  3.6061E+44
  2.3710E+00  8.2013E+44  4.8222E+44  6.9962E+42  3.3092E+44
  2.5120E+00  7.8559E+44  4.7612E+44  6.0191E+42  3.0344E+44
  2.6610E+00  7.4831E+44  4.6489E+44  5.0993E+42  2.7832E+44
  2.8180E+00  7.0866E+44  4.4902E+44  4.2563E+42  2.5538E+44
  2.9850E+00  6.6757E+44  4.2980E+44  3.5048E+42  2.3426E+44
  3.1620E+00  6.2543E+44  4.0771E+44  2.8500E+42  2.1487E+44
  3.3500E+00  5.8410E+44  3.8477E+44  2.2917E+42  1.9704E+44
  3.5480E+00  5.4269E+44  3.6009E+44  1.8240E+42  1.8078E+44
  3.7580E+00  5.0244E+44  3.3517E+44  1.4379E+42  1.6583E+44
  3.9810E+00  4.6357E+44  3.1035E+44  1.1235E+42  1.5210E+44
  4.2170E+00  4.2640E+44  2.8602E+44  8.7101E+41  1.3951E+44
  4.4670E+00  3.9111E+44  2.6248E+44  6.7027E+41  1.2796E+44
  4.7320E+00  3.5801E+44  2.4013E+44  5.1182E+41  1.1737E+44
  5.0120E+00  3.2746E+44  2.1916E+44  3.8842E+41  1.0791E+44
  5.3090E+00  2.9583E+44  1.9952E+44  2.8972E+41  9.6024E+43
  5.6230E+00  2.6638E+44  1.8137E+44  2.1400E+41  8.4805E+43
  5.9570E+00  2.3925E+44  1.6478E+44  1.5660E+41  7.4316E+43
  6.3100E+00  2.1364E+44  1.4882E+44  1.1341E+41  6.4710E+43
  6.6830E+00  1.9157E+44  1.3547E+44  8.1816E+40  5.6014E+43
  7.0790E+00  1.7090E+44  1.2265E+44  5.8246E+40  4.8190E+43
  7.4990E+00  1.5461E+44  1.1334E+44  4.0092E+40  4.1229E+43
  7.9430E+00  1.5042E+44  1.1528E+44  2.5654E+40  3.5109E+43
  8.4140E+00  1.5636E+44  1.2659E+44  1.6842E+40  2.9752E+43
  8.9130E+00  1.5814E+44  1.3302E+44  1.2275E+40  2.5104E+43
  9.4410E+00  1.5574E+44  1.3463E+44  1.0169E+40  2.1101E+43
  1.0000E+01  1.3486E+44  1.1719E+44  8.2615E+39  1.7671E+43
  1.0590E+01  1.1416E+44  9.9396E+43  6.6333E+39  1.4758E+43
  1.1220E+01  9.5158E+43  8.2885E+43  5.0318E+39  1.2267E+43
  1.1890E+01  8.0133E+43  6.9970E+43  3.7682E+39  1.0159E+43
  1.2590E+01  6.8458E+43  6.0043E+43  2.7754E+39  8.4119E+42
  1.3340E+01  5.9337E+43  5.2403E+43  2.0010E+39  6.9319E+42
  1.4130E+01  5.3098E+43  4.7392E+43  1.3998E+39  5.7050E+42
  1.4960E+01  5.0466E+43  4.5774E+43  9.8640E+38  4.6919E+42
  1.5850E+01  4.8946E+43  4.5103E+43  7.2675E+38  3.8414E+42
  1.6790E+01  4.7775E+43  4.4633E+43  5.6131E+38  3.1409E+42
  1.7780E+01  4.6270E+43  4.3704E+43  4.5213E+38  2.5663E+42
  1.8840E+01  4.4044E+43  4.1955E+43  3.7022E+38  2.0888E+42
  1.9950E+01  4.1258E+43  3.9556E+43  2.9773E+38  1.7013E+42
  2.1130E+01  3.8548E+43  3.7165E+43  2.3200E+38  1.3827E+42
  2.2390E+01  3.6060E+43  3.4939E+43  1.7911E+38  1.1203E+42
  2.3710E+01  3.3707E+43  3.2799E+43  1.3688E+38  9.0864E+41
  2.5120E+01  3.1351E+43  3.0616E+43  1.0387E+38  7.3479E+41
  2.6610E+01  2.8957E+43  2.8363E+43  7.7870E+37  5.9383E+41
  2.8180E+01  2.6521E+43  2.6041E+43  5.7881E+37  4.7994E+41
  2.9850E+01  2.4021E+43  2.3634E+43  4.2551E+37  3.8717E+41
  3.1620E+01  2.1484E+43  2.1172E+43  3.0856E+37  3.1199E+41
  3.3500E+01  1.8952E+43  1.8701E+43  2.2064E+37  2.5106E+41
  3.5480E+01  1.6499E+43  1.6297E+43  1.5566E+37  2.0210E+41
  3.7580E+01  1.4157E+43  1.3995E+43  1.0824E+37  1.6253E+41
  3.9810E+01  1.1960E+43  1.1830E+43  7.4182E+36  1.3054E+41
  4.2170E+01  9.9632E+42  9.8584E+42  5.0103E+36  1.0479E+41
  4.4670E+01  8.1890E+42  8.1049E+42  3.3327E+36  8.4074E+40
  4.7320E+01  6.6477E+42  6.5803E+42  2.1860E+36  6.7400E+40
  5.0120E+01  5.3359E+42  5.2819E+42  1.4155E+36  5.4034E+40
  5.3090E+01  4.2355E+42  4.1922E+42  9.0513E+35  4.3282E+40
  5.6230E+01  3.3302E+42  3.2955E+42  5.7234E+35  3.4667E+40
  5.9570E+01  2.5925E+42  2.5648E+42  3.5781E+35  2.7728E+40
  6.3100E+01  2.0027E+42  1.9805E+42  2.2167E+35  2.2180E+40
  6.6830E+01  1.5362E+42  1.5185E+42  1.3620E+35  1.7744E+40
  7.0790E+01  1.1705E+42  1.1564E+42  8.3027E+34  1.4183E+40
  7.4990E+01  8.8634E+41  8.7501E+41  5.0251E+34  1.1329E+40
  7.9430E+01  6.6786E+41  6.5881E+41  3.0242E+34  9.0505E+39
  8.4140E+01  5.0082E+41  4.9360E+41  1.8095E+34  7.2256E+39
  8.9130E+01  3.7423E+41  3.6846E+41  1.0782E+34  5.7665E+39
  9.4410E+01  2.7870E+41  2.7410E+41  6.3996E+33  4.6021E+39
  1.0000E+02  2.0690E+41  2.0323E+41  3.7847E+33  3.6722E+39
  1.0590E+02  1.5335E+41  1.5042E+41  2.2340E+33  2.9317E+39
  1.1220E+02  1.1338E+41  1.1105E+41  1.3144E+33  2.3358E+39
  1.1890E+02  8.3832E+40  8.1973E+40  7.7325E+32  1.8590E+39
  1.2590E+02  6.2305E+40  6.0821E+40  4.5725E+32  1.4838E+39
  1.3340E+02  4.6396E+40  4.5215E+40  2.7124E+32  1.1811E+39
  1.4130E+02  3.4309E+40  3.3368E+40  1.6033E+32  9.4117E+38
  1.4960E+02  2.4905E+40  2.4154E+40  9.2924E+31  7.5121E+38
  1.5850E+02  1.7949E+40  1.7351E+40  5.3325E+31  5.9781E+38
  1.7780E+02  9.4020E+39  9.0226E+39  1.7682E+31  3.7942E+38
  1.9950E+02  4.9362E+39  4.6958E+39  5.8794E+30  2.4043E+38
  2.2390E+02  2.5896E+39  2.4374E+39  1.9558E+30  1.5216E+38
  2.5120E+02  1.3594E+39  1.2630E+39  6.5171E+29  9.6376E+37
  2.8180E+02  7.1365E+38  6.5260E+38  2.1750E+29  6.1043E+37
  3.1620E+02  3.7463E+38  3.3601E+38  7.2695E+28  3.8617E+37
  3.5480E+02  1.9702E+38  1.7260E+38  2.4376E+28  2.4421E+37
  3.9810E+02  1.0390E+38  8.8458E+37  8.2138E+27  1.5442E+37
  4.4670E+02  5.4998E+37  4.5237E+37  2.7838E+27  9.7603E+36
  5.0120E+02  2.9267E+37  2.3098E+37  9.5053E+26  6.1695E+36
  5.6230E+02  1.5679E+37  1.1779E+37  3.2733E+26  3.9003E+36
  6.3100E+02  8.4555E+36  5.9926E+36  1.1372E+26  2.4629E+36
  7.0790E+02  4.6047E+36  3.0479E+36  3.9960E+25  1.5568E+36
  7.9430E+02  2.5304E+36  1.5472E+36  1.4186E+25  9.8325E+35
  8.9130E+02  1.4050E+36  7.8424E+35  5.0927E+24  6.2077E+35
  1.0000E+03  7.8946E+35  3.9732E+35  1.8506E+24  3.9214E+35
