  1.0000E-03  8.7985E+44  0.0000E+00  3.2267E+42  8.7662E+44
  1.1220E-03  9.8733E+44  0.0000E+00  3.7566E+42  9.8357E+44
  1.2590E-03  1.1078E+45  0.0000E+00  4.1538E+42  1.1037E+45
  1.4130E-03  1.2431E+45  0.0000E+00  4.3657E+42  1.2387E+45
  1.5850E-03  1.3938E+45  0.0000E+00  4.3841E+42  1.3894E+45
  1.7780E-03  1.5634E+45  0.0000E+00  4.7518E+42  1.5586E+45
  1.9950E-03  1.7537E+45  0.0000E+00  4.8551E+42  1.7488E+45
  2.2390E-03  1.9671E+45  0.0000E+00  4.3578E+42  1.9627E+45
  2.5120E-03  2.2068E+45  0.0000E+00  4.7709E+42  2.2020E+45
  2.8180E-03  2.4748E+45  0.0000E+00  4.6087E+42  2.4702E+45
  3.1620E-03  2.7761E+45  0.0000E+00  4.2510E+42  2.7718E+45
  3.5480E-03  3.1142E+45  0.0000E+00  3.8607E+42  3.1103E+45
  3.9810E-03  3.4933E+45  0.0000E+00  3.5030E+42  3.4898E+45
  4.4670E-03  3.9455E+45  0.0000E+00  2.9716E+43  3.9158E+45
  5.0120E-03  4.4183E+45  0.0000E+00  2.4680E+43  4.3936E+45
  5.6230E-03  4.9490E+45  0.0000E+00  1.9801E+43  4.9292E+45
  5.9570E-03  5.2397E+45  0.0000E+00  1.7689E+43  5.2220E+45
  6.6830E-03  5.8730E+45  0.0000E+00  1.4443E+43  5.8585E+45
  7.4990E-03  6.5859E+45  0.0000E+00  1.2136E+43  6.5738E+45
  8.4140E-03  7.3863E+45  0.0000E+00  1.0467E+43  7.3758E+45
  9.4410E-03  8.2853E+45  0.0000E+00  9.2244E+42  8.2761E+45
  1.0590E-02  9.2915E+45  0.0000E+00  8.1898E+42  9.2833E+45
  1.1890E-02  1.0431E+46  0.0000E+00  7.9002E+42  1.0423E+46
  1.3340E-02  1.1701E+46  0.0000E+00  7.5294E+42  1.1694E+46
  1.4960E-02  1.3121E+46  0.0000E+00  7.3995E+42  1.3114E+46
  1.6790E-02  1.4726E+46  0.0000E+00  7.4235E+42  1.4718E+46
  1.8840E-02  1.6523E+46  0.0000E+00  7.6133E+42  1.6515E+46
  2.1130E-02  1.8532E+46  0.0000E+00  8.0187E+42  1.8524E+46
  2.3710E-02  2.0793E+46  0.0000E+00  8.5759E+42  2.0785E+46
  2.6610E-02  2.3336E+46  0.0000E+00  9.2983E+42  2.3326E+46
  2.9850E-02  2.6177E+46  3.2779E-83  1.0187E+43  2.6166E+46
  3.3500E-02  2.9378E+46  2.0683E-68  1.1214E+43  2.9367E+46
  3.7580E-02  3.2954E+46  2.5928E-55  1.2094E+43  3.2942E+46
  4.2170E-02  3.6983E+46  1.1170E-43  1.5566E+43  3.6967E+46
  4.7320E-02  4.1501E+46  2.9047E-33  1.8768E+43  4.1482E+46
  5.3090E-02  4.3233E+46  5.1731E-24  2.0903E+43  4.3212E+46
  6.6830E-02  4.1292E+46  1.7868E-08  2.3769E+43  4.1268E+46
  7.4990E-02  4.0354E+46  5.6747E-02  2.5228E+43  4.0328E+46
  8.4140E-02  3.9434E+46  2.7992E+04  2.3559E+43  3.9410E+46
  9.4410E-02  3.8535E+46  3.1737E+09  2.2535E+43  3.8513E+46
  1.0590E-01  3.5075E+46  8.2220E+13  1.9546E+43  3.5055E+46
  1.1890E-01  2.9481E+46  6.4620E+17  1.3715E+43  2.9467E+46
  1.3340E-01  2.4805E+46  1.4883E+21  9.7816E+42  2.4795E+46
  1.4960E-01  2.0885E+46  1.7960E+24  6.3722E+42  2.0878E+46
  1.5850E-01  1.9150E+46  5.3168E+25  5.2456E+42  1.9145E+46
  1.7780E-01  1.6118E+46  2.6925E+28  4.0836E+42  1.6114E+46
  1.9950E-01  1.3562E+46  7.2507E+30  4.1491E+42  1.3558E+46
  2.2390E-01  1.1408E+46  7.9654E+32  4.6413E+42  1.1403E+46
  2.3710E-01  1.0469E+46  5.5305E+33  4.4182E+42  1.0464E+46
  2.5120E-01  9.5997E+45  3.4085E+34  3.8453E+42  9.5958E+45
  2.6610E-01  8.8045E+45  1.9305E+35  3.2749E+42  8.8012E+45
  2.8180E-01  8.0789E+45  9.8848E+35  2.8126E+42  8.0761E+45
  2.9850E-01  7.4103E+45  4.5744E+36  2.4607E+42  7.4079E+45
  3.1620E-01  6.7969E+45  1.8955E+37  2.2013E+42  6.7947E+45
  3.3500E-01  6.2328E+45  7.1470E+37  1.9976E+42  6.2308E+45
  3.5480E-01  5.7183E+45  2.4571E+38  1.8369E+42  5.7165E+45
  3.7580E-01  5.2459E+45  7.8075E+38  1.7098E+42  5.2442E+45
  3.9810E-01  4.8114E+45  2.2787E+39  1.6147E+42  4.8097E+45
  4.2170E-01  4.4132E+45  6.1267E+39  1.5486E+42  4.4116E+45
  4.4670E-01  4.0481E+45  1.5255E+40  1.5100E+42  4.0466E+45
  4.7320E-01  3.7130E+45  3.5697E+40  1.4880E+42  3.7115E+45
  5.0120E-01  3.4063E+45  7.8708E+40  1.4769E+42  3.4048E+45
  5.3090E-01  3.1248E+45  1.6462E+41  1.4735E+42  3.1232E+45
  5.6230E-01  2.8669E+45  3.2522E+41  1.4788E+42  2.8651E+45
  5.9570E-01  2.6297E+45  6.1145E+41  1.4892E+42  2.6276E+45
  6.3100E-01  2.4129E+45  1.0944E+42  1.5044E+42  2.4103E+45
  6.6830E-01  2.2148E+45  1.8678E+42  1.5194E+42  2.2114E+45
  7.0790E-01  2.0330E+45  3.0507E+42  1.5423E+42  2.0284E+45
  7.4990E-01  1.8668E+45  4.7718E+42  1.5697E+42  1.8605E+45
  7.9430E-01  1.7154E+45  7.1669E+42  1.6025E+42  1.7066E+45
  8.4140E-01  1.5773E+45  1.0380E+43  1.6350E+42  1.5653E+45
  8.9130E-01  1.4520E+45  1.4565E+43  1.6687E+42  1.4357E+45
  9.4410E-01  1.3385E+45  1.9776E+43  1.6907E+42  1.3170E+45
  1.0000E+00  1.2358E+45  2.5998E+43  1.6937E+42  1.2081E+45
  1.0590E+00  1.1434E+45  3.3180E+43  1.6828E+42  1.1086E+45
  1.1220E+00  1.0596E+45  4.1395E+43  1.6567E+42  1.0165E+45
  1.1890E+00  9.8403E+44  5.0586E+43  1.6117E+42  9.3183E+44
  1.2590E+00  9.1723E+44  6.0478E+43  1.5454E+42  8.5520E+44
  1.3340E+00  8.5643E+44  7.0868E+43  1.4590E+42  7.8411E+44
  1.4130E+00  8.0164E+44  8.1012E+43  1.3579E+42  7.1927E+44
  1.4960E+00  7.5215E+44  9.0650E+43  1.2472E+42  6.6026E+44
  1.5850E+00  7.0639E+44  9.9824E+43  1.1294E+42  6.0543E+44
  1.6790E+00  6.6427E+44  1.0796E+44  1.0080E+42  5.5530E+44
  1.7780E+00  6.2510E+44  1.1465E+44  8.8553E+41  5.0957E+44
  1.8840E+00  5.8783E+44  1.1988E+44  7.6479E+41  4.6719E+44
  1.9950E+00  5.5275E+44  1.2335E+44  6.4974E+41  4.2875E+44
  2.1130E+00  5.1895E+44  1.2508E+44  5.4281E+41  3.9333E+44
  2.2390E+00  4.8606E+44  1.2501E+44  4.4612E+41  3.6061E+44
  2.3710E+00  4.5462E+44  1.2335E+44  3.6139E+41  3.3092E+44
  2.5120E+00  4.2422E+44  1.2049E+44  2.8889E+41  3.0344E+44
  2.6610E+00  3.9521E+44  1.1665E+44  2.2834E+41  2.7832E+44
  2.8180E+00  3.6766E+44  1.1210E+44  1.7869E+41  2.5538E+44
  2.9850E+00  3.4159E+44  1.0719E+44  1.3864E+41  2.3426E+44
  3.1620E+00  3.1703E+44  1.0205E+44  1.0678E+41  2.1487E+44
  3.3500E+00  2.9426E+44  9.7139E+43  8.1734E+40  1.9704E+44
  3.5480E+00  2.7301E+44  9.2166E+43  6.2253E+40  1.8078E+44
  3.7580E+00  2.5326E+44  8.7375E+43  4.7173E+40  1.6583E+44
  3.9810E+00  2.3486E+44  8.2726E+43  3.5578E+40  1.5210E+44
  4.2170E+00  2.1774E+44  7.8205E+43  2.6721E+40  1.3951E+44
  4.4670E+00  2.0177E+44  7.3793E+43  1.9982E+40  1.2796E+44
  4.7320E+00  1.8687E+44  6.9487E+43  1.4869E+40  1.1737E+44
  5.0120E+00  1.7320E+44  6.5276E+43  1.1030E+40  1.0791E+44
  5.3090E+00  1.5715E+44  6.1114E+43  7.9785E+39  9.6024E+43
  5.6230E+00  1.4184E+44  5.7032E+43  5.7145E+39  8.4805E+43
  5.9570E+00  1.2739E+44  5.3072E+43  4.0533E+39  7.4316E+43
  6.3100E+00  1.1369E+44  4.8976E+43  2.8451E+39  6.4710E+43
  6.6830E+00  1.0149E+44  4.5476E+43  1.9846E+39  5.6014E+43
  7.0790E+00  9.0061E+43  4.1869E+43  1.3652E+39  4.8190E+43
  7.4990E+00  7.9991E+43  3.8761E+43  9.2118E+38  4.1229E+43
  7.9430E+00  7.2758E+43  3.7649E+43  6.1761E+38  3.5109E+43
  8.4140E+00  6.8321E+43  3.8569E+43  4.4100E+38  2.9752E+43
  8.9130E+00  6.4244E+43  3.9140E+43  3.3980E+38  2.5104E+43
  9.4410E+00  6.0324E+43  3.9223E+43  2.9352E+38  2.1101E+43
  1.0000E+01  5.3441E+43  3.5770E+43  2.2764E+38  1.7671E+43
  1.0590E+01  4.6449E+43  3.1691E+43  1.7015E+38  1.4758E+43
  1.1220E+01  3.9572E+43  2.7304E+43  1.1691E+38  1.2267E+43
  1.1890E+01  3.3417E+43  2.3258E+43  7.9075E+37  1.0159E+43
  1.2590E+01  2.8199E+43  1.9787E+43  5.1992E+37  8.4119E+42
  1.3340E+01  2.3755E+43  1.6823E+43  3.3361E+37  6.9319E+42
  1.4130E+01  2.0389E+43  1.4684E+43  2.1154E+37  5.7050E+42
  1.4960E+01  1.8482E+43  1.3790E+43  1.4264E+37  4.6919E+42
  1.5850E+01  1.7095E+43  1.3253E+43  1.0171E+37  3.8414E+42
  1.6790E+01  1.5949E+43  1.2808E+43  7.5950E+36  3.1409E+42
  1.7780E+01  1.4746E+43  1.2180E+43  5.8193E+36  2.5663E+42
  1.8840E+01  1.3266E+43  1.1177E+43  4.4002E+36  2.0888E+42
  1.9950E+01  1.1580E+43  9.8789E+42  3.1736E+36  1.7013E+42
  2.1130E+01  1.0010E+43  8.6276E+42  2.2013E+36  1.3827E+42
  2.2390E+01  8.6488E+42  7.5285E+42  1.5179E+36  1.1203E+42
  2.3710E+01  7.4713E+42  6.5627E+42  1.0411E+36  9.0864E+41
  2.5120E+01  6.4236E+42  5.6888E+42  7.1195E+35  7.3479E+41
  2.6610E+01  5.4909E+42  4.8970E+42  4.8306E+35  5.9383E+41
  2.8180E+01  4.6638E+42  4.1838E+42  3.2669E+35  4.7994E+41
  2.9850E+01  3.9226E+42  3.5354E+42  2.1943E+35  3.8717E+41
  3.1620E+01  3.2624E+42  2.9504E+42  1.4592E+35  3.1199E+41
  3.3500E+01  2.6798E+42  2.4288E+42  9.6037E+34  2.5106E+41
  3.5480E+01  2.1763E+42  1.9742E+42  6.2615E+34  2.0210E+41
  3.7580E+01  1.7445E+42  1.5819E+42  4.0359E+34  1.6253E+41
  3.9810E+01  1.3787E+42  1.2482E+42  2.5704E+34  1.3054E+41
  4.2170E+01  1.0770E+42  9.7220E+41  1.6190E+34  1.0479E+41
  4.4670E+01  8.3240E+41  7.4833E+41  1.0082E+34  8.4074E+40
  4.7320E+01  6.3752E+41  5.7012E+41  6.2197E+33  6.7400E+40
  5.0120E+01  4.8463E+41  4.3060E+41  3.8070E+33  5.4034E+40
  5.3090E+01  3.6577E+41  3.2249E+41  2.3133E+33  4.3282E+40
  5.6230E+01  2.7464E+41  2.3997E+41  1.3980E+33  3.4667E+40
  5.9570E+01  2.0505E+41  1.7733E+41  8.4006E+32  2.7728E+40
  6.3100E+01  1.5262E+41  1.3044E+41  5.0326E+32  2.2180E+40
  6.6830E+01  1.1333E+41  9.5583E+40  3.0084E+32  1.7744E+40
  7.0790E+01  8.3960E+40  6.9777E+40  1.7946E+32  1.4183E+40
  7.4990E+01  6.2093E+40  5.0764E+40  1.0692E+32  1.1329E+40
  7.9430E+01  4.5904E+40  3.6853E+40  6.3710E+31  9.0505E+39
  8.4140E+01  3.3919E+40  2.6693E+40  3.7955E+31  7.2256E+39
  8.9130E+01  2.5078E+40  1.9312E+40  2.2637E+31  5.7665E+39
  9.4410E+01  1.8559E+40  1.3957E+40  1.3521E+31  4.6021E+39
  1.0000E+02  1.3748E+40  1.0076E+40  8.0874E+30  3.6722E+39
  1.0590E+02  1.0209E+40  7.2772E+39  4.8516E+30  2.9317E+39
  1.1220E+02  7.5884E+39  5.2527E+39  2.9125E+30  2.3358E+39
  1.1890E+02  5.6582E+39  3.7992E+39  1.7534E+30  1.8590E+39
  1.2590E+02  4.2529E+39  2.7690E+39  1.0636E+30  1.4838E+39
  1.3340E+02  3.2073E+39  2.0262E+39  6.4759E+29  1.1811E+39
  1.4130E+02  2.4136E+39  1.4725E+39  3.9545E+29  9.4117E+38
  1.4960E+02  1.7994E+39  1.0482E+39  2.3993E+29  7.5121E+38
  1.5850E+02  1.3387E+39  7.4085E+38  1.4497E+29  5.9781E+38
  1.7780E+02  7.5403E+38  3.7461E+38  5.3640E+28  3.7942E+38
  1.9950E+02  4.3089E+38  1.9046E+38  2.0079E+28  2.4043E+38
  2.2390E+02  2.4907E+38  9.6909E+37  7.5866E+27  1.5216E+38
  2.5120E+02  1.4574E+38  4.9365E+37  2.8940E+27  9.6376E+37
  2.8180E+02  8.6179E+37  2.5136E+37  1.1124E+27  6.1043E+37
  3.1620E+02  5.1395E+37  1.2778E+37  4.2987E+26  3.8617E+37
  3.5480E+02  3.0912E+37  6.4913E+36  1.6695E+26  2.4421E+37
  3.9810E+02  1.8737E+37  3.2950E+36  6.5152E+25  1.5442E+37
  4.4670E+02  1.1431E+37  1.6710E+36  2.5518E+25  9.7603E+36
  5.0120E+02  7.0165E+36  8.4704E+35  1.0028E+25  6.1695E+36
  5.6230E+02  4.3296E+36  4.2924E+35  3.9515E+24  3.9003E+36
  6.3100E+02  2.6801E+36  2.1717E+35  1.5592E+24  2.4629E+36
  7.0790E+02  1.6667E+36  1.0992E+35  6.1696E+23  1.5568E+36
  7.9430E+02  1.0388E+36  5.5562E+34  2.4429E+23  9.8325E+35
  8.9130E+02  6.4883E+35  2.8060E+34  9.6810E+22  6.2077E+35
  1.0000E+03  4.0631E+35  1.4170E+34  3.8428E+22  3.9214E+35
