  1.0000E-03  8.7677E+44  0.0000E+00  1.5294E+41  8.7662E+44
  1.1220E-03  9.8378E+44  0.0000E+00  2.0526E+41  9.8357E+44
  1.2590E-03  1.1039E+45  0.0000E+00  2.6294E+41  1.1037E+45
  1.4130E-03  1.2390E+45  0.0000E+00  3.2393E+41  1.2387E+45
  1.5850E-03  1.3898E+45  0.0000E+00  3.8652E+41  1.3894E+45
  1.7780E-03  1.5591E+45  0.0000E+00  5.0073E+41  1.5586E+45
  1.9950E-03  1.7495E+45  0.0000E+00  6.5345E+41  1.7488E+45
  2.2390E-03  1.9635E+45  0.0000E+00  7.5374E+41  1.9627E+45
  2.5120E-03  2.2030E+45  0.0000E+00  1.0488E+42  2.2020E+45
  2.8180E-03  2.4716E+45  0.0000E+00  1.3686E+42  2.4702E+45
  3.1620E-03  2.7735E+45  0.0000E+00  1.6703E+42  2.7718E+45
  3.5480E-03  3.1123E+45  0.0000E+00  1.9664E+42  3.1103E+45
  3.9810E-03  3.4921E+45  0.0000E+00  2.2435E+42  3.4898E+45
  4.4670E-03  3.9181E+45  0.0000E+00  2.2713E+42  3.9158E+45
  5.0120E-03  4.3967E+45  0.0000E+00  3.1209E+42  4.3936E+45
  5.6230E-03  4.9333E+45  0.0000E+00  4.0890E+42  4.9292E+45
  5.9570E-03  5.2266E+45  0.0000E+00  4.6033E+42  5.2220E+45
  6.6830E-03  5.8642E+45  0.0000E+00  5.6471E+42  5.8585E+45
  7.4990E-03  6.5806E+45  0.0000E+00  6.7531E+42  6.5738E+45
  8.4140E-03  7.3839E+45  0.0000E+00  8.0323E+42  7.3758E+45
  9.4410E-03  8.2854E+45  0.0000E+00  9.2700E+42  8.2761E+45
  1.0590E-02  9.2934E+45  0.0000E+00  1.0109E+43  9.2833E+45
  1.1890E-02  1.0435E+46  0.0000E+00  1.2244E+43  1.0423E+46
  1.3340E-02  1.1708E+46  0.0000E+00  1.3873E+43  1.1694E+46
  1.4960E-02  1.3130E+46  0.0000E+00  1.6022E+43  1.3114E+46
  1.6790E-02  1.4737E+46  0.0000E+00  1.8200E+43  1.4718E+46
  1.8840E-02  1.6536E+46  0.0000E+00  2.0383E+43  1.6515E+46
  2.1130E-02  1.8547E+46  0.0000E+00  2.3319E+43  1.8524E+46
  2.3710E-02  2.0811E+46  0.0000E+00  2.6461E+43  2.0785E+46
  2.6610E-02  2.3356E+46  0.0000E+00  2.9955E+43  2.3326E+46
  2.9850E-02  2.6200E+46  8.0637E-84  3.3704E+43  2.6166E+46
  3.3500E-02  2.9404E+46  5.2563E-69  3.7753E+43  2.9367E+46
  3.7580E-02  3.2984E+46  6.6093E-56  4.1563E+43  3.2942E+46
  4.2170E-02  3.7018E+46  2.9224E-44  5.1050E+43  3.6967E+46
  4.7320E-02  4.1542E+46  8.0774E-34  5.9782E+43  4.1482E+46
  5.3090E-02  4.3277E+46  1.5260E-24  6.4735E+43  4.3212E+46
  6.6830E-02  4.1337E+46  6.3626E-09  6.8675E+43  4.1268E+46
  7.4990E-02  4.0394E+46  2.2994E-02  6.5563E+43  4.0328E+46
  8.4140E-02  3.9473E+46  1.1834E+04  6.2873E+43  3.9410E+46
  9.4410E-02  3.8575E+46  1.4038E+09  6.1985E+43  3.8513E+46
  1.0590E-01  3.5114E+46  3.7492E+13  5.8297E+43  3.5055E+46
  1.1890E-01  2.9514E+46  2.5671E+17  4.7056E+43  2.9467E+46
  1.3340E-01  2.4834E+46  4.7287E+20  3.8072E+43  2.4795E+46
  1.4960E-01  2.0908E+46  5.0761E+23  2.9373E+43  2.0878E+46
  1.5850E-01  1.9172E+46  1.4848E+25  2.6674E+43  1.9145E+46
  1.7780E-01  1.6139E+46  8.0103E+27  2.4265E+43  1.6114E+46
  1.9950E-01  1.3580E+46  2.6398E+30  2.1674E+43  1.3558E+46
  2.2390E-01  1.1422E+46  3.4975E+32  1.8991E+43  1.1403E+46
  2.3710E-01  1.0482E+46  2.2270E+33  1.7906E+43  1.0464E+46
  2.5120E-01  9.6119E+45  1.2045E+34  1.6097E+43  9.5958E+45
  2.6610E-01  8.8154E+45  6.2045E+34  1.4190E+43  8.8012E+45
  2.8180E-01  8.0885E+45  2.9693E+35  1.2427E+43  8.0761E+45
  2.9850E-01  7.4188E+45  1.3035E+36  1.0922E+43  7.4079E+45
  3.1620E-01  6.8043E+45  5.1578E+36  9.6418E+42  6.7947E+45
  3.3500E-01  6.2393E+45  1.8678E+37  8.5140E+42  6.2308E+45
  3.5480E-01  5.7240E+45  6.2097E+37  7.5188E+42  5.7165E+45
  3.7580E-01  5.2508E+45  1.9126E+38  6.6181E+42  5.2442E+45
  3.9810E-01  4.8156E+45  5.4309E+38  5.8403E+42  4.8097E+45
  4.2170E-01  4.4168E+45  1.4172E+39  5.1181E+42  4.4116E+45
  4.4670E-01  4.0511E+45  3.4293E+39  4.4908E+42  4.0466E+45
  4.7320E-01  3.7154E+45  7.8105E+39  3.9262E+42  3.7115E+45
  5.0120E-01  3.4082E+45  1.6793E+40  3.4203E+42  3.4048E+45
  5.3090E-01  3.1262E+45  3.4265E+40  2.9603E+42  3.1232E+45
  5.6230E-01  2.8678E+45  6.6297E+40  2.5665E+42  2.8651E+45
  5.9570E-01  2.6299E+45  1.2247E+41  2.2215E+42  2.6276E+45
  6.3100E-01  2.4125E+45  2.1577E+41  1.9147E+42  2.4103E+45
  6.6830E-01  2.2134E+45  3.6337E+41  1.6419E+42  2.2114E+45
  7.0790E-01  2.0304E+45  5.8721E+41  1.4038E+42  2.0284E+45
  7.4990E-01  1.8626E+45  9.1282E+41  1.1984E+42  1.8605E+45
  7.9430E-01  1.7090E+45  1.3665E+42  1.0178E+42  1.7066E+45
  8.4140E-01  1.5682E+45  1.9793E+42  8.5906E+41  1.5653E+45
  8.9130E-01  1.4392E+45  2.7805E+42  7.1742E+41  1.4357E+45
  9.4410E-01  1.3214E+45  3.7953E+42  5.9527E+41  1.3170E+45
  1.0000E+00  1.2137E+45  5.0492E+42  4.9194E+41  1.2081E+45
  1.0590E+00  1.1155E+45  6.5578E+42  4.0514E+41  1.1086E+45
  1.1220E+00  1.0252E+45  8.3693E+42  3.3130E+41  1.0165E+45
  1.1890E+00  9.4260E+44  1.0508E+43  2.6838E+41  9.3183E+44
  1.2590E+00  8.6834E+44  1.2922E+43  2.1488E+41  8.5520E+44
  1.3340E+00  7.9996E+44  1.5686E+43  1.7082E+41  7.8411E+44
  1.4130E+00  7.3813E+44  1.8721E+43  1.3575E+41  7.1927E+44
  1.4960E+00  6.8237E+44  2.2009E+43  1.0766E+41  6.6026E+44
  1.5850E+00  6.3117E+44  2.5649E+43  8.4786E+40  6.0543E+44
  1.6790E+00  5.8485E+44  2.9479E+43  6.6241E+40  5.5530E+44
  1.7780E+00  5.4301E+44  3.3387E+43  5.1266E+40  5.0957E+44
  1.8840E+00  5.0468E+44  3.7452E+43  3.9237E+40  4.6719E+44
  1.9950E+00  4.7022E+44  4.1440E+43  2.9758E+40  4.2875E+44
  2.1130E+00  4.3872E+44  4.5366E+43  2.2366E+40  3.9333E+44
  2.2390E+00  4.0975E+44  4.9128E+43  1.6681E+40  3.6061E+44
  2.3710E+00  3.8345E+44  5.2519E+43  1.2378E+40  3.3092E+44
  2.5120E+00  3.5907E+44  5.5615E+43  9.1471E+39  3.0344E+44
  2.6610E+00  3.3658E+44  5.8252E+43  6.7439E+39  2.7832E+44
  2.8180E+00  3.1569E+44  6.0304E+43  4.9631E+39  2.5538E+44
  2.9850E+00  2.9610E+44  6.1838E+43  3.6475E+39  2.3426E+44
  3.1620E+00  2.7765E+44  6.2778E+43  2.6777E+39  2.1487E+44
  3.3500E+00  2.6040E+44  6.3364E+43  1.9659E+39  1.9704E+44
  3.5480E+00  2.4400E+44  6.3226E+43  1.4420E+39  1.8078E+44
  3.7580E+00  2.2848E+44  6.2649E+43  1.0568E+39  1.6583E+44
  3.9810E+00  2.1377E+44  6.1674E+43  7.7380E+38  1.5210E+44
  4.2170E+00  1.9981E+44  6.0299E+43  5.6613E+38  1.3951E+44
  4.4670E+00  1.8656E+44  5.8592E+43  4.1368E+38  1.2796E+44
  4.7320E+00  1.7407E+44  5.6709E+43  3.0186E+38  1.1737E+44
  5.0120E+00  1.6262E+44  5.4703E+43  2.2041E+38  1.0791E+44
  5.3090E+00  1.4862E+44  5.2598E+43  1.5718E+38  9.6024E+43
  5.6230E+00  1.3529E+44  5.0487E+43  1.1143E+38  8.4805E+43
  5.9570E+00  1.2278E+44  4.8464E+43  7.8579E+37  7.4316E+43
  6.3100E+00  1.1075E+44  4.6040E+43  5.4954E+37  6.4710E+43
  6.6830E+00  1.0013E+44  4.4119E+43  3.8343E+37  5.6014E+43
  7.0790E+00  9.0011E+43  4.1821E+43  2.6427E+37  4.8190E+43
  7.4990E+00  8.3640E+43  4.2411E+43  1.8587E+37  4.1229E+43
  7.9430E+00  9.2094E+43  5.6985E+43  1.5499E+37  3.5109E+43
  8.4140E+00  1.1739E+44  8.7634E+43  1.6040E+37  2.9752E+43
  8.9130E+00  1.4094E+44  1.1584E+44  1.6788E+37  2.5104E+43
  9.4410E+00  1.6066E+44  1.3956E+44  1.8557E+37  2.1101E+43
  1.0000E+01  1.3723E+44  1.1956E+44  1.3443E+37  1.7671E+43
  1.0590E+01  1.1023E+44  9.5473E+43  8.8719E+36  1.4758E+43
  1.1220E+01  8.3904E+43  7.1636E+43  5.1660E+36  1.2267E+43
  1.1890E+01  6.4669E+43  5.4509E+43  3.0582E+36  1.0159E+43
  1.2590E+01  4.9803E+43  4.1391E+43  1.7730E+36  8.4119E+42
  1.3340E+01  3.8837E+43  3.1905E+43  1.0265E+36  6.9319E+42
  1.4130E+01  3.2144E+43  2.6439E+43  6.1914E+35  5.7050E+42
  1.4960E+01  3.0705E+43  2.6013E+43  4.4242E+35  4.6919E+42
  1.5850E+01  3.0470E+43  2.6629E+43  3.4273E+35  3.8414E+42
  1.6790E+01  3.0355E+43  2.7214E+43  2.7758E+35  3.1409E+42
  1.7780E+01  2.9236E+43  2.6670E+43  2.2435E+35  2.5663E+42
  1.8840E+01  2.6401E+43  2.4312E+43  1.7081E+35  2.0888E+42
  1.9950E+01  2.2341E+43  2.0640E+43  1.1854E+35  1.7013E+42
  2.1130E+01  1.8597E+43  1.7214E+43  7.8456E+34  1.3827E+42
  2.2390E+01  1.5552E+43  1.4432E+43  5.1982E+34  1.1203E+42
  2.3710E+01  1.3053E+43  1.2144E+43  3.4417E+34  9.0864E+41
  2.5120E+01  1.0952E+43  1.0217E+43  2.2838E+34  7.3479E+41
  2.6610E+01  9.1630E+42  8.5691E+42  1.5080E+34  5.9383E+41
  2.8180E+01  7.6459E+42  7.1660E+42  9.9636E+33  4.7994E+41
  2.9850E+01  6.3395E+42  5.9524E+42  6.5600E+33  3.8717E+41
  3.1620E+01  5.2112E+42  4.8992E+42  4.2858E+33  3.1199E+41
  3.3500E+01  4.2421E+42  3.9910E+42  2.7776E+33  2.5106E+41
  3.5480E+01  3.4227E+42  3.2206E+42  1.7875E+33  2.0210E+41
  3.7580E+01  2.7299E+42  2.5674E+42  1.1385E+33  1.6253E+41
  3.9810E+01  2.1476E+42  2.0171E+42  7.1635E+32  1.3054E+41
  4.2170E+01  1.6707E+42  1.5659E+42  4.4587E+32  1.0479E+41
  4.4670E+01  1.2865E+42  1.2024E+42  2.7447E+32  8.4074E+40
  4.7320E+01  9.8191E+41  9.1451E+41  1.6741E+32  6.7400E+40
  5.0120E+01  7.4406E+41  6.9003E+41  1.0135E+32  5.4034E+40
  5.3090E+01  5.5994E+41  5.1666E+41  6.0928E+31  4.3282E+40
  5.6230E+01  4.1926E+41  3.8460E+41  3.6440E+31  3.4667E+40
  5.9570E+01  3.1215E+41  2.8442E+41  2.1671E+31  2.7728E+40
  6.3100E+01  2.3165E+41  2.0947E+41  1.2850E+31  2.2180E+40
  6.6830E+01  1.7146E+41  1.5372E+41  7.6026E+30  1.7744E+40
  7.0790E+01  1.2660E+41  1.1241E+41  4.4885E+30  1.4183E+40
  7.4990E+01  9.3265E+40  8.1936E+40  2.6459E+30  1.1329E+40
  7.9430E+01  6.8653E+40  5.9602E+40  1.5597E+30  9.0505E+39
  8.4140E+01  5.0486E+40  4.3260E+40  9.1889E+29  7.2256E+39
  8.9130E+01  3.7130E+40  3.1363E+40  5.4187E+29  5.7665E+39
  9.4410E+01  2.7313E+40  2.2711E+40  3.1986E+29  4.6021E+39
  1.0000E+02  2.0098E+40  1.6426E+40  1.8903E+29  3.6722E+39
  1.0590E+02  1.4814E+40  1.1883E+40  1.1200E+29  2.9317E+39
  1.1220E+02  1.0924E+40  8.5881E+39  6.6394E+28  2.3358E+39
  1.1890E+02  8.0738E+39  6.2148E+39  3.9466E+28  1.8590E+39
  1.2590E+02  6.0094E+39  4.5256E+39  2.3632E+28  1.4838E+39
  1.3340E+02  4.4840E+39  3.3029E+39  1.4203E+28  1.1811E+39
  1.4130E+02  3.3398E+39  2.3986E+39  8.5631E+27  9.4117E+38
  1.4960E+02  2.4668E+39  1.7156E+39  5.1309E+27  7.5121E+38
  1.5850E+02  1.8165E+39  1.2187E+39  3.0603E+27  5.9781E+38
  1.7780E+02  9.9934E+38  6.1992E+38  1.1031E+27  3.7942E+38
  1.9950E+02  5.5672E+38  3.1629E+38  4.0265E+26  2.4043E+38
  2.2390E+02  3.1350E+38  1.6134E+38  1.4861E+26  1.5216E+38
  2.5120E+02  1.7873E+38  8.2354E+37  5.5482E+25  9.6376E+37
  2.8180E+02  1.0305E+38  4.2003E+37  2.0918E+25  6.1043E+37
  3.1620E+02  6.0000E+37  2.1383E+37  7.9465E+24  3.8617E+37
  3.5480E+02  3.5296E+37  1.0875E+37  3.0406E+24  2.4421E+37
  3.9810E+02  2.0968E+37  5.5257E+36  1.1716E+24  1.5442E+37
  4.4670E+02  1.2565E+37  2.8044E+36  4.5391E+23  9.7603E+36
  5.0120E+02  7.5918E+36  1.4224E+36  1.7676E+23  6.1695E+36
  5.6230E+02  4.6214E+36  7.2108E+35  6.9126E+22  3.9003E+36
  6.3100E+02  2.8279E+36  3.6493E+35  2.7105E+22  2.4629E+36
  7.0790E+02  1.7415E+36  1.8474E+35  1.0670E+22  1.5568E+36
  7.9430E+02  1.0766E+36  9.3389E+34  4.2071E+21  9.8325E+35
  8.9130E+02  6.6793E+35  4.7163E+34  1.6616E+21  6.2077E+35
  1.0000E+03  4.1595E+35  2.3816E+34  6.5771E+20  3.9214E+35
