  1.0000E-03  2.2391E+38  0.0000E+00  2.2391E+38  1.2697E+32
  1.1220E-03  2.0477E+37  0.0000E+00  2.0477E+37  8.0730E+28
  1.2590E-03  1.7942E+36  0.0000E+00  1.7942E+36  3.2094E+25
  1.4130E-03  1.4845E+35  0.0000E+00  1.4845E+35  9.0352E+21
  1.5850E-03  1.8658E+34  0.0000E+00  1.8658E+34  8.9100E+18
  1.7780E-03  1.3877E+34  0.0000E+00  1.3877E+34  9.0968E+17
  1.9950E-03  3.1329E+32  0.0000E+00  3.1329E+32  1.0232E+12
  2.2390E-03  1.4262E+31  0.0000E+00  1.4262E+31  2.9910E+07
  2.5120E-03  7.1331E+30  0.0000E+00  7.1331E+30  3.3037E+05
  2.8180E-03  3.8745E+28  0.0000E+00  3.8745E+28  1.0481E-03
  3.1620E-03  3.4153E+26  0.0000E+00  3.4153E+26  2.5136E-11
  3.5480E-03  3.8394E+24  0.0000E+00  3.8394E+24  1.6912E-18
  3.9810E-03  6.2158E+22  0.0000E+00  6.2158E+22  5.2491E-25
  4.4670E-03  3.2951E+30  0.0000E+00  3.2951E+30  5.0621E+01
  5.0120E-03  1.3198E+28  0.0000E+00  1.3198E+28  3.5566E-08
  5.6230E-03  5.8760E+25  0.0000E+00  5.8760E+25  3.0090E-17
  5.9570E-03  4.5080E+24  0.0000E+00  4.5080E+24  1.3858E-21
  6.6830E-03  4.7061E+22  0.0000E+00  4.7061E+22  2.4809E-29
  7.4990E-03  1.3329E+21  0.0000E+00  1.3329E+21  1.8339E-35
  8.4140E-03  1.8695E+19  0.0000E+00  1.8695E+19  9.4794E-43
  9.4410E-03  5.8830E+17  0.0000E+00  5.8830E+17  1.3243E-48
  1.0590E-02  1.0853E+17  0.0000E+00  1.0853E+17  2.6398E-51
  1.1890E-02  2.5132E+15  0.0000E+00  2.5132E+15  6.4242E-58
  1.3340E-02  1.3069E+14  0.0000E+00  1.3069E+14  6.9824E-63
  1.4960E-02  3.2323E+12  0.0000E+00  3.2323E+12  3.6032E-69
  1.6790E-02  1.0772E+11  0.0000E+00  1.0772E+11  6.8660E-75
  1.8840E-02  5.3918E+09  0.0000E+00  5.3918E+09  7.0604E-80
  2.1130E-02  1.9681E+08  0.0000E+00  1.9681E+08  1.6696E-85
  2.3710E-02  6.1137E+06  0.0000E+00  6.1137E+06  2.3293E-91
  2.6610E-02  1.3674E+05  0.0000E+00  1.3674E+05  9.4858E-98
  2.9850E-02  3.1996E+03  0.0000E+00  3.1996E+03  4.8697-104
  3.3500E-02  6.8908E+01  0.0000E+00  6.8908E+01  1.9635-110
  3.7580E-02  2.4276E+01  0.0000E+00  2.4276E+01  4.1700-112
  4.2170E-02  8.2459E-01  0.0000E+00  8.2459E-01  1.4045-118
  4.7320E-02  1.0202E-04  0.0000E+00  1.0202E-04  7.7450-134
  5.3090E-02  1.8579E-09  0.0000E+00  1.8579E-09  3.9659-152
  6.6830E-02  2.7035E-28  0.0000E+00  2.7035E-28  1.5759-224
  7.4990E-02  2.0206E-40  0.0000E+00  2.0206E-40  1.0932-270
  8.4140E-02  1.7929E-37  0.0000E+00  1.7929E-37  2.8026-259
  9.4410E-02  2.1661E-35  0.0000E+00  2.1661E-35  2.2536-251
  1.0590E-01  6.2961E-27  0.0000E+00  6.2961E-27  3.1035-219
  1.1890E-01  1.6415E-17  0.0000E+00  1.6415E-17  8.9383-183
  1.3340E-01  9.9557E-11  0.0000E+00  9.9557E-11  2.2441-156
  1.4960E-01  1.3539E-06  0.0000E+00  1.3539E-06  2.0534-139
  1.5850E-01  6.6270E-06  0.0000E+00  6.6270E-06  2.5385-136
  1.7780E-01  3.0682E-07  0.0000E+00  3.0682E-07  1.8533-141
  1.9950E-01  3.3845E-15  0.0000E+00  3.3845E-15  5.5274-172
  2.2390E-01  5.9073E-20  0.0000E+00  5.9073E-20  1.8954-190
  2.3710E-01  6.3688E-14  0.0000E+00  6.3688E-14  1.1112-167
  2.5120E-01  9.7864E-08  0.0000E+00  9.7864E-08  6.0928-144
  2.6610E-01  1.3221E-03  0.0000E+00  1.3221E-03  7.5308-128
  2.8180E-01  1.1688E+00  0.0000E+00  1.1688E+00  3.2752-116
  2.9850E-01  2.4078E+02  0.0000E+00  2.4078E+02  5.0853-107
  3.1620E-01  2.8956E+04  0.0000E+00  2.8956E+04  8.9353E-99
  3.3500E-01  2.3309E+06  0.0000E+00  2.3309E+06  3.2694E-91
  3.5480E-01  1.1726E+08  0.0000E+00  1.1726E+08  1.9487E-84
  3.7580E-01  5.5355E+09  1.4903E-84  5.5355E+09  9.1201E-78
  3.9810E-01  1.8631E+11  5.8980E-78  1.8631E+11  1.0942E-71
  4.2170E-01  8.2319E+12  6.1994E-71  8.2319E+12  3.7736E-65
  4.4670E-01  3.1870E+14  3.4220E-64  3.1870E+14  7.3711E-59
  4.7320E-01  1.1224E+16  1.2401E-57  1.1224E+16  1.0037E-52
  5.0120E-01  3.4476E+17  2.5346E-51  3.4476E+17  8.1691E-47
  5.3090E-01  1.0749E+19  5.2912E-45  1.0749E+19  7.1390E-41
  5.6230E-01  2.5332E+20  3.3631E-39  2.5332E+20  2.0106E-35
  5.9570E-01  5.0458E+21  1.0246E-33  5.0458E+21  2.8475E-30
  6.3100E-01  9.4066E+22  2.2402E-28  9.4066E+22  3.0364E-25
  6.6830E-01  1.6368E+24  3.4513E-23  1.6368E+24  2.3882E-20
  7.0790E-01  2.5970E+25  3.2717E-18  2.5970E+25  1.2062E-15
  7.4990E-01  3.4671E+26  1.3889E-13  3.4671E+26  2.8484E-11
  7.9430E-01  4.2463E+27  3.7351E-09  4.2463E+27  4.4361E-07
  8.4140E-01  4.8730E+28  6.8874E-05  4.8730E+28  4.9071E-03
  8.9130E-01  5.6553E+29  1.2049E+00  5.6553E+29  5.3081E+01
  9.4410E-01  5.9142E+30  1.2845E+04  5.9142E+30  3.6128E+05
  1.0000E+00  5.1503E+31  6.3419E+07  5.1503E+31  1.1763E+09
  1.0590E+00  3.8133E+32  1.5938E+11  3.8133E+32  2.0108E+12
  1.1220E+00  2.4770E+33  2.3741E+14  2.4770E+33  2.0852E+15
  1.1890E+00  1.4295E+34  2.2697E+17  1.4295E+34  1.4183E+18
  1.2590E+00  7.4922E+34  1.5602E+20  7.4922E+34  7.1120E+20
  1.3340E+00  3.4237E+35  6.2487E+22  3.4237E+35  2.1205E+23
  1.4130E+00  1.3332E+36  1.2949E+25  1.3332E+36  3.3610E+25
  1.4960E+00  4.5776E+36  1.5681E+27  4.5776E+36  3.1889E+27
  1.5850E+00  1.4385E+37  1.2498E+29  1.4385E+37  2.0238E+29
  1.6790E+00  4.2439E+37  7.0205E+30  4.2439E+37  9.2356E+30
  1.7780E+00  1.1876E+38  2.8251E+32  1.1876E+38  3.0816E+32
  1.8840E+00  3.1579E+38  8.1079E+33  3.1578E+38  7.4543E+33
  1.9950E+00  7.9117E+38  1.6518E+35  7.9088E+38  1.3059E+35
  2.1130E+00  1.8531E+39  2.3976E+36  1.8491E+39  1.6590E+36
  2.2390E+00  4.0455E+39  2.5139E+37  4.0049E+39  1.5503E+37
  2.3710E+00  8.2867E+39  1.9360E+38  7.9846E+39  1.0850E+38
  2.5120E+00  1.6474E+40  1.1241E+39  1.4768E+40  5.8191E+38
  2.6610E+00  3.3160E+40  5.0816E+39  2.5606E+40  2.4717E+39
  2.8180E+00  6.9281E+40  1.8507E+40  4.2176E+40  8.5983E+39
  2.9850E+00  1.4727E+41  5.5740E+40  6.6450E+40  2.5083E+40
  3.1620E+00  3.0694E+41  1.4314E+41  1.0055E+41  6.3243E+40
  3.3500E+00  5.9748E+41  3.1542E+41  1.4393E+41  1.3813E+41
  3.5480E+00  1.0941E+42  6.2297E+41  1.9753E+41  2.7356E+41
  3.7580E+00  1.8568E+42  1.1080E+42  2.5688E+41  4.9188E+41
  3.9810E+00  2.9315E+42  1.8007E+42  3.1649E+41  8.1424E+41
  4.2170E+00  4.3373E+42  2.7104E+42  3.7037E+41  1.2565E+42
  4.4670E+00  6.0593E+42  3.8203E+42  4.1302E+41  1.8260E+42
  4.7320E+00  8.0028E+42  5.0602E+42  4.3782E+41  2.5048E+42
  5.0120E+00  1.0059E+43  6.3444E+42  4.4299E+41  3.2720E+42
  5.3090E+00  1.1940E+43  7.5668E+42  4.2460E+41  3.9491E+42
  5.6230E+00  1.3537E+43  8.6208E+42  3.8826E+41  4.5282E+42
  5.9570E+00  1.4694E+43  9.4133E+42  3.3913E+41  4.9416E+42
  6.3100E+00  1.5549E+43  1.0016E+43  2.8793E+41  5.2454E+42
  6.6830E+00  1.6021E+43  1.0427E+43  2.3670E+41  5.3570E+42
  7.0790E+00  1.6229E+43  1.0675E+43  1.8989E+41  5.3646E+42
  7.4990E+00  1.3428E+43  8.9982E+42  1.2134E+41  4.3086E+42
  7.9430E+00  4.3850E+42  3.1013E+42  3.0558E+40  1.2531E+42
  8.4140E+00  4.6298E+41  3.6042E+41  3.6294E+39  9.8926E+40
  8.9130E+00  5.8627E+40  5.0595E+40  7.4296E+38  7.2893E+39
  9.4410E+00  1.3596E+40  1.2771E+40  2.4900E+38  5.7561E+38
  1.0000E+01  3.2595E+40  3.0794E+40  3.5390E+38  1.4473E+39
  1.0590E+01  1.0245E+41  9.5883E+40  6.3007E+38  5.9322E+39
  1.1220E+01  3.6595E+41  3.3588E+41  1.2582E+39  2.8809E+40
  1.1890E+01  9.3982E+41  8.5125E+41  2.1197E+39  8.6451E+40
  1.2590E+01  1.9996E+42  1.7915E+42  3.1988E+39  2.0485E+41
  1.3340E+01  3.3973E+42  3.0260E+42  4.0276E+39  3.6724E+41
  1.4130E+01  4.3643E+42  3.9089E+42  3.8066E+39  4.5159E+41
  1.4960E+01  3.8483E+42  3.5429E+42  2.4203E+39  3.0298E+41
  1.5850E+01  3.2019E+42  3.0313E+42  1.4645E+39  1.6910E+41
  1.6790E+01  2.7638E+42  2.6732E+42  9.2945E+38  8.9641E+40
  1.7780E+01  2.6722E+42  2.6171E+42  6.8006E+38  5.4361E+40
  1.8840E+01  2.9581E+42  2.9129E+42  5.9630E+38  4.4577E+40
  1.9950E+01  3.5802E+42  3.5297E+42  5.9262E+38  4.9885E+40
  2.1130E+01  4.2793E+42  4.2210E+42  5.7507E+38  5.7668E+40
  2.2390E+01  4.9056E+42  4.8428E+42  5.3192E+38  6.2254E+40
  2.3710E+01  5.4374E+42  5.3725E+42  4.7358E+38  6.4389E+40
  2.5120E+01  5.8515E+42  5.7871E+42  4.0957E+38  6.3970E+40
  2.6610E+01  6.1433E+42  6.0808E+42  3.4502E+38  6.2145E+40
  2.8180E+01  6.2978E+42  6.2385E+42  2.8444E+38  5.9059E+40
  2.9850E+01  6.3159E+42  6.2605E+42  2.2992E+38  5.5161E+40
  3.1620E+01  6.2056E+42  6.1543E+42  1.8237E+38  5.1041E+40
  3.3500E+01  5.9746E+42  5.9276E+42  1.4202E+38  4.6798E+40
  3.5480E+01  5.6419E+42  5.5992E+42  1.0866E+38  4.2604E+40
  3.7580E+01  5.2283E+42  5.1896E+42  8.1769E+37  3.8635E+40
  3.9810E+01  4.7540E+42  4.7189E+42  6.0611E+37  3.5046E+40
  4.2170E+01  4.2439E+42  4.2122E+42  4.4161E+37  3.1679E+40
  4.4670E+01  3.7213E+42  3.6928E+42  3.1585E+37  2.8485E+40
  4.7320E+01  3.2078E+42  3.1824E+42  2.2188E+37  2.5427E+40
  5.0120E+01  2.7215E+42  2.6990E+42  1.5322E+37  2.2536E+40
  5.3090E+01  2.2735E+42  2.2537E+42  1.0404E+37  1.9806E+40
  5.6230E+01  1.8732E+42  1.8559E+42  6.9545E+36  1.7265E+40
  5.9570E+01  1.5222E+42  1.5073E+42  4.5771E+36  1.4917E+40
  6.3100E+01  1.2228E+42  1.2100E+42  2.9725E+36  1.2790E+40
  6.6830E+01  9.7195E+41  9.6106E+41  1.9070E+36  1.0890E+40
  7.0790E+01  7.6499E+41  7.5578E+41  1.2093E+36  9.2007E+39
  7.4990E+01  5.9661E+41  5.8889E+41  7.5877E+35  7.7219E+39
  7.9430E+01  4.6178E+41  4.5534E+41  4.7189E+35  6.4453E+39
  8.4140E+01  3.5486E+41  3.4951E+41  2.9093E+35  5.3493E+39
  8.9130E+01  2.7112E+41  2.6670E+41  1.7814E+35  4.4174E+39
  9.4410E+01  2.0604E+41  2.0240E+41  1.0839E+35  3.6335E+39
  1.0000E+02  1.5581E+41  1.5283E+41  6.5569E+34  2.9778E+39
  1.0590E+02  1.1742E+41  1.1499E+41  3.9508E+34  2.4339E+39
  1.1220E+02  8.8154E+40  8.6175E+40  2.3685E+34  1.9793E+39
  1.1890E+02  6.6077E+40  6.4474E+40  1.4168E+34  1.6036E+39
  1.2590E+02  4.9699E+40  4.8400E+40  8.5015E+33  1.2997E+39
  1.3340E+02  3.7399E+40  3.6351E+40  5.1079E+33  1.0481E+39
  1.4130E+02  2.7940E+40  2.7095E+40  3.0578E+33  8.4551E+38
  1.4960E+02  2.0508E+40  1.9824E+40  1.7977E+33  6.8335E+38
  1.5850E+02  1.4937E+40  1.4387E+40  1.0459E+33  5.4998E+38
  1.7780E+02  7.9669E+39  7.6115E+39  3.5521E+32  3.5545E+38
  1.9950E+02  4.2462E+39  4.0178E+39  1.2058E+32  2.2838E+38
  2.2390E+02  2.2566E+39  2.1106E+39  4.0870E+31  1.4609E+38
  2.5120E+02  1.1980E+39  1.1047E+39  1.3860E+31  9.3316E+37
  2.8180E+02  6.3529E+38  5.7579E+38  4.7050E+30  5.9501E+37
  3.1620E+02  3.3652E+38  2.9868E+38  1.5992E+30  3.7840E+37
  3.5480E+02  1.7844E+38  1.5441E+38  5.4542E+29  2.4030E+37
  3.9810E+02  9.4822E+37  7.9577E+37  1.8701E+29  1.5245E+37
  4.4670E+02  5.0552E+37  4.0891E+37  6.4527E+28  9.6610E+36
  5.0120E+02  2.7085E+37  2.0966E+37  2.2444E+28  6.1195E+36
  5.6230E+02  1.4606E+37  1.0730E+37  7.8777E+27  3.8752E+36
  6.3100E+02  7.9265E+36  5.4763E+36  2.7903E+27  2.4503E+36
  7.0790E+02  4.3433E+36  2.7929E+36  9.9979E+26  1.5504E+36
  7.9430E+02  2.4011E+36  1.4211E+36  3.6184E+26  9.8004E+35
  8.9130E+02  1.3410E+36  7.2184E+35  1.3234E+26  6.1916E+35
  1.0000E+03  7.5770E+35  3.6638E+35  4.8950E+25  3.9132E+35
