  1.0000E-03  8.9152E+44  4.3807E+00  1.4905E+43  8.7662E+44
  1.1220E-03  1.0010E+45  4.5430E+00  1.7395E+43  9.8357E+44
  1.2590E-03  1.1230E+45  4.6862E+00  1.9312E+43  1.1037E+45
  1.4130E-03  1.2593E+45  4.8130E+00  2.0606E+43  1.2387E+45
  1.5850E-03  1.4112E+45  4.9840E+00  2.1745E+43  1.3894E+45
  1.7780E-03  1.5850E+45  5.3599E+00  2.6386E+43  1.5586E+45
  1.9950E-03  1.7767E+45  5.2128E+00  2.7861E+43  1.7488E+45
  2.2390E-03  1.9901E+45  5.2046E+00  2.7399E+43  1.9627E+45
  2.5120E-03  2.2364E+45  5.4604E+00  3.4387E+43  2.2020E+45
  2.8180E-03  2.5053E+45  5.0652E+00  3.5045E+43  2.4702E+45
  3.1620E-03  2.8067E+45  4.8015E+00  3.4855E+43  2.7718E+45
  3.5480E-03  3.1445E+45  4.6105E+00  3.4256E+43  3.1103E+45
  3.9810E-03  3.5232E+45  4.5027E+00  3.3388E+43  3.4898E+45
  4.4670E-03  3.9986E+45  1.0561E+01  8.2812E+43  3.9158E+45
  5.0120E-03  4.4816E+45  9.5425E+00  8.8058E+43  4.3936E+45
  5.6230E-03  5.0210E+45  8.6746E+00  9.1778E+43  4.9292E+45
  5.9570E-03  5.3154E+45  8.3221E+00  9.3403E+43  5.2220E+45
  6.6830E-03  5.9554E+45  7.8332E+00  9.6885E+43  5.8585E+45
  7.4990E-03  6.6757E+45  7.6101E+00  1.0193E+44  6.5738E+45
  8.4140E-03  7.4822E+45  7.2994E+00  1.0637E+44  7.3758E+45
  9.4410E-03  8.3872E+45  7.1847E+00  1.1107E+44  8.2761E+45
  1.0590E-02  9.3986E+45  7.4228E+00  1.1527E+44  9.2833E+45
  1.1890E-02  1.0548E+46  7.2615E+00  1.2493E+44  1.0423E+46
  1.3340E-02  1.1826E+46  7.2760E+00  1.3154E+44  1.1694E+46
  1.4960E-02  1.3253E+46  7.1542E+00  1.3935E+44  1.3114E+46
  1.6790E-02  1.4866E+46  7.1035E+00  1.4737E+44  1.4718E+46
  1.8840E-02  1.6671E+46  7.1289E+00  1.5593E+44  1.6515E+46
  2.1130E-02  1.8690E+46  7.0952E+00  1.6692E+44  1.8524E+46
  2.3710E-02  2.0963E+46  7.0436E+00  1.7836E+44  2.0785E+46
  2.6610E-02  2.3517E+46  6.9383E+00  1.9053E+44  2.3326E+46
  2.9850E-02  2.6370E+46  6.8343E+00  2.0358E+44  2.6166E+46
  3.3500E-02  2.9584E+46  6.7198E+00  2.1705E+44  2.9367E+46
  3.7580E-02  3.3175E+46  7.3021E+00  2.3306E+44  3.2942E+46
  4.2170E-02  3.7256E+46  7.3008E+00  2.8894E+44  3.6967E+46
  4.7320E-02  4.1801E+46  6.0456E+00  3.1920E+44  4.1482E+46
  5.3090E-02  4.3538E+46  4.4400E+00  3.2542E+44  4.3212E+46
  6.6830E-02  4.1573E+46  1.3323E+00  3.0438E+44  4.1268E+46
  7.4990E-02  4.0623E+46  7.8838E-01  2.9486E+44  4.0328E+46
  8.4140E-02  3.9692E+46  4.9814E+04  2.8192E+44  3.9410E+46
  9.4410E-02  3.8788E+46  6.3338E+09  2.7591E+44  3.8513E+46
  1.0590E-01  3.5318E+46  2.0883E+14  2.6211E+44  3.5055E+46
  1.1890E-01  2.9677E+46  1.8505E+18  2.0930E+44  2.9467E+46
  1.3340E-01  2.4968E+46  4.1532E+21  1.7267E+44  2.4795E+46
  1.4960E-01  2.1004E+46  5.1439E+24  1.2601E+44  2.0878E+46
  1.5850E-01  1.9252E+46  1.5345E+26  1.0712E+44  1.9145E+46
  1.7780E-01  1.6200E+46  7.3972E+28  8.5341E+43  1.6114E+46
  1.9950E-01  1.3624E+46  1.8397E+31  6.5829E+43  1.3558E+46
  2.2390E-01  1.1467E+46  2.1659E+33  6.3443E+43  1.1403E+46
  2.3710E-01  1.0531E+46  1.5661E+34  6.6160E+43  1.0464E+46
  2.5120E-01  9.6607E+45  9.7027E+34  6.4837E+43  9.5958E+45
  2.6610E-01  8.8621E+45  5.5124E+35  6.0852E+43  8.8012E+45
  2.8180E-01  8.1323E+45  2.8368E+36  5.6265E+43  8.0761E+45
  2.9850E-01  7.4600E+45  1.3214E+37  5.2154E+43  7.4079E+45
  3.1620E-01  6.8435E+45  5.5202E+37  4.8894E+43  6.7947E+45
  3.3500E-01  6.2768E+45  2.1030E+38  4.6001E+43  6.2308E+45
  3.5480E-01  5.7598E+45  7.3246E+38  4.3314E+43  5.7165E+45
  3.7580E-01  5.2850E+45  2.3590E+39  4.0868E+43  5.2442E+45
  3.9810E-01  4.8484E+45  6.9972E+39  3.8692E+43  4.8097E+45
  4.2170E-01  4.4485E+45  1.9109E+40  3.6820E+43  4.4116E+45
  4.4670E-01  4.0819E+45  4.8414E+40  3.5213E+43  4.0466E+45
  4.7320E-01  3.7453E+45  1.1538E+41  3.3685E+43  3.7115E+45
  5.0120E-01  3.4372E+45  2.5924E+41  3.2186E+43  3.4048E+45
  5.3090E-01  3.1545E+45  5.5215E+41  3.0737E+43  3.1232E+45
  5.6230E-01  2.8956E+45  1.1122E+42  2.9362E+43  2.8651E+45
  5.9570E-01  2.6577E+45  2.1333E+42  2.8036E+43  2.6276E+45
  6.3100E-01  2.4410E+45  3.8950E+42  2.6766E+43  2.4103E+45
  6.6830E-01  2.2437E+45  6.7770E+42  2.5531E+43  2.2114E+45
  7.0790E-01  2.0641E+45  1.1289E+43  2.4388E+43  2.0284E+45
  7.4990E-01  1.9018E+45  1.8021E+43  2.3302E+43  1.8605E+45
  7.9430E-01  1.7565E+45  2.7622E+43  2.2276E+43  1.7066E+45
  8.4140E-01  1.6274E+45  4.0794E+43  2.1319E+43  1.5653E+45
  8.9130E-01  1.5144E+45  5.8274E+43  2.0433E+43  1.4357E+45
  9.4410E-01  1.4170E+45  8.0407E+43  1.9600E+43  1.3170E+45
  1.0000E+00  1.3342E+45  1.0728E+44  1.8790E+43  1.2081E+45
  1.0590E+00  1.2653E+45  1.3874E+44  1.8020E+43  1.1086E+45
  1.1220E+00  1.2089E+45  1.7510E+44  1.7254E+43  1.0165E+45
  1.1890E+00  1.1642E+45  2.1595E+44  1.6455E+43  9.3183E+44
  1.2590E+00  1.1303E+45  2.5956E+44  1.5575E+43  8.5520E+44
  1.3340E+00  1.1040E+45  3.0523E+44  1.4638E+43  7.8411E+44
  1.4130E+00  1.0828E+45  3.4983E+44  1.3666E+43  7.1927E+44
  1.4960E+00  1.0650E+45  3.9214E+44  1.2647E+43  6.6026E+44
  1.5850E+00  1.0495E+45  4.3248E+44  1.1568E+43  6.0543E+44
  1.6790E+00  1.0337E+45  4.6798E+44  1.0421E+43  5.5530E+44
  1.7780E+00  1.0156E+45  4.9682E+44  9.2109E+42  5.0957E+44
  1.8840E+00  9.9462E+44  5.1945E+44  7.9762E+42  4.6719E+44
  1.9950E+00  9.6967E+44  5.3416E+44  6.7586E+42  4.2875E+44
  2.1130E+00  9.4031E+44  5.4138E+44  5.6053E+42  3.9333E+44
  2.2390E+00  9.0588E+44  5.4072E+44  4.5521E+42  3.6061E+44
  2.3710E+00  8.6693E+44  5.3239E+44  3.6258E+42  3.3092E+44
  2.5120E+00  8.2423E+44  5.1795E+44  2.8400E+42  3.0344E+44
  2.6610E+00  7.7830E+44  4.9779E+44  2.1912E+42  2.7832E+44
  2.8180E+00  7.2972E+44  4.7267E+44  1.6673E+42  2.5538E+44
  2.9850E+00  6.7974E+44  4.4422E+44  1.2537E+42  2.3426E+44
  3.1620E+00  6.2895E+44  4.1315E+44  9.3253E+41  2.1487E+44
  3.3500E+00  5.7959E+44  3.8186E+44  6.8836E+41  1.9704E+44
  3.5480E+00  5.3069E+44  3.4941E+44  5.0363E+41  1.8078E+44
  3.7580E+00  4.8375E+44  3.1756E+44  3.6588E+41  1.6583E+44
  3.9810E+00  4.3907E+44  2.8671E+44  2.6412E+41  1.5210E+44
  4.2170E+00  3.9697E+44  2.5727E+44  1.8960E+41  1.3951E+44
  4.4670E+00  3.5767E+44  2.2957E+44  1.3540E+41  1.2796E+44
  4.7320E+00  3.2149E+44  2.0402E+44  9.6241E+40  1.1737E+44
  5.0120E+00  2.8875E+44  1.8077E+44  6.8231E+40  1.0791E+44
  5.3090E+00  2.5575E+44  1.5968E+44  4.7621E+40  9.6024E+43
  5.6230E+00  2.2572E+44  1.4089E+44  3.3030E+40  8.4805E+43
  5.9570E+00  1.9867E+44  1.2433E+44  2.2785E+40  7.4316E+43
  6.3100E+00  1.7375E+44  1.0903E+44  1.5574E+40  6.4710E+43
  6.6830E+00  1.5254E+44  9.6518E+43  1.0638E+40  5.6014E+43
  7.0790E+00  1.3313E+44  8.4936E+43  7.1732E+39  4.8190E+43
  7.4990E+00  1.1941E+44  7.8176E+43  4.9079E+39  4.1229E+43
  7.9430E+00  1.2261E+44  8.7500E+43  3.8403E+39  3.5109E+43
  8.4140E+00  1.4067E+44  1.1091E+44  3.5381E+39  2.9752E+43
  8.9130E+00  1.5280E+44  1.2769E+44  3.2759E+39  2.5104E+43
  9.4410E+00  1.5861E+44  1.3751E+44  3.2087E+39  2.1101E+43
  1.0000E+01  1.3146E+44  1.1378E+44  2.3061E+39  1.7671E+43
  1.0590E+01  1.0415E+44  8.9390E+43  1.5431E+39  1.4758E+43
  1.1220E+01  7.9611E+43  6.7343E+43  9.2647E+38  1.2267E+43
  1.1890E+01  6.1726E+43  5.1567E+43  5.6071E+38  1.0159E+43
  1.2590E+01  4.8450E+43  4.0038E+43  3.3391E+38  8.4119E+42
  1.3340E+01  3.8778E+43  3.1846E+43  1.9845E+38  6.9319E+42
  1.4130E+01  3.2643E+43  2.6938E+43  1.2126E+38  5.7050E+42
  1.4960E+01  3.0299E+43  2.5607E+43  8.4006E+37  4.6919E+42
  1.5850E+01  2.8951E+43  2.5110E+43  6.2397E+37  3.8414E+42
  1.6790E+01  2.7916E+43  2.4775E+43  4.8533E+37  3.1409E+42
  1.7780E+01  2.6558E+43  2.3991E+43  3.8281E+37  2.5663E+42
  1.8840E+01  2.4475E+43  2.2386E+43  2.9262E+37  2.0888E+42
  1.9950E+01  2.1898E+43  2.0196E+43  2.1035E+37  1.7013E+42
  2.1130E+01  1.9604E+43  1.8221E+43  1.4617E+37  1.3827E+42
  2.2390E+01  1.7748E+43  1.6627E+43  1.0209E+37  1.1203E+42
  2.3710E+01  1.6201E+43  1.5293E+43  7.1527E+36  9.0864E+41
  2.5120E+01  1.4821E+43  1.4086E+43  5.0328E+36  7.3479E+41
  2.6610E+01  1.3538E+43  1.2944E+43  3.5305E+36  5.9383E+41
  2.8180E+01  1.2310E+43  1.1830E+43  2.4762E+36  4.7994E+41
  2.9850E+01  1.1090E+43  1.0703E+43  1.7280E+36  3.8717E+41
  3.1620E+01  9.8702E+42  9.5582E+42  1.1941E+36  3.1199E+41
  3.3500E+01  8.6583E+42  8.4072E+42  8.1587E+35  2.5106E+41
  3.5480E+01  7.4830E+42  7.2809E+42  5.5106E+35  2.0210E+41
  3.7580E+01  6.3632E+42  6.2007E+42  3.6711E+35  1.6253E+41
  3.9810E+01  5.3186E+42  5.1881E+42  2.4102E+35  1.3054E+41
  4.2170E+01  4.3787E+42  4.2739E+42  1.5607E+35  1.0479E+41
  4.4670E+01  3.5549E+42  3.4709E+42  9.9660E+34  8.4074E+40
  4.7320E+01  2.8506E+42  2.7832E+42  6.2878E+34  6.7400E+40
  5.0120E+01  2.2610E+42  2.2070E+42  3.9256E+34  5.4034E+40
  5.3090E+01  1.7747E+42  1.7314E+42  2.4265E+34  4.3282E+40
  5.6230E+01  1.3811E+42  1.3464E+42  1.4877E+34  3.4667E+40
  5.9570E+01  1.0654E+42  1.0377E+42  9.0450E+33  2.7728E+40
  6.3100E+01  8.1661E+41  7.9443E+41  5.4671E+33  2.2180E+40
  6.6830E+01  6.2235E+41  6.0460E+41  3.2881E+33  1.7744E+40
  7.0790E+01  4.7173E+41  4.5755E+41  1.9680E+33  1.4183E+40
  7.4990E+01  3.5579E+41  3.4447E+41  1.1730E+33  1.1329E+40
  7.9430E+01  2.6735E+41  2.5830E+41  6.9724E+32  9.0505E+39
  8.4140E+01  2.0014E+41  1.9292E+41  4.1315E+32  7.2256E+39
  8.9130E+01  1.4946E+41  1.4369E+41  2.4444E+32  5.7665E+39
  9.4410E+01  1.1135E+41  1.0675E+41  1.4441E+32  4.6021E+39
  1.0000E+02  8.2765E+40  7.9092E+40  8.5204E+31  3.6722E+39
  1.0590E+02  6.1470E+40  5.8538E+40  5.0287E+31  2.9317E+39
  1.1220E+02  4.5589E+40  4.3253E+40  2.9647E+31  2.3358E+39
  1.1890E+02  3.3849E+40  3.1990E+40  1.7511E+31  1.8590E+39
  1.2590E+02  2.5296E+40  2.3812E+40  1.0417E+31  1.4838E+39
  1.3340E+02  1.8964E+40  1.7783E+40  6.2262E+30  1.1811E+39
  1.4130E+02  1.4107E+40  1.3165E+40  3.7124E+30  9.4117E+38
  1.4960E+02  1.0276E+40  9.5243E+39  2.1737E+30  7.5121E+38
  1.5850E+02  7.4338E+39  6.8360E+39  1.2630E+30  5.9781E+38
  1.7780E+02  3.9370E+39  3.5576E+39  4.3197E+29  3.7942E+38
  1.9950E+02  2.0968E+39  1.8564E+39  1.4927E+29  2.4043E+38
  2.2390E+02  1.1188E+39  9.6668E+38  5.1983E+28  1.5216E+38
  2.5120E+02  5.9897E+38  5.0259E+38  1.8268E+28  9.6376E+37
  2.8180E+02  3.2163E+38  2.6058E+38  6.4768E+27  6.1043E+37
  3.1620E+02  1.7323E+38  1.3461E+38  2.3152E+27  3.8617E+37
  3.5480E+02  9.3784E+37  6.9363E+37  8.3535E+26  2.4421E+37
  3.9810E+02  5.1096E+37  3.5654E+37  3.0448E+26  1.5442E+37
  4.4670E+02  2.8045E+37  1.8284E+37  1.1206E+26  9.7603E+36
  5.0120E+02  1.5530E+37  9.3601E+36  4.1652E+25  6.1695E+36
  5.6230E+02  8.6852E+36  4.7849E+36  1.5626E+25  3.9003E+36
  6.3100E+02  4.9026E+36  2.4397E+36  5.9076E+24  2.4629E+36
  7.0790E+02  2.8002E+36  1.2434E+36  2.2533E+24  1.5568E+36
  7.9430E+02  1.6156E+36  6.3236E+35  8.6477E+23  9.8325E+35
  8.9130E+02  9.4186E+35  3.2109E+35  3.3381E+23  6.2077E+35
  1.0000E+03  5.5506E+35  1.6293E+35  1.2963E+23  3.9214E+35
