  1.0000E-03  7.0844E+44  0.0000E+00  6.4108E+43  6.4434E+44
  1.1220E-03  7.4835E+44  0.0000E+00  8.0013E+43  6.6834E+44
  1.2590E-03  7.8406E+44  0.0000E+00  9.4784E+43  6.8927E+44
  1.4130E-03  8.1504E+44  0.0000E+00  1.0745E+44  7.0760E+44
  1.5850E-03  8.5316E+44  0.0000E+00  1.1947E+44  7.3369E+44
  1.7780E-03  9.4654E+44  0.0000E+00  1.5203E+44  7.9451E+44
  1.9950E-03  9.3966E+44  0.0000E+00  1.7178E+44  7.6788E+44
  2.2390E-03  9.4163E+44  0.0000E+00  1.7648E+44  7.6515E+44
  2.5120E-03  1.0428E+45  0.0000E+00  2.3592E+44  8.0690E+44
  2.8180E-03  9.8364E+44  0.0000E+00  2.5035E+44  7.3329E+44
  3.1620E-03  9.3277E+44  0.0000E+00  2.5234E+44  6.8043E+44
  3.5480E-03  8.8525E+44  0.0000E+00  2.4675E+44  6.3850E+44
  3.9810E-03  8.4567E+44  0.0000E+00  2.3635E+44  6.0932E+44
  4.4670E-03  1.8905E+45  0.0000E+00  4.7863E+44  1.4119E+45
  5.0120E-03  1.8014E+45  0.0000E+00  5.5182E+44  1.2496E+45
  5.6230E-03  1.7082E+45  0.0000E+00  6.0151E+44  1.1067E+45
  5.9570E-03  1.6650E+45  0.0000E+00  6.1828E+44  1.0468E+45
  6.6830E-03  1.5996E+45  0.0000E+00  6.4134E+44  9.5830E+44
  7.4990E-03  1.5816E+45  0.0000E+00  6.6976E+44  9.1179E+44
  8.4140E-03  1.5212E+45  0.0000E+00  6.7483E+44  8.4641E+44
  9.4410E-03  1.4891E+45  0.0000E+00  6.7623E+44  8.1289E+44
  1.0590E-02  1.5167E+45  0.0000E+00  6.7771E+44  8.3901E+44
  1.1890E-02  1.5036E+45  0.0000E+00  7.1022E+44  7.9336E+44
  1.3340E-02  1.4865E+45  0.0000E+00  7.0816E+44  7.7834E+44
  1.4960E-02  1.4428E+45  0.0000E+00  7.0233E+44  7.4047E+44
  1.6790E-02  1.4040E+45  0.0000E+00  6.8998E+44  7.1407E+44
  1.8840E-02  1.3761E+45  0.0000E+00  6.7623E+44  6.9987E+44
  2.1130E-02  1.3487E+45  0.0000E+00  6.7300E+44  6.7570E+44
  2.3710E-02  1.3075E+45  0.0000E+00  6.5856E+44  6.4894E+44
  2.6610E-02  1.2493E+45  0.0000E+00  6.3409E+44  6.1519E+44
  2.9850E-02  1.1902E+45  6.4593E-84  6.0658E+44  5.8357E+44
  3.3500E-02  1.1265E+45  3.5278E-69  5.7453E+44  5.5200E+44
  3.7580E-02  1.1920E+45  4.2483E-56  5.9824E+44  5.9375E+44
  4.2170E-02  1.2230E+45  1.5737E-44  6.6253E+44  5.6044E+44
  4.7320E-02  9.5823E+44  2.8565E-34  5.4181E+44  4.1642E+44
  5.3090E-02  6.4714E+44  3.2776E-25  3.8166E+44  2.6549E+44
  6.6830E-02  1.1869E+44  1.9859E-10  8.0696E+43  3.7990E+43
  7.4990E-02  3.7916E+43  2.0030E-04  2.7167E+43  1.0749E+43
  8.4140E-02  4.7333E+43  1.3909E+02  3.2854E+43  1.4479E+43
  9.4410E-02  5.6939E+43  2.0140E+07  3.9159E+43  1.7780E+43
  1.0590E-01  1.1903E+44  1.2608E+12  7.9583E+43  3.9445E+43
  1.1890E-01  2.3737E+44  2.4553E+16  1.4680E+44  9.0577E+43
  1.3340E-01  3.7841E+44  1.0230E+20  2.1993E+44  1.5848E+44
  1.4960E-01  4.5785E+44  1.8264E+23  2.4172E+44  2.1614E+44
  1.5850E-01  4.4914E+44  5.8018E+24  2.3333E+44  2.1580E+44
  1.7780E-01  3.4417E+44  2.5579E+27  1.9177E+44  1.5240E+44
  1.9950E-01  1.3567E+44  3.2847E+29  8.2649E+43  5.3016E+43
  2.2390E-01  7.3362E+43  2.3542E+31  4.7682E+43  2.5679E+43
  2.3710E-01  1.2253E+44  2.8034E+32  7.9467E+43  4.3062E+43
  2.5120E-01  1.9908E+44  2.9484E+33  1.2500E+44  7.4077E+43
  2.6610E-01  2.6234E+44  2.3809E+34  1.5848E+44  1.0386E+44
  2.8180E-01  3.0779E+44  1.5705E+35  1.7867E+44  1.2912E+44
  2.9850E-01  3.4199E+44  8.8665E+35  1.9163E+44  1.5035E+44
  3.1620E-01  3.7365E+44  4.3866E+36  2.0297E+44  1.7068E+44
  3.3500E-01  4.0220E+44  1.9445E+37  2.1201E+44  1.9019E+44
  3.5480E-01  4.2521E+44  7.7269E+37  2.1755E+44  2.0766E+44
  3.7580E-01  4.4760E+44  2.8267E+38  2.2190E+44  2.2570E+44
  3.9810E-01  4.6622E+44  9.3860E+38  2.2445E+44  2.4177E+44
  4.2170E-01  4.8941E+44  2.8911E+39  2.2776E+44  2.6165E+44
  4.4670E-01  5.1221E+44  8.2011E+39  2.3066E+44  2.8154E+44
  4.7320E-01  5.3364E+44  2.1776E+40  2.3197E+44  3.0165E+44
  5.0120E-01  5.5264E+44  5.4199E+40  2.3123E+44  3.2136E+44
  5.3090E-01  5.7158E+44  1.2787E+41  2.2912E+44  3.4233E+44
  5.6230E-01  5.8592E+44  2.8230E+41  2.2524E+44  3.6040E+44
  5.9570E-01  5.9691E+44  5.8981E+41  2.1980E+44  3.7652E+44
  6.3100E-01  6.0657E+44  1.1699E+42  2.1316E+44  3.9224E+44
  6.6830E-01  6.1470E+44  2.2062E+42  2.0525E+44  4.0724E+44
  7.0790E-01  6.2149E+44  3.9672E+42  1.9662E+44  4.2090E+44
  7.4990E-01  6.2552E+44  6.7936E+42  1.8707E+44  4.3166E+44
  7.9430E-01  6.2893E+44  1.1130E+43  1.7681E+44  4.4099E+44
  8.4140E-01  6.3260E+44  1.7529E+43  1.6615E+44  4.4892E+44
  8.9130E-01  6.3893E+44  2.6692E+43  1.5518E+44  4.5705E+44
  9.4410E-01  6.4640E+44  3.9155E+43  1.4419E+44  4.6306E+44
  1.0000E+00  6.5404E+44  5.5308E+43  1.3332E+44  4.6541E+44
  1.0590E+00  6.6311E+44  7.5446E+43  1.2290E+44  4.6476E+44
  1.1220E+00  6.7434E+44  1.0016E+44  1.1276E+44  4.6143E+44
  1.1890E+00  6.8844E+44  1.2966E+44  1.0279E+44  4.5600E+44
  1.2590E+00  7.0588E+44  1.6331E+44  9.2797E+43  4.4977E+44
  1.3340E+00  7.2482E+44  2.0090E+44  8.3253E+43  4.4067E+44
  1.4130E+00  7.4367E+44  2.4034E+44  7.4441E+43  4.2889E+44
  1.4960E+00  7.6219E+44  2.8072E+44  6.6179E+43  4.1529E+44
  1.5850E+00  7.8054E+44  3.2233E+44  5.8303E+43  3.9990E+44
  1.6790E+00  7.9722E+44  3.6277E+44  5.0693E+43  3.8376E+44
  1.7780E+00  8.1063E+44  4.0014E+44  4.3343E+43  3.6715E+44
  1.8840E+00  8.2046E+44  4.3439E+44  3.6402E+43  3.4967E+44
  1.9950E+00  8.2530E+44  4.6319E+44  3.0000E+43  3.3211E+44
  2.1130E+00  8.2475E+44  4.8631E+44  2.4278E+43  3.1416E+44
  2.2390E+00  8.1796E+44  5.0271E+44  1.9305E+43  2.9594E+44
  2.3710E+00  8.0476E+44  5.1155E+44  1.5105E+43  2.7810E+44
  2.5120E+00  7.8584E+44  5.1384E+44  1.1661E+43  2.6034E+44
  2.6610E+00  7.6126E+44  5.0926E+44  8.8938E+42  2.4311E+44
  2.8180E+00  7.3127E+44  4.9799E+44  6.7051E+42  2.2658E+44
  2.9850E+00  6.9708E+44  4.8140E+44  5.0062E+42  2.1068E+44
  3.1620E+00  6.5924E+44  4.6000E+44  3.7035E+42  1.9554E+44
  3.3500E+00  6.2016E+44  4.3629E+44  2.7237E+42  1.8114E+44
  3.5480E+00  5.7864E+44  4.0895E+44  1.9863E+42  1.6770E+44
  3.7580E+00  5.3669E+44  3.8020E+44  1.4395E+42  1.5506E+44
  3.9810E+00  4.9494E+44  3.5070E+44  1.0371E+42  1.4320E+44
  4.2170E+00  4.5390E+44  3.2100E+44  7.4319E+41  1.3215E+44
  4.4670E+00  4.1414E+44  2.9174E+44  5.2980E+41  1.2187E+44
  4.7320E+00  3.7649E+44  2.6381E+44  3.7604E+41  1.1230E+44
  5.0120E+00  3.4155E+44  2.3760E+44  2.6626E+41  1.0368E+44
  5.3090E+00  3.0600E+44  2.1322E+44  1.8593E+41  9.2591E+43
  5.6230E+00  2.7321E+44  1.9105E+44  1.2917E+41  8.2027E+43
  5.9570E+00  2.4342E+44  1.7126E+44  8.9388E+40  7.2070E+43
  6.3100E+00  2.1530E+44  1.5233E+44  6.1285E+40  6.2904E+43
  6.6830E+00  1.9128E+44  1.3668E+44  4.2037E+40  5.4558E+43
  7.0790E+00  1.6875E+44  1.2170E+44  2.8459E+40  4.7023E+43
  7.4990E+00  1.5654E+44  1.1630E+44  2.0023E+40  4.0217E+43
  7.9430E+00  1.8176E+44  1.4784E+44  1.7689E+40  3.3896E+43
  8.4140E+00  2.4162E+44  2.1353E+44  1.9161E+40  2.8069E+43
  8.9130E+00  2.8719E+44  2.6404E+44  1.9853E+40  2.3128E+43
  9.4410E+00  3.1674E+44  2.9773E+44  2.1169E+40  1.8997E+43
  1.0000E+01  2.6184E+44  2.4575E+44  1.4859E+40  1.6084E+43
  1.0590E+01  2.0376E+44  1.9011E+44  9.5114E+39  1.3646E+43
  1.1220E+01  1.5013E+44  1.3858E+44  5.3628E+39  1.1542E+43
  1.1890E+01  1.1210E+44  1.0241E+44  3.0707E+39  9.6814E+42
  1.2590E+01  8.3875E+43  7.5773E+43  1.7226E+39  8.1001E+42
  1.3340E+01  6.3856E+43  5.7128E+43  9.6749E+38  6.7265E+42
  1.4130E+01  5.1997E+43  4.6439E+43  5.7076E+38  5.5580E+42
  1.4960E+01  4.9171E+43  4.4608E+43  4.0339E+38  4.5621E+42
  1.5850E+01  4.8293E+43  4.4572E+43  3.0879E+38  3.7211E+42
  1.6790E+01  4.7622E+43  4.4592E+43  2.4659E+38  3.0296E+42
  1.7780E+01  4.5548E+43  4.3080E+43  1.9647E+38  2.4681E+42
  1.8840E+01  4.1147E+43  3.9138E+43  1.4794E+38  2.0089E+42
  1.9950E+01  3.5180E+43  3.3539E+43  1.0215E+38  1.6414E+42
  2.1130E+01  2.9799E+43  2.8461E+43  6.7614E+37  1.3385E+42
  2.2390E+01  2.5485E+43  2.4397E+43  4.4974E+37  1.0875E+42
  2.3710E+01  2.1962E+43  2.1078E+43  3.0003E+37  8.8412E+41
  2.5120E+01  1.8976E+43  1.8260E+43  2.0119E+37  7.1637E+41
  2.6610E+01  1.6383E+43  1.5803E+43  1.3459E+37  5.7997E+41
  2.8180E+01  1.4116E+43  1.3647E+43  9.0225E+36  4.6947E+41
  2.9850E+01  1.2085E+43  1.1705E+43  6.0329E+36  3.7926E+41
  3.1620E+01  1.0249E+43  9.9431E+42  4.0045E+36  3.0602E+41
  3.3500E+01  8.5954E+42  8.3489E+42  2.6361E+36  2.4658E+41
  3.5480E+01  7.1293E+42  6.9306E+42  1.7215E+36  1.9874E+41
  3.7580E+01  5.8346E+42  5.6746E+42  1.1117E+36  1.6003E+41
  3.9810E+01  4.7026E+42  4.5739E+42  7.0863E+35  1.2869E+41
  4.2170E+01  3.7415E+42  3.6381E+42  4.4637E+35  1.0344E+41
  4.4670E+01  2.9415E+42  2.8584E+42  2.7777E+35  8.3091E+40
  4.7320E+01  2.2884E+42  2.2217E+42  1.7108E+35  6.6689E+40
  5.0120E+01  1.7644E+42  1.7109E+42  1.0445E+35  5.3521E+40
  5.3090E+01  1.3488E+42  1.3058E+42  6.3241E+34  4.2915E+40
  5.6230E+01  1.0241E+42  9.8973E+41  3.8043E+34  3.4405E+40
  5.9570E+01  7.7206E+41  7.4452E+41  2.2728E+34  2.7541E+40
  6.3100E+01  5.7922E+41  5.5717E+41  1.3519E+34  2.2048E+40
  6.6830E+01  4.3272E+41  4.1507E+41  8.0126E+33  1.7650E+40
  7.0790E+01  3.2199E+41  3.0787E+41  4.7326E+33  1.4116E+40
  7.4990E+01  2.3871E+41  2.2743E+41  2.7872E+33  1.1282E+40
  7.9430E+01  1.7654E+41  1.6753E+41  1.6391E+33  9.0169E+39
  8.4140E+01  1.3025E+41  1.2304E+41  9.6214E+32  7.2019E+39
  8.9130E+01  9.5957E+40  9.0207E+40  5.6455E+32  5.7497E+39
  9.4410E+01  7.0606E+40  6.6015E+40  3.3116E+32  4.5902E+39
  1.0000E+02  5.1890E+40  4.8226E+40  1.9421E+32  3.6638E+39
  1.0590E+02  3.8145E+40  3.5219E+40  1.1406E+32  2.9257E+39
  1.1220E+02  2.8019E+40  2.5687E+40  6.6962E+31  2.3315E+39
  1.1890E+02  2.0612E+40  1.8756E+40  3.9400E+31  1.8560E+39
  1.2590E+02  1.5263E+40  1.3781E+40  2.3350E+31  1.4817E+39
  1.3340E+02  1.1331E+40  1.0152E+40  1.3895E+31  1.1795E+39
  1.4130E+02  8.3709E+39  7.4308E+39  8.2746E+30  9.4007E+38
  1.4960E+02  6.0924E+39  5.3419E+39  4.8698E+30  7.5043E+38
  1.5850E+02  4.4093E+39  3.8121E+39  2.8480E+30  5.9726E+38
  1.7780E+02  2.3372E+39  1.9580E+39  9.8682E+29  3.7915E+38
  1.9950E+02  1.2487E+39  1.0084E+39  3.4612E+29  2.4030E+38
  2.2390E+02  6.7094E+38  5.1885E+38  1.2269E+29  1.5209E+38
  2.5120E+02  3.6322E+38  2.6688E+38  4.4006E+28  9.6342E+37
  2.8180E+02  1.9808E+38  1.3706E+38  1.5958E+28  6.1026E+37
  3.1620E+02  1.0881E+38  7.0203E+37  5.8425E+27  3.8609E+37
  3.5480E+02  6.0318E+37  3.5901E+37  2.1603E+27  2.4417E+37
  3.9810E+02  3.3770E+37  1.8331E+37  8.0684E+26  1.5440E+37
  4.4670E+02  1.9103E+37  9.3441E+36  3.0402E+26  9.7592E+36
  5.0120E+02  1.0927E+37  4.7578E+36  1.1554E+26  6.1689E+36
  5.6230E+02  6.3206E+36  2.4205E+36  4.4238E+25  3.9001E+36
  6.3100E+02  3.6917E+36  1.2289E+36  1.7035E+25  2.4628E+36
  7.0790E+02  2.1806E+36  6.2387E+35  6.6045E+24  1.5567E+36
  7.9430E+02  1.2994E+36  3.1618E+35  2.5709E+24  9.8322E+35
  8.9130E+02  7.8080E+35  1.6004E+35  1.0046E+24  6.2075E+35
  1.0000E+03  4.7311E+35  8.0983E+34  3.9419E+23  3.9213E+35
