  1.0000E-03  9.9204E+44  0.0000E+00  1.1542E+44  8.7662E+44
  1.1220E-03  1.1149E+45  0.0000E+00  1.3133E+44  9.8357E+44
  1.2590E-03  1.2452E+45  0.0000E+00  1.4152E+44  1.1037E+45
  1.4130E-03  1.3849E+45  0.0000E+00  1.4623E+44  1.2387E+45
  1.5850E-03  1.5409E+45  0.0000E+00  1.5145E+44  1.3894E+45
  1.7780E-03  1.7522E+45  0.0000E+00  1.9360E+44  1.5586E+45
  1.9950E-03  1.9487E+45  0.0000E+00  1.9987E+44  1.7488E+45
  2.2390E-03  2.1557E+45  0.0000E+00  1.9293E+44  1.9627E+45
  2.5120E-03  2.4674E+45  0.0000E+00  2.6536E+44  2.2020E+45
  2.8180E-03  2.7409E+45  0.0000E+00  2.7071E+44  2.4702E+45
  3.1620E-03  3.0443E+45  0.0000E+00  2.7242E+44  2.7718E+45
  3.5480E-03  3.3836E+45  0.0000E+00  2.7334E+44  3.1103E+45
  3.9810E-03  3.7634E+45  0.0000E+00  2.7352E+44  3.4898E+45
  4.4670E-03  4.4354E+45  0.0000E+00  5.1961E+44  3.9158E+45
  5.0120E-03  4.9684E+45  0.0000E+00  5.7480E+44  4.3936E+45
  5.6230E-03  5.5608E+45  0.0000E+00  6.3155E+44  4.9292E+45
  5.9570E-03  5.8826E+45  0.0000E+00  6.6056E+44  5.2220E+45
  6.6830E-03  6.5783E+45  0.0000E+00  7.1981E+44  5.8585E+45
  7.4990E-03  7.3684E+45  0.0000E+00  7.9456E+44  6.5738E+45
  8.4140E-03  8.2397E+45  0.0000E+00  8.6384E+44  7.3758E+45
  9.4410E-03  9.2069E+45  0.0000E+00  9.3079E+44  8.2761E+45
  1.0590E-02  1.0260E+46  0.0000E+00  9.7685E+44  9.2833E+45
  1.1890E-02  1.1542E+46  0.0000E+00  1.1192E+45  1.0423E+46
  1.3340E-02  1.2901E+46  0.0000E+00  1.2068E+45  1.1694E+46
  1.4960E-02  1.4433E+46  0.0000E+00  1.3191E+45  1.3114E+46
  1.6790E-02  1.6145E+46  0.0000E+00  1.4260E+45  1.4718E+46
  1.8840E-02  1.8046E+46  0.0000E+00  1.5305E+45  1.6515E+46
  2.1130E-02  2.0204E+46  0.0000E+00  1.6801E+45  1.8524E+46
  2.3710E-02  2.2612E+46  0.0000E+00  1.8275E+45  2.0785E+46
  2.6610E-02  2.5306E+46  0.0000E+00  1.9795E+45  2.3326E+46
  2.9850E-02  2.8303E+46  1.7475E-83  2.1364E+45  2.6166E+46
  3.3500E-02  3.1663E+46  1.1347E-68  2.2967E+45  2.9367E+46
  3.7580E-02  3.5426E+46  1.4260E-55  2.4838E+45  3.2942E+46
  4.2170E-02  3.9991E+46  6.2811E-44  3.0239E+45  3.6967E+46
  4.7320E-02  4.4793E+46  1.7199E-33  3.3116E+45  4.1482E+46
  5.3090E-02  4.6539E+46  3.2155E-24  3.3268E+45  4.3212E+46
  6.6830E-02  4.4050E+46  1.2962E-08  2.7818E+45  4.1268E+46
  7.4990E-02  4.2716E+46  4.5876E-02  2.3876E+45  4.0328E+46
  8.4140E-02  4.1741E+46  2.3764E+04  2.3314E+45  3.9410E+46
  9.4410E-02  4.0844E+46  2.8295E+09  2.3318E+45  3.8513E+46
  1.0590E-01  3.7433E+46  7.6582E+13  2.3780E+45  3.5055E+46
  1.1890E-01  3.1569E+46  5.3376E+17  2.1012E+45  2.9467E+46
  1.3340E-01  2.6634E+46  1.0017E+21  1.8385E+45  2.4795E+46
  1.4960E-01  2.2335E+46  1.0888E+24  1.4566E+45  2.0878E+46
  1.5850E-01  2.0467E+46  3.1888E+25  1.3220E+45  1.9145E+46
  1.7780E-01  1.7308E+46  1.7066E+28  1.1938E+45  1.6114E+46
  1.9950E-01  1.4518E+46  5.4841E+30  9.5962E+44  1.3558E+46
  2.2390E-01  1.2220E+46  7.1365E+32  8.1629E+44  1.1403E+46
  2.3710E-01  1.1319E+46  4.5950E+33  8.5503E+44  1.0464E+46
  2.5120E-01  1.0451E+46  2.5188E+34  8.5494E+44  9.5958E+45
  2.6610E-01  9.6127E+45  1.3098E+35  8.1146E+44  8.8012E+45
  2.8180E-01  8.8270E+45  6.3116E+35  7.5094E+44  8.0761E+45
  2.9850E-01  8.0997E+45  2.7861E+36  6.9180E+44  7.4079E+45
  3.1620E-01  7.4348E+45  1.1080E+37  6.4015E+44  6.7947E+45
  3.3500E-01  6.8231E+45  4.0316E+37  5.9227E+44  6.2308E+45
  3.5480E-01  6.2633E+45  1.3463E+38  5.4680E+44  5.7165E+45
  3.7580E-01  5.7486E+45  4.1649E+38  5.0446E+44  5.2442E+45
  3.9810E-01  5.2760E+45  1.1877E+39  4.6624E+44  4.8097E+45
  4.2170E-01  4.8427E+45  3.1145E+39  4.3107E+44  4.4116E+45
  4.4670E-01  4.4468E+45  7.5752E+39  4.0015E+44  4.0466E+45
  4.7320E-01  4.0826E+45  1.7348E+40  3.7114E+44  3.7115E+45
  5.0120E-01  3.7486E+45  3.7521E+40  3.4376E+44  3.4048E+45
  5.3090E-01  3.4414E+45  7.7068E+40  3.1810E+44  3.1232E+45
  5.6230E-01  3.1603E+45  1.5017E+41  2.9506E+44  2.8651E+45
  5.9570E-01  2.9018E+45  2.7959E+41  2.7392E+44  2.6276E+45
  6.3100E-01  2.6653E+45  4.9706E+41  2.5443E+44  2.4103E+45
  6.6830E-01  2.4486E+45  8.4578E+41  2.3634E+44  2.2114E+45
  7.0790E-01  2.2498E+45  1.3834E+42  2.2000E+44  2.0284E+45
  7.4990E-01  2.0676E+45  2.1801E+42  2.0491E+44  1.8605E+45
  7.9430E-01  1.9006E+45  3.3158E+42  1.9069E+44  1.7066E+45
  8.4140E-01  1.7475E+45  4.8923E+42  1.7732E+44  1.5653E+45
  8.9130E-01  1.6074E+45  7.0260E+42  1.6461E+44  1.4357E+45
  9.4410E-01  1.4794E+45  9.8366E+42  1.5253E+44  1.3170E+45
  1.0000E+00  1.3624E+45  1.3459E+43  1.4083E+44  1.2081E+45
  1.0590E+00  1.2562E+45  1.8027E+43  1.2965E+44  1.1086E+45
  1.1220E+00  1.1590E+45  2.3798E+43  1.1871E+44  1.0165E+45
  1.1890E+00  1.0708E+45  3.0999E+43  1.0793E+44  9.3183E+44
  1.2590E+00  9.9220E+44  3.9669E+43  9.7331E+43  8.5520E+44
  1.3340E+00  9.2153E+44  5.0206E+43  8.7220E+43  7.8411E+44
  1.4130E+00  8.5973E+44  6.2475E+43  7.7979E+43  7.1927E+44
  1.4960E+00  8.0631E+44  7.6556E+43  6.9502E+43  6.6026E+44
  1.5850E+00  7.6000E+44  9.2970E+43  6.1598E+43  6.0543E+44
  1.6790E+00  7.2081E+44  1.1128E+44  5.4226E+43  5.5530E+44
  1.7780E+00  6.8799E+44  1.3112E+44  4.7298E+43  5.0957E+44
  1.8840E+00  6.6075E+44  1.5275E+44  4.0806E+43  4.6719E+44
  1.9950E+00  6.3865E+44  1.7511E+44  3.4789E+43  4.2875E+44
  2.1130E+00  6.2065E+44  1.9802E+44  2.9302E+43  3.9333E+44
  2.2390E+00  6.0576E+44  2.2077E+44  2.4387E+43  3.6061E+44
  2.3710E+00  5.9305E+44  2.4207E+44  2.0057E+43  3.3092E+44
  2.5120E+00  5.8172E+44  2.6194E+44  1.6332E+43  3.0344E+44
  2.6610E+00  5.7079E+44  2.7930E+44  1.3172E+43  2.7832E+44
  2.8180E+00  5.5919E+44  2.9329E+44  1.0519E+43  2.5538E+44
  2.9850E+00  5.4657E+44  3.0398E+44  8.3276E+42  2.3426E+44
  3.1620E+00  5.3229E+44  3.1089E+44  6.5365E+42  2.1487E+44
  3.3500E+00  5.1711E+44  3.1498E+44  5.0982E+42  1.9704E+44
  3.5480E+00  4.9927E+44  3.1455E+44  3.9406E+42  1.8078E+44
  3.7580E+00  4.7981E+44  3.1095E+44  3.0237E+42  1.6583E+44
  3.9810E+00  4.5884E+44  3.0443E+44  2.3043E+42  1.5210E+44
  4.2170E+00  4.3640E+44  2.9515E+44  1.7439E+42  1.3951E+44
  4.4670E+00  4.1285E+44  2.8358E+44  1.3109E+42  1.2796E+44
  4.7320E+00  3.8897E+44  2.7063E+44  9.7956E+41  1.1737E+44
  5.0120E+00  3.6541E+44  2.5676E+44  7.2876E+41  1.0791E+44
  5.3090E+00  3.3885E+44  2.4229E+44  5.3479E+41  9.6024E+43
  5.6230E+00  3.1303E+44  2.2784E+44  3.9013E+41  8.4805E+43
  5.9570E+00  2.8851E+44  2.1391E+44  2.8338E+41  7.4316E+43
  6.3100E+00  2.6364E+44  1.9872E+44  2.0358E+41  6.4710E+43
  6.6830E+00  2.4200E+44  1.8584E+44  1.4640E+41  5.6014E+43
  7.0790E+00  2.2029E+44  1.7200E+44  1.0372E+41  4.8190E+43
  7.4990E+00  2.1157E+44  1.7026E+44  7.6478E+40  4.1229E+43
  7.9430E+00  2.5655E+44  2.2137E+44  7.0839E+40  3.5109E+43
  8.4140E+00  3.5148E+44  3.2165E+44  7.8470E+40  2.9752E+43
  8.9130E+00  4.2475E+44  3.9956E+44  8.1863E+40  2.5104E+43
  9.4410E+00  4.7385E+44  4.5266E+44  8.7550E+40  2.1101E+43
  1.0000E+01  4.0119E+44  3.8345E+44  6.4789E+40  1.7671E+43
  1.0590E+01  3.2036E+44  3.0556E+44  4.4066E+40  1.4758E+43
  1.1220E+01  2.4243E+44  2.3014E+44  2.6495E+40  1.2267E+43
  1.1890E+01  1.8542E+44  1.7524E+44  1.6057E+40  1.0159E+43
  1.2590E+01  1.4188E+44  1.3346E+44  9.5161E+39  8.4119E+42
  1.3340E+01  1.1034E+44  1.0340E+44  5.6334E+39  6.9319E+42
  1.4130E+01  9.1660E+43  8.5951E+43  3.4831E+39  5.7050E+42
  1.4960E+01  8.8122E+43  8.3428E+43  2.5449E+39  4.6919E+42
  1.5850E+01  8.7776E+43  8.3933E+43  2.0069E+39  3.8414E+42
  1.6790E+01  8.7620E+43  8.4477E+43  1.6497E+39  3.1409E+42
  1.7780E+01  8.4899E+43  8.2332E+43  1.3592E+39  2.5663E+42
  1.8840E+01  7.8054E+43  7.5964E+43  1.0704E+39  2.0888E+42
  1.9950E+01  6.8351E+43  6.6649E+43  7.8266E+38  1.7013E+42
  2.1130E+01  5.9552E+43  5.8169E+43  5.5165E+38  1.3827E+42
  2.2390E+01  5.2536E+43  5.1415E+43  3.9153E+38  1.1203E+42
  2.3710E+01  4.6822E+43  4.5913E+43  2.7901E+38  9.0864E+41
  2.5120E+01  4.1947E+43  4.1212E+43  2.0001E+38  7.3479E+41
  2.6610E+01  3.7627E+43  3.7033E+43  1.4305E+38  5.9383E+41
  2.8180E+01  3.3722E+43  3.3242E+43  1.0238E+38  4.7994E+41
  2.9850E+01  3.0051E+43  2.9664E+43  7.2961E+37  3.8717E+41
  3.1620E+01  2.6537E+43  2.6225E+43  5.1502E+37  3.1199E+41
  3.3500E+01  2.3165E+43  2.2914E+43  3.5953E+37  2.5106E+41
  3.5480E+01  1.9977E+43  1.9775E+43  2.4808E+37  2.0210E+41
  3.7580E+01  1.6984E+43  1.6821E+43  1.6878E+37  1.6253E+41
  3.9810E+01  1.4210E+43  1.4079E+43  1.1307E+37  1.3054E+41
  4.2170E+01  1.1722E+43  1.1617E+43  7.4649E+36  1.0479E+41
  4.4670E+01  9.5427E+42  9.4586E+42  4.8552E+36  8.4074E+40
  4.7320E+01  7.6771E+42  7.6097E+42  3.1168E+36  6.7400E+40
  5.0120E+01  6.1115E+42  6.0575E+42  1.9777E+36  5.4034E+40
  5.3090E+01  4.8160E+42  4.7727E+42  1.2411E+36  4.3282E+40
  5.6230E+01  3.7634E+42  3.7287E+42  7.7163E+35  3.4667E+40
  5.9570E+01  2.9153E+42  2.8876E+42  4.7520E+35  2.7728E+40
  6.3100E+01  2.2435E+42  2.2213E+42  2.9056E+35  2.2180E+40
  6.6830E+01  1.7164E+42  1.6987E+42  1.7654E+35  1.7744E+40
  7.0790E+01  1.3058E+42  1.2916E+42  1.0661E+35  1.4183E+40
  7.4990E+01  9.8818E+41  9.7685E+41  6.4030E+34  1.1329E+40
  7.9430E+01  7.4478E+41  7.3573E+41  3.8295E+34  9.0505E+39
  8.4140E+01  5.5905E+41  5.5183E+41  2.2801E+34  7.2256E+39
  8.9130E+01  4.1841E+41  4.1264E+41  1.3536E+34  5.7665E+39
  9.4410E+01  3.1227E+41  3.0767E+41  8.0130E+33  4.6021E+39
  1.0000E+02  2.3241E+41  2.2874E+41  4.7300E+33  3.6722E+39
  1.0590E+02  1.7275E+41  1.6982E+41  2.7888E+33  2.9317E+39
  1.1220E+02  1.2815E+41  1.2582E+41  1.6404E+33  2.3358E+39
  1.1890E+02  9.5109E+40  9.3250E+40  9.6539E+32  1.8590E+39
  1.2590E+02  7.0980E+40  6.9496E+40  5.7145E+32  1.4838E+39
  1.3340E+02  5.3096E+40  5.1915E+40  3.3954E+32  1.1811E+39
  1.4130E+02  3.9418E+40  3.8477E+40  2.0095E+32  9.4117E+38
  1.4960E+02  2.8687E+40  2.7936E+40  1.1647E+32  7.5121E+38
  1.5850E+02  2.0720E+40  2.0123E+40  6.6816E+31  5.9781E+38
  1.7780E+02  1.0902E+40  1.0522E+40  2.2148E+31  3.7942E+38
  1.9950E+02  5.7486E+39  5.5081E+39  7.3617E+30  2.4043E+38
  2.2390E+02  3.0274E+39  2.8752E+39  2.4467E+30  1.5216E+38
  2.5120E+02  1.5941E+39  1.4977E+39  8.1371E+29  9.6376E+37
  2.8180E+02  8.3877E+38  7.7773E+38  2.7070E+29  6.1043E+37
  3.1620E+02  4.4088E+38  4.0226E+38  9.0047E+28  3.8617E+37
  3.5480E+02  2.3191E+38  2.0749E+38  2.9998E+28  2.4421E+37
  3.9810E+02  1.2218E+38  1.0674E+38  1.0023E+28  1.5442E+37
  4.4670E+02  6.4533E+37  5.4773E+37  3.3614E+27  9.7603E+36
  5.0120E+02  3.4222E+37  2.8053E+37  1.1333E+27  6.1695E+36
  5.6230E+02  1.8246E+37  1.4346E+37  3.8454E+26  3.9003E+36
  6.3100E+02  9.7796E+36  7.3167E+36  1.3137E+26  2.4629E+36
  7.0790E+02  5.2865E+36  3.7297E+36  4.5320E+25  1.5568E+36
  7.9430E+02  2.8803E+36  1.8971E+36  1.5774E+25  9.8325E+35
  8.9130E+02  1.5841E+36  9.6334E+35  5.5473E+24  6.2077E+35
  1.0000E+03  8.8098E+35  4.8885E+35  1.9740E+24  3.9214E+35
