  1.0000E-03  8.7781E+44  1.6775E+06  1.1901E+42  8.7662E+44
  1.1220E-03  9.8509E+44  1.6134E+06  1.5132E+42  9.8357E+44
  1.2590E-03  1.1055E+45  1.5706E+06  1.8342E+42  1.1037E+45
  1.4130E-03  1.2408E+45  1.4326E+06  2.1368E+42  1.2387E+45
  1.5850E-03  1.3919E+45  1.3747E+06  2.4225E+42  1.3894E+45
  1.7780E-03  1.5616E+45  1.3351E+06  3.0152E+42  1.5586E+45
  1.9950E-03  1.7524E+45  1.2487E+06  3.6212E+42  1.7488E+45
  2.2390E-03  1.9666E+45  1.2095E+06  3.9028E+42  1.9627E+45
  2.5120E-03  2.2071E+45  1.1520E+06  5.1093E+42  2.2020E+45
  2.8180E-03  2.4763E+45  1.0561E+06  6.0706E+42  2.4702E+45
  3.1620E-03  2.7787E+45  9.8531E+05  6.8497E+42  2.7718E+45
  3.5480E-03  3.1178E+45  9.3922E+05  7.5266E+42  3.1103E+45
  3.9810E-03  3.4979E+45  9.0337E+05  8.0936E+42  3.4898E+45
  4.4670E-03  3.9289E+45  1.1436E+06  1.3052E+43  3.9158E+45
  5.0120E-03  4.4096E+45  1.0461E+06  1.6033E+43  4.3936E+45
  5.6230E-03  4.9481E+45  9.8100E+05  1.8905E+43  4.9292E+45
  5.9570E-03  5.2423E+45  9.7156E+05  2.0274E+43  5.2220E+45
  6.6830E-03  5.8814E+45  9.1855E+05  2.2852E+43  5.8585E+45
  7.4990E-03  6.5992E+45  8.7268E+05  2.5394E+43  6.5738E+45
  8.4140E-03  7.4040E+45  8.1981E+05  2.8149E+43  7.3758E+45
  9.4410E-03  8.3066E+45  8.1608E+05  3.0549E+43  8.2761E+45
  1.0590E-02  9.3150E+45  7.6928E+05  3.1704E+43  9.2833E+45
  1.1890E-02  1.0459E+46  7.2971E+05  3.6025E+43  1.0423E+46
  1.3340E-02  1.1733E+46  6.9330E+05  3.8649E+43  1.1694E+46
  1.4960E-02  1.3156E+46  7.0790E+05  4.2104E+43  1.3114E+46
  1.6790E-02  1.4764E+46  6.4650E+05  4.5249E+43  1.4718E+46
  1.8840E-02  1.6563E+46  6.2373E+05  4.8078E+43  1.6515E+46
  2.1130E-02  1.8576E+46  6.1950E+05  5.2016E+43  1.8524E+46
  2.3710E-02  2.0840E+46  6.0124E+05  5.5854E+43  2.0785E+46
  2.6610E-02  2.3386E+46  5.8141E+05  5.9734E+43  2.3326E+46
  2.9850E-02  2.6230E+46  5.8714E+05  6.3440E+43  2.6166E+46
  3.3500E-02  2.9434E+46  5.6717E+05  6.6991E+43  2.9367E+46
  3.7580E-02  3.3015E+46  5.5630E+05  7.2900E+43  3.2942E+46
  4.2170E-02  3.7053E+46  5.3025E+05  8.5588E+43  3.6967E+46
  4.7320E-02  4.1569E+46  4.8069E+05  8.7598E+43  4.1482E+46
  5.3090E-02  4.3294E+46  4.0670E+05  8.1660E+43  4.3212E+46
  6.6830E-02  4.1325E+46  3.0097E+05  5.6769E+43  4.1268E+46
  7.4990E-02  4.0374E+46  2.4907E+05  4.5632E+43  4.0328E+46
  8.4140E-02  3.9456E+46  3.6944E+05  4.5907E+43  3.9410E+46
  9.4410E-02  3.8560E+46  1.2932E+10  4.7070E+43  3.8513E+46
  1.0590E-01  3.5109E+46  3.9009E+14  5.3475E+43  3.5055E+46
  1.1890E-01  2.9524E+46  3.1274E+18  5.6678E+43  2.9467E+46
  1.3340E-01  2.4855E+46  6.5868E+21  5.9019E+43  2.4795E+46
  1.4960E-01  2.0933E+46  7.6255E+24  5.4860E+43  2.0878E+46
  1.5850E-01  1.9196E+46  2.2495E+26  5.0724E+43  1.9145E+46
  1.7780E-01  1.6154E+46  1.1483E+29  3.9417E+43  1.6114E+46
  1.9950E-01  1.3581E+46  3.2335E+31  2.2941E+43  1.3558E+46
  2.2390E-01  1.1420E+46  3.8701E+33  1.6314E+43  1.1403E+46
  2.3710E-01  1.0483E+46  2.6497E+34  1.8343E+43  1.0464E+46
  2.5120E-01  9.6157E+45  1.5525E+35  1.9869E+43  9.5958E+45
  2.6610E-01  8.8211E+45  8.4329E+35  1.9879E+43  8.8012E+45
  2.8180E-01  8.0951E+45  4.1823E+36  1.9010E+43  8.0761E+45
  2.9850E-01  7.4258E+45  1.8862E+37  1.7903E+43  7.4079E+45
  3.1620E-01  6.8115E+45  7.6368E+37  1.6828E+43  6.7947E+45
  3.3500E-01  6.2466E+45  2.8212E+38  1.5739E+43  6.2308E+45
  3.5480E-01  5.7311E+45  9.5385E+38  1.4635E+43  5.7165E+45
  3.7580E-01  5.2577E+45  2.9815E+39  1.3519E+43  5.2442E+45
  3.9810E-01  4.8222E+45  8.5813E+39  1.2499E+43  4.8097E+45
  4.2170E-01  4.4232E+45  2.2686E+40  1.1498E+43  4.4116E+45
  4.4670E-01  4.0573E+45  5.5567E+40  1.0595E+43  4.0466E+45
  4.7320E-01  3.7213E+45  1.2792E+41  9.7224E+42  3.7115E+45
  5.0120E-01  3.4140E+45  2.7752E+41  8.8815E+42  3.4048E+45
  5.3090E-01  3.1318E+45  5.7027E+41  8.0617E+42  3.1232E+45
  5.6230E-01  2.8736E+45  1.1086E+42  7.3206E+42  2.8651E+45
  5.9570E-01  2.6362E+45  2.0524E+42  6.6341E+42  2.6276E+45
  6.3100E-01  2.4199E+45  3.6148E+42  5.9923E+42  2.4103E+45
  6.6830E-01  2.2229E+45  6.0661E+42  5.3900E+42  2.2114E+45
  7.0790E-01  2.0430E+45  9.7381E+42  4.8443E+42  2.0284E+45
  7.4990E-01  1.8798E+45  1.4981E+43  4.3529E+42  1.8605E+45
  7.9430E-01  1.7326E+45  2.2108E+43  3.9036E+42  1.7066E+45
  8.4140E-01  1.6002E+45  3.1422E+43  3.4913E+42  1.5653E+45
  8.9130E-01  1.4820E+45  4.3121E+43  3.1079E+42  1.4357E+45
  9.4410E-01  1.3769E+45  5.7179E+43  2.7586E+42  1.3170E+45
  1.0000E+00  1.2840E+45  7.3432E+43  2.4438E+42  1.2081E+45
  1.0590E+00  1.2023E+45  9.1514E+43  2.1631E+42  1.1086E+45
  1.1220E+00  1.1298E+45  1.1136E+44  1.9078E+42  1.0165E+45
  1.1890E+00  1.0660E+45  1.3249E+44  1.6724E+42  9.3183E+44
  1.2590E+00  1.0103E+45  1.5368E+44  1.4525E+42  8.5520E+44
  1.3340E+00  9.6014E+44  1.7478E+44  1.2530E+42  7.8411E+44
  1.4130E+00  9.1476E+44  1.9441E+44  1.0775E+42  7.1927E+44
  1.4960E+00  8.7334E+44  2.1216E+44  9.2174E+41  6.6026E+44
  1.5850E+00  8.3466E+44  2.2845E+44  7.8137E+41  6.0543E+44
  1.6790E+00  7.9794E+44  2.4198E+44  6.5464E+41  5.5530E+44
  1.7780E+00  7.6230E+44  2.5219E+44  5.4057E+41  5.0957E+44
  1.8840E+00  7.2734E+44  2.5971E+44  4.3935E+41  4.6719E+44
  1.9950E+00  6.9308E+44  2.6398E+44  3.5154E+41  4.2875E+44
  2.1130E+00  6.5908E+44  2.6548E+44  2.7703E+41  3.9333E+44
  2.2390E+00  6.2500E+44  2.6417E+44  2.1520E+41  3.6061E+44
  2.3710E+00  5.9121E+44  2.6013E+44  1.6513E+41  3.3092E+44
  2.5120E+00  5.5768E+44  2.5411E+44  1.2543E+41  3.0344E+44
  2.6610E+00  5.2453E+44  2.4611E+44  9.4462E+40  2.7832E+44
  2.8180E+00  4.9171E+44  2.3626E+44  7.0581E+40  2.5538E+44
  2.9850E+00  4.5949E+44  2.2518E+44  5.2397E+40  2.3426E+44
  3.1620E+00  4.2787E+44  2.1297E+44  3.8666E+40  2.1487E+44
  3.3500E+00  3.9775E+44  2.0068E+44  2.8431E+40  1.9704E+44
  3.5480E+00  3.6832E+44  1.8752E+44  2.0796E+40  1.8078E+44
  3.7580E+00  3.4017E+44  1.7433E+44  1.5149E+40  1.6583E+44
  3.9810E+00  3.1332E+44  1.6121E+44  1.0993E+40  1.5210E+44
  4.2170E+00  2.8780E+44  1.4828E+44  7.9474E+39  1.3951E+44
  4.4670E+00  2.6363E+44  1.3566E+44  5.7243E+39  1.2796E+44
  4.7320E+00  2.4100E+44  1.2363E+44  4.1081E+39  1.1737E+44
  5.0120E+00  2.2017E+44  1.1225E+44  2.9433E+39  1.0791E+44
  5.3090E+00  1.9755E+44  1.0152E+44  2.0680E+39  9.6024E+43
  5.6230E+00  1.7638E+44  9.1569E+43  1.4429E+39  8.4805E+43
  5.9570E+00  1.5678E+44  8.2458E+43  1.0003E+39  7.4316E+43
  6.3100E+00  1.3826E+44  7.3553E+43  6.8663E+38  6.4710E+43
  6.6830E+00  1.2203E+44  6.6020E+43  4.6983E+38  5.6014E+43
  7.0790E+00  1.0686E+44  5.8669E+43  3.1702E+38  4.8190E+43
  7.4990E+00  9.6138E+43  5.4908E+43  2.1770E+38  4.1229E+43
  7.9430E+00  1.0013E+44  6.5018E+43  1.7493E+38  3.5109E+43
  8.4140E+00  1.1811E+44  8.8356E+43  1.7020E+38  2.9752E+43
  8.9130E+00  1.3162E+44  1.0652E+44  1.6607E+38  2.5104E+43
  9.4410E+00  1.3975E+44  1.1865E+44  1.7064E+38  2.1101E+43
  1.0000E+01  1.1529E+44  9.7618E+43  1.2024E+38  1.7671E+43
  1.0590E+01  9.0096E+43  7.5338E+43  7.7845E+37  1.4758E+43
  1.1220E+01  6.7088E+43  5.4821E+43  4.4717E+37  1.2267E+43
  1.1890E+01  5.0446E+43  4.0287E+43  2.6008E+37  1.0159E+43
  1.2590E+01  3.7928E+43  2.9516E+43  1.4814E+37  8.4119E+42
  1.3340E+01  2.8806E+43  2.1874E+43  8.4066E+36  6.9319E+42
  1.4130E+01  2.3041E+43  1.7336E+43  4.9360E+36  5.7050E+42
  1.4960E+01  2.0881E+43  1.6189E+43  3.3706E+36  4.6919E+42
  1.5850E+01  1.9565E+43  1.5724E+43  2.4788E+36  3.8414E+42
  1.6790E+01  1.8420E+43  1.5279E+43  1.9039E+36  3.1409E+42
  1.7780E+01  1.6849E+43  1.4283E+43  1.4656E+36  2.5663E+42
  1.8840E+01  1.4550E+43  1.2461E+43  1.0713E+36  2.0888E+42
  1.9950E+01  1.1863E+43  1.0161E+43  7.2067E+35  1.7013E+42
  2.1130E+01  9.5274E+42  8.1447E+42  4.6343E+35  1.3827E+42
  2.2390E+01  7.6814E+42  6.5611E+42  2.9808E+35  1.1203E+42
  2.3710E+01  6.2184E+42  5.3097E+42  1.9167E+35  9.0864E+41
  2.5120E+01  5.0333E+42  4.2985E+42  1.2352E+35  7.3479E+41
  2.6610E+01  4.0673E+42  3.4735E+42  7.9310E+34  5.9383E+41
  2.8180E+01  3.2830E+42  2.8030E+42  5.1017E+34  4.7994E+41
  2.9850E+01  2.6372E+42  2.2500E+42  3.2750E+34  3.8717E+41
  3.1620E+01  2.1047E+42  1.7927E+42  2.0905E+34  3.1199E+41
  3.3500E+01  1.6672E+42  1.4161E+42  1.3267E+34  2.5106E+41
  3.5480E+01  1.3124E+42  1.1103E+42  8.3823E+33  2.0210E+41
  3.7580E+01  1.0240E+42  8.6150E+41  5.2558E+33  1.6253E+41
  3.9810E+01  7.9033E+41  6.5979E+41  3.2655E+33  1.3054E+41
  4.2170E+01  6.0491E+41  5.0012E+41  2.0130E+33  1.0479E+41
  4.4670E+01  4.5956E+41  3.7549E+41  1.2309E+33  8.4074E+40
  4.7320E+01  3.4702E+41  2.7962E+41  7.4787E+32  6.7400E+40
  5.0120E+01  2.6087E+41  2.0684E+41  4.5228E+32  5.4034E+40
  5.3090E+01  1.9527E+41  1.5198E+41  2.7235E+32  4.3282E+40
  5.6230E+01  1.4581E+41  1.1114E+41  1.6359E+32  3.4667E+40
  5.9570E+01  1.0854E+41  8.0816E+40  9.7964E+31  2.7728E+40
  6.3100E+01  8.0759E+40  5.8578E+40  5.8641E+31  2.2180E+40
  6.6830E+01  6.0089E+40  4.2345E+40  3.5111E+31  1.7744E+40
  7.0790E+01  4.4711E+40  3.0528E+40  2.1025E+31  1.4183E+40
  7.4990E+01  3.3282E+40  2.1953E+40  1.2599E+31  1.1329E+40
  7.9430E+01  2.4818E+40  1.5767E+40  7.5653E+30  9.0505E+39
  8.4140E+01  1.8533E+40  1.1307E+40  4.5488E+30  7.2256E+39
  8.9130E+01  1.3872E+40  8.1053E+39  2.7417E+30  5.7665E+39
  9.4410E+01  1.0409E+40  5.8073E+39  1.6567E+30  4.6021E+39
  1.0000E+02  7.8308E+39  4.1585E+39  1.0035E+30  3.6722E+39
  1.0590E+02  5.9121E+39  2.9804E+39  6.1002E+29  2.9317E+39
  1.1220E+02  4.4711E+39  2.1353E+39  3.7113E+29  2.3358E+39
  1.1890E+02  3.3921E+39  1.5330E+39  2.2637E+29  1.8590E+39
  1.2590E+02  2.5926E+39  1.1088E+39  1.3902E+29  1.4838E+39
  1.3340E+02  1.9857E+39  8.0464E+38  8.5587E+28  1.1811E+39
  1.4130E+02  1.5220E+39  5.8081E+38  5.2939E+28  9.4117E+38
  1.4960E+02  1.1633E+39  4.1211E+38  3.2668E+28  7.5121E+38
  1.5850E+02  8.8828E+38  2.9047E+38  2.0078E+28  5.9781E+38
  1.7780E+02  5.2533E+38  1.4591E+38  7.6574E+27  3.7942E+38
  1.9950E+02  3.1411E+38  7.3677E+37  2.9433E+27  2.4043E+38
  2.2390E+02  1.8941E+38  3.7249E+37  1.1385E+27  1.5216E+38
  2.5120E+02  1.1524E+38  1.8865E+37  4.4331E+26  9.6376E+37
  2.8180E+02  7.0599E+37  9.5559E+36  1.7347E+26  6.1043E+37
  3.1620E+02  4.3452E+37  4.8352E+36  6.8067E+25  3.8617E+37
  3.5480E+02  2.6867E+37  2.4461E+36  2.6779E+25  2.4421E+37
  3.9810E+02  1.6679E+37  1.2370E+36  1.0565E+25  1.5442E+37
  4.4670E+02  1.0385E+37  6.2522E+35  4.1754E+24  9.7603E+36
  5.0120E+02  6.4854E+36  3.1595E+35  1.6532E+24  6.1695E+36
  5.6230E+02  4.0600E+36  1.5967E+35  6.5545E+23  3.9003E+36
  6.3100E+02  2.5435E+36  8.0581E+34  2.5993E+23  2.4629E+36
  7.0790E+02  1.5975E+36  4.0695E+34  1.0328E+23  1.5568E+36
  7.9430E+02  1.0038E+36  2.0528E+34  4.1029E+22  9.8325E+35
  8.9130E+02  6.3112E+35  1.0348E+34  1.6303E+22  6.2077E+35
  1.0000E+03  3.9735E+35  5.2169E+33  6.4857E+21  3.9214E+35
