  1.0000E-03  1.1476E+42  0.0000E+00  1.0274E+42  1.2017E+41
  1.1220E-03  3.1676E+41  0.0000E+00  3.0256E+41  1.4199E+40
  1.2590E-03  8.8767E+40  0.0000E+00  8.7313E+40  1.4535E+39
  1.4130E-03  2.4730E+40  0.0000E+00  2.4596E+40  1.3377E+38
  1.5850E-03  8.7490E+39  0.0000E+00  8.7312E+39  1.7839E+37
  1.7780E-03  9.3387E+39  0.0000E+00  9.3292E+39  9.4999E+36
  1.9950E-03  1.7526E+39  0.0000E+00  1.7525E+39  1.6494E+35
  2.2390E-03  4.0642E+38  0.0000E+00  4.0642E+38  7.5693E+33
  2.5120E-03  4.5296E+38  0.0000E+00  4.5296E+38  2.0480E+33
  2.8180E-03  6.2373E+37  0.0000E+00  6.2373E+37  6.0747E+30
  3.1620E-03  1.0534E+37  0.0000E+00  1.0534E+37  3.3086E+28
  3.5480E-03  1.9971E+36  0.0000E+00  1.9971E+36  2.4604E+26
  3.9810E-03  4.3726E+35  0.0000E+00  4.3726E+35  2.9048E+24
  4.4670E-03  1.2025E+39  0.0000E+00  1.2025E+39  2.6317E+32
  5.0120E-03  1.6623E+38  0.0000E+00  1.6623E+38  4.8365E+29
  5.6230E-03  2.4993E+37  0.0000E+00  2.4993E+37  9.3723E+26
  5.9570E-03  1.0331E+37  0.0000E+00  1.0331E+37  4.7387E+25
  6.6830E-03  2.2117E+36  0.0000E+00  2.2117E+36  2.3077E+23
  7.4990E-03  6.9273E+35  0.0000E+00  6.9273E+35  3.4399E+21
  8.4140E-03  1.7980E+35  0.0000E+00  1.7980E+35  2.3197E+19
  9.4410E-03  5.9869E+34  0.0000E+00  5.9869E+34  4.2143E+17
  1.0590E-02  3.1500E+34  0.0000E+00  3.1500E+34  6.7562E+16
  1.1890E-02  1.1523E+34  0.0000E+00  1.1523E+34  7.2929E+14
  1.3340E-02  4.6633E+33  0.0000E+00  4.6633E+33  2.4563E+13
  1.4960E-02  1.6118E+33  0.0000E+00  1.6118E+33  3.3168E+11
  1.6790E-02  5.9534E+32  0.0000E+00  5.9534E+32  6.6266E+09
  1.8840E-02  2.4339E+32  0.0000E+00  2.4339E+32  2.1926E+08
  2.1130E-02  9.7527E+31  0.0000E+00  9.7527E+31  4.6674E+06
  2.3710E-02  3.6903E+31  0.0000E+00  3.6903E+31  8.4765E+04
  2.6610E-02  1.2755E+31  0.0000E+00  1.2755E+31  1.0620E+03
  2.9850E-02  4.4446E+30  0.0000E+00  4.4446E+30  1.4219E+01
  3.3500E-02  1.4995E+30  0.0000E+00  1.4995E+30  1.7675E-01
  3.7580E-02  1.0915E+30  0.0000E+00  1.0915E+30  6.0008E-02
  4.2170E-02  6.5928E+29  0.0000E+00  6.5928E+29  7.0636E-04
  4.7320E-02  6.2496E+28  1.4486E-86  6.2496E+28  1.7683E-08
  5.3090E-02  3.3200E+27  7.1854E-83  3.3200E+27  5.0620E-14
  6.6830E-02  3.2819E+22  2.9577E-89  3.2819E+22  5.5297E-36
  7.4990E-02  1.7753E+19  0.0000E+00  1.7753E+19  5.1716E-50
  8.4140E-02  9.7548E+19  1.3856E-87  9.7548E+19  1.5376E-46
  9.4410E-02  3.5867E+20  3.9957E-80  3.5867E+20  3.9559E-44
  1.0590E-01  7.3993E+22  6.0184E-66  7.3993E+22  2.2843E-34
  1.1890E-01  1.9558E+25  5.8932E-51  1.9558E+25  2.5450E-23
  1.3340E-01  1.1026E+27  1.5461E-39  1.1026E+27  2.4792E-15
  1.4960E-01  9.0611E+27  2.8742E-31  9.0611E+27  3.3090E-10
  1.5850E-01  1.1659E+28  7.5419E-29  1.1659E+28  2.7157E-09
  1.7780E-01  4.6214E+27  1.0210E-27  4.6214E+27  6.0469E-11
  1.9950E-01  2.7061E+25  1.4080E-34  2.7061E+25  2.4575E-20
  2.2390E-01  1.5062E+24  3.6828E-38  1.5062E+24  4.6839E-26
  2.3710E-01  7.7722E+25  2.0573E-30  7.7722E+25  3.5595E-19
  2.5120E-01  3.7496E+27  2.0190E-22  3.7496E+27  5.3339E-12
  2.6610E-01  4.5343E+28  8.8036E-17  4.5343E+28  3.8058E-07
  2.8180E-01  2.5241E+29  1.5491E-12  2.5241E+29  1.2022E-03
  2.9850E-01  9.6369E+29  4.4725E-09  9.6369E+29  6.8640E-01
  3.1620E-01  3.2950E+30  5.9719E-06  3.2950E+30  2.0218E+02
  3.3500E-01  1.0266E+31  4.5045E-03  1.0266E+31  3.6966E+04
  3.5480E-01  2.8376E+31  1.7846E+00  2.8376E+31  3.8986E+06
  3.7580E-01  7.7845E+31  6.0477E+02  7.7845E+31  3.8057E+08
  3.9810E-01  1.9888E+32  1.2495E+05  1.9888E+32  2.4653E+10
  4.2170E-01  5.5665E+32  3.2605E+07  5.5665E+32  2.1902E+12
  4.4670E-01  1.5448E+33  6.6406E+09  1.5448E+33  1.6405E+14
  4.7320E-01  4.2343E+33  1.1388E+12  4.2343E+33  1.1011E+16
  5.0120E-01  1.1299E+34  1.5743E+14  1.1299E+34  6.3240E+17
  5.3090E-01  3.0729E+34  2.1065E+16  3.0729E+34  3.7039E+19
  5.6230E-01  7.8910E+34  1.8939E+18  7.8910E+34  1.5428E+21
  5.9570E-01  1.9700E+35  1.3180E+20  1.9700E+35  5.2220E+22
  6.3100E-01  4.9271E+35  8.0158E+21  4.9271E+35  1.6225E+24
  6.6830E-01  1.2331E+36  4.2396E+23  1.2331E+36  4.5971E+25
  7.0790E-01  3.0962E+36  1.8797E+25  3.0962E+36  1.1405E+27
  7.4990E-01  7.5713E+36  6.3520E+26  7.5713E+36  2.2523E+28
  7.9430E-01  1.8458E+37  1.8187E+28  1.8458E+37  3.9278E+29
  8.4140E-01  4.5046E+37  4.5272E+29  4.5046E+37  6.1804E+30
  8.9130E-01  1.1275E+38  1.0834E+31  1.1275E+38  9.6682E+31
  9.4410E-01  2.7752E+38  2.1780E+32  2.7752E+38  1.3152E+33
  1.0000E+00  6.5002E+38  3.3885E+33  6.5000E+38  1.4320E+34
  1.0590E+00  1.4618E+39  4.2060E+34  1.4616E+39  1.2846E+35
  1.1220E+00  3.1873E+39  4.3803E+35  3.1859E+39  9.9115E+35
  1.1890E+00  6.7512E+39  3.9235E+36  6.7405E+39  6.7356E+36
  1.2590E+00  1.4006E+40  3.1221E+37  1.3933E+40  4.1806E+37
  1.3340E+00  2.8192E+40  2.0760E+38  2.7763E+40  2.2159E+38
  1.4130E+00  5.4760E+40  1.1105E+39  5.2680E+40  9.7022E+38
  1.4960E+00  1.0510E+41  4.9690E+39  9.6489E+40  3.6383E+39
  1.5850E+00  2.0506E+41  1.9351E+40  1.7364E+41  1.2071E+40
  1.6790E+00  4.1340E+41  6.6858E+40  3.1029E+41  3.6251E+40
  1.7780E+00  8.5426E+41  2.0597E+41  5.4923E+41  9.9052E+40
  1.8840E+00  1.7629E+42  5.6651E+41  9.5108E+41  2.4536E+41
  1.9950E+00  3.5214E+42  1.3890E+42  1.5810E+42  5.5151E+41
  2.1130E+00  6.6493E+42  3.0441E+42  2.4810E+42  1.1242E+42
  2.2390E+00  1.1711E+43  5.9904E+42  3.6335E+42  2.0866E+42
  2.3710E+00  1.9135E+43  1.0650E+43  4.9353E+42  3.5499E+42
  2.5120E+00  2.9064E+43  1.7270E+43  6.2267E+42  5.5673E+42
  2.6610E+00  4.1271E+43  2.5804E+43  7.3316E+42  8.1356E+42
  2.8180E+00  5.5211E+43  3.5907E+43  8.1118E+42  1.1192E+43
  2.9850E+00  7.0046E+43  4.6965E+43  8.4889E+42  1.4592E+43
  3.1620E+00  8.4941E+43  5.8275E+43  8.4671E+42  1.8199E+43
  3.3500E+00  9.8728E+43  6.8934E+43  8.0679E+42  2.1726E+43
  3.5480E+00  1.1119E+44  7.8582E+43  7.4282E+42  2.5184E+43
  3.7580E+00  1.2158E+44  8.6620E+43  6.6168E+42  2.8344E+43
  3.9810E+00  1.2955E+44  9.2722E+43  5.7256E+42  3.1106E+43
  4.2170E+00  1.3505E+44  9.6802E+43  4.8321E+42  3.3419E+43
  4.4670E+00  1.3814E+44  9.8903E+43  3.9891E+42  3.5252E+43
  4.7320E+00  1.3880E+44  9.9034E+43  3.2225E+42  3.6540E+43
  5.0120E+00  1.3736E+44  9.7424E+43  2.5555E+42  3.7381E+43
  5.3090E+00  1.3272E+44  9.4249E+43  1.9732E+42  3.6493E+43
  5.6230E+00  1.2622E+44  8.9831E+43  1.4939E+42  3.4893E+43
  5.9570E+00  1.1828E+44  8.4484E+43  1.1103E+42  3.2689E+43
  6.3100E+00  1.0950E+44  7.8456E+43  8.1230E+41  3.0234E+43
  6.6830E+00  1.0099E+44  7.2875E+43  5.8892E+41  2.7522E+43
  7.0790E+00  9.2250E+43  6.7032E+43  4.1984E+41  2.4798E+43
  7.4990E+00  8.0009E+43  5.8898E+43  2.7882E+41  2.0832E+43
  7.9430E+00  5.5240E+43  4.2229E+43  1.4377E+41  1.2867E+43
  8.4140E+00  2.8295E+43  2.2878E+43  5.7940E+40  5.3588E+42
  8.9130E+00  1.4288E+43  1.2083E+43  2.5332E+40  2.1795E+42
  9.4410E+00  7.4040E+42  6.4885E+42  1.2979E+40  9.0255E+41
  1.0000E+01  8.9561E+42  7.8918E+42  1.3412E+40  1.0509E+42
  1.0590E+01  1.1997E+43  1.0568E+43  1.4962E+40  1.4138E+42
  1.1220E+01  1.6343E+43  1.4333E+43  1.6017E+40  1.9944E+42
  1.1890E+01  1.9412E+43  1.6968E+43  1.5067E+40  2.4294E+42
  1.2590E+01  2.1660E+43  1.8891E+43  1.3065E+40  2.7565E+42
  1.3340E+01  2.2548E+43  1.9670E+43  1.0387E+40  2.8673E+42
  1.4130E+01  2.1958E+43  1.9289E+43  7.5106E+39  2.6617E+42
  1.4960E+01  1.9852E+43  1.7787E+43  5.0740E+39  2.0597E+42
  1.5850E+01  1.7808E+43  1.6301E+43  3.5155E+39  1.5035E+42
  1.6790E+01  1.6173E+43  1.5090E+43  2.5485E+39  1.0797E+42
  1.7780E+01  1.5227E+43  1.4418E+43  1.9727E+39  8.0681E+41
  1.8840E+01  1.5079E+43  1.4419E+43  1.6228E+39  6.5810E+41
  1.9950E+01  1.5496E+43  1.4905E+43  1.3629E+39  5.8949E+41
  2.1130E+01  1.5940E+43  1.5406E+43  1.1128E+39  5.3235E+41
  2.2390E+01  1.6264E+43  1.5793E+43  8.9519E+38  4.6999E+41
  2.3710E+01  1.6488E+43  1.6077E+43  7.1115E+38  4.0993E+41
  2.5120E+01  1.6579E+43  1.6226E+43  5.6059E+38  3.5254E+41
  2.6610E+01  1.6524E+43  1.6222E+43  4.3675E+38  3.0102E+41
  2.8180E+01  1.6296E+43  1.6040E+43  3.3746E+38  2.5536E+41
  2.9850E+01  1.5873E+43  1.5657E+43  2.5804E+38  2.1524E+41
  3.1620E+01  1.5242E+43  1.5061E+43  1.9469E+38  1.8077E+41
  3.3500E+01  1.4412E+43  1.4261E+43  1.4485E+38  1.5127E+41
  3.5480E+01  1.3414E+43  1.3287E+43  1.0626E+38  1.2636E+41
  3.7580E+01  1.2277E+43  1.2172E+43  7.6776E+37  1.0535E+41
  3.9810E+01  1.1033E+43  1.0945E+43  5.4610E+37  8.7774E+40
  4.2170E+01  9.7478E+42  9.6748E+42  3.8226E+37  7.3028E+40
  4.4670E+01  8.4724E+42  8.4118E+42  2.6314E+37  6.0638E+40
  4.7320E+01  7.2527E+42  7.2025E+42  1.7840E+37  5.0213E+40
  5.0120E+01  6.1211E+42  6.0796E+42  1.1923E+37  4.1492E+40
  5.3090E+01  5.0957E+42  5.0615E+42  7.8596E+36  3.4180E+40
  5.6230E+01  4.1912E+42  4.1631E+42  5.1176E+36  2.8085E+40
  5.9570E+01  3.4057E+42  3.3827E+42  3.2913E+36  2.2993E+40
  6.3100E+01  2.7397E+42  2.7209E+42  2.0953E+36  1.8782E+40
  6.6830E+01  2.1836E+42  2.1683E+42  1.3216E+36  1.5311E+40
  7.0790E+01  1.7255E+42  1.7130E+42  8.2629E+35  1.2445E+40
  7.4990E+01  1.3524E+42  1.3423E+42  5.1244E+35  1.0090E+40
  7.9430E+01  1.0527E+42  1.0445E+42  3.1568E+35  8.1684E+39
  8.4140E+01  8.1406E+41  8.0746E+41  1.9316E+35  6.5983E+39
  8.9130E+01  6.2621E+41  6.2089E+41  1.1760E+35  5.3205E+39
  9.4410E+01  4.7927E+41  4.7498E+41  7.1241E+34  4.2850E+39
  1.0000E+02  3.6505E+41  3.6160E+41  4.2956E+34  3.4469E+39
  1.0590E+02  2.7712E+41  2.7434E+41  2.5824E+34  2.7714E+39
  1.1220E+02  2.0960E+41  2.0738E+41  1.5464E+34  2.2218E+39
  1.1890E+02  1.5832E+41  1.5654E+41  9.2500E+33  1.7779E+39
  1.2590E+02  1.2000E+41  1.1858E+41  5.5551E+33  1.4256E+39
  1.3340E+02  9.1047E+40  8.9908E+40  3.3446E+33  1.1392E+39
  1.4130E+02  6.8486E+40  6.7575E+40  2.0039E+33  9.1118E+38
  1.4960E+02  5.0481E+40  4.9751E+40  1.1755E+33  7.3003E+38
  1.5850E+02  3.6909E+40  3.6326E+40  6.8222E+32  5.8294E+38
  1.7780E+02  1.9830E+40  1.9458E+40  2.3080E+32  3.7201E+38
  1.9950E+02  1.0634E+40  1.0397E+40  7.8030E+31  2.3673E+38
  2.2390E+02  5.6739E+39  5.5236E+39  2.6302E+31  1.5030E+38
  2.5120E+02  3.0167E+39  2.9212E+39  8.8493E+30  9.5441E+37
  2.8180E+02  1.5974E+39  1.5369E+39  2.9714E+30  6.0573E+37
  3.1620E+02  8.4240E+38  8.0402E+38  9.9567E+29  3.8381E+37
  3.5480E+02  4.4316E+38  4.1886E+38  3.3350E+29  2.4302E+37
  3.9810E+02  2.3273E+38  2.1735E+38  1.1184E+29  1.5382E+37
  4.4670E+02  1.2211E+38  1.1238E+38  3.7581E+28  9.7302E+36
  5.0120E+02  6.4095E+37  5.7940E+37  1.2674E+28  6.1543E+36
  5.6230E+02  3.3695E+37  2.9802E+37  4.2954E+27  3.8927E+36
  6.3100E+02  1.7737E+37  1.5278E+37  1.4635E+27  2.4591E+36
  7.0790E+02  9.3776E+36  7.8228E+36  5.0283E+26  1.5549E+36
  7.9430E+02  4.9770E+36  3.9947E+36  1.7410E+26  9.8228E+35
  8.9130E+02  2.6559E+36  2.0356E+36  6.0842E+25  6.2028E+35
  1.0000E+03  1.4280E+36  1.0361E+36  2.1498E+25  3.9189E+35
