  1.0000E-03  8.8790E+44  0.0000E+00  1.1282E+43  8.7662E+44
  1.1220E-03  9.9097E+44  0.0000E+00  7.3983E+42  9.8357E+44
  1.2590E-03  1.1094E+45  0.0000E+00  5.6813E+42  1.1037E+45
  1.4130E-03  1.2438E+45  0.0000E+00  5.1192E+42  1.2387E+45
  1.5850E-03  1.3948E+45  0.0000E+00  5.3194E+42  1.3894E+45
  1.7780E-03  1.5652E+45  0.0000E+00  6.5557E+42  1.5586E+45
  1.9950E-03  1.7554E+45  0.0000E+00  6.5841E+42  1.7488E+45
  2.2390E-03  1.9695E+45  0.0000E+00  6.8120E+42  1.9627E+45
  2.5120E-03  2.2098E+45  0.0000E+00  7.8121E+42  2.2020E+45
  2.8180E-03  2.4775E+45  0.0000E+00  7.2739E+42  2.4702E+45
  3.1620E-03  2.7785E+45  0.0000E+00  6.6622E+42  2.7718E+45
  3.5480E-03  3.1162E+45  0.0000E+00  5.9307E+42  3.1103E+45
  3.9810E-03  3.4950E+45  0.0000E+00  5.1211E+42  3.4898E+45
  4.4670E-03  3.9253E+45  0.0000E+00  9.4854E+42  3.9158E+45
  5.0120E-03  4.4108E+45  0.0000E+00  1.7250E+43  4.3936E+45
  5.6230E-03  4.9548E+45  0.0000E+00  2.5603E+43  4.9292E+45
  5.9570E-03  5.2518E+45  0.0000E+00  2.9737E+43  5.2220E+45
  6.6830E-03  5.8959E+45  0.0000E+00  3.7374E+43  5.8585E+45
  7.4990E-03  6.6187E+45  0.0000E+00  4.4852E+43  6.5738E+45
  8.4140E-03  7.4260E+45  0.0000E+00  5.0109E+43  7.3758E+45
  9.4410E-03  8.3301E+45  0.0000E+00  5.3972E+43  8.2761E+45
  1.0590E-02  9.3404E+45  0.0000E+00  5.7155E+43  9.2833E+45
  1.1890E-02  1.0481E+46  0.0000E+00  5.8467E+43  1.0423E+46
  1.3340E-02  1.1753E+46  0.0000E+00  5.8783E+43  1.1694E+46
  1.4960E-02  1.3172E+46  0.0000E+00  5.8197E+43  1.3114E+46
  1.6790E-02  1.4776E+46  0.0000E+00  5.7469E+43  1.4718E+46
  1.8840E-02  1.6572E+46  0.0000E+00  5.6866E+43  1.6515E+46
  2.1130E-02  1.8580E+46  0.0000E+00  5.6301E+43  1.8524E+46
  2.3710E-02  2.0840E+46  0.0000E+00  5.5756E+43  2.0785E+46
  2.6610E-02  2.3381E+46  0.0000E+00  5.5156E+43  2.3326E+46
  2.9850E-02  2.6221E+46  2.2592E-83  5.4500E+43  2.6166E+46
  3.3500E-02  2.9420E+46  1.3837E-68  5.3370E+43  2.9367E+46
  3.7580E-02  3.2997E+46  1.7189E-55  5.4318E+43  3.2942E+46
  4.2170E-02  3.7041E+46  7.1657E-44  7.4067E+43  3.6967E+46
  4.7320E-02  4.1553E+46  1.7499E-33  7.1546E+43  4.1482E+46
  5.3090E-02  4.3273E+46  2.9174E-24  6.0332E+43  4.3212E+46
  6.6830E-02  4.1299E+46  8.5042E-09  3.1146E+43  4.1268E+46
  7.4990E-02  4.0349E+46  2.3782E-02  2.0701E+43  4.0328E+46
  8.4140E-02  3.9432E+46  1.2192E+04  2.2115E+43  3.9410E+46
  9.4410E-02  3.8536E+46  1.3935E+09  2.3778E+43  3.8513E+46
  1.0590E-01  3.5088E+46  3.7531E+13  3.2310E+43  3.5055E+46
  1.1890E-01  2.9505E+46  3.1615E+17  3.7590E+43  2.9467E+46
  1.3340E-01  2.4835E+46  8.3063E+20  3.9480E+43  2.4795E+46
  1.4960E-01  2.0904E+46  1.1170E+24  2.5992E+43  2.0878E+46
  1.5850E-01  1.9164E+46  3.3378E+25  1.9279E+43  1.9145E+46
  1.7780E-01  1.6128E+46  1.5368E+28  1.3252E+43  1.6114E+46
  1.9950E-01  1.3566E+46  3.3395E+30  8.3126E+42  1.3558E+46
  2.2390E-01  1.1410E+46  3.1316E+32  6.9963E+42  1.1403E+46
  2.3710E-01  1.0473E+46  2.2394E+33  8.9111E+42  1.0464E+46
  2.5120E-01  9.6063E+45  1.4570E+34  1.0489E+43  9.5958E+45
  2.6610E-01  8.8119E+45  8.6667E+34  1.0711E+43  8.8012E+45
  2.8180E-01  8.0863E+45  4.6245E+35  1.0212E+43  8.0761E+45
  2.9850E-01  7.4175E+45  2.2247E+36  9.6090E+42  7.4079E+45
  3.1620E-01  6.8038E+45  9.5872E+36  9.1713E+42  6.7947E+45
  3.3500E-01  6.2396E+45  3.7568E+37  8.7663E+42  6.2308E+45
  3.5480E-01  5.7249E+45  1.3373E+38  8.3752E+42  5.7165E+45
  3.7580E-01  5.2522E+45  4.3903E+38  8.0346E+42  5.2442E+45
  3.9810E-01  4.8175E+45  1.3248E+39  7.7616E+42  4.8097E+45
  4.2170E-01  4.4192E+45  3.6913E+39  7.6050E+42  4.4116E+45
  4.4670E-01  4.0541E+45  9.5406E+39  7.5224E+42  4.0466E+45
  4.7320E-01  3.7190E+45  2.3185E+40  7.4655E+42  3.7115E+45
  5.0120E-01  3.4123E+45  5.3128E+40  7.4177E+42  3.4048E+45
  5.3090E-01  3.1307E+45  1.1573E+41  7.4155E+42  3.1232E+45
  5.6230E-01  2.8728E+45  2.3818E+41  7.4506E+42  2.8651E+45
  5.9570E-01  2.6356E+45  4.6689E+41  7.5584E+42  2.6276E+45
  6.3100E-01  2.4190E+45  8.7274E+41  7.7786E+42  2.4103E+45
  6.6830E-01  2.2211E+45  1.5575E+42  8.1668E+42  2.2114E+45
  7.0790E-01  2.0399E+45  2.6641E+42  8.7884E+42  2.0284E+45
  7.4990E-01  1.8745E+45  4.3626E+42  9.6766E+42  1.8605E+45
  7.9430E-01  1.7243E+45  6.8644E+42  1.0883E+43  1.7066E+45
  8.4140E-01  1.5882E+45  1.0417E+43  1.2493E+43  1.5653E+45
  8.9130E-01  1.4656E+45  1.5341E+43  1.4501E+43  1.4357E+45
  9.4410E-01  1.3557E+45  2.1838E+43  1.6893E+43  1.3170E+45
  1.0000E+00  1.2577E+45  3.0026E+43  1.9548E+43  1.2081E+45
  1.0590E+00  1.1709E+45  3.9991E+43  2.2306E+43  1.1086E+45
  1.1220E+00  1.0935E+45  5.1979E+43  2.4995E+43  1.0165E+45
  1.1890E+00  1.0253E+45  6.6080E+43  2.7405E+43  9.3183E+44
  1.2590E+00  9.6660E+44  8.2144E+43  2.9256E+43  8.5520E+44
  1.3340E+00  9.1483E+44  9.9975E+43  3.0747E+43  7.8411E+44
  1.4130E+00  8.6974E+44  1.1856E+44  3.1905E+43  7.1927E+44
  1.4960E+00  8.3060E+44  1.3761E+44  3.2734E+43  6.6026E+44
  1.5850E+00  7.9607E+44  1.5733E+44  3.3315E+43  6.0543E+44
  1.6790E+00  7.6609E+44  1.7715E+44  3.3635E+43  5.5530E+44
  1.7780E+00  7.4009E+44  1.9677E+44  3.3748E+43  5.0957E+44
  1.8840E+00  7.1727E+44  2.1633E+44  3.3757E+43  4.6719E+44
  1.9950E+00  6.9791E+44  2.3551E+44  3.3653E+43  4.2875E+44
  2.1130E+00  6.8101E+44  2.5428E+44  3.3405E+43  3.9333E+44
  2.2390E+00  6.6565E+44  2.7214E+44  3.2905E+43  3.6061E+44
  2.3710E+00  6.5166E+44  2.8870E+44  3.2038E+43  3.3092E+44
  2.5120E+00  6.3761E+44  3.0342E+44  3.0746E+43  3.0344E+44
  2.6610E+00  6.2284E+44  3.1552E+44  2.9007E+43  2.7832E+44
  2.8180E+00  6.0654E+44  3.2429E+44  2.6866E+43  2.5538E+44
  2.9850E+00  5.8791E+44  3.2923E+44  2.4411E+43  2.3426E+44
  3.1620E+00  5.6660E+44  3.2996E+44  2.1774E+43  2.1487E+44
  3.3500E+00  5.4263E+44  3.2657E+44  1.9029E+43  1.9704E+44
  3.5480E+00  5.1628E+44  3.1913E+44  1.6368E+43  1.8078E+44
  3.7580E+00  4.8771E+44  3.0804E+44  1.3833E+43  1.6583E+44
  3.9810E+00  4.5730E+44  2.9371E+44  1.1496E+43  1.5210E+44
  4.2170E+00  4.2573E+44  2.7682E+44  9.4067E+42  1.3951E+44
  4.4670E+00  3.9361E+44  2.5806E+44  7.5849E+42  1.2796E+44
  4.7320E+00  3.6145E+44  2.3806E+44  6.0197E+42  1.1737E+44
  5.0120E+00  3.3019E+44  2.1757E+44  4.7105E+42  1.0791E+44
  5.3090E+00  2.9663E+44  1.9700E+44  3.6041E+42  9.6024E+43
  5.6230E+00  2.6453E+44  1.7702E+44  2.7108E+42  8.4805E+43
  5.9570E+00  2.3435E+44  1.5803E+44  2.0048E+42  7.4316E+43
  6.3100E+00  2.0610E+44  1.3992E+44  1.4624E+42  6.4710E+43
  6.6830E+00  1.8139E+44  1.2432E+44  1.0565E+42  5.6014E+43
  7.0790E+00  1.5869E+44  1.0975E+44  7.5157E+41  4.8190E+43
  7.4990E+00  1.3924E+44  9.7516E+43  4.9930E+41  4.1229E+43
  7.9430E+00  1.2495E+44  8.9572E+43  2.6470E+41  3.5109E+43
  8.4140E+00  1.1009E+44  8.0213E+43  1.2241E+41  2.9752E+43
  8.9130E+00  9.4187E+43  6.9017E+43  6.6050E+40  2.5104E+43
  9.4410E+00  8.0154E+43  5.9011E+43  4.2458E+40  2.1101E+43
  1.0000E+01  7.4082E+43  5.6373E+43  3.8566E+40  1.7671E+43
  1.0590E+01  6.8949E+43  5.4154E+43  3.6867E+40  1.4758E+43
  1.1220E+01  6.3510E+43  5.1209E+43  3.4424E+40  1.2267E+43
  1.1890E+01  5.6913E+43  4.6724E+43  3.0133E+40  1.0159E+43
  1.2590E+01  5.0140E+43  4.1704E+43  2.4961E+40  8.4119E+42
  1.3340E+01  4.3506E+43  3.6555E+43  1.9313E+40  6.9319E+42
  1.4130E+01  3.8180E+43  3.2462E+43  1.3753E+40  5.7050E+42
  1.4960E+01  3.5438E+43  3.0737E+43  9.2858E+39  4.6919E+42
  1.5850E+01  3.3489E+43  2.9641E+43  6.4283E+39  3.8414E+42
  1.6790E+01  3.1800E+43  2.8655E+43  4.6306E+39  3.1409E+42
  1.7780E+01  3.0030E+43  2.7460E+43  3.5206E+39  2.5663E+42
  1.8840E+01  2.8003E+43  2.5911E+43  2.8016E+39  2.0888E+42
  1.9950E+01  2.5737E+43  2.4033E+43  2.2520E+39  1.7013E+42
  2.1130E+01  2.3522E+43  2.2138E+43  1.7538E+39  1.3827E+42
  2.2390E+01  2.1498E+43  2.0376E+43  1.3427E+39  1.1203E+42
  2.3710E+01  1.9645E+43  1.8736E+43  1.0134E+39  9.0864E+41
  2.5120E+01  1.7896E+43  1.7161E+43  7.5772E+38  7.3479E+41
  2.6610E+01  1.6224E+43  1.5630E+43  5.5955E+38  5.9383E+41
  2.8180E+01  1.4625E+43  1.4145E+43  4.0989E+38  4.7994E+41
  2.9850E+01  1.3071E+43  1.2684E+43  2.9730E+38  3.8717E+41
  3.1620E+01  1.1559E+43  1.1247E+43  2.1302E+38  3.1199E+41
  3.3500E+01  1.0103E+43  9.8514E+42  1.5073E+38  2.5106E+41
  3.5480E+01  8.7277E+42  8.5255E+42  1.0539E+38  2.0210E+41
  3.7580E+01  7.4392E+42  7.2766E+42  7.2711E+37  1.6253E+41
  3.9810E+01  6.2441E+42  6.1135E+42  4.9481E+37  1.3054E+41
  4.2170E+01  5.1696E+42  5.0647E+42  3.3200E+37  1.0479E+41
  4.4670E+01  4.2240E+42  4.1399E+42  2.1946E+37  8.4074E+40
  4.7320E+01  3.4099E+42  3.3425E+42  1.4309E+37  6.7400E+40
  5.0120E+01  2.7228E+42  2.6688E+42  9.2135E+36  5.4034E+40
  5.3090E+01  2.1509E+42  2.1076E+42  5.8606E+36  4.3282E+40
  5.6230E+01  1.6839E+42  1.6493E+42  3.6882E+36  3.4667E+40
  5.9570E+01  1.3059E+42  1.2782E+42  2.2959E+36  2.7728E+40
  6.3100E+01  1.0055E+42  9.8329E+41  1.4171E+36  2.2180E+40
  6.6830E+01  7.6914E+41  7.5140E+41  8.6803E+35  1.7744E+40
  7.0790E+01  5.8476E+41  5.7058E+41  5.2787E+35  1.4183E+40
  7.4990E+01  4.4203E+41  4.3070E+41  3.1892E+35  1.1329E+40
  7.9430E+01  3.3267E+41  3.2362E+41  1.9173E+35  9.0505E+39
  8.4140E+01  2.4928E+41  2.4205E+41  1.1467E+35  7.2256E+39
  8.9130E+01  1.8621E+41  1.8045E+41  6.8342E+34  5.7665E+39
  9.4410E+01  1.3869E+41  1.3409E+41  4.0600E+34  4.6021E+39
  1.0000E+02  1.0302E+41  9.9343E+40  2.4046E+34  3.6722E+39
  1.0590E+02  7.6412E+40  7.3481E+40  1.4223E+34  2.9317E+39
  1.1220E+02  5.6562E+40  5.4226E+40  8.3908E+33  2.3358E+39
  1.1890E+02  4.1879E+40  4.0020E+40  4.9508E+33  1.8590E+39
  1.2590E+02  3.1171E+40  2.9688E+40  2.9369E+33  1.4838E+39
  1.3340E+02  2.3248E+40  2.2067E+40  1.7478E+33  1.1811E+39
  1.4130E+02  1.7226E+40  1.6285E+40  1.0377E+33  9.4117E+38
  1.4960E+02  1.2542E+40  1.1791E+40  6.0567E+32  7.5121E+38
  1.5850E+02  9.0715E+39  8.4737E+39  3.5043E+32  5.9781E+38
  1.7780E+02  4.7893E+39  4.4099E+39  1.1833E+32  3.7942E+38
  1.9950E+02  2.5376E+39  2.2971E+39  4.0188E+31  2.4043E+38
  2.2390E+02  1.3456E+39  1.1935E+39  1.3707E+31  1.5216E+38
  2.5120E+02  7.1535E+38  6.1897E+38  4.7030E+30  9.6376E+37
  2.8180E+02  3.8117E+38  3.2013E+38  1.6238E+30  6.1043E+37
  3.1620E+02  2.0359E+38  1.6497E+38  5.6412E+29  3.8617E+37
  3.5480E+02  1.0924E+38  8.4815E+37  1.9756E+29  2.4421E+37
  3.9810E+02  5.8945E+37  4.3503E+37  6.9842E+28  1.5442E+37
  4.4670E+02  3.2024E+37  2.2264E+37  2.4933E+28  9.7603E+36
  5.0120E+02  1.7545E+37  1.1376E+37  8.9964E+27  6.1695E+36
  5.6230E+02  9.7051E+36  5.8048E+36  3.2809E+27  3.9003E+36
  6.3100E+02  5.4178E+36  2.9549E+36  1.2082E+27  2.4629E+36
  7.0790E+02  3.0604E+36  1.5037E+36  4.4988E+26  1.5568E+36
  7.9430E+02  1.7469E+36  7.6364E+35  1.6898E+26  9.8325E+35
  8.9130E+02  1.0080E+36  3.8725E+35  6.4002E+25  6.2077E+35
  1.0000E+03  5.8840E+35  1.9627E+35  2.4448E+25  3.9214E+35
