  1.0000E-03  5.5699E+44  9.5495E+05  4.9628E+42  5.5203E+44
  1.1220E-03  5.5631E+44  8.2448E+05  5.7990E+42  5.5051E+44
  1.2590E-03  5.5071E+44  7.8471E+05  6.3780E+42  5.4434E+44
  1.4130E-03  5.4124E+44  6.5604E+05  6.6539E+42  5.3459E+44
  1.5850E-03  5.4004E+44  5.8120E+05  6.7282E+42  5.3331E+44
  1.7780E-03  5.7594E+44  5.4288E+05  7.5917E+42  5.6835E+44
  1.9950E-03  5.1759E+44  4.6296E+05  7.4997E+42  5.1009E+44
  2.2390E-03  4.8627E+44  3.7771E+05  6.7496E+42  4.7952E+44
  2.5120E-03  4.9892E+44  3.4784E+05  7.5953E+42  4.9133E+44
  2.8180E-03  4.0895E+44  2.6584E+05  6.8921E+42  4.0206E+44
  3.1620E-03  3.4553E+44  2.1533E+05  6.0652E+42  3.3946E+44
  3.5480E-03  2.9673E+44  1.7479E+05  5.2748E+42  2.9145E+44
  3.9810E-03  2.6120E+44  1.7867E+05  4.5948E+42  2.5661E+44
  4.4670E-03  8.7249E+44  3.3361E+05  3.1195E+43  8.4130E+44
  5.0120E-03  6.8946E+44  2.5259E+05  2.6659E+43  6.6280E+44
  5.6230E-03  5.4461E+44  1.9651E+05  2.1802E+43  5.2281E+44
  5.9570E-03  4.8740E+44  1.8121E+05  1.9613E+43  4.6778E+44
  6.6830E-03  4.0387E+44  1.4579E+05  1.6143E+43  3.8773E+44
  7.4990E-03  3.5423E+44  1.2761E+05  1.3701E+43  3.4053E+44
  8.4140E-03  2.9960E+44  1.0874E+05  1.1541E+43  2.8806E+44
  9.4410E-03  2.6635E+44  9.6996E+04  9.8960E+42  2.5645E+44
  1.0590E-02  2.6328E+44  9.0917E+04  8.6948E+42  2.5459E+44
  1.1890E-02  2.2908E+44  8.1117E+04  7.7989E+42  2.2128E+44
  1.3340E-02  2.1028E+44  7.1682E+04  6.8687E+42  2.0341E+44
  1.4960E-02  1.8455E+44  6.5580E+04  6.0059E+42  1.7854E+44
  1.6790E-02  1.6517E+44  5.9200E+04  5.2705E+42  1.5990E+44
  1.8840E-02  1.5145E+44  5.5005E+04  4.6719E+42  1.4678E+44
  2.1130E-02  1.3591E+44  5.0623E+04  4.1786E+42  1.3173E+44
  2.3710E-02  1.2100E+44  4.7035E+04  3.7176E+42  1.1728E+44
  2.6610E-02  1.0566E+44  4.2761E+04  3.2760E+42  1.0239E+44
  2.9850E-02  9.2403E+43  3.8997E+04  2.8911E+42  8.9512E+43
  3.3500E-02  8.0463E+43  3.5542E+04  2.5471E+42  7.7916E+43
  3.7580E-02  8.4697E+43  3.4190E+04  2.6294E+42  8.2068E+43
  4.2170E-02  7.3942E+43  3.0865E+04  2.7287E+42  7.1213E+43
  4.7320E-02  4.5345E+43  4.7856E+04  2.0042E+42  4.3341E+43
  5.3090E-02  2.3112E+43  4.1577E+04  1.3319E+42  2.1780E+43
  6.6830E-02  1.5629E+42  2.7353E+04  3.2878E+41  1.2342E+42
  7.4990E-02  3.4463E+41  1.3858E+04  1.5308E+41  1.9155E+41
  8.4140E-02  4.7066E+41  1.4605E+04  1.6986E+41  3.0081E+41
  9.4410E-02  6.0056E+41  2.4698E+06  1.8893E+41  4.1163E+41
  1.0590E-01  1.7115E+42  1.7064E+11  3.1102E+41  1.4005E+42
  1.1890E-01  5.7170E+42  3.7891E+15  5.0258E+41  5.2144E+42
  1.3340E-01  1.3826E+43  1.7411E+19  8.5966E+41  1.2966E+43
  1.4960E-01  2.3578E+43  3.3615E+22  1.3230E+42  2.2255E+43
  1.5850E-01  2.4491E+43  1.0889E+24  1.3384E+42  2.3153E+43
  1.7780E-01  1.5830E+43  4.7255E+26  7.2311E+41  1.5107E+43
  1.9950E-01  3.6533E+42  5.3771E+28  1.9405E+41  3.4593E+42
  2.2390E-01  1.4215E+42  3.6908E+30  1.2793E+41  1.2936E+42
  2.3710E-01  3.1181E+42  4.8162E+31  2.0890E+41  2.9092E+42
  2.5120E-01  7.1334E+42  5.6199E+32  3.3618E+41  6.7972E+42
  2.6610E-01  1.2176E+43  4.9092E+33  4.5542E+41  1.1721E+43
  2.8180E-01  1.7462E+43  3.4463E+34  5.5632E+41  1.6906E+43
  2.9850E-01  2.2776E+43  2.0507E+35  6.4784E+41  2.2128E+43
  3.1620E-01  2.8640E+43  1.0670E+36  7.4901E+41  2.7891E+43
  3.3500E-01  3.5060E+43  4.9691E+36  8.5586E+41  3.4204E+43
  3.5480E-01  4.1643E+43  2.0700E+37  9.5915E+41  4.0684E+43
  3.7580E-01  4.9148E+43  7.9531E+37  1.0676E+42  4.8080E+43
  3.9810E-01  5.6777E+43  2.7674E+38  1.1786E+42  5.5598E+43
  4.2170E-01  6.6614E+43  8.9830E+38  1.3141E+42  6.5299E+43
  4.4670E-01  7.7498E+43  2.6862E+39  1.4657E+42  7.6030E+43
  4.7320E-01  8.9598E+43  7.5251E+39  1.6254E+42  8.7965E+43
  5.0120E-01  1.0271E+44  1.9759E+40  1.7865E+42  1.0091E+44
  5.3090E-01  1.1776E+44  4.9269E+40  1.9539E+42  1.1576E+44
  5.6230E-01  1.3269E+44  1.1462E+41  2.1164E+42  1.3046E+44
  5.9570E-01  1.4790E+44  2.5190E+41  2.2761E+42  1.4537E+44
  6.3100E-01  1.6424E+44  5.2540E+41  2.4401E+42  1.6128E+44
  6.6830E-01  1.8166E+44  1.0411E+42  2.6045E+42  1.7802E+44
  7.0790E-01  1.9992E+44  1.9643E+42  2.7812E+42  1.9517E+44
  7.4990E-01  2.1798E+44  3.5175E+42  2.9623E+42  2.1150E+44
  7.9430E-01  2.3702E+44  6.0141E+42  3.1565E+42  2.2785E+44
  8.4140E-01  2.5738E+44  9.8631E+42  3.3620E+42  2.4415E+44
  8.9130E-01  2.8088E+44  1.5631E+43  3.5863E+42  2.6166E+44
  9.4410E-01  3.0595E+44  2.3780E+43  3.8047E+42  2.7836E+44
  1.0000E+00  3.3125E+44  3.4639E+43  3.9953E+42  2.9261E+44
  1.0590E+00  3.5719E+44  4.8467E+43  4.1572E+42  3.0457E+44
  1.1220E+00  3.8431E+44  6.5658E+43  4.2790E+42  3.1438E+44
  1.1890E+00  4.1294E+44  8.6307E+43  4.3409E+42  3.2229E+44
  1.2590E+00  4.4351E+44  1.0994E+44  4.3190E+42  3.2926E+44
  1.3340E+00  4.7326E+44  1.3586E+44  4.2132E+42  3.3318E+44
  1.4130E+00  4.9987E+44  1.6209E+44  4.0299E+42  3.3375E+44
  1.4960E+00  5.2306E+44  1.8760E+44  3.7781E+42  3.3168E+44
  1.5850E+00  5.4259E+44  2.1205E+44  3.4677E+42  3.2707E+44
  1.6790E+00  5.5762E+44  2.3368E+44  3.1070E+42  3.2083E+44
  1.7780E+00  5.6704E+44  2.5111E+44  2.7111E+42  3.1322E+44
  1.8840E+00  5.7017E+44  2.6400E+44  2.3026E+42  3.0386E+44
  1.9950E+00  5.6678E+44  2.7143E+44  1.9044E+42  2.9345E+44
  2.1130E+00  5.5671E+44  2.7343E+44  1.5357E+42  2.8175E+44
  2.2390E+00  5.4005E+44  2.6992E+44  1.2092E+42  2.6892E+44
  2.3710E+00  5.1810E+44  2.6154E+44  9.3275E+41  2.5563E+44
  2.5120E+00  4.9174E+44  2.4934E+44  7.0712E+41  2.4170E+44
  2.6610E+00  4.6229E+44  2.3409E+44  5.2830E+41  2.2767E+44
  2.8180E+00  4.3086E+44  2.1667E+44  3.8978E+41  2.1380E+44
  2.9850E+00  3.9857E+44  1.9818E+44  2.8469E+41  2.0010E+44
  3.1620E+00  3.6627E+44  1.7928E+44  2.0619E+41  1.8679E+44
  3.3500E+00  3.3523E+44  1.6119E+44  1.4857E+41  1.7390E+44
  3.5480E+00  3.0552E+44  1.4372E+44  1.0651E+41  1.6169E+44
  3.7580E+00  2.7768E+44  1.2753E+44  7.6082E+40  1.5007E+44
  3.9810E+00  2.5179E+44  1.1268E+44  5.4192E+40  1.3906E+44
  4.2170E+00  2.2799E+44  9.9241E+43  3.8530E+40  1.2871E+44
  4.4670E+00  2.0623E+44  8.7197E+43  2.7354E+40  1.1900E+44
  4.7320E+00  1.8643E+44  7.6494E+43  1.9389E+40  1.0992E+44
  5.0120E+00  1.6874E+44  6.7043E+43  1.3752E+40  1.0168E+44
  5.3090E+00  1.4962E+44  5.8647E+43  9.5504E+39  9.0962E+43
  5.6230E+00  1.3196E+44  5.1251E+43  6.5875E+39  8.0703E+43
  5.9570E+00  1.1577E+44  4.4767E+43  4.5129E+39  7.0997E+43
  6.3100E+00  1.0086E+44  3.8820E+43  3.0647E+39  6.2038E+43
  6.6830E+00  8.7910E+43  3.4051E+43  2.0755E+39  5.3858E+43
  7.0790E+00  7.6093E+43  2.9632E+43  1.3882E+39  4.6460E+43
  7.4990E+00  6.5882E+43  2.6154E+43  9.2076E+38  3.9727E+43
  7.9430E+00  5.8447E+43  2.5140E+43  6.3250E+38  3.3306E+43
  8.4140E+00  5.3797E+43  2.6542E+43  4.8257E+38  2.7254E+43
  8.9130E+00  4.9833E+43  2.7649E+43  3.9365E+38  2.2184E+43
  9.4410E+00  4.6256E+43  2.8249E+43  3.5492E+38  1.8007E+43
  1.0000E+01  3.9711E+43  2.4379E+43  2.5816E+38  1.5331E+43
  1.0590E+01  3.3249E+43  2.0136E+43  1.7749E+38  1.3113E+43
  1.1220E+01  2.7163E+43  1.5973E+43  1.1119E+38  1.1190E+43
  1.1890E+01  2.2063E+43  1.2615E+43  6.9722E+37  9.4477E+42
  1.2590E+01  1.7913E+43  9.9659E+42  4.2900E+37  7.9467E+42
  1.3340E+01  1.4534E+43  7.9088E+42  2.6083E+37  6.6251E+42
  1.4130E+01  1.2027E+43  6.5421E+42  1.5927E+37  5.4853E+42
  1.4960E+01  1.0512E+43  6.0138E+42  1.0536E+37  4.4979E+42
  1.5850E+01  9.3679E+42  5.7061E+42  7.3857E+36  3.6617E+42
  1.6790E+01  8.4263E+42  5.4516E+42  5.4192E+36  2.9747E+42
  1.7780E+01  7.5090E+42  5.0892E+42  4.0556E+36  2.4198E+42
  1.8840E+01  6.4908E+42  4.5211E+42  2.9587E+36  1.9696E+42
  1.9950E+01  5.4290E+42  3.8172E+42  2.0366E+36  1.6118E+42
  2.1130E+01  4.4954E+42  3.1787E+42  1.3483E+36  1.3167E+42
  2.2390E+01  3.7246E+42  2.6532E+42  8.9021E+35  1.0713E+42
  2.3710E+01  3.0914E+42  2.2194E+42  5.8643E+35  8.7202E+41
  2.5120E+01  2.5587E+42  1.8514E+42  3.8621E+35  7.0729E+41
  2.6610E+01  2.1108E+42  1.5377E+42  2.5308E+35  5.7314E+41
  2.8180E+01  1.7355E+42  1.2712E+42  1.6581E+35  4.6431E+41
  2.9850E+01  1.4173E+42  1.0420E+42  1.0822E+35  3.7537E+41
  3.1620E+01  1.1484E+42  8.4526E+41  7.0162E+34  3.0310E+41
  3.3500E+01  9.2215E+41  6.7777E+41  4.5172E+34  2.4438E+41
  3.5480E+01  7.3487E+41  5.3777E+41  2.8919E+34  1.9710E+41
  3.7580E+01  5.8011E+41  4.2131E+41  1.8367E+34  1.5880E+41
  3.9810E+01  4.5316E+41  3.2537E+41  1.1567E+34  1.2779E+41
  4.2170E+01  3.5115E+41  2.4837E+41  7.2312E+33  1.0278E+41
  4.4670E+01  2.7020E+41  1.8759E+41  4.4867E+33  8.2608E+40
  4.7320E+01  2.0674E+41  1.4040E+41  2.7678E+33  6.6339E+40
  5.0120E+01  1.5757E+41  1.0430E+41  1.7005E+33  5.3270E+40
  5.3090E+01  1.1966E+41  7.6921E+40  1.0409E+33  4.2734E+40
  5.6230E+01  9.0701E+40  5.6425E+40  6.3593E+32  3.4275E+40
  5.9570E+01  6.8590E+40  4.1141E+40  3.8754E+32  2.7449E+40
  6.3100E+01  5.1872E+40  2.9890E+40  2.3616E+32  2.1982E+40
  6.6830E+01  3.9256E+40  2.1653E+40  1.4399E+32  1.7603E+40
  7.0790E+01  2.9722E+40  1.5639E+40  8.7817E+31  1.4083E+40
  7.4990E+01  2.2524E+40  1.1265E+40  5.3598E+31  1.1259E+40
  7.9430E+01  1.7103E+40  8.1031E+39  3.2775E+31  9.0004E+39
  8.4140E+01  1.3009E+40  5.8191E+39  2.0063E+31  7.1902E+39
  8.9130E+01  9.9181E+39  4.1766E+39  1.2306E+31  5.7415E+39
  9.4410E+01  7.5806E+39  2.9962E+39  7.5643E+30  4.5844E+39
  1.0000E+02  5.8079E+39  2.1482E+39  4.6581E+30  3.6597E+39
  1.0590E+02  4.4643E+39  1.5415E+39  2.8766E+30  2.9228E+39
  1.1220E+02  3.4354E+39  1.1060E+39  1.7764E+30  2.3294E+39
  1.1890E+02  2.6499E+39  7.9538E+38  1.0987E+30  1.8545E+39
  1.2590E+02  2.0572E+39  5.7661E+38  6.8338E+29  1.4806E+39
  1.3340E+02  1.5985E+39  4.1973E+38  4.2564E+29  1.1788E+39
  1.4130E+02  1.2431E+39  3.0360E+38  2.6635E+29  9.3952E+38
  1.4960E+02  9.6535E+38  2.1531E+38  1.6639E+29  7.5005E+38
  1.5850E+02  7.4862E+38  1.5163E+38  1.0346E+29  5.9699E+38
  1.7780E+02  4.5516E+38  7.6141E+37  4.0258E+28  3.7901E+38
  1.9950E+02  2.7870E+38  3.8470E+37  1.5734E+28  2.4023E+38
  2.2390E+02  1.7152E+38  1.9466E+37  6.1711E+27  1.5206E+38
  2.5120E+02  1.0619E+38  9.8677E+36  2.4308E+27  9.6325E+37
  2.8180E+02  6.6021E+37  5.0031E+36  9.6029E+26  6.1018E+37
  3.1620E+02  4.1138E+37  2.5338E+36  3.7976E+26  3.8604E+37
  3.5480E+02  2.5697E+37  1.2829E+36  1.5036E+26  2.4415E+37
  3.9810E+02  1.6088E+37  6.4929E+35  5.9630E+25  1.5439E+37
  4.4670E+02  1.0087E+37  3.2843E+35  2.3666E+25  9.7586E+36
  5.0120E+02  6.3347E+36  1.6609E+35  9.4024E+24  6.1686E+36
  5.6230E+02  3.9839E+36  8.3997E+34  3.7381E+24  3.8999E+36
  6.3100E+02  2.5051E+36  4.2420E+34  1.4857E+24  2.4627E+36
  7.0790E+02  1.5781E+36  2.1437E+34  5.9135E+23  1.5567E+36
  7.9430E+02  9.9402E+35  1.0820E+34  2.3527E+23  9.8320E+35
  8.9130E+02  6.2620E+35  5.4574E+33  9.3594E+22  6.2074E+35
  1.0000E+03  3.9487E+35  2.7528E+33  3.7267E+22  3.9212E+35
