  1.0000E-03  9.4997E+44  0.0000E+00  7.3349E+43  8.7662E+44
  1.1220E-03  1.0524E+45  0.0000E+00  6.8807E+43  9.8357E+44
  1.2590E-03  1.1684E+45  0.0000E+00  6.4690E+43  1.1037E+45
  1.4130E-03  1.2997E+45  0.0000E+00  6.0983E+43  1.2387E+45
  1.5850E-03  1.4491E+45  0.0000E+00  5.9672E+43  1.3894E+45
  1.7780E-03  1.6280E+45  0.0000E+00  6.9443E+43  1.5586E+45
  1.9950E-03  1.8142E+45  0.0000E+00  6.5396E+43  1.7488E+45
  2.2390E-03  2.0240E+45  0.0000E+00  6.1289E+43  1.9627E+45
  2.5120E-03  2.2713E+45  0.0000E+00  6.9351E+43  2.2020E+45
  2.8180E-03  2.5338E+45  0.0000E+00  6.3602E+43  2.4702E+45
  3.1620E-03  2.8305E+45  0.0000E+00  5.8634E+43  2.7718E+45
  3.5480E-03  3.1641E+45  0.0000E+00  5.3822E+43  3.1103E+45
  3.9810E-03  3.5387E+45  0.0000E+00  4.8819E+43  3.4898E+45
  4.4670E-03  4.0804E+45  0.0000E+00  1.6457E+44  3.9158E+45
  5.0120E-03  4.5806E+45  0.0000E+00  1.8699E+44  4.3936E+45
  5.6230E-03  5.1374E+45  0.0000E+00  2.0817E+44  4.9292E+45
  5.9570E-03  5.4403E+45  0.0000E+00  2.1822E+44  5.2220E+45
  6.6830E-03  6.0959E+45  0.0000E+00  2.3733E+44  5.8585E+45
  7.4990E-03  6.8307E+45  0.0000E+00  2.5691E+44  6.5738E+45
  8.4140E-03  7.6488E+45  0.0000E+00  2.7295E+44  7.3758E+45
  9.4410E-03  8.5642E+45  0.0000E+00  2.8808E+44  8.2761E+45
  1.0590E-02  9.5863E+45  0.0000E+00  3.0299E+44  9.2833E+45
  1.1890E-02  1.0740E+46  0.0000E+00  3.1694E+44  1.0423E+46
  1.3340E-02  1.2024E+46  0.0000E+00  3.2986E+44  1.1694E+46
  1.4960E-02  1.3456E+46  0.0000E+00  3.4217E+44  1.3114E+46
  1.6790E-02  1.5074E+46  0.0000E+00  3.5516E+44  1.4718E+46
  1.8840E-02  1.6884E+46  0.0000E+00  3.6901E+44  1.6515E+46
  2.1130E-02  1.8907E+46  0.0000E+00  3.8362E+44  1.8524E+46
  2.3710E-02  2.1184E+46  0.0000E+00  3.9904E+44  2.0785E+46
  2.6610E-02  2.3741E+46  0.0000E+00  4.1464E+44  2.3326E+46
  2.9850E-02  2.6596E+46  7.0793E-83  4.2972E+44  2.6166E+46
  3.3500E-02  2.9809E+46  4.4238E-68  4.4237E+44  2.9367E+46
  3.7580E-02  3.3411E+46  5.5263E-55  4.6843E+44  3.2942E+46
  4.2170E-02  3.7550E+46  2.3502E-43  5.8301E+44  3.6967E+46
  4.7320E-02  4.2071E+46  5.9745E-33  5.8912E+44  4.1482E+46
  5.3090E-02  4.3745E+46  1.0395E-23  5.3291E+44  4.3212E+46
  6.6830E-02  4.1600E+46  3.4507E-08  3.3199E+44  4.1268E+46
  7.4990E-02  4.0573E+46  1.0587E-01  2.4481E+44  4.0328E+46
  8.4140E-02  3.9665E+46  5.4055E+04  2.5460E+44  3.9410E+46
  9.4410E-02  3.8780E+46  6.2334E+09  2.6703E+44  3.8513E+46
  1.0590E-01  3.5381E+46  1.6710E+14  3.2543E+44  3.5055E+46
  1.1890E-01  2.9813E+46  1.3597E+18  3.4562E+44  2.9467E+46
  1.3340E-01  2.5143E+46  3.2924E+21  3.4756E+44  2.4795E+46
  1.4960E-01  2.1141E+46  4.2916E+24  2.6208E+44  2.0878E+46
  1.5850E-01  1.9353E+46  1.2950E+26  2.0812E+44  1.9145E+46
  1.7780E-01  1.6260E+46  6.2295E+28  1.4598E+44  1.6114E+46
  1.9950E-01  1.3651E+46  1.5176E+31  9.2996E+43  1.3558E+46
  2.2390E-01  1.1481E+46  1.5798E+33  7.7362E+43  1.1403E+46
  2.3710E-01  1.0556E+46  1.1033E+34  9.1717E+43  1.0464E+46
  2.5120E-01  9.6970E+45  6.8379E+34  1.0113E+44  9.5958E+45
  2.6610E-01  8.9017E+45  3.8957E+35  1.0045E+44  8.8012E+45
  2.8180E-01  8.1711E+45  2.0037E+36  9.4993E+43  8.0761E+45
  2.9850E-01  7.4967E+45  9.3189E+36  8.8848E+43  7.4079E+45
  3.1620E-01  6.8784E+45  3.8827E+37  8.3752E+43  6.7947E+45
  3.3500E-01  6.3097E+45  1.4725E+38  7.8912E+43  6.2308E+45
  3.5480E-01  5.7907E+45  5.0924E+38  7.4258E+43  5.7165E+45
  3.7580E-01  5.3141E+45  1.6243E+39  6.9934E+43  5.2442E+45
  3.9810E-01  4.8759E+45  4.7666E+39  6.6159E+43  4.8097E+45
  4.2170E-01  4.4747E+45  1.2856E+40  6.3054E+43  4.4116E+45
  4.4670E-01  4.1071E+45  3.2142E+40  6.0464E+43  4.0466E+45
  4.7320E-01  3.7696E+45  7.5521E+40  5.8069E+43  3.7115E+45
  5.0120E-01  3.4607E+45  1.6720E+41  5.5778E+43  3.4048E+45
  5.3090E-01  3.1772E+45  3.5072E+41  5.3685E+43  3.1232E+45
  5.6230E-01  2.9176E+45  6.9613E+41  5.1791E+43  2.8651E+45
  5.9570E-01  2.6790E+45  1.3164E+42  5.0109E+43  2.6276E+45
  6.3100E-01  2.4614E+45  2.3711E+42  4.8658E+43  2.4103E+45
  6.6830E-01  2.2629E+45  4.0728E+42  4.7452E+43  2.2114E+45
  7.0790E-01  2.0817E+45  6.7070E+42  4.6583E+43  2.0284E+45
  7.4990E-01  1.9171E+45  1.0601E+43  4.5986E+43  1.8605E+45
  7.9430E-01  1.7685E+45  1.6119E+43  4.5741E+43  1.7066E+45
  8.4140E-01  1.6350E+45  2.3655E+43  4.6003E+43  1.5653E+45
  8.9130E-01  1.5162E+45  3.3655E+43  4.6850E+43  1.4357E+45
  9.4410E-01  1.4116E+45  4.6338E+43  4.8284E+43  1.3170E+45
  1.0000E+00  1.3201E+45  6.1794E+43  5.0142E+43  1.2081E+45
  1.0590E+00  1.2410E+45  8.0034E+43  5.2374E+43  1.1086E+45
  1.1220E+00  1.1727E+45  1.0137E+44  5.4829E+43  1.0165E+45
  1.1890E+00  1.1148E+45  1.2571E+44  5.7286E+43  9.3183E+44
  1.2590E+00  1.0669E+45  1.5229E+44  5.9398E+43  8.5520E+44
  1.3340E+00  1.0260E+45  1.8068E+44  6.1170E+43  7.8411E+44
  1.4130E+00  9.9067E+44  2.0897E+44  6.2429E+43  7.1927E+44
  1.4960E+00  9.5967E+44  2.3639E+44  6.3024E+43  6.6026E+44
  1.5850E+00  9.3145E+44  2.6312E+44  6.2900E+43  6.0543E+44
  1.6790E+00  9.0470E+44  2.8750E+44  6.1901E+43  5.5530E+44
  1.7780E+00  8.7799E+44  3.0845E+44  5.9963E+43  5.0957E+44
  1.8840E+00  8.5057E+44  3.2617E+44  5.7218E+43  4.6719E+44
  1.9950E+00  8.2224E+44  3.3972E+44  5.3767E+43  4.2875E+44
  2.1130E+00  7.9248E+44  3.4936E+44  4.9794E+43  3.9333E+44
  2.2390E+00  7.6087E+44  3.5483E+44  4.5434E+43  3.6061E+44
  2.3710E+00  7.2795E+44  3.5622E+44  4.0818E+43  3.3092E+44
  2.5120E+00  6.9374E+44  3.5418E+44  3.6116E+43  3.0344E+44
  2.6610E+00  6.5843E+44  3.4867E+44  3.1441E+43  2.7832E+44
  2.8180E+00  6.2212E+44  3.3982E+44  2.6915E+43  2.5538E+44
  2.9850E+00  5.8518E+44  3.2826E+44  2.2662E+43  2.3426E+44
  3.1620E+00  5.4779E+44  3.1415E+44  1.8776E+43  2.1487E+44
  3.3500E+00  5.1106E+44  2.9871E+44  1.5313E+43  1.9704E+44
  3.5480E+00  4.7465E+44  2.8155E+44  1.2317E+43  1.8078E+44
  3.7580E+00  4.3921E+44  2.6361E+44  9.7723E+42  1.6583E+44
  3.9810E+00  4.0490E+44  2.4515E+44  7.6542E+42  1.5210E+44
  4.2170E+00  3.7203E+44  2.2660E+44  5.9266E+42  1.3951E+44
  4.4670E+00  3.4077E+44  2.0827E+44  4.5403E+42  1.2796E+44
  4.7320E+00  3.1125E+44  1.9044E+44  3.4402E+42  1.1737E+44
  5.0120E+00  2.8385E+44  1.7336E+44  2.5833E+42  1.0791E+44
  5.3090E+00  2.5494E+44  1.5702E+44  1.9027E+42  9.6024E+43
  5.6230E+00  2.2784E+44  1.4165E+44  1.3846E+42  8.4805E+43
  5.9570E+00  2.0269E+44  1.2738E+44  9.9609E+41  7.4316E+43
  6.3100E+00  1.7913E+44  1.1371E+44  7.0805E+41  6.4710E+43
  6.6830E+00  1.5884E+44  1.0232E+44  5.0136E+41  5.6014E+43
  7.0790E+00  1.4002E+44  9.1484E+43  3.4993E+41  4.8190E+43
  7.4990E+00  1.2315E+44  8.1688E+43  2.3511E+41  4.1229E+43
  7.9430E+00  1.0866E+44  7.3408E+43  1.4313E+41  3.5109E+43
  8.4140E+00  9.6909E+43  6.7073E+43  8.3767E+40  2.9752E+43
  8.9130E+00  8.7377E+43  6.2219E+43  5.3843E+40  2.5104E+43
  9.4410E+00  7.9518E+43  5.8378E+43  3.9796E+40  2.1101E+43
  1.0000E+01  7.0557E+43  5.2853E+43  3.3725E+40  1.7671E+43
  1.0590E+01  6.2396E+43  4.7609E+43  2.8809E+40  1.4758E+43
  1.1220E+01  5.5089E+43  4.2798E+43  2.3268E+40  1.2267E+43
  1.1890E+01  4.8366E+43  3.8189E+43  1.7934E+40  1.0159E+43
  1.2590E+01  4.2623E+43  3.4197E+43  1.3281E+40  8.4119E+42
  1.3340E+01  3.7497E+43  3.0556E+43  9.4216E+39  6.9319E+42
  1.4130E+01  3.3391E+43  2.7679E+43  6.4148E+39  5.7050E+42
  1.4960E+01  3.0837E+43  2.6140E+43  4.4144E+39  4.6919E+42
  1.5850E+01  2.8979E+43  2.5134E+43  3.1764E+39  3.8414E+42
  1.6790E+01  2.7526E+43  2.4383E+43  2.3934E+39  3.1409E+42
  1.7780E+01  2.6163E+43  2.3595E+43  1.8798E+39  2.5663E+42
  1.8840E+01  2.4612E+43  2.2522E+43  1.5014E+39  2.0888E+42
  1.9950E+01  2.2824E+43  2.1121E+43  1.1761E+39  1.7013E+42
  2.1130E+01  2.1059E+43  1.9675E+43  8.9040E+38  1.3827E+42
  2.2390E+01  1.9416E+43  1.8295E+43  6.6725E+38  1.1203E+42
  2.3710E+01  1.7873E+43  1.6964E+43  4.9517E+38  9.0864E+41
  2.5120E+01  1.6358E+43  1.5623E+43  3.6502E+38  7.3479E+41
  2.6610E+01  1.4861E+43  1.4267E+43  2.6599E+38  5.9383E+41
  2.8180E+01  1.3383E+43  1.2903E+43  1.9233E+38  4.7994E+41
  2.9850E+01  1.1911E+43  1.1523E+43  1.3759E+38  3.8717E+41
  3.1620E+01  1.0459E+43  1.0147E+43  9.7085E+37  3.1199E+41
  3.3500E+01  9.0503E+42  8.7992E+42  6.7538E+37  2.5106E+41
  3.5480E+01  7.7216E+42  7.5194E+42  4.6349E+37  2.0210E+41
  3.7580E+01  6.4879E+42  6.3254E+42  3.1336E+37  1.6253E+41
  3.9810E+01  5.3629E+42  5.2323E+42  2.0869E+37  1.3054E+41
  4.2170E+01  4.3701E+42  4.2653E+42  1.3696E+37  1.0479E+41
  4.4670E+01  3.5142E+42  3.4301E+42  8.8553E+36  8.4074E+40
  4.7320E+01  2.7927E+42  2.7253E+42  5.6508E+36  6.7400E+40
  5.0120E+01  2.1964E+42  2.1424E+42  3.5640E+36  5.4034E+40
  5.3090E+01  1.7101E+42  1.6669E+42  2.2228E+36  4.3282E+40
  5.6230E+01  1.3207E+42  1.2860E+42  1.3733E+36  3.4667E+40
  5.9570E+01  1.0112E+42  9.8351E+41  8.4035E+35  2.7728E+40
  6.3100E+01  7.6948E+41  7.4730E+41  5.1055E+35  2.2180E+40
  6.6830E+01  5.8230E+41  5.6456E+41  3.0825E+35  1.7744E+40
  7.0790E+01  4.3834E+41  4.2416E+41  1.8499E+35  1.4183E+40
  7.4990E+01  3.2838E+41  3.1705E+41  1.1043E+35  1.1329E+40
  7.9430E+01  2.4513E+41  2.3607E+41  6.5669E+34  9.0505E+39
  8.4140E+01  1.8233E+41  1.7511E+41  3.8891E+34  7.2256E+39
  8.9130E+01  1.3530E+41  1.2954E+41  2.2975E+34  5.7665E+39
  9.4410E+01  1.0019E+41  9.5585E+40  1.3541E+34  4.6021E+39
  1.0000E+02  7.4030E+40  7.0358E+40  7.9639E+33  3.6722E+39
  1.0590E+02  5.4668E+40  5.1736E+40  4.6816E+33  2.9317E+39
  1.1220E+02  4.0313E+40  3.7977E+40  2.7470E+33  2.3358E+39
  1.1890E+02  2.9757E+40  2.7898E+40  1.6136E+33  1.8590E+39
  1.2590E+02  2.2103E+40  2.0620E+40  9.5405E+32  1.4838E+39
  1.3340E+02  1.6465E+40  1.5284E+40  5.6645E+32  1.1811E+39
  1.4130E+02  1.2184E+40  1.1243E+40  3.3544E+32  9.4117E+38
  1.4960E+02  8.8528E+39  8.1016E+39  1.9500E+32  7.5121E+38
  1.5850E+02  6.3919E+39  5.7941E+39  1.1240E+32  5.9781E+38
  1.7780E+02  3.3714E+39  2.9920E+39  3.7760E+31  3.7942E+38
  1.9950E+02  1.7894E+39  1.5489E+39  1.2788E+31  2.4043E+38
  2.2390E+02  9.5273E+38  8.0057E+38  4.3559E+30  1.5216E+38
  2.5120E+02  5.0975E+38  4.1338E+38  1.4947E+30  9.6376E+37
  2.8180E+02  2.7403E+38  2.1298E+38  5.1666E+29  6.1043E+37
  3.1620E+02  1.4801E+38  1.0940E+38  1.7988E+29  3.8617E+37
  3.5480E+02  8.0499E+37  5.6078E+37  6.3179E+28  2.4421E+37
  3.9810E+02  4.4133E+37  2.8691E+37  2.2416E+28  1.5442E+37
  4.4670E+02  2.4412E+37  1.4652E+37  8.0348E+27  9.7603E+36
  5.0120E+02  1.3641E+37  7.4719E+36  2.9117E+27  6.1695E+36
  5.6230E+02  7.7069E+36  3.8066E+36  1.0666E+27  3.9003E+36
  6.3100E+02  4.3979E+36  1.9349E+36  3.9448E+26  2.4629E+36
  7.0790E+02  2.5402E+36  9.8341E+35  1.4751E+26  1.5568E+36
  7.9430E+02  1.4821E+36  4.9889E+35  5.5623E+25  9.8325E+35
  8.9130E+02  8.7352E+35  2.5275E+35  2.1143E+25  6.2077E+35
  1.0000E+03  5.2013E+35  1.2800E+35  8.1021E+24  3.9214E+35
