  1.0000E-03  4.6407E+42  0.0000E+00  2.9664E+42  1.6743E+42
  1.1220E-03  2.3542E+42  0.0000E+00  1.9689E+42  3.8533E+41
  1.2590E-03  1.2953E+42  0.0000E+00  1.2151E+42  8.0188E+40
  1.4130E-03  7.2143E+41  0.0000E+00  7.0594E+41  1.5487E+40
  1.5850E-03  4.4093E+41  0.0000E+00  4.3704E+41  3.8851E+39
  1.7780E-03  4.2665E+41  0.0000E+00  4.2407E+41  2.5855E+39
  1.9950E-03  1.7731E+41  0.0000E+00  1.7716E+41  1.5446E+38
  2.2390E-03  8.1901E+40  0.0000E+00  8.1882E+40  1.8305E+37
  2.5120E-03  7.6753E+40  0.0000E+00  7.6745E+40  7.5699E+36
  2.8180E-03  2.6556E+40  0.0000E+00  2.6556E+40  1.3038E+35
  3.1620E-03  1.0764E+40  0.0000E+00  1.0764E+40  3.4448E+33
  3.5480E-03  4.8092E+39  0.0000E+00  4.8092E+39  1.1331E+32
  3.9810E-03  2.3645E+39  0.0000E+00  2.3645E+39  5.1591E+30
  4.4670E-03  2.5506E+41  0.0000E+00  2.5506E+41  2.0805E+36
  5.0120E-03  8.6772E+40  0.0000E+00  8.6772E+40  2.5646E+34
  5.6230E-03  3.2825E+40  0.0000E+00  3.2825E+40  3.2822E+32
  5.9570E-03  2.1111E+40  0.0000E+00  2.1111E+40  4.0936E+31
  6.6830E-03  9.8298E+39  0.0000E+00  9.8298E+39  1.0019E+30
  7.4990E-03  5.4232E+39  0.0000E+00  5.4232E+39  5.3895E+28
  8.4140E-03  2.8143E+39  0.0000E+00  2.8143E+39  1.6577E+27
  9.4410E-03  1.6069E+39  0.0000E+00  1.6069E+39  1.0243E+26
  1.0590E-02  1.0540E+39  0.0000E+00  1.0540E+39  2.9328E+25
  1.1890E-02  6.8169E+38  0.0000E+00  6.8169E+38  1.2559E+24
  1.3340E-02  4.2896E+38  0.0000E+00  4.2896E+38  1.1984E+23
  1.4960E-02  2.6297E+38  0.0000E+00  2.6297E+38  6.0067E+21
  1.6790E-02  1.6439E+38  0.0000E+00  1.6439E+38  3.9683E+20
  1.8840E-02  1.0645E+38  0.0000E+00  1.0645E+38  3.7399E+19
  2.1130E-02  7.2255E+37  0.0000E+00  7.2255E+37  2.5833E+18
  2.3710E-02  4.8350E+37  0.0000E+00  4.8350E+37  1.5959E+17
  2.6610E-02  3.1830E+37  0.0000E+00  3.1830E+37  7.5934E+15
  2.9850E-02  2.1332E+37  0.0000E+00  2.1332E+37  3.7861E+14
  3.3500E-02  1.4384E+37  0.0000E+00  1.4384E+37  1.7923E+13
  3.7580E-02  1.3188E+37  6.2445E-84  1.3188E+37  8.6705E+12
  4.2170E-02  1.3909E+37  1.7497E-73  1.3909E+37  3.9499E+11
  4.7320E-02  7.2430E+36  7.5413E-66  7.2430E+36  2.3821E+08
  5.3090E-02  3.2584E+36  6.3704E-60  3.2584E+36  3.0588E+04
  6.6830E-02  1.4073E+35  1.6941E-57  1.4073E+35  1.0899E-11
  7.4990E-02  1.5742E+34  2.4947E-59  1.5742E+34  1.4883E-21
  8.4140E-02  2.3195E+34  1.4354E-51  2.3195E+34  4.0725E-19
  9.4410E-02  3.3002E+34  4.3742E-45  3.3002E+34  1.9943E-17
  1.0590E-01  1.4733E+35  7.4737E-35  1.4733E+35  1.4028E-10
  1.1890E-01  5.4681E+35  2.3779E-24  5.4681E+35  7.7227E-03
  1.3340E-01  1.5214E+36  3.3197E-16  1.5214E+36  3.0138E+03
  1.4960E-01  2.8343E+36  4.8292E-10  2.8343E+36  1.1415E+07
  1.5850E-01  3.1146E+36  5.2753E-08  3.1146E+36  4.8846E+07
  1.7780E-01  1.7918E+36  3.2501E-06  1.7918E+36  3.2271E+06
  1.9950E-01  2.9831E+35  2.7010E-09  2.9831E+35  7.7857E-01
  2.2390E-01  1.4966E+35  1.4462E-10  1.4966E+35  7.1392E-05
  2.3710E-01  5.0069E+35  1.3569E-05  5.0069E+35  4.7898E+00
  2.5120E-01  1.4647E+36  1.6910E+00  1.4647E+36  5.1779E+05
  2.6610E-01  2.8131E+36  8.0361E+03  2.8131E+36  1.3047E+09
  2.8180E-01  4.3837E+36  5.4111E+06  4.3837E+36  3.6758E+11
  2.9850E-01  6.3611E+36  1.1887E+09  6.3611E+36  3.1106E+13
  3.1620E-01  9.3561E+36  1.5781E+11  9.3561E+36  1.6530E+15
  3.3500E-01  1.3790E+37  1.4366E+13  1.3790E+37  6.2818E+16
  3.5480E-01  1.9889E+37  8.5887E+14  1.9889E+37  1.6216E+18
  3.7580E-01  2.8978E+37  4.5495E+16  2.8978E+37  3.9662E+19
  3.9810E-01  4.2003E+37  1.7302E+18  4.2003E+37  7.2680E+20
  4.2170E-01  6.3710E+37  7.3577E+19  6.3710E+37  1.6638E+22
  4.4670E-01  9.8155E+37  2.6161E+21  9.8155E+37  3.3776E+23
  4.7320E-01  1.5144E+38  8.1986E+22  1.5144E+38  6.3479E+24
  5.0120E-01  2.3180E+38  2.2076E+24  2.3180E+38  1.0692E+26
  5.3090E-01  3.5757E+38  5.7236E+25  3.5757E+38  1.8262E+27
  5.6230E-01  5.4218E+38  1.1417E+27  5.4218E+38  2.4540E+28
  5.9570E-01  8.1584E+38  1.9148E+28  8.1584E+38  2.8493E+29
  6.3100E-01  1.2364E+39  2.9080E+29  1.2364E+39  3.1152E+30
  6.6830E-01  1.8871E+39  3.9908E+30  1.8871E+39  3.1922E+31
  7.0790E-01  2.9286E+39  4.8426E+31  2.9286E+39  2.9789E+32
  7.4990E-01  4.5596E+39  4.9040E+32  4.5596E+39  2.3672E+33
  7.9430E-01  7.2144E+39  4.4255E+33  7.2143E+39  1.7234E+34
  8.4140E-01  1.1600E+40  3.6242E+34  1.1600E+40  1.1670E+35
  8.9130E-01  1.9267E+40  2.8704E+35  1.9266E+40  7.8696E+35
  9.4410E-01  3.2099E+40  2.0253E+36  3.2092E+40  4.8101E+36
  1.0000E+00  5.2350E+40  1.2108E+37  5.2313E+40  2.5137E+37
  1.0590E+00  8.3703E+40  6.2512E+37  8.3526E+40  1.1463E+38
  1.1220E+00  1.3161E+41  2.8814E+38  1.3085E+41  4.7005E+38
  1.1890E+00  2.0349E+41  1.2050E+39  2.0052E+41  1.7625E+39
  1.2590E+00  3.1168E+41  4.6633E+39  3.0082E+41  6.2020E+39
  1.3340E+00  4.6978E+41  1.6081E+40  4.3417E+41  1.9525E+40
  1.4130E+00  6.9818E+41  4.8129E+40  5.9630E+41  5.3748E+40
  1.4960E+00  1.0445E+42  1.2818E+41  7.8359E+41  1.3271E+41
  1.5850E+00  1.6026E+42  3.1173E+41  9.9037E+41  3.0053E+41
  1.6790E+00  2.5406E+42  6.9983E+41  1.2062E+42  6.3458E+41
  1.7780E+00  4.1204E+42  1.4540E+42  1.4125E+42  1.2540E+42
  1.8840E+00  6.6972E+42  2.7986E+42  1.5864E+42  2.3122E+42
  1.9950E+00  1.0672E+43  4.9831E+42  1.7063E+42  3.9829E+42
  2.1130E+00  1.6382E+43  8.2210E+42  1.7569E+42  6.4046E+42
  2.2390E+00  2.3971E+43  1.2598E+43  1.7329E+42  9.6406E+42
  2.3710E+00  3.3305E+43  1.8010E+43  1.6419E+42  1.3653E+43
  2.5120E+00  4.3940E+43  2.4183E+43  1.4996E+42  1.8257E+43
  2.6610E+00  5.5267E+43  3.0710E+43  1.3258E+42  2.3231E+43
  2.8180E+00  6.6629E+43  3.7153E+43  1.1392E+42  2.8337E+43
  2.9850E+00  7.7355E+43  4.3119E+43  9.5498E+41  3.3281E+43
  3.1620E+00  8.6978E+43  4.8309E+43  7.8386E+41  3.7885E+43
  3.3500E+00  9.4957E+43  5.2507E+43  6.3166E+41  4.1818E+43
  3.5480E+00  1.0142E+44  5.5699E+43  5.0173E+41  4.5221E+43
  3.7580E+00  1.0615E+44  5.7860E+43  3.9326E+41  4.7896E+43
  3.9810E+00  1.0916E+44  5.9024E+43  3.0472E+41  4.9834E+43
  4.2170E+00  1.1062E+44  5.9301E+43  2.3384E+41  5.1083E+43
  4.4670E+00  1.1068E+44  5.8811E+43  1.7792E+41  5.1693E+43
  4.7320E+00  1.0944E+44  5.7633E+43  1.3421E+41  5.1670E+43
  5.0120E+00  1.0720E+44  5.5895E+43  1.0060E+41  5.1209E+43
  5.3090E+00  1.0238E+44  5.3668E+43  7.3715E+40  4.8634E+43
  5.6230E+00  9.6552E+43  5.1081E+43  5.3421E+40  4.5418E+43
  5.9570E+00  9.0003E+43  4.8251E+43  3.8312E+40  4.1713E+43
  6.3100E+00  8.3076E+43  4.5155E+43  2.7184E+40  3.7894E+43
  6.6830E+00  7.6418E+43  4.2416E+43  1.9194E+40  3.3982E+43
  7.0790E+00  6.9754E+43  3.9539E+43  1.3371E+40  3.0202E+43
  7.4990E+00  6.1493E+43  3.5976E+43  9.0419E+39  2.5507E+43
  7.9430E+00  4.6756E+43  2.9427E+43  5.7334E+39  1.7323E+43
  8.4140E+00  2.9445E+43  2.0541E+43  3.5704E+39  8.9007E+42
  8.9130E+00  1.8494E+43  1.4000E+43  2.3805E+39  4.4918E+42
  9.4410E+00  1.1887E+43  9.5925E+42  1.7866E+39  2.2931E+42
  1.0000E+01  1.2959E+43  1.0536E+43  1.5091E+39  2.4221E+42
  1.0590E+01  1.5022E+43  1.2190E+43  1.2687E+39  2.8299E+42
  1.1220E+01  1.7588E+43  1.4173E+43  9.9418E+38  3.4139E+42
  1.1890E+01  1.8848E+43  1.5137E+43  7.4441E+38  3.7100E+42
  1.2590E+01  1.9515E+43  1.5679E+43  5.3753E+38  3.8350E+42
  1.3340E+01  1.9384E+43  1.5660E+43  3.7457E+38  3.7236E+42
  1.4130E+01  1.8542E+43  1.5206E+43  2.5312E+38  3.3356E+42
  1.4960E+01  1.7033E+43  1.4405E+43  1.7522E+38  2.6281E+42
  1.5850E+01  1.5663E+43  1.3679E+43  1.2751E+38  1.9847E+42
  1.6790E+01  1.4601E+43  1.3119E+43  9.7586E+37  1.4810E+42
  1.7780E+01  1.3972E+43  1.2835E+43  7.8006E+37  1.1363E+42
  1.8840E+01  1.3801E+43  1.2874E+43  6.3360E+37  9.2626E+41
  1.9950E+01  1.3929E+43  1.3122E+43  5.0392E+37  8.0670E+41
  2.1130E+01  1.4076E+43  1.3369E+43  3.8887E+37  7.0615E+41
  2.2390E+01  1.4159E+43  1.3551E+43  2.9874E+37  6.0781E+41
  2.3710E+01  1.4175E+43  1.3656E+43  2.2823E+37  5.1888E+41
  2.5120E+01  1.4074E+43  1.3636E+43  1.7380E+37  4.3819E+41
  2.6610E+01  1.3840E+43  1.3472E+43  1.3112E+37  3.6812E+41
  2.8180E+01  1.3446E+43  1.3138E+43  9.8255E+36  3.0785E+41
  2.9850E+01  1.2870E+43  1.2614E+43  7.2871E+36  2.5613E+41
  3.1620E+01  1.2117E+43  1.1905E+43  5.3280E+36  2.1250E+41
  3.3500E+01  1.1203E+43  1.1028E+43  3.8365E+36  1.7578E+41
  3.5480E+01  1.0171E+43  1.0025E+43  2.7203E+36  1.4523E+41
  3.7580E+01  9.0625E+42  8.9427E+42  1.8970E+36  1.1980E+41
  3.9810E+01  7.9207E+42  7.8220E+42  1.3007E+36  9.8733E+40
  4.2170E+01  6.8024E+42  6.7211E+42  8.7737E+35  8.1280E+40
  4.4670E+01  5.7472E+42  5.6804E+42  5.8214E+35  6.6806E+40
  4.7320E+01  4.7842E+42  4.7295E+42  3.8067E+35  5.4793E+40
  5.0120E+01  3.9294E+42  3.8846E+42  2.4568E+35  4.4872E+40
  5.3090E+01  3.1861E+42  3.1495E+42  1.5660E+35  3.6658E+40
  5.6230E+01  2.5553E+42  2.5254E+42  9.8760E+34  2.9895E+40
  5.9570E+01  2.0271E+42  2.0028E+42  6.1626E+34  2.4306E+40
  6.3100E+01  1.5942E+42  1.5744E+42  3.8138E+34  1.9732E+40
  6.6830E+01  1.2439E+42  1.2279E+42  2.3431E+34  1.5996E+40
  7.0790E+01  9.6345E+41  9.5051E+41  1.4296E+34  1.2937E+40
  7.4990E+01  7.4118E+41  7.3074E+41  8.6682E+33  1.0443E+40
  7.9430E+01  5.6704E+41  5.5862E+41  5.2306E+33  8.4206E+39
  8.4140E+01  4.3151E+41  4.2473E+41  3.1406E+33  6.7784E+39
  8.9130E+01  3.2704E+41  3.2159E+41  1.8793E+33  5.4490E+39
  9.4410E+01  2.4692E+41  2.4254E+41  1.1209E+33  4.3767E+39
  1.0000E+02  1.8574E+41  1.8223E+41  6.6649E+32  3.5123E+39
  1.0590E+02  1.3941E+41  1.3660E+41  3.9574E+32  2.8180E+39
  1.1220E+02  1.0437E+41  1.0212E+41  2.3438E+32  2.2550E+39
  1.1890E+02  7.8130E+40  7.6329E+40  1.3889E+32  1.8015E+39
  1.2590E+02  5.8785E+40  5.7342E+40  8.2783E+31  1.4426E+39
  1.3340E+02  4.4328E+40  4.3176E+40  4.9541E+31  1.1515E+39
  1.4130E+02  3.3138E+40  3.2218E+40  2.9513E+31  9.1997E+38
  1.4960E+02  2.4243E+40  2.3507E+40  1.7203E+31  7.3624E+38
  1.5850E+02  1.7598E+40  1.7011E+40  9.9303E+30  5.8731E+38
  1.7780E+02  9.3531E+39  8.9789E+39  3.3382E+30  3.7419E+38
  1.9950E+02  4.9785E+39  4.7407E+39  1.1270E+30  2.3782E+38
  2.2390E+02  2.6443E+39  2.4935E+39  3.8104E+29  1.5085E+38
  2.5120E+02  1.4032E+39  1.3075E+39  1.2916E+29  9.5717E+37
  2.8180E+02  7.4361E+38  6.8290E+38  4.3895E+28  6.0712E+37
  3.1620E+02  3.9347E+38  3.5502E+38  1.4956E+28  3.8451E+37
  3.5480E+02  2.0828E+38  1.8394E+38  5.1184E+27  2.4337E+37
  3.9810E+02  1.1040E+38  9.4999E+37  1.7625E+27  1.5400E+37
  4.4670E+02  5.8658E+37  4.8919E+37  6.1119E+26  9.7391E+36
  5.0120E+02  3.1291E+37  2.5132E+37  2.1376E+26  6.1588E+36
  5.6230E+02  1.6782E+37  1.2888E+37  7.5467E+25  3.8950E+36
  6.3100E+02  9.0492E+36  6.5889E+36  2.6892E+25  2.4602E+36
  7.0790E+02  4.9214E+36  3.3660E+36  9.6938E+24  1.5554E+36
  7.9430E+02  2.6980E+36  1.7154E+36  3.5291E+24  9.8257E+35
  8.9130E+02  1.4930E+36  8.7259E+35  1.2980E+24  6.2043E+35
  1.0000E+03  8.3544E+35  4.4348E+35  4.8261E+23  3.9196E+35
