  1.0000E-03  8.7835E+44  0.0000E+00  1.7308E+42  8.7662E+44
  1.1220E-03  9.8583E+44  0.0000E+00  2.2565E+42  9.8357E+44
  1.2590E-03  1.1065E+45  0.0000E+00  2.8040E+42  1.1037E+45
  1.4130E-03  1.2420E+45  0.0000E+00  3.3471E+42  1.2387E+45
  1.5850E-03  1.3933E+45  0.0000E+00  3.8818E+42  1.3894E+45
  1.7780E-03  1.5635E+45  0.0000E+00  4.9291E+42  1.5586E+45
  1.9950E-03  1.7549E+45  0.0000E+00  6.1036E+42  1.7488E+45
  2.2390E-03  1.9695E+45  0.0000E+00  6.7543E+42  1.9627E+45
  2.5120E-03  2.2111E+45  0.0000E+00  9.0755E+42  2.2020E+45
  2.8180E-03  2.4813E+45  0.0000E+00  1.1065E+43  2.4702E+45
  3.1620E-03  2.7846E+45  0.0000E+00  1.2737E+43  2.7718E+45
  3.5480E-03  3.1245E+45  0.0000E+00  1.4219E+43  3.1103E+45
  3.9810E-03  3.5053E+45  0.0000E+00  1.5480E+43  3.4898E+45
  4.4670E-03  3.9366E+45  0.0000E+00  2.0749E+43  3.9158E+45
  5.0120E-03  4.4201E+45  0.0000E+00  2.6557E+43  4.3936E+45
  5.6230E-03  4.9617E+45  0.0000E+00  3.2479E+43  4.9292E+45
  5.9570E-03  5.2574E+45  0.0000E+00  3.5407E+43  5.2220E+45
  6.6830E-03  5.8996E+45  0.0000E+00  4.1053E+43  5.8585E+45
  7.4990E-03  6.6206E+45  0.0000E+00  4.6835E+43  6.5738E+45
  8.4140E-03  7.4289E+45  0.0000E+00  5.3057E+43  7.3758E+45
  9.4410E-03  8.3349E+45  0.0000E+00  5.8787E+43  8.2761E+45
  1.0590E-02  9.3457E+45  0.0000E+00  6.2401E+43  9.2833E+45
  1.1890E-02  1.0495E+46  0.0000E+00  7.2255E+43  1.0423E+46
  1.3340E-02  1.1773E+46  0.0000E+00  7.9026E+43  1.1694E+46
  1.4960E-02  1.3202E+46  0.0000E+00  8.7678E+43  1.3114E+46
  1.6790E-02  1.4814E+46  0.0000E+00  9.5987E+43  1.4718E+46
  1.8840E-02  1.6619E+46  0.0000E+00  1.0394E+44  1.6515E+46
  2.1130E-02  1.8638E+46  0.0000E+00  1.1460E+44  1.8524E+46
  2.3710E-02  2.0910E+46  0.0000E+00  1.2538E+44  2.0785E+46
  2.6610E-02  2.3463E+46  0.0000E+00  1.3666E+44  2.3326E+46
  2.9850E-02  2.6314E+46  6.8582E-83  1.4807E+44  2.6166E+46
  3.3500E-02  2.9526E+46  4.4275E-68  1.5959E+44  2.9367E+46
  3.7580E-02  3.3116E+46  5.5562E-55  1.7411E+44  3.2942E+46
  4.2170E-02  3.7175E+46  2.4346E-43  2.0788E+44  3.6967E+46
  4.7320E-02  4.1705E+46  6.5795E-33  2.2330E+44  4.1482E+46
  5.3090E-02  4.3431E+46  1.2120E-23  2.1903E+44  4.3212E+46
  6.6830E-02  4.1438E+46  4.6544E-08  1.7001E+44  4.1268E+46
  7.4990E-02  4.0466E+46  1.5858E-01  1.3744E+44  4.0328E+46
  8.4140E-02  3.9548E+46  8.2735E+04  1.3838E+44  3.9410E+46
  9.4410E-02  3.8654E+46  9.9098E+09  1.4160E+44  3.8513E+46
  1.0590E-01  3.5210E+46  2.7579E+14  1.5494E+44  3.5055E+46
  1.1890E-01  2.9618E+46  2.0065E+18  1.5037E+44  2.9467E+46
  1.3340E-01  2.4937E+46  3.8913E+21  1.4178E+44  2.4795E+46
  1.4960E-01  2.1000E+46  4.2936E+24  1.2107E+44  2.0878E+46
  1.5850E-01  1.9256E+46  1.2589E+26  1.1080E+44  1.9145E+46
  1.7780E-01  1.6207E+46  6.6397E+28  9.2622E+43  1.6114E+46
  1.9950E-01  1.3623E+46  2.0501E+31  6.4610E+43  1.3558E+46
  2.2390E-01  1.1453E+46  2.5917E+33  4.9730E+43  1.1403E+46
  2.3710E-01  1.0517E+46  1.7000E+34  5.2954E+43  1.0464E+46
  2.5120E-01  9.6498E+45  9.4989E+34  5.3945E+43  9.5958E+45
  2.6610E-01  8.8529E+45  4.9973E+35  5.1712E+43  8.8012E+45
  2.8180E-01  8.1241E+45  2.4252E+36  4.8031E+43  8.0761E+45
  2.9850E-01  7.4521E+45  1.0758E+37  4.4235E+43  7.4079E+45
  3.1620E-01  6.8354E+45  4.2941E+37  4.0765E+43  6.7947E+45
  3.3500E-01  6.2683E+45  1.5667E+38  3.7464E+43  6.2308E+45
  3.5480E-01  5.7508E+45  5.2413E+38  3.4309E+43  5.7165E+45
  3.7580E-01  5.2754E+45  1.6232E+39  3.1281E+43  5.2442E+45
  3.9810E-01  4.8383E+45  4.6318E+39  2.8554E+43  4.8097E+45
  4.2170E-01  4.4376E+45  1.2145E+40  2.5950E+43  4.4116E+45
  4.4670E-01  4.0703E+45  2.9522E+40  2.3618E+43  4.0466E+45
  4.7320E-01  3.7330E+45  6.7508E+40  2.1420E+43  3.7115E+45
  5.0120E-01  3.4243E+45  1.4563E+41  1.9348E+43  3.4048E+45
  5.3090E-01  3.1409E+45  2.9794E+41  1.7376E+43  3.1232E+45
  5.6230E-01  2.8813E+45  5.7745E+41  1.5611E+43  2.8651E+45
  5.9570E-01  2.6426E+45  1.0673E+42  1.3995E+43  2.6276E+45
  6.3100E-01  2.4247E+45  1.8796E+42  1.2499E+43  2.4103E+45
  6.6830E-01  2.2257E+45  3.1590E+42  1.1110E+43  2.2114E+45
  7.0790E-01  2.0434E+45  5.0865E+42  9.8524E+42  2.0284E+45
  7.4990E-01  1.8771E+45  7.8622E+42  8.7213E+42  1.8605E+45
  7.9430E-01  1.7260E+45  1.1677E+43  7.6875E+42  1.7066E+45
  8.4140E-01  1.5888E+45  1.6734E+43  6.7429E+42  1.5653E+45
  8.9130E-01  1.4648E+45  2.3192E+43  5.8679E+42  1.4357E+45
  9.4410E-01  1.3532E+45  3.1125E+43  5.0798E+42  1.3170E+45
  1.0000E+00  1.2531E+45  4.0554E+43  4.3814E+42  1.2081E+45
  1.0590E+00  1.1637E+45  5.1383E+43  3.7690E+42  1.1086E+45
  1.1220E+00  1.0835E+45  6.3706E+43  3.2246E+42  1.0165E+45
  1.1890E+00  1.0120E+45  7.7390E+43  2.7383E+42  9.3183E+44
  1.2590E+00  9.4929E+44  9.1788E+43  2.3021E+42  8.5520E+44
  1.3340E+00  8.9304E+44  1.0701E+44  1.9235E+42  7.8411E+44
  1.4130E+00  8.4313E+44  1.2226E+44  1.6058E+42  7.1927E+44
  1.4960E+00  7.9885E+44  1.3726E+44  1.3369E+42  6.6026E+44
  1.5850E+00  7.5889E+44  1.5235E+44  1.1057E+42  6.0543E+44
  1.6790E+00  7.2275E+44  1.6654E+44  9.0631E+41  5.5530E+44
  1.7780E+00  6.8957E+44  1.7926E+44  7.3452E+41  5.0957E+44
  1.8840E+00  6.5866E+44  1.9089E+44  5.8777E+41  4.6719E+44
  1.9950E+00  6.2984E+44  2.0063E+44  4.6458E+41  4.2875E+44
  2.1130E+00  6.0238E+44  2.0869E+44  3.6283E+41  3.9333E+44
  2.2390E+00  5.7568E+44  2.1479E+44  2.8022E+41  3.6061E+44
  2.3710E+00  5.4969E+44  2.1856E+44  2.1437E+41  3.3092E+44
  2.5120E+00  5.2409E+44  2.2048E+44  1.6274E+41  3.0344E+44
  2.6610E+00  4.9870E+44  2.2025E+44  1.2275E+41  2.7832E+44
  2.8180E+00  4.7323E+44  2.1775E+44  9.2016E+40  2.5538E+44
  2.9850E+00  4.4777E+44  2.1343E+44  6.8624E+40  2.3426E+44
  3.1620E+00  4.2219E+44  2.0728E+44  5.0925E+40  2.1487E+44
  3.3500E+00  3.9732E+44  2.0024E+44  3.7688E+40  1.9704E+44
  3.5480E+00  3.7224E+44  1.9143E+44  2.7755E+40  1.8078E+44
  3.7580E+00  3.4763E+44  1.8177E+44  2.0363E+40  1.6583E+44
  3.9810E+00  3.2357E+44  1.7146E+44  1.4886E+40  1.5210E+44
  4.2170E+00  3.0014E+44  1.6062E+44  1.0843E+40  1.3951E+44
  4.4670E+00  2.7745E+44  1.4948E+44  7.8688E+39  1.2796E+44
  4.7320E+00  2.5584E+44  1.3847E+44  5.6907E+39  1.1737E+44
  5.0120E+00  2.3568E+44  1.2777E+44  4.1090E+39  1.0791E+44
  5.3090E+00  2.1346E+44  1.1743E+44  2.9131E+39  9.6024E+43
  5.6230E+00  1.9251E+44  1.0770E+44  2.0528E+39  8.4805E+43
  5.9570E+00  1.7305E+44  9.8730E+43  1.4391E+39  7.4316E+43
  6.3100E+00  1.5436E+44  8.9652E+43  9.9907E+38  6.4710E+43
  6.6830E+00  1.3803E+44  8.2011E+43  6.9244E+38  5.6014E+43
  7.0790E+00  1.2247E+44  7.4284E+43  4.7330E+38  4.8190E+43
  7.4990E+00  1.1328E+44  7.2049E+43  3.3363E+38  4.1229E+43
  7.9430E+00  1.2812E+44  9.3007E+43  2.8986E+38  3.5109E+43
  8.4140E+00  1.6731E+44  1.3756E+44  3.1191E+38  2.9752E+43
  8.9130E+00  1.9960E+44  1.7449E+44  3.2722E+38  2.5104E+43
  9.4410E+00  2.2267E+44  2.0157E+44  3.5591E+38  2.1101E+43
  1.0000E+01  1.8416E+44  1.6649E+44  2.5153E+38  1.7671E+43
  1.0590E+01  1.4298E+44  1.2822E+44  1.6163E+38  1.4758E+43
  1.1220E+01  1.0491E+44  9.2641E+43  9.1304E+37  1.2267E+43
  1.1890E+01  7.7956E+43  6.7797E+43  5.2379E+37  1.0159E+43
  1.2590E+01  5.7861E+43  4.9449E+43  2.9382E+37  8.4119E+42
  1.3340E+01  4.3508E+43  3.6576E+43  1.6457E+37  6.9319E+42
  1.4130E+01  3.4834E+43  2.9129E+43  9.6464E+36  5.7050E+42
  1.4960E+01  3.2374E+43  2.7682E+43  6.7665E+36  4.6919E+42
  1.5850E+01  3.1231E+43  2.7390E+43  5.1420E+36  3.8414E+42
  1.6790E+01  3.0208E+43  2.7067E+43  4.0750E+36  3.1409E+42
  1.7780E+01  2.8222E+43  2.5656E+43  3.2142E+36  2.5663E+42
  1.8840E+01  2.4710E+43  2.2621E+43  2.3835E+36  2.0888E+42
  1.9950E+01  2.0296E+43  1.8595E+43  1.6105E+36  1.7013E+42
  2.1130E+01  1.6413E+43  1.5031E+43  1.0382E+36  1.3827E+42
  2.2390E+01  1.3349E+43  1.2229E+43  6.7034E+35  1.1203E+42
  2.3710E+01  1.0913E+43  1.0004E+43  4.3301E+35  9.0864E+41
  2.5120E+01  8.9292E+42  8.1944E+42  2.8058E+35  7.3479E+41
  2.6610E+01  7.2967E+42  6.7029E+42  1.8116E+35  5.9383E+41
  2.8180E+01  5.9567E+42  5.4767E+42  1.1720E+35  4.7994E+41
  2.9850E+01  4.8387E+42  4.4516E+42  7.5654E+34  3.8717E+41
  3.1620E+01  3.9027E+42  3.5907E+42  4.8532E+34  3.1199E+41
  3.3500E+01  3.1216E+42  2.8706E+42  3.0930E+34  2.5106E+41
  3.5480E+01  2.4786E+42  2.2765E+42  1.9605E+34  2.0210E+41
  3.7580E+01  1.9482E+42  1.7856E+42  1.2316E+34  1.6253E+41
  3.9810E+01  1.5123E+42  1.3818E+42  7.6542E+33  1.3054E+41
  4.2170E+01  1.1624E+42  1.0576E+42  4.7119E+33  1.0479E+41
  4.4670E+01  8.8551E+41  8.0144E+41  2.8725E+33  8.4074E+40
  4.7320E+01  6.6945E+41  6.0205E+41  1.7372E+33  6.7400E+40
  5.0120E+01  5.0306E+41  4.4903E+41  1.0441E+33  5.4034E+40
  5.3090E+01  3.7582E+41  3.3254E+41  6.2382E+32  4.3282E+40
  5.6230E+01  2.7966E+41  2.4499E+41  3.7122E+32  3.4667E+40
  5.9570E+01  2.0714E+41  1.7941E+41  2.1989E+32  2.7728E+40
  6.3100E+01  1.5310E+41  1.3092E+41  1.3001E+32  2.2180E+40
  6.6830E+01  1.1299E+41  9.5244E+40  7.6779E+31  1.7744E+40
  7.0790E+01  8.3265E+40  6.9082E+40  4.5294E+31  1.4183E+40
  7.4990E+01  6.1294E+40  4.9965E+40  2.6706E+31  1.1329E+40
  7.9430E+01  4.5133E+40  3.6082E+40  1.5761E+31  9.0505E+39
  8.4140E+01  3.3236E+40  2.6010E+40  9.3060E+30  7.2256E+39
  8.9130E+01  2.4503E+40  1.8736E+40  5.5044E+30  5.7665E+39
  9.4410E+01  1.8088E+40  1.3486E+40  3.2621E+30  4.6021E+39
  1.0000E+02  1.3372E+40  9.6997E+39  1.9369E+30  3.6722E+39
  1.0590E+02  9.9121E+39  6.9804E+39  1.1539E+30  2.9317E+39
  1.1220E+02  7.3564E+39  5.0207E+39  6.8817E+29  2.3358E+39
  1.1890E+02  5.4766E+39  3.6176E+39  4.1170E+29  1.8590E+39
  1.2590E+02  4.1087E+39  2.6249E+39  2.4818E+29  1.4838E+39
  1.3340E+02  3.0914E+39  1.9103E+39  1.5017E+29  1.1811E+39
  1.4130E+02  2.3241E+39  1.3829E+39  9.1223E+28  9.4117E+38
  1.4960E+02  1.7357E+39  9.8452E+38  5.5144E+28  7.5121E+38
  1.5850E+02  1.2940E+39  6.9618E+38  3.3201E+28  5.9781E+38
  1.7780E+02  7.3103E+38  3.5161E+38  1.2195E+28  3.7942E+38
  1.9950E+02  4.1880E+38  1.7836E+38  4.5346E+27  2.4043E+38
  2.2390E+02  2.4270E+38  9.0541E+37  1.7034E+27  1.5216E+38
  2.5120E+02  1.4239E+38  4.6018E+37  6.4656E+26  9.6376E+37
  2.8180E+02  8.4427E+37  2.3384E+37  2.4749E+26  6.1043E+37
  3.1620E+02  5.0483E+37  1.1865E+37  9.5307E+25  3.8617E+37
  3.5480E+02  3.0439E+37  6.0175E+36  3.6907E+25  2.4421E+37
  3.9810E+02  1.8492E+37  3.0498E+36  1.4369E+25  1.5442E+37
  4.4670E+02  1.1305E+37  1.5445E+36  5.6170E+24  9.7603E+36
  5.0120E+02  6.9513E+36  7.8184E+35  2.2040E+24  6.1695E+36
  5.6230E+02  4.2960E+36  3.9571E+35  8.6737E+23  3.9003E+36
  6.3100E+02  2.6629E+36  1.9997E+35  3.4190E+23  2.4629E+36
  7.0790E+02  1.6579E+36  1.0111E+35  1.3518E+23  1.5568E+36
  7.9430E+02  1.0343E+36  5.1056E+34  5.3490E+22  9.8325E+35
  8.9130E+02  6.4653E+35  2.5760E+34  2.1187E+22  6.2077E+35
  1.0000E+03  4.0513E+35  1.2997E+34  8.4065E+21  3.9214E+35
