  1.0000E-03  8.8559E+44  0.0000E+00  8.9681E+42  8.7662E+44
  1.1220E-03  9.9454E+44  0.0000E+00  1.0966E+43  9.8357E+44
  1.2590E-03  1.1165E+45  0.0000E+00  1.2812E+43  1.1037E+45
  1.4130E-03  1.2531E+45  0.0000E+00  1.4430E+43  1.2387E+45
  1.5850E-03  1.4055E+45  0.0000E+00  1.6025E+43  1.3894E+45
  1.7780E-03  1.5790E+45  0.0000E+00  2.0351E+43  1.5586E+45
  1.9950E-03  1.7723E+45  0.0000E+00  2.3497E+43  1.7488E+45
  2.2390E-03  1.9875E+45  0.0000E+00  2.4787E+43  1.9627E+45
  2.5120E-03  2.2355E+45  0.0000E+00  3.3539E+43  2.2020E+45
  2.8180E-03  2.5083E+45  0.0000E+00  3.8094E+43  2.4702E+45
  3.1620E-03  2.8133E+45  0.0000E+00  4.1503E+43  2.7718E+45
  3.5480E-03  3.1545E+45  0.0000E+00  4.4258E+43  3.1103E+45
  3.9810E-03  3.5363E+45  0.0000E+00  4.6415E+43  3.4898E+45
  4.4670E-03  3.9848E+45  0.0000E+00  6.8978E+43  3.9158E+45
  5.0120E-03  4.4759E+45  0.0000E+00  8.2331E+43  4.3936E+45
  5.6230E-03  5.0245E+45  0.0000E+00  9.5271E+43  4.9292E+45
  5.9570E-03  5.3236E+45  0.0000E+00  1.0151E+44  5.2220E+45
  6.6830E-03  5.9721E+45  0.0000E+00  1.1353E+44  5.8585E+45
  7.4990E-03  6.7006E+45  0.0000E+00  1.2682E+44  6.5738E+45
  8.4140E-03  7.5157E+45  0.0000E+00  1.3983E+44  7.3758E+45
  9.4410E-03  8.4283E+45  0.0000E+00  1.5221E+44  8.2761E+45
  1.0590E-02  9.4444E+45  0.0000E+00  1.6113E+44  9.2833E+45
  1.1890E-02  1.0607E+46  0.0000E+00  1.8436E+44  1.0423E+46
  1.3340E-02  1.1894E+46  0.0000E+00  1.9990E+44  1.1694E+46
  1.4960E-02  1.3333E+46  0.0000E+00  2.1931E+44  1.3114E+46
  1.6790E-02  1.4957E+46  0.0000E+00  2.3809E+44  1.4718E+46
  1.8840E-02  1.6772E+46  0.0000E+00  2.5652E+44  1.6515E+46
  2.1130E-02  1.8805E+46  0.0000E+00  2.8189E+44  1.8524E+46
  2.3710E-02  2.1092E+46  0.0000E+00  3.0721E+44  2.0785E+46
  2.6610E-02  2.3660E+46  0.0000E+00  3.3344E+44  2.3326E+46
  2.9850E-02  2.6527E+46  1.6896E-83  3.6053E+44  2.6166E+46
  3.3500E-02  2.9755E+46  1.0934E-68  3.8843E+44  2.9367E+46
  3.7580E-02  3.3365E+46  1.3716E-55  4.2276E+44  3.2942E+46
  4.2170E-02  3.7471E+46  6.0228E-44  5.0409E+44  3.6967E+46
  4.7320E-02  4.2028E+46  1.6413E-33  5.4650E+44  4.1482E+46
  5.3090E-02  4.3757E+46  3.0556E-24  5.4436E+44  4.3212E+46
  6.6830E-02  4.1714E+46  1.2224E-08  4.4595E+44  4.1268E+46
  7.4990E-02  4.0704E+46  4.3170E-02  3.7554E+44  4.0328E+46
  8.4140E-02  3.9781E+46  2.2346E+04  3.7046E+44  3.9410E+46
  9.4410E-02  3.8886E+46  2.6616E+09  3.7304E+44  3.8513E+46
  1.0590E-01  3.5442E+46  7.2257E+13  3.8605E+44  3.5055E+46
  1.1890E-01  2.9819E+46  5.0504E+17  3.5177E+44  2.9467E+46
  1.3340E-01  2.5111E+46  9.4663E+20  3.1576E+44  2.4795E+46
  1.4960E-01  2.1140E+46  1.0277E+24  2.6116E+44  2.0878E+46
  1.5850E-01  1.9385E+46  3.0111E+25  2.4007E+44  1.9145E+46
  1.7780E-01  1.6327E+46  1.6114E+28  2.1308E+44  1.6114E+46
  1.9950E-01  1.3724E+46  5.1731E+30  1.6607E+44  1.3558E+46
  2.2390E-01  1.1539E+46  6.7430E+32  1.3606E+44  1.1403E+46
  2.3710E-01  1.0605E+46  4.3469E+33  1.4086E+44  1.0464E+46
  2.5120E-01  9.7365E+45  2.3857E+34  1.4067E+44  9.5958E+45
  2.6610E-01  8.9353E+45  1.2425E+35  1.3406E+44  8.8012E+45
  2.8180E-01  8.2008E+45  5.9980E+35  1.2472E+44  8.0761E+45
  2.9850E-01  7.5232E+45  2.6529E+36  1.1537E+44  7.4079E+45
  3.1620E-01  6.9016E+45  1.0574E+37  1.0698E+44  6.7947E+45
  3.3500E-01  6.3299E+45  3.8579E+37  9.9114E+43  6.2308E+45
  3.5480E-01  5.8081E+45  1.2921E+38  9.1591E+43  5.7165E+45
  3.7580E-01  5.3287E+45  4.0118E+38  8.4501E+43  5.2442E+45
  3.9810E-01  4.8878E+45  1.1485E+39  7.8035E+43  4.8097E+45
  4.2170E-01  4.4836E+45  3.0264E+39  7.1991E+43  4.4116E+45
  4.4670E-01  4.1132E+45  7.4015E+39  6.6574E+43  4.0466E+45
  4.7320E-01  3.7729E+45  1.7056E+40  6.1439E+43  3.7115E+45
  5.0120E-01  3.4614E+45  3.7145E+40  5.6544E+43  3.4048E+45
  5.3090E-01  3.1751E+45  7.6900E+40  5.1872E+43  3.1232E+45
  5.6230E-01  2.9129E+45  1.5106E+41  4.7589E+43  2.8651E+45
  5.9570E-01  2.6714E+45  2.8357E+41  4.3582E+43  2.6276E+45
  6.3100E-01  2.4506E+45  5.0854E+41  3.9807E+43  2.4103E+45
  6.6830E-01  2.2485E+45  8.7304E+41  3.6228E+43  2.2114E+45
  7.0790E-01  2.0628E+45  1.4404E+42  3.2906E+43  2.0284E+45
  7.4990E-01  1.8926E+45  2.2878E+42  2.9814E+43  1.8605E+45
  7.9430E-01  1.7370E+45  3.5039E+42  2.6898E+43  1.7066E+45
  8.4140E-01  1.5947E+45  5.1997E+42  2.4152E+43  1.5653E+45
  8.9130E-01  1.4648E+45  7.5006E+42  2.1540E+43  1.4357E+45
  9.4410E-01  1.3466E+45  1.0524E+43  1.9108E+43  1.3170E+45
  1.0000E+00  1.2394E+45  1.4391E+43  1.6869E+43  1.2081E+45
  1.0590E+00  1.1426E+45  1.9208E+43  1.4838E+43  1.1086E+45
  1.1220E+00  1.0547E+45  2.5192E+43  1.2974E+43  1.0165E+45
  1.1890E+00  9.7559E+44  3.2504E+43  1.1258E+43  9.3183E+44
  1.2590E+00  9.0597E+44  4.1082E+43  9.6839E+42  8.5520E+44
  1.3340E+00  8.4359E+44  5.1203E+43  8.2814E+42  7.8411E+44
  1.4130E+00  7.8897E+44  6.2617E+43  7.0774E+42  7.1927E+44
  1.4960E+00  7.4158E+44  7.5290E+43  6.0380E+42  6.6026E+44
  1.5850E+00  7.0015E+44  8.9594E+43  5.1256E+42  6.0543E+44
  1.6790E+00  6.6462E+44  1.0499E+44  4.3241E+42  5.5530E+44
  1.7780E+00  6.3423E+44  1.2104E+44  3.6176E+42  5.0957E+44
  1.8840E+00  6.0814E+44  1.3796E+44  2.9965E+42  4.6719E+44
  1.9950E+00  5.8599E+44  1.5479E+44  2.4573E+42  4.2875E+44
  2.1130E+00  5.6677E+44  1.7145E+44  1.9947E+42  3.9333E+44
  2.2390E+00  5.4962E+44  1.8741E+44  1.6034E+42  3.6061E+44
  2.3710E+00  5.3394E+44  2.0175E+44  1.2773E+42  3.3092E+44
  2.5120E+00  5.1908E+44  2.1463E+44  1.0098E+42  3.0344E+44
  2.6610E+00  5.0443E+44  2.2532E+44  7.9288E+41  2.7832E+44
  2.8180E+00  4.8928E+44  2.3328E+44  6.1815E+41  2.5538E+44
  2.9850E+00  4.7345E+44  2.3871E+44  4.7898E+41  2.3426E+44
  3.1620E+00  4.5655E+44  2.4132E+44  3.6886E+41  2.1487E+44
  3.3500E+00  4.3931E+44  2.4199E+44  2.8289E+41  1.9704E+44
  3.5480E+00  4.2044E+44  2.3945E+44  2.1552E+41  1.8078E+44
  3.7580E+00  4.0078E+44  2.3478E+44  1.6333E+41  1.6583E+44
  3.9810E+00  3.8044E+44  2.2822E+44  1.2316E+41  1.5210E+44
  4.2170E+00  3.5949E+44  2.1989E+44  9.2400E+40  1.3951E+44
  4.4670E+00  3.3818E+44  2.1015E+44  6.8972E+40  1.2796E+44
  4.7320E+00  3.1707E+44  1.9966E+44  5.1254E+40  1.1737E+44
  5.0120E+00  2.9670E+44  1.8875E+44  3.7978E+40  1.0791E+44
  5.3090E+00  2.7368E+44  1.7762E+44  2.7725E+40  9.6024E+43
  5.6230E+00  2.5152E+44  1.6670E+44  2.0131E+40  8.4805E+43
  5.9570E+00  2.3066E+44  1.5633E+44  1.4560E+40  7.4316E+43
  6.3100E+00  2.0987E+44  1.4515E+44  1.0426E+40  6.4710E+43
  6.6830E+00  1.9180E+44  1.3578E+44  7.4731E+39  5.6014E+43
  7.0790E+00  1.7397E+44  1.2578E+44  5.2829E+39  4.8190E+43
  7.4990E+00  1.6599E+44  1.2475E+44  3.8688E+39  4.1229E+43
  7.9430E+00  1.9835E+44  1.6324E+44  3.5146E+39  3.5109E+43
  8.4140E+00  2.7039E+44  2.4063E+44  3.8779E+39  2.9752E+43
  8.9130E+00  3.2858E+44  3.0347E+44  4.1032E+39  2.5104E+43
  9.4410E+00  3.6988E+44  3.4878E+44  4.4800E+39  2.1101E+43
  1.0000E+01  3.1234E+44  2.9467E+44  3.2931E+39  1.7671E+43
  1.0590E+01  2.4852E+44  2.3376E+44  2.2190E+39  1.4758E+43
  1.1220E+01  1.8758E+44  1.7531E+44  1.3241E+39  1.2267E+43
  1.1890E+01  1.4355E+44  1.3339E+44  8.0132E+38  1.0159E+43
  1.2590E+01  1.1020E+44  1.0179E+44  4.7639E+38  8.4119E+42
  1.3340E+01  8.6193E+43  7.9261E+43  2.8399E+38  6.9319E+42
  1.4130E+01  7.2084E+43  6.6379E+43  1.7696E+38  5.7050E+42
  1.4960E+01  6.9679E+43  6.4987E+43  1.2984E+38  4.6919E+42
  1.5850E+01  6.9860E+43  6.6018E+43  1.0290E+38  3.8414E+42
  1.6790E+01  7.0306E+43  6.7165E+43  8.5163E+37  3.1409E+42
  1.7780E+01  6.8784E+43  6.6217E+43  7.0746E+37  2.5663E+42
  1.8840E+01  6.3931E+43  6.1842E+43  5.6172E+37  2.0888E+42
  1.9950E+01  5.6643E+43  5.4942E+43  4.1383E+37  1.7013E+42
  2.1130E+01  4.9970E+43  4.8588E+43  2.9383E+37  1.3827E+42
  2.2390E+01  4.4653E+43  4.3533E+43  2.1002E+37  1.1203E+42
  2.3710E+01  4.0300E+43  3.9392E+43  1.5060E+37  9.0864E+41
  2.5120E+01  3.6547E+43  3.5812E+43  1.0854E+37  7.3479E+41
  2.6610E+01  3.3160E+43  3.2566E+43  7.7976E+36  5.9383E+41
  2.8180E+01  3.0033E+43  2.9553E+43  5.6003E+36  4.7994E+41
  2.9850E+01  2.7022E+43  2.6635E+43  4.0019E+36  3.8717E+41
  3.1620E+01  2.4071E+43  2.3759E+43  2.8307E+36  3.1199E+41
  3.3500E+01  2.1180E+43  2.0929E+43  1.9793E+36  2.5106E+41
  3.5480E+01  1.8396E+43  1.8193E+43  1.3675E+36  2.0210E+41
  3.7580E+01  1.5740E+43  1.5577E+43  9.3136E+35  1.6253E+41
  3.9810E+01  1.3245E+43  1.3114E+43  6.2461E+35  1.3054E+41
  4.2170E+01  1.0982E+43  1.0878E+43  4.1276E+35  1.0479E+41
  4.4670E+01  8.9817E+42  8.8976E+42  2.6873E+35  8.4074E+40
  4.7320E+01  7.2550E+42  7.1876E+42  1.7269E+35  6.7400E+40
  5.0120E+01  5.7960E+42  5.7420E+42  1.0969E+35  5.4034E+40
  5.3090E+01  4.5815E+42  4.5383E+42  6.8918E+34  4.3282E+40
  5.6230E+01  3.5897E+42  3.5551E+42  4.2896E+34  3.4667E+40
  5.9570E+01  2.7872E+42  2.7594E+42  2.6447E+34  2.7728E+40
  6.3100E+01  2.1491E+42  2.1269E+42  1.6189E+34  2.2180E+40
  6.6830E+01  1.6468E+42  1.6290E+42  9.8460E+33  1.7744E+40
  7.0790E+01  1.2545E+42  1.2403E+42  5.9515E+33  1.4183E+40
  7.4990E+01  9.5037E+41  9.3905E+41  3.5773E+33  1.1329E+40
  7.9430E+01  7.1689E+41  7.0784E+41  2.1410E+33  9.0505E+39
  8.4140E+01  5.3848E+41  5.3126E+41  1.2756E+33  7.2256E+39
  8.9130E+01  4.0323E+41  3.9746E+41  7.5765E+32  5.7665E+39
  9.4410E+01  3.0105E+41  2.9645E+41  4.4868E+32  4.6021E+39
  1.0000E+02  2.2412E+41  2.2045E+41  2.6493E+32  3.6722E+39
  1.0590E+02  1.6662E+41  1.6369E+41  1.5625E+32  2.9317E+39
  1.1220E+02  1.2362E+41  1.2128E+41  9.1916E+31  2.3358E+39
  1.1890E+02  9.1742E+40  8.9883E+40  5.4093E+31  1.8590E+39
  1.2590E+02  6.8457E+40  6.6973E+40  3.2013E+31  1.4838E+39
  1.3340E+02  5.1194E+40  5.0013E+40  1.9013E+31  1.1811E+39
  1.4130E+02  3.8001E+40  3.7059E+40  1.1251E+31  9.4117E+38
  1.4960E+02  2.7663E+40  2.6911E+40  6.5257E+30  7.5121E+38
  1.5850E+02  1.9987E+40  1.9389E+40  3.7470E+30  5.9781E+38
  1.7780E+02  1.0520E+40  1.0141E+40  1.2438E+30  3.7942E+38
  1.9950E+02  5.5489E+39  5.3085E+39  4.1398E+29  2.4043E+38
  2.2390E+02  2.9232E+39  2.7710E+39  1.3781E+29  1.5216E+38
  2.5120E+02  1.5398E+39  1.4434E+39  4.5929E+28  9.6376E+37
  2.8180E+02  8.1057E+38  7.4953E+38  1.5320E+28  6.1043E+37
  3.1620E+02  4.2630E+38  3.8768E+38  5.1129E+27  3.8617E+37
  3.5480E+02  2.2439E+38  1.9997E+38  1.7102E+27  2.4421E+37
  3.9810E+02  1.1832E+38  1.0287E+38  5.7420E+26  1.5442E+37
  4.4670E+02  6.2552E+37  5.2792E+37  1.9368E+26  9.7603E+36
  5.0120E+02  3.3209E+37  2.7039E+37  6.5735E+25  6.1695E+36
  5.6230E+02  1.7728E+37  1.3828E+37  2.2476E+25  3.9003E+36
  6.3100E+02  9.5157E+36  7.0528E+36  7.7439E+24  2.4629E+36
  7.0790E+02  5.1520E+36  3.5953E+36  2.6964E+24  1.5568E+36
  7.9430E+02  2.8120E+36  1.8287E+36  9.4790E+23  9.8325E+35
  8.9130E+02  1.5494E+36  9.2867E+35  3.3681E+23  6.2077E+35
  1.0000E+03  8.6340E+35  4.7126E+35  1.2113E+23  3.9214E+35
