  1.0000E-03  7.0348E+40  9.8738E-03  7.0348E+40  1.2885E+32
  1.1220E-03  2.7529E+40  5.6957E-03  2.7529E+40  8.2262E+28
  1.2590E-03  1.1693E+40  3.3102E-03  1.1693E+40  3.2861E+25
  1.4130E-03  5.0794E+39  1.9378E-03  5.0794E+39  9.3031E+21
  1.5850E-03  2.6251E+39  1.2709E-03  2.6251E+39  9.2323E+18
  1.7780E-03  3.0572E+39  1.1820E-03  3.0572E+39  9.4883E+17
  1.9950E-03  9.9193E+38  5.0274E-04  9.9193E+38  1.0776E+12
  2.2390E-03  3.7024E+38  2.7128E-04  3.7024E+38  3.1818E+07
  2.5120E-03  4.6088E+38  2.2537E-04  4.6088E+38  3.5482E+05
  2.8180E-03  1.1940E+38  7.4811E-05  1.1940E+38  1.1401E-03
  3.1620E-03  3.6231E+37  2.9757E-05  3.6231E+37  2.7673E-11
  3.5480E-03  1.1940E+37  1.3213E-05  1.1940E+37  1.8829E-18
  3.9810E-03  4.3133E+36  6.6462E-06  4.3133E+36  5.9026E-25
  4.4670E-03  6.9754E+38  2.8943E-04  6.9754E+38  5.2338E+01
  5.0120E-03  2.0293E+38  9.1829E-05  2.0293E+38  3.7486E-08
  5.6230E-03  6.3222E+37  3.2562E-05  6.3222E+37  3.2347E-17
  5.9570E-03  3.6540E+37  2.0645E-05  3.6540E+37  1.5042E-21
  6.6830E-03  1.3821E+37  9.8282E-06  1.3821E+37  2.7405E-29
  7.4990E-03  6.6592E+36  5.8925E-06  6.6592E+36  2.0581E-35
  8.4140E-03  2.7151E+36  3.3665E-06  2.7151E+36  1.0805E-42
  9.4410E-03  1.2922E+36  2.2421E-06  1.2922E+36  1.5310E-48
  1.0590E-02  8.3652E+35  1.8718E-06  8.3652E+35  3.0893E-51
  1.1890E-02  4.3266E+35  1.3002E-06  4.3266E+35  7.6235E-58
  1.3340E-02  2.3119E+35  9.7744E-07  2.3119E+35  8.3948E-63
  1.4960E-02  1.0987E+35  6.9371E-07  1.0987E+35  4.3925E-69
  1.6790E-02  5.4107E+34  5.1095E-07  5.4107E+34  8.4850E-75
  1.8840E-02  2.8470E+34  3.9313E-07  2.8470E+34  8.8426E-80
  2.1130E-02  1.4864E+34  2.9980E-07  1.4864E+34  2.1199E-85
  2.3710E-02  7.3507E+33  2.2493E-07  7.3507E+33  2.9997E-91
  2.6610E-02  3.3675E+33  1.6377E-07  3.3675E+33  1.2399E-97
  2.9850E-02  1.5444E+33  1.1976E-07  1.5444E+33  0.0000E+00
  3.3500E-02  6.8840E+32  8.6654E-08  6.8840E+32  0.0000E+00
  3.7580E-02  5.5268E+32  8.3165E-08  5.5268E+32  0.0000E+00
  4.2170E-02  3.9054E+32  7.5985E-08  3.9054E+32  0.0000E+00
  4.7320E-02  6.8562E+31  3.6629E-08  6.8562E+31  0.0000E+00
  5.3090E-02  7.7063E+30  1.4106E-08  7.7063E+30  0.0000E+00
  6.6830E-02  1.2307E+27  3.2484E-10  1.2307E+27  0.0000E+00
  7.4990E-02  3.6748E+24  2.7351E-11  3.6748E+24  0.0000E+00
  8.4140E-02  1.2383E+25  4.3391E-11  1.2383E+25  0.0000E+00
  9.4410E-02  3.2685E+25  6.4777E-11  3.2685E+25  0.0000E+00
  1.0590E-01  1.9497E+27  3.7031E-10  1.9497E+27  0.0000E+00
  1.1890E-01  1.1101E+29  1.7841E-09  1.1101E+29  0.0000E+00
  1.3340E-01  2.2223E+30  6.1059E-09  2.2223E+30  0.0000E+00
  1.4960E-01  1.1580E+31  1.1971E-08  1.1580E+31  0.0000E+00
  1.5850E-01  1.5076E+31  1.2783E-08  1.5076E+31  0.0000E+00
  1.7780E-01  7.7480E+30  7.6656E-09  7.7480E+30  0.0000E+00
  1.9950E-01  1.2896E+29  9.3177E-10  1.2896E+29  0.0000E+00
  2.2390E-01  1.4177E+28  3.1637E-10  1.4177E+28  0.0000E+00
  2.3710E-01  3.1804E+29  1.2735E-09  3.1804E+29  0.0000E+00
  2.5120E-01  6.2884E+30  4.7056E-09  6.2884E+30  0.0000E+00
  2.6610E-01  4.2152E+31  1.0673E-08  4.2152E+31  0.0000E+00
  2.8180E-01  1.5677E+32  1.8722E-08  1.5677E+32  0.0000E+00
  2.9850E-01  4.3790E+32  2.9063E-08  4.3790E+32  0.0000E+00
  3.1620E-01  1.1210E+33  4.3669E-08  1.1210E+33  1.1915E-98
  3.3500E-01  2.6611E+33  6.3744E-08  2.6611E+33  4.2933E-91
  3.5480E-01  5.7263E+33  8.9445E-08  5.7263E+33  2.5249E-84
  3.7580E-01  1.2168E+34  1.2569E-07  1.2168E+34  1.1673E-77
  3.9810E-01  2.4289E+34  1.7281E-07  2.4289E+34  1.3845E-71
  4.2170E-01  5.1397E+34  2.4813E-07  5.1397E+34  4.7195E-65
  4.4670E-01  1.0700E+35  3.5894E-07  1.0700E+35  9.1144E-59
  4.7320E-01  2.1836E+35  5.2503E-07  2.1836E+35  1.2276E-52
  5.0120E-01  4.3236E+35  7.7545E-07  4.3236E+35  9.8868E-47
  5.3090E-01  8.5829E+35  1.1852E-06  8.5829E+35  8.5533E-41
  5.6230E-01  1.6194E+36  1.8071E-06  1.6194E+36  2.3862E-35
  5.9570E-01  2.9671E+36  2.7818E-06  2.9671E+36  3.3489E-30
  6.3100E-01  5.3981E+36  4.3882E-06  5.3981E+36  3.5398E-25
  6.6830E-01  9.7572E+36  7.1597E-06  9.7572E+36  2.7606E-20
  7.0790E-01  1.7591E+37  6.0368E-04  1.7591E+37  1.3826E-15
  7.4990E-01  3.1067E+37  2.1201E+00  3.1067E+37  3.2384E-11
  7.9430E-01  5.4753E+37  5.3109E+03  5.4753E+37  5.0026E-07
  8.4140E-01  9.6928E+37  9.9038E+06  9.6928E+37  5.4897E-03
  8.9130E-01  1.7586E+38  1.7616E+10  1.7586E+38  5.8897E+01
  9.4410E-01  3.1863E+38  2.1365E+13  3.1863E+38  3.9772E+05
  1.0000E+00  5.6337E+38  1.4351E+16  5.6337E+38  1.2854E+09
  1.0590E+00  9.7616E+38  5.7405E+18  9.7616E+38  2.1821E+12
  1.1220E+00  1.6651E+39  1.5377E+21  1.6651E+39  2.2475E+15
  1.1890E+00  2.7955E+39  2.9342E+23  2.7955E+39  1.5186E+18
  1.2590E+00  4.6352E+39  4.3510E+25  4.6352E+39  7.5656E+20
  1.3340E+00  7.5248E+39  4.2802E+27  7.5248E+39  2.2421E+23
  1.4130E+00  1.1865E+40  2.5516E+29  1.1865E+40  3.5343E+25
  1.4960E+00  1.8335E+40  1.0123E+31  1.8335E+40  3.3366E+27
  1.5850E+00  2.8088E+40  2.9313E+32  2.8088E+40  2.1077E+29
  1.6790E+00  4.2823E+40  6.5273E+33  4.2823E+40  9.5773E+30
  1.7780E+00  6.4797E+40  1.1322E+35  6.4797E+40  3.1828E+32
  1.8840E+00  9.6684E+40  1.5264E+36  9.6682E+40  7.6704E+33
  1.9950E+00  1.4054E+41  1.5925E+37  1.4053E+41  1.3392E+35
  2.1130E+00  1.9718E+41  1.2894E+38  1.9705E+41  1.6962E+36
  2.2390E+00  2.6525E+41  8.1799E+38  2.6442E+41  1.5808E+37
  2.3710E+00  3.4172E+41  4.1102E+39  3.3750E+41  1.1037E+38
  2.5120E+00  4.2699E+41  1.6677E+40  4.0972E+41  5.9072E+38
  2.6610E+00  5.3222E+41  5.5903E+40  4.7382E+41  2.5046E+39
  2.8180E+00  6.9126E+41  1.5871E+41  5.2386E+41  8.6991E+39
  2.9850E+00  9.7008E+41  3.8910E+41  5.5564E+41  2.5343E+40
  3.1620E+00  1.4745E+42  8.4261E+41  5.6807E+41  6.3820E+40
  3.3500E+00  2.3172E+42  1.6186E+42  5.5937E+41  1.3925E+41
  3.5480E+00  3.6603E+42  2.8493E+42  5.3546E+41  2.7552E+41
  3.7580E+00  5.6059E+42  4.6132E+42  4.9777E+41  4.9502E+41
  3.9810E+00  8.2135E+42  6.9442E+42  4.5042E+41  8.1887E+41
  4.2170E+00  1.1477E+43  9.8165E+42  3.9769E+41  1.2629E+42
  4.4670E+00  1.5318E+43  1.3140E+43  3.4325E+41  1.8342E+42
  4.7320E+00  1.9505E+43  1.6701E+43  2.8935E+41  2.5150E+42
  5.0120E+00  2.3787E+43  2.0265E+43  2.3879E+41  3.2839E+42
  5.3090E+00  2.7721E+43  2.3567E+43  1.9137E+41  3.9620E+42
  5.6230E+00  3.1046E+43  2.6355E+43  1.4991E+41  4.5415E+42
  5.9570E+00  3.3489E+43  2.8420E+43  1.1487E+41  4.9547E+42
  6.3100E+00  3.5243E+43  2.9899E+43  8.6496E+40  5.2579E+42
  6.6830E+00  3.6264E+43  3.0832E+43  6.4254E+40  5.3686E+42
  7.0790E+00  3.6665E+43  3.1243E+43  4.6868E+40  5.3752E+42
  7.4990E+00  3.1755E+43  2.7407E+43  3.1382E+40  4.3165E+42
  7.9430E+00  1.3898E+43  1.2628E+43  1.5369E+40  1.2555E+42
  8.4140E+00  2.8376E+42  2.7328E+42  5.7190E+39  9.9146E+40
  8.9130E+00  7.0492E+41  6.9510E+41  2.5090E+39  7.3080E+39
  9.4410E+00  2.4522E+41  2.4325E+41  1.3889E+39  5.7730E+38
  1.0000E+01  4.3913E+41  4.3627E+41  1.4037E+39  1.4512E+39
  1.0590E+01  9.6606E+41  9.5857E+41  1.5463E+39  5.9457E+39
  1.1220E+01  2.3169E+42  2.2863E+42  1.6909E+39  2.8864E+40
  1.1890E+01  4.3676E+42  4.2794E+42  1.6661E+39  8.6589E+40
  1.2590E+01  7.2531E+42  7.0465E+42  1.5214E+39  2.0513E+41
  1.3340E+01  1.0292E+43  9.9228E+42  1.2651E+39  3.6768E+41
  1.4130E+01  1.2035E+43  1.1582E+43  9.3931E+38  4.5209E+41
  1.4960E+01  1.0899E+43  1.0595E+43  6.3458E+38  3.0332E+41
  1.5850E+01  9.5456E+42  9.3758E+42  4.3713E+38  1.6930E+41
  1.6790E+01  8.6371E+42  8.5470E+42  3.1523E+38  8.9754E+40
  1.7780E+01  8.5078E+42  8.4531E+42  2.4402E+38  5.4434E+40
  1.8840E+01  9.2407E+42  9.1958E+42  2.0183E+38  4.4637E+40
  1.9950E+01  1.0648E+43  1.0597E+43  1.7070E+38  4.9950E+40
  2.1130E+01  1.2131E+43  1.2073E+43  1.3981E+38  5.7741E+40
  2.2390E+01  1.3420E+43  1.3357E+43  1.1218E+38  6.2331E+40
  2.3710E+01  1.4485E+43  1.4420E+43  8.8486E+37  6.4467E+40
  2.5120E+01  1.5288E+43  1.5224E+43  6.8993E+37  6.4047E+40
  2.6610E+01  1.5813E+43  1.5750E+43  5.3011E+37  6.2219E+40
  2.8180E+01  1.6028E+43  1.5968E+43  4.0309E+37  5.9128E+40
  2.9850E+01  1.5926E+43  1.5871E+43  3.0284E+37  5.5225E+40
  3.1620E+01  1.5515E+43  1.5464E+43  2.2425E+37  5.1099E+40
  3.3500E+01  1.4815E+43  1.4768E+43  1.6363E+37  4.6849E+40
  3.5480E+01  1.3872E+43  1.3829E+43  1.1769E+37  4.2649E+40
  3.7580E+01  1.2739E+43  1.2701E+43  8.3341E+36  3.8674E+40
  3.9810E+01  1.1465E+43  1.1430E+43  5.8088E+36  3.5078E+40
  4.2170E+01  1.0126E+43  1.0095E+43  3.9839E+36  3.1706E+40
  4.4670E+01  8.7844E+42  8.7559E+42  2.6871E+36  2.8507E+40
  4.7320E+01  7.4944E+42  7.4690E+42  1.7851E+36  2.5445E+40
  5.0120E+01  6.2963E+42  6.2738E+42  1.1693E+36  2.2550E+40
  5.3090E+01  5.2123E+42  5.1925E+42  7.5572E+35  1.9817E+40
  5.6230E+01  4.2597E+42  4.2424E+42  4.8266E+35  1.7275E+40
  5.9570E+01  3.4367E+42  3.4218E+42  3.0461E+35  1.4924E+40
  6.3100E+01  2.7436E+42  2.7308E+42  1.9042E+35  1.2796E+40
  6.6830E+01  2.1692E+42  2.1583E+42  1.1802E+35  1.0894E+40
  7.0790E+01  1.6999E+42  1.6907E+42  7.2560E+34  9.2038E+39
  7.4990E+01  1.3211E+42  1.3134E+42  4.4282E+34  7.7242E+39
  7.9430E+01  1.0197E+42  1.0132E+42  2.6866E+34  6.4470E+39
  8.4140E+01  7.8191E+41  7.7656E+41  1.6203E+34  5.3506E+39
  8.9130E+01  5.9647E+41  5.9206E+41  9.7304E+33  4.4183E+39
  9.4410E+01  4.5280E+41  4.4917E+41  5.8195E+33  3.6342E+39
  1.0000E+02  3.4217E+41  3.3919E+41  3.4671E+33  2.9783E+39
  1.0590E+02  2.5778E+41  2.5535E+41  2.0611E+33  2.4342E+39
  1.1220E+02  1.9353E+41  1.9155E+41  1.2213E+33  1.9796E+39
  1.1890E+02  1.4513E+41  1.4353E+41  7.2338E+32  1.6038E+39
  1.2590E+02  1.0925E+41  1.0795E+41  4.3051E+32  1.2999E+39
  1.3340E+02  8.2336E+40  8.1288E+40  2.5698E+32  1.0482E+39
  1.4130E+02  6.1555E+40  6.0709E+40  1.5280E+32  8.4558E+38
  1.4960E+02  4.5130E+40  4.4447E+40  8.9049E+31  6.8341E+38
  1.5850E+02  3.2828E+40  3.2278E+40  5.1380E+31  5.5002E+38
  1.7780E+02  1.7471E+40  1.7115E+40  1.7210E+31  3.5546E+38
  1.9950E+02  9.2891E+39  9.0607E+39  5.7747E+30  2.2838E+38
  2.2390E+02  4.9201E+39  4.7740E+39  1.9366E+30  1.4609E+38
  2.5120E+02  2.5996E+39  2.5063E+39  6.4992E+29  9.3318E+37
  2.8180E+02  1.3695E+39  1.3100E+39  2.1824E+29  5.9502E+37
  3.1620E+02  7.1919E+38  6.8135E+38  7.3325E+28  3.7841E+37
  3.5480E+02  3.7716E+38  3.5313E+38  2.4694E+28  2.4030E+37
  3.9810E+02  1.9765E+38  1.8241E+38  8.3498E+27  1.5245E+37
  4.4670E+02  1.0359E+38  9.3931E+37  2.8373E+27  9.6611E+36
  5.0120E+02  5.4374E+37  4.8255E+37  9.7054E+26  6.1195E+36
  5.6230E+02  2.8617E+37  2.4742E+37  3.3457E+26  3.8752E+36
  6.3100E+02  1.5098E+37  1.2647E+37  1.1627E+26  2.4503E+36
  7.0790E+02  8.0102E+36  6.4598E+36  4.0845E+25  1.5504E+36
  7.9430E+02  4.2714E+36  3.2913E+36  1.4489E+25  9.8005E+35
  8.9130E+02  2.2930E+36  1.6739E+36  5.1948E+24  6.1916E+35
  1.0000E+03  1.2418E+36  8.5052E+35  1.8847E+24  3.9132E+35
