  1.0000E-03  8.7728E+44  0.0000E+00  6.6406E+41  8.7662E+44
  1.1220E-03  9.8446E+44  0.0000E+00  8.8762E+41  9.8357E+44
  1.2590E-03  1.1048E+45  0.0000E+00  1.1339E+42  1.1037E+45
  1.4130E-03  1.2401E+45  0.0000E+00  1.3944E+42  1.2387E+45
  1.5850E-03  1.3911E+45  0.0000E+00  1.6637E+42  1.3894E+45
  1.7780E-03  1.5607E+45  0.0000E+00  2.1376E+42  1.5586E+45
  1.9950E-03  1.7516E+45  0.0000E+00  2.7442E+42  1.7488E+45
  2.2390E-03  1.9659E+45  0.0000E+00  3.1457E+42  1.9627E+45
  2.5120E-03  2.2063E+45  0.0000E+00  4.2526E+42  2.2020E+45
  2.8180E-03  2.4756E+45  0.0000E+00  5.3824E+42  2.4702E+45
  3.1620E-03  2.7782E+45  0.0000E+00  6.3975E+42  2.7718E+45
  3.5480E-03  3.1176E+45  0.0000E+00  7.3401E+42  3.1103E+45
  3.9810E-03  3.4980E+45  0.0000E+00  8.1669E+42  3.4898E+45
  4.4670E-03  3.9250E+45  0.0000E+00  9.1673E+42  3.9158E+45
  5.0120E-03  4.4062E+45  0.0000E+00  1.2592E+43  4.3936E+45
  5.6230E-03  4.9456E+45  0.0000E+00  1.6337E+43  4.9292E+45
  5.9570E-03  5.2403E+45  0.0000E+00  1.8268E+43  5.2220E+45
  6.6830E-03  5.8806E+45  0.0000E+00  2.2091E+43  5.8585E+45
  7.4990E-03  6.5998E+45  0.0000E+00  2.6037E+43  6.5738E+45
  8.4140E-03  7.4063E+45  0.0000E+00  3.0421E+43  7.3758E+45
  9.4410E-03  8.3107E+45  0.0000E+00  3.4580E+43  8.2761E+45
  1.0590E-02  9.3208E+45  0.0000E+00  3.7488E+43  9.2833E+45
  1.1890E-02  1.0467E+46  0.0000E+00  4.4199E+43  1.0423E+46
  1.3340E-02  1.1743E+46  0.0000E+00  4.9279E+43  1.1694E+46
  1.4960E-02  1.3170E+46  0.0000E+00  5.5707E+43  1.3114E+46
  1.6790E-02  1.4781E+46  0.0000E+00  6.2102E+43  1.4718E+46
  1.8840E-02  1.6584E+46  0.0000E+00  6.8423E+43  1.6515E+46
  2.1130E-02  1.8600E+46  0.0000E+00  7.6626E+43  1.8524E+46
  2.3710E-02  2.0870E+46  0.0000E+00  8.5195E+43  2.0785E+46
  2.6610E-02  2.3421E+46  0.0000E+00  9.4431E+43  2.3326E+46
  2.9850E-02  2.6270E+46  8.5374E-83  1.0404E+44  2.6166E+46
  3.3500E-02  2.9481E+46  5.5168E-68  1.1401E+44  2.9367E+46
  3.7580E-02  3.3067E+46  6.9303E-55  1.2459E+44  3.2942E+46
  4.2170E-02  3.7119E+46  3.0403E-43  1.5165E+44  3.6967E+46
  4.7320E-02  4.1651E+46  8.2295E-33  1.6940E+44  4.1482E+46
  5.3090E-02  4.3385E+46  1.5189E-23  1.7311E+44  4.3212E+46
  6.6830E-02  4.1420E+46  5.8715E-08  1.5136E+44  4.1268E+46
  7.4990E-02  4.0459E+46  2.0025E-01  1.3107E+44  4.0328E+46
  8.4140E-02  3.9540E+46  1.0429E+05  1.2961E+44  3.9410E+46
  9.4410E-02  3.8643E+46  1.2452E+10  1.3059E+44  3.8513E+46
  1.0590E-01  3.5190E+46  3.4387E+14  1.3459E+44  3.5055E+46
  1.1890E-01  2.9588E+46  2.5094E+18  1.2053E+44  2.9467E+46
  1.3340E-01  2.4901E+46  4.9158E+21  1.0592E+44  2.4795E+46
  1.4960E-01  2.0963E+46  5.4269E+24  8.4845E+43  2.0878E+46
  1.5850E-01  1.9222E+46  1.5901E+26  7.6358E+43  1.9145E+46
  1.7780E-01  1.6180E+46  8.3624E+28  6.5252E+43  1.6114E+46
  1.9950E-01  1.3608E+46  2.5716E+31  5.0233E+43  1.3558E+46
  2.2390E-01  1.1445E+46  3.2297E+33  4.1327E+43  1.1403E+46
  2.3710E-01  1.0507E+46  2.1203E+34  4.2242E+43  1.0464E+46
  2.5120E-01  9.6368E+45  1.1869E+35  4.0987E+43  9.5958E+45
  2.6610E-01  8.8391E+45  6.2506E+35  3.7899E+43  8.8012E+45
  2.8180E-01  8.1103E+45  3.0345E+36  3.4278E+43  8.0761E+45
  2.9850E-01  7.4388E+45  1.3462E+37  3.0896E+43  7.4079E+45
  3.1620E-01  6.8226E+45  5.3722E+37  2.7921E+43  6.7947E+45
  3.3500E-01  6.2560E+45  1.9589E+38  2.5193E+43  6.2308E+45
  3.5480E-01  5.7392E+45  6.5468E+38  2.2689E+43  5.7165E+45
  3.7580E-01  5.2645E+45  2.0247E+39  2.0356E+43  5.2442E+45
  3.9810E-01  4.8280E+45  5.7686E+39  1.8295E+43  4.8097E+45
  4.2170E-01  4.4280E+45  1.5097E+40  1.6356E+43  4.4116E+45
  4.4670E-01  4.0613E+45  3.6614E+40  1.4638E+43  4.0466E+45
  4.7320E-01  3.7246E+45  8.3506E+40  1.3053E+43  3.7115E+45
  5.0120E-01  3.4166E+45  1.7961E+41  1.1593E+43  3.4048E+45
  5.3090E-01  3.1338E+45  3.6619E+41  1.0233E+43  3.1232E+45
  5.6230E-01  2.8749E+45  7.0704E+41  9.0401E+42  2.8651E+45
  5.9570E-01  2.6368E+45  1.3014E+42  7.9705E+42  2.6276E+45
  6.3100E-01  2.4196E+45  2.2809E+42  6.9995E+42  2.4103E+45
  6.6830E-01  2.2213E+45  3.8135E+42  6.1178E+42  2.2114E+45
  7.0790E-01  2.0399E+45  6.1053E+42  5.3328E+42  2.0284E+45
  7.4990E-01  1.8745E+45  9.3779E+42  4.6402E+42  1.8605E+45
  7.9430E-01  1.7244E+45  1.3834E+43  4.0186E+42  1.7066E+45
  8.4140E-01  1.5885E+45  1.9679E+43  3.4627E+42  1.5653E+45
  8.9130E-01  1.4657E+45  2.7057E+43  2.9577E+42  1.4357E+45
  9.4410E-01  1.3555E+45  3.6004E+43  2.5141E+42  1.3170E+45
  1.0000E+00  1.2567E+45  4.6488E+43  2.1313E+42  1.2081E+45
  1.0590E+00  1.1687E+45  5.8343E+43  1.8029E+42  1.1086E+45
  1.1220E+00  1.0897E+45  7.1602E+43  1.5167E+42  1.0165E+45
  1.1890E+00  1.0191E+45  8.6045E+43  1.2662E+42  9.3183E+44
  1.2590E+00  9.5715E+44  1.0090E+44  1.0458E+42  8.5520E+44
  1.3340E+00  9.0117E+44  1.1621E+44  8.5878E+41  7.8411E+44
  1.4130E+00  8.5105E+44  1.3107E+44  7.0520E+41  7.1927E+44
  1.4960E+00  8.0602E+44  1.4519E+44  5.7771E+41  6.6026E+44
  1.5850E+00  7.6474E+44  1.5884E+44  4.7000E+41  6.0543E+44
  1.6790E+00  7.2668E+44  1.7100E+44  3.7877E+41  5.5530E+44
  1.7780E+00  6.9099E+44  1.8112E+44  3.0160E+41  5.0957E+44
  1.8840E+00  6.5701E+44  1.8959E+44  2.3694E+41  4.6719E+44
  1.9950E+00  6.2468E+44  1.9575E+44  1.8378E+41  4.2875E+44
  2.1130E+00  5.9332E+44  1.9985E+44  1.4076E+41  3.9333E+44
  2.2390E+00  5.6245E+44  2.0174E+44  1.0656E+41  3.6061E+44
  2.3710E+00  5.3225E+44  2.0125E+44  7.9902E+40  3.3092E+44
  2.5120E+00  5.0242E+44  1.9892E+44  5.9436E+40  3.0344E+44
  2.6610E+00  4.7301E+44  1.9464E+44  4.3925E+40  2.7832E+44
  2.8180E+00  4.4388E+44  1.8846E+44  3.2269E+40  2.5538E+44
  2.9850E+00  4.1515E+44  1.8087E+44  2.3587E+40  2.3426E+44
  3.1620E+00  3.8685E+44  1.7196E+44  1.7162E+40  2.1487E+44
  3.3500E+00  3.5969E+44  1.6264E+44  1.2456E+40  1.9704E+44
  3.5480E+00  3.3304E+44  1.5225E+44  9.0048E+39  1.8078E+44
  3.7580E+00  3.0742E+44  1.4158E+44  6.4895E+39  1.6583E+44
  3.9810E+00  2.8291E+44  1.3081E+44  4.6637E+39  1.5210E+44
  4.2170E+00  2.5957E+44  1.2006E+44  3.3432E+39  1.3951E+44
  4.4670E+00  2.3748E+44  1.0952E+44  2.3904E+39  1.2796E+44
  4.7320E+00  2.1686E+44  9.9488E+43  1.7053E+39  1.1737E+44
  5.0120E+00  1.9800E+44  9.0085E+43  1.2166E+39  1.0791E+44
  5.3090E+00  1.7735E+44  8.1325E+43  8.4940E+38  9.6024E+43
  5.6230E+00  1.5815E+44  7.3341E+43  5.8932E+38  8.4805E+43
  5.9570E+00  1.4051E+44  6.6193E+43  4.0654E+38  7.4316E+43
  6.3100E+00  1.2397E+44  5.9260E+43  2.7803E+38  6.4710E+43
  6.6830E+00  1.0952E+44  5.3504E+43  1.8953E+38  5.6014E+43
  7.0790E+00  9.6086E+43  4.7896E+43  1.2762E+38  4.8190E+43
  7.4990E+00  8.7499E+43  4.6270E+43  8.7740E+37  4.1229E+43
  7.9430E+00  9.5950E+43  6.0841E+43  7.1186E+37  3.5109E+43
  8.4140E+00  1.2163E+44  9.1876E+43  7.0585E+37  2.9752E+43
  8.9130E+00  1.4285E+44  1.1774E+44  7.0266E+37  2.5104E+43
  9.4410E+00  1.5801E+44  1.3691E+44  7.3591E+37  2.1101E+43
  1.0000E+01  1.2987E+44  1.1220E+44  5.1086E+37  1.7671E+43
  1.0590E+01  1.0029E+44  8.5533E+43  3.2408E+37  1.4758E+43
  1.1220E+01  7.3297E+43  6.1030E+43  1.8218E+37  1.2267E+43
  1.1890E+01  5.4335E+43  4.4176E+43  1.0437E+37  1.0159E+43
  1.2590E+01  4.0261E+43  3.1849E+43  5.8727E+36  8.4119E+42
  1.3340E+01  3.0231E+43  2.3299E+43  3.3067E+36  6.9319E+42
  1.4130E+01  2.4128E+43  1.8423E+43  1.9374E+36  5.7050E+42
  1.4960E+01  2.2262E+43  1.7570E+43  1.3269E+36  4.6919E+42
  1.5850E+01  2.1325E+43  1.7484E+43  9.7876E+35  3.8414E+42
  1.6790E+01  2.0508E+43  1.7367E+43  7.5363E+35  3.1409E+42
  1.7780E+01  1.9075E+43  1.6509E+43  5.8051E+35  2.5663E+42
  1.8840E+01  1.6634E+43  1.4546E+43  4.2316E+35  2.0888E+42
  1.9950E+01  1.3606E+43  1.1905E+43  2.8292E+35  1.7013E+42
  2.1130E+01  1.0954E+43  9.5716E+42  1.8088E+35  1.3827E+42
  2.2390E+01  8.8677E+42  7.7474E+42  1.1580E+35  1.1203E+42
  2.3710E+01  7.2154E+42  6.3068E+42  7.4182E+34  9.0864E+41
  2.5120E+01  5.8772E+42  5.1424E+42  4.7675E+34  7.3479E+41
  2.6610E+01  4.7822E+42  4.1884E+42  3.0552E+34  5.9383E+41
  2.8180E+01  3.8892E+42  3.4092E+42  1.9634E+34  4.7994E+41
  2.9850E+01  3.1493E+42  2.7621E+42  1.2604E+34  3.8717E+41
  3.1620E+01  2.5339E+42  2.2219E+42  8.0525E+33  3.1199E+41
  3.3500E+01  2.0235E+42  1.7725E+42  5.1198E+33  2.5106E+41
  3.5480E+01  1.6056E+42  1.4035E+42  3.2436E+33  2.0210E+41
  3.7580E+01  1.2622E+42  1.0997E+42  2.0409E+33  1.6253E+41
  3.9810E+01  9.8077E+41  8.5023E+41  1.2732E+33  1.3054E+41
  4.2170E+01  7.5518E+41  6.5039E+41  7.8844E+32  1.0479E+41
  4.4670E+01  5.7671E+41  4.9263E+41  4.8457E+32  8.4074E+40
  4.7320E+01  4.3737E+41  3.6997E+41  2.9605E+32  6.7400E+40
  5.0120E+01  3.2994E+41  2.7591E+41  1.8010E+32  5.4034E+40
  5.3090E+01  2.4762E+41  2.0434E+41  1.0913E+32  4.3282E+40
  5.6230E+01  1.8523E+41  1.5057E+41  6.5980E+31  3.4667E+40
  5.9570E+01  1.3801E+41  1.1029E+41  3.9779E+31  2.7728E+40
  6.3100E+01  1.0268E+41  8.0503E+40  2.3976E+31  2.2180E+40
  6.6830E+01  7.6330E+40  5.8586E+40  1.4456E+31  1.7744E+40
  7.0790E+01  5.6693E+40  4.2510E+40  8.7170E+30  1.4183E+40
  7.4990E+01  4.2087E+40  3.0758E+40  5.2599E+30  1.1329E+40
  7.9430E+01  3.1272E+40  2.2221E+40  3.1799E+30  9.0505E+39
  8.4140E+01  2.3251E+40  1.6025E+40  1.9248E+30  7.2256E+39
  8.9130E+01  1.7315E+40  1.1548E+40  1.1676E+30  5.7665E+39
  9.4410E+01  1.2917E+40  8.3154E+39  7.0991E+29  4.6021E+39
  1.0000E+02  9.6549E+39  5.9826E+39  4.3255E+29  3.6722E+39
  1.0590E+02  7.2383E+39  4.3066E+39  2.6440E+29  2.9317E+39
  1.1220E+02  5.4339E+39  3.0981E+39  1.6170E+29  2.3358E+39
  1.1890E+02  4.0913E+39  2.2323E+39  9.9094E+28  1.8590E+39
  1.2590E+02  3.1030E+39  1.6191E+39  6.1105E+28  1.4838E+39
  1.3340E+02  2.3585E+39  1.1774E+39  3.7756E+28  1.1811E+39
  1.4130E+02  1.7933E+39  8.5208E+38  2.3447E+28  9.4117E+38
  1.4960E+02  1.3585E+39  6.0725E+38  1.4538E+28  7.5121E+38
  1.5850E+02  1.0277E+39  4.2988E+38  8.9735E+27  5.9781E+38
  1.7780E+02  5.9680E+38  2.1738E+38  3.4465E+27  3.7942E+38
  1.9950E+02  3.5078E+38  1.1034E+38  1.3322E+27  2.4043E+38
  2.2390E+02  2.0819E+38  5.6035E+37  5.1764E+26  1.5216E+38
  2.5120E+02  1.2486E+38  2.8489E+37  2.0232E+26  9.6376E+37
  2.8180E+02  7.5523E+37  1.4480E+37  7.9410E+25  6.1043E+37
  3.1620E+02  4.5966E+37  7.3486E+36  3.1238E+25  3.8617E+37
  3.5480E+02  2.8148E+37  3.7274E+36  1.2314E+25  2.4421E+37
  3.9810E+02  1.7331E+37  1.8893E+36  4.8660E+24  1.5442E+37
  4.4670E+02  1.0717E+37  9.5681E+35  1.9257E+24  9.7603E+36
  5.0120E+02  6.6538E+36  4.8436E+35  7.6325E+23  6.1695E+36
  5.6230E+02  4.1455E+36  2.4515E+35  3.0287E+23  3.9003E+36
  6.3100E+02  2.5868E+36  1.2388E+35  1.2019E+23  2.4629E+36
  7.0790E+02  1.6194E+36  6.2633E+34  4.7780E+22  1.5568E+36
  7.9430E+02  1.0149E+36  3.1625E+34  1.8990E+22  9.8325E+35
  8.9130E+02  6.3673E+35  1.5955E+34  7.5485E+21  6.2077E+35
  1.0000E+03  4.0018E+35  8.0497E+33  3.0037E+21  3.9214E+35
