  1.0000E-03  8.9544E+44  0.0000E+00  1.8824E+43  8.7662E+44
  1.1220E-03  1.0021E+45  0.0000E+00  1.8524E+43  9.8357E+44
  1.2590E-03  1.1215E+45  0.0000E+00  1.7795E+43  1.1037E+45
  1.4130E-03  1.2554E+45  0.0000E+00  1.6733E+43  1.2387E+45
  1.5850E-03  1.4054E+45  0.0000E+00  1.5940E+43  1.3894E+45
  1.7780E-03  1.5768E+45  0.0000E+00  1.8220E+43  1.5586E+45
  1.9950E-03  1.7656E+45  0.0000E+00  1.6787E+43  1.7488E+45
  2.2390E-03  1.9776E+45  0.0000E+00  1.4908E+43  1.9627E+45
  2.5120E-03  2.2195E+45  0.0000E+00  1.7475E+43  2.2020E+45
  2.8180E-03  2.4860E+45  0.0000E+00  1.5751E+43  2.4702E+45
  3.1620E-03  2.7861E+45  0.0000E+00  1.4224E+43  2.7718E+45
  3.5480E-03  3.1232E+45  0.0000E+00  1.2894E+43  3.1103E+45
  3.9810E-03  3.5016E+45  0.0000E+00  1.1717E+43  3.4898E+45
  4.4670E-03  3.9699E+45  0.0000E+00  5.4111E+43  3.9158E+45
  5.0120E-03  4.4406E+45  0.0000E+00  4.7049E+43  4.3936E+45
  5.6230E-03  4.9715E+45  0.0000E+00  4.2231E+43  4.9292E+45
  5.9570E-03  5.2628E+45  0.0000E+00  4.0807E+43  5.2220E+45
  6.6830E-03  5.8984E+45  0.0000E+00  3.9839E+43  5.8585E+45
  7.4990E-03  6.6149E+45  0.0000E+00  4.1064E+43  6.5738E+45
  8.4140E-03  7.4187E+45  0.0000E+00  4.2807E+43  7.3758E+45
  9.4410E-03  8.3217E+45  0.0000E+00  4.5573E+43  8.2761E+45
  1.0590E-02  9.3325E+45  0.0000E+00  4.9242E+43  9.2833E+45
  1.1890E-02  1.0477E+46  0.0000E+00  5.3888E+43  1.0423E+46
  1.3340E-02  1.1753E+46  0.0000E+00  5.8737E+43  1.1694E+46
  1.4960E-02  1.3178E+46  0.0000E+00  6.4233E+43  1.3114E+46
  1.6790E-02  1.4789E+46  0.0000E+00  7.0519E+43  1.4718E+46
  1.8840E-02  1.6593E+46  0.0000E+00  7.7683E+43  1.6515E+46
  2.1130E-02  1.8609E+46  0.0000E+00  8.5802E+43  1.8524E+46
  2.3710E-02  2.0879E+46  0.0000E+00  9.4890E+43  2.0785E+46
  2.6610E-02  2.3431E+46  0.0000E+00  1.0505E+44  2.3326E+46
  2.9850E-02  2.6283E+46  8.2463E-83  1.1624E+44  2.6166E+46
  3.3500E-02  2.9495E+46  5.2002E-68  1.2795E+44  2.9367E+46
  3.7580E-02  3.3080E+46  6.5087E-55  1.3721E+44  3.2942E+46
  4.2170E-02  3.7146E+46  2.7938E-43  1.7874E+44  3.6967E+46
  4.7320E-02  4.1692E+46  7.2197E-33  2.1011E+44  4.1482E+46
  5.3090E-02  4.3436E+46  1.2721E-23  2.2353E+44  4.3212E+46
  6.6830E-02  4.1482E+46  4.2535E-08  2.1363E+44  4.1268E+46
  7.4990E-02  4.0527E+46  1.3169E-01  1.9838E+44  4.0328E+46
  8.4140E-02  3.9603E+46  6.6639E+04  1.9264E+44  3.9410E+46
  9.4410E-02  3.8703E+46  7.6328E+09  1.9060E+44  3.8513E+46
  1.0590E-01  3.5241E+46  2.0252E+14  1.8583E+44  3.5055E+46
  1.1890E-01  2.9613E+46  1.6034E+18  1.4511E+44  2.9467E+46
  1.3340E-01  2.4905E+46  3.6692E+21  1.0995E+44  2.4795E+46
  1.4960E-01  2.0945E+46  4.4206E+24  6.6994E+43  2.0878E+46
  1.5850E-01  1.9197E+46  1.3071E+26  5.2144E+43  1.9145E+46
  1.7780E-01  1.6157E+46  6.5502E+28  4.2961E+43  1.6114E+46
  1.9950E-01  1.3599E+46  1.7331E+31  4.1191E+43  1.3558E+46
  2.2390E-01  1.1446E+46  1.8909E+33  4.2903E+43  1.1403E+46
  2.3710E-01  1.0508E+46  1.3152E+34  4.3917E+43  1.0464E+46
  2.5120E-01  9.6365E+45  8.0716E+34  4.0702E+43  9.5958E+45
  2.6610E-01  8.8370E+45  4.5570E+35  3.5761E+43  8.8012E+45
  2.8180E-01  8.1072E+45  2.3292E+36  3.1096E+43  8.0761E+45
  2.9850E-01  7.4351E+45  1.0772E+37  2.7270E+43  7.4079E+45
  3.1620E-01  6.8189E+45  4.4640E+37  2.4279E+43  6.7947E+45
  3.3500E-01  6.2526E+45  1.6844E+38  2.1750E+43  6.2308E+45
  3.5480E-01  5.7361E+45  5.7978E+38  1.9607E+43  5.7165E+45
  3.7580E-01  5.2620E+45  1.8450E+39  1.7794E+43  5.2442E+45
  3.9810E-01  4.8260E+45  5.3974E+39  1.6270E+43  4.8097E+45
  4.2170E-01  4.4267E+45  1.4553E+40  1.5018E+43  4.4116E+45
  4.4670E-01  4.0606E+45  3.6373E+40  1.3983E+43  4.0466E+45
  4.7320E-01  3.7247E+45  8.5513E+40  1.3094E+43  3.7115E+45
  5.0120E-01  3.4173E+45  1.8961E+41  1.2323E+43  3.4048E+45
  5.3090E-01  3.1353E+45  3.9925E+41  1.1675E+43  3.1232E+45
  5.6230E-01  2.8771E+45  7.9483E+41  1.1131E+43  2.8651E+45
  5.9570E-01  2.6398E+45  1.5074E+42  1.0679E+43  2.6276E+45
  6.3100E-01  2.4234E+45  2.7249E+42  1.0315E+43  2.4103E+45
  6.6830E-01  2.2261E+45  4.7020E+42  1.0030E+43  2.2114E+45
  7.0790E-01  2.0460E+45  7.7749E+42  9.8340E+42  2.0284E+45
  7.4990E-01  1.8825E+45  1.2323E+43  9.7038E+42  1.8605E+45
  7.9430E-01  1.7350E+45  1.8775E+43  9.6460E+42  1.7066E+45
  8.4140E-01  1.6026E+45  2.7609E+43  9.6681E+42  1.5653E+45
  8.9130E-01  1.4849E+45  3.9389E+43  9.7774E+42  1.4357E+45
  9.4410E-01  1.3813E+45  5.4384E+43  9.9462E+42  1.3170E+45
  1.0000E+00  1.2909E+45  7.2652E+43  1.0130E+43  1.2081E+45
  1.0590E+00  1.2131E+45  9.4151E+43  1.0329E+43  1.1086E+45
  1.1220E+00  1.1462E+45  1.1917E+44  1.0522E+43  1.0165E+45
  1.1890E+00  1.0901E+45  1.4759E+44  1.0683E+43  9.3183E+44
  1.2590E+00  1.0446E+45  1.7859E+44  1.0786E+43  8.5520E+44
  1.3340E+00  1.0063E+45  2.1139E+44  1.0820E+43  7.8411E+44
  1.4130E+00  9.7364E+44  2.4360E+44  1.0773E+43  7.1927E+44
  1.4960E+00  9.4522E+44  2.7433E+44  1.0637E+43  6.6026E+44
  1.5850E+00  9.1954E+44  3.0370E+44  1.0405E+43  6.0543E+44
  1.6790E+00  8.9532E+44  3.2995E+44  1.0069E+43  5.5530E+44
  1.7780E+00  8.7102E+44  3.5184E+44  9.6134E+42  5.0957E+44
  1.8840E+00  8.4563E+44  3.6940E+44  9.0415E+42  4.6719E+44
  1.9950E+00  8.1873E+44  3.8162E+44  8.3661E+42  4.2875E+44
  2.1130E+00  7.8950E+44  3.8856E+44  7.6084E+42  3.9333E+44
  2.2390E+00  7.5737E+44  3.8996E+44  6.7963E+42  3.6061E+44
  2.3710E+00  7.2303E+44  3.8615E+44  5.9649E+42  3.3092E+44
  2.5120E+00  6.8673E+44  3.7814E+44  5.1493E+42  3.0344E+44
  2.6610E+00  6.4903E+44  3.6633E+44  4.3763E+42  2.7832E+44
  2.8180E+00  6.1035E+44  3.5130E+44  3.6648E+42  2.5538E+44
  2.9850E+00  5.7141E+44  3.3412E+44  3.0279E+42  2.3426E+44
  3.1620E+00  5.3253E+44  3.1519E+44  2.4710E+42  2.1487E+44
  3.3500E+00  4.9506E+44  2.9603E+44  1.9936E+42  1.9704E+44
  3.5480E+00  4.5835E+44  2.7598E+44  1.5926E+42  1.8078E+44
  3.7580E+00  4.2316E+44  2.5607E+44  1.2598E+42  1.6583E+44
  3.9810E+00  3.8955E+44  2.3647E+44  9.8738E+41  1.5210E+44
  4.2170E+00  3.5768E+44  2.1740E+44  7.6740E+41  1.3951E+44
  4.4670E+00  3.2761E+44  1.9906E+44  5.9165E+41  1.2796E+44
  4.7320E+00  2.9948E+44  1.8166E+44  4.5220E+41  1.1737E+44
  5.0120E+00  2.7357E+44  1.6531E+44  3.4322E+41  1.0791E+44
  5.3090E+00  2.4625E+44  1.4997E+44  2.5522E+41  9.6024E+43
  5.6230E+00  2.2075E+44  1.3576E+44  1.8766E+41  8.4805E+43
  5.9570E+00  1.9720E+44  1.2275E+44  1.3650E+41  7.4316E+43
  6.3100E+00  1.7508E+44  1.1027E+44  9.8177E+40  6.4710E+43
  6.6830E+00  1.5594E+44  9.9855E+43  7.0253E+40  5.6014E+43
  7.0790E+00  1.3813E+44  8.9895E+43  4.9581E+40  4.8190E+43
  7.4990E+00  1.2363E+44  8.2372E+43  3.3745E+40  4.1229E+43
  7.9430E+00  1.1751E+44  8.2376E+43  2.1074E+40  3.5109E+43
  8.4140E+00  1.1832E+44  8.8554E+43  1.3157E+40  2.9752E+43
  8.9130E+00  1.1692E+44  9.1809E+43  9.1631E+39  2.5104E+43
  9.4410E+00  1.1340E+44  9.2288E+43  7.3318E+39  2.1101E+43
  1.0000E+01  9.9113E+43  8.1436E+43  6.0237E+39  1.7671E+43
  1.0590E+01  8.4714E+43  6.9951E+43  4.9158E+39  1.4758E+43
  1.1220E+01  7.1076E+43  5.8805E+43  3.7947E+39  1.2267E+43
  1.1890E+01  5.9798E+43  4.9636E+43  2.8650E+39  1.0159E+43
  1.2590E+01  5.0798E+43  4.2384E+43  2.1138E+39  8.4119E+42
  1.3340E+01  4.3625E+43  3.6691E+43  1.5163E+39  6.9319E+42
  1.4130E+01  3.8692E+43  3.2986E+43  1.0515E+39  5.7050E+42
  1.4960E+01  3.6709E+43  3.2016E+43  7.3524E+38  4.6919E+42
  1.5850E+01  3.5804E+43  3.1962E+43  5.3900E+38  3.8414E+42
  1.6790E+01  3.5440E+43  3.2299E+43  4.1598E+38  3.1409E+42
  1.7780E+01  3.5036E+43  3.2469E+43  3.3690E+38  2.5663E+42
  1.8840E+01  3.4152E+43  3.2063E+43  2.7948E+38  2.0888E+42
  1.9950E+01  3.2773E+43  3.1071E+43  2.2912E+38  1.7013E+42
  2.1130E+01  3.1531E+43  3.0148E+43  1.8294E+38  1.3827E+42
  2.2390E+01  3.0610E+43  2.9490E+43  1.4549E+38  1.1203E+42
  2.3710E+01  2.9872E+43  2.8963E+43  1.1504E+38  9.0864E+41
  2.5120E+01  2.9181E+43  2.8446E+43  9.0723E+37  7.3479E+41
  2.6610E+01  2.8425E+43  2.7831E+43  7.0913E+37  5.9383E+41
  2.8180E+01  2.7540E+43  2.7060E+43  5.5088E+37  4.7994E+41
  2.9850E+01  2.6457E+43  2.6070E+43  4.2415E+37  3.8717E+41
  3.1620E+01  2.5130E+43  2.4818E+43  3.2250E+37  3.1199E+41
  3.3500E+01  2.3565E+43  2.3314E+43  2.4199E+37  2.5106E+41
  3.5480E+01  2.1802E+43  2.1600E+43  1.7913E+37  2.0210E+41
  3.7580E+01  1.9873E+43  1.9711E+43  1.3066E+37  1.6253E+41
  3.9810E+01  1.7810E+43  1.7679E+43  9.3842E+36  1.3054E+41
  4.2170E+01  1.5713E+43  1.5608E+43  6.6341E+36  1.0479E+41
  4.4670E+01  1.3653E+43  1.3569E+43  4.6127E+36  8.4074E+40
  4.7320E+01  1.1695E+43  1.1628E+43  3.1584E+36  6.7400E+40
  5.0120E+01  9.8838E+42  9.8298E+42  2.1314E+36  5.4034E+40
  5.3090E+01  8.2435E+42  8.2002E+42  1.4183E+36  4.3282E+40
  5.6230E+01  6.7952E+42  6.7605E+42  9.3173E+35  3.4667E+40
  5.9570E+01  5.5347E+42  5.5070E+42  6.0426E+35  2.7728E+40
  6.3100E+01  4.4631E+42  4.4409E+42  3.8768E+35  2.2180E+40
  6.6830E+01  3.5654E+42  3.5477E+42  2.4627E+35  1.7744E+40
  7.0790E+01  2.8237E+42  2.8095E+42  1.5497E+35  1.4183E+40
  7.4990E+01  2.2176E+42  2.2063E+42  9.6667E+34  1.1329E+40
  7.9430E+01  1.7294E+42  1.7203E+42  5.9859E+34  9.0505E+39
  8.4140E+01  1.3396E+42  1.3323E+42  3.6796E+34  7.2256E+39
  8.9130E+01  1.0319E+42  1.0261E+42  2.2491E+34  5.7665E+39
  9.4410E+01  7.9071E+41  7.8611E+41  1.3672E+34  4.6021E+39
  1.0000E+02  6.0287E+41  5.9920E+41  8.2683E+33  3.6722E+39
  1.0590E+02  4.5801E+41  4.5508E+41  4.9831E+33  2.9317E+39
  1.1220E+02  3.4662E+41  3.4428E+41  2.9900E+33  2.3358E+39
  1.1890E+02  2.6189E+41  2.6003E+41  1.7913E+33  1.8590E+39
  1.2590E+02  1.9850E+41  1.9701E+41  1.0769E+33  1.4838E+39
  1.3340E+02  1.5054E+41  1.4936E+41  6.4876E+32  1.1811E+39
  1.4130E+02  1.1322E+41  1.1228E+41  3.8892E+32  9.4117E+38
  1.4960E+02  8.3482E+40  8.2731E+40  2.2831E+32  7.5121E+38
  1.5850E+02  6.1054E+40  6.0456E+40  1.3257E+32  5.9781E+38
  1.7780E+02  3.2795E+40  3.2416E+40  4.4838E+31  3.7942E+38
  1.9950E+02  1.7569E+40  1.7328E+40  1.5136E+31  2.4043E+38
  2.2390E+02  9.3605E+39  9.2083E+39  5.0878E+30  1.5216E+38
  2.5120E+02  4.9667E+39  4.8703E+39  1.7049E+30  9.6376E+37
  2.8180E+02  2.6233E+39  2.5623E+39  5.6944E+29  6.1043E+37
  3.1620E+02  1.3790E+39  1.3404E+39  1.8952E+29  3.8617E+37
  3.5480E+02  7.2260E+38  6.9818E+38  6.2948E+28  2.4421E+37
  3.9810E+02  3.7768E+38  3.6224E+38  2.0894E+28  1.5442E+37
  4.4670E+02  1.9702E+38  1.8726E+38  6.9346E+27  9.7603E+36
  5.0120E+02  1.0270E+38  9.6531E+37  2.3048E+27  6.1695E+36
  5.6230E+02  5.3543E+37  4.9643E+37  7.6785E+26  3.9003E+36
  6.3100E+02  2.7907E+37  2.5444E+37  2.5651E+26  2.4629E+36
  7.0790E+02  1.4583E+37  1.3026E+37  8.6179E+25  1.5568E+36
  7.9430E+02  7.6338E+36  6.6506E+36  2.9101E+25  9.8325E+35
  8.9130E+02  4.0092E+36  3.3884E+36  9.8946E+24  6.2077E+35
  1.0000E+03  2.1166E+36  1.7245E+36  3.3947E+24  3.9214E+35
