  1.0000E-03  5.5851E+44  1.0614E+06  2.7298E+42  5.5578E+44
  1.1220E-03  5.5890E+44  9.1913E+05  3.4016E+42  5.5550E+44
  1.2590E-03  5.5500E+44  8.3149E+05  4.0427E+42  5.5096E+44
  1.4130E-03  5.4791E+44  6.8283E+05  4.6193E+42  5.4329E+44
  1.5850E-03  5.5025E+44  5.9802E+05  5.1585E+42  5.4509E+44
  1.7780E-03  5.9225E+44  5.6437E+05  6.4298E+42  5.8582E+44
  1.9950E-03  5.3712E+44  4.5647E+05  7.5105E+42  5.2961E+44
  2.2390E-03  5.1045E+44  3.8043E+05  7.9196E+42  5.0253E+44
  2.5120E-03  5.3131E+44  3.4484E+05  1.0410E+43  5.2090E+44
  2.8180E-03  4.4195E+44  2.5524E+05  1.1916E+43  4.3003E+44
  3.1620E-03  3.7924E+44  1.9930E+05  1.2990E+43  3.6625E+44
  3.5480E-03  3.3083E+44  1.6201E+05  1.3807E+43  3.1702E+44
  3.9810E-03  2.9549E+44  1.4871E+05  1.4406E+43  2.8109E+44
  4.4670E-03  8.6543E+44  3.0931E+05  2.5331E+43  8.4010E+44
  5.0120E-03  7.0333E+44  2.3109E+05  2.9808E+43  6.7352E+44
  5.6230E-03  5.7472E+44  1.7619E+05  3.3613E+43  5.4110E+44
  5.9570E-03  5.2380E+44  1.5917E+05  3.5254E+43  4.8855E+44
  6.6830E-03  4.4985E+44  1.2662E+05  3.8135E+43  4.1172E+44
  7.4990E-03  4.0845E+44  1.0759E+05  4.1014E+43  3.6744E+44
  8.4140E-03  3.5893E+44  8.7465E+04  4.3645E+43  3.1529E+44
  9.4410E-03  3.3036E+44  7.6693E+04  4.5775E+43  2.8459E+44
  1.0590E-02  3.3327E+44  7.0756E+04  4.6589E+43  2.8668E+44
  1.1890E-02  3.0360E+44  6.1378E+04  5.1255E+43  2.5235E+44
  1.3340E-02  2.8845E+44  5.4341E+04  5.3374E+43  2.3508E+44
  1.4960E-02  2.6511E+44  4.8658E+04  5.6094E+43  2.0902E+44
  1.6790E-02  2.4792E+44  4.2410E+04  5.8231E+43  1.8969E+44
  1.8840E-02  2.3643E+44  3.8011E+04  5.9909E+43  1.7652E+44
  2.1130E-02  2.2331E+44  3.3891E+04  6.2724E+43  1.6059E+44
  2.3710E-02  2.0991E+44  3.0088E+04  6.4956E+43  1.4495E+44
  2.6610E-02  1.9507E+44  2.6510E+04  6.6699E+43  1.2838E+44
  2.9850E-02  1.8193E+44  2.3573E+04  6.7965E+43  1.1396E+44
  3.3500E-02  1.6956E+44  2.0910E+04  6.8767E+43  1.0079E+44
  3.7580E-02  1.8053E+44  1.9918E+04  7.4213E+43  1.0632E+44
  4.2170E-02  1.7638E+44  1.7519E+04  8.2622E+43  9.3755E+43
  4.7320E-02  1.3493E+44  2.0797E+04  7.5390E+43  5.9541E+43
  5.3090E-02  9.2416E+43  1.6456E+04  6.0981E+43  3.1435E+43
  6.6830E-02  2.4952E+43  8.1384E+03  2.2857E+43  2.0952E+42
  7.4990E-02  1.1041E+43  2.4774E+03  1.0672E+43  3.6879E+41
  8.4140E-02  1.3093E+43  2.9131E+03  1.2537E+43  5.5531E+41
  9.4410E-02  1.5182E+43  7.3881E+06  1.4447E+43  7.3476E+41
  1.0590E-01  2.6011E+43  4.3143E+11  2.3767E+43  2.2440E+42
  1.1890E-01  4.3242E+43  7.3197E+15  3.5814E+43  7.4275E+42
  1.3340E-01  6.3110E+43  2.6519E+19  4.6199E+43  1.6911E+43
  1.4960E-01  7.6581E+43  4.4108E+22  4.9389E+43  2.7192E+43
  1.5850E-01  7.5385E+43  1.3950E+24  4.7359E+43  2.8026E+43
  1.7780E-01  5.5764E+43  6.4819E+26  3.6656E+43  1.9108E+43
  1.9950E-01  2.2517E+43  9.6781E+28  1.7520E+43  4.9973E+42
  2.2390E-01  1.2200E+43  8.0491E+30  1.0146E+43  2.0535E+42
  2.3710E-01  1.7850E+43  8.9822E+31  1.3478E+43  4.3719E+42
  2.5120E-01  2.6996E+43  8.8247E+32  1.7353E+43  9.6433E+42
  2.6610E-01  3.5459E+43  6.8661E+33  1.9438E+43  1.6021E+43
  2.8180E-01  4.2658E+43  4.4447E+34  2.0104E+43  2.2554E+43
  2.9850E-01  4.9098E+43  2.4838E+35  2.0106E+43  2.8992E+43
  3.1620E-01  5.5885E+43  1.2228E+36  1.9906E+43  3.5979E+43
  3.3500E-01  6.3034E+43  5.4203E+36  1.9509E+43  4.3525E+43
  3.5480E-01  7.0064E+43  2.1632E+37  1.8897E+43  5.1167E+43
  3.7580E-01  7.8014E+43  7.9827E+37  1.8159E+43  5.9855E+43
  3.9810E-01  8.5935E+43  2.6777E+38  1.7393E+43  6.8542E+43
  4.2170E-01  9.6354E+43  8.3659E+38  1.6604E+43  7.9749E+43
  4.4670E-01  1.0784E+44  2.4117E+39  1.5848E+43  9.1988E+43
  4.7320E-01  1.2053E+44  6.5238E+39  1.5044E+43  1.0548E+44
  5.0120E-01  1.3419E+44  1.6574E+40  1.4191E+43  1.1998E+44
  5.3090E-01  1.4990E+44  4.0024E+40  1.3296E+43  1.3656E+44
  5.6230E-01  1.6526E+44  9.0459E+40  1.2423E+43  1.5275E+44
  5.9570E-01  1.8073E+44  1.9359E+41  1.1560E+43  1.6898E+44
  6.3100E-01  1.9726E+44  3.9378E+41  1.0709E+43  1.8615E+44
  6.6830E-01  2.1473E+44  7.6234E+41  9.8675E+42  2.0410E+44
  7.0790E-01  2.3272E+44  1.4077E+42  9.0724E+42  2.2224E+44
  7.4990E-01  2.4999E+44  2.4735E+42  8.3238E+42  2.3919E+44
  7.9430E-01  2.6765E+44  4.1577E+42  7.6137E+42  2.5587E+44
  8.4140E-01  2.8592E+44  6.7182E+42  6.9397E+42  2.7227E+44
  8.9130E-01  3.0647E+44  1.0507E+43  6.2961E+42  2.8967E+44
  9.4410E-01  3.2751E+44  1.5823E+43  5.6923E+42  3.0599E+44
  1.0000E+00  3.4757E+44  2.2909E+43  5.1323E+42  3.1953E+44
  1.0590E+00  3.6705E+44  3.1975E+43  4.6222E+42  3.3045E+44
  1.1220E+00  3.8644E+44  4.3369E+43  4.1494E+42  3.3892E+44
  1.1890E+00  4.0625E+44  5.7292E+43  3.7051E+42  3.4525E+44
  1.2590E+00  4.2736E+44  7.3600E+43  3.2806E+42  3.5048E+44
  1.3340E+00  4.4760E+44  9.2174E+43  2.8870E+42  3.5254E+44
  1.4130E+00  4.6577E+44  1.1200E+44  2.5330E+42  3.5124E+44
  1.4960E+00  4.8217E+44  1.3263E+44  2.2112E+42  3.4733E+44
  1.5850E+00  4.9704E+44  1.5421E+44  1.9139E+42  3.4092E+44
  1.6790E+00  5.1022E+44  1.7562E+44  1.6375E+42  3.3297E+44
  1.7780E+00  5.2106E+44  1.9594E+44  1.3807E+42  3.2374E+44
  1.8840E+00  5.2908E+44  2.1506E+44  1.1457E+42  3.1288E+44
  1.9950E+00  5.3385E+44  2.3180E+44  9.3519E+41  3.0112E+44
  2.1130E+00  5.3490E+44  2.4594E+44  7.5119E+41  2.8821E+44
  2.2390E+00  5.3181E+44  2.5689E+44  5.9417E+41  2.7432E+44
  2.3710E+00  5.2474E+44  2.6415E+44  4.6354E+41  2.6013E+44
  2.5120E+00  5.1393E+44  2.6814E+44  3.5752E+41  2.4543E+44
  2.6610E+00  4.9966E+44  2.6863E+44  2.7295E+41  2.3076E+44
  2.8180E+00  4.8221E+44  2.6565E+44  2.0642E+41  2.1635E+44
  2.9850E+00  4.6220E+44  2.5984E+44  1.5487E+41  2.0220E+44
  3.1620E+00  4.4000E+44  2.5137E+44  1.1532E+41  1.8852E+44
  3.3500E+00  4.1687E+44  2.4147E+44  8.5453E+40  1.7532E+44
  3.5480E+00  3.9231E+44  2.2939E+44  6.2887E+40  1.6286E+44
  3.7580E+00  3.6730E+44  2.1623E+44  4.6029E+40  1.5103E+44
  3.9810E+00  3.4215E+44  2.0227E+44  3.3515E+40  1.3985E+44
  4.2170E+00  3.1714E+44  1.8776E+44  2.4282E+40  1.2936E+44
  4.4670E+00  2.9256E+44  1.7301E+44  1.7505E+40  1.1954E+44
  4.7320E+00  2.6883E+44  1.5847E+44  1.2560E+40  1.1035E+44
  5.0120E+00  2.4642E+44  1.4437E+44  8.9866E+39  1.0204E+44
  5.3090E+00  2.2204E+44  1.3079E+44  6.3170E+39  9.1249E+43
  5.6230E+00  1.9892E+44  1.1799E+44  4.4092E+39  8.0930E+43
  5.9570E+00  1.7732E+44  1.0614E+44  3.0583E+39  7.1175E+43
  6.3100E+00  1.5666E+44  9.4485E+43  2.0990E+39  6.2175E+43
  6.6830E+00  1.3852E+44  8.4550E+43  1.4370E+39  5.3965E+43
  7.0790E+00  1.2140E+44  7.4858E+43  9.6954E+38  4.6542E+43
  7.4990E+00  1.0974E+44  6.9949E+43  6.7053E+38  3.9788E+43
  7.9430E+00  1.1655E+44  8.3209E+43  5.5819E+38  3.3343E+43
  8.4140E+00  1.3934E+44  1.1207E+44  5.6646E+38  2.7266E+43
  8.9130E+00  1.5465E+44  1.3247E+44  5.6535E+38  2.2178E+43
  9.4410E+00  1.6230E+44  1.4430E+44  5.8839E+38  1.7990E+43
  1.0000E+01  1.3507E+44  1.1975E+44  4.1372E+38  1.5319E+43
  1.0590E+01  1.0654E+44  9.3437E+43  2.6613E+38  1.3105E+43
  1.1220E+01  7.9763E+43  6.8575E+43  1.5105E+38  1.1188E+43
  1.1890E+01  5.9942E+43  5.0495E+43  8.6698E+37  9.4475E+42
  1.2590E+01  4.4804E+43  3.6856E+43  4.8598E+37  7.9479E+42
  1.3340E+01  3.3714E+43  2.7087E+43  2.7124E+37  6.6270E+42
  1.4130E+01  2.6751E+43  2.1264E+43  1.5752E+37  5.4872E+42
  1.4960E+01  2.4262E+43  1.9763E+43  1.0814E+37  4.4991E+42
  1.5850E+01  2.2762E+43  1.9099E+43  8.0159E+36  3.6624E+42
  1.6790E+01  2.1412E+43  1.8437E+43  6.1953E+36  2.9749E+42
  1.7780E+01  1.9517E+43  1.7097E+43  4.7782E+36  2.4199E+42
  1.8840E+01  1.6755E+43  1.4785E+43  3.4797E+36  1.9697E+42
  1.9950E+01  1.3554E+43  1.1942E+43  2.3196E+36  1.6120E+42
  2.1130E+01  1.0790E+43  9.4729E+42  1.4760E+36  1.3171E+42
  2.2390E+01  8.6202E+42  7.5485E+42  9.3972E+35  1.0717E+42
  2.3710E+01  6.9147E+42  6.0423E+42  5.9829E+35  8.7242E+41
  2.5120E+01  5.5468E+42  4.8391E+42  3.8193E+35  7.0767E+41
  2.6610E+01  4.4435E+42  3.8700E+42  2.4299E+35  5.7349E+41
  2.8180E+01  3.5575E+42  3.0929E+42  1.5497E+35  4.6462E+41
  2.9850E+01  2.8364E+42  2.4607E+42  9.8687E+34  3.7564E+41
  3.1620E+01  2.2481E+42  1.9448E+42  6.2520E+34  3.0332E+41
  3.3500E+01  1.7699E+42  1.5253E+42  3.9401E+34  2.4457E+41
  3.5480E+01  1.3859E+42  1.1887E+42  2.4736E+34  1.9725E+41
  3.7580E+01  1.0763E+42  9.1738E+41  1.5417E+34  1.5892E+41
  3.9810E+01  8.2713E+41  6.9925E+41  9.5229E+33  1.2788E+41
  4.2170E+01  6.3065E+41  5.2780E+41  5.8371E+33  1.0285E+41
  4.4670E+01  4.7745E+41  3.9479E+41  3.5495E+33  8.2660E+40
  4.7320E+01  3.5938E+41  2.9300E+41  2.1450E+33  6.6377E+40
  5.0120E+01  2.6937E+41  2.1608E+41  1.2904E+33  5.3297E+40
  5.3090E+01  2.0109E+41  1.5833E+41  7.7303E+32  4.2754E+40
  5.6230E+01  1.4979E+41  1.1550E+41  4.6198E+32  3.4290E+40
  5.9570E+01  1.1125E+41  8.3786E+40  2.7526E+32  2.7459E+40
  6.3100E+01  8.2590E+40  6.0601E+40  1.6396E+32  2.1990E+40
  6.6830E+01  6.1328E+40  4.3720E+40  9.7697E+31  1.7609E+40
  7.0790E+01  4.5547E+40  3.1460E+40  5.8226E+31  1.4087E+40
  7.4990E+01  3.3845E+40  2.2584E+40  3.4730E+31  1.1261E+40
  7.9430E+01  2.5196E+40  1.6194E+40  2.0759E+31  9.0023E+39
  8.4140E+01  1.8787E+40  1.1595E+40  1.2427E+31  7.1915E+39
  8.9130E+01  1.4042E+40  8.2993E+39  7.4585E+30  5.7424E+39
  9.4410E+01  1.0523E+40  5.9379E+39  4.4885E+30  4.5850E+39
  1.0000E+02  7.9065E+39  4.2463E+39  2.7081E+30  3.6602E+39
  1.0590E+02  5.9625E+39  3.0394E+39  1.6400E+30  2.9231E+39
  1.1220E+02  4.5045E+39  2.1748E+39  9.9418E+29  2.3297E+39
  1.1890E+02  3.4139E+39  1.5592E+39  6.0439E+29  1.8547E+39
  1.2590E+02  2.6068E+39  1.1260E+39  3.7000E+29  1.4807E+39
  1.3340E+02  1.9946E+39  8.1576E+38  2.2714E+29  1.1789E+39
  1.4130E+02  1.5276E+39  5.8805E+38  1.4012E+29  9.3959E+38
  1.4960E+02  1.1671E+39  4.1705E+38  8.6231E+28  7.5009E+38
  1.5850E+02  8.9088E+38  2.9385E+38  5.2861E+28  5.9703E+38
  1.7780E+02  5.2648E+38  1.4745E+38  2.0068E+28  3.7903E+38
  1.9950E+02  3.1460E+38  7.4360E+37  7.6840E+27  2.4024E+38
  2.2390E+02  1.8961E+38  3.7549E+37  2.9626E+27  1.5206E+38
  2.5120E+02  1.1532E+38  1.8995E+37  1.1505E+27  9.6327E+37
  2.8180E+02  7.0630E+37  9.6118E+36  4.4922E+26  6.1019E+37
  3.1620E+02  4.3464E+37  4.8589E+36  1.7595E+26  3.8605E+37
  3.5480E+02  2.6871E+37  2.4560E+36  6.9121E+25  2.4415E+37
  3.9810E+02  1.6680E+37  1.2410E+36  2.7237E+25  1.5439E+37
  4.4670E+02  1.0386E+37  6.2680E+35  1.0754E+25  9.7587E+36
  5.0120E+02  6.4852E+36  3.1655E+35  4.2548E+24  6.1687E+36
  5.6230E+02  4.0598E+36  1.5987E+35  1.6859E+24  3.8999E+36
  6.3100E+02  2.5434E+36  8.0640E+34  6.6823E+23  2.4627E+36
  7.0790E+02  1.5974E+36  4.0704E+34  2.6540E+23  1.5567E+36
  7.9430E+02  1.0037E+36  2.0523E+34  1.0540E+23  9.8320E+35
  8.9130E+02  6.3109E+35  1.0341E+34  4.1873E+22  6.2075E+35
  1.0000E+03  3.9733E+35  5.2115E+33  1.6654E+22  3.9212E+35
