  1.0000E-03  8.7726E+44  0.0000E+00  6.3753E+41  8.7662E+44
  1.1220E-03  9.8443E+44  0.0000E+00  8.5167E+41  9.8357E+44
  1.2590E-03  1.1048E+45  0.0000E+00  1.0860E+42  1.1037E+45
  1.4130E-03  1.2400E+45  0.0000E+00  1.3320E+42  1.2387E+45
  1.5850E-03  1.3910E+45  0.0000E+00  1.5842E+42  1.3894E+45
  1.7780E-03  1.5607E+45  0.0000E+00  2.0492E+42  1.5586E+45
  1.9950E-03  1.7515E+45  0.0000E+00  2.6504E+42  1.7488E+45
  2.2390E-03  1.9658E+45  0.0000E+00  3.0406E+42  1.9627E+45
  2.5120E-03  2.2062E+45  0.0000E+00  4.2089E+42  2.2020E+45
  2.8180E-03  2.4756E+45  0.0000E+00  5.4196E+42  2.4702E+45
  3.1620E-03  2.7784E+45  0.0000E+00  6.5398E+42  2.7718E+45
  3.5480E-03  3.1179E+45  0.0000E+00  7.6176E+42  3.1103E+45
  3.9810E-03  3.4984E+45  0.0000E+00  8.6067E+42  3.4898E+45
  4.4670E-03  3.9248E+45  0.0000E+00  9.0099E+42  3.9158E+45
  5.0120E-03  4.4059E+45  0.0000E+00  1.2283E+43  4.3936E+45
  5.6230E-03  4.9452E+45  0.0000E+00  1.5954E+43  4.9292E+45
  5.9570E-03  5.2399E+45  0.0000E+00  1.7885E+43  5.2220E+45
  6.6830E-03  5.8803E+45  0.0000E+00  2.1771E+43  5.8585E+45
  7.4990E-03  6.5997E+45  0.0000E+00  2.5877E+43  6.5738E+45
  8.4140E-03  7.4064E+45  0.0000E+00  3.0543E+43  7.3758E+45
  9.4410E-03  8.3111E+45  0.0000E+00  3.5040E+43  8.2761E+45
  1.0590E-02  9.3214E+45  0.0000E+00  3.8141E+43  9.2833E+45
  1.1890E-02  1.0469E+46  0.0000E+00  4.5818E+43  1.0423E+46
  1.3340E-02  1.1746E+46  0.0000E+00  5.1645E+43  1.1694E+46
  1.4960E-02  1.3173E+46  0.0000E+00  5.9234E+43  1.3114E+46
  1.6790E-02  1.4785E+46  0.0000E+00  6.6888E+43  1.4718E+46
  1.8840E-02  1.6590E+46  0.0000E+00  7.4540E+43  1.6515E+46
  2.1130E-02  1.8608E+46  0.0000E+00  8.4763E+43  1.8524E+46
  2.3710E-02  2.0880E+46  0.0000E+00  9.5614E+43  2.0785E+46
  2.6610E-02  2.3434E+46  0.0000E+00  1.0756E+44  2.3326E+46
  2.9850E-02  2.6287E+46  1.6820E-83  1.2030E+44  2.6166E+46
  3.3500E-02  2.9500E+46  1.0981E-68  1.3394E+44  2.9367E+46
  3.7580E-02  3.3089E+46  1.3832E-55  1.4713E+44  3.2942E+46
  4.2170E-02  3.7147E+46  6.1255E-44  1.8010E+44  3.6967E+46
  4.7320E-02  4.1690E+46  1.6952E-33  2.0833E+44  4.1482E+46
  5.3090E-02  4.3435E+46  3.2066E-24  2.2232E+44  4.3212E+46
  6.6830E-02  4.1493E+46  1.3375E-08  2.2433E+44  4.1268E+46
  7.4990E-02  4.0537E+46  4.8154E-02  2.0870E+44  4.0328E+46
  8.4140E-02  3.9612E+46  2.4782E+04  2.0147E+44  3.9410E+46
  9.4410E-02  3.8712E+46  2.9494E+09  1.9954E+44  3.8513E+46
  1.0590E-01  3.5247E+46  7.9359E+13  1.9152E+44  3.5055E+46
  1.1890E-01  2.9626E+46  5.4677E+17  1.5816E+44  2.9467E+46
  1.3340E-01  2.4926E+46  1.0109E+21  1.3026E+44  2.4795E+46
  1.4960E-01  2.0980E+46  1.0913E+24  1.0130E+44  2.0878E+46
  1.5850E-01  1.9237E+46  3.1999E+25  9.1929E+43  1.9145E+46
  1.7780E-01  1.6197E+46  1.7301E+28  8.2996E+43  1.6114E+46
  1.9950E-01  1.3630E+46  5.6919E+30  7.2242E+43  1.3558E+46
  2.2390E-01  1.1466E+46  7.5313E+32  6.2611E+43  1.1403E+46
  2.3710E-01  1.0525E+46  4.8059E+33  6.0156E+43  1.0464E+46
  2.5120E-01  9.6509E+45  2.6047E+34  5.5115E+43  9.5958E+45
  2.6610E-01  8.8504E+45  1.3438E+35  4.9213E+43  8.8012E+45
  2.8180E-01  8.1196E+45  6.4389E+35  4.3508E+43  8.0761E+45
  2.9850E-01  7.4464E+45  2.8297E+36  3.8537E+43  7.4079E+45
  3.1620E-01  6.8289E+45  1.1208E+37  3.4269E+43  6.7947E+45
  3.3500E-01  6.2613E+45  4.0633E+37  3.0473E+43  6.2308E+45
  3.5480E-01  5.7436E+45  1.3525E+38  2.7086E+43  5.7165E+45
  3.7580E-01  5.2682E+45  4.1709E+38  2.4001E+43  5.2442E+45
  3.9810E-01  4.8311E+45  1.1857E+39  2.1314E+43  4.8097E+45
  4.2170E-01  4.4305E+45  3.0982E+39  1.8811E+43  4.4116E+45
  4.4670E-01  4.0632E+45  7.5071E+39  1.6622E+43  4.0466E+45
  4.7320E-01  3.7261E+45  1.7124E+40  1.4636E+43  3.7115E+45
  5.0120E-01  3.4177E+45  3.6877E+40  1.2841E+43  3.4048E+45
  5.3090E-01  3.1345E+45  7.5377E+40  1.1196E+43  3.1232E+45
  5.6230E-01  2.8750E+45  1.4613E+41  9.7748E+42  2.8651E+45
  5.9570E-01  2.6364E+45  2.7052E+41  8.5188E+42  2.6276E+45
  6.3100E-01  2.4182E+45  4.7782E+41  7.3933E+42  2.4103E+45
  6.6830E-01  2.2186E+45  8.0694E+41  6.3844E+42  2.2114E+45
  7.0790E-01  2.0352E+45  1.3083E+42  5.4967E+42  2.0284E+45
  7.4990E-01  1.8672E+45  2.0413E+42  4.7237E+42  1.8605E+45
  7.9430E-01  1.7137E+45  3.0689E+42  4.0384E+42  1.7066E+45
  8.4140E-01  1.5732E+45  4.4664E+42  3.4317E+42  1.5653E+45
  8.9130E-01  1.4449E+45  6.3085E+42  2.8863E+42  1.4357E+45
  9.4410E-01  1.3281E+45  8.6628E+42  2.4125E+42  1.3170E+45
  1.0000E+00  1.2217E+45  1.1600E+43  2.0086E+42  1.2081E+45
  1.0590E+00  1.1254E+45  1.5171E+43  1.6669E+42  1.1086E+45
  1.1220E+00  1.0374E+45  1.9507E+43  1.3742E+42  1.0165E+45
  1.1890E+00  9.5763E+44  2.4683E+43  1.1230E+42  9.3183E+44
  1.2590E+00  8.8671E+44  3.0594E+43  9.0785E+41  8.5520E+44
  1.3340E+00  8.2227E+44  3.7437E+43  7.2945E+41  7.8411E+44
  1.4130E+00  7.6489E+44  4.5033E+43  5.8659E+41  7.1927E+44
  1.4960E+00  7.1407E+44  5.3342E+43  4.7130E+41  6.6026E+44
  1.5850E+00  6.6842E+44  6.2613E+43  3.7670E+41  6.0543E+44
  1.6790E+00  6.2805E+44  7.2445E+43  2.9916E+41  5.5530E+44
  1.7780E+00  5.9236E+44  8.2552E+43  2.3567E+41  5.0957E+44
  1.8840E+00  5.6049E+44  9.3114E+43  1.8392E+41  4.6719E+44
  1.9950E+00  5.3241E+44  1.0352E+44  1.4237E+41  4.2875E+44
  2.1130E+00  5.0722E+44  1.1379E+44  1.0933E+41  3.9333E+44
  2.2390E+00  4.8431E+44  1.2362E+44  8.3383E+40  3.6061E+44
  2.3710E+00  4.6344E+44  1.3246E+44  6.3258E+40  3.3092E+44
  2.5120E+00  4.4396E+44  1.4047E+44  4.7798E+40  3.0344E+44
  2.6610E+00  4.2555E+44  1.4720E+44  3.6005E+40  2.7832E+44
  2.8180E+00  4.0769E+44  1.5228E+44  2.7036E+40  2.5538E+44
  2.9850E+00  3.9014E+44  1.5585E+44  2.0245E+40  2.3426E+44
  3.1620E+00  3.7258E+44  1.5770E+44  1.5115E+40  2.1487E+44
  3.3500E+00  3.5542E+44  1.5837E+44  1.1268E+40  1.9704E+44
  3.5480E+00  3.3772E+44  1.5694E+44  8.3671E+39  1.8078E+44
  3.7580E+00  3.1994E+44  1.5410E+44  6.1925E+39  1.6583E+44
  3.9810E+00  3.0204E+44  1.4994E+44  4.5674E+39  1.5210E+44
  4.2170E+00  2.8400E+44  1.4449E+44  3.3559E+39  1.3951E+44
  4.4670E+00  2.6591E+44  1.3795E+44  2.4555E+39  1.2796E+44
  4.7320E+00  2.4811E+44  1.3074E+44  1.7894E+39  1.1737E+44
  5.0120E+00  2.3100E+44  1.2308E+44  1.3010E+39  1.0791E+44
  5.3090E+00  2.1114E+44  1.1512E+44  9.2720E+38  9.6024E+43
  5.6230E+00  1.9195E+44  1.0715E+44  6.5629E+38  8.4805E+43
  5.9570E+00  1.7376E+44  9.9446E+43  4.6181E+38  7.4316E+43
  6.3100E+00  1.5589E+44  9.1177E+43  3.2156E+38  6.4710E+43
  6.6830E+00  1.3998E+44  8.3963E+43  2.2323E+38  5.6014E+43
  7.0790E+00  1.2456E+44  7.6367E+43  1.5271E+38  4.8190E+43
  7.4990E+00  1.1635E+44  7.5122E+43  1.0833E+38  4.1229E+43
  7.9430E+00  1.3722E+44  1.0211E+44  9.7113E+37  3.5109E+43
  8.4140E+00  1.8847E+44  1.5871E+44  1.0881E+38  2.9752E+43
  8.9130E+00  2.3174E+44  2.0663E+44  1.1715E+38  2.5104E+43
  9.4410E+00  2.6364E+44  2.4254E+44  1.2973E+38  2.1101E+43
  1.0000E+01  2.1677E+44  1.9910E+44  9.0879E+37  1.7671E+43
  1.0590E+01  1.6617E+44  1.5142E+44  5.7548E+37  1.4758E+43
  1.1220E+01  1.1944E+44  1.0717E+44  3.1853E+37  1.2267E+43
  1.1890E+01  8.6842E+43  7.6683E+43  1.7920E+37  1.0159E+43
  1.2590E+01  6.2744E+43  5.4332E+43  9.8327E+36  8.4119E+42
  1.3340E+01  4.5813E+43  3.8881E+43  5.3837E+36  6.9319E+42
  1.4130E+01  3.5810E+43  3.0105E+43  3.0989E+36  5.7050E+42
  1.4960E+01  3.3188E+43  2.8496E+43  2.1657E+36  4.6919E+42
  1.5850E+01  3.2021E+43  2.8180E+43  1.6432E+36  3.8414E+42
  1.6790E+01  3.0898E+43  2.7757E+43  1.2983E+36  3.1409E+42
  1.7780E+01  2.8607E+43  2.6041E+43  1.0165E+36  2.5663E+42
  1.8840E+01  2.4590E+43  2.2501E+43  7.4338E+35  2.0888E+42
  1.9950E+01  1.9647E+43  1.7946E+43  4.9221E+35  1.7013E+42
  2.1130E+01  1.5398E+43  1.4016E+43  3.1015E+35  1.3827E+42
  2.2390E+01  1.2129E+43  1.1008E+43  1.9569E+35  1.1203E+42
  2.3710E+01  9.6004E+42  8.6918E+42  1.2351E+35  9.0864E+41
  2.5120E+01  7.6090E+42  6.8742E+42  7.8214E+34  7.3479E+41
  2.6610E+01  6.0267E+42  5.4329E+42  4.9375E+34  5.9383E+41
  2.8180E+01  4.7763E+42  4.2963E+42  3.1266E+34  4.7994E+41
  2.9850E+01  3.7740E+42  3.3868E+42  1.9784E+34  3.8717E+41
  3.1620E+01  2.9672E+42  2.6552E+42  1.2461E+34  3.1199E+41
  3.3500E+01  2.3197E+42  2.0686E+42  7.8125E+33  2.5106E+41
  3.5480E+01  1.8058E+42  1.6037E+42  4.8833E+33  2.0210E+41
  3.7580E+01  1.3951E+42  1.2325E+42  3.0317E+33  1.6253E+41
  3.9810E+01  1.0666E+42  9.3602E+41  1.8651E+33  1.3054E+41
  4.2170E+01  8.0914E+41  7.0434E+41  1.1387E+33  1.0479E+41
  4.4670E+01  6.0956E+41  5.2548E+41  6.8970E+32  8.4074E+40
  4.7320E+01  4.5657E+41  3.8917E+41  4.1514E+32  6.7400E+40
  5.0120E+01  3.4055E+41  2.8651E+41  2.4873E+32  5.4034E+40
  5.3090E+01  2.5296E+41  2.0968E+41  1.4839E+32  4.3282E+40
  5.6230E+01  1.8747E+41  1.5280E+41  8.8307E+31  3.4667E+40
  5.9570E+01  1.3850E+41  1.1077E+41  5.2386E+31  2.7728E+40
  6.3100E+01  1.0227E+41  8.0085E+40  3.1062E+31  2.2180E+40
  6.6830E+01  7.5505E+40  5.7760E+40  1.8421E+31  1.7744E+40
  7.0790E+01  5.5743E+40  4.1560E+40  1.0926E+31  1.4183E+40
  7.4990E+01  4.1163E+40  2.9834E+40  6.4844E+30  1.1329E+40
  7.9430E+01  3.0445E+40  2.1395E+40  3.8561E+30  9.0505E+39
  8.4140E+01  2.2548E+40  1.5322E+40  2.2963E+30  7.2256E+39
  8.9130E+01  1.6736E+40  1.0969E+40  1.3709E+30  5.7665E+39
  9.4410E+01  1.2452E+40  7.8497E+39  8.2060E+29  4.6021E+39
  1.0000E+02  9.2868E+39  5.6146E+39  4.9244E+29  3.6722E+39
  1.0590E+02  6.9509E+39  4.0192E+39  2.9662E+29  2.9317E+39
  1.1220E+02  5.2115E+39  2.8758E+39  1.7888E+29  2.3358E+39
  1.1890E+02  3.9200E+39  2.0610E+39  1.0819E+29  1.8590E+39
  1.2590E+02  2.9706E+39  1.4868E+39  6.5897E+28  1.4838E+39
  1.3340E+02  2.2562E+39  1.0751E+39  4.0257E+28  1.1811E+39
  1.4130E+02  1.7154E+39  7.7427E+38  2.4717E+28  9.4117E+38
  1.4960E+02  1.3013E+39  5.5007E+38  1.5145E+28  7.5121E+38
  1.5850E+02  9.8615E+38  3.8834E+38  9.2440E+27  5.9781E+38
  1.7780E+02  5.7469E+38  1.9527E+38  3.4810E+27  3.7942E+38
  1.9950E+02  3.3901E+38  9.8573E+37  1.3233E+27  2.4043E+38
  2.2390E+02  2.0196E+38  4.9804E+37  5.0700E+26  1.5216E+38
  2.5120E+02  1.2158E+38  2.5205E+37  1.9583E+26  9.6376E+37
  2.8180E+02  7.3800E+37  1.2757E+37  7.6113E+25  6.1043E+37
  3.1620E+02  4.5067E+37  6.4501E+36  2.9698E+25  3.8617E+37
  3.5480E+02  2.7682E+37  3.2607E+36  1.1630E+25  2.4421E+37
  3.9810E+02  1.7090E+37  1.6477E+36  4.5707E+24  1.5442E+37
  4.4670E+02  1.0592E+37  8.3222E+35  1.8008E+24  9.7603E+36
  5.0120E+02  6.5897E+36  4.2026E+35  7.1121E+23  6.1695E+36
  5.6230E+02  4.1126E+36  2.1223E+35  2.8140E+23  3.9003E+36
  6.3100E+02  2.5700E+36  1.0704E+35  1.1141E+23  2.4629E+36
  7.0790E+02  1.6108E+36  5.4020E+34  4.4207E+22  1.5568E+36
  7.9430E+02  1.0105E+36  2.7232E+34  1.7543E+22  9.8325E+35
  8.9130E+02  6.3449E+35  1.3719E+34  6.9652E+21  6.2077E+35
  1.0000E+03  3.9905E+35  6.9122E+33  2.7689E+21  3.9214E+35
