  1.0000E-03  8.7914E+44  0.0000E+00  2.5259E+42  8.7662E+44
  1.1220E-03  9.8686E+44  0.0000E+00  3.2849E+42  9.8357E+44
  1.2590E-03  1.1078E+45  0.0000E+00  4.0670E+42  1.1037E+45
  1.4130E-03  1.2435E+45  0.0000E+00  4.8297E+42  1.2387E+45
  1.5850E-03  1.3950E+45  0.0000E+00  5.5555E+42  1.3894E+45
  1.7780E-03  1.5655E+45  0.0000E+00  6.8943E+42  1.5586E+45
  1.9950E-03  1.7572E+45  0.0000E+00  8.3589E+42  1.7488E+45
  2.2390E-03  1.9718E+45  0.0000E+00  9.0874E+42  1.9627E+45
  2.5120E-03  2.2137E+45  0.0000E+00  1.1654E+43  2.2020E+45
  2.8180E-03  2.4839E+45  0.0000E+00  1.3673E+43  2.4702E+45
  3.1620E-03  2.7870E+45  0.0000E+00  1.5157E+43  2.7718E+45
  3.5480E-03  3.1266E+45  0.0000E+00  1.6286E+43  3.1103E+45
  3.9810E-03  3.5069E+45  0.0000E+00  1.7063E+43  3.4898E+45
  4.4670E-03  3.9459E+45  0.0000E+00  3.0106E+43  3.9158E+45
  5.0120E-03  4.4307E+45  0.0000E+00  3.7096E+43  4.3936E+45
  5.6230E-03  4.9727E+45  0.0000E+00  4.3460E+43  4.9292E+45
  5.9570E-03  5.2684E+45  0.0000E+00  4.6380E+43  5.2220E+45
  6.6830E-03  5.9103E+45  0.0000E+00  5.1769E+43  5.8585E+45
  7.4990E-03  6.6309E+45  0.0000E+00  5.7075E+43  6.5738E+45
  8.4140E-03  7.4384E+45  0.0000E+00  6.2564E+43  7.3758E+45
  9.4410E-03  8.3436E+45  0.0000E+00  6.7481E+43  8.2761E+45
  1.0590E-02  9.3540E+45  0.0000E+00  7.0695E+43  9.2833E+45
  1.1890E-02  1.0502E+46  0.0000E+00  7.8736E+43  1.0423E+46
  1.3340E-02  1.1778E+46  0.0000E+00  8.4257E+43  1.1694E+46
  1.4960E-02  1.3205E+46  0.0000E+00  9.0979E+43  1.3114E+46
  1.6790E-02  1.4816E+46  0.0000E+00  9.7500E+43  1.4718E+46
  1.8840E-02  1.6619E+46  0.0000E+00  1.0397E+44  1.6515E+46
  2.1130E-02  1.8636E+46  0.0000E+00  1.1215E+44  1.8524E+46
  2.3710E-02  2.0905E+46  0.0000E+00  1.2058E+44  2.0785E+46
  2.6610E-02  2.3456E+46  0.0000E+00  1.2948E+44  2.3326E+46
  2.9850E-02  2.6305E+46  1.1050E-82  1.3868E+44  2.6166E+46
  3.3500E-02  2.9515E+46  7.1107E-68  1.4803E+44  2.9367E+46
  3.7580E-02  3.3102E+46  8.9254E-55  1.5991E+44  3.2942E+46
  4.2170E-02  3.7162E+46  3.8971E-43  1.9505E+44  3.6967E+46
  4.7320E-02  4.1694E+46  1.0429E-32  2.1208E+44  4.1482E+46
  5.3090E-02  4.3425E+46  1.8997E-23  2.1294E+44  4.3212E+46
  6.6830E-02  4.1462E+46  7.0404E-08  1.9391E+44  4.1268E+46
  7.4990E-02  4.0516E+46  2.3339E-01  1.8811E+44  4.0328E+46
  8.4140E-02  3.9590E+46  1.2232E+05  1.8007E+44  3.9410E+46
  9.4410E-02  3.8689E+46  1.4687E+10  1.7619E+44  3.8513E+46
  1.0590E-01  3.5224E+46  4.1520E+14  1.6814E+44  3.5055E+46
  1.1890E-01  2.9608E+46  3.1025E+18  1.4091E+44  2.9467E+46
  1.3340E-01  2.4920E+46  6.1770E+21  1.2405E+44  2.4795E+46
  1.4960E-01  2.0978E+46  6.9237E+24  9.9408E+43  2.0878E+46
  1.5850E-01  1.9232E+46  2.0331E+26  8.7055E+43  1.9145E+46
  1.7780E-01  1.6181E+46  1.0581E+29  6.6707E+43  1.6114E+46
  1.9950E-01  1.3604E+46  3.1534E+31  4.6436E+43  1.3558E+46
  2.2390E-01  1.1446E+46  3.8756E+33  4.2322E+43  1.1403E+46
  2.3710E-01  1.0508E+46  2.5734E+34  4.4040E+43  1.0464E+46
  2.5120E-01  9.6394E+45  1.4591E+35  4.3590E+43  9.5958E+45
  2.6610E-01  8.8425E+45  7.7499E+35  4.1268E+43  8.8012E+45
  2.8180E-01  8.1143E+45  3.7839E+36  3.8279E+43  8.0761E+45
  2.9850E-01  7.4433E+45  1.6858E+37  3.5435E+43  7.4079E+45
  3.1620E-01  6.8277E+45  6.7529E+37  3.3033E+43  6.7947E+45
  3.3500E-01  6.2616E+45  2.4709E+38  3.0802E+43  6.2308E+45
  3.5480E-01  5.7452E+45  8.2831E+38  2.8676E+43  5.7165E+45
  3.7580E-01  5.2708E+45  2.5690E+39  2.6642E+43  5.2442E+45
  3.9810E-01  4.8345E+45  7.3396E+39  2.4806E+43  4.8097E+45
  4.2170E-01  4.4347E+45  1.9264E+40  2.3088E+43  4.4116E+45
  4.4670E-01  4.0682E+45  4.6859E+40  2.1540E+43  4.0466E+45
  4.7320E-01  3.7316E+45  1.0719E+41  2.0040E+43  3.7115E+45
  5.0120E-01  3.4236E+45  2.3125E+41  1.8571E+43  3.4048E+45
  5.3090E-01  3.1408E+45  4.7291E+41  1.7124E+43  3.1232E+45
  5.6230E-01  2.8818E+45  9.1582E+41  1.5777E+43  2.8651E+45
  5.9570E-01  2.6438E+45  1.6907E+42  1.4499E+43  2.6276E+45
  6.3100E-01  2.4266E+45  2.9720E+42  1.3276E+43  2.4103E+45
  6.6830E-01  2.2285E+45  4.9831E+42  1.2100E+43  2.2114E+45
  7.0790E-01  2.0474E+45  7.9997E+42  1.1003E+43  2.0284E+45
  7.4990E-01  1.8828E+45  1.2318E+43  9.9822E+42  1.8605E+45
  7.9430E-01  1.7338E+45  1.8208E+43  9.0208E+42  1.7066E+45
  8.4140E-01  1.5994E+45  2.5940E+43  8.1183E+42  1.5653E+45
  8.9130E-01  1.4787E+45  3.5691E+43  7.2596E+42  1.4357E+45
  9.4410E-01  1.3709E+45  4.7469E+43  6.4622E+42  1.3170E+45
  1.0000E+00  1.2750E+45  6.1169E+43  5.7305E+42  1.2081E+45
  1.0590E+00  1.1901E+45  7.6478E+43  5.0665E+42  1.1086E+45
  1.1220E+00  1.1143E+45  9.3315E+43  4.4532E+42  1.0165E+45
  1.1890E+00  1.0469E+45  1.1123E+44  3.8814E+42  9.3183E+44
  1.2590E+00  9.8763E+44  1.2909E+44  3.3433E+42  8.5520E+44
  1.3340E+00  9.3365E+44  1.4669E+44  2.8551E+42  7.8411E+44
  1.4130E+00  8.8449E+44  1.6279E+44  2.4276E+42  7.1927E+44
  1.4960E+00  8.3923E+44  1.7692E+44  2.0506E+42  6.6026E+44
  1.5850E+00  7.9647E+44  1.8932E+44  1.7137E+42  6.0543E+44
  1.6790E+00  7.5555E+44  1.9883E+44  1.4130E+42  5.5530E+44
  1.7780E+00  7.1567E+44  2.0495E+44  1.1464E+42  5.0957E+44
  1.8840E+00  6.7632E+44  2.0822E+44  9.1396E+41  4.6719E+44
  1.9950E+00  6.3777E+44  2.0831E+44  7.1655E+41  4.2875E+44
  2.1130E+00  5.9962E+44  2.0574E+44  5.5277E+41  3.9333E+44
  2.2390E+00  5.6166E+44  2.0063E+44  4.2006E+41  3.6061E+44
  2.3710E+00  5.2453E+44  1.9330E+44  3.1530E+41  3.3092E+44
  2.5120E+00  4.8815E+44  1.8447E+44  2.3426E+41  3.0344E+44
  2.6610E+00  4.5285E+44  1.7436E+44  1.7262E+41  2.7832E+44
  2.8180E+00  4.1874E+44  1.6323E+44  1.2630E+41  2.5538E+44
  2.9850E+00  3.8601E+44  1.5165E+44  9.1885E+40  2.3426E+44
  3.1620E+00  3.5474E+44  1.3980E+44  6.6528E+40  2.1487E+44
  3.3500E+00  3.2556E+44  1.2848E+44  4.8054E+40  1.9704E+44
  3.5480E+00  2.9802E+44  1.1721E+44  3.4599E+40  1.8078E+44
  3.7580E+00  2.7237E+44  1.0651E+44  2.4854E+40  1.6583E+44
  3.9810E+00  2.4855E+44  9.6437E+43  1.7820E+40  1.5210E+44
  4.2170E+00  2.2653E+44  8.7005E+43  1.2759E+40  1.3951E+44
  4.4670E+00  2.0623E+44  7.8254E+43  9.1227E+39  1.2796E+44
  4.7320E+00  1.8763E+44  7.0258E+43  6.5131E+39  1.1737E+44
  5.0120E+00  1.7093E+44  6.3012E+43  4.6537E+39  1.0791E+44
  5.3090E+00  1.5245E+44  5.6428E+43  3.2516E+39  9.6024E+43
  5.6230E+00  1.3534E+44  5.0537E+43  2.2573E+39  8.4805E+43
  5.9570E+00  1.1965E+44  4.5331E+43  1.5577E+39  7.4316E+43
  6.3100E+00  1.0508E+44  4.0371E+43  1.0658E+39  6.4710E+43
  6.6830E+00  9.2404E+43  3.6390E+43  7.2727E+38  5.6014E+43
  7.0790E+00  8.0734E+43  3.2544E+43  4.9029E+38  4.8190E+43
  7.4990E+00  7.1955E+43  3.0726E+43  3.3326E+38  4.1229E+43
  7.9430E+00  7.2016E+43  3.6906E+43  2.5368E+38  3.5109E+43
  8.4140E+00  8.1262E+43  5.1510E+43  2.3050E+38  2.9752E+43
  8.9130E+00  8.9197E+43  6.4093E+43  2.1780E+38  2.5104E+43
  9.4410E+00  9.4840E+43  7.3739E+43  2.2124E+38  2.1101E+43
  1.0000E+01  7.9166E+43  6.1495E+43  1.5686E+38  1.7671E+43
  1.0590E+01  6.2691E+43  4.7933E+43  1.0250E+38  1.4758E+43
  1.1220E+01  4.7453E+43  3.5186E+43  5.9842E+37  1.2267E+43
  1.1890E+01  3.6308E+43  2.6149E+43  3.5454E+37  1.0159E+43
  1.2590E+01  2.7825E+43  1.9413E+43  2.0637E+37  8.4119E+42
  1.3340E+01  2.1548E+43  1.4616E+43  1.1982E+37  6.9319E+42
  1.4130E+01  1.7497E+43  1.1792E+43  7.1605E+36  5.7050E+42
  1.4960E+01  1.5902E+43  1.1210E+43  4.8858E+36  4.6919E+42
  1.5850E+01  1.4926E+43  1.1084E+43  3.5765E+36  3.8414E+42
  1.6790E+01  1.4107E+43  1.0966E+43  2.7378E+36  3.1409E+42
  1.7780E+01  1.3001E+43  1.0435E+43  2.1090E+36  2.5663E+42
  1.8840E+01  1.1353E+43  9.2640E+42  1.5496E+36  2.0888E+42
  1.9950E+01  9.3846E+42  7.6833E+42  1.0517E+36  1.7013E+42
  2.1130E+01  7.6502E+42  6.2675E+42  6.8347E+35  1.3827E+42
  2.2390E+01  6.2617E+42  5.1414E+42  4.4426E+35  1.1203E+42
  2.3710E+01  5.1459E+42  4.2372E+42  2.8865E+35  9.0864E+41
  2.5120E+01  4.2277E+42  3.4929E+42  1.8793E+35  7.3479E+41
  2.6610E+01  3.4666E+42  2.8728E+42  1.2188E+35  5.9383E+41
  2.8180E+01  2.8377E+42  2.3577E+42  7.9157E+34  4.7994E+41
  2.9850E+01  2.3103E+42  1.9231E+42  5.1288E+34  3.8717E+41
  3.1620E+01  1.8673E+42  1.5553E+42  3.3033E+34  3.1199E+41
  3.3500E+01  1.4968E+42  1.2457E+42  2.1145E+34  2.5106E+41
  3.5480E+01  1.1912E+42  9.8907E+41  1.3469E+34  2.0210E+41
  3.7580E+01  9.3880E+41  7.7627E+41  8.5114E+33  1.6253E+41
  3.9810E+01  7.3140E+41  6.0086E+41  5.3293E+33  1.3054E+41
  4.2170E+01  5.6470E+41  4.5991E+41  3.3102E+33  1.0479E+41
  4.4670E+01  4.3250E+41  3.4843E+41  2.0393E+33  8.4074E+40
  4.7320E+01  3.2904E+41  2.6164E+41  1.2483E+33  6.7400E+40
  5.0120E+01  2.4907E+41  1.9504E+41  7.6046E+32  5.4034E+40
  5.3090E+01  1.8764E+41  1.4436E+41  4.6129E+32  4.3282E+40
  5.6230E+01  1.4095E+41  1.0629E+41  2.7909E+32  3.4667E+40
  5.9570E+01  1.0551E+41  7.7785E+40  1.6834E+32  2.7728E+40
  6.3100E+01  7.8905E+40  5.6724E+40  1.0149E+32  2.2180E+40
  6.6830E+01  5.8985E+40  4.1240E+40  6.1192E+31  1.7744E+40
  7.0790E+01  4.4076E+40  2.9893E+40  3.6895E+31  1.4183E+40
  7.4990E+01  3.2937E+40  2.1607E+40  2.2258E+31  1.1329E+40
  7.9430E+01  2.4645E+40  1.5594E+40  1.3452E+31  9.0505E+39
  8.4140E+01  1.8461E+40  1.1235E+40  8.1389E+30  7.2256E+39
  8.9130E+01  1.3855E+40  8.0886E+39  4.9350E+30  5.7665E+39
  9.4410E+01  1.0421E+40  5.8191E+39  2.9991E+30  4.6021E+39
  1.0000E+02  7.8554E+39  4.1832E+39  1.8265E+30  3.6722E+39
  1.0590E+02  5.9408E+39  3.0091E+39  1.1159E+30  2.9317E+39
  1.1220E+02  4.4992E+39  2.1634E+39  6.8215E+29  2.3358E+39
  1.1890E+02  3.4173E+39  1.5583E+39  4.1789E+29  1.8590E+39
  1.2590E+02  2.6142E+39  1.1304E+39  2.5762E+29  1.4838E+39
  1.3340E+02  2.0036E+39  8.2247E+38  1.5916E+29  1.1811E+39
  1.4130E+02  1.5364E+39  5.9526E+38  9.8804E+28  9.4117E+38
  1.4960E+02  1.1748E+39  4.2362E+38  6.1211E+28  7.5121E+38
  1.5850E+02  8.9724E+38  2.9943E+38  3.7755E+28  5.9781E+38
  1.7780E+02  5.3054E+38  1.5112E+38  1.4484E+28  3.7942E+38
  1.9950E+02  3.1705E+38  7.6612E+37  5.5940E+27  2.4043E+38
  2.2390E+02  1.9103E+38  3.8870E+37  2.1722E+27  1.5216E+38
  2.5120E+02  1.1612E+38  1.9747E+37  8.4850E+26  9.6376E+37
  2.8180E+02  7.1074E+37  1.0031E+37  3.3288E+26  6.1043E+37
  3.1620E+02  4.3705E+37  5.0880E+36  1.3089E+26  3.8617E+37
  3.5480E+02  2.7001E+37  2.5796E+36  5.1582E+25  2.4421E+37
  3.9810E+02  1.6749E+37  1.3071E+36  2.0378E+25  1.5442E+37
  4.4670E+02  1.0422E+37  6.6178E+35  8.0624E+24  9.7603E+36
  5.0120E+02  6.5044E+36  3.3494E+35  3.1950E+24  6.1695E+36
  5.6230E+02  4.0698E+36  1.6949E+35  1.2676E+24  3.9003E+36
  6.3100E+02  2.5486E+36  8.5639E+34  5.0297E+23  2.4629E+36
  7.0790E+02  1.6001E+36  4.3295E+34  1.9993E+23  1.5568E+36
  7.9430E+02  1.0051E+36  2.1860E+34  7.9456E+22  9.8325E+35
  8.9130E+02  6.3180E+35  1.1028E+34  3.1582E+22  6.2077E+35
  1.0000E+03  3.9770E+35  5.5637E+33  1.2567E+22  3.9214E+35
