  1.0000E-03  8.9315E+44  0.0000E+00  1.6529E+43  8.7662E+44
  1.1220E-03  1.0020E+45  0.0000E+00  1.8423E+43  9.8357E+44
  1.2590E-03  1.1233E+45  0.0000E+00  1.9624E+43  1.1037E+45
  1.4130E-03  1.2588E+45  0.0000E+00  2.0153E+43  1.2387E+45
  1.5850E-03  1.4100E+45  0.0000E+00  2.0577E+43  1.3894E+45
  1.7780E-03  1.5833E+45  0.0000E+00  2.4650E+43  1.5586E+45
  1.9950E-03  1.7739E+45  0.0000E+00  2.5094E+43  1.7488E+45
  2.2390E-03  1.9865E+45  0.0000E+00  2.3790E+43  1.9627E+45
  2.5120E-03  2.2317E+45  0.0000E+00  2.9741E+43  2.2020E+45
  2.8180E-03  2.4999E+45  0.0000E+00  2.9647E+43  2.4702E+45
  3.1620E-03  2.8008E+45  0.0000E+00  2.8980E+43  2.7718E+45
  3.5480E-03  3.1384E+45  0.0000E+00  2.8134E+43  3.1103E+45
  3.9810E-03  3.5171E+45  0.0000E+00  2.7254E+43  3.4898E+45
  4.4670E-03  3.9966E+45  0.0000E+00  8.0722E+43  3.9158E+45
  5.0120E-03  4.4746E+45  0.0000E+00  8.1010E+43  4.3936E+45
  5.6230E-03  5.0091E+45  0.0000E+00  7.9848E+43  4.9292E+45
  5.9570E-03  5.3011E+45  0.0000E+00  7.9065E+43  5.2220E+45
  6.6830E-03  5.9364E+45  0.0000E+00  7.7900E+43  5.8585E+45
  7.4990E-03  6.6519E+45  0.0000E+00  7.8049E+43  6.5738E+45
  8.4140E-03  7.4536E+45  0.0000E+00  7.7755E+43  7.3758E+45
  9.4410E-03  8.3536E+45  0.0000E+00  7.7497E+43  8.2761E+45
  1.0590E-02  9.3595E+45  0.0000E+00  7.6241E+43  9.2833E+45
  1.1890E-02  1.0503E+46  0.0000E+00  8.0211E+43  1.0423E+46
  1.3340E-02  1.1775E+46  0.0000E+00  8.0802E+43  1.1694E+46
  1.4960E-02  1.3196E+46  0.0000E+00  8.2194E+43  1.3114E+46
  1.6790E-02  1.4802E+46  0.0000E+00  8.3159E+43  1.4718E+46
  1.8840E-02  1.6599E+46  0.0000E+00  8.3948E+43  1.6515E+46
  2.1130E-02  1.8610E+46  0.0000E+00  8.6301E+43  1.8524E+46
  2.3710E-02  2.0873E+46  0.0000E+00  8.8274E+43  2.0785E+46
  2.6610E-02  2.3416E+46  0.0000E+00  9.0042E+43  2.3326E+46
  2.9850E-02  2.6258E+46  8.7769E-83  9.1727E+43  2.6166E+46
  3.3500E-02  2.9460E+46  5.5043E-68  9.3324E+43  2.9367E+46
  3.7580E-02  3.3043E+46  6.8945E-55  1.0030E+44  3.2942E+46
  4.2170E-02  3.7083E+46  2.9492E-43  1.1593E+44  3.6967E+46
  4.7320E-02  4.1596E+46  7.5198E-33  1.1432E+44  4.1482E+46
  5.3090E-02  4.3318E+46  1.3106E-23  1.0567E+44  4.3212E+46
  6.6830E-02  4.1354E+46  4.3578E-08  8.5937E+43  4.1268E+46
  7.4990E-02  4.0412E+46  1.3720E-01  8.3858E+43  4.0328E+46
  8.4140E-02  3.9490E+46  7.1344E+04  7.9726E+43  3.9410E+46
  9.4410E-02  3.8590E+46  8.4795E+09  7.7724E+43  3.8513E+46
  1.0590E-01  3.5130E+46  2.4077E+14  7.4694E+43  3.5055E+46
  1.1890E-01  2.9535E+46  1.9780E+18  6.7536E+43  2.9467E+46
  1.3340E-01  2.4864E+46  4.5172E+21  6.8188E+43  2.4795E+46
  1.4960E-01  2.0943E+46  5.5405E+24  6.4812E+43  2.0878E+46
  1.5850E-01  1.9205E+46  1.6476E+26  5.9948E+43  1.9145E+46
  1.7780E-01  1.6158E+46  8.1038E+28  4.4156E+43  1.6114E+46
  1.9950E-01  1.3582E+46  2.1010E+31  2.4349E+43  1.3558E+46
  2.2390E-01  1.1423E+46  2.3595E+33  1.9928E+43  1.1403E+46
  2.3710E-01  1.0486E+46  1.6513E+34  2.1908E+43  1.0464E+46
  2.5120E-01  9.6197E+45  1.0102E+35  2.3909E+43  9.5958E+45
  2.6610E-01  8.8260E+45  5.6844E+35  2.4814E+43  8.8012E+45
  2.8180E-01  8.1009E+45  2.8969E+36  2.4830E+43  8.0761E+45
  2.9850E-01  7.4324E+45  1.3362E+37  2.4519E+43  7.4079E+45
  3.1620E-01  6.8189E+45  5.5239E+37  2.4271E+43  6.7947E+45
  3.3500E-01  6.2548E+45  2.0800E+38  2.3965E+43  6.2308E+45
  3.5480E-01  5.7400E+45  7.1503E+38  2.3511E+43  5.7165E+45
  3.7580E-01  5.2671E+45  2.2711E+39  2.2982E+43  5.2442E+45
  3.9810E-01  4.8322E+45  6.6343E+39  2.2472E+43  4.8097E+45
  4.2170E-01  4.4337E+45  1.7833E+40  2.2026E+43  4.4116E+45
  4.4670E-01  4.0683E+45  4.4421E+40  2.1670E+43  4.0466E+45
  4.7320E-01  3.7329E+45  1.0399E+41  2.1275E+43  3.7115E+45
  5.0120E-01  3.4258E+45  2.2934E+41  2.0813E+43  3.4048E+45
  5.3090E-01  3.1440E+45  4.7930E+41  2.0298E+43  3.1232E+45
  5.6230E-01  2.8858E+45  9.4652E+41  1.9773E+43  2.8651E+45
  5.9570E-01  2.6486E+45  1.7787E+42  1.9220E+43  2.6276E+45
  6.3100E-01  2.4322E+45  3.1802E+42  1.8658E+43  2.4103E+45
  6.6830E-01  2.2349E+45  5.4164E+42  1.8067E+43  2.2114E+45
  7.0790E-01  2.0548E+45  8.8260E+42  1.7516E+43  2.0284E+45
  7.4990E-01  1.8912E+45  1.3772E+43  1.6976E+43  1.8605E+45
  7.9430E-01  1.7437E+45  2.0621E+43  1.6456E+43  1.7066E+45
  8.4140E-01  1.6110E+45  2.9739E+43  1.5945E+43  1.5653E+45
  8.9130E-01  1.4927E+45  4.1475E+43  1.5461E+43  1.4357E+45
  9.4410E-01  1.3878E+45  5.5865E+43  1.4969E+43  1.3170E+45
  1.0000E+00  1.2953E+45  7.2759E+43  1.4439E+43  1.2081E+45
  1.0590E+00  1.2144E+45  9.1871E+43  1.3904E+43  1.1086E+45
  1.1220E+00  1.1431E+45  1.1321E+44  1.3347E+43  1.0165E+45
  1.1890E+00  1.0810E+45  1.3639E+44  1.2745E+43  9.3183E+44
  1.2590E+00  1.0276E+45  1.6033E+44  1.2083E+43  8.5520E+44
  1.3340E+00  9.8002E+44  1.8455E+44  1.1362E+43  7.8411E+44
  1.4130E+00  9.3724E+44  2.0736E+44  1.0606E+43  7.1927E+44
  1.4960E+00  8.9839E+44  2.2831E+44  9.8164E+42  6.6026E+44
  1.5850E+00  8.6221E+44  2.4779E+44  8.9873E+42  6.0543E+44
  1.6790E+00  8.2796E+44  2.6453E+44  8.1242E+42  5.5530E+44
  1.7780E+00  7.9467E+44  2.7787E+44  7.2312E+42  5.0957E+44
  1.8840E+00  7.6184E+44  2.8832E+44  6.3256E+42  4.6719E+44
  1.9950E+00  7.2944E+44  2.9526E+44  5.4363E+42  4.2875E+44
  2.1130E+00  6.9698E+44  2.9906E+44  4.5899E+42  3.9333E+44
  2.2390E+00  6.6403E+44  2.9962E+44  3.8098E+42  3.6061E+44
  2.3710E+00  6.3104E+44  2.9701E+44  3.1144E+42  3.3092E+44
  2.5120E+00  5.9798E+44  2.9202E+44  2.5130E+42  3.0344E+44
  2.6610E+00  5.6501E+44  2.8468E+44  2.0048E+42  2.7832E+44
  2.8180E+00  5.3213E+44  2.7516E+44  1.5832E+42  2.5538E+44
  2.9850E+00  4.9966E+44  2.6416E+44  1.2394E+42  2.3426E+44
  3.1620E+00  4.6764E+44  2.5181E+44  9.6277E+41  2.1487E+44
  3.3500E+00  4.3705E+44  2.3926E+44  7.4334E+41  1.9704E+44
  3.5480E+00  4.0707E+44  2.2572E+44  5.7031E+41  1.8078E+44
  3.7580E+00  3.7835E+44  2.1208E+44  4.3507E+41  1.6583E+44
  3.9810E+00  3.5092E+44  1.9849E+44  3.3017E+41  1.5210E+44
  4.2170E+00  3.2486E+44  1.8510E+44  2.4937E+41  1.3951E+44
  4.4670E+00  3.0022E+44  1.7207E+44  1.8748E+41  1.2796E+44
  4.7320E+00  2.7718E+44  1.5967E+44  1.4028E+41  1.1737E+44
  5.0120E+00  2.5601E+44  1.4799E+44  1.0464E+41  1.0791E+44
  5.3090E+00  2.3311E+44  1.3701E+44  7.6693E+40  9.6024E+43
  5.6230E+00  2.1170E+44  1.2684E+44  5.5809E+40  8.4805E+43
  5.9570E+00  1.9191E+44  1.1755E+44  4.0350E+40  7.4316E+43
  6.3100E+00  1.7311E+44  1.0838E+44  2.8920E+40  6.4710E+43
  6.6830E+00  1.5689E+44  1.0085E+44  2.0696E+40  5.6014E+43
  7.0790E+00  1.4159E+44  9.3385E+43  1.4636E+40  4.8190E+43
  7.4990E+00  1.3019E+44  8.8946E+43  1.0244E+40  4.1229E+43
  7.9430E+00  1.3095E+44  9.5836E+43  7.3184E+39  3.5109E+43
  8.4140E+00  1.4250E+44  1.1274E+44  5.6890E+39  2.9752E+43
  8.9130E+00  1.4986E+44  1.2475E+44  4.7123E+39  2.5104E+43
  9.4410E+00  1.5273E+44  1.3162E+44  4.3119E+39  2.1101E+43
  1.0000E+01  1.3246E+44  1.1479E+44  3.3508E+39  1.7671E+43
  1.0590E+01  1.1170E+44  9.6943E+43  2.5096E+39  1.4758E+43
  1.1220E+01  9.2613E+43  8.0344E+43  1.7477E+39  1.2267E+43
  1.1890E+01  7.7901E+43  6.7741E+43  1.2201E+39  1.0159E+43
  1.2590E+01  6.6772E+43  5.8359E+43  8.4354E+38  8.4119E+42
  1.3340E+01  5.8368E+43  5.1435E+43  5.7795E+38  6.9319E+42
  1.4130E+01  5.2920E+43  4.7215E+43  3.9350E+38  5.7050E+42
  1.4960E+01  5.1041E+43  4.6348E+43  2.8110E+38  4.6919E+42
  1.5850E+01  5.0334E+43  4.6492E+43  2.1174E+38  3.8414E+42
  1.6790E+01  5.0131E+43  4.6990E+43  1.6719E+38  3.1409E+42
  1.7780E+01  4.9728E+43  4.7161E+43  1.3669E+38  2.5663E+42
  1.8840E+01  4.8600E+43  4.6511E+43  1.1230E+38  2.0888E+42
  1.9950E+01  4.6764E+43  4.5062E+43  8.9730E+37  1.7013E+42
  2.1130E+01  4.4975E+43  4.3593E+43  6.9603E+37  1.3827E+42
  2.2390E+01  4.3396E+43  4.2276E+43  5.3790E+37  1.1203E+42
  2.3710E+01  4.1863E+43  4.0955E+43  4.1306E+37  9.0864E+41
  2.5120E+01  4.0174E+43  3.9439E+43  3.1578E+37  7.3479E+41
  2.6610E+01  3.8238E+43  3.7644E+43  2.3877E+37  5.9383E+41
  2.8180E+01  3.6015E+43  3.5535E+43  1.7904E+37  4.7994E+41
  2.9850E+01  3.3463E+43  3.3075E+43  1.3271E+37  3.8717E+41
  3.1620E+01  3.0611E+43  3.0299E+43  9.6882E+36  3.1199E+41
  3.3500E+01  2.7534E+43  2.7283E+43  6.9617E+36  2.5106E+41
  3.5480E+01  2.4356E+43  2.4154E+43  4.9247E+36  2.0210E+41
  3.7580E+01  2.1172E+43  2.1010E+43  3.4263E+36  1.6253E+41
  3.9810E+01  1.8072E+43  1.7941E+43  2.3445E+36  1.3054E+41
  4.2170E+01  1.5175E+43  1.5070E+43  1.5784E+36  1.0479E+41
  4.4670E+01  1.2551E+43  1.2466E+43  1.0452E+36  8.4074E+40
  4.7320E+01  1.0238E+43  1.0170E+43  6.8201E+35  6.7400E+40
  5.0120E+01  8.2485E+42  8.1945E+42  4.3913E+35  5.4034E+40
  5.3090E+01  6.5670E+42  6.5237E+42  2.7916E+35  4.3282E+40
  5.6230E+01  5.1762E+42  5.1415E+42  1.7552E+35  3.4667E+40
  5.9570E+01  4.0384E+42  4.0107E+42  1.0914E+35  2.7728E+40
  6.3100E+01  3.1259E+42  3.1037E+42  6.7276E+34  2.2180E+40
  6.6830E+01  2.4024E+42  2.3847E+42  4.1153E+34  1.7744E+40
  7.0790E+01  1.8341E+42  1.8199E+42  2.4989E+34  1.4183E+40
  7.4990E+01  1.3915E+42  1.3802E+42  1.5074E+34  1.1329E+40
  7.9430E+01  1.0506E+42  1.0416E+42  9.0465E+33  9.0505E+39
  8.4140E+01  7.8946E+41  7.8223E+41  5.4004E+33  7.2256E+39
  8.9130E+01  5.9114E+41  5.8538E+41  3.2121E+33  5.7665E+39
  9.4410E+01  4.4119E+41  4.3659E+41  1.9039E+33  4.6021E+39
  1.0000E+02  3.2824E+41  3.2457E+41  1.1248E+33  3.6722E+39
  1.0590E+02  2.4381E+41  2.4087E+41  6.6350E+32  2.9317E+39
  1.1220E+02  1.8068E+41  1.7835E+41  3.9031E+32  2.3358E+39
  1.1890E+02  1.3394E+41  1.3208E+41  2.2968E+32  1.8590E+39
  1.2590E+02  9.9835E+40  9.8351E+40  1.3594E+32  1.4838E+39
  1.3340E+02  7.4596E+40  7.3415E+40  8.0775E+31  1.1811E+39
  1.4130E+02  5.5297E+40  5.4356E+40  4.7786E+31  9.4117E+38
  1.4960E+02  4.0151E+40  3.9400E+40  2.7662E+31  7.5121E+38
  1.5850E+02  2.8934E+40  2.8336E+40  1.5851E+31  5.9781E+38
  1.7780E+02  1.5162E+40  1.4783E+40  5.2470E+30  3.7942E+38
  1.9950E+02  7.9626E+39  7.7222E+39  1.7424E+30  2.4043E+38
  2.2390E+02  4.1752E+39  4.0231E+39  5.7875E+29  1.5216E+38
  2.5120E+02  2.1882E+39  2.0918E+39  1.9244E+29  9.6376E+37
  2.8180E+02  1.1454E+39  1.0844E+39  6.4036E+28  6.1043E+37
  3.1620E+02  5.9860E+38  5.5998E+38  2.1318E+28  3.8617E+37
  3.5480E+02  3.1285E+38  2.8843E+38  7.1119E+27  2.4421E+37
  3.9810E+02  1.6363E+38  1.4819E+38  2.3812E+27  1.5442E+37
  4.4670E+02  8.5716E+37  7.5956E+37  8.0084E+26  9.7603E+36
  5.0120E+02  4.5032E+37  3.8862E+37  2.7097E+26  6.1695E+36
  5.6230E+02  2.3756E+37  1.9856E+37  9.2343E+25  3.9003E+36
  6.3100E+02  1.2582E+37  1.0119E+37  3.1707E+25  2.4629E+36
  7.0790E+02  6.7112E+36  5.1544E+36  1.1001E+25  1.5568E+36
  7.9430E+02  3.6034E+36  2.6201E+36  3.8532E+24  9.8325E+35
  8.9130E+02  1.9506E+36  1.3298E+36  1.3641E+24  6.2077E+35
  1.0000E+03  1.0666E+36  6.7448E+35  4.8877E+23  3.9214E+35
