  1.0000E-03  1.0306E+45  0.0000E+00  1.5393E+44  8.7662E+44
  1.1220E-03  1.1656E+45  0.0000E+00  1.8203E+44  9.8357E+44
  1.2590E-03  1.3073E+45  0.0000E+00  2.0366E+44  1.1037E+45
  1.4130E-03  1.4566E+45  0.0000E+00  2.1795E+44  1.2387E+45
  1.5850E-03  1.6209E+45  0.0000E+00  2.3146E+44  1.3894E+45
  1.7780E-03  1.8501E+45  0.0000E+00  2.9150E+44  1.5586E+45
  1.9950E-03  2.0548E+45  0.0000E+00  3.0598E+44  1.7488E+45
  2.2390E-03  2.2608E+45  0.0000E+00  2.9808E+44  1.9627E+45
  2.5120E-03  2.5907E+45  0.0000E+00  3.8873E+44  2.2020E+45
  2.8180E-03  2.8517E+45  0.0000E+00  3.8148E+44  2.4702E+45
  3.1620E-03  3.1347E+45  0.0000E+00  3.6281E+44  2.7718E+45
  3.5480E-03  3.4497E+45  0.0000E+00  3.3939E+44  3.1103E+45
  3.9810E-03  3.8039E+45  0.0000E+00  3.1408E+44  3.4898E+45
  4.4670E-03  4.7077E+45  0.0000E+00  7.9184E+44  3.9158E+45
  5.0120E-03  5.2792E+45  0.0000E+00  8.8559E+44  4.3936E+45
  5.6230E-03  5.8866E+45  0.0000E+00  9.5740E+44  4.9292E+45
  5.9570E-03  6.2093E+45  0.0000E+00  9.8729E+44  5.2220E+45
  6.6830E-03  6.9001E+45  0.0000E+00  1.0416E+45  5.8585E+45
  7.4990E-03  7.6853E+45  0.0000E+00  1.1115E+45  6.5738E+45
  8.4140E-03  8.5324E+45  0.0000E+00  1.1566E+45  7.3758E+45
  9.4410E-03  9.4778E+45  0.0000E+00  1.2017E+45  8.2761E+45
  1.0590E-02  1.0531E+46  0.0000E+00  1.2474E+45  9.2833E+45
  1.1890E-02  1.1752E+46  0.0000E+00  1.3293E+45  1.0423E+46
  1.3340E-02  1.3071E+46  0.0000E+00  1.3774E+45  1.1694E+46
  1.4960E-02  1.4541E+46  0.0000E+00  1.4270E+45  1.3114E+46
  1.6790E-02  1.6194E+46  0.0000E+00  1.4750E+45  1.4718E+46
  1.8840E-02  1.8041E+46  0.0000E+00  1.5258E+45  1.6515E+46
  2.1130E-02  2.0115E+46  0.0000E+00  1.5915E+45  1.8524E+46
  2.3710E-02  2.2438E+46  0.0000E+00  1.6537E+45  2.0785E+46
  2.6610E-02  2.5039E+46  0.0000E+00  1.7129E+45  2.3326E+46
  2.9850E-02  2.7937E+46  2.1014E-82  1.7711E+45  2.6166E+46
  3.3500E-02  3.1187E+46  1.3102E-67  1.8209E+45  2.9367E+46
  3.7580E-02  3.4869E+46  1.6364E-54  1.9270E+45  3.2942E+46
  4.2170E-02  3.9350E+46  6.9468E-43  2.3833E+45  3.6967E+46
  4.7320E-02  4.3909E+46  1.7508E-32  2.4277E+45  4.1482E+46
  5.3090E-02  4.5440E+46  3.0120E-23  2.2273E+45  4.3212E+46
  6.6830E-02  4.2727E+46  9.6604E-08  1.4589E+45  4.1268E+46
  7.4990E-02  4.1453E+46  2.9243E-01  1.1243E+45  4.0328E+46
  8.4140E-02  4.0554E+46  1.4966E+05  1.1441E+45  3.9410E+46
  9.4410E-02  3.9696E+46  1.7322E+10  1.1835E+45  3.8513E+46
  1.0590E-01  3.6439E+46  4.7714E+14  1.3832E+45  3.5055E+46
  1.1890E-01  3.0847E+46  3.9974E+18  1.3792E+45  2.9467E+46
  1.3340E-01  2.6125E+46  9.7202E+21  1.3295E+45  2.4795E+46
  1.4960E-01  2.1889E+46  1.2415E+25  1.0103E+45  2.0878E+46
  1.5850E-01  1.9985E+46  3.6935E+26  8.4004E+44  1.9145E+46
  1.7780E-01  1.6750E+46  1.7575E+29  6.3569E+44  1.6114E+46
  1.9950E-01  1.3965E+46  4.2228E+31  4.0658E+44  1.3558E+46
  2.2390E-01  1.1742E+46  4.4288E+33  3.3907E+44  1.1403E+46
  2.3710E-01  1.0869E+46  3.1303E+34  4.0486E+44  1.0464E+46
  2.5120E-01  1.0048E+46  1.9583E+35  4.5204E+44  9.5958E+45
  2.6610E-01  9.2590E+45  1.1235E+36  4.5781E+44  8.8012E+45
  2.8180E-01  8.5190E+45  5.8117E+36  4.4294E+44  8.0761E+45
  2.9850E-01  7.8320E+45  2.7154E+37  4.2416E+44  7.4079E+45
  3.1620E-01  7.2041E+45  1.1355E+38  4.0941E+44  6.7947E+45
  3.3500E-01  6.6261E+45  4.3173E+38  3.9531E+44  6.2308E+45
  3.5480E-01  6.0972E+45  1.4947E+39  3.8073E+44  5.7165E+45
  3.7580E-01  5.6114E+45  4.7713E+39  3.6727E+44  5.2442E+45
  3.9810E-01  5.1649E+45  1.4003E+40  3.5519E+44  4.8097E+45
  4.2170E-01  4.7579E+45  3.7774E+40  3.4623E+44  4.4116E+45
  4.4670E-01  4.3861E+45  9.4393E+40  3.3939E+44  4.0466E+45
  4.7320E-01  4.0445E+45  2.2155E+41  3.3282E+44  3.7115E+45
  5.0120E-01  3.7311E+45  4.8983E+41  3.2586E+44  3.4048E+45
  5.3090E-01  3.4434E+45  1.0263E+42  3.1923E+44  3.1232E+45
  5.6230E-01  3.1797E+45  2.0336E+42  3.1249E+44  2.8651E+45
  5.9570E-01  2.9371E+45  3.8384E+42  3.0565E+44  2.6276E+45
  6.3100E-01  2.7161E+45  6.8991E+42  2.9891E+44  2.4103E+45
  6.6830E-01  2.5153E+45  1.1825E+43  2.9209E+44  2.2114E+45
  7.0790E-01  2.3336E+45  1.9419E+43  2.8573E+44  2.0284E+45
  7.4990E-01  2.1702E+45  3.0581E+43  2.7917E+44  1.8605E+45
  7.9430E-01  2.0255E+45  4.6273E+43  2.7259E+44  1.7066E+45
  8.4140E-01  1.8992E+45  6.7520E+43  2.6640E+44  1.5653E+45
  8.9130E-01  1.7917E+45  9.5370E+43  2.6060E+44  1.4357E+45
  9.4410E-01  1.7023E+45  1.3024E+44  2.5504E+44  1.3170E+45
  1.0000E+00  1.6295E+45  1.7216E+44  2.4920E+44  1.2081E+45
  1.0590E+00  1.5726E+45  2.2081E+44  2.4318E+44  1.1086E+45
  1.1220E+00  1.5295E+45  2.7657E+44  2.3639E+44  1.0165E+45
  1.1890E+00  1.4988E+45  3.3873E+44  2.2821E+44  9.3183E+44
  1.2590E+00  1.4775E+45  4.0456E+44  2.1771E+44  8.5520E+44
  1.3340E+00  1.4630E+45  4.7310E+44  2.0577E+44  7.8411E+44
  1.4130E+00  1.4518E+45  5.3971E+44  1.9284E+44  7.1927E+44
  1.4960E+00  1.4416E+45  6.0257E+44  1.7877E+44  6.6026E+44
  1.5850E+00  1.4312E+45  6.6223E+44  1.6353E+44  6.0543E+44
  1.6790E+00  1.4166E+45  7.1432E+44  1.4696E+44  5.5530E+44
  1.7780E+00  1.3950E+45  7.5612E+44  1.2928E+44  5.0957E+44
  1.8840E+00  1.3668E+45  7.8839E+44  1.1126E+44  4.6719E+44
  1.9950E+00  1.3309E+45  8.0855E+44  9.3566E+43  4.2875E+44
  2.1130E+00  1.2876E+45  8.1732E+44  7.6971E+43  3.9333E+44
  2.2390E+00  1.2368E+45  8.1421E+44  6.1982E+43  3.6061E+44
  2.3710E+00  1.1794E+45  7.9955E+44  4.8940E+43  3.3092E+44
  2.5120E+00  1.1172E+45  7.7571E+44  3.8008E+43  3.0344E+44
  2.6610E+00  1.0507E+45  7.4335E+44  2.9074E+43  2.7832E+44
  2.8180E+00  9.8094E+44  7.0363E+44  2.1930E+43  2.5538E+44
  2.9850E+00  9.0963E+44  6.5902E+44  1.6345E+43  2.3426E+44
  3.1620E+00  8.3755E+44  6.1064E+44  1.2048E+43  2.1487E+44
  3.3500E+00  7.6796E+44  5.6211E+44  8.8143E+42  1.9704E+44
  3.5480E+00  6.9922E+44  5.1205E+44  6.3885E+42  1.8078E+44
  3.7580E+00  6.3354E+44  4.6311E+44  4.5969E+42  1.6583E+44
  3.9810E+00  5.7133E+44  4.1594E+44  3.2861E+42  1.5210E+44
  4.2170E+00  5.1297E+44  3.7112E+44  2.3353E+42  1.3951E+44
  4.4670E+00  4.5876E+44  3.2914E+44  1.6507E+42  1.2796E+44
  4.7320E+00  4.0916E+44  2.9063E+44  1.1613E+42  1.1737E+44
  5.0120E+00  3.6451E+44  2.5579E+44  8.1478E+41  1.0791E+44
  5.3090E+00  3.2098E+44  2.2439E+44  5.6416E+41  9.6024E+43
  5.6230E+00  2.8179E+44  1.9660E+44  3.8851E+41  8.4805E+43
  5.9570E+00  2.4690E+44  1.7231E+44  2.6636E+41  7.4316E+43
  6.3100E+00  2.1491E+44  1.5002E+44  1.8095E+41  6.4710E+43
  6.6830E+00  1.8803E+44  1.3189E+44  1.2304E+41  5.6014E+43
  7.0790E+00  1.6349E+44  1.1521E+44  8.2603E+40  4.8190E+43
  7.4990E+00  1.4744E+44  1.0615E+44  5.6792E+40  4.1229E+43
  7.9430E+00  1.5786E+44  1.2270E+44  4.6250E+40  3.5109E+43
  8.4140E+00  1.9147E+44  1.6167E+44  4.5003E+40  2.9752E+43
  8.9130E+00  2.1492E+44  1.8977E+44  4.3118E+40  2.5104E+43
  9.4410E+00  2.2759E+44  2.0644E+44  4.3166E+40  2.1101E+43
  1.0000E+01  1.8657E+44  1.6887E+44  3.0596E+40  1.7671E+43
  1.0590E+01  1.4524E+44  1.3046E+44  2.0051E+40  1.4758E+43
  1.1220E+01  1.0829E+44  9.6011E+43  1.1719E+40  1.2267E+43
  1.1890E+01  8.1988E+43  7.1821E+43  6.9223E+39  1.0159E+43
  1.2590E+01  6.2715E+43  5.4300E+43  4.0207E+39  8.4119E+42
  1.3340E+01  4.8979E+43  4.2045E+43  2.3359E+39  6.9319E+42
  1.4130E+01  4.0545E+43  3.4839E+43  1.4073E+39  5.7050E+42
  1.4960E+01  3.7675E+43  3.2982E+43  9.7897E+38  4.6919E+42
  1.5850E+01  3.6129E+43  3.2286E+43  7.3208E+38  3.8414E+42
  1.6790E+01  3.4893E+43  3.1751E+43  5.7227E+38  3.1409E+42
  1.7780E+01  3.3069E+43  3.0502E+43  4.5128E+38  2.5663E+42
  1.8840E+01  3.0148E+43  2.8059E+43  3.4245E+38  2.0888E+42
  1.9950E+01  2.6537E+43  2.4835E+43  2.4295E+38  1.7013E+42
  2.1130E+01  2.3360E+43  2.1977E+43  1.6650E+38  1.3827E+42
  2.2390E+01  2.0827E+43  1.9706E+43  1.1486E+38  1.1203E+42
  2.3710E+01  1.8756E+43  1.7848E+43  7.9590E+37  9.0864E+41
  2.5120E+01  1.6955E+43  1.6220E+43  5.5465E+37  7.3479E+41
  2.6610E+01  1.5326E+43  1.4733E+43  3.8583E+37  5.9383E+41
  2.8180E+01  1.3812E+43  1.3332E+43  2.6869E+37  4.7994E+41
  2.9850E+01  1.2348E+43  1.1960E+43  1.8638E+37  3.8717E+41
  3.1620E+01  1.0916E+43  1.0604E+43  1.2814E+37  3.1199E+41
  3.3500E+01  9.5193E+42  9.2682E+42  8.7173E+36  2.5106E+41
  3.5480E+01  8.1848E+42  7.9827E+42  5.8668E+36  2.0210E+41
  3.7580E+01  6.9279E+42  6.7653E+42  3.8961E+36  1.6253E+41
  3.9810E+01  5.7661E+42  5.6355E+42  2.5507E+36  1.3054E+41
  4.2170E+01  4.7287E+42  4.6239E+42  1.6474E+36  1.0479E+41
  4.4670E+01  3.8255E+42  3.7414E+42  1.0496E+36  8.4074E+40
  4.7320E+01  3.0575E+42  2.9901E+42  6.6080E+35  6.7400E+40
  5.0120E+01  2.4178E+42  2.3638E+42  4.1175E+35  5.4034E+40
  5.3090E+01  1.8925E+42  1.8492E+42  2.5406E+35  4.3282E+40
  5.6230E+01  1.4690E+42  1.4344E+42  1.5551E+35  3.4667E+40
  5.9570E+01  1.1306E+42  1.1029E+42  9.4404E+34  2.7728E+40
  6.3100E+01  8.6471E+41  8.4253E+41  5.6979E+34  2.2180E+40
  6.6830E+01  6.5770E+41  6.3996E+41  3.4221E+34  1.7744E+40
  7.0790E+01  4.9762E+41  4.8344E+41  2.0455E+34  1.4183E+40
  7.4990E+01  3.7469E+41  3.6336E+41  1.2176E+34  1.1329E+40
  7.9430E+01  2.8111E+41  2.7206E+41  7.2282E+33  9.0505E+39
  8.4140E+01  2.1015E+41  2.0292E+41  4.2776E+33  7.2256E+39
  8.9130E+01  1.5672E+41  1.5095E+41  2.5275E+33  5.7665E+39
  9.4410E+01  1.1661E+41  1.1201E+41  1.4913E+33  4.6021E+39
  1.0000E+02  8.6576E+40  8.2904E+40  8.7866E+32  3.6722E+39
  1.0590E+02  6.4232E+40  6.1300E+40  5.1787E+32  2.9317E+39
  1.1220E+02  4.7589E+40  4.5253E+40  3.0487E+32  2.3358E+39
  1.1890E+02  3.5300E+40  3.3441E+40  1.7981E+32  1.8590E+39
  1.2590E+02  2.6356E+40  2.4872E+40  1.0681E+32  1.4838E+39
  1.3340E+02  1.9741E+40  1.8560E+40  6.3743E+31  1.1811E+39
  1.4130E+02  1.4673E+40  1.3731E+40  3.7948E+31  9.4117E+38
  1.4960E+02  1.0681E+40  9.9298E+39  2.2181E+31  7.5121E+38
  1.5850E+02  7.7220E+39  7.1242E+39  1.2862E+31  5.9781E+38
  1.7780E+02  4.0836E+39  3.7042E+39  4.3797E+30  3.7942E+38
  1.9950E+02  2.1717E+39  1.9312E+39  1.5062E+30  2.4043E+38
  2.2390E+02  1.1571E+39  1.0049E+39  5.2181E+29  1.5216E+38
  2.5120E+02  6.1852E+38  5.2214E+38  1.8236E+29  9.6376E+37
  2.8180E+02  3.3162E+38  2.7057E+38  6.4274E+28  6.1043E+37
  3.1620E+02  1.7833E+38  1.3971E+38  2.2837E+28  3.8617E+37
  3.5480E+02  9.6379E+37  7.1958E+37  8.1890E+27  2.4421E+37
  3.9810E+02  5.2417E+37  3.6975E+37  2.9666E+27  1.5442E+37
  4.4670E+02  2.8716E+37  1.8956E+37  1.0854E+27  9.7603E+36
  5.0120E+02  1.5871E+37  9.7012E+36  4.0114E+26  6.1695E+36
  5.6230E+02  8.8584E+36  4.9581E+36  1.4970E+26  3.9003E+36
  6.3100E+02  4.9904E+36  2.5274E+36  5.6324E+25  2.4629E+36
  7.0790E+02  2.8447E+36  1.2879E+36  2.1391E+25  1.5568E+36
  7.9430E+02  1.6381E+36  6.5486E+35  8.1784E+24  9.8325E+35
  8.9130E+02  9.5324E+35  3.3247E+35  3.1466E+24  6.2077E+35
  1.0000E+03  5.6081E+35  1.6868E+35  1.2184E+24  3.9214E+35
