  1.0000E-03  9.4694E+44  0.0000E+00  7.0325E+43  8.7662E+44
  1.1220E-03  1.0739E+45  0.0000E+00  9.0368E+43  9.8357E+44
  1.2590E-03  1.2141E+45  0.0000E+00  1.1041E+44  1.1037E+45
  1.4130E-03  1.3680E+45  0.0000E+00  1.2933E+44  1.2387E+45
  1.5850E-03  1.5373E+45  0.0000E+00  1.4791E+44  1.3894E+45
  1.7780E-03  1.7488E+45  0.0000E+00  1.9022E+44  1.5586E+45
  1.9950E-03  1.9776E+45  0.0000E+00  2.2876E+44  1.7488E+45
  2.2390E-03  2.2096E+45  0.0000E+00  2.4683E+44  1.9627E+45
  2.5120E-03  2.5392E+45  0.0000E+00  3.3723E+44  2.2020E+45
  2.8180E-03  2.8631E+45  0.0000E+00  3.9286E+44  2.4702E+45
  3.1620E-03  3.2037E+45  0.0000E+00  4.3187E+44  2.7718E+45
  3.5480E-03  3.5699E+45  0.0000E+00  4.5965E+44  3.1103E+45
  3.9810E-03  3.9666E+45  0.0000E+00  4.7680E+44  3.4898E+45
  4.4670E-03  4.6297E+45  0.0000E+00  7.1383E+44  3.9158E+45
  5.0120E-03  5.2946E+45  0.0000E+00  9.0096E+44  4.3936E+45
  5.6230E-03  6.0129E+45  0.0000E+00  1.0837E+45  4.9292E+45
  5.9570E-03  6.3927E+45  0.0000E+00  1.1707E+45  5.2220E+45
  6.6830E-03  7.1916E+45  0.0000E+00  1.3331E+45  5.8585E+45
  7.4990E-03  8.0783E+45  0.0000E+00  1.5045E+45  6.5738E+45
  8.4140E-03  9.0428E+45  0.0000E+00  1.6669E+45  7.3758E+45
  9.4410E-03  1.0090E+46  0.0000E+00  1.8140E+45  8.2761E+45
  1.0590E-02  1.1199E+46  0.0000E+00  1.9155E+45  9.2833E+45
  1.1890E-02  1.2603E+46  0.0000E+00  2.1796E+45  1.0423E+46
  1.3340E-02  1.4041E+46  0.0000E+00  2.3468E+45  1.1694E+46
  1.4960E-02  1.5664E+46  0.0000E+00  2.5502E+45  1.3114E+46
  1.6790E-02  1.7459E+46  0.0000E+00  2.7404E+45  1.4718E+46
  1.8840E-02  1.9439E+46  0.0000E+00  2.9237E+45  1.6515E+46
  2.1130E-02  2.1697E+46  0.0000E+00  3.1735E+45  1.8524E+46
  2.3710E-02  2.4200E+46  0.0000E+00  3.4152E+45  2.0785E+46
  2.6610E-02  2.6984E+46  0.0000E+00  3.6575E+45  2.3326E+46
  2.9850E-02  3.0067E+46  1.1574E-82  3.9010E+45  2.6166E+46
  3.3500E-02  3.3506E+46  7.4576E-68  4.1393E+45  2.9367E+46
  3.7580E-02  3.7394E+46  9.3451E-55  4.4518E+45  3.2942E+46
  4.2170E-02  4.2387E+46  4.0856E-43  5.4198E+45  3.6967E+46
  4.7320E-02  4.7260E+46  1.1014E-32  5.7786E+45  4.1482E+46
  5.3090E-02  4.8819E+46  2.0238E-23  5.6065E+45  4.3212E+46
  6.6830E-02  4.5482E+46  7.7136E-08  4.2137E+45  4.1268E+46
  7.4990E-02  4.3804E+46  2.6004E-01  3.4753E+45  4.0328E+46
  8.4140E-02  4.2864E+46  1.3496E+05  3.4540E+45  3.9410E+46
  9.4410E-02  4.2007E+46  1.6034E+10  3.4942E+45  3.8513E+46
  1.0590E-01  3.8798E+46  4.4072E+14  3.7423E+45  3.5055E+46
  1.1890E-01  3.2946E+46  3.2054E+18  3.4781E+45  2.9467E+46
  1.3340E-01  2.7971E+46  6.3034E+21  3.1752E+45  2.4795E+46
  1.4960E-01  2.3401E+46  7.0031E+24  2.5230E+45  2.0878E+46
  1.5850E-01  2.1390E+46  2.0514E+26  2.2450E+45  1.9145E+46
  1.7780E-01  1.8026E+46  1.0731E+29  1.9119E+45  1.6114E+46
  1.9950E-01  1.4938E+46  3.2612E+31  1.3796E+45  1.3558E+46
  2.2390E-01  1.2547E+46  4.0411E+33  1.1437E+45  1.1403E+46
  2.3710E-01  1.1734E+46  2.6554E+34  1.2697E+45  1.0464E+46
  2.5120E-01  1.0932E+46  1.4920E+35  1.3358E+45  9.5958E+45
  2.6610E-01  1.0108E+46  7.8795E+35  1.3065E+45  8.8012E+45
  2.8180E-01  9.3090E+45  3.8323E+36  1.2330E+45  8.0761E+45
  2.9850E-01  8.5609E+45  1.7024E+37  1.1530E+45  7.4079E+45
  3.1620E-01  7.8764E+45  6.8011E+37  1.0818E+45  6.7947E+45
  3.3500E-01  7.2438E+45  2.4821E+38  1.0130E+45  6.2308E+45
  3.5480E-01  6.6613E+45  8.3006E+38  9.4485E+44  5.7165E+45
  3.7580E-01  6.1236E+45  2.5685E+39  8.7939E+44  5.2442E+45
  3.9810E-01  5.6286E+45  7.3223E+39  8.1882E+44  4.8097E+45
  4.2170E-01  5.1736E+45  1.9177E+40  7.6193E+44  4.4116E+45
  4.4670E-01  4.7569E+45  4.6554E+40  7.1027E+44  4.0466E+45
  4.7320E-01  4.3714E+45  1.0630E+41  6.5983E+44  3.7115E+45
  5.0120E-01  4.0152E+45  2.2898E+41  6.1021E+44  3.4048E+45
  5.3090E-01  3.6852E+45  4.6774E+41  5.6156E+44  3.1232E+45
  5.6230E-01  3.3821E+45  9.0524E+41  5.1610E+44  2.8651E+45
  5.9570E-01  3.1021E+45  1.6711E+42  4.7285E+44  2.6276E+45
  6.3100E-01  2.8446E+45  2.9396E+42  4.3137E+44  2.4103E+45
  6.6830E-01  2.6078E+45  4.9363E+42  3.9150E+44  2.2114E+45
  7.0790E-01  2.3905E+45  7.9448E+42  3.5414E+44  2.0284E+45
  7.4990E-01  2.1919E+45  1.2281E+43  3.1918E+44  1.8605E+45
  7.9430E-01  2.0109E+45  1.8249E+43  2.8609E+44  1.7066E+45
  8.4140E-01  1.8465E+45  2.6184E+43  2.5502E+44  1.5653E+45
  8.9130E-01  1.6976E+45  3.6360E+43  2.2552E+44  1.4357E+45
  9.4410E-01  1.5643E+45  4.8927E+43  1.9838E+44  1.3170E+45
  1.0000E+00  1.4459E+45  6.3972E+43  1.7383E+44  1.2081E+45
  1.0590E+00  1.3419E+45  8.1410E+43  1.5192E+44  1.1086E+45
  1.1220E+00  1.2501E+45  1.0147E+44  1.3211E+44  1.0165E+45
  1.1890E+00  1.1700E+45  1.2403E+44  1.1413E+44  9.3183E+44
  1.2590E+00  1.1010E+45  1.4812E+44  9.7699E+43  8.5520E+44
  1.3340E+00  1.0414E+45  1.7400E+44  8.3261E+43  7.8411E+44
  1.4130E+00  9.9069E+44  2.0043E+44  7.0996E+43  7.1927E+44
  1.4960E+00  9.4763E+44  2.2693E+44  6.0445E+43  6.6026E+44
  1.5850E+00  9.1071E+44  2.5408E+44  5.1194E+43  6.0543E+44
  1.6790E+00  8.7847E+44  2.8017E+44  4.3004E+43  5.5530E+44
  1.7780E+00  8.4943E+44  3.0414E+44  3.5717E+43  5.0957E+44
  1.8840E+00  8.2304E+44  3.2656E+44  2.9296E+43  4.6719E+44
  1.9950E+00  7.9833E+44  3.4587E+44  2.3714E+43  4.2875E+44
  2.1130E+00  7.7459E+44  3.6231E+44  1.8951E+43  3.9333E+44
  2.2390E+00  7.5087E+44  3.7530E+44  1.4959E+43  3.6061E+44
  2.3710E+00  7.2660E+44  3.8401E+44  1.1674E+43  3.3092E+44
  2.5120E+00  7.0167E+44  3.8920E+44  9.0278E+42  3.0344E+44
  2.6610E+00  6.7554E+44  3.9030E+44  6.9220E+42  2.7832E+44
  2.8180E+00  6.4766E+44  3.8702E+44  5.2630E+42  2.5538E+44
  2.9850E+00  6.1838E+44  3.8015E+44  3.9734E+42  2.3426E+44
  3.1620E+00  5.8752E+44  3.6967E+44  2.9789E+42  2.1487E+44
  3.3500E+00  5.5660E+44  3.5734E+44  2.2238E+42  1.9704E+44
  3.5480E+00  5.2398E+44  3.4156E+44  1.6483E+42  1.8078E+44
  3.7580E+00  4.9112E+44  3.2407E+44  1.2152E+42  1.6583E+44
  3.9810E+00  4.5827E+44  3.0528E+44  8.9132E+41  1.5210E+44
  4.2170E+00  4.2564E+44  2.8548E+44  6.5050E+41  1.3951E+44
  4.4670E+00  3.9359E+44  2.6515E+44  4.7240E+41  1.2796E+44
  4.7320E+00  3.6282E+44  2.4511E+44  3.4160E+41  1.1737E+44
  5.0120E+00  3.3389E+44  2.2573E+44  2.4640E+41  1.0791E+44
  5.3090E+00  3.0334E+44  2.0714E+44  1.7523E+41  9.6024E+43
  5.6230E+00  2.7470E+44  1.8977E+44  1.2398E+41  8.4805E+43
  5.9570E+00  2.4832E+44  1.7391E+44  8.7388E+40  7.4316E+43
  6.3100E+00  2.2277E+44  1.5800E+44  6.0995E+40  6.4710E+43
  6.6830E+00  2.0080E+44  1.4474E+44  4.2601E+40  5.6014E+43
  7.0790E+00  1.7965E+44  1.3143E+44  2.9346E+40  4.8190E+43
  7.4990E+00  1.6930E+44  1.2805E+44  2.1059E+40  4.1229E+43
  7.9430E+00  2.0142E+44  1.6630E+44  1.9197E+40  3.5109E+43
  8.4140E+00  2.7659E+44  2.4681E+44  2.1589E+40  2.9752E+43
  8.9130E+00  3.3881E+44  3.1369E+44  2.3096E+40  2.5104E+43
  9.4410E+00  3.8414E+44  3.6302E+44  2.5355E+40  2.1101E+43
  1.0000E+01  3.1812E+44  3.0044E+44  1.8001E+40  1.7671E+43
  1.0590E+01  2.4699E+44  2.3222E+44  1.1620E+40  1.4758E+43
  1.1220E+01  1.8119E+44  1.6891E+44  6.5929E+39  1.2267E+43
  1.1890E+01  1.3494E+44  1.2477E+44  3.8010E+39  1.0159E+43
  1.2590E+01  1.0063E+44  9.2219E+43  2.1456E+39  8.4119E+42
  1.3340E+01  7.6291E+43  6.9358E+43  1.2119E+39  6.9319E+42
  1.4130E+01  6.1881E+43  5.6175E+43  7.1932E+38  5.7050E+42
  1.4960E+01  5.8584E+43  5.3891E+43  5.1390E+38  4.6919E+42
  1.5850E+01  5.7608E+43  5.3767E+43  3.9808E+38  3.8414E+42
  1.6790E+01  5.6766E+43  5.3625E+43  3.2140E+38  3.1409E+42
  1.7780E+01  5.4011E+43  5.1445E+43  2.5821E+38  2.5663E+42
  1.8840E+01  4.8200E+43  4.6111E+43  1.9523E+38  2.0888E+42
  1.9950E+01  4.0400E+43  3.8698E+43  1.3472E+38  1.7013E+42
  2.1130E+01  3.3387E+43  3.2005E+43  8.8816E+37  1.3827E+42
  2.2390E+01  2.7773E+43  2.6653E+43  5.8712E+37  1.1203E+42
  2.3710E+01  2.3225E+43  2.2317E+43  3.8840E+37  9.0864E+41
  2.5120E+01  1.9436E+43  1.8702E+43  2.5775E+37  7.3479E+41
  2.6610E+01  1.6233E+43  1.5639E+43  1.7033E+37  5.9383E+41
  2.8180E+01  1.3527E+43  1.3047E+43  1.1265E+37  4.7994E+41
  2.9850E+01  1.1201E+43  1.0813E+43  7.4236E+36  3.8717E+41
  3.1620E+01  9.1935E+42  8.8815E+42  4.8529E+36  3.1199E+41
  3.3500E+01  7.4700E+42  7.2190E+42  3.1451E+36  2.5106E+41
  3.5480E+01  6.0130E+42  5.8109E+42  2.0224E+36  2.0210E+41
  3.7580E+01  4.7826E+42  4.6200E+42  1.2861E+36  1.6253E+41
  3.9810E+01  3.7508E+42  3.6203E+42  8.0737E+35  1.3054E+41
  4.2170E+01  2.9080E+42  2.8032E+42  5.0101E+35  1.0479E+41
  4.4670E+01  2.2310E+42  2.1469E+42  3.0725E+35  8.4074E+40
  4.7320E+01  1.6961E+42  1.6287E+42  1.8658E+35  6.7400E+40
  5.0120E+01  1.2798E+42  1.2258E+42  1.1237E+35  5.4034E+40
  5.3090E+01  9.5875E+41  9.1547E+41  6.7151E+34  4.3282E+40
  5.6230E+01  7.1442E+41  6.7976E+41  3.9893E+34  3.4667E+40
  5.9570E+01  5.2919E+41  5.0146E+41  2.3549E+34  2.7728E+40
  6.3100E+01  3.9062E+41  3.6844E+41  1.3849E+34  2.2180E+40
  6.6830E+01  2.8750E+41  2.6976E+41  8.1202E+33  1.7744E+40
  7.0790E+01  2.1102E+41  1.9683E+41  4.7476E+33  1.4183E+40
  7.4990E+01  1.5450E+41  1.4317E+41  2.7694E+33  1.1329E+40
  7.9430E+01  1.1298E+41  1.0393E+41  1.6140E+33  9.0505E+39
  8.4140E+01  8.2517E+40  7.5292E+40  9.3951E+32  7.2256E+39
  8.9130E+01  6.0253E+40  5.4487E+40  5.4698E+32  5.7665E+39
  9.4410E+01  4.3992E+40  3.9390E+40  3.1854E+32  4.6021E+39
  1.0000E+02  3.2118E+40  2.8446E+40  1.8557E+32  3.6722E+39
  1.0590E+02  2.3481E+40  2.0550E+40  1.0832E+32  2.9317E+39
  1.1220E+02  1.7170E+40  1.4834E+40  6.3240E+31  2.3358E+39
  1.1890E+02  1.2584E+40  1.0725E+40  3.7018E+31  1.8590E+39
  1.2590E+02  9.2911E+39  7.8073E+39  2.1835E+31  1.4838E+39
  1.3340E+02  6.8803E+39  5.6992E+39  1.2937E+31  1.1811E+39
  1.4130E+02  5.0786E+39  4.1375E+39  7.6749E+30  9.4117E+38
  1.4960E+02  3.7047E+39  2.9535E+39  4.5049E+30  7.5121E+38
  1.5850E+02  2.6916E+39  2.0937E+39  2.6290E+30  5.9781E+38
  1.7780E+02  1.4415E+39  1.0621E+39  9.0810E+29  3.7942E+38
  1.9950E+02  7.8132E+38  5.4088E+38  3.1796E+29  2.4043E+38
  2.2390E+02  4.2767E+38  2.7551E+38  1.1267E+29  1.5216E+38
  2.5120E+02  2.3683E+38  1.4046E+38  4.0448E+28  9.6376E+37
  2.8180E+02  1.3261E+38  7.1566E+37  1.4694E+28  6.1043E+37
  3.1620E+02  7.5019E+37  3.6401E+37  5.3931E+27  3.8617E+37
  3.5480E+02  4.2922E+37  1.8500E+37  2.0000E+27  2.4421E+37
  3.9810E+02  2.4836E+37  9.3941E+36  7.4934E+26  1.5442E+37
  4.4670E+02  1.4526E+37  4.7653E+36  2.8327E+26  9.7603E+36
  5.0120E+02  8.5853E+36  2.4159E+36  1.0799E+26  6.1695E+36
  5.6230E+02  5.1247E+36  1.2243E+36  4.1467E+25  3.9003E+36
  6.3100E+02  3.0824E+36  6.1945E+35  1.6011E+25  2.4629E+36
  7.0790E+02  1.8703E+36  3.1353E+35  6.2222E+24  1.5568E+36
  7.9430E+02  1.1417E+36  1.5846E+35  2.4272E+24  9.8325E+35
  8.9130E+02  7.0079E+35  8.0017E+34  9.5013E+23  6.2077E+35
  1.0000E+03  4.3254E+35  4.0402E+34  3.7338E+23  3.9214E+35
