  1.0000E-03  8.7705E+44  0.0000E+00  4.2630E+41  8.7662E+44
  1.1220E-03  9.8414E+44  0.0000E+00  5.6201E+41  9.8357E+44
  1.2590E-03  1.1044E+45  0.0000E+00  7.0618E+41  1.1037E+45
  1.4130E-03  1.2395E+45  0.0000E+00  8.5217E+41  1.2387E+45
  1.5850E-03  1.3904E+45  0.0000E+00  9.9620E+41  1.3894E+45
  1.7780E-03  1.5599E+45  0.0000E+00  1.2673E+42  1.5586E+45
  1.9950E-03  1.7504E+45  0.0000E+00  1.5985E+42  1.7488E+45
  2.2390E-03  1.9645E+45  0.0000E+00  1.7889E+42  1.9627E+45
  2.5120E-03  2.2044E+45  0.0000E+00  2.4200E+42  2.2020E+45
  2.8180E-03  2.4732E+45  0.0000E+00  3.0250E+42  2.4702E+45
  3.1620E-03  2.7754E+45  0.0000E+00  3.5540E+42  2.7718E+45
  3.5480E-03  3.1143E+45  0.0000E+00  4.0411E+42  3.1103E+45
  3.9810E-03  3.4943E+45  0.0000E+00  4.4724E+42  3.4898E+45
  4.4670E-03  3.9215E+45  0.0000E+00  5.7019E+42  3.9158E+45
  5.0120E-03  4.4010E+45  0.0000E+00  7.4171E+42  4.3936E+45
  5.6230E-03  4.9384E+45  0.0000E+00  9.2052E+42  4.9292E+45
  5.9570E-03  5.2321E+45  0.0000E+00  1.0100E+43  5.2220E+45
  6.6830E-03  5.8704E+45  0.0000E+00  1.1835E+43  5.8585E+45
  7.4990E-03  6.5874E+45  0.0000E+00  1.3596E+43  6.5738E+45
  8.4140E-03  7.3914E+45  0.0000E+00  1.5545E+43  7.3758E+45
  9.4410E-03  8.2934E+45  0.0000E+00  1.7329E+43  8.2761E+45
  1.0590E-02  9.3017E+45  0.0000E+00  1.8377E+43  9.2833E+45
  1.1890E-02  1.0444E+46  0.0000E+00  2.1479E+43  1.0423E+46
  1.3340E-02  1.1718E+46  0.0000E+00  2.3590E+43  1.1694E+46
  1.4960E-02  1.3140E+46  0.0000E+00  2.6347E+43  1.3114E+46
  1.6790E-02  1.4747E+46  0.0000E+00  2.8985E+43  1.4718E+46
  1.8840E-02  1.6547E+46  0.0000E+00  3.1480E+43  1.6515E+46
  2.1130E-02  1.8558E+46  0.0000E+00  3.4874E+43  1.8524E+46
  2.3710E-02  2.0823E+46  0.0000E+00  3.8315E+43  2.0785E+46
  2.6610E-02  2.3368E+46  0.0000E+00  4.1941E+43  2.3326E+46
  2.9850E-02  2.6212E+46  3.4154E-83  4.5596E+43  2.6166E+46
  3.3500E-02  2.9416E+46  2.2129E-68  4.9303E+43  2.9367E+46
  3.7580E-02  3.2996E+46  2.7789E-55  5.3952E+43  3.2942E+46
  4.2170E-02  3.7031E+46  1.2216E-43  6.4226E+43  3.6967E+46
  4.7320E-02  4.1551E+46  3.3289E-33  6.9041E+43  4.1482E+46
  5.3090E-02  4.3280E+46  6.1880E-24  6.7776E+43  4.3212E+46
  6.6830E-02  4.1321E+46  2.4392E-08  5.2480E+43  4.1268E+46
  7.4990E-02  4.0369E+46  8.4746E-02  4.1122E+43  4.0328E+46
  8.4140E-02  3.9452E+46  4.3967E+04  4.1923E+43  3.9410E+46
  9.4410E-02  3.8556E+46  5.2417E+09  4.3367E+43  3.8513E+46
  1.0590E-01  3.5104E+46  1.4339E+14  4.8575E+43  3.5055E+46
  1.1890E-01  2.9516E+46  1.0195E+18  4.8114E+43  2.9467E+46
  1.3340E-01  2.4841E+46  1.9423E+21  4.5822E+43  2.4795E+46
  1.4960E-01  2.0918E+46  2.1191E+24  3.9750E+43  2.0878E+46
  1.5850E-01  1.9182E+46  6.2064E+25  3.6629E+43  1.9145E+46
  1.7780E-01  1.6145E+46  3.3052E+28  3.0647E+43  1.6114E+46
  1.9950E-01  1.3579E+46  1.0471E+31  2.1259E+43  1.3558E+46
  2.2390E-01  1.1419E+46  1.3472E+33  1.5951E+43  1.1403E+46
  2.3710E-01  1.0481E+46  8.7501E+33  1.6861E+43  1.0464E+46
  2.5120E-01  9.6129E+45  4.8385E+34  1.7085E+43  9.5958E+45
  2.6610E-01  8.8175E+45  2.5287E+35  1.6311E+43  8.8012E+45
  2.8180E-01  8.0912E+45  1.2221E+36  1.5087E+43  8.0761E+45
  2.9850E-01  7.4217E+45  5.4043E+36  1.3835E+43  7.4079E+45
  3.1620E-01  6.8073E+45  2.1516E+37  1.2686E+43  6.7947E+45
  3.3500E-01  6.2424E+45  7.8328E+37  1.1596E+43  6.2308E+45
  3.5480E-01  5.7270E+45  2.6153E+38  1.0560E+43  5.7165E+45
  3.7580E-01  5.2537E+45  8.0857E+38  9.5661E+42  5.2442E+45
  3.9810E-01  4.8184E+45  2.3034E+39  8.6769E+42  4.8097E+45
  4.2170E-01  4.4195E+45  6.0301E+39  7.8236E+42  4.4116E+45
  4.4670E-01  4.0537E+45  1.4633E+40  7.0628E+42  4.0466E+45
  4.7320E-01  3.7179E+45  3.3405E+40  6.3502E+42  3.7115E+45
  5.0120E-01  3.4106E+45  7.1949E+40  5.6846E+42  3.4048E+45
  5.3090E-01  3.1284E+45  1.4697E+41  5.0548E+42  3.1232E+45
  5.6230E-01  2.8699E+45  2.8443E+41  4.4973E+42  2.8651E+45
  5.9570E-01  2.6321E+45  5.2499E+41  3.9921E+42  2.6276E+45
  6.3100E-01  2.4148E+45  9.2318E+41  3.5285E+42  2.4103E+45
  6.6830E-01  2.2160E+45  1.5494E+42  3.1023E+42  2.2114E+45
  7.0790E-01  2.0336E+45  2.4913E+42  2.7204E+42  2.0284E+45
  7.4990E-01  1.8667E+45  3.8449E+42  2.3812E+42  1.8605E+45
  7.9430E-01  1.7144E+45  5.7010E+42  2.0748E+42  1.7066E+45
  8.4140E-01  1.5753E+45  8.1557E+42  1.7975E+42  1.5653E+45
  8.9130E-01  1.4486E+45  1.1281E+43  1.5432E+42  1.4357E+45
  9.4410E-01  1.3334E+45  1.5107E+43  1.3166E+42  1.3170E+45
  1.0000E+00  1.2289E+45  1.9637E+43  1.1183E+42  1.2081E+45
  1.0590E+00  1.1343E+45  2.4817E+43  9.4657E+41  1.1086E+45
  1.1220E+00  1.0480E+45  3.0680E+43  7.9597E+41  1.0165E+45
  1.1890E+00  9.6964E+44  3.7147E+43  6.6347E+41  9.3183E+44
  1.2590E+00  8.9965E+44  4.3896E+43  5.4685E+41  8.5520E+44
  1.3340E+00  8.3552E+44  5.0969E+43  4.4739E+41  7.8411E+44
  1.4130E+00  7.7762E+44  5.7987E+43  3.6545E+41  7.1927E+44
  1.4960E+00  7.2537E+44  6.4818E+43  2.9753E+41  6.6026E+44
  1.5850E+00  6.7729E+44  7.1614E+43  2.4036E+41  6.0543E+44
  1.6790E+00  6.3341E+44  7.7916E+43  1.9239E+41  5.5530E+44
  1.7780E+00  5.9320E+44  8.3473E+43  1.5228E+41  5.0957E+44
  1.8840E+00  5.5578E+44  8.8475E+43  1.1900E+41  4.6719E+44
  1.9950E+00  5.2142E+44  9.2581E+43  9.1929E+40  4.2875E+44
  2.1130E+00  4.8931E+44  9.5906E+43  7.0214E+40  3.9333E+44
  2.2390E+00  4.5901E+44  9.8349E+43  5.3081E+40  3.6061E+44
  2.3710E+00  4.3072E+44  9.9764E+43  3.9815E+40  3.3092E+44
  2.5120E+00  4.0386E+44  1.0039E+44  2.9671E+40  3.0344E+44
  2.6610E+00  3.7844E+44  1.0010E+44  2.2005E+40  2.7832E+44
  2.8180E+00  3.5425E+44  9.8848E+43  1.6252E+40  2.5538E+44
  2.9850E+00  3.3112E+44  9.6846E+43  1.1962E+40  2.3426E+44
  3.1620E+00  3.0896E+44  9.4083E+43  8.7784E+39  2.1487E+44
  3.3500E+00  2.8805E+44  9.1001E+43  6.4331E+39  1.9704E+44
  3.5480E+00  2.6796E+44  8.7173E+43  4.7028E+39  1.8078E+44
  3.7580E+00  2.4886E+44  8.3021E+43  3.4310E+39  1.6583E+44
  3.9810E+00  2.3072E+44  7.8622E+43  2.4986E+39  1.5210E+44
  4.2170E+00  2.1353E+44  7.4023E+43  1.8166E+39  1.3951E+44
  4.4670E+00  1.9729E+44  6.9323E+43  1.3184E+39  1.2796E+44
  4.7320E+00  1.8208E+44  6.4709E+43  9.5500E+38  1.1737E+44
  5.0120E+00  1.6817E+44  6.0255E+43  6.9204E+38  1.0791E+44
  5.3090E+00  1.5200E+44  5.5980E+43  4.9020E+38  9.6024E+43
  5.6230E+00  1.3679E+44  5.1986E+43  3.4513E+38  8.4805E+43
  5.9570E+00  1.2267E+44  4.8349E+43  2.4169E+38  7.4316E+43
  6.3100E+00  1.0932E+44  4.4608E+43  1.6785E+38  6.4710E+43
  6.6830E+00  9.7598E+43  4.1584E+43  1.1631E+38  5.6014E+43
  7.0790E+00  8.6641E+43  3.8451E+43  7.9633E+37  4.8190E+43
  7.4990E+00  7.9294E+43  3.8065E+43  5.5518E+37  4.1229E+43
  7.9430E+00  8.4858E+43  4.9749E+43  4.5318E+37  3.5109E+43
  8.4140E+00  1.0420E+44  7.4451E+43  4.5409E+37  2.9752E+43
  8.9130E+00  1.2125E+44  9.6150E+43  4.6202E+37  2.5104E+43
  9.4410E+00  1.3455E+44  1.1345E+44  4.9824E+37  2.1101E+43
  1.0000E+01  1.1358E+44  9.5910E+43  3.5911E+37  1.7671E+43
  1.0590E+01  9.0640E+43  7.5882E+43  2.3709E+37  1.4758E+43
  1.1220E+01  6.8984E+43  5.6717E+43  1.3894E+37  1.2267E+43
  1.1890E+01  5.3325E+43  4.3165E+43  8.2898E+36  1.0159E+43
  1.2590E+01  4.1419E+43  3.3007E+43  4.8640E+36  8.4119E+42
  1.3340E+01  3.2713E+43  2.5781E+43  2.8573E+36  6.9319E+42
  1.4130E+01  2.7388E+43  2.1684E+43  1.7449E+36  5.7050E+42
  1.4960E+01  2.6115E+43  2.1423E+43  1.2463E+36  4.6919E+42
  1.5850E+01  2.5845E+43  2.2004E+43  9.6346E+35  3.8414E+42
  1.6790E+01  2.5772E+43  2.2631E+43  7.8064E+35  3.1409E+42
  1.7780E+01  2.5039E+43  2.2473E+43  6.3514E+35  2.5663E+42
  1.8840E+01  2.3062E+43  2.0973E+43  4.9127E+35  2.0888E+42
  1.9950E+01  2.0134E+43  1.8432E+43  3.4965E+35  1.7013E+42
  2.1130E+01  1.7403E+43  1.6021E+43  2.3853E+35  1.3827E+42
  2.2390E+01  1.5167E+43  1.4047E+43  1.6329E+35  1.1203E+42
  2.3710E+01  1.3302E+43  1.2393E+43  1.1192E+35  9.0864E+41
  2.5120E+01  1.1687E+43  1.0952E+43  7.6987E+34  7.3479E+41
  2.6610E+01  1.0251E+43  9.6572E+42  5.2748E+34  5.9383E+41
  2.8180E+01  8.9684E+42  8.4885E+42  3.6155E+34  4.7994E+41
  2.9850E+01  7.7932E+42  7.4060E+42  2.4684E+34  3.8717E+41
  3.1620E+01  6.7073E+42  6.3953E+42  1.6706E+34  3.1199E+41
  3.3500E+01  5.7075E+42  5.4564E+42  1.1200E+34  2.5106E+41
  3.5480E+01  4.8021E+42  4.6000E+42  7.4392E+33  2.0210E+41
  3.7580E+01  3.9860E+42  3.8234E+42  4.8814E+33  1.6253E+41
  3.9810E+01  3.2581E+42  3.1275E+42  3.1595E+33  1.3054E+41
  4.2170E+01  2.6283E+42  2.5235E+42  2.0192E+33  1.0479E+41
  4.4670E+01  2.0945E+42  2.0104E+42  1.2739E+33  8.4074E+40
  4.7320E+01  1.6513E+42  1.5839E+42  7.9492E+32  6.7400E+40
  5.0120E+01  1.2898E+42  1.2358E+42  4.9137E+32  5.4034E+40
  5.3090E+01  9.9852E+41  9.5524E+41  3.0107E+32  4.3282E+40
  5.6230E+01  7.6754E+41  7.3287E+41  1.8315E+32  3.4667E+40
  5.9570E+01  5.8555E+41  5.5783E+41  1.1059E+32  2.7728E+40
  6.3100E+01  4.4437E+41  4.2219E+41  6.6452E+31  2.2180E+40
  6.6830E+01  3.3567E+41  3.1793E+41  3.9762E+31  1.7744E+40
  7.0790E+01  2.5244E+41  2.3826E+41  2.3698E+31  1.4183E+40
  7.4990E+01  1.8908E+41  1.7775E+41  1.4075E+31  1.1329E+40
  7.9430E+01  1.4122E+41  1.3217E+41  8.3429E+30  9.0505E+39
  8.4140E+01  1.0517E+41  9.7946E+40  4.9335E+30  7.2256E+39
  8.9130E+01  7.8186E+40  7.2419E+40  2.9147E+30  5.7665E+39
  9.4410E+01  5.8028E+40  5.3426E+40  1.7207E+30  4.6021E+39
  1.0000E+02  4.3000E+40  3.9328E+40  1.0150E+30  3.6722E+39
  1.0590E+02  3.1860E+40  2.8928E+40  5.9930E+29  2.9317E+39
  1.1220E+02  2.3580E+40  2.1244E+40  3.5357E+29  2.3358E+39
  1.1890E+02  1.7472E+40  1.5613E+40  2.0897E+29  1.8590E+39
  1.2590E+02  1.3026E+40  1.1542E+40  1.2434E+29  1.4838E+39
  1.3340E+02  9.7330E+39  8.5519E+39  7.4263E+28  1.1811E+39
  1.4130E+02  7.2351E+39  6.2939E+39  4.4360E+28  9.4117E+38
  1.4960E+02  5.2982E+39  4.5470E+39  2.6171E+28  7.5121E+38
  1.5850E+02  3.8580E+39  3.2602E+39  1.5338E+28  5.9781E+38
  1.7780E+02  2.0687E+39  1.6893E+39  5.3310E+27  3.7942E+38
  1.9950E+02  1.1173E+39  8.7682E+38  1.8730E+27  2.4043E+38
  2.2390E+02  6.0644E+38  4.5428E+38  6.6422E+26  1.5216E+38
  2.5120E+02  3.3148E+38  2.3510E+38  2.3808E+26  9.6376E+37
  2.8180E+02  1.8244E+38  1.2139E+38  8.6200E+25  6.1043E+37
  3.1620E+02  1.0109E+38  6.2478E+37  3.1490E+25  3.8617E+37
  3.5480E+02  5.6508E+37  3.2087E+37  1.1613E+25  2.4421E+37
  3.9810E+02  3.1887E+37  1.6445E+37  4.3247E+24  1.5442E+37
  4.4670E+02  1.8171E+37  8.4107E+36  1.6248E+24  9.7603E+36
  5.0120E+02  1.0465E+37  4.2952E+36  6.1565E+23  6.1695E+36
  5.6230E+02  6.0912E+36  2.1909E+36  2.3507E+23  3.9003E+36
  6.3100E+02  3.5778E+36  1.1149E+36  9.0294E+22  2.4629E+36
  7.0790E+02  2.1239E+36  5.6716E+35  3.4927E+22  1.5568E+36
  7.9430E+02  1.2712E+36  2.8796E+35  1.3569E+22  9.8325E+35
  8.9130E+02  7.6677E+35  1.4600E+35  5.2929E+21  6.2077E+35
  1.0000E+03  4.6612E+35  7.3983E+34  2.0737E+21  3.9214E+35
