  1.0000E-03  8.7877E+44  0.0000E+00  2.1463E+42  8.7662E+44
  1.1220E-03  9.8624E+44  0.0000E+00  2.6694E+42  9.8357E+44
  1.2590E-03  1.1068E+45  0.0000E+00  3.1566E+42  1.1037E+45
  1.4130E-03  1.2423E+45  0.0000E+00  3.5764E+42  1.2387E+45
  1.5850E-03  1.3934E+45  0.0000E+00  3.9295E+42  1.3894E+45
  1.7780E-03  1.5633E+45  0.0000E+00  4.7386E+42  1.5586E+45
  1.9950E-03  1.7543E+45  0.0000E+00  5.4605E+42  1.7488E+45
  2.2390E-03  1.9683E+45  0.0000E+00  5.6226E+42  1.9627E+45
  2.5120E-03  2.2091E+45  0.0000E+00  7.0718E+42  2.2020E+45
  2.8180E-03  2.4782E+45  0.0000E+00  8.0053E+42  2.4702E+45
  3.1620E-03  2.7805E+45  0.0000E+00  8.6237E+42  2.7718E+45
  3.5480E-03  3.1194E+45  0.0000E+00  9.0734E+42  3.1103E+45
  3.9810E-03  3.4992E+45  0.0000E+00  9.3908E+42  3.4898E+45
  4.4670E-03  3.9380E+45  0.0000E+00  2.2208E+43  3.9158E+45
  5.0120E-03  4.4185E+45  0.0000E+00  2.4950E+43  4.3936E+45
  5.6230E-03  4.9561E+45  0.0000E+00  2.6900E+43  4.9292E+45
  5.9570E-03  5.2497E+45  0.0000E+00  2.7631E+43  5.2220E+45
  6.6830E-03  5.8873E+45  0.0000E+00  2.8822E+43  5.8585E+45
  7.4990E-03  6.6037E+45  0.0000E+00  2.9861E+43  6.5738E+45
  8.4140E-03  7.4069E+45  0.0000E+00  3.1001E+43  7.3758E+45
  9.4410E-03  8.3078E+45  0.0000E+00  3.1698E+43  8.2761E+45
  1.0590E-02  9.3145E+45  0.0000E+00  3.1177E+43  9.2833E+45
  1.1890E-02  1.0457E+46  0.0000E+00  3.3558E+43  1.0423E+46
  1.3340E-02  1.1728E+46  0.0000E+00  3.4183E+43  1.1694E+46
  1.4960E-02  1.3149E+46  0.0000E+00  3.5332E+43  1.3114E+46
  1.6790E-02  1.4755E+46  0.0000E+00  3.6097E+43  1.4718E+46
  1.8840E-02  1.6552E+46  0.0000E+00  3.6548E+43  1.6515E+46
  2.1130E-02  1.8561E+46  0.0000E+00  3.7694E+43  1.8524E+46
  2.3710E-02  2.0823E+46  0.0000E+00  3.8626E+43  2.0785E+46
  2.6610E-02  2.3366E+46  0.0000E+00  3.9425E+43  2.3326E+46
  2.9850E-02  2.6206E+46  1.1620E-82  4.0013E+43  2.6166E+46
  3.3500E-02  2.9407E+46  7.4226E-68  4.0449E+43  2.9367E+46
  3.7580E-02  3.2986E+46  9.3163E-55  4.3677E+43  3.2942E+46
  4.2170E-02  3.7017E+46  4.0423E-43  4.9641E+43  3.6967E+46
  4.7320E-02  4.1529E+46  1.0638E-32  4.7157E+43  4.1482E+46
  5.3090E-02  4.3254E+46  1.9047E-23  4.1745E+43  4.3212E+46
  6.6830E-02  4.1299E+46  6.7260E-08  3.0736E+43  4.1268E+46
  7.4990E-02  4.0357E+46  2.1683E-01  2.9129E+43  4.0328E+46
  8.4140E-02  3.9438E+46  1.1434E+05  2.7887E+43  3.9410E+46
  9.4410E-02  3.8540E+46  1.3789E+10  2.7402E+43  3.8513E+46
  1.0590E-01  3.5083E+46  3.9725E+14  2.7599E+43  3.5055E+46
  1.1890E-01  2.9495E+46  3.1033E+18  2.8011E+43  2.9467E+46
  1.3340E-01  2.4828E+46  6.4965E+21  3.2226E+43  2.4795E+46
  1.4960E-01  2.0913E+46  7.5288E+24  3.4596E+43  2.0878E+46
  1.5850E-01  1.9178E+46  2.2236E+26  3.2737E+43  1.9145E+46
  1.7780E-01  1.6137E+46  1.1376E+29  2.2376E+43  1.6114E+46
  1.9950E-01  1.3568E+46  3.2152E+31  1.0120E+43  1.3558E+46
  2.2390E-01  1.1411E+46  3.8198E+33  7.4270E+42  1.1403E+46
  2.3710E-01  1.0473E+46  2.5941E+34  8.4550E+42  1.0464E+46
  2.5120E-01  9.6055E+45  1.5117E+35  9.6414E+42  9.5958E+45
  2.6610E-01  8.8115E+45  8.1887E+35  1.0272E+43  8.8012E+45
  2.8180E-01  8.0865E+45  4.0547E+36  1.0393E+43  8.0761E+45
  2.9850E-01  7.4182E+45  1.8268E+37  1.0295E+43  7.4079E+45
  3.1620E-01  6.8048E+45  7.3910E+37  1.0166E+43  6.7947E+45
  3.3500E-01  6.2408E+45  2.7286E+38  9.9713E+42  6.2308E+45
  3.5480E-01  5.7262E+45  9.2186E+38  9.6871E+42  5.7165E+45
  3.7580E-01  5.2535E+45  2.8791E+39  9.3289E+42  5.2442E+45
  3.9810E-01  4.8187E+45  8.2784E+39  8.9799E+42  4.8097E+45
  4.2170E-01  4.4203E+45  2.1862E+40  8.6123E+42  4.4116E+45
  4.4670E-01  4.0549E+45  5.3488E+40  8.2736E+42  4.0466E+45
  4.7320E-01  3.7195E+45  1.2298E+41  7.9084E+42  3.7115E+45
  5.0120E-01  3.4126E+45  2.6646E+41  7.5131E+42  3.4048E+45
  5.3090E-01  3.1308E+45  5.4679E+41  7.0836E+42  3.1232E+45
  5.6230E-01  2.8729E+45  1.0615E+42  6.6687E+42  2.8651E+45
  5.9570E-01  2.6358E+45  1.9622E+42  6.2563E+42  2.6276E+45
  6.3100E-01  2.4196E+45  3.4503E+42  5.8467E+42  2.4103E+45
  6.6830E-01  2.2226E+45  5.7799E+42  5.4353E+42  2.2114E+45
  7.0790E-01  2.0427E+45  9.2602E+42  5.0506E+42  2.0284E+45
  7.4990E-01  1.8794E+45  1.4213E+43  4.6915E+42  1.8605E+45
  7.9430E-01  1.7319E+45  2.0918E+43  4.3530E+42  1.7066E+45
  8.4140E-01  1.5990E+45  2.9634E+43  4.0289E+42  1.5653E+45
  8.9130E-01  1.4800E+45  4.0509E+43  3.7167E+42  1.4357E+45
  9.4410E-01  1.3739E+45  5.3463E+43  3.4157E+42  1.3170E+45
  1.0000E+00  1.2795E+45  6.8271E+43  3.1266E+42  1.2081E+45
  1.0590E+00  1.1959E+45  8.4505E+43  2.8554E+42  1.1086E+45
  1.1220E+00  1.1211E+45  1.0198E+44  2.5956E+42  1.0165E+45
  1.1890E+00  1.0543E+45  1.2014E+44  2.3417E+42  9.3183E+44
  1.2590E+00  9.9505E+44  1.3775E+44  2.0893E+42  8.5520E+44
  1.3340E+00  9.4049E+44  1.5454E+44  1.8454E+42  7.8411E+44
  1.4130E+00  8.9009E+44  1.6920E+44  1.6178E+42  7.1927E+44
  1.4960E+00  8.4303E+44  1.8137E+44  1.4053E+42  6.6026E+44
  1.5850E+00  7.9797E+44  1.9133E+44  1.2054E+42  6.0543E+44
  1.6790E+00  7.5440E+44  1.9808E+44  1.0185E+42  5.5530E+44
  1.7780E+00  7.1169E+44  2.0127E+44  8.4564E+41  5.0957E+44
  1.8840E+00  6.6941E+44  2.0154E+44  6.8883E+41  4.6719E+44
  1.9950E+00  6.2807E+44  1.9878E+44  5.5085E+41  4.2875E+44
  2.1130E+00  5.8732E+44  1.9356E+44  4.3264E+41  3.9333E+44
  2.2390E+00  5.4705E+44  1.8611E+44  3.3411E+41  3.6061E+44
  2.3710E+00  5.0806E+44  1.7689E+44  2.5441E+41  3.3092E+44
  2.5120E+00  4.7022E+44  1.6659E+44  1.9142E+41  3.0344E+44
  2.6610E+00  4.3393E+44  1.5547E+44  1.4265E+41  2.7832E+44
  2.8180E+00  3.9930E+44  1.4382E+44  1.0544E+41  2.5538E+44
  2.9850E+00  3.6647E+44  1.3213E+44  7.7428E+40  2.3426E+44
  3.1620E+00  3.3549E+44  1.2057E+44  5.6552E+40  2.1487E+44
  3.3500E+00  3.0686E+44  1.0978E+44  4.1178E+40  1.9704E+44
  3.5480E+00  2.8017E+44  9.9363E+43  2.9887E+40  1.8078E+44
  3.7580E+00  2.5556E+44  8.9706E+43  2.1638E+40  1.6583E+44
  3.9810E+00  2.3292E+44  8.0803E+43  1.5636E+40  1.5210E+44
  4.2170E+00  2.1217E+44  7.2651E+43  1.1284E+40  1.3951E+44
  4.4670E+00  1.9321E+44  6.5244E+43  8.1332E+39  1.2796E+44
  4.7320E+00  1.7597E+44  5.8599E+43  5.8545E+39  1.1737E+44
  5.0120E+00  1.6060E+44  5.2684E+43  4.2183E+39  1.0791E+44
  5.3090E+00  1.4343E+44  4.7400E+43  2.9708E+39  9.6024E+43
  5.6230E+00  1.2755E+44  4.2742E+43  2.0791E+39  8.4805E+43
  5.9570E+00  1.1300E+44  3.8683E+43  1.4466E+39  7.4316E+43
  6.3100E+00  9.9583E+43  3.4872E+43  9.9869E+38  6.4710E+43
  6.6830E+00  8.7896E+43  3.1882E+43  6.8777E+38  5.6014E+43
  7.0790E+00  7.7220E+43  2.9030E+43  4.6830E+38  4.8190E+43
  7.4990E+00  6.8726E+43  2.7496E+43  3.1894E+38  4.1229E+43
  7.9430E+00  6.5958E+43  3.0848E+43  2.3415E+38  3.5109E+43
  8.4140E+00  6.8936E+43  3.9184E+43  1.9879E+38  2.9752E+43
  8.9130E+00  7.1317E+43  4.6213E+43  1.7825E+38  2.5104E+43
  9.4410E+00  7.2578E+43  5.1477E+43  1.7449E+38  2.1101E+43
  1.0000E+01  6.1809E+43  4.4138E+43  1.2831E+38  1.7671E+43
  1.0590E+01  5.0838E+43  3.6080E+43  8.8505E+37  1.4758E+43
  1.1220E+01  4.0819E+43  2.8552E+43  5.5439E+37  1.2267E+43
  1.1890E+01  3.3229E+43  2.3070E+43  3.5137E+37  1.0159E+43
  1.2590E+01  2.7446E+43  1.9034E+43  2.2036E+37  8.4119E+42
  1.3340E+01  2.3070E+43  1.6138E+43  1.3802E+37  6.9319E+42
  1.4130E+01  2.0171E+43  1.4466E+43  8.7946E+36  5.7050E+42
  1.4960E+01  1.8995E+43  1.4303E+43  6.1876E+36  4.6919E+42
  1.5850E+01  1.8399E+43  1.4557E+43  4.6621E+36  3.8414E+42
  1.6790E+01  1.8078E+43  1.4937E+43  3.7001E+36  3.1409E+42
  1.7780E+01  1.7685E+43  1.5119E+43  3.0084E+36  2.5663E+42
  1.8840E+01  1.6932E+43  1.4844E+43  2.3975E+36  2.0888E+42
  1.9950E+01  1.5837E+43  1.4136E+43  1.8111E+36  1.7013E+42
  2.1130E+01  1.4820E+43  1.3437E+43  1.3244E+36  1.3827E+42
  2.2390E+01  1.3983E+43  1.2862E+43  9.7202E+35  1.1203E+42
  2.3710E+01  1.3254E+43  1.2345E+43  7.1361E+35  9.0864E+41
  2.5120E+01  1.2548E+43  1.1813E+43  5.2470E+35  7.3479E+41
  2.6610E+01  1.1819E+43  1.1225E+43  3.8335E+35  5.9383E+41
  2.8180E+01  1.1043E+43  1.0563E+43  2.7902E+35  4.7994E+41
  2.9850E+01  1.0194E+43  9.8067E+42  2.0140E+35  3.8717E+41
  3.1620E+01  9.2715E+42  8.9596E+42  1.4349E+35  3.1199E+41
  3.3500E+01  8.2928E+42  8.0418E+42  1.0079E+35  2.5106E+41
  3.5480E+01  7.2928E+42  7.0907E+42  6.9786E+34  2.0210E+41
  3.7580E+01  6.2997E+42  6.1372E+42  4.7546E+34  1.6253E+41
  3.9810E+01  5.3408E+42  5.2103E+42  3.1859E+34  1.3054E+41
  4.2170E+01  4.4536E+42  4.3488E+42  2.1014E+34  1.0479E+41
  4.4670E+01  3.6578E+42  3.5738E+42  1.3645E+34  8.4074E+40
  4.7320E+01  2.9640E+42  2.8966E+42  8.7399E+33  6.7400E+40
  5.0120E+01  2.3732E+42  2.3191E+42  5.5313E+33  5.4034E+40
  5.3090E+01  1.8787E+42  1.8354E+42  3.4614E+33  4.3282E+40
  5.6230E+01  1.4734E+42  1.4387E+42  2.1457E+33  3.4667E+40
  5.9570E+01  1.1447E+42  1.1169E+42  1.3176E+33  2.7728E+40
  6.3100E+01  8.8290E+41  8.6072E+41  8.0349E+32  2.2180E+40
  6.6830E+01  6.7669E+41  6.5895E+41  4.8702E+32  1.7744E+40
  7.0790E+01  5.1556E+41  5.0138E+41  2.9350E+32  1.4183E+40
  7.4990E+01  3.9064E+41  3.7931E+41  1.7599E+32  1.1329E+40
  7.9430E+01  2.9474E+41  2.8569E+41  1.0514E+32  9.0505E+39
  8.4140E+01  2.2146E+41  2.1424E+41  6.2566E+31  7.2256E+39
  8.9130E+01  1.6591E+41  1.6015E+41  3.7145E+31  5.7665E+39
  9.4410E+01  1.2396E+41  1.1936E+41  2.2005E+31  4.6021E+39
  1.0000E+02  9.2368E+40  8.8696E+40  1.3008E+31  3.6722E+39
  1.0590E+02  6.8749E+40  6.5817E+40  7.6869E+30  2.9317E+39
  1.1220E+02  5.1079E+40  4.8743E+40  4.5347E+30  2.3358E+39
  1.1890E+02  3.7978E+40  3.6119E+40  2.6784E+30  1.8590E+39
  1.2590E+02  2.8405E+40  2.6922E+40  1.5923E+30  1.4838E+39
  1.3340E+02  2.1304E+40  2.0123E+40  9.5069E+29  1.1811E+39
  1.4130E+02  1.5855E+40  1.4914E+40  5.6588E+29  9.4117E+38
  1.4960E+02  1.1564E+40  1.0813E+40  3.3047E+29  7.5121E+38
  1.5850E+02  8.3756E+39  7.7778E+39  1.9135E+29  5.9781E+38
  1.7780E+02  4.4400E+39  4.0606E+39  6.4859E+28  3.7942E+38
  1.9950E+02  2.3641E+39  2.1237E+39  2.2156E+28  2.4043E+38
  2.2390E+02  1.2600E+39  1.1079E+39  7.6102E+27  1.5216E+38
  2.5120E+02  6.7323E+38  5.7686E+38  2.6319E+27  9.6376E+37
  2.8180E+02  3.6049E+38  2.9945E+38  9.1646E+26  6.1043E+37
  3.1620E+02  1.9347E+38  1.5485E+38  3.2126E+26  3.8617E+37
  3.5480E+02  1.0428E+38  7.9859E+37  1.1355E+26  2.4421E+37
  3.9810E+02  5.6521E+37  4.1079E+37  4.0517E+25  1.5442E+37
  4.4670E+02  3.0839E+37  2.1079E+37  1.4598E+25  9.7603E+36
  5.0120E+02  1.6966E+37  1.0796E+37  5.3142E+24  6.1695E+36
  5.6230E+02  9.4216E+36  5.5213E+36  1.9544E+24  3.9003E+36
  6.3100E+02  5.2791E+36  2.8162E+36  7.2537E+23  2.4629E+36
  7.0790E+02  2.9925E+36  1.4357E+36  2.7204E+23  1.5568E+36
  7.9430E+02  1.7136E+36  7.3031E+35  1.0283E+23  9.8325E+35
  8.9130E+02  9.9167E+35  3.7090E+35  3.9168E+22  6.2077E+35
  1.0000E+03  5.8037E+35  1.8823E+35  1.5035E+22  3.9214E+35
