  1.0000E-03  2.0148E+42  0.0000E+00  1.8947E+42  1.2009E+41
  1.1220E-03  8.3806E+41  0.0000E+00  8.2388E+41  1.4188E+40
  1.2590E-03  3.6462E+41  0.0000E+00  3.6317E+41  1.4525E+39
  1.4130E-03  1.6342E+41  0.0000E+00  1.6328E+41  1.3371E+38
  1.5850E-03  8.9061E+40  0.0000E+00  8.9043E+40  1.7844E+37
  1.7780E-03  1.0077E+41  0.0000E+00  1.0076E+41  9.5171E+36
  1.9950E-03  3.9013E+40  0.0000E+00  3.9013E+40  1.6533E+35
  2.2390E-03  1.8016E+40  0.0000E+00  1.8016E+40  7.5959E+33
  2.5120E-03  2.1520E+40  0.0000E+00  2.1519E+40  2.0595E+33
  2.8180E-03  7.6886E+39  0.0000E+00  7.6886E+39  6.1112E+30
  3.1620E-03  3.1110E+39  0.0000E+00  3.1110E+39  3.3303E+28
  3.5480E-03  1.3409E+39  0.0000E+00  1.3409E+39  2.4778E+26
  3.9810E-03  6.2328E+38  0.0000E+00  6.2328E+38  2.9265E+24
  4.4670E-03  3.8150E+40  0.0000E+00  3.8150E+40  2.6123E+32
  5.0120E-03  1.4540E+40  0.0000E+00  1.4540E+40  4.8108E+29
  5.6230E-03  5.7204E+39  0.0000E+00  5.7204E+39  9.3441E+26
  5.9570E-03  3.6741E+39  0.0000E+00  3.6741E+39  4.7299E+25
  6.6830E-03  1.6746E+39  0.0000E+00  1.6746E+39  2.3084E+23
  7.4990E-03  9.2091E+38  0.0000E+00  9.2091E+38  3.4488E+21
  8.4140E-03  4.4605E+38  0.0000E+00  4.4605E+38  2.3297E+19
  9.4410E-03  2.4607E+38  0.0000E+00  2.4607E+38  4.2405E+17
  1.0590E-02  1.7596E+38  0.0000E+00  1.7596E+38  6.8157E+16
  1.1890E-02  1.0064E+38  0.0000E+00  1.0064E+38  7.3683E+14
  1.3340E-02  6.0956E+37  0.0000E+00  6.0956E+37  2.4865E+13
  1.4960E-02  3.3385E+37  0.0000E+00  3.3385E+37  3.3631E+11
  1.6790E-02  1.8941E+37  0.0000E+00  1.8941E+37  6.7310E+09
  1.8840E-02  1.1369E+37  0.0000E+00  1.1369E+37  2.2316E+08
  2.1130E-02  6.6946E+36  0.0000E+00  6.6946E+36  4.7593E+06
  2.3710E-02  3.7948E+36  0.0000E+00  3.7948E+36  8.6597E+04
  2.6610E-02  2.0256E+36  0.0000E+00  2.0256E+36  1.0871E+03
  2.9850E-02  1.0812E+36  0.0000E+00  1.0812E+36  1.4585E+01
  3.3500E-02  5.6579E+35  0.0000E+00  5.6579E+35  1.8171E-01
  3.7580E-02  5.0196E+35  0.0000E+00  5.0196E+35  6.1691E-02
  4.2170E-02  3.2571E+35  0.0000E+00  3.2571E+35  7.2781E-04
  4.7320E-02  6.7535E+34  3.6643E-88  6.7535E+34  1.8334E-08
  5.3090E-02  9.3462E+33  2.0677E-84  9.3462E+33  5.2865E-14
  6.6830E-02  3.7256E+30  1.0954E-90  3.7256E+30  5.9014E-36
  7.4990E-02  2.0915E+28  0.0000E+00  2.0915E+28  5.6217E-50
  8.4140E-02  7.1846E+28  7.4517E-89  7.1846E+28  1.6601E-46
  9.4410E-02  1.8016E+29  4.7232E-81  1.8016E+29  4.2471E-44
  1.0590E-01  6.8746E+30  8.2409E-67  6.8746E+30  2.4111E-34
  1.1890E-01  3.3943E+32  5.7283E-52  3.3943E+32  2.6375E-23
  1.3340E-01  5.6234E+33  1.2627E-40  5.6234E+33  2.5340E-15
  1.4960E-01  2.9268E+34  2.8467E-32  2.9268E+34  3.3463E-10
  1.5850E-01  3.7335E+34  1.1691E-29  3.7335E+34  2.7424E-09
  1.7780E-01  1.7880E+34  4.1168E-27  1.7880E+34  6.1569E-11
  1.9950E-01  4.2254E+32  5.0816E-30  4.2254E+32  2.5589E-20
  2.2390E-01  4.1371E+31  1.1623E-30  4.1371E+31  4.9580E-26
  2.3710E-01  5.2378E+32  2.2323E-24  5.2378E+32  3.7393E-19
  2.5120E-01  6.7824E+33  5.7397E-18  6.7824E+33  5.5588E-12
  2.6610E-01  3.5724E+34  3.1069E-13  3.5724E+34  3.9462E-07
  2.8180E-01  1.1187E+35  1.6391E-09  1.1187E+35  1.2427E-03
  2.9850E-01  2.6888E+35  2.2917E-06  2.6888E+35  7.0795E-01
  3.1620E-01  5.8963E+35  1.7393E-03  5.8963E+35  2.0814E+02
  3.3500E-01  1.2039E+36  8.2695E-01  1.2039E+36  3.7996E+04
  3.5480E-01  2.2559E+36  2.3143E+02  2.2559E+36  4.0020E+06
  3.7580E-01  4.1581E+36  5.4395E+04  4.1581E+36  3.9027E+08
  3.9810E-01  7.2666E+36  8.5122E+06  7.2666E+36  2.5255E+10
  4.2170E-01  1.3284E+37  1.4674E+09  1.3284E+37  2.2418E+12
  4.4670E-01  2.3930E+37  1.9958E+11  2.3930E+37  1.6777E+14
  4.7320E-01  4.2432E+37  2.2663E+13  4.2432E+37  1.1251E+16
  5.0120E-01  7.3457E+37  2.0848E+15  7.3457E+37  6.4567E+17
  5.3090E-01  1.2739E+38  1.7806E+17  1.2739E+38  3.7792E+19
  5.6230E-01  2.1166E+38  1.0955E+19  2.1166E+38  1.5732E+21
  5.9570E-01  3.4255E+38  5.4111E+20  3.4255E+38  5.3211E+22
  6.3100E-01  5.4942E+38  2.3310E+22  5.4942E+38  1.6523E+24
  6.6830E-01  8.7190E+38  8.7893E+23  8.7190E+38  4.6787E+25
  7.0790E-01  1.3706E+39  2.8527E+25  1.3706E+39  1.1600E+27
  7.4990E-01  2.1010E+39  7.4610E+26  2.1010E+39  2.2892E+28
  7.9430E-01  3.1902E+39  1.7008E+28  3.1902E+39  3.9892E+29
  8.4140E-01  4.8252E+39  3.4713E+29  4.8252E+39  6.2721E+30
  8.9130E-01  7.4117E+39  6.9103E+30  7.4117E+39  9.8034E+31
  9.4410E-01  1.1364E+40  1.2091E+32  1.1364E+40  1.3325E+33
  1.0000E+00  1.7169E+40  1.7228E+33  1.7168E+40  1.4497E+34
  1.0590E+00  2.5814E+40  2.0278E+34  2.5814E+40  1.2994E+35
  1.1220E+00  3.8944E+40  2.0514E+35  3.8943E+40  1.0018E+36
  1.1890E+00  5.9151E+40  1.8144E+36  5.9143E+40  6.8021E+36
  1.2590E+00  9.1004E+40  1.4394E+37  9.0947E+40  4.2181E+37
  1.3340E+00  1.4008E+41  9.6689E+37  1.3976E+41  2.2339E+38
  1.4130E+00  2.1307E+41  5.2741E+38  2.1157E+41  9.7740E+38
  1.4960E+00  3.2178E+41  2.4194E+39  3.1569E+41  3.6627E+39
  1.5850E+00  4.8783E+41  9.6988E+39  4.6599E+41  1.2144E+40
  1.6790E+00  7.5294E+41  3.4555E+40  6.8194E+41  3.6447E+40
  1.7780E+00  1.1965E+42  1.0991E+41  9.8702E+41  9.9530E+40
  1.8840E+00  1.9668E+42  3.1263E+41  1.4078E+42  2.4641E+41
  1.9950E+00  3.3128E+42  7.9301E+41  1.9662E+42  5.5359E+41
  2.1130E+00  5.5977E+42  1.7995E+42  2.6703E+42  1.1279E+42
  2.2390E+00  9.2597E+42  3.6689E+42  3.4981E+42  2.0927E+42
  2.3710E+00  1.4699E+43  6.7559E+42  4.3838E+42  3.5589E+42
  2.5120E+00  2.2165E+43  1.1348E+43  5.2376E+42  5.5797E+42
  2.6610E+00  3.1662E+43  1.7552E+43  5.9587E+42  8.1515E+42
  2.8180E+00  4.2933E+43  2.5256E+43  6.4656E+42  1.1211E+43
  2.9850E+00  5.5446E+43  3.4123E+43  6.7081E+42  1.4614E+43
  3.1620E+00  6.8576E+43  4.3669E+43  6.6843E+42  1.8223E+43
  3.3500E+00  8.1324E+43  5.3176E+43  6.3968E+42  2.1751E+43
  3.5480E+00  9.3401E+43  6.2256E+43  5.9349E+42  2.5209E+43
  3.7580E+00  1.0402E+44  7.0312E+43  5.3387E+42  2.8370E+43
  3.9810E+00  1.1273E+44  7.6925E+43  4.6706E+42  3.1131E+43
  4.2170E+00  1.1930E+44  8.1870E+43  3.9869E+42  3.3442E+43
  4.4670E+00  1.2366E+44  8.5054E+43  3.3288E+42  3.5274E+43
  4.7320E+00  1.2567E+44  8.6390E+43  2.7185E+42  3.6560E+43
  5.0120E+00  1.2559E+44  8.6009E+43  2.1779E+42  3.7399E+43
  5.3090E+00  1.2225E+44  8.4042E+43  1.6959E+42  3.6508E+43
  5.6230E+00  1.1697E+44  8.0768E+43  1.2934E+42  3.4906E+43
  5.9570E+00  1.1016E+44  7.6488E+43  9.6730E+41  3.2700E+43
  6.3100E+00  1.0240E+44  7.1450E+43  7.1166E+41  3.0243E+43
  6.6830E+00  9.4725E+43  6.6678E+43  5.1815E+41  2.7529E+43
  7.0790E+00  8.6762E+43  6.1588E+43  3.7083E+41  2.4804E+43
  7.4990E+00  7.5705E+43  5.4623E+43  2.4643E+41  2.0836E+43
  7.9430E+00  5.3860E+43  4.0868E+43  1.2628E+41  1.2867E+43
  8.4140E+00  2.9992E+43  2.4583E+43  5.1680E+40  5.3571E+42
  8.9130E+00  1.7394E+43  1.5192E+43  2.3963E+40  2.1782E+42
  9.4410E+00  1.1128E+43  1.0213E+43  1.3547E+40  9.0170E+41
  1.0000E+01  1.2954E+43  1.1891E+43  1.3592E+40  1.0501E+42
  1.0590E+01  1.6065E+43  1.4638E+43  1.4561E+40  1.4129E+42
  1.1220E+01  2.0075E+43  1.8066E+43  1.5055E+40  1.9935E+42
  1.1890E+01  2.2573E+43  2.0130E+43  1.3959E+40  2.4285E+42
  1.2590E+01  2.3984E+43  2.1217E+43  1.1972E+40  2.7559E+42
  1.3340E+01  2.3947E+43  2.1070E+43  9.4212E+39  2.8669E+42
  1.4130E+01  2.2697E+43  2.0029E+43  6.7422E+39  2.6614E+42
  1.4960E+01  2.0722E+43  1.8658E+43  4.5295E+39  2.0594E+42
  1.5850E+01  1.8882E+43  1.7375E+43  3.1101E+39  1.5032E+42
  1.6790E+01  1.7290E+43  1.6208E+43  2.2173E+39  1.0794E+42
  1.7780E+01  1.6015E+43  1.5207E+43  1.6677E+39  8.0660E+41
  1.8840E+01  1.5019E+43  1.4359E+43  1.3140E+39  6.5793E+41
  1.9950E+01  1.4138E+43  1.3548E+43  1.0455E+39  5.8936E+41
  2.1130E+01  1.3155E+43  1.2622E+43  8.0301E+38  5.3226E+41
  2.2390E+01  1.2078E+43  1.1607E+43  6.0376E+38  4.6993E+41
  2.3710E+01  1.0977E+43  1.0567E+43  4.4627E+38  4.0989E+41
  2.5120E+01  9.8581E+42  9.5052E+42  3.2585E+38  3.5252E+41
  2.6610E+01  8.7568E+42  8.4556E+42  2.3451E+38  3.0101E+41
  2.8180E+01  7.6958E+42  7.4402E+42  1.6718E+38  2.5536E+41
  2.9850E+01  6.6789E+42  6.4635E+42  1.1784E+38  2.1524E+41
  3.1620E+01  5.7217E+42  5.5408E+42  8.1987E+37  1.8078E+41
  3.3500E+01  4.8352E+42  4.6839E+42  5.6301E+37  1.5128E+41
  3.5480E+01  4.0355E+42  3.9091E+42  3.8203E+37  1.2636E+41
  3.7580E+01  3.3223E+42  3.2169E+42  2.5582E+37  1.0536E+41
  3.9810E+01  2.6951E+42  2.6073E+42  1.6906E+37  8.7778E+40
  4.2170E+01  2.1583E+42  2.0853E+42  1.1025E+37  7.3032E+40
  4.4670E+01  1.7076E+42  1.6470E+42  7.0894E+36  6.0641E+40
  4.7320E+01  1.3363E+42  1.2861E+42  4.5015E+36  5.0216E+40
  5.0120E+01  1.0358E+42  9.9435E+41  2.8262E+36  4.1494E+40
  5.3090E+01  7.9545E+41  7.6127E+41  1.7550E+36  3.4181E+40
  5.6230E+01  6.0630E+41  5.7821E+41  1.0797E+36  2.8087E+40
  5.9570E+01  4.5845E+41  4.3545E+41  6.5786E+35  2.2994E+40
  6.3100E+01  3.4474E+41  3.2596E+41  3.9803E+35  1.8783E+40
  6.6830E+01  2.5801E+41  2.4270E+41  2.3936E+35  1.5312E+40
  7.0790E+01  1.9222E+41  1.7977E+41  1.4311E+35  1.2445E+40
  7.4990E+01  1.4263E+41  1.3254E+41  8.5129E+34  1.0091E+40
  7.9430E+01  1.0555E+41  9.7383E+40  5.0469E+34  8.1685E+39
  8.4140E+01  7.7908E+40  7.1310E+40  2.9813E+34  6.5984E+39
  8.9130E+01  5.7424E+40  5.2103E+40  1.7576E+34  5.3206E+39
  9.4410E+01  4.2277E+40  3.7992E+40  1.0345E+34  4.2851E+39
  1.0000E+02  3.1096E+40  2.7649E+40  6.0808E+33  3.4470E+39
  1.0590E+02  2.2883E+40  2.0112E+40  3.5755E+33  2.7714E+39
  1.1220E+02  1.6830E+40  1.4609E+40  2.0997E+33  2.2218E+39
  1.1890E+02  1.2401E+40  1.0623E+40  1.2350E+33  1.7779E+39
  1.2590E+02  9.2006E+39  7.7750E+39  7.3137E+32  1.4256E+39
  1.3340E+02  6.8466E+39  5.7073E+39  4.3488E+32  1.1392E+39
  1.4130E+02  5.0732E+39  4.1621E+39  2.5848E+32  9.1118E+38
  1.4960E+02  3.7079E+39  2.9778E+39  1.5152E+32  7.3003E+38
  1.5850E+02  2.6983E+39  2.1153E+39  8.8221E+31  5.8294E+38
  1.7780E+02  1.4503E+39  1.0782E+39  3.0306E+31  3.7201E+38
  1.9950E+02  7.8831E+38  5.5158E+38  1.0533E+31  2.3673E+38
  2.2390E+02  4.3234E+38  2.8205E+38  3.6981E+30  1.5030E+38
  2.5120E+02  2.3969E+38  1.4425E+38  1.3133E+30  9.5441E+37
  2.8180E+02  1.3427E+38  7.3696E+37  4.7154E+29  6.0573E+37
  3.1620E+02  7.5950E+37  3.7569E+37  1.7098E+29  3.8381E+37
  3.5480E+02  4.3432E+37  1.9130E+37  6.2646E+28  2.4302E+37
  3.9810E+02  2.5112E+37  9.7295E+36  2.3199E+28  1.5382E+37
  4.4670E+02  1.4673E+37  4.9423E+36  8.6745E+27  9.7302E+36
  5.0120E+02  8.6630E+36  2.5087E+36  3.2740E+27  6.1543E+36
  5.6230E+02  5.1655E+36  1.2727E+36  1.2460E+27  3.8927E+36
  6.3100E+02  3.1037E+36  6.4455E+35  4.7735E+26  2.4591E+36
  7.0790E+02  1.8814E+36  3.2651E+35  1.8425E+26  1.5549E+36
  7.9430E+02  1.1474E+36  1.6515E+35  7.1459E+25  9.8228E+35
  8.9130E+02  7.0374E+35  8.3454E+34  2.7837E+25  6.2028E+35
  1.0000E+03  4.3405E+35  4.2164E+34  1.0895E+25  3.9189E+35
