  1.0000E-03  9.9732E+44  0.0000E+00  1.2070E+44  8.7662E+44
  1.1220E-03  1.1196E+45  0.0000E+00  1.3605E+44  9.8357E+44
  1.2590E-03  1.2496E+45  0.0000E+00  1.4596E+44  1.1037E+45
  1.4130E-03  1.3898E+45  0.0000E+00  1.5115E+44  1.2387E+45
  1.5850E-03  1.5472E+45  0.0000E+00  1.5777E+44  1.3894E+45
  1.7780E-03  1.7559E+45  0.0000E+00  1.9731E+44  1.5586E+45
  1.9950E-03  1.9500E+45  0.0000E+00  2.0123E+44  1.7488E+45
  2.2390E-03  2.1593E+45  0.0000E+00  1.9658E+44  1.9627E+45
  2.5120E-03  2.4521E+45  0.0000E+00  2.5011E+44  2.2020E+45
  2.8180E-03  2.7133E+45  0.0000E+00  2.4306E+44  2.4702E+45
  3.1620E-03  3.0052E+45  0.0000E+00  2.3331E+44  2.7718E+45
  3.5480E-03  3.3322E+45  0.0000E+00  2.2193E+44  3.1103E+45
  3.9810E-03  3.6987E+45  0.0000E+00  2.0890E+44  3.4898E+45
  4.4670E-03  4.3752E+45  0.0000E+00  4.5937E+44  3.9158E+45
  5.0120E-03  4.9246E+45  0.0000E+00  5.3101E+44  4.3936E+45
  5.6230E-03  5.5309E+45  0.0000E+00  6.0170E+44  4.9292E+45
  5.9570E-03  5.8584E+45  0.0000E+00  6.3639E+44  5.2220E+45
  6.6830E-03  6.5627E+45  0.0000E+00  7.0413E+44  5.8585E+45
  7.4990E-03  7.3548E+45  0.0000E+00  7.8101E+44  6.5738E+45
  8.4140E-03  8.2211E+45  0.0000E+00  8.4528E+44  7.3758E+45
  9.4410E-03  9.1858E+45  0.0000E+00  9.0974E+44  8.2761E+45
  1.0590E-02  1.0259E+46  0.0000E+00  9.7593E+44  9.2833E+45
  1.1890E-02  1.1480E+46  0.0000E+00  1.0569E+45  1.0423E+46
  1.3340E-02  1.2818E+46  0.0000E+00  1.1242E+45  1.1694E+46
  1.4960E-02  1.4307E+46  0.0000E+00  1.1925E+45  1.3114E+46
  1.6790E-02  1.5981E+46  0.0000E+00  1.2623E+45  1.4718E+46
  1.8840E-02  1.7851E+46  0.0000E+00  1.3360E+45  1.6515E+46
  2.1130E-02  1.9942E+46  0.0000E+00  1.4186E+45  1.8524E+46
  2.3710E-02  2.2287E+46  0.0000E+00  1.5025E+45  2.0785E+46
  2.6610E-02  2.4913E+46  0.0000E+00  1.5871E+45  2.3326E+46
  2.9850E-02  2.7839E+46  1.8689E-82  1.6725E+45  2.6166E+46
  3.3500E-02  3.1118E+46  1.1809E-67  1.7517E+45  2.9367E+46
  3.7580E-02  3.4808E+46  1.4850E-54  1.8653E+45  3.2942E+46
  4.2170E-02  3.9280E+46  6.3796E-43  2.3132E+45  3.6967E+46
  4.7320E-02  4.3900E+46  1.6365E-32  2.4183E+45  4.1482E+46
  5.3090E-02  4.5486E+46  2.8555E-23  2.2732E+45  4.3212E+46
  6.6830E-02  4.2829E+46  9.3251E-08  1.5609E+45  4.1268E+46
  7.4990E-02  4.1550E+46  2.8174E-01  1.2213E+45  4.0328E+46
  8.4140E-02  4.0656E+46  1.4445E+05  1.2463E+45  3.9410E+46
  9.4410E-02  3.9798E+46  1.6956E+10  1.2853E+45  3.8513E+46
  1.0590E-01  3.6524E+46  4.8214E+14  1.4687E+45  3.5055E+46
  1.1890E-01  3.0904E+46  4.0211E+18  1.4364E+45  2.9467E+46
  1.3340E-01  2.6135E+46  9.3141E+21  1.3393E+45  2.4795E+46
  1.4960E-01  2.1858E+46  1.1612E+25  9.7938E+44  2.0878E+46
  1.5850E-01  1.9943E+46  3.4693E+26  7.9791E+44  1.9145E+46
  1.7780E-01  1.6723E+46  1.7040E+29  6.0849E+44  1.6114E+46
  1.9950E-01  1.3982E+46  4.2766E+31  4.2417E+44  1.3558E+46
  2.2390E-01  1.1769E+46  4.6152E+33  3.6528E+44  1.1403E+46
  2.3710E-01  1.0884E+46  3.2497E+34  4.1973E+44  1.0464E+46
  2.5120E-01  1.0046E+46  1.9967E+35  4.5001E+44  9.5958E+45
  2.6610E-01  9.2428E+45  1.1250E+36  4.4157E+44  8.8012E+45
  2.8180E-01  8.4926E+45  5.7299E+36  4.1651E+44  8.0761E+45
  2.9850E-01  7.7977E+45  2.6406E+37  3.8984E+44  7.4079E+45
  3.1620E-01  7.1624E+45  1.0904E+38  3.6777E+44  6.7947E+45
  3.3500E-01  6.5779E+45  4.1008E+38  3.4712E+44  6.2308E+45
  3.5480E-01  6.0438E+45  1.4079E+39  3.2730E+44  5.7165E+45
  3.7580E-01  5.5533E+45  4.4625E+39  3.0917E+44  5.2442E+45
  3.9810E-01  5.1027E+45  1.3014E+40  2.9293E+44  4.8097E+45
  4.2170E-01  4.6911E+45  3.4877E+40  2.7947E+44  4.4116E+45
  4.4670E-01  4.3147E+45  8.6617E+40  2.6797E+44  4.0466E+45
  4.7320E-01  3.9688E+45  2.0216E+41  2.5714E+44  3.7115E+45
  5.0120E-01  3.6518E+45  4.4461E+41  2.4660E+44  3.4048E+45
  5.3090E-01  3.3609E+45  9.2651E+41  2.3679E+44  3.1232E+45
  5.6230E-01  3.0944E+45  1.8266E+42  2.2748E+44  2.8651E+45
  5.9570E-01  2.8496E+45  3.4306E+42  2.1865E+44  2.6276E+45
  6.3100E-01  2.6268E+45  6.1350E+42  2.1036E+44  2.4103E+45
  6.6830E-01  2.4244E+45  1.0463E+43  2.0252E+44  2.2114E+45
  7.0790E-01  2.2408E+45  1.7092E+43  1.9529E+44  2.0284E+45
  7.4990E-01  2.0755E+45  2.6784E+43  1.8825E+44  1.8605E+45
  7.9430E-01  1.9284E+45  4.0329E+43  1.8148E+44  1.7066E+45
  8.4140E-01  1.7992E+45  5.8572E+43  1.7532E+44  1.5653E+45
  8.9130E-01  1.6879E+45  8.2329E+43  1.6979E+44  1.4357E+45
  9.4410E-01  1.5939E+45  1.1196E+44  1.6491E+44  1.3170E+45
  1.0000E+00  1.5160E+45  1.4756E+44  1.6031E+44  1.2081E+45
  1.0590E+00  1.4535E+45  1.8890E+44  1.5602E+44  1.1086E+45
  1.1220E+00  1.4046E+45  2.3639E+44  1.5171E+44  1.0165E+45
  1.1890E+00  1.3684E+45  2.8957E+44  1.4701E+44  9.3183E+44
  1.2590E+00  1.3428E+45  3.4614E+44  1.4144E+44  8.5520E+44
  1.3340E+00  1.3252E+45  4.0575E+44  1.3532E+44  7.8411E+44
  1.4130E+00  1.3128E+45  4.6472E+44  1.2880E+44  7.1927E+44
  1.4960E+00  1.3035E+45  5.2163E+44  1.2162E+44  6.6026E+44
  1.5850E+00  1.2962E+45  5.7717E+44  1.1360E+44  6.0543E+44
  1.6790E+00  1.2873E+45  6.2745E+44  1.0451E+44  5.5530E+44
  1.7780E+00  1.2739E+45  6.7003E+44  9.4294E+43  5.0957E+44
  1.8840E+00  1.2561E+45  7.0561E+44  8.3344E+43  4.6719E+44
  1.9950E+00  1.2323E+45  7.3150E+44  7.2029E+43  4.2875E+44
  2.1130E+00  1.2024E+45  7.4814E+44  6.0900E+43  3.9333E+44
  2.2390E+00  1.1657E+45  7.5467E+44  5.0394E+43  3.6061E+44
  2.3710E+00  1.1225E+45  7.5074E+44  4.0856E+43  3.3092E+44
  2.5120E+00  1.0743E+45  7.3826E+44  3.2555E+43  3.0344E+44
  2.6610E+00  1.0211E+45  7.1730E+44  2.5525E+43  2.7832E+44
  2.8180E+00  9.6362E+44  6.8852E+44  1.9714E+43  2.5538E+44
  2.9850E+00  9.0338E+44  6.5408E+44  1.5031E+43  2.3426E+44
  3.1620E+00  8.4101E+44  6.1482E+44  1.1323E+43  2.1487E+44
  3.3500E+00  7.7966E+44  5.7417E+44  8.4564E+42  1.9704E+44
  3.5480E+00  7.1762E+44  5.3059E+44  6.2504E+42  1.8078E+44
  3.7580E+00  6.5722E+44  4.8680E+44  4.5819E+42  1.6583E+44
  3.9810E+00  5.9891E+44  4.4348E+44  3.3333E+42  1.5210E+44
  4.2170E+00  5.4318E+44  4.0126E+44  2.4080E+42  1.3951E+44
  4.4670E+00  4.9043E+44  3.6074E+44  1.7281E+42  1.2796E+44
  4.7320E+00  4.4128E+44  3.2268E+44  1.2327E+42  1.1737E+44
  5.0120E+00  3.9617E+44  2.8738E+44  8.7549E+41  1.0791E+44
  5.3090E+00  3.5142E+44  2.5478E+44  6.1335E+41  9.6024E+43
  5.6230E+00  3.1039E+44  2.2516E+44  4.2675E+41  8.4805E+43
  5.9570E+00  2.7317E+44  1.9856E+44  2.9513E+41  7.4316E+43
  6.3100E+00  2.3842E+44  1.7350E+44  2.0189E+41  6.4710E+43
  6.6830E+00  2.0868E+44  1.5253E+44  1.3798E+41  5.6014E+43
  7.0790E+00  1.8111E+44  1.3283E+44  9.2918E+40  4.8190E+43
  7.4990E+00  1.6237E+44  1.2107E+44  6.3821E+40  4.1229E+43
  7.9430E+00  1.7135E+44  1.3619E+44  5.1328E+40  3.5109E+43
  8.4140E+00  2.0356E+44  1.7376E+44  4.8625E+40  2.9752E+43
  8.9130E+00  2.2404E+44  1.9889E+44  4.5275E+40  2.5104E+43
  9.4410E+00  2.3283E+44  2.1169E+44  4.4049E+40  2.1101E+43
  1.0000E+01  1.9029E+44  1.7259E+44  3.1496E+40  1.7671E+43
  1.0590E+01  1.4767E+44  1.3289E+44  2.0912E+40  1.4758E+43
  1.1220E+01  1.0925E+44  9.6969E+43  1.2370E+40  1.2267E+43
  1.1890E+01  8.1444E+43  7.1277E+43  7.3315E+39  1.0159E+43
  1.2590E+01  6.0736E+43  5.2320E+43  4.2387E+39  8.4119E+42
  1.3340E+01  4.5765E+43  3.8831E+43  2.4300E+39  6.9319E+42
  1.4130E+01  3.6376E+43  3.0670E+43  1.4362E+39  5.7050E+42
  1.4960E+01  3.2826E+43  2.8133E+43  9.8317E+38  4.6919E+42
  1.5850E+01  3.0618E+43  2.6775E+43  7.2330E+38  3.8414E+42
  1.6790E+01  2.8677E+43  2.5535E+43  5.5486E+38  3.1409E+42
  1.7780E+01  2.6113E+43  2.3546E+43  4.2727E+38  2.5663E+42
  1.8840E+01  2.2499E+43  2.0410E+43  3.1418E+38  2.0888E+42
  1.9950E+01  1.8359E+43  1.6658E+43  2.1393E+38  1.7013E+42
  2.1130E+01  1.4779E+43  1.3396E+43  1.3947E+38  1.3827E+42
  2.2390E+01  1.1949E+43  1.0829E+43  9.0896E+37  1.1203E+42
  2.3710E+01  9.7055E+42  8.7968E+42  5.9195E+37  9.0864E+41
  2.5120E+01  7.8825E+42  7.1477E+42  3.8606E+37  7.3479E+41
  2.6610E+01  6.3913E+42  5.7974E+42  2.5064E+37  5.9383E+41
  2.8180E+01  5.1743E+42  4.6944E+42  1.6282E+37  4.7994E+41
  2.9850E+01  4.1665E+42  3.7794E+42  1.0540E+37  3.8717E+41
  3.1620E+01  3.3308E+42  3.0188E+42  6.7733E+36  3.1199E+41
  3.3500E+01  2.6404E+42  2.3893E+42  4.3193E+36  2.5106E+41
  3.5480E+01  2.0779E+42  1.8758E+42  2.7364E+36  2.0210E+41
  3.7580E+01  1.6191E+42  1.4566E+42  1.7169E+36  1.6253E+41
  3.9810E+01  1.2469E+42  1.1163E+42  1.0654E+36  1.3054E+41
  4.2170E+01  9.5134E+41  8.4655E+41  6.5467E+35  1.0479E+41
  4.4670E+01  7.1985E+41  6.3577E+41  3.9825E+35  8.4074E+40
  4.7320E+01  5.4091E+41  4.7351E+41  2.4029E+35  6.7400E+40
  5.0120E+01  4.0428E+41  3.5025E+41  1.4403E+35  5.4034E+40
  5.3090E+01  3.0060E+41  2.5732E+41  8.5809E+34  4.3282E+40
  5.6230E+01  2.2279E+41  1.8812E+41  5.0905E+34  3.4667E+40
  5.9570E+01  1.6447E+41  1.3675E+41  3.0057E+34  2.7728E+40
  6.3100E+01  1.2126E+41  9.9079E+40  1.7712E+34  2.2180E+40
  6.6830E+01  8.9337E+40  7.1593E+40  1.0425E+34  1.7744E+40
  7.0790E+01  6.5772E+40  5.1589E+40  6.1294E+33  1.4183E+40
  7.4990E+01  4.8411E+40  3.7082E+40  3.6019E+33  1.1329E+40
  7.9430E+01  3.5671E+40  2.6621E+40  2.1188E+33  9.0505E+39
  8.4140E+01  2.6307E+40  1.9082E+40  1.2470E+33  7.2256E+39
  8.9130E+01  1.9438E+40  1.3672E+40  7.3530E+32  5.7665E+39
  9.4410E+01  1.4394E+40  9.7915E+39  4.3448E+32  4.6021E+39
  1.0000E+02  1.0681E+40  7.0089E+39  2.5727E+32  3.6722E+39
  1.0590E+02  7.9534E+39  5.0217E+39  1.5287E+32  2.9317E+39
  1.1220E+02  5.9328E+39  3.5971E+39  9.0957E+31  2.3358E+39
  1.1890E+02  4.4414E+39  2.5824E+39  5.4306E+31  1.8590E+39
  1.2590E+02  3.3522E+39  1.8684E+39  3.2687E+31  1.4838E+39
  1.3340E+02  2.5379E+39  1.3568E+39  1.9759E+31  1.1811E+39
  1.4130E+02  1.9208E+39  9.7964E+38  1.1986E+31  9.4117E+38
  1.4960E+02  1.4457E+39  6.9450E+38  7.2278E+30  7.5121E+38
  1.5850E+02  1.0868E+39  4.8902E+38  4.3413E+30  5.9781E+38
  1.7780E+02  6.2474E+38  2.4532E+38  1.5891E+30  3.7942E+38
  1.9950E+02  3.6422E+38  1.2378E+38  5.8939E+29  2.4043E+38
  2.2390E+02  2.1470E+38  6.2547E+37  2.2099E+29  1.5216E+38
  2.5120E+02  1.2804E+38  3.1665E+37  8.3764E+28  9.6376E+37
  2.8180E+02  7.7078E+37  1.6035E+37  3.2029E+28  6.1043E+37
  3.1620E+02  4.6729E+37  8.1115E+36  1.2324E+28  3.8617E+37
  3.5480E+02  2.8524E+37  4.1028E+36  4.7694E+27  2.4421E+37
  3.9810E+02  1.7516E+37  2.0745E+36  1.8561E+27  1.5442E+37
  4.4670E+02  1.0809E+37  1.0484E+36  7.2531E+26  9.7603E+36
  5.0120E+02  6.6992E+36  5.2977E+35  2.8452E+26  6.1695E+36
  5.6230E+02  4.1680E+36  2.6772E+35  1.1195E+26  3.9003E+36
  6.3100E+02  2.5980E+36  1.3511E+35  4.4123E+25  2.4629E+36
  7.0790E+02  1.6250E+36  6.8232E+34  1.7444E+25  1.5568E+36
  7.9430E+02  1.0177E+36  3.4420E+34  6.9019E+24  9.8325E+35
  8.9130E+02  6.3812E+35  1.7351E+34  2.7336E+24  6.2077E+35
  1.0000E+03  4.0088E+35  8.7478E+33  1.0846E+24  3.9214E+35
