  1.0000E-03  1.0054E+44  0.0000E+00  7.9101E+42  9.2627E+43
  1.1220E-03  6.6322E+43  0.0000E+00  7.4487E+42  5.8873E+43
  1.2590E-03  4.2716E+43  0.0000E+00  6.6043E+42  3.6111E+43
  1.4130E-03  2.7155E+43  0.0000E+00  5.5744E+42  2.1580E+43
  1.5850E-03  1.8962E+43  0.0000E+00  4.7828E+42  1.4180E+43
  1.7780E-03  1.8596E+43  0.0000E+00  5.3366E+42  1.3260E+43
  1.9950E-03  9.1423E+42  0.0000E+00  3.9360E+42  5.2063E+42
  2.2390E-03  5.4932E+42  0.0000E+00  2.8737E+42  2.6196E+42
  2.5120E-03  5.2818E+42  0.0000E+00  3.2128E+42  2.0690E+42
  2.8180E-03  2.6057E+42  0.0000E+00  2.0859E+42  5.1981E+41
  3.1620E-03  1.5471E+42  0.0000E+00  1.3947E+42  1.5235E+41
  3.5480E-03  1.0007E+42  0.0000E+00  9.5243E+41  4.8291E+40
  3.9810E-03  6.9010E+41  0.0000E+00  6.7290E+41  1.7193E+40
  4.4670E-03  1.0455E+43  0.0000E+00  8.6521E+42  1.8028E+42
  5.0120E-03  5.8594E+42  0.0000E+00  5.4553E+42  4.0406E+41
  5.6230E-03  3.5299E+42  0.0000E+00  3.4381E+42  9.1844E+40
  5.9570E-03  2.8045E+42  0.0000E+00  2.7592E+42  4.5353E+40
  6.6830E-03  1.8874E+42  0.0000E+00  1.8744E+42  1.3000E+40
  7.4990E-03  1.4002E+42  0.0000E+00  1.3952E+42  4.9457E+39
  8.4140E-03  9.9760E+41  0.0000E+00  9.9606E+41  1.5368E+39
  9.4410E-03  7.5171E+41  0.0000E+00  7.5110E+41  6.1355E+38
  1.0590E-02  6.1486E+41  0.0000E+00  6.1444E+41  4.2541E+38
  1.1890E-02  4.9658E+41  0.0000E+00  4.9643E+41  1.4880E+38
  1.3340E-02  3.9340E+41  0.0000E+00  3.9333E+41  6.9429E+37
  1.4960E-02  3.0553E+41  0.0000E+00  3.0550E+41  2.5685E+37
  1.6790E-02  2.3874E+41  0.0000E+00  2.3873E+41  1.0502E+37
  1.8840E-02  1.8902E+41  0.0000E+00  1.8902E+41  4.8802E+36
  2.1130E-02  1.5276E+41  0.0000E+00  1.5275E+41  2.0272E+36
  2.3710E-02  1.2111E+41  0.0000E+00  1.2111E+41  8.0928E+35
  2.6610E-02  9.3832E+40  0.0000E+00  9.3831E+40  2.9426E+35
  2.9850E-02  7.2335E+40  0.0000E+00  7.2335E+40  1.0885E+35
  3.3500E-02  5.5221E+40  2.5979E-79  5.5221E+40  3.9553E+34
  3.7580E-02  5.5103E+40  2.4556E-66  5.5103E+40  3.2818E+34
  4.2170E-02  5.1324E+40  3.6435E-55  5.1324E+40  1.1761E+34
  4.7320E-02  2.6458E+40  7.7780E-46  2.6458E+40  9.0603E+32
  5.3090E-02  1.1519E+40  6.9857E-38  1.1519E+40  3.8330E+31
  6.6830E-02  7.9562E+38  1.9169E-27  7.9562E+38  1.1548E+26
  7.4990E-02  2.0370E+38  3.5950E-24  2.0370E+38  3.5110E+22
  8.4140E-02  2.4864E+38  1.1572E-17  2.4864E+38  2.5297E+23
  9.4410E-02  3.1240E+38  4.8487E-12  3.1240E+38  9.8724E+23
  1.0590E-01  9.5367E+38  2.3834E-05  9.5367E+38  2.5051E+26
  1.1890E-01  3.8199E+39  6.9962E+01  3.8199E+39  1.2579E+29
  1.3340E-01  1.2441E+40  1.1500E+07  1.2441E+40  1.0874E+31
  1.4960E-01  2.5266E+40  2.1838E+11  2.5266E+40  1.8036E+32
  1.5850E-01  2.7361E+40  1.0741E+13  2.7361E+40  2.8598E+32
  1.7780E-01  1.6384E+40  2.3826E+15  1.6384E+40  9.9361E+31
  1.9950E-01  2.2118E+39  4.6006E+15  2.2118E+39  4.0622E+29
  2.2390E-01  6.7742E+38  2.6440E+16  6.7742E+38  1.3698E+28
  2.3710E-01  1.8174E+39  7.3766E+18  1.8174E+39  6.8003E+29
  2.5120E-01  4.9953E+39  2.1281E+21  4.9953E+39  3.9985E+31
  2.6610E-01  9.5460E+39  1.6418E+23  9.5460E+39  6.1689E+32
  2.8180E-01  1.4545E+40  5.5799E+24  1.4545E+40  4.3678E+33
  2.9850E-01  1.9976E+40  1.1545E+26  1.9976E+40  2.0145E+34
  3.1620E-01  2.6684E+40  1.8370E+27  2.6684E+40  7.8732E+34
  3.3500E-01  3.4793E+40  2.3842E+28  3.4792E+40  2.7306E+35
  3.5480E-01  4.3861E+40  2.4852E+29  4.3860E+40  8.2539E+35
  3.7580E-01  5.4839E+40  2.3557E+30  5.4837E+40  2.4494E+36
  3.9810E-01  6.7727E+40  1.8646E+31  6.7720E+40  6.5529E+36
  4.2170E-01  8.5415E+40  1.4657E+32  8.5396E+40  1.8998E+37
  4.4670E-01  1.0823E+41  1.0257E+33  1.0818E+41  5.2749E+37
  4.7320E-01  1.3678E+41  6.5808E+33  1.3663E+41  1.4249E+38
  5.0120E-01  1.7161E+41  3.8381E+34  1.7124E+41  3.7021E+38
  5.3090E-01  2.1598E+41  2.1355E+35  2.1501E+41  9.6702E+38
  5.6230E-01  2.6848E+41  1.0363E+36  2.6616E+41  2.3178E+39
  5.9570E-01  3.3157E+41  4.5606E+36  3.2630E+41  5.2709E+39
  6.3100E-01  4.1086E+41  1.8736E+37  3.9911E+41  1.1734E+40
  6.6830E-01  5.1145E+41  7.1858E+37  4.8585E+41  2.5528E+40
  7.0790E-01  6.4446E+41  2.5571E+38  5.9052E+41  5.3686E+40
  7.4990E-01  8.1785E+41  8.2582E+38  7.1046E+41  1.0656E+41
  7.9430E-01  1.0592E+42  2.4866E+39  8.5179E+41  2.0493E+41
  8.4140E-01  1.4083E+42  7.0474E+39  1.0173E+42  3.8396E+41
  8.9130E-01  1.9580E+42  1.9321E+40  1.2205E+42  7.1818E+41
  9.4410E-01  2.7983E+42  4.9586E+40  1.4518E+42  1.2969E+42
  1.0000E+00  4.0280E+42  1.1689E+41  1.6965E+42  2.2145E+42
  1.0590E+00  5.8123E+42  2.5538E+41  1.9554E+42  3.6015E+42
  1.1220E+00  8.3867E+42  5.2597E+41  2.2256E+42  5.6352E+42
  1.1890E+00  1.2064E+43  1.0288E+42  2.4983E+42  8.5365E+42
  1.2590E+00  1.7340E+43  1.9243E+42  2.7661E+42  1.2649E+43
  1.3340E+00  2.4398E+43  3.3983E+42  2.9990E+42  1.8001E+43
  1.4130E+00  3.3199E+43  5.5977E+42  3.1752E+42  2.4426E+43
  1.4960E+00  4.3891E+43  8.7054E+42  3.2879E+42  3.1898E+43
  1.5850E+00  5.6651E+43  1.2959E+43  3.3301E+42  4.0361E+43
  1.6790E+00  7.1642E+43  1.8525E+43  3.2990E+42  4.9818E+43
  1.7780E+00  8.8721E+43  2.5460E+43  3.1897E+42  6.0071E+43
  1.8840E+00  1.0737E+44  3.3740E+43  3.0036E+42  7.0626E+43
  1.9950E+00  1.2692E+44  4.3067E+43  2.7550E+42  8.1098E+43
  2.1130E+00  1.4636E+44  5.3054E+43  2.4621E+42  9.0845E+43
  2.2390E+00  1.6464E+44  6.3139E+43  2.1470E+42  9.9359E+43
  2.3710E+00  1.8096E+44  7.2732E+43  1.8321E+42  1.0640E+44
  2.5120E+00  1.9455E+44  8.1430E+43  1.5341E+42  1.1158E+44
  2.6610E+00  2.0508E+44  8.8825E+43  1.2642E+42  1.1499E+44
  2.8180E+00  2.1245E+44  9.4668E+43  1.0274E+42  1.1676E+44
  2.9850E+00  2.1671E+44  9.8943E+43  8.2517E+41  1.1694E+44
  3.1620E+00  2.1811E+44  1.0162E+44  6.5598E+41  1.1583E+44
  3.3500E+00  2.1696E+44  1.0298E+44  5.1687E+41  1.1346E+44
  3.5480E+00  2.1372E+44  1.0295E+44  4.0419E+41  1.1036E+44
  3.7580E+00  2.0869E+44  1.0183E+44  3.1373E+41  1.0655E+44
  3.9810E+00  2.0220E+44  9.9746E+43  2.4186E+41  1.0221E+44
  4.2170E+00  1.9459E+44  9.6869E+43  1.8531E+41  9.7534E+43
  4.4670E+00  1.8615E+44  9.3369E+43  1.4115E+41  9.2644E+43
  4.7320E+00  1.7713E+44  8.9412E+43  1.0683E+41  8.7612E+43
  5.0120E+00  1.6796E+44  8.5146E+43  8.0488E+40  8.2735E+43
  5.3090E+00  1.5605E+44  8.0643E+43  5.9358E+40  7.5344E+43
  5.6230E+00  1.4397E+44  7.6048E+43  4.3363E+40  6.7875E+43
  5.9570E+00  1.3200E+44  7.1490E+43  3.1398E+40  6.0480E+43
  6.3100E+00  1.2019E+44  6.6710E+43  2.2515E+40  5.3461E+43
  6.6830E+00  1.0952E+44  6.2646E+43  1.6082E+40  4.6862E+43
  7.0790E+00  9.9250E+43  5.8455E+43  1.1344E+40  4.0784E+43
  7.4990E+00  8.9521E+43  5.4787E+43  7.8127E+39  3.4726E+43
  7.9430E+00  7.9694E+43  5.2438E+43  5.1854E+39  2.7251E+43
  8.4140E+00  6.8636E+43  4.9353E+43  3.5519E+39  1.9280E+43
  8.9130E+00  5.8064E+43  4.4546E+43  2.6451E+39  1.3515E+43
  9.4410E+00  4.8733E+43  3.9241E+43  2.2196E+39  9.4901E+42
  1.0000E+01  4.6339E+43  3.7697E+43  1.7917E+39  8.6403E+42
  1.0590E+01  4.4567E+43  3.6421E+43  1.4189E+39  8.1439E+42
  1.1220E+01  4.2752E+43  3.5010E+43  1.0537E+39  7.7418E+42
  1.1890E+01  3.9944E+43  3.2873E+43  7.7108E+38  7.0708E+42
  1.2590E+01  3.7260E+43  3.0917E+43  5.5403E+38  6.3420E+42
  1.3340E+01  3.4599E+43  2.9055E+43  3.9009E+38  5.5443E+42
  1.4130E+01  3.2309E+43  2.7605E+43  2.6884E+38  4.7044E+42
  1.4960E+01  3.0673E+43  2.6863E+43  1.9014E+38  3.8096E+42
  1.5850E+01  2.9526E+43  2.6497E+43  1.4138E+38  3.0295E+42
  1.6790E+01  2.8800E+43  2.6403E+43  1.1052E+38  2.3967E+42
  1.7780E+01  2.8438E+43  2.6524E+43  9.0257E+37  1.9144E+42
  1.8840E+01  2.8376E+43  2.6817E+43  7.5011E+37  1.5590E+42
  1.9950E+01  2.8479E+43  2.7178E+43  6.1264E+37  1.3009E+42
  2.1130E+01  2.8683E+43  2.7597E+43  4.8708E+37  1.0860E+42
  2.2390E+01  2.8938E+43  2.8039E+43  3.8596E+37  8.9931E+41
  2.3710E+01  2.9157E+43  2.8414E+43  3.0402E+37  7.4301E+41
  2.5120E+01  2.9212E+43  2.8602E+43  2.3858E+37  6.1033E+41
  2.6610E+01  2.9016E+43  2.8516E+43  1.8527E+37  5.0020E+41
  2.8180E+01  2.8493E+43  2.8084E+43  1.4270E+37  4.0928E+41
  2.9850E+01  2.7583E+43  2.7249E+43  1.0866E+37  3.3387E+41
  3.1620E+01  2.6266E+43  2.5994E+43  8.1481E+36  2.7188E+41
  3.3500E+01  2.4568E+43  2.4347E+43  6.0122E+36  2.2096E+41
  3.5480E+01  2.2566E+43  2.2387E+43  4.3642E+36  1.7954E+41
  3.7580E+01  2.0344E+43  2.0198E+43  3.1138E+36  1.4571E+41
  3.9810E+01  1.7986E+43  1.7868E+43  2.1834E+36  1.1812E+41
  4.2170E+01  1.5620E+43  1.5525E+43  1.5050E+36  9.5684E+40
  4.4670E+01  1.3340E+43  1.3263E+43  1.0195E+36  7.7434E+40
  4.7320E+01  1.1219E+43  1.1157E+43  6.7992E+35  6.2586E+40
  5.0120E+01  9.3040E+42  9.2534E+42  4.4699E+35  5.0559E+40
  5.3090E+01  7.6123E+42  7.5715E+42  2.8986E+35  4.0785E+40
  5.6230E+01  6.1563E+42  6.1234E+42  1.8573E+35  3.2878E+40
  5.9570E+01  4.9212E+42  4.8948E+42  1.1759E+35  2.6451E+40
  6.3100E+01  3.8970E+42  3.8757E+42  7.3739E+34  2.1271E+40
  6.6830E+01  3.0596E+42  3.0425E+42  4.5842E+34  1.7098E+40
  7.0790E+01  2.3831E+42  2.3693E+42  2.8267E+34  1.3724E+40
  7.4990E+01  1.8423E+42  1.8313E+42  1.7301E+34  1.1004E+40
  7.9430E+01  1.4156E+42  1.4068E+42  1.0525E+34  8.8199E+39
  8.4140E+01  1.0813E+42  1.0742E+42  6.3647E+33  7.0623E+39
  8.9130E+01  8.2218E+41  8.1653E+41  3.8317E+33  5.6509E+39
  9.4410E+01  6.2244E+41  6.1792E+41  2.2971E+33  4.5202E+39
  1.0000E+02  4.6928E+41  4.6567E+41  1.3716E+33  3.6142E+39
  1.0590E+02  3.5288E+41  3.4999E+41  8.1708E+32  2.8905E+39
  1.1220E+02  2.6455E+41  2.6224E+41  4.8514E+32  2.3065E+39
  1.1890E+02  1.9822E+41  1.9638E+41  2.8797E+32  1.8383E+39
  1.2590E+02  1.4920E+41  1.4773E+41  1.7180E+32  1.4690E+39
  1.3340E+02  1.1250E+41  1.1133E+41  1.0284E+32  1.1704E+39
  1.4130E+02  8.4097E+40  8.3164E+40  6.1252E+31  9.3354E+38
  1.4960E+02  6.1537E+40  6.0791E+40  3.5674E+31  7.4582E+38
  1.5850E+02  4.4668E+40  4.4074E+40  2.0560E+31  5.9403E+38
  1.7780E+02  2.3705E+40  2.3327E+40  6.8724E+30  3.7754E+38
  1.9950E+02  1.2580E+40  1.2340E+40  2.3002E+30  2.3950E+38
  2.2390E+02  6.6516E+39  6.4999E+39  7.6855E+29  1.5169E+38
  2.5120E+02  3.5083E+39  3.4122E+39  2.5657E+29  9.6140E+37
  2.8180E+02  1.8446E+39  1.7837E+39  8.5552E+28  6.0925E+37
  3.1620E+02  9.6648E+38  9.2793E+38  2.8485E+28  3.8558E+37
  3.5480E+02  5.0543E+38  4.8104E+38  9.4851E+27  2.4391E+37
  3.9810E+02  2.6398E+38  2.4855E+38  3.1634E+27  1.5427E+37
  4.4670E+02  1.3779E+38  1.2803E+38  1.0574E+27  9.7527E+36
  5.0120E+02  7.1961E+37  6.5795E+37  3.5485E+26  6.1657E+36
  5.6230E+02  3.7644E+37  3.3746E+37  1.1968E+26  3.8984E+36
  6.3100E+02  1.9718E+37  1.7256E+37  4.0581E+25  2.4620E+36
  7.0790E+02  1.0373E+37  8.8163E+36  1.3877E+25  1.5563E+36
  7.9430E+02  5.4764E+36  4.4934E+36  4.7824E+24  9.8301E+35
  8.9130E+02  2.9065E+36  2.2859E+36  1.6636E+24  6.2065E+35
  1.0000E+03  1.5539E+36  1.1618E+36  5.8515E+23  3.9207E+35
