  1.0000E-03  4.6889E+44  0.0000E+00  5.2628E+42  4.6362E+44
  1.1220E-03  4.4877E+44  0.0000E+00  6.2832E+42  4.4249E+44
  1.2590E-03  4.2478E+44  0.0000E+00  7.0808E+42  4.1770E+44
  1.4130E-03  3.9857E+44  0.0000E+00  7.5931E+42  3.9098E+44
  1.5850E-03  3.8275E+44  0.0000E+00  7.9325E+42  3.7482E+44
  1.7780E-03  4.0452E+44  0.0000E+00  9.3819E+42  3.9514E+44
  1.9950E-03  3.3714E+44  0.0000E+00  9.7116E+42  3.2743E+44
  2.2390E-03  2.9921E+44  0.0000E+00  9.1531E+42  2.9005E+44
  2.5120E-03  3.0154E+44  0.0000E+00  1.1055E+43  2.9048E+44
  2.8180E-03  2.2261E+44  0.0000E+00  1.0599E+43  2.1201E+44
  3.1620E-03  1.7140E+44  0.0000E+00  9.8015E+42  1.6160E+44
  3.5480E-03  1.3492E+44  0.0000E+00  8.9226E+42  1.2600E+44
  3.9810E-03  1.0973E+44  0.0000E+00  8.1004E+42  1.0163E+44
  4.4670E-03  4.9191E+44  0.0000E+00  3.3373E+43  4.5853E+44
  5.0120E-03  3.5177E+44  0.0000E+00  3.1305E+43  3.2046E+44
  5.6230E-03  2.5261E+44  0.0000E+00  2.8035E+43  2.2457E+44
  5.9570E-03  2.1621E+44  0.0000E+00  2.6307E+43  1.8991E+44
  6.6830E-03  1.6562E+44  0.0000E+00  2.3292E+43  1.4232E+44
  7.4990E-03  1.3665E+44  0.0000E+00  2.1109E+43  1.1554E+44
  8.4140E-03  1.0761E+44  0.0000E+00  1.8762E+43  8.8851E+43
  9.4410E-03  9.0181E+43  0.0000E+00  1.6852E+43  7.3329E+43
  1.0590E-02  8.5871E+43  0.0000E+00  1.5356E+43  7.0515E+43
  1.1890E-02  7.0611E+43  0.0000E+00  1.4414E+43  5.6197E+43
  1.3340E-02  6.1559E+43  0.0000E+00  1.3086E+43  4.8473E+43
  1.4960E-02  5.0980E+43  0.0000E+00  1.1788E+43  3.9192E+43
  1.6790E-02  4.3160E+43  0.0000E+00  1.0569E+43  3.2591E+43
  1.8840E-02  3.7545E+43  0.0000E+00  9.4775E+42  2.8067E+43
  2.1130E-02  3.2011E+43  0.0000E+00  8.5873E+42  2.3423E+43
  2.3710E-02  2.6998E+43  0.0000E+00  7.6667E+42  1.9331E+43
  2.6610E-02  2.2257E+43  0.0000E+00  6.7232E+42  1.5533E+43
  2.9850E-02  1.8362E+43  1.1076E-85  5.8399E+42  1.2522E+43
  3.3500E-02  1.5057E+43  5.2425E-71  5.0184E+42  1.0038E+43
  3.7580E-02  1.5570E+43  6.0715E-58  5.2396E+42  1.0331E+43
  4.2170E-02  1.3254E+43  1.9459E-46  5.0060E+42  8.2477E+42
  4.7320E-02  7.2343E+42  2.5232E-36  3.0981E+42  4.1362E+42
  5.3090E-02  3.2615E+42  1.9454E-27  1.6136E+42  1.6479E+42
  6.6830E-02  1.9482E+41  2.5651E-13  1.5804E+41  3.6783E+40
  7.4990E-02  4.6593E+40  1.0438E-07  4.3412E+40  3.1817E+39
  8.4140E-02  6.0920E+40  9.2146E-02  5.5173E+40  5.7478E+39
  9.4410E-02  7.8469E+40  1.5910E+04  6.9818E+40  8.6509E+39
  1.0590E-01  2.4144E+41  1.9629E+09  1.9757E+41  4.3871E+40
  1.1890E-01  9.2921E+41  7.9428E+13  6.7169E+41  2.5751E+41
  1.3340E-01  2.6431E+42  5.4952E+17  1.7536E+42  8.8949E+41
  1.4960E-01  5.0089E+42  1.3901E+21  3.1293E+42  1.8795E+42
  1.5850E-01  5.2969E+42  4.7390E+22  3.2632E+42  2.0337E+42
  1.7780E-01  3.1917E+42  1.9159E+25  1.9313E+42  1.2604E+42
  1.9950E-01  5.4598E+41  1.3422E+27  3.4557E+41  2.0041E+41
  2.2390E-01  1.7533E+41  6.9383E+28  1.1485E+41  6.0483E+40
  2.3710E-01  4.3194E+41  1.3228E+30  2.4979E+41  1.8215E+41
  2.5120E-01  1.1261E+42  2.2758E+31  5.4920E+41  5.7691E+41
  2.6610E-01  2.1138E+42  2.5823E+32  8.9004E+41  1.2238E+42
  2.8180E-01  3.2492E+42  2.1895E+33  1.1961E+42  2.0530E+42
  2.9850E-01  4.4993E+42  1.5113E+34  1.4699E+42  3.0295E+42
  3.1620E-01  6.0042E+42  8.9783E+34  1.7507E+42  4.2535E+42
  3.3500E-01  7.7922E+42  4.7204E+35  2.0316E+42  5.7606E+42
  3.5480E-01  9.7790E+42  2.1913E+36  2.2879E+42  7.4911E+42
  3.7580E-01  1.2209E+43  9.3641E+36  2.5381E+42  9.6709E+42
  3.9810E-01  1.4900E+43  3.5870E+37  2.7806E+42  1.2119E+43
  4.2170E-01  1.8582E+43  1.2904E+38  3.0561E+42  1.5526E+43
  4.4670E-01  2.3002E+43  4.2550E+38  3.3499E+42  1.9651E+43
  4.7320E-01  2.8308E+43  1.3102E+39  3.6406E+42  2.4667E+43
  5.0120E-01  3.4527E+43  3.7656E+39  3.9134E+42  3.0610E+43
  5.3090E-01  4.2198E+43  1.0276E+40  4.1752E+42  3.8013E+43
  5.6230E-01  5.0501E+43  2.5950E+40  4.4072E+42  4.6068E+43
  5.9570E-01  5.9652E+43  6.1597E+40  4.6096E+42  5.4981E+43
  6.3100E-01  7.0154E+43  1.3843E+41  4.7923E+42  6.5224E+43
  6.6830E-01  8.2093E+43  2.9487E+41  4.9439E+42  7.6854E+43
  7.0790E-01  9.5383E+43  5.9600E+41  5.0826E+42  8.9704E+43
  7.4990E-01  1.0935E+44  1.1374E+42  5.1925E+42  1.0302E+44
  7.9430E-01  1.2466E+44  2.0660E+42  5.2828E+42  1.1731E+44
  8.4140E-01  1.4154E+44  3.5908E+42  5.3473E+42  1.3261E+44
  8.9130E-01  1.6130E+44  6.0250E+42  5.3957E+42  1.4988E+44
  9.4410E-01  1.8278E+44  9.6751E+42  5.4022E+42  1.6770E+44
  1.0000E+00  2.0480E+44  1.4815E+43  5.3524E+42  1.8463E+44
  1.0590E+00  2.2748E+44  2.1707E+43  5.2606E+42  2.0052E+44
  1.1220E+00  2.5114E+44  3.0705E+43  5.1229E+42  2.1531E+44
  1.1890E+00  2.7601E+44  4.2036E+43  4.9302E+42  2.2905E+44
  1.2590E+00  3.0269E+44  5.5646E+43  4.6732E+42  2.4237E+44
  1.3340E+00  3.2893E+44  7.1290E+43  4.3616E+42  2.5328E+44
  1.4130E+00  3.5302E+44  8.7925E+43  4.0143E+42  2.6108E+44
  1.4960E+00  3.7482E+44  1.0496E+44  3.6404E+42  2.6623E+44
  1.5850E+00  3.9419E+44  1.2218E+44  3.2456E+42  2.6876E+44
  1.6790E+00  4.1071E+44  1.3848E+44  2.8376E+42  2.6940E+44
  1.7780E+00  4.2354E+44  1.5284E+44  2.4266E+42  2.6827E+44
  1.8840E+00  4.3193E+44  1.6490E+44  2.0273E+42  2.6500E+44
  1.9950E+00  4.3554E+44  1.7377E+44  1.6555E+42  2.6011E+44
  2.1130E+00  4.3397E+44  1.7928E+44  1.3224E+42  2.5337E+44
  2.2390E+00  4.2709E+44  1.8111E+44  1.0346E+42  2.4494E+44
  2.3710E+00  4.1566E+44  1.7942E+44  7.9529E+41  2.3545E+44
  2.5120E+00  4.0017E+44  1.7478E+44  6.0220E+41  2.2479E+44
  2.6610E+00  3.8152E+44  1.6754E+44  4.5032E+41  2.1353E+44
  2.8180E+00  3.6053E+44  1.5820E+44  3.3313E+41  2.0199E+44
  2.9850E+00  3.3802E+44  1.4752E+44  2.4430E+41  1.9026E+44
  3.1620E+00  3.1469E+44  1.3593E+44  1.7785E+41  1.7859E+44
  3.3500E+00  2.9156E+44  1.2438E+44  1.2890E+41  1.6705E+44
  3.5480E+00  2.6881E+44  1.1273E+44  9.2999E+40  1.5599E+44
  3.7580E+00  2.4695E+44  1.0157E+44  6.6874E+40  1.4531E+44
  3.9810E+00  2.2616E+44  9.1029E+43  4.7962E+40  1.3509E+44
  4.2170E+00  2.0665E+44  8.1231E+43  3.4339E+40  1.2539E+44
  4.4670E+00  1.8850E+44  7.2246E+43  2.4549E+40  1.1623E+44
  4.7320E+00  1.7173E+44  6.4125E+43  1.7523E+40  1.0759E+44
  5.0120E+00  1.5660E+44  5.6868E+43  1.2519E+40  9.9720E+43
  5.3090E+00  1.3973E+44  5.0371E+43  8.7504E+39  8.9355E+43
  5.6230E+00  1.2404E+44  4.4643E+43  6.0773E+39  7.9391E+43
  5.9570E+00  1.0958E+44  3.9653E+43  4.1955E+39  6.9925E+43
  6.3100E+00  9.6209E+43  3.5039E+43  2.8728E+39  6.1166E+43
  6.6830E+00  8.4586E+43  3.1435E+43  1.9635E+39  5.3149E+43
  7.0790E+00  7.3949E+43  2.8062E+43  1.3263E+39  4.5886E+43
  7.4990E+00  6.5154E+43  2.5936E+43  8.9505E+38  3.9218E+43
  7.9430E+00  6.0673E+43  2.8011E+43  6.4787E+38  3.2661E+43
  8.4140E+00  6.0333E+43  3.3991E+43  5.4080E+38  2.6342E+43
  8.9130E+00  5.9697E+43  3.8572E+43  4.7891E+38  2.1124E+43
  9.4410E+00  5.8414E+43  4.1513E+43  4.6423E+38  1.6900E+43
  1.0000E+01  5.0561E+43  3.6076E+43  3.3957E+38  1.4485E+43
  1.0590E+01  4.2425E+43  2.9916E+43  2.3232E+38  1.2509E+43
  1.1220E+01  3.4628E+43  2.3837E+43  1.4372E+38  1.0790E+43
  1.1890E+01  2.8319E+43  1.9138E+43  8.9671E+37  9.1812E+42
  1.2590E+01  2.3280E+43  1.5508E+43  5.5125E+37  7.7720E+42
  1.3340E+01  1.9307E+43  1.2797E+43  3.3739E+37  6.5101E+42
  1.4130E+01  1.6543E+43  1.1140E+43  2.1003E+37  5.4033E+42
  1.4960E+01  1.5209E+43  1.0783E+43  1.4496E+37  4.4250E+42
  1.5850E+01  1.4337E+43  1.0743E+43  1.0700E+37  3.5940E+42
  1.6790E+01  1.3671E+43  1.0759E+43  8.2989E+36  2.9120E+42
  1.7780E+01  1.2941E+43  1.0577E+43  6.5645E+36  2.3645E+42
  1.8840E+01  1.1950E+43  1.0025E+43  5.0556E+36  1.9247E+42
  1.9950E+01  1.0755E+43  9.1771E+42  3.6692E+36  1.5781E+42
  2.1130E+01  9.6662E+42  8.3742E+42  2.5722E+36  1.2920E+42
  2.2390E+01  8.7544E+42  7.7013E+42  1.8093E+36  1.0531E+42
  2.3710E+01  7.9744E+42  7.1160E+42  1.2745E+36  8.5844E+41
  2.5120E+01  7.2644E+42  6.5672E+42  9.0033E+35  6.9716E+41
  2.6610E+01  6.5978E+42  6.0322E+42  6.3327E+35  5.6557E+41
  2.8180E+01  5.9594E+42  5.5008E+42  4.4488E+35  4.5864E+41
  2.9850E+01  5.3297E+42  4.9586E+42  3.1069E+35  3.7112E+41
  3.1620E+01  4.7071E+42  4.4072E+42  2.1470E+35  2.9992E+41
  3.3500E+01  4.0967E+42  3.8547E+42  1.4663E+35  2.4201E+41
  3.5480E+01  3.5130E+42  3.3177E+42  9.8958E+34  1.9533E+41
  3.7580E+01  2.9643E+42  2.8068E+42  6.5853E+34  1.5749E+41
  3.9810E+01  2.4589E+42  2.3321E+42  4.3180E+34  1.2682E+41
  4.2170E+01  2.0095E+42  1.9075E+42  2.7923E+34  1.0207E+41
  4.4670E+01  1.6199E+42  1.5378E+42  1.7806E+34  8.2095E+40
  4.7320E+01  1.2902E+42  1.2242E+42  1.1220E+34  6.5968E+40
  5.0120E+01  1.0168E+42  9.6381E+41  6.9978E+33  5.3002E+40
  5.3090E+01  7.9335E+41  7.5081E+41  4.3223E+33  4.2542E+40
  5.6230E+01  6.1404E+41  5.7990E+41  2.6489E+33  3.4138E+40
  5.9570E+01  4.7134E+41  4.4399E+41  1.6105E+33  2.7351E+40
  6.3100E+01  3.5965E+41  3.3774E+41  9.7391E+32  2.1913E+40
  6.6830E+01  2.7303E+41  2.5547E+41  5.8628E+32  1.7554E+40
  7.0790E+01  2.0625E+41  1.9221E+41  3.5141E+32  1.4048E+40
  7.4990E+01  1.5513E+41  1.4389E+41  2.0987E+32  1.1234E+40
  7.9430E+01  1.1631E+41  1.0733E+41  1.2506E+32  8.9829E+39
  8.4140E+01  8.6934E+40  7.9756E+40  7.4340E+31  7.1778E+39
  8.9130E+01  6.4852E+40  5.9119E+40  4.4145E+31  5.7327E+39
  9.4410E+01  4.8297E+40  4.3718E+40  2.6194E+31  4.5781E+39
  1.0000E+02  3.5908E+40  3.2253E+40  1.5531E+31  3.6553E+39
  1.0590E+02  2.6694E+40  2.3774E+40  9.2177E+30  2.9196E+39
  1.1220E+02  1.9825E+40  1.7498E+40  5.4670E+30  2.3272E+39
  1.1890E+02  1.4746E+40  1.2893E+40  3.2491E+30  1.8530E+39
  1.2590E+02  1.1042E+40  9.5621E+39  1.9449E+30  1.4795E+39
  1.3340E+02  8.2931E+39  7.1151E+39  1.1691E+30  1.1780E+39
  1.4130E+02  6.1897E+39  5.2508E+39  7.0238E+29  9.3895E+38
  1.4960E+02  4.5393E+39  3.7897E+39  4.1605E+29  7.4964E+38
  1.5850E+02  3.3106E+39  2.7139E+39  2.4486E+29  5.9671E+38
  1.7780E+02  1.7848E+39  1.4059E+39  8.5969E+28  3.7887E+38
  1.9950E+02  9.7068E+38  7.3052E+38  3.0540E+28  2.4016E+38
  2.2390E+02  5.3098E+38  3.7896E+38  1.0954E+28  1.5202E+38
  2.5120E+02  2.9267E+38  1.9637E+38  3.9707E+27  9.6307E+37
  2.8180E+02  1.6252E+38  1.0151E+38  1.4536E+27  6.1009E+37
  3.1620E+02  9.0902E+37  5.2302E+37  5.3668E+26  3.8600E+37
  3.5480E+02  5.1300E+37  2.6888E+37  1.9990E+26  2.4412E+37
  3.9810E+02  2.9230E+37  1.3793E+37  7.5130E+25  1.5438E+37
  4.4670E+02  1.6819E+37  7.0605E+36  2.8462E+25  9.7581E+36
  5.0120E+02  9.7769E+36  3.6086E+36  1.0865E+25  6.1684E+36
  5.6230E+02  5.7419E+36  1.8421E+36  4.1759E+24  3.8998E+36
  6.3100E+02  3.4007E+36  9.3804E+35  1.6131E+24  2.4627E+36
  7.0790E+02  2.0342E+36  4.7754E+35  6.2697E+23  1.5566E+36
  7.9430E+02  1.2258E+36  2.4262E+35  2.4457E+23  9.8318E+35
  8.9130E+02  7.4382E+35  1.2308E+35  9.5726E+22  6.2074E+35
  1.0000E+03  4.5452E+35  6.2406E+34  3.7611E+22  3.9212E+35
