  1.0000E-03  1.1162E+44  0.0000E+00  1.6290E+42  1.0999E+44
  1.1220E-03  7.4936E+43  0.0000E+00  1.9689E+42  7.2967E+43
  1.2590E-03  4.9076E+43  0.0000E+00  2.2763E+42  4.6800E+43
  1.4130E-03  3.1805E+43  0.0000E+00  2.5335E+42  2.9271E+43
  1.5850E-03  2.2698E+43  0.0000E+00  2.7622E+42  1.9936E+43
  1.7780E-03  2.2113E+43  0.0000E+00  3.3892E+42  1.8724E+43
  1.9950E-03  1.1756E+43  0.0000E+00  3.8295E+42  7.9265E+42
  2.2390E-03  8.1218E+42  0.0000E+00  3.9168E+42  4.2050E+42
  2.5120E-03  8.4222E+42  0.0000E+00  5.0541E+42  3.3681E+42
  2.8180E-03  6.5183E+42  0.0000E+00  5.5745E+42  9.4381E+41
  3.1620E-03  6.1902E+42  0.0000E+00  5.8854E+42  3.0477E+41
  3.5480E-03  6.1908E+42  0.0000E+00  6.0850E+42  1.0585E+41
  3.9810E-03  6.2475E+42  0.0000E+00  6.2065E+42  4.0965E+40
  4.4670E-03  1.6517E+43  0.0000E+00  1.3174E+43  3.3424E+42
  5.0120E-03  1.5462E+43  0.0000E+00  1.4627E+43  8.3437E+41
  5.6230E-03  1.5855E+43  0.0000E+00  1.5644E+43  2.1077E+41
  5.9570E-03  1.6130E+43  0.0000E+00  1.6020E+43  1.0943E+41
  6.6830E-03  1.6670E+43  0.0000E+00  1.6635E+43  3.4293E+40
  7.4990E-03  1.7303E+43  0.0000E+00  1.7290E+43  1.3952E+40
  8.4140E-03  1.7819E+43  0.0000E+00  1.7814E+43  4.7224E+39
  9.4410E-03  1.8177E+43  0.0000E+00  1.8175E+43  2.0141E+39
  1.0590E-02  1.8076E+43  0.0000E+00  1.8074E+43  1.4257E+39
  1.1890E-02  1.9395E+43  0.0000E+00  1.9394E+43  5.3916E+38
  1.3340E-02  1.9733E+43  0.0000E+00  1.9733E+43  2.6556E+38
  1.4960E-02  2.0253E+43  0.0000E+00  2.0253E+43  1.0569E+38
  1.6790E-02  2.0549E+43  0.0000E+00  2.0549E+43  4.6108E+37
  1.8840E-02  2.0678E+43  0.0000E+00  2.0678E+43  2.2614E+37
  2.1130E-02  2.1176E+43  0.0000E+00  2.1176E+43  1.0006E+37
  2.3710E-02  2.1446E+43  0.0000E+00  2.1446E+43  4.2670E+36
  2.6610E-02  2.1517E+43  0.0000E+00  2.1517E+43  1.6687E+36
  2.9850E-02  2.1409E+43  1.6619E-88  2.1409E+43  6.6223E+35
  3.3500E-02  2.1143E+43  6.5336E-74  2.1143E+43  2.5831E+35
  3.7580E-02  2.2764E+43  7.1874E-61  2.2764E+43  2.1918E+35
  4.2170E-02  2.4663E+43  1.9200E-49  2.4663E+43  8.4402E+34
  4.7320E-02  2.1130E+43  1.6371E-39  2.1130E+43  7.6514E+33
  5.3090E-02  1.5914E+43  7.7129E-31  1.5914E+43  3.9402E+32
  6.6830E-02  4.7167E+42  1.4830E-17  4.7167E+42  2.6878E+27
  7.4990E-02  1.8561E+42  1.8279E-12  1.8561E+42  1.3390E+24
  8.4140E-02  2.3028E+42  2.1038E-06  2.3028E+42  8.6522E+24
  9.4410E-02  2.7703E+42  4.3168E-01  2.7703E+42  3.1484E+25
  1.0590E-01  5.2590E+42  1.1390E+05  5.2590E+42  5.8034E+27
  1.1890E-01  9.3074E+42  1.1935E+10  9.3074E+42  2.0150E+30
  1.3340E-01  1.3563E+43  1.7495E+14  1.3563E+43  1.3380E+32
  1.4960E-01  1.5903E+43  6.8634E+17  1.5903E+43  1.8924E+33
  1.5850E-01  1.5478E+43  2.5174E+19  1.5478E+43  2.9046E+33
  1.7780E-01  1.1342E+43  8.9913E+21  1.1342E+43  1.0268E+33
  1.9950E-01  4.5430E+42  2.8644E+23  4.5430E+42  5.4722E+30
  2.2390E-01  2.3242E+42  8.9207E+24  2.3242E+42  2.1286E+29
  2.3710E-01  3.3341E+42  3.1362E+26  3.3341E+42  8.2053E+30
  2.5120E-01  4.6673E+42  1.0474E+28  4.6673E+42  3.7078E+32
  2.6610E-01  5.5333E+42  1.8754E+29  5.5333E+42  4.7742E+33
  2.8180E-01  5.9516E+42  2.2192E+30  5.9516E+42  2.9559E+34
  2.9850E-01  6.1355E+42  1.9967E+31  6.1355E+42  1.2245E+35
  3.1620E-01  6.2394E+42  1.5061E+32  6.2394E+42  4.3423E+35
  3.3500E-01  6.2656E+42  9.8614E+32  6.2656E+42  1.3764E+36
  3.5480E-01  6.2022E+42  5.5717E+33  6.2022E+42  3.8359E+36
  3.7580E-01  6.0814E+42  2.8962E+34  6.0814E+42  1.0491E+37
  3.9810E-01  5.9385E+42  1.3262E+35  5.9385E+42  2.6067E+37
  4.2170E-01  5.7835E+42  5.8065E+35  5.7834E+42  6.9709E+37
  4.4670E-01  5.6321E+42  2.3171E+36  5.6320E+42  1.7915E+38
  4.7320E-01  5.4543E+42  8.6165E+36  5.4538E+42  4.4867E+38
  5.0120E-01  5.2476E+42  2.9789E+37  5.2465E+42  1.0835E+39
  5.3090E-01  5.0157E+42  9.8351E+37  5.0130E+42  2.6276E+39
  5.6230E-01  4.7803E+42  2.9643E+38  4.7741E+42  5.8854E+39
  5.9570E-01  4.5394E+42  8.3421E+38  4.5260E+42  1.2555E+40
  6.3100E-01  4.3006E+42  2.2232E+39  4.2721E+42  2.6257E+40
  6.6830E-01  4.0690E+42  5.6187E+39  4.0096E+42  5.3744E+40
  7.0790E-01  3.8757E+42  1.3446E+40  3.7556E+42  1.0664E+41
  7.4990E-01  3.7395E+42  3.0145E+40  3.5087E+42  2.0064E+41
  7.9430E-01  3.6988E+42  6.4239E+40  3.2678E+42  3.6676E+41
  8.4140E-01  3.8164E+42  1.3107E+41  3.0308E+42  6.5452E+41
  8.9130E-01  4.2248E+42  2.6019E+41  2.7980E+42  1.1666E+42
  9.4410E-01  5.0772E+42  4.9423E+41  2.5702E+42  2.0127E+42
  1.0000E+00  6.5351E+42  8.8979E+41  2.3491E+42  3.2963E+42
  1.0590E+00  8.8274E+42  1.5260E+42  2.1406E+42  5.1608E+42
  1.1220E+00  1.2261E+43  2.5224E+42  1.9417E+42  7.7971E+42
  1.1890E+00  1.7221E+43  4.0374E+42  1.7500E+42  1.1434E+43
  1.2590E+00  2.4267E+43  6.2718E+42  1.5641E+42  1.6431E+43
  1.3340E+00  3.3536E+43  9.4104E+42  1.3879E+42  2.2738E+43
  1.4130E+00  4.4836E+43  1.3510E+43  1.2266E+42  3.0099E+43
  1.4960E+00  5.8214E+43  1.8693E+43  1.0783E+42  3.8443E+43
  1.5850E+00  7.3788E+43  2.5176E+43  9.3993E+41  4.7672E+43
  1.6790E+00  9.1569E+43  3.2994E+43  8.1089E+41  5.7764E+43
  1.7780E+00  1.1125E+44  4.2075E+43  6.9053E+41  6.8485E+43
  1.8840E+00  1.3222E+44  5.2349E+43  5.7928E+41  7.9294E+43
  1.9950E+00  1.5366E+44  6.3377E+43  4.7859E+41  8.9808E+43
  2.1130E+00  1.7453E+44  7.4758E+43  3.8924E+41  9.9382E+43
  2.2390E+00  1.9374E+44  8.5893E+43  3.1171E+41  1.0753E+44
  2.3710E+00  2.1044E+44  9.6122E+43  2.4614E+41  1.1408E+44
  2.5120E+00  2.2394E+44  1.0509E+44  1.9195E+41  1.1866E+44
  2.6610E+00  2.3389E+44  1.1232E+44  1.4803E+41  1.2142E+44
  2.8180E+00  2.4017E+44  1.1753E+44  1.1298E+41  1.2253E+44
  2.9850E+00  2.4289E+44  1.2072E+44  8.5451E+40  1.2208E+44
  3.1620E+00  2.4230E+44  1.2188E+44  6.4093E+40  1.2035E+44
  3.3500E+00  2.3887E+44  1.2140E+44  4.7776E+40  1.1742E+44
  3.5480E+00  2.3296E+44  1.1911E+44  3.5366E+40  1.1381E+44
  3.7580E+00  2.2505E+44  1.1548E+44  2.6024E+40  1.0954E+44
  3.9810E+00  2.1557E+44  1.1075E+44  1.9046E+40  1.0480E+44
  4.2170E+00  2.0492E+44  1.0515E+44  1.3871E+40  9.9761E+43
  4.4670E+00  1.9350E+44  9.8929E+43  1.0055E+40  9.4558E+43
  4.7320E+00  1.8165E+44  9.2389E+43  7.2565E+39  8.9256E+43
  5.0120E+00  1.6990E+44  8.5743E+43  5.2248E+39  8.4152E+43
  5.3090E+00  1.5564E+44  7.9107E+43  3.6858E+39  7.6529E+43
  5.6230E+00  1.4154E+44  7.2678E+43  2.5807E+39  6.8861E+43
  5.9570E+00  1.2789E+44  6.6593E+43  1.7944E+39  6.1300E+43
  6.3100E+00  1.1464E+44  6.0501E+43  1.2358E+39  5.4139E+43
  6.6830E+00  1.0274E+44  5.5314E+43  8.4810E+38  4.7421E+43
  7.0790E+00  9.1418E+43  5.0173E+43  5.7431E+38  4.1244E+43
  7.4990E+00  8.2235E+43  4.7094E+43  3.9239E+38  3.5141E+43
  7.9430E+00  7.9119E+43  5.1346E+43  3.0134E+38  2.7773E+43
  8.4140E+00  7.9633E+43  5.9681E+43  2.7144E+38  1.9952E+43
  8.9130E+00  7.7399E+43  6.3192E+43  2.4948E+38  1.4207E+43
  9.4410E+00  7.3516E+43  6.3387E+43  2.4525E+38  1.0129E+43
  1.0000E+01  6.5392E+43  5.6232E+43  1.7803E+38  9.1591E+42
  1.0590E+01  5.6747E+43  4.8200E+43  1.2021E+38  8.5470E+42
  1.1220E+01  4.7774E+43  3.9739E+43  7.2638E+37  8.0349E+42
  1.1890E+01  3.9752E+43  3.2473E+43  4.4114E+37  7.2794E+42
  1.2590E+01  3.2883E+43  2.6397E+43  2.6217E+37  6.4859E+42
  1.3340E+01  2.7177E+43  2.1534E+43  1.5465E+37  5.6425E+42
  1.4130E+01  2.3105E+43  1.8329E+43  9.3383E+36  4.7757E+42
  1.4960E+01  2.1202E+43  1.7329E+43  6.4071E+36  3.8725E+42
  1.5850E+01  1.9915E+43  1.6828E+43  4.7181E+36  3.0870E+42
  1.6790E+01  1.8829E+43  1.6380E+43  3.6373E+36  2.4490E+42
  1.7780E+01  1.7555E+43  1.5595E+43  2.8328E+36  1.9598E+42
  1.8840E+01  1.5842E+43  1.4246E+43  2.1198E+36  1.5959E+42
  1.9950E+01  1.3814E+43  1.2485E+43  1.4753E+36  1.3290E+42
  2.1130E+01  1.1931E+43  1.0824E+43  9.8459E+35  1.1068E+42
  2.2390E+01  1.0321E+43  9.4066E+42  6.5715E+35  9.1488E+41
  2.3710E+01  8.9423E+42  8.1876E+42  4.3828E+35  7.5467E+41
  2.5120E+01  7.7236E+42  7.1046E+42  2.9275E+35  6.1907E+41
  2.6610E+01  6.6399E+42  6.1331E+42  1.9462E+35  5.0675E+41
  2.8180E+01  5.6771E+42  5.2630E+42  1.2938E+35  4.1419E+41
  2.9850E+01  4.8099E+42  4.4724E+42  8.5657E+34  3.3755E+41
  3.1620E+01  4.0309E+42  3.7562E+42  5.6252E+34  2.7464E+41
  3.3500E+01  3.3367E+42  3.1137E+42  3.6622E+34  2.2302E+41
  3.5480E+01  2.7303E+42  2.5492E+42  2.3657E+34  1.8109E+41
  3.7580E+01  2.2045E+42  2.0577E+42  1.5121E+34  1.4686E+41
  3.9810E+01  1.7541E+42  1.6352E+42  9.5522E+33  1.1897E+41
  4.2170E+01  1.3787E+42  1.2824E+42  5.9705E+33  9.6305E+40
  4.4670E+01  1.0716E+42  9.9376E+41  3.6918E+33  7.7887E+40
  4.7320E+01  8.2491E+41  7.6200E+41  2.2625E+33  6.2915E+40
  5.0120E+01  6.2990E+41  5.7910E+41  1.3766E+33  5.0796E+40
  5.3090E+01  4.7727E+41  4.3631E+41  8.3197E+32  4.0956E+40
  5.6230E+01  3.5955E+41  3.2655E+41  5.0038E+32  3.3001E+40
  5.9570E+01  2.6919E+41  2.4265E+41  2.9938E+32  2.6539E+40
  6.3100E+01  2.0078E+41  1.7945E+41  1.7867E+32  2.1334E+40
  6.6830E+01  1.4931E+41  1.3217E+41  1.0644E+32  1.7142E+40
  7.0790E+01  1.1071E+41  9.6957E+40  6.3308E+31  1.3756E+40
  7.4990E+01  8.1896E+40  7.0869E+40  3.7616E+31  1.1026E+40
  7.9430E+01  6.0515E+40  5.1680E+40  2.2361E+31  8.8359E+39
  8.4140E+01  4.4666E+40  3.7592E+40  1.3292E+31  7.0737E+39
  8.9130E+01  3.2967E+40  2.7308E+40  7.9123E+30  5.6589E+39
  9.4410E+01  2.4338E+40  1.9812E+40  4.7172E+30  4.5259E+39
  1.0000E+02  1.7973E+40  1.4355E+40  2.8167E+30  3.6182E+39
  1.0590E+02  1.3296E+40  1.0403E+40  1.6869E+30  2.8934E+39
  1.1220E+02  9.8413E+39  7.5327E+39  1.0111E+30  2.3086E+39
  1.1890E+02  7.3038E+39  5.4640E+39  6.0779E+29  1.8397E+39
  1.2590E+02  5.4623E+39  3.9923E+39  3.6810E+29  1.4700E+39
  1.3340E+02  4.0984E+39  2.9272E+39  2.2377E+29  1.1712E+39
  1.4130E+02  3.0660E+39  2.1320E+39  1.3645E+29  9.3407E+38
  1.4960E+02  2.2684E+39  1.5222E+39  8.2696E+28  7.4620E+38
  1.5850E+02  1.6734E+39  1.0791E+39  4.9909E+28  5.9429E+38
  1.7780E+02  9.2603E+38  5.4836E+38  1.8421E+28  3.7767E+38
  1.9950E+02  5.1950E+38  2.7994E+38  6.8789E+27  2.3956E+38
  2.2390E+02  2.9466E+38  1.4294E+38  2.5933E+27  1.5172E+38
  2.5120E+02  1.6919E+38  7.3036E+37  9.8720E+26  9.6156E+37
  2.8180E+02  9.8222E+37  3.7290E+37  3.7876E+26  6.0933E+37
  3.1620E+02  5.7564E+37  1.9002E+37  1.4613E+26  3.8562E+37
  3.5480E+02  3.4067E+37  9.6735E+36  5.6669E+25  2.4393E+37
  3.9810E+02  2.0347E+37  4.9194E+36  2.2088E+25  1.5428E+37
  4.4670E+02  1.2252E+37  2.4990E+36  8.6421E+24  9.7532E+36
  5.0120E+02  7.4344E+36  1.2685E+36  3.3933E+24  6.1659E+36
  5.6230E+02  4.5422E+36  6.4363E+35  1.3361E+24  3.8985E+36
  6.3100E+02  2.7880E+36  3.2599E+35  5.2687E+23  2.4620E+36
  7.0790E+02  1.7215E+36  1.6516E+35  2.0838E+23  1.5563E+36
  7.9430E+02  1.0666E+36  8.3557E+34  8.2474E+22  9.8302E+35
  8.9130E+02  6.6289E+35  4.2229E+34  3.2673E+22  6.2066E+35
  1.0000E+03  4.1342E+35  2.1339E+34  1.2966E+22  3.9208E+35
