  1.0000E-03  3.9236E+44  0.0000E+00  8.7174E+42  3.8364E+44
  1.1220E-03  3.5846E+44  0.0000E+00  9.4041E+42  3.4905E+44
  1.2590E-03  3.2290E+44  0.0000E+00  9.6986E+42  3.1320E+44
  1.4130E-03  2.8772E+44  0.0000E+00  9.6293E+42  2.7809E+44
  1.5850E-03  2.6448E+44  0.0000E+00  9.4863E+42  2.5499E+44
  1.7780E-03  2.7596E+44  0.0000E+00  1.0946E+43  2.6502E+44
  1.9950E-03  2.1160E+44  0.0000E+00  1.0474E+43  2.0113E+44
  2.2390E-03  1.7601E+44  0.0000E+00  9.3291E+42  1.6668E+44
  2.5120E-03  1.7331E+44  0.0000E+00  1.1013E+43  1.6230E+44
  2.8180E-03  1.1448E+44  0.0000E+00  9.9932E+42  1.0449E+44
  3.1620E-03  8.0090E+43  0.0000E+00  8.9207E+42  7.1169E+43
  3.5480E-03  5.7857E+43  0.0000E+00  7.9427E+42  4.9914E+43
  3.9810E-03  4.3690E+43  0.0000E+00  7.1248E+42  3.6565E+43
  4.4670E-03  2.7520E+44  0.0000E+00  3.6024E+43  2.3917E+44
  5.0120E-03  1.7799E+44  0.0000E+00  3.1790E+43  1.4620E+44
  5.6230E-03  1.1703E+44  0.0000E+00  2.7302E+43  8.9726E+43
  5.9570E-03  9.6461E+43  0.0000E+00  2.5245E+43  7.1216E+43
  6.6830E-03  6.9582E+43  0.0000E+00  2.1924E+43  4.7658E+43
  7.4990E-03  5.5000E+43  0.0000E+00  1.9618E+43  3.5383E+43
  8.4140E-03  4.1856E+43  0.0000E+00  1.7402E+43  2.4454E+43
  9.4410E-03  3.4138E+43  0.0000E+00  1.5612E+43  1.8527E+43
  1.0590E-02  3.1173E+43  0.0000E+00  1.4034E+43  1.7139E+43
  1.1890E-02  2.5749E+43  0.0000E+00  1.3352E+43  1.2396E+43
  1.3340E-02  2.2124E+43  0.0000E+00  1.2178E+43  9.9455E+42
  1.4960E-02  1.8475E+43  0.0000E+00  1.1141E+43  7.3336E+42
  1.6790E-02  1.5742E+43  0.0000E+00  1.0133E+43  5.6091E+42
  1.8840E-02  1.3689E+43  0.0000E+00  9.1971E+42  4.4915E+42
  2.1130E-02  1.1953E+43  0.0000E+00  8.5006E+42  3.4525E+42
  2.3710E-02  1.0385E+43  0.0000E+00  7.7696E+42  2.6156E+42
  2.6610E-02  8.9319E+42  0.0000E+00  7.0177E+42  1.9143E+42
  2.9850E-02  7.7001E+42  7.4242E-87  6.2923E+42  1.4078E+42
  3.3500E-02  6.6304E+42  3.1565E-72  5.6024E+42  1.0280E+42
  3.7580E-02  6.9169E+42  3.5696E-59  5.8853E+42  1.0315E+42
  4.2170E-02  6.7532E+42  1.0301E-47  6.0038E+42  7.4933E+41
  4.7320E-02  4.5928E+42  1.0383E-37  4.2915E+42  3.0130E+41
  5.3090E-02  2.8836E+42  5.9570E-29  2.7915E+42  9.2152E+40
  6.6830E-02  8.4002E+41  2.4982E-15  8.3930E+41  7.1977E+38
  7.4990E-02  4.5793E+41  4.8157E-10  4.5790E+41  3.1977E+37
  8.4140E-02  4.9064E+41  5.0781E-04  4.9057E+41  6.8016E+37
  9.4410E-02  5.3705E+41  9.9282E+01  5.3694E+41  1.1457E+38
  1.0590E-01  8.4062E+41  2.0533E+07  8.3970E+41  9.2195E+38
  1.1890E-01  1.4641E+42  1.5636E+12  1.4550E+42  9.1476E+39
  1.3340E-01  2.7899E+42  1.7489E+16  2.7437E+42  4.6203E+40
  1.4960E-01  4.4021E+42  5.9909E+19  4.2776E+42  1.2452E+41
  1.5850E-01  4.4996E+42  2.1575E+21  4.3586E+42  1.4095E+41
  1.7780E-01  2.6557E+42  7.8967E+23  2.5742E+42  8.1547E+40
  1.9950E-01  6.1362E+41  3.2545E+25  6.0520E+41  8.4128E+39
  2.2390E-01  3.1387E+41  1.2067E+27  3.1191E+41  1.9591E+39
  2.3710E-01  5.0705E+41  3.3589E+28  4.9884E+41  8.2092E+39
  2.5120E-01  8.5234E+41  8.6117E+29  8.1565E+41  3.6688E+40
  2.6610E-01  1.2200E+42  1.2818E+31  1.1216E+42  9.8328E+40
  2.8180E-01  1.5614E+42  1.3223E+32  1.3659E+42  1.9546E+41
  2.9850E-01  1.9006E+42  1.0664E+33  1.5708E+42  3.2986E+41
  3.1620E-01  2.3004E+42  7.2856E+33  1.7779E+42  5.2248E+41
  3.3500E-01  2.7699E+42  4.3556E+34  1.9794E+42  7.9048E+41
  3.5480E-01  3.2911E+42  2.2691E+35  2.1558E+42  1.1353E+42
  3.7580E-01  3.9360E+42  1.0860E+36  2.3194E+42  1.6165E+42
  3.9810E-01  4.6949E+42  4.6165E+36  2.4799E+42  2.2150E+42
  4.2170E-01  5.7845E+42  1.8574E+37  2.6605E+42  3.1240E+42
  4.4670E-01  7.1973E+42  6.8285E+37  2.8600E+42  4.3372E+42
  4.7320E-01  9.0171E+42  2.3394E+38  3.0586E+42  5.9582E+42
  5.0120E-01  1.1314E+43  7.4574E+38  3.2473E+42  8.0659E+42
  5.3090E-01  1.4366E+43  2.2599E+39  3.4313E+42  1.0933E+43
  5.6230E-01  1.7970E+43  6.2897E+39  3.6065E+42  1.4357E+43
  5.9570E-01  2.2275E+43  1.6384E+40  3.7730E+42  1.8485E+43
  6.3100E-01  2.7597E+43  4.0367E+40  3.9412E+42  2.3616E+43
  6.6830E-01  3.4108E+43  9.4165E+40  4.1047E+42  2.9909E+43
  7.0790E-01  4.1910E+43  2.0810E+41  4.2861E+42  3.7416E+43
  7.4990E-01  5.0737E+43  4.3240E+41  4.4747E+42  4.5829E+43
  7.9430E-01  6.1046E+43  8.5431E+41  4.6819E+42  5.5510E+43
  8.4140E-01  7.3112E+43  1.6145E+42  4.9042E+42  6.6594E+43
  8.9130E-01  8.7982E+43  2.9564E+42  5.1581E+42  7.9868E+43
  9.4410E-01  1.0514E+44  5.1765E+42  5.4142E+42  9.4550E+43
  1.0000E+00  1.2387E+44  8.6076E+42  5.6485E+42  1.0962E+44
  1.0590E+00  1.4437E+44  1.3655E+43  5.8698E+42  1.2485E+44
  1.1220E+00  1.6709E+44  2.0881E+43  6.0709E+42  1.4014E+44
  1.1890E+00  1.9253E+44  3.0884E+43  6.2318E+42  1.5542E+44
  1.2590E+00  2.2165E+44  4.4214E+43  6.3273E+42  1.7111E+44
  1.3340E+00  2.5287E+44  6.1075E+43  6.3436E+42  1.8545E+44
  1.4130E+00  2.8451E+44  8.0785E+43  6.2725E+42  1.9745E+44
  1.4960E+00  3.1640E+44  1.0298E+44  6.1122E+42  2.0730E+44
  1.5850E+00  3.4841E+44  1.2763E+44  5.8622E+42  2.1492E+44
  1.6790E+00  3.7998E+44  1.5368E+44  5.5175E+42  2.2078E+44
  1.7780E+00  4.0979E+44  1.7983E+44  5.0796E+42  2.2488E+44
  1.8840E+00  4.3645E+44  2.0515E+44  4.5668E+42  2.2674E+44
  1.9950E+00  4.5862E+44  2.2790E+44  4.0047E+42  2.2671E+44
  2.1130E+00  4.7495E+44  2.4702E+44  3.4253E+42  2.2451E+44
  2.2390E+00  4.8440E+44  2.6132E+44  2.8587E+42  2.2022E+44
  2.3710E+00  4.8695E+44  2.7022E+44  2.3327E+42  2.1440E+44
  2.5120E+00  4.8280E+44  2.7397E+44  1.8660E+42  2.0697E+44
  2.6610E+00  4.7267E+44  2.7270E+44  1.4668E+42  1.9850E+44
  2.8180E+00  4.5741E+44  2.6693E+44  1.1350E+42  1.8935E+44
  2.9850E+00  4.3819E+44  2.5767E+44  8.6670E+41  1.7965E+44
  3.1620E+00  4.1595E+44  2.4560E+44  6.5424E+41  1.6970E+44
  3.3500E+00  3.9228E+44  2.3219E+44  4.8970E+41  1.5960E+44
  3.5480E+00  3.6747E+44  2.1736E+44  3.6352E+41  1.4975E+44
  3.7580E+00  3.4249E+44  2.0213E+44  2.6801E+41  1.4009E+44
  3.9810E+00  3.1774E+44  1.8683E+44  1.9642E+41  1.3072E+44
  4.2170E+00  2.9366E+44  1.7178E+44  1.4322E+41  1.2173E+44
  4.4670E+00  2.7050E+44  1.5723E+44  1.0394E+41  1.1316E+44
  4.7320E+00  2.4845E+44  1.4336E+44  7.5078E+40  1.0501E+44
  5.0120E+00  2.2787E+44  1.3027E+44  5.4071E+40  9.7550E+43
  5.3090E+00  2.0551E+44  1.1790E+44  3.8239E+40  8.7577E+43
  5.6230E+00  1.8431E+44  1.0635E+44  2.6828E+40  7.7938E+43
  5.9570E+00  1.6442E+44  9.5666E+43  1.8679E+40  6.8740E+43
  6.3100E+00  1.4553E+44  8.5316E+43  1.2871E+40  6.0204E+43
  6.6830E+00  1.2900E+44  7.6620E+43  8.8473E+39  5.2366E+43
  7.0790E+00  1.1346E+44  6.8197E+43  5.9965E+39  4.5253E+43
  7.4990E+00  1.0012E+44  6.1456E+43  4.0315E+39  3.8660E+43
  7.9430E+00  9.1807E+43  5.9831E+43  2.8252E+39  3.1973E+43
  8.4140E+00  8.7641E+43  6.2246E+43  2.1932E+39  2.5393E+43
  8.9130E+00  8.2824E+43  6.2779E+43  1.7955E+39  2.0044E+43
  9.4410E+00  7.7482E+43  6.1688E+43  1.6111E+39  1.5792E+43
  1.0000E+01  6.7926E+43  5.4293E+43  1.2103E+39  1.3632E+43
  1.0590E+01  5.8121E+43  4.6226E+43  8.6324E+38  1.1894E+43
  1.1220E+01  4.8397E+43  3.8019E+43  5.5916E+38  1.0377E+43
  1.1890E+01  3.9834E+43  3.0929E+43  3.5863E+38  8.9037E+42
  1.2590E+01  3.2688E+43  2.5100E+43  2.2431E+38  7.5885E+42
  1.3340E+01  2.6772E+43  2.0383E+43  1.3790E+38  6.3884E+42
  1.4130E+01  2.2444E+43  1.7127E+43  8.5103E+37  5.3160E+42
  1.4960E+01  2.0110E+43  1.5762E+43  5.7494E+37  4.3478E+42
  1.5850E+01  1.8431E+43  1.4908E+43  4.1335E+37  3.5225E+42
  1.6790E+01  1.7032E+43  1.4186E+43  3.1111E+37  2.8461E+42
  1.7780E+01  1.5545E+43  1.3238E+43  2.3849E+37  2.3066E+42
  1.8840E+01  1.3725E+43  1.1847E+43  1.7811E+37  1.8777E+42
  1.9950E+01  1.1695E+43  1.0152E+43  1.2534E+37  1.5427E+42
  2.1130E+01  9.8547E+42  8.5888E+42  8.4686E+36  1.2659E+42
  2.2390E+01  8.3058E+42  7.2721E+42  5.7010E+36  1.0337E+42
  2.3710E+01  7.0067E+42  6.1627E+42  3.8243E+36  8.4399E+41
  2.5120E+01  5.8885E+42  5.2022E+42  2.5618E+36  6.8634E+41
  2.6610E+01  4.9256E+42  4.3681E+42  1.7046E+36  5.5746E+41
  2.8180E+01  4.0997E+42  3.6471E+42  1.1320E+36  4.5254E+41
  2.9850E+01  3.3833E+42  3.0167E+42  7.4741E+35  3.6653E+41
  3.1620E+01  2.7644E+42  2.4679E+42  4.8899E+35  2.9647E+41
  3.3500E+01  2.2338E+42  1.9944E+42  3.1688E+35  2.3943E+41
  3.5480E+01  1.7871E+42  1.5937E+42  2.0363E+35  1.9340E+41
  3.7580E+01  1.4130E+42  1.2569E+42  1.2944E+35  1.5605E+41
  3.9810E+01  1.1027E+42  9.7694E+41  8.1346E+34  1.2576E+41
  4.2170E+01  8.5154E+41  7.5024E+41  5.0590E+34  1.0130E+41
  4.4670E+01  6.5140E+41  5.6987E+41  3.1134E+34  8.1532E+40
  4.7320E+01  4.9435E+41  4.2879E+41  1.8997E+34  6.5561E+40
  5.0120E+01  3.7282E+41  3.2011E+41  1.1512E+34  5.2709E+40
  5.3090E+01  2.7948E+41  2.3715E+41  6.9321E+33  4.2332E+40
  5.6230E+01  2.0868E+41  1.7470E+41  4.1558E+33  3.3988E+40
  5.9570E+01  1.5511E+41  1.2787E+41  2.4796E+33  2.7244E+40
  6.3100E+01  1.1507E+41  9.3235E+40  1.4764E+33  2.1836E+40
  6.6830E+01  8.5262E+40  6.7762E+40  8.7805E+32  1.7500E+40
  7.0790E+01  6.3099E+40  4.9089E+40  5.2158E+32  1.4010E+40
  7.4990E+01  4.6666E+40  3.5459E+40  3.0969E+32  1.1206E+40
  7.9430E+01  3.4535E+40  2.5571E+40  1.8406E+32  8.9636E+39
  8.4140E+01  2.5571E+40  1.8407E+40  1.0946E+32  7.1641E+39
  8.9130E+01  1.8963E+40  1.3240E+40  6.5208E+31  5.7230E+39
  9.4410E+01  1.4088E+40  9.5172E+39  3.8928E+31  4.5713E+39
  1.0000E+02  1.0487E+40  6.8361E+39  2.3286E+31  3.6504E+39
  1.0590E+02  7.8302E+39  4.9140E+39  1.3977E+31  2.9162E+39
  1.1220E+02  5.8560E+39  3.5312E+39  8.3985E+30  2.3248E+39
  1.1890E+02  4.3946E+39  2.5434E+39  5.0623E+30  1.8512E+39
  1.2590E+02  3.3247E+39  1.8465E+39  3.0750E+30  1.4782E+39
  1.3340E+02  2.5231E+39  1.3460E+39  1.8748E+30  1.1771E+39
  1.4130E+02  1.9132E+39  9.7485E+38  1.1471E+30  9.3831E+38
  1.4960E+02  1.4411E+39  6.9196E+38  6.9802E+29  7.4919E+38
  1.5850E+02  1.0841E+39  4.8770E+38  4.2307E+29  5.9639E+38
  1.7780E+02  6.2402E+38  2.4531E+38  1.5747E+29  3.7872E+38
  1.9950E+02  3.6421E+38  1.2413E+38  5.9283E+28  2.4008E+38
  2.2390E+02  2.1488E+38  6.2897E+37  2.2522E+28  1.5198E+38
  2.5120E+02  1.2821E+38  3.1922E+37  8.6345E+27  9.6287E+37
  2.8180E+02  7.7200E+37  1.6202E+37  3.3341E+27  6.0999E+37
  3.1620E+02  4.6808E+37  8.2129E+36  1.2937E+27  3.8595E+37
  3.5480E+02  2.8571E+37  4.1617E+36  5.0419E+26  2.4410E+37
  3.9810E+02  1.7544E+37  2.1078E+36  1.9736E+26  1.5436E+37
  4.4670E+02  1.0824E+37  1.0668E+36  7.7499E+25  9.7574E+36
  5.0120E+02  6.7079E+36  5.3983E+35  3.0523E+25  6.1680E+36
  5.6230E+02  4.1728E+36  2.7314E+35  1.2049E+25  3.8996E+36
  6.3100E+02  2.6006E+36  1.3800E+35  4.7614E+24  2.4626E+36
  7.0790E+02  1.6264E+36  6.9766E+34  1.8864E+24  1.5566E+36
  7.9430E+02  1.0184E+36  3.5227E+34  7.4768E+23  9.8316E+35
  8.9130E+02  6.3850E+35  1.7773E+34  2.9655E+23  6.2073E+35
  1.0000E+03  4.0108E+35  8.9675E+33  1.1779E+23  3.9211E+35
