  1.0000E-03  3.7905E+42  1.3421E-01  3.2759E+42  5.1458E+41
  1.1220E-03  2.7327E+42  1.0200E-01  2.6447E+42  8.7976E+40
  1.2590E-03  2.0326E+42  7.9456E-02  2.0193E+42  1.3367E+40
  1.4130E-03  1.4753E+42  6.2913E-02  1.4734E+42  1.8626E+39
  1.5850E-03  1.1325E+42  5.3051E-02  1.1322E+42  3.5578E+38
  1.7780E-03  1.2633E+42  5.3026E-02  1.2631E+42  2.1863E+38
  1.9950E-03  7.4652E+41  3.6048E-02  7.4651E+41  7.5895E+36
  2.2390E-03  4.6686E+41  2.7715E-02  4.6686E+41  5.9852E+35
  2.5120E-03  5.2292E+41  2.5914E-02  5.2292E+41  2.1027E+35
  2.8180E-03  2.6015E+41  1.5587E-02  2.6015E+41  1.6654E+33
  3.1620E-03  1.4193E+41  1.0230E-02  1.4193E+41  2.1953E+31
  3.5480E-03  8.2374E+40  7.0542E-03  8.2374E+40  3.7512E+29
  3.9810E-03  5.1073E+40  5.1555E-03  5.1073E+40  9.4166E+27
  4.4670E-03  9.3582E+41  4.3844E-02  9.3582E+41  3.5079E+34
  5.0120E-03  4.9023E+41  2.4961E-02  4.9023E+41  1.9042E+32
  5.6230E-03  2.7771E+41  1.4699E-02  2.7771E+41  1.0833E+30
  5.9570E-03  2.1687E+41  1.1535E-02  2.1687E+41  9.1734E+28
  6.6830E-03  1.4429E+41  7.6521E-03  1.4429E+41  1.1248E+27
  7.4990E-03  1.0952E+41  5.6616E-03  1.0952E+41  3.5185E+25
  8.4140E-03  7.8811E+40  3.9865E-03  7.8811E+40  5.6320E+23
  9.4410E-03  6.0197E+40  3.0675E-03  6.0197E+40  2.0671E+22
  1.0590E-02  4.9869E+40  2.7916E-03  4.9869E+40  4.7211E+21
  1.1890E-02  4.2256E+40  2.1062E-03  4.2256E+40  1.1164E+20
  1.3340E-02  3.4015E+40  1.7269E-03  3.4015E+40  6.8664E+18
  1.4960E-02  2.6875E+40  1.3338E-03  2.6875E+40  1.9602E+17
  1.6790E-02  2.1221E+40  1.0642E-03  2.1221E+40  7.7801E+15
  1.8840E-02  1.6945E+40  8.8163E-04  1.6945E+40  4.7197E+14
  2.1130E-02  1.3952E+40  7.1411E-04  1.3952E+40  1.9769E+13
  2.3710E-02  1.1162E+40  5.7424E-04  1.1162E+40  7.2535E+11
  2.6610E-02  8.6671E+39  4.5214E-04  8.6671E+39  1.9525E+10
  2.9850E-02  6.6946E+39  3.5843E-04  6.6946E+39  5.5704E+08
  3.3500E-02  5.1041E+39  2.8395E-04  5.1041E+39  1.4962E+07
  3.7580E-02  4.9521E+39  2.9168E-04  4.9521E+39  6.1847E+06
  4.2170E-02  4.9473E+39  2.4122E-04  4.9473E+39  1.5875E+05
  4.7320E-02  2.6728E+39  1.2783E-04  2.6728E+39  2.5149E+01
  5.3090E-02  1.1956E+39  5.9282E-05  1.1956E+39  6.5075E-04
  6.6830E-02  6.2205E+37  6.0350E-06  6.2205E+37  3.8549E-22
  7.4990E-02  9.3827E+36  1.9910E-06  9.3827E+36  9.3103E-34
  8.4140E-02  1.3068E+37  2.4370E-06  1.3068E+37  6.7628E-31
  9.4410E-02  1.8098E+37  2.9446E-06  1.8098E+37  6.4567E-29
  1.0590E-01  7.1416E+37  6.6465E-06  7.1416E+37  7.2656E-21
  1.1890E-01  2.8265E+38  1.7661E-05  2.8265E+38  9.4075E-12
  1.3340E-01  8.1195E+38  4.2572E-05  8.1195E+38  3.5978E-05
  1.4960E-01  1.3705E+39  7.8389E-05  1.3705E+39  5.8175E-01
  1.5850E-01  1.4634E+39  8.3365E-05  1.4634E+39  3.2674E+00
  1.7780E-01  1.0954E+39  5.2087E-05  1.0954E+39  1.4742E-01
  1.9950E-01  2.0312E+38  1.0342E-05  2.0312E+38  2.7457E-09
  2.2390E-01  7.2990E+37  4.0869E-06  7.2990E+37  5.5160E-14
  2.3710E-01  2.1409E+38  1.1619E-05  2.1409E+38  2.7588E-08
  2.5120E-01  6.0217E+38  3.5206E-01  6.0217E+38  2.4199E-02
  2.6610E-01  1.1396E+39  1.5594E+03  1.1396E+39  2.5326E+02
  2.8180E-01  1.7137E+39  9.9269E+05  1.7137E+39  2.0110E+05
  2.9850E-01  2.3266E+39  2.0825E+08  2.3266E+39  3.8686E+07
  3.1620E-01  3.0813E+39  2.6540E+10  3.0813E+39  4.3020E+09
  3.3500E-01  3.9827E+39  2.3321E+12  3.9827E+39  3.2236E+11
  3.5480E-01  4.9687E+39  1.3562E+14  4.9687E+39  1.5308E+13
  3.7580E-01  6.1615E+39  7.0116E+15  6.1615E+39  6.8418E+14
  3.9810E-01  7.5242E+39  2.6246E+17  7.5242E+39  2.1705E+16
  4.2170E-01  9.3876E+39  1.1002E+19  9.3876E+39  8.9833E+17
  4.4670E-01  1.1758E+40  3.8840E+20  1.1758E+40  3.2224E+19
  4.7320E-01  1.4683E+40  1.2160E+22  1.4683E+40  1.0556E+21
  5.0120E-01  1.8225E+40  3.2905E+23  1.8225E+40  3.0382E+22
  5.3090E-01  2.2803E+40  8.6152E+24  2.2803E+40  8.9034E+23
  5.6230E-01  2.8336E+40  1.7479E+26  2.8336E+40  1.9623E+25
  5.9570E-01  3.5214E+40  2.9998E+27  3.5214E+40  3.6369E+26
  6.3100E-01  4.4208E+40  4.6856E+28  4.4208E+40  6.2773E+27
  6.6830E-01  5.6083E+40  6.6453E+29  5.6083E+40  1.0037E+29
  7.0790E-01  7.2076E+40  8.3764E+30  7.2076E+40  1.4354E+30
  7.4990E-01  9.2634E+40  8.8546E+31  9.2634E+40  1.6950E+31
  7.9430E-01  1.1979E+41  8.3738E+32  1.1979E+41  1.8026E+32
  8.4140E-01  1.5572E+41  7.2108E+33  1.5572E+41  1.7588E+33
  8.9130E-01  2.0531E+41  6.0213E+34  2.0531E+41  1.7062E+34
  9.4410E-01  2.6926E+41  4.4890E+35  2.6926E+41  1.4732E+35
  1.0000E+00  3.4564E+41  2.8407E+36  3.4563E+41  1.0567E+36
  1.0590E+00  4.3511E+41  1.5543E+37  4.3509E+41  6.4459E+36
  1.1220E+00  5.3799E+41  7.6033E+37  5.3788E+41  3.4655E+37
  1.1890E+00  6.5343E+41  3.3774E+38  6.5292E+41  1.6751E+38
  1.2590E+00  7.8255E+41  1.3879E+39  7.8041E+41  7.5053E+38
  1.3340E+00  9.1825E+41  5.0901E+39  9.1021E+41  2.9483E+39
  1.4130E+00  1.0590E+42  1.6220E+40  1.0329E+42  9.8835E+39
  1.4960E+00  1.2200E+42  4.6039E+40  1.1448E+42  2.9134E+40
  1.5850E+00  1.4391E+42  1.1965E+41  1.2419E+42  7.7556E+40
  1.6790E+00  1.7991E+42  2.8765E+41  1.3214E+42  1.9006E+41
  1.7780E+00  2.4491E+42  6.4161E+41  1.3769E+42  4.3062E+41
  1.8840E+00  3.6323E+42  1.3312E+42  1.4019E+42  8.9922E+41
  1.9950E+00  5.6885E+42  2.5621E+42  1.3937E+42  1.7327E+42
  2.1130E+00  9.0160E+42  4.5854E+42  1.3521E+42  3.0785E+42
  2.2390E+00  1.3991E+43  7.6495E+42  1.2806E+42  5.0608E+42
  2.3710E+00  2.0850E+43  1.1923E+43  1.1856E+42  7.7414E+42
  2.5120E+00  2.9626E+43  1.7483E+43  1.0748E+42  1.1069E+43
  2.6610E+00  4.0125E+43  2.4242E+43  9.5590E+41  1.4928E+43
  2.8180E+00  5.1971E+43  3.1984E+43  8.3524E+41  1.9151E+43
  2.9850E+00  6.4616E+43  4.0397E+43  7.1796E+41  2.3501E+43
  3.1620E+00  7.7515E+43  4.9110E+43  6.0793E+41  2.7797E+43
  3.3500E+00  8.9860E+43  5.7644E+43  5.0719E+41  3.1709E+43
  3.5480E+00  1.0143E+44  6.5708E+43  4.1769E+41  3.5303E+43
  3.7580E+00  1.1163E+44  7.2929E+43  3.3943E+41  3.8358E+43
  3.9810E+00  1.2011E+44  7.9024E+43  2.7234E+41  4.0813E+43
  4.2170E+00  1.2669E+44  8.3804E+43  2.1590E+41  4.2669E+43
  4.4670E+00  1.3129E+44  8.7181E+43  1.6918E+41  4.3939E+43
  4.7320E+00  1.3381E+44  8.9081E+43  1.3098E+41  4.4594E+43
  5.0120E+00  1.3445E+44  8.9560E+43  1.0038E+41  4.4789E+43
  5.3090E+00  1.3178E+44  8.8672E+43  7.5273E+40  4.3029E+43
  5.6230E+00  1.2723E+44  8.6597E+43  5.5714E+40  4.0581E+43
  5.9570E+00  1.2116E+44  8.3543E+43  4.0737E+40  3.7579E+43
  6.3100E+00  1.1398E+44  7.9559E+43  2.9403E+40  3.4392E+43
  6.6830E+00  1.0668E+44  7.5627E+43  2.1090E+40  3.1035E+43
  7.0790E+00  9.8890E+43  7.1136E+43  1.4896E+40  2.7739E+43
  7.4990E+00  8.8798E+43  6.5431E+43  1.0261E+40  2.3357E+43
  7.9430E+00  6.9540E+43  5.4358E+43  6.7713E+39  1.5176E+43
  8.4140E+00  4.4177E+43  3.7097E+43  4.3827E+39  7.0751E+42
  8.9130E+00  2.7387E+43  2.4153E+43  2.9953E+39  3.2312E+42
  9.4410E+00  1.7295E+43  1.5795E+43  2.2972E+39  1.4974E+42
  1.0000E+01  1.8951E+43  1.7296E+43  1.9305E+39  1.6538E+42
  1.0590E+01  2.2321E+43  2.0258E+43  1.6164E+39  2.0615E+42
  1.1220E+01  2.6762E+43  2.4088E+43  1.2651E+39  2.6724E+42
  1.1890E+01  2.9290E+43  2.6229E+43  9.4965E+38  3.0603E+42
  1.2590E+01  3.0726E+43  2.7423E+43  6.8420E+38  3.3019E+42
  1.3340E+01  3.0689E+43  2.7379E+43  4.7384E+38  3.3090E+42
  1.4130E+01  2.9362E+43  2.6349E+43  3.1817E+38  3.0130E+42
  1.4960E+01  2.6932E+43  2.4578E+43  2.2058E+38  2.3542E+42
  1.5850E+01  2.4609E+43  2.2858E+43  1.6038E+38  1.7502E+42
  1.6790E+01  2.2678E+43  2.1395E+43  1.2197E+38  1.2831E+42
  1.7780E+01  2.1455E+43  2.0483E+43  9.6468E+37  9.7259E+41
  1.8840E+01  2.1098E+43  2.0305E+43  7.7455E+37  7.9309E+41
  1.9950E+01  2.1397E+43  2.0697E+43  6.0994E+37  6.9977E+41
  2.1130E+01  2.1799E+43  2.1177E+43  4.6630E+37  6.2147E+41
  2.2390E+01  2.2152E+43  2.1611E+43  3.5522E+37  5.4126E+41
  2.3710E+01  2.2469E+43  2.2002E+43  2.6957E+37  4.6672E+41
  2.5120E+01  2.2688E+43  2.2290E+43  2.0446E+37  3.9750E+41
  2.6610E+01  2.2773E+43  2.2437E+43  1.5410E+37  3.3648E+41
  2.8180E+01  2.2666E+43  2.2382E+43  1.1574E+37  2.8327E+41
  2.9850E+01  2.2310E+43  2.2073E+43  8.6346E+36  2.3710E+41
  3.1620E+01  2.1669E+43  2.1471E+43  6.3717E+36  1.9783E+41
  3.3500E+01  2.0728E+43  2.0564E+43  4.6457E+36  1.6451E+41
  3.5480E+01  1.9512E+43  1.9375E+43  3.3451E+36  1.3659E+41
  3.7580E+01  1.8058E+43  1.7944E+43  2.3746E+36  1.1322E+41
  3.9810E+01  1.6407E+43  1.6314E+43  1.6605E+36  9.3762E+40
  4.2170E+01  1.4653E+43  1.4575E+43  1.1438E+36  7.7553E+40
  4.4670E+01  1.2871E+43  1.2807E+43  7.7560E+35  6.4030E+40
  4.7320E+01  1.1132E+43  1.1080E+43  5.1857E+35  5.2739E+40
  5.0120E+01  9.4901E+42  9.4468E+42  3.4221E+35  4.3361E+40
  5.3090E+01  7.9778E+42  7.9423E+42  2.2300E+35  3.5553E+40
  5.6230E+01  6.6241E+42  6.5950E+42  1.4371E+35  2.9090E+40
  5.9570E+01  5.4326E+42  5.4089E+42  9.1585E+34  2.3723E+40
  6.3100E+01  4.4094E+42  4.3901E+42  5.7840E+34  1.9311E+40
  6.6830E+01  3.5448E+42  3.5291E+42  3.6229E+34  1.5693E+40
  7.0790E+01  2.8244E+42  2.8117E+42  2.2516E+34  1.2720E+40
  7.4990E+01  2.2315E+42  2.2212E+42  1.3893E+34  1.0288E+40
  7.9430E+01  1.7504E+42  1.7421E+42  8.5223E+33  8.3095E+39
  8.4140E+01  1.3635E+42  1.3568E+42  5.1962E+33  6.6991E+39
  8.9130E+01  1.0563E+42  1.0509E+42  3.1542E+33  5.3925E+39
  9.4410E+01  8.1385E+41  8.0951E+41  1.9064E+33  4.3364E+39
  1.0000E+02  6.2385E+41  6.2036E+41  1.1474E+33  3.4836E+39
  1.0590E+02  4.7645E+41  4.7365E+41  6.8885E+32  2.7976E+39
  1.1220E+02  3.6249E+41  3.6025E+41  4.1212E+32  2.2404E+39
  1.1890E+02  2.7538E+41  2.7359E+41  2.4642E+32  1.7912E+39
  1.2590E+02  2.0992E+41  2.0849E+41  1.4801E+32  1.4352E+39
  1.3340E+02  1.6019E+41  1.5904E+41  8.9182E+31  1.1461E+39
  1.4130E+02  1.2109E+41  1.2017E+41  5.3454E+31  9.1613E+38
  1.4960E+02  8.9538E+40  8.8805E+40  3.1330E+31  7.3353E+38
  1.5850E+02  6.5648E+40  6.5062E+40  1.8169E+31  5.8540E+38
  1.7780E+02  3.5464E+40  3.5091E+40  6.1429E+30  3.7324E+38
  1.9950E+02  1.9109E+40  1.8872E+40  2.0772E+30  2.3734E+38
  2.2390E+02  1.0236E+40  1.0085E+40  7.0054E+29  1.5061E+38
  2.5120E+02  5.4575E+39  5.3619E+39  2.3583E+29  9.5597E+37
  2.8180E+02  2.8947E+39  2.8341E+39  7.9237E+28  6.0651E+37
  3.1620E+02  1.5272E+39  1.4888E+39  2.6566E+28  3.8420E+37
  3.5480E+02  8.0275E+38  7.7843E+38  8.9022E+27  2.4322E+37
  3.9810E+02  4.2064E+38  4.0525E+38  2.9863E+27  1.5392E+37
  4.4670E+02  2.1987E+38  2.1013E+38  1.0036E+27  9.7352E+36
  5.0120E+02  1.1477E+38  1.0862E+38  3.3847E+26  6.1569E+36
  5.6230E+02  5.9888E+37  5.5994E+37  1.1468E+26  3.8940E+36
  6.3100E+02  3.1222E+37  2.8762E+37  3.9058E+25  2.4597E+36
  7.0790E+02  1.6309E+37  1.4753E+37  1.3411E+25  1.5552E+36
  7.9430E+02  8.5283E+36  7.5458E+36  4.6397E+24  9.8244E+35
  8.9130E+02  4.4710E+36  3.8506E+36  1.6198E+24  6.2037E+35
  1.0000E+03  2.3544E+36  1.9625E+36  5.7170E+23  3.9193E+35
