  1.0000E-03  8.7677E+44  2.1788E+06  1.5464E+41  8.7662E+44
  1.1220E-03  9.8378E+44  2.2105E+06  2.0651E+41  9.8357E+44
  1.2590E-03  1.1039E+45  2.2549E+06  2.6346E+41  1.1037E+45
  1.4130E-03  1.2390E+45  2.1503E+06  3.2352E+41  1.2387E+45
  1.5850E-03  1.3898E+45  2.1128E+06  3.8543E+41  1.3894E+45
  1.7780E-03  1.5591E+45  2.1284E+06  4.9598E+41  1.5586E+45
  1.9950E-03  1.7495E+45  2.1671E+06  6.3749E+41  1.7488E+45
  2.2390E-03  1.9635E+45  2.1027E+06  7.3051E+41  1.9627E+45
  2.5120E-03  2.2030E+45  2.0467E+06  9.9367E+41  2.2020E+45
  2.8180E-03  2.4715E+45  2.0054E+06  1.2626E+42  2.4702E+45
  3.1620E-03  2.7733E+45  2.0233E+06  1.5063E+42  2.7718E+45
  3.5480E-03  3.1120E+45  1.9505E+06  1.7350E+42  3.1103E+45
  3.9810E-03  3.4918E+45  1.9825E+06  1.9387E+42  3.4898E+45
  4.4670E-03  3.9180E+45  2.0092E+06  2.1391E+42  3.9158E+45
  5.0120E-03  4.3965E+45  2.0332E+06  2.9271E+42  4.3936E+45
  5.6230E-03  4.9330E+45  1.9472E+06  3.7950E+42  4.9292E+45
  5.9570E-03  5.2263E+45  1.9933E+06  4.2452E+42  5.2220E+45
  6.6830E-03  5.8637E+45  1.9159E+06  5.1413E+42  5.8585E+45
  7.4990E-03  6.5799E+45  1.9351E+06  6.0732E+42  6.5738E+45
  8.4140E-03  7.3830E+45  1.9126E+06  7.1163E+42  7.3758E+45
  9.4410E-03  8.2842E+45  1.9442E+06  8.1120E+42  8.2761E+45
  1.0590E-02  9.2921E+45  1.8800E+06  8.8069E+42  9.2833E+45
  1.1890E-02  1.0433E+46  1.8524E+06  1.0440E+43  1.0423E+46
  1.3340E-02  1.1706E+46  1.8332E+06  1.1680E+43  1.1694E+46
  1.4960E-02  1.3127E+46  1.8662E+06  1.3264E+43  1.3114E+46
  1.6790E-02  1.4733E+46  1.7949E+06  1.4849E+43  1.4718E+46
  1.8840E-02  1.6532E+46  1.7862E+06  1.6423E+43  1.6515E+46
  2.1130E-02  1.8542E+46  1.7095E+06  1.8483E+43  1.8524E+46
  2.3710E-02  2.0805E+46  1.7371E+06  2.0649E+43  2.0785E+46
  2.6610E-02  2.3349E+46  1.7297E+06  2.3005E+43  2.3326E+46
  2.9850E-02  2.6192E+46  1.7541E+06  2.5478E+43  2.6166E+46
  3.3500E-02  2.9395E+46  1.7471E+06  2.8076E+43  2.9367E+46
  3.7580E-02  3.2973E+46  1.7774E+06  3.0737E+43  3.2942E+46
  4.2170E-02  3.7004E+46  1.7485E+06  3.7502E+43  3.6967E+46
  4.7320E-02  4.1524E+46  1.7208E+06  4.2418E+43  4.1482E+46
  5.3090E-02  4.3256E+46  1.6038E+06  4.4028E+43  4.3212E+46
  6.6830E-02  4.1309E+46  1.4944E+06  4.0699E+43  4.1268E+46
  7.4990E-02  4.0365E+46  1.3575E+06  3.6290E+43  4.0328E+46
  8.4140E-02  3.9446E+46  1.4613E+06  3.5587E+43  3.9410E+46
  9.4410E-02  3.8548E+46  5.8416E+09  3.5639E+43  3.8513E+46
  1.0590E-01  3.5091E+46  1.6146E+14  3.5773E+43  3.5055E+46
  1.1890E-01  2.9499E+46  1.1386E+18  3.1078E+43  2.9467E+46
  1.3340E-01  2.4822E+46  2.1336E+21  2.6673E+43  2.4795E+46
  1.4960E-01  2.0900E+46  2.3106E+24  2.1136E+43  2.0878E+46
  1.5850E-01  1.9164E+46  6.7669E+25  1.9060E+43  1.9145E+46
  1.7780E-01  1.6131E+46  3.6200E+28  1.6548E+43  1.6114E+46
  1.9950E-01  1.3571E+46  1.1627E+31  1.3258E+43  1.3558E+46
  2.2390E-01  1.1414E+46  1.5155E+33  1.1096E+43  1.1403E+46
  2.3710E-01  1.0475E+46  9.7629E+33  1.1085E+43  1.0464E+46
  2.5120E-01  9.6064E+45  5.3408E+34  1.0531E+43  9.5958E+45
  2.6610E-01  8.8108E+45  2.7703E+35  9.6134E+42  8.8012E+45
  2.8180E-01  8.0847E+45  1.3317E+36  8.6226E+42  8.0761E+45
  2.9850E-01  7.4156E+45  5.8652E+36  7.7230E+42  7.4079E+45
  3.1620E-01  6.8016E+45  2.3273E+37  6.9396E+42  6.7947E+45
  3.3500E-01  6.2370E+45  8.4500E+37  6.2300E+42  6.2308E+45
  3.5480E-01  5.7221E+45  2.8160E+38  5.5858E+42  5.7165E+45
  3.7580E-01  5.2492E+45  8.6924E+38  4.9905E+42  5.2442E+45
  3.9810E-01  4.8142E+45  2.4733E+39  4.4677E+42  4.8097E+45
  4.2170E-01  4.4156E+45  6.4677E+39  3.9779E+42  4.4116E+45
  4.4670E-01  4.0502E+45  1.5682E+40  3.5461E+42  4.0466E+45
  4.7320E-01  3.7147E+45  3.5784E+40  3.1500E+42  3.7115E+45
  5.0120E-01  3.4077E+45  7.7066E+40  2.7876E+42  3.4048E+45
  5.3090E-01  3.1258E+45  1.5746E+41  2.4520E+42  3.1232E+45
  5.6230E-01  2.8676E+45  3.0496E+41  2.1589E+42  2.8651E+45
  5.9570E-01  2.6300E+45  5.6362E+41  1.8973E+42  2.6276E+45
  6.3100E-01  2.4130E+45  9.9299E+41  1.6607E+42  2.4103E+45
  6.6830E-01  2.2145E+45  1.6709E+42  1.4466E+42  2.2114E+45
  7.0790E-01  2.0324E+45  2.6959E+42  1.2564E+42  2.0284E+45
  7.4990E-01  1.8657E+45  4.1796E+42  1.0890E+42  1.8605E+45
  7.9430E-01  1.7138E+45  6.2328E+42  9.3905E+41  1.7066E+45
  8.4140E-01  1.5751E+45  8.9798E+42  8.0512E+41  1.5653E+45
  8.9130E-01  1.4489E+45  1.2528E+43  6.8364E+41  1.4357E+45
  9.4410E-01  1.3345E+45  1.6953E+43  5.7712E+41  1.3170E+45
  1.0000E+00  1.2309E+45  2.2314E+43  4.8542E+41  1.2081E+45
  1.0590E+00  1.1376E+45  2.8612E+43  4.0703E+41  1.1086E+45
  1.1220E+00  1.0528E+45  3.5972E+43  3.3910E+41  1.0165E+45
  1.1890E+00  9.7650E+44  4.4396E+43  2.8010E+41  9.3183E+44
  1.2590E+00  9.0901E+44  5.3575E+43  2.2886E+41  8.5520E+44
  1.3340E+00  8.4797E+44  6.3676E+43  1.8585E+41  7.8411E+44
  1.4130E+00  7.9370E+44  7.4276E+43  1.5099E+41  7.1927E+44
  1.4960E+00  7.4560E+44  8.5225E+43  1.2248E+41  6.6026E+44
  1.5850E+00  7.0231E+44  9.6774E+43  9.8753E+40  6.0543E+44
  1.6790E+00  6.6364E+44  1.0825E+44  7.9001E+40  5.5530E+44
  1.7780E+00  6.2885E+44  1.1922E+44  6.2573E+40  5.0957E+44
  1.8840E+00  5.9710E+44  1.2986E+44  4.8993E+40  4.6719E+44
  1.9950E+00  5.6824E+44  1.3945E+44  3.7955E+40  4.2875E+44
  2.1130E+00  5.4136E+44  1.4800E+44  2.9093E+40  3.9333E+44
  2.2390E+00  5.1580E+44  1.5517E+44  2.2083E+40  3.6061E+44
  2.3710E+00  4.9139E+44  1.6045E+44  1.6629E+40  3.3092E+44
  2.5120E+00  4.6755E+44  1.6409E+44  1.2437E+40  3.0344E+44
  2.6610E+00  4.4404E+44  1.6571E+44  9.2493E+39  2.7832E+44
  2.8180E+00  4.2049E+44  1.6511E+44  6.8415E+39  2.5538E+44
  2.9850E+00  3.9683E+44  1.6256E+44  5.0359E+39  2.3426E+44
  3.1620E+00  3.7290E+44  1.5803E+44  3.6893E+39  2.1487E+44
  3.3500E+00  3.4931E+44  1.5227E+44  2.6944E+39  1.9704E+44
  3.5480E+00  3.2539E+44  1.4461E+44  1.9585E+39  1.8078E+44
  3.7580E+00  3.0170E+44  1.3586E+44  1.4178E+39  1.6583E+44
  3.9810E+00  2.7838E+44  1.2628E+44  1.0224E+39  1.5210E+44
  4.2170E+00  2.5559E+44  1.1608E+44  7.3453E+38  1.3951E+44
  4.4670E+00  2.3352E+44  1.0556E+44  5.2576E+38  1.2796E+44
  4.7320E+00  2.1253E+44  9.5159E+43  3.7504E+38  1.1737E+44
  5.0120E+00  1.9305E+44  8.5131E+43  2.6727E+38  1.0791E+44
  5.3090E+00  1.7164E+44  7.5614E+43  1.8610E+38  9.6024E+43
  5.6230E+00  1.5164E+44  6.6833E+43  1.2863E+38  8.4805E+43
  5.9570E+00  1.3322E+44  5.8902E+43  8.8309E+37  7.4316E+43
  6.3100E+00  1.1606E+44  5.1353E+43  6.0066E+37  6.4710E+43
  6.6830E+00  1.0091E+44  4.4898E+43  4.0640E+37  5.6014E+43
  7.0790E+00  8.7017E+43  3.8827E+43  2.7143E+37  4.8190E+43
  7.4990E+00  7.7946E+43  3.6717E+43  1.8504E+37  4.1229E+43
  7.9430E+00  8.4615E+43  4.9506E+43  1.4881E+37  3.5109E+43
  8.4140E+00  1.0571E+44  7.5960E+43  1.4542E+37  2.9752E+43
  8.9130E+00  1.2102E+44  9.5911E+43  1.4177E+37  2.5104E+43
  9.4410E+00  1.2967E+44  1.0857E+44  1.4483E+37  2.1101E+43
  1.0000E+01  1.0292E+44  8.5254E+43  9.8396E+36  1.7671E+43
  1.0590E+01  7.6681E+43  6.1923E+43  6.1180E+36  1.4758E+43
  1.1220E+01  5.3989E+43  4.1721E+43  3.3782E+36  1.2267E+43
  1.1890E+01  3.8584E+43  2.8425E+43  1.9042E+36  1.0159E+43
  1.2590E+01  2.7554E+43  1.9142E+43  1.0562E+36  8.4119E+42
  1.3340E+01  1.9938E+43  1.3006E+43  5.8698E+35  6.9319E+42
  1.4130E+01  1.5312E+43  9.6074E+42  3.3842E+35  5.7050E+42
  1.4960E+01  1.3506E+43  8.8136E+42  2.2506E+35  4.6919E+42
  1.5850E+01  1.2312E+43  8.4710E+42  1.6022E+35  3.8414E+42
  1.6790E+01  1.1250E+43  8.1087E+42  1.1881E+35  3.1409E+42
  1.7780E+01  9.9442E+42  7.3778E+42  8.8293E+34  2.5663E+42
  1.8840E+01  8.2501E+42  6.1614E+42  6.2374E+34  2.0888E+42
  1.9950E+01  6.4368E+42  4.7354E+42  4.0687E+34  1.7013E+42
  2.1130E+01  4.9441E+42  3.5615E+42  2.5431E+34  1.3827E+42
  2.2390E+01  3.8162E+42  2.6959E+42  1.5909E+34  1.1203E+42
  2.3710E+01  2.9627E+42  2.0541E+42  9.9638E+33  9.0864E+41
  2.5120E+01  2.3044E+42  1.5696E+42  6.2619E+33  7.3479E+41
  2.6610E+01  1.7941E+42  1.2003E+42  3.9294E+33  5.9383E+41
  2.8180E+01  1.4002E+42  9.2024E+41  2.4766E+33  4.7994E+41
  2.9850E+01  1.0919E+42  7.0468E+41  1.5626E+33  3.8717E+41
  3.1620E+01  8.4974E+41  5.3775E+41  9.8414E+32  3.1199E+41
  3.3500E+01  6.5978E+41  4.0872E+41  6.1891E+32  2.5106E+41
  3.5480E+01  5.1201E+41  3.0991E+41  3.8932E+32  2.0210E+41
  3.7580E+01  3.9597E+41  2.3344E+41  2.4422E+32  1.6253E+41
  3.9810E+01  3.0455E+41  1.7402E+41  1.5258E+32  1.3054E+41
  4.2170E+01  2.3353E+41  1.2874E+41  9.5042E+31  1.0479E+41
  4.4670E+01  1.7863E+41  9.4556E+40  5.8989E+31  8.4074E+40
  4.7320E+01  1.3643E+41  6.9030E+40  3.6526E+31  6.7400E+40
  5.0120E+01  1.0419E+41  5.0154E+40  2.2594E+31  5.4034E+40
  5.3090E+01  7.9541E+40  3.6259E+40  1.3960E+31  4.3282E+40
  5.6230E+01  6.0796E+40  2.6128E+40  8.6271E+30  3.4667E+40
  5.9570E+01  4.6471E+40  1.8744E+40  5.3267E+30  2.7728E+40
  6.3100E+01  3.5600E+40  1.3420E+40  3.2929E+30  2.2180E+40
  6.6830E+01  2.7336E+40  9.5915E+39  2.0385E+30  1.7744E+40
  7.0790E+01  2.1026E+40  6.8433E+39  1.2628E+30  1.4183E+40
  7.4990E+01  1.6203E+40  4.8737E+39  7.8302E+29  1.1329E+40
  7.9430E+01  1.2520E+40  3.4694E+39  4.8643E+29  9.0505E+39
  8.4140E+01  9.6931E+39  2.4675E+39  3.0243E+29  7.2256E+39
  8.9130E+01  7.5216E+39  1.7551E+39  1.8831E+29  5.7665E+39
  9.4410E+01  5.8504E+39  1.2483E+39  1.1742E+29  4.6021E+39
  1.0000E+02  4.5600E+39  8.8773E+38  7.3312E+28  3.6722E+39
  1.0590E+02  3.5637E+39  6.3203E+38  4.5863E+28  2.9317E+39
  1.1220E+02  2.7856E+39  4.4986E+38  2.8663E+28  2.3358E+39
  1.1890E+02  2.1798E+39  3.2075E+38  1.7920E+28  1.8590E+39
  1.2590E+02  1.7140E+39  2.3021E+38  1.1252E+28  1.4838E+39
  1.3340E+02  1.3467E+39  1.6559E+38  7.0658E+27  1.1811E+39
  1.4130E+02  1.0599E+39  1.1871E+38  4.4596E+27  9.4117E+38
  1.4960E+02  8.3528E+38  8.4067E+37  2.8145E+27  7.5121E+38
  1.5850E+02  6.5699E+38  5.9178E+37  1.7668E+27  5.9781E+38
  1.7780E+02  4.0901E+38  2.9588E+37  6.9841E+26  3.7942E+38
  1.9950E+02  2.5529E+38  1.4856E+37  2.7639E+26  2.4043E+38
  2.2390E+02  1.5963E+38  7.4688E+36  1.0950E+26  1.5216E+38
  2.5120E+02  1.0014E+38  3.7630E+36  4.3492E+25  9.6376E+37
  2.8180E+02  6.2940E+37  1.8970E+36  1.7298E+25  6.1043E+37
  3.1620E+02  3.9573E+37  9.5566E+35  6.8786E+24  3.8617E+37
  3.5480E+02  2.4903E+37  4.8156E+35  2.7356E+24  2.4421E+37
  3.9810E+02  1.5685E+37  2.4264E+35  1.0888E+24  1.5442E+37
  4.4670E+02  9.8825E+36  1.2223E+35  4.3341E+23  9.7603E+36
  5.0120E+02  6.2310E+36  6.1581E+34  1.7260E+23  6.1695E+36
  5.6230E+02  3.9314E+36  3.1033E+34  6.8751E+22  3.9003E+36
  6.3100E+02  2.4786E+36  1.5621E+34  2.7367E+22  2.4629E+36
  7.0790E+02  1.5647E+36  7.8703E+33  1.0906E+22  1.5568E+36
  7.9430E+02  9.8721E+35  3.9613E+33  4.3433E+21  9.8325E+35
  8.9130E+02  6.2276E+35  1.9928E+33  1.7292E+21  6.2077E+35
  1.0000E+03  3.9314E+35  1.0028E+33  6.8899E+20  3.9214E+35
