  1.0000E-03  8.9132E+44  0.0000E+00  1.4697E+43  8.7662E+44
  1.1220E-03  9.9933E+44  0.0000E+00  1.5756E+43  9.8357E+44
  1.2590E-03  1.1200E+45  0.0000E+00  1.6304E+43  1.1037E+45
  1.4130E-03  1.2551E+45  0.0000E+00  1.6410E+43  1.2387E+45
  1.5850E-03  1.4060E+45  0.0000E+00  1.6598E+43  1.3894E+45
  1.7780E-03  1.5785E+45  0.0000E+00  1.9876E+43  1.5586E+45
  1.9950E-03  1.7688E+45  0.0000E+00  1.9960E+43  1.7488E+45
  2.2390E-03  1.9818E+45  0.0000E+00  1.9041E+43  1.9627E+45
  2.5120E-03  2.2258E+45  0.0000E+00  2.3825E+43  2.2020E+45
  2.8180E-03  2.4937E+45  0.0000E+00  2.3435E+43  2.4702E+45
  3.1620E-03  2.7946E+45  0.0000E+00  2.2733E+43  2.7718E+45
  3.5480E-03  3.1322E+45  0.0000E+00  2.1903E+43  3.1103E+45
  3.9810E-03  3.5108E+45  0.0000E+00  2.0992E+43  3.4898E+45
  4.4670E-03  3.9740E+45  0.0000E+00  5.8178E+43  3.9158E+45
  5.0120E-03  4.4514E+45  0.0000E+00  5.7781E+43  4.3936E+45
  5.6230E-03  4.9877E+45  0.0000E+00  5.8469E+43  4.9292E+45
  5.9570E-03  5.2812E+45  0.0000E+00  5.9191E+43  5.2220E+45
  6.6830E-03  5.9199E+45  0.0000E+00  6.1378E+43  5.8585E+45
  7.4990E-03  6.6389E+45  0.0000E+00  6.5095E+43  6.5738E+45
  8.4140E-03  7.4442E+45  0.0000E+00  6.8393E+43  7.3758E+45
  9.4410E-03  8.3482E+45  0.0000E+00  7.2081E+43  8.2761E+45
  1.0590E-02  9.3592E+45  0.0000E+00  7.5886E+43  9.2833E+45
  1.1890E-02  1.0505E+46  0.0000E+00  8.2455E+43  1.0423E+46
  1.3340E-02  1.1781E+46  0.0000E+00  8.7456E+43  1.1694E+46
  1.4960E-02  1.3207E+46  0.0000E+00  9.3043E+43  1.3114E+46
  1.6790E-02  1.4817E+46  0.0000E+00  9.8877E+43  1.4718E+46
  1.8840E-02  1.6621E+46  0.0000E+00  1.0519E+44  1.6515E+46
  2.1130E-02  1.8636E+46  0.0000E+00  1.1283E+44  1.8524E+46
  2.3710E-02  2.0905E+46  0.0000E+00  1.2078E+44  2.0785E+46
  2.6610E-02  2.3455E+46  0.0000E+00  1.2916E+44  2.3326E+46
  2.9850E-02  2.6304E+46  8.5659E-83  1.3806E+44  2.6166E+46
  3.3500E-02  2.9514E+46  5.3812E-68  1.4703E+44  2.9367E+46
  3.7580E-02  3.3100E+46  6.7279E-55  1.5734E+44  3.2942E+46
  4.2170E-02  3.7163E+46  2.8770E-43  1.9652E+44  3.6967E+46
  4.7320E-02  4.1698E+46  7.3767E-33  2.1574E+44  4.1482E+46
  5.3090E-02  4.3428E+46  1.2909E-23  2.1608E+44  4.3212E+46
  6.6830E-02  4.1450E+46  4.2827E-08  1.8223E+44  4.1268E+46
  7.4990E-02  4.0490E+46  1.3187E-01  1.6213E+44  4.0328E+46
  8.4140E-02  3.9569E+46  6.6839E+04  1.5885E+44  3.9410E+46
  9.4410E-02  3.8671E+46  7.6743E+09  1.5846E+44  3.8513E+46
  1.0590E-01  3.5216E+46  2.0544E+14  1.6081E+44  3.5055E+46
  1.1890E-01  2.9603E+46  1.6540E+18  1.3579E+44  2.9467E+46
  1.3340E-01  2.4910E+46  3.8653E+21  1.1427E+44  2.4795E+46
  1.4960E-01  2.0960E+46  4.7680E+24  8.1271E+43  2.0878E+46
  1.5850E-01  1.9213E+46  1.4146E+26  6.7755E+43  1.9145E+46
  1.7780E-01  1.6168E+46  6.9272E+28  5.3762E+43  1.6114E+46
  1.9950E-01  1.3599E+46  1.7682E+31  4.1334E+43  1.3558E+46
  2.2390E-01  1.1442E+46  1.8972E+33  3.9150E+43  1.1403E+46
  2.3710E-01  1.0507E+46  1.3210E+34  4.2212E+43  1.0464E+46
  2.5120E-01  9.6381E+45  8.1213E+34  4.2319E+43  9.5958E+45
  2.6610E-01  8.8412E+45  4.5893E+35  3.9970E+43  8.8012E+45
  2.8180E-01  8.1130E+45  2.3449E+36  3.6961E+43  8.0761E+45
  2.9850E-01  7.4421E+45  1.0835E+37  3.4201E+43  7.4079E+45
  3.1620E-01  6.8267E+45  4.4845E+37  3.2006E+43  6.7947E+45
  3.3500E-01  6.2609E+45  1.6889E+38  3.0053E+43  6.2308E+45
  3.5480E-01  5.7447E+45  5.7996E+38  2.8249E+43  5.7165E+45
  3.7580E-01  5.2708E+45  1.8389E+39  2.6630E+43  5.2442E+45
  3.9810E-01  4.8349E+45  5.3600E+39  2.5195E+43  4.8097E+45
  4.2170E-01  4.4356E+45  1.4377E+40  2.3994E+43  4.4116E+45
  4.4670E-01  4.0696E+45  3.5732E+40  2.2971E+43  4.0466E+45
  4.7320E-01  3.7336E+45  8.3466E+40  2.2014E+43  3.7115E+45
  5.0120E-01  3.4261E+45  1.8375E+41  2.1088E+43  3.4048E+45
  5.3090E-01  3.1438E+45  3.8367E+41  2.0217E+43  3.1232E+45
  5.6230E-01  2.8853E+45  7.5747E+41  1.9400E+43  2.8651E+45
  5.9570E-01  2.6476E+45  1.4243E+42  1.8628E+43  2.6276E+45
  6.3100E-01  2.4308E+45  2.5515E+42  1.7910E+43  2.4103E+45
  6.6830E-01  2.2330E+45  4.3613E+42  1.7235E+43  2.2114E+45
  7.0790E-01  2.0522E+45  7.1441E+42  1.6636E+43  2.0284E+45
  7.4990E-01  1.8878E+45  1.1224E+43  1.6083E+43  1.8605E+45
  7.9430E-01  1.7391E+45  1.6956E+43  1.5581E+43  1.7066E+45
  8.4140E-01  1.6052E+45  2.4737E+43  1.5137E+43  1.5653E+45
  8.9130E-01  1.4855E+45  3.5026E+43  1.4749E+43  1.4357E+45
  9.4410E-01  1.3794E+45  4.8063E+43  1.4397E+43  1.3170E+45
  1.0000E+00  1.2861E+45  6.3943E+43  1.4044E+43  1.2081E+45
  1.0590E+00  1.2050E+45  8.2711E+43  1.3696E+43  1.1086E+45
  1.1220E+00  1.1346E+45  1.0476E+44  1.3328E+43  1.0165E+45
  1.1890E+00  1.0749E+45  1.3017E+44  1.2915E+43  9.3183E+44
  1.2590E+00  1.0261E+45  1.5850E+44  1.2431E+43  8.5520E+44
  1.3340E+00  9.8544E+44  1.8943E+44  1.1899E+43  7.8411E+44
  1.4130E+00  9.5170E+44  2.2109E+44  1.1335E+43  7.1927E+44
  1.4960E+00  9.2386E+44  2.5287E+44  1.0730E+43  6.6026E+44
  1.5850E+00  9.0058E+44  2.8507E+44  1.0076E+43  6.0543E+44
  1.6790E+00  8.8074E+44  3.1607E+44  9.3600E+42  5.5530E+44
  1.7780E+00  8.6272E+44  3.4457E+44  8.5745E+42  5.0957E+44
  1.8840E+00  8.4529E+44  3.7037E+44  7.7300E+42  4.6719E+44
  1.9950E+00  8.2745E+44  3.9186E+44  6.8454E+42  4.2875E+44
  2.1130E+00  8.0784E+44  4.0856E+44  5.9482E+42  3.9333E+44
  2.2390E+00  7.8520E+44  4.1952E+44  5.0676E+42  3.6061E+44
  2.3710E+00  7.5947E+44  4.2432E+44  4.2346E+42  3.3092E+44
  2.5120E+00  7.3042E+44  4.2350E+44  3.4759E+42  3.0344E+44
  2.6610E+00  6.9823E+44  4.1710E+44  2.8056E+42  2.7832E+44
  2.8180E+00  6.6310E+44  4.0549E+44  2.2288E+42  2.5538E+44
  2.9850E+00  6.2578E+44  3.8977E+44  1.7455E+42  2.3426E+44
  3.1620E+00  5.8670E+44  3.7049E+44  1.3491E+42  2.1487E+44
  3.3500E+00  5.4757E+44  3.4950E+44  1.0314E+42  1.9704E+44
  3.5480E+00  5.0786E+44  3.2630E+44  7.8005E+41  1.8078E+44
  3.7580E+00  4.6875E+44  3.0233E+44  5.8424E+41  1.6583E+44
  3.9810E+00  4.3059E+44  2.7806E+44  4.3371E+41  1.5210E+44
  4.2170E+00  3.9381E+44  2.5398E+44  3.1942E+41  1.3951E+44
  4.4670E+00  3.5874E+44  2.3054E+44  2.3350E+41  1.2796E+44
  4.7320E+00  3.2572E+44  2.0819E+44  1.6946E+41  1.1737E+44
  5.0120E+00  2.9524E+44  1.8720E+44  1.2235E+41  1.0791E+44
  5.3090E+00  2.6373E+44  1.6762E+44  8.6802E+40  9.6024E+43
  5.6230E+00  2.3451E+44  1.4965E+44  6.1055E+40  8.4805E+43
  5.9570E+00  2.0774E+44  1.3338E+44  4.2608E+40  7.4316E+43
  6.3100E+00  1.8279E+44  1.1805E+44  2.9425E+40  6.4710E+43
  6.6830E+00  1.6129E+44  1.0525E+44  2.0263E+40  5.6014E+43
  7.0790E+00  1.4145E+44  9.3248E+43  1.3762E+40  4.8190E+43
  7.4990E+00  1.2619E+44  8.4952E+43  9.3384E+39  4.1229E+43
  7.9430E+00  1.2325E+44  8.8136E+43  6.7845E+39  3.5109E+43
  8.4140E+00  1.2952E+44  9.9759E+43  5.4679E+39  2.9752E+43
  8.9130E+00  1.3090E+44  1.0579E+44  4.5238E+39  2.5104E+43
  9.4410E+00  1.2819E+44  1.0709E+44  4.0447E+39  2.1101E+43
  1.0000E+01  1.0977E+44  9.2095E+43  3.0501E+39  1.7671E+43
  1.0590E+01  9.1146E+43  7.6386E+43  2.1897E+39  1.4758E+43
  1.1220E+01  7.3555E+43  6.1287E+43  1.4274E+39  1.2267E+43
  1.1890E+01  5.9421E+43  4.9261E+43  9.2009E+38  1.0159E+43
  1.2590E+01  4.8245E+43  3.9833E+43  5.7769E+38  8.4119E+42
  1.3340E+01  3.9513E+43  3.2580E+43  3.5675E+38  6.9319E+42
  1.4130E+01  3.3542E+43  2.7837E+43  2.2184E+38  5.7050E+42
  1.4960E+01  3.0825E+43  2.6133E+43  1.5177E+38  4.6919E+42
  1.5850E+01  2.9033E+43  2.5192E+43  1.1053E+38  3.8414E+42
  1.6790E+01  2.7562E+43  2.4421E+43  8.4189E+37  3.1409E+42
  1.7780E+01  2.5842E+43  2.3275E+43  6.5376E+37  2.5663E+42
  1.8840E+01  2.3498E+43  2.1409E+43  4.9669E+37  2.0888E+42
  1.9950E+01  2.0708E+43  1.9007E+43  3.5746E+37  1.7013E+42
  2.1130E+01  1.8135E+43  1.6752E+43  2.4774E+37  1.3827E+42
  2.2390E+01  1.5941E+43  1.4821E+43  1.7139E+37  1.1203E+42
  2.3710E+01  1.4051E+43  1.3142E+43  1.1829E+37  9.0864E+41
  2.5120E+01  1.2352E+43  1.1617E+43  8.1603E+36  7.3479E+41
  2.6610E+01  1.0808E+43  1.0214E+43  5.5933E+36  5.9383E+41
  2.8180E+01  9.3977E+42  8.9177E+42  3.8242E+36  4.7994E+41
  2.9850E+01  8.0893E+42  7.7021E+42  2.5974E+36  3.8717E+41
  3.1620E+01  6.8790E+42  6.5670E+42  1.7458E+36  3.1199E+41
  3.3500E+01  5.7702E+42  5.5191E+42  1.1603E+36  2.5106E+41
  3.5480E+01  4.7768E+42  4.5747E+42  7.6293E+35  2.0210E+41
  3.7580E+01  3.8969E+42  3.7344E+42  4.9524E+35  1.6253E+41
  3.9810E+01  3.1295E+42  2.9989E+42  3.1714E+35  1.3054E+41
  4.2170E+01  2.4798E+42  2.3750E+42  2.0054E+35  1.0479E+41
  4.4670E+01  1.9413E+42  1.8572E+42  1.2520E+35  8.4074E+40
  4.7320E+01  1.5037E+42  1.4363E+42  7.7322E+34  6.7400E+40
  5.0120E+01  1.1543E+42  1.1003E+42  4.7314E+34  5.4034E+40
  5.3090E+01  8.7846E+41  8.3518E+41  2.8701E+34  4.3282E+40
  5.6230E+01  6.6411E+41  6.2944E+41  1.7293E+34  3.4667E+40
  5.9570E+01  4.9852E+41  4.7079E+41  1.0345E+34  2.7728E+40
  6.3100E+01  3.7250E+41  3.5032E+41  6.1617E+33  2.2180E+40
  6.6830E+01  2.7727E+41  2.5952E+41  3.6570E+33  1.7744E+40
  7.0790E+01  2.0562E+41  1.9143E+41  2.1630E+33  1.4183E+40
  7.4990E+01  1.5199E+41  1.4066E+41  1.2760E+33  1.1329E+40
  7.9430E+01  1.1213E+41  1.0308E+41  7.5182E+32  9.0505E+39
  8.4140E+01  8.2555E+40  7.5329E+40  4.4229E+32  7.2256E+39
  8.9130E+01  6.0731E+40  5.4964E+40  2.6019E+32  5.7665E+39
  9.4410E+01  4.4648E+40  4.0046E+40  1.5310E+32  4.6021E+39
  1.0000E+02  3.2805E+40  2.9133E+40  9.0107E+31  3.6722E+39
  1.0590E+02  2.4125E+40  2.1194E+40  5.3136E+31  2.9317E+39
  1.1220E+02  1.7741E+40  1.5405E+40  3.1339E+31  2.3358E+39
  1.1890E+02  1.3077E+40  1.1218E+40  1.8536E+31  1.8590E+39
  1.2590E+02  9.7134E+39  8.2295E+39  1.1051E+31  1.4838E+39
  1.3340E+02  7.2422E+39  6.0611E+39  6.6206E+30  1.1811E+39
  1.4130E+02  5.3714E+39  4.4302E+39  3.9681E+30  9.4117E+38
  1.4960E+02  3.9194E+39  3.1682E+39  2.3490E+30  7.5121E+38
  1.5850E+02  2.8467E+39  2.2489E+39  1.3830E+30  5.9781E+38
  1.7780E+02  1.5263E+39  1.1469E+39  4.8695E+29  3.7942E+38
  1.9950E+02  8.2815E+38  5.8771E+38  1.7389E+29  2.4043E+38
  2.2390E+02  4.5334E+38  3.0118E+38  6.2820E+28  1.5216E+38
  2.5120E+02  2.5077E+38  1.5439E+38  2.2973E+28  9.6376E+37
  2.8180E+02  1.4010E+38  7.9061E+37  8.4933E+27  6.1043E+37
  3.1620E+02  7.9012E+37  4.0395E+37  3.1684E+27  3.8617E+37
  3.5480E+02  4.5034E+37  2.0613E+37  1.1924E+27  2.4421E+37
  3.9810E+02  2.5947E+37  1.0505E+37  4.5272E+26  1.5442E+37
  4.4670E+02  1.5107E+37  5.3467E+36  1.7314E+26  9.7603E+36
  5.0120E+02  8.8882E+36  2.7188E+36  6.6673E+25  6.1695E+36
  5.6230E+02  5.2820E+36  1.3817E+36  2.5825E+25  3.9003E+36
  6.3100E+02  3.1637E+36  7.0079E+35  1.0044E+25  2.4629E+36
  7.0790E+02  1.9123E+36  3.5551E+35  3.9273E+24  1.5568E+36
  7.9430E+02  1.1633E+36  1.8006E+35  1.5398E+24  9.8325E+35
  8.9130E+02  7.1187E+35  9.1098E+34  6.0529E+23  6.2077E+35
  1.0000E+03  4.3821E+35  4.6077E+34  2.3868E+23  3.9214E+35
