  1.0000E-03  5.5980E+42  5.7846E+04  5.4780E+42  1.1998E+41
  1.1220E-03  5.6994E+42  4.4454E+04  5.6852E+42  1.4171E+40
  1.2590E-03  5.5853E+42  3.8974E+04  5.5838E+42  1.4501E+39
  1.4130E-03  5.2325E+42  3.2743E+04  5.2323E+42  1.3341E+38
  1.5850E-03  4.8879E+42  2.8540E+04  4.8879E+42  1.7787E+37
  1.7780E-03  5.5608E+42  2.6559E+04  5.5608E+42  9.4740E+36
  1.9950E-03  4.7604E+42  2.1525E+04  4.7604E+42  1.6440E+35
  2.2390E-03  3.8692E+42  1.8309E+04  3.8692E+42  7.5422E+33
  2.5120E-03  4.4295E+42  1.6964E+04  4.4295E+42  2.0411E+33
  2.8180E-03  3.3592E+42  1.3001E+04  3.3592E+42  6.0488E+30
  3.1620E-03  2.5298E+42  1.0378E+04  2.5298E+42  3.2920E+28
  3.5480E-03  1.9058E+42  8.4700E+03  1.9058E+42  2.4463E+26
  3.9810E-03  1.4604E+42  7.6164E+03  1.4604E+42  2.8863E+24
  4.4670E-03  1.2908E+43  1.1720E+04  1.2908E+43  2.6146E+32
  5.0120E-03  9.3386E+42  8.7756E+03  9.3386E+42  4.8021E+29
  5.6230E-03  6.5472E+42  6.7809E+03  6.5472E+42  9.3004E+26
  5.9570E-03  5.4831E+42  6.0449E+03  5.4831E+42  4.7011E+25
  6.6830E-03  3.9771E+42  4.9562E+03  3.9771E+42  2.2884E+23
  7.4990E-03  3.0840E+42  4.1851E+03  3.0840E+42  3.4104E+21
  8.4140E-03  2.2967E+42  3.4802E+03  2.2967E+42  2.2987E+19
  9.4410E-03  1.7867E+42  3.0326E+03  1.7867E+42  4.1749E+17
  1.0590E-02  1.4985E+42  2.8501E+03  1.4985E+42  6.6945E+16
  1.1890E-02  1.2210E+42  2.4589E+03  1.2210E+42  7.2230E+14
  1.3340E-02  9.8496E+41  2.1978E+03  9.8496E+41  2.4324E+13
  1.4960E-02  7.7365E+41  1.9108E+03  7.7365E+41  3.2832E+11
  1.6790E-02  6.1135E+41  1.6808E+03  6.1135E+41  6.5576E+09
  1.8840E-02  4.8968E+41  1.4916E+03  4.8968E+41  2.1694E+08
  2.1130E-02  3.9583E+41  1.2709E+03  3.9583E+41  4.6169E+06
  2.3710E-02  3.1429E+41  1.1126E+03  3.1429E+41  8.3824E+04
  2.6610E-02  2.4364E+41  9.6451E+02  2.4364E+41  1.0499E+03
  2.9850E-02  1.8796E+41  8.3592E+02  1.8796E+41  1.4052E+01
  3.3500E-02  1.4370E+41  7.2065E+02  1.4370E+41  1.7463E-01
  3.7580E-02  1.4458E+41  6.8158E+02  1.4458E+41  5.9277E-02
  4.2170E-02  1.2968E+41  5.8606E+02  1.2968E+41  6.9756E-04
  4.7320E-02  6.6293E+40  5.2503E+02  6.6293E+40  1.7455E-08
  5.3090E-02  2.9531E+40  3.4732E+02  2.9531E+40  4.9937E-14
  6.6830E-02  3.1145E+39  7.7832E+01  3.1145E+39  5.4346E-36
  7.4990E-02  1.1453E+39  5.0349E+01  1.1453E+39  5.0753E-50
  8.4140E-02  1.2873E+39  6.2203E+01  1.2873E+39  1.5088E-46
  9.4410E-02  1.4997E+39  7.1356E+01  1.4997E+39  3.8809E-44
  1.0590E-01  3.3584E+39  1.2979E+02  3.3584E+39  2.2413E-34
  1.1890E-01  1.0195E+40  2.6201E+02  1.0195E+40  2.4980E-23
  1.3340E-01  3.0731E+40  4.4115E+02  3.0731E+40  2.4338E-15
  1.4960E-01  6.3705E+40  6.1343E+02  6.3705E+40  3.2476E-10
  1.5850E-01  6.9159E+40  6.5048E+02  6.9159E+40  2.6655E-09
  1.7780E-01  3.9693E+40  7.7673E+02  3.9693E+40  5.9417E-11
  1.9950E-01  5.5352E+39  3.0238E+02  5.5352E+39  2.4176E-20
  2.2390E-01  1.9591E+39  2.0257E+02  1.9591E+39  4.6138E-26
  2.3710E-01  4.6162E+39  1.4803E+04  4.6162E+39  3.5098E-19
  2.5120E-01  1.1787E+40  1.5658E+08  1.1787E+40  5.2650E-12
  2.6610E-01  2.2328E+40  1.4055E+11  2.2328E+40  3.7596E-07
  2.8180E-01  3.4462E+40  2.8271E+13  3.4462E+40  1.1884E-03
  2.9850E-01  4.8097E+40  2.3860E+15  4.8097E+40  6.7894E-01
  3.1620E-01  6.5164E+40  1.3412E+17  6.5164E+40  2.0009E+02
  3.3500E-01  8.5959E+40  5.5476E+18  8.5959E+40  3.6604E+04
  3.5480E-01  1.0931E+41  1.6359E+20  1.0931E+41  3.8624E+06
  3.7580E-01  1.3740E+41  4.3263E+21  1.3740E+41  3.7725E+08
  3.9810E-01  1.6972E+41  8.7234E+22  1.6972E+41  2.4449E+10
  4.2170E-01  2.1302E+41  1.8768E+24  2.1302E+41  2.1734E+12
  4.4670E-01  2.6681E+41  3.4609E+25  2.6681E+41  1.6288E+14
  4.7320E-01  3.3139E+41  5.7162E+26  3.3139E+41  1.0938E+16
  5.0120E-01  4.0635E+41  8.3002E+27  4.0635E+41  6.2853E+17
  5.3090E-01  4.9597E+41  1.1572E+29  4.9597E+41  3.6833E+19
  5.6230E-01  5.9423E+41  1.3051E+30  5.9423E+41  1.5350E+21
  5.9570E-01  7.0218E+41  1.2762E+31  7.0218E+41  5.1978E+22
  6.3100E-01  8.2380E+41  1.1446E+32  8.2380E+41  1.6157E+24
  6.6830E-01  9.5734E+41  9.4089E+32  9.5734E+41  4.5798E+25
  7.0790E-01  1.1059E+42  6.9754E+33  1.1059E+42  1.1367E+27
  7.4990E-01  1.2620E+42  4.4656E+34  1.2620E+42  2.2456E+28
  7.9430E-01  1.4303E+42  2.5962E+35  1.4303E+42  3.9173E+29
  8.4140E-01  1.6093E+42  1.3919E+36  1.6093E+42  6.1658E+30
  8.9130E-01  1.8083E+42  7.2278E+36  1.8083E+42  9.6482E+31
  9.4410E-01  2.0094E+42  3.4181E+37  2.0094E+42  1.3129E+33
  1.0000E+00  2.1950E+42  1.4181E+38  2.1949E+42  1.4298E+34
  1.0590E+00  2.3676E+42  5.2395E+38  2.3670E+42  1.2828E+35
  1.1220E+00  2.5247E+42  1.7711E+39  2.5230E+42  9.8998E+35
  1.1890E+00  2.6606E+42  5.5509E+39  2.6550E+42  6.7287E+36
  1.2590E+00  2.7733E+42  1.6373E+40  2.7569E+42  4.1768E+37
  1.3340E+00  2.8581E+42  4.4273E+40  2.8136E+42  2.2141E+38
  1.4130E+00  2.9286E+42  1.0755E+41  2.8201E+42  9.6956E+38
  1.4960E+00  3.0216E+42  2.3942E+41  2.7785E+42  3.6362E+39
  1.5850E+00  3.2007E+42  4.9934E+41  2.6892E+42  1.2065E+40
  1.6790E+00  3.5737E+42  9.8308E+41  2.5544E+42  3.6234E+40
  1.7780E+00  4.3047E+42  1.8306E+42  2.3751E+42  9.9013E+40
  1.8840E+00  5.6330E+42  3.2304E+42  2.1573E+42  2.4528E+41
  1.9950E+00  7.8496E+42  5.3851E+42  1.9133E+42  5.5134E+41
  2.1130E+00  1.1269E+43  8.4881E+42  1.6566E+42  1.1239E+42
  2.2390E+00  1.6145E+43  1.2658E+43  1.4012E+42  2.0861E+42
  2.3710E+00  2.2583E+43  1.7873E+43  1.1604E+42  3.5491E+42
  2.5120E+00  3.0528E+43  2.4019E+43  9.4325E+41  5.5662E+42
  2.6610E+00  3.9716E+43  3.0828E+43  7.5435E+41  8.1342E+42
  2.8180E+00  4.9753E+43  3.7968E+43  5.9467E+41  1.1190E+43
  2.9850E+00  6.0168E+43  4.5114E+43  4.6311E+41  1.4590E+43
  3.1620E+00  7.0489E+43  5.1936E+43  3.5683E+41  1.8197E+43
  3.3500E+00  8.0153E+43  5.8157E+43  2.7266E+41  2.1723E+43
  3.5480E+00  8.8965E+43  6.3577E+43  2.0670E+41  2.5181E+43
  3.7580E+00  9.6560E+43  6.8063E+43  1.5560E+41  2.8342E+43
  3.9810E+00  1.0273E+44  7.1509E+43  1.1637E+41  3.1103E+43
  4.2170E+00  1.0738E+44  7.3881E+43  8.6541E+40  3.3416E+43
  4.4670E+00  1.1051E+44  7.5195E+43  6.3997E+40  3.5249E+43
  4.7320E+00  1.1205E+44  7.5464E+43  4.7050E+40  3.6537E+43
  5.0120E+00  1.1217E+44  7.4760E+43  3.4450E+40  3.7379E+43
  5.3090E+00  1.0965E+44  7.3131E+43  2.4726E+40  3.6490E+43
  5.6230E+00  1.0562E+44  7.0707E+43  1.7588E+40  3.4891E+43
  5.9570E+00  1.0035E+44  6.7648E+43  1.2405E+40  3.2687E+43
  6.3100E+00  9.4090E+43  6.3849E+43  8.6537E+39  3.0232E+43
  6.6830E+00  8.7776E+43  6.0250E+43  6.0148E+39  2.7520E+43
  7.0790E+00  8.0956E+43  5.6155E+43  4.1201E+39  2.4797E+43
  7.4990E+00  7.2434E+43  5.1601E+43  2.7982E+39  2.0831E+43
  7.9430E+00  5.8579E+43  4.5712E+43  1.9823E+39  1.2865E+43
  8.4140E+00  4.3397E+43  3.8038E+43  1.5504E+39  5.3570E+42
  8.9130E+00  3.3577E+43  3.1398E+43  1.2733E+39  2.1784E+42
  9.4410E+00  2.7153E+43  2.6250E+43  1.1453E+39  9.0190E+41
  1.0000E+01  2.7037E+43  2.5986E+43  8.7901E+38  1.0503E+42
  1.0590E+01  2.7333E+43  2.5919E+43  6.4089E+38  1.4131E+42
  1.1220E+01  2.7506E+43  2.5512E+43  4.2294E+38  1.9936E+42
  1.1890E+01  2.6324E+43  2.3895E+43  2.7494E+38  2.4286E+42
  1.2590E+01  2.4634E+43  2.1878E+43  1.7361E+38  2.7559E+42
  1.3340E+01  2.2383E+43  1.9516E+43  1.0746E+38  2.8668E+42
  1.4130E+01  1.9995E+43  1.7334E+43  6.6718E+37  2.6613E+42
  1.4960E+01  1.7937E+43  1.5878E+43  4.5515E+37  2.0593E+42
  1.5850E+01  1.6213E+43  1.4710E+43  3.3087E+37  1.5032E+42
  1.6790E+01  1.4752E+43  1.3673E+43  2.5175E+37  1.0794E+42
  1.7780E+01  1.3441E+43  1.2634E+43  1.9492E+37  8.0661E+41
  1.8840E+01  1.2149E+43  1.1491E+43  1.4687E+37  6.5794E+41
  1.9950E+01  1.0841E+43  1.0251E+43  1.0413E+37  5.8936E+41
  2.1130E+01  9.5736E+42  9.0414E+42  7.0793E+36  5.3225E+41
  2.2390E+01  8.3978E+42  7.9279E+42  4.7929E+36  4.6991E+41
  2.3710E+01  7.3330E+42  6.9231E+42  3.2315E+36  4.0987E+41
  2.5120E+01  6.3499E+42  5.9974E+42  2.1750E+36  3.5249E+41
  2.6610E+01  5.4546E+42  5.1536E+42  1.4535E+36  3.0099E+41
  2.8180E+01  4.6470E+42  4.3917E+42  9.6909E+35  2.5534E+41
  2.9850E+01  3.9154E+42  3.7002E+42  6.4218E+35  2.1522E+41
  3.1620E+01  3.2602E+42  3.0795E+42  4.2151E+35  1.8076E+41
  3.3500E+01  2.6801E+42  2.5288E+42  2.7394E+35  1.5126E+41
  3.5480E+01  2.1777E+42  2.0513E+42  1.7647E+35  1.2635E+41
  3.7580E+01  1.7467E+42  1.6414E+42  1.1241E+35  1.0535E+41
  3.9810E+01  1.3818E+42  1.2940E+42  7.0750E+34  8.7769E+40
  4.2170E+01  1.0805E+42  1.0075E+42  4.4043E+34  7.3024E+40
  4.4670E+01  8.3604E+41  7.7541E+41  2.7115E+34  6.0635E+40
  4.7320E+01  6.4094E+41  5.9073E+41  1.6541E+34  5.0211E+40
  5.0120E+01  4.8766E+41  4.4617E+41  1.0016E+34  4.1491E+40
  5.3090E+01  3.6832E+41  3.3414E+41  6.0225E+33  3.4179E+40
  5.6230E+01  2.7670E+41  2.4862E+41  3.6031E+33  2.8085E+40
  5.9570E+01  2.0666E+41  1.8366E+41  2.1440E+33  2.2992E+40
  6.3100E+01  1.5383E+41  1.3505E+41  1.2724E+33  1.8782E+40
  6.6830E+01  1.1422E+41  9.8907E+40  7.5375E+32  1.5311E+40
  7.0790E+01  8.4597E+40  7.2152E+40  4.4574E+32  1.2445E+40
  7.4990E+01  6.2538E+40  5.2448E+40  2.6332E+32  1.0090E+40
  7.9430E+01  4.6207E+40  3.8039E+40  1.5563E+32  8.1683E+39
  8.4140E+01  3.4121E+40  2.7523E+40  9.1989E+31  6.5982E+39
  8.9130E+01  2.5210E+40  1.9889E+40  5.4450E+31  5.3204E+39
  9.4410E+01  1.8642E+40  1.4357E+40  3.2284E+31  4.2850E+39
  1.0000E+02  1.3798E+40  1.0351E+40  1.9174E+31  3.4469E+39
  1.0590E+02  1.0237E+40  7.4660E+39  1.1424E+31  2.7714E+39
  1.1220E+02  7.6031E+39  5.3813E+39  6.8136E+30  2.2218E+39
  1.1890E+02  5.6642E+39  3.8863E+39  4.0770E+30  1.7778E+39
  1.2590E+02  4.2536E+39  2.8279E+39  2.4590E+30  1.4256E+39
  1.3340E+02  3.2048E+39  2.0655E+39  1.4893E+30  1.1392E+39
  1.4130E+02  2.4100E+39  1.4988E+39  9.0465E+29  9.1117E+38
  1.4960E+02  1.7961E+39  1.0661E+39  5.4577E+29  7.3002E+38
  1.5850E+02  1.3358E+39  7.5288E+38  3.2791E+29  5.8293E+38
  1.7780E+02  7.5196E+38  3.7995E+38  1.2010E+29  3.7201E+38
  1.9950E+02  4.2950E+38  1.9278E+38  4.4563E+28  2.3673E+38
  2.2390E+02  2.4819E+38  9.7892E+37  1.6709E+28  1.5030E+38
  2.5120E+02  1.4521E+38  4.9772E+37  6.3319E+27  9.5441E+37
  2.8180E+02  8.5873E+37  2.5300E+37  2.4201E+27  6.0573E+37
  3.1620E+02  5.1222E+37  1.2841E+37  9.3077E+26  3.8381E+37
  3.5480E+02  3.0816E+37  6.5140E+36  3.6003E+26  2.4302E+37
  3.9810E+02  1.8684E+37  3.3022E+36  1.4004E+26  1.5382E+37
  4.4670E+02  1.1403E+37  1.6727E+36  5.4695E+25  9.7302E+36
  5.0120E+02  7.0013E+36  8.4694E+35  2.1446E+25  6.1543E+36
  5.6230E+02  4.3215E+36  4.2877E+35  8.4352E+24  3.8927E+36
  6.3100E+02  2.6758E+36  2.1673E+35  3.3234E+24  2.4591E+36
  7.0790E+02  1.6645E+36  1.0961E+35  1.3135E+24  1.5549E+36
  7.9430E+02  1.0376E+36  5.5366E+34  5.1956E+23  9.8228E+35
  8.9130E+02  6.4823E+35  2.7943E+34  2.0574E+23  6.2028E+35
  1.0000E+03  4.0599E+35  1.4102E+34  8.1614E+22  3.9189E+35
