  1.0000E-03  5.3517E+41  0.0000E+00  5.3479E+41  3.7696E+38
  1.1220E-03  2.5616E+41  0.0000E+00  2.5615E+41  1.0384E+37
  1.2590E-03  1.1745E+41  0.0000E+00  1.1745E+41  2.2662E+35
  1.4130E-03  5.2979E+40  0.0000E+00  5.2979E+40  4.1682E+33
  1.5850E-03  2.8188E+40  0.0000E+00  2.8188E+40  1.4269E+32
  1.7780E-03  2.9013E+40  0.0000E+00  2.9013E+40  4.8752E+31
  1.9950E-03  1.0282E+40  0.0000E+00  1.0282E+40  5.7973E+28
  2.2390E-03  4.5515E+39  0.0000E+00  4.5515E+39  3.4674E+26
  2.5120E-03  5.0288E+39  0.0000E+00  5.0288E+39  3.9324E+25
  2.8180E-03  1.7091E+39  0.0000E+00  1.7091E+39  2.5441E+21
  3.1620E-03  6.6681E+38  0.0000E+00  6.6681E+38  4.4884E+17
  3.5480E-03  2.7647E+38  0.0000E+00  2.7647E+38  1.3207E+14
  3.9810E-03  1.2335E+38  0.0000E+00  1.2335E+38  8.2941E+10
  4.4670E-03  9.2562E+39  0.0000E+00  9.2562E+39  6.7670E+23
  5.0120E-03  3.2912E+39  0.0000E+00  3.2912E+39  2.0725E+19
  5.6230E-03  1.2153E+39  0.0000E+00  1.2153E+39  6.9596E+14
  5.9570E-03  7.5688E+38  0.0000E+00  7.5688E+38  5.0657E+12
  6.6830E-03  3.2628E+38  0.0000E+00  3.2628E+38  7.7271E+08
  7.4990E-03  1.7141E+38  0.0000E+00  1.7141E+38  7.4590E+05
  8.4140E-03  7.9567E+37  0.0000E+00  7.9567E+37  1.9252E+02
  9.4410E-03  4.2287E+37  0.0000E+00  4.2287E+37  2.5484E-01
  1.0590E-02  2.8970E+37  0.0000E+00  2.8970E+37  1.2362E-02
  1.1890E-02  1.6479E+37  0.0000E+00  1.6479E+37  6.8816E-06
  1.3340E-02  9.7430E+36  0.0000E+00  9.7430E+36  2.5192E-08
  1.4960E-02  5.2828E+36  0.0000E+00  5.2828E+36  2.0345E-11
  1.6790E-02  2.9618E+36  0.0000E+00  2.9618E+36  3.1417E-14
  1.8840E-02  1.7506E+36  0.0000E+00  1.7506E+36  1.1190E-16
  2.1130E-02  1.0367E+36  0.0000E+00  1.0367E+36  1.9225E-19
  2.3710E-02  5.9128E+35  0.0000E+00  5.9128E+35  2.5430E-22
  2.6610E-02  3.1939E+35  0.0000E+00  3.1939E+35  1.8269E-25
  2.9850E-02  1.7283E+35  0.0000E+00  1.7283E+35  1.4717E-28
  3.3500E-02  9.2015E+34  0.0000E+00  9.2015E+34  1.0520E-31
  3.7580E-02  8.1599E+34  0.0000E+00  8.1599E+34  1.6505E-32
  4.2170E-02  5.7085E+34  0.0000E+00  5.7085E+34  1.0790E-35
  4.7320E-02  1.3224E+34  0.0000E+00  1.3224E+34  3.0996E-43
  5.3090E-02  2.1674E+33  0.0000E+00  2.1674E+33  2.6894E-52
  6.6830E-02  2.2051E+30  0.0000E+00  2.2051E+30  3.2787E-88
  7.4990E-02  2.5761E+28  0.0000E+00  2.5761E+28  0.0000E+00
  8.4140E-02  6.9604E+28  0.0000E+00  6.9604E+28  0.0000E+00
  9.4410E-02  1.5297E+29  0.0000E+00  1.5297E+29  0.0000E+00
  1.0590E-01  3.7519E+30  0.0000E+00  3.7519E+30  1.2776E-85
  1.1890E-01  1.1905E+32  6.6479E-84  1.1905E+32  1.4109E-67
  1.3340E-01  1.5300E+33  4.3555E-69  1.5300E+33  1.5998E-54
  1.4960E-01  6.8868E+33  1.3892E-58  6.8868E+33  3.7866E-46
  1.5850E-01  8.7489E+33  9.9266E-56  8.7489E+33  1.2380E-44
  1.7780E-01  4.6253E+33  3.6078E-55  4.6253E+33  3.2139E-47
  1.9950E-01  1.4347E+32  7.3022E-66  1.4347E+32  2.1389E-62
  2.2390E-01  1.6842E+31  1.1945E-71  1.6842E+31  1.3627E-71
  2.3710E-01  1.6905E+32  6.3336E-61  1.6905E+32  2.5496E-60
  2.5120E-01  1.7312E+33  7.6064E-50  1.7312E+33  1.4450E-48
  2.6610E-01  7.8758E+33  4.2507E-42  7.8758E+33  1.3215E-40
  2.8180E-01  2.2307E+34  2.5870E-36  2.2307E+34  7.4773E-35
  2.9850E-01  5.0024E+34  1.2519E-31  5.0024E+34  2.5863E-30
  3.1620E-01  1.0427E+35  2.1282E-27  1.0427E+35  3.0362E-26
  3.3500E-01  2.0518E+35  1.6825E-23  2.0518E+35  1.6368E-22
  3.5480E-01  3.7464E+35  5.5580E-20  3.7464E+35  3.5888E-19
  3.7580E-01  6.7759E+35  1.5397E-16  6.7759E+35  6.9788E-16
  3.9810E-01  1.1745E+36  2.1764E-13  1.1745E+36  6.9091E-13
  4.2170E-01  2.1413E+36  4.5231E-10  2.1413E+36  1.1546E-09
  4.4670E-01  3.8838E+36  6.8357E-07  3.8838E+36  1.4557E-06
  4.7320E-01  6.9758E+36  8.3533E-04  6.9758E+36  1.5345E-03
  5.0120E-01  1.2290E+37  7.7306E-01  1.2290E+37  1.2533E+00
  5.3090E-01  2.1774E+37  7.0575E+02  2.1774E+37  1.0603E+03
  5.6230E-01  3.7048E+37  3.7255E+05  3.7048E+37  5.1165E+05
  5.9570E-01  6.1438E+37  1.3925E+08  6.1438E+37  1.7555E+08
  6.3100E-01  1.0098E+38  4.4000E+10  1.0098E+38  5.2333E+10
  6.6830E-01  1.6401E+38  1.1668E+13  1.6401E+38  1.3416E+13
  7.0790E-01  2.6347E+38  2.4498E+15  2.6347E+38  2.7609E+15
  7.4990E-01  4.1166E+38  3.5377E+17  4.1166E+38  3.8972E+17
  7.9430E-01  6.3607E+38  4.0986E+19  6.3607E+38  4.4754E+19
  8.4140E-01  9.7775E+38  3.9541E+21  9.7775E+38  4.3373E+21
  8.9130E-01  1.5300E+39  3.6769E+23  1.5300E+39  4.1572E+23
  9.4410E-01  2.3996E+39  2.7066E+25  2.3996E+39  3.1668E+25
  1.0000E+00  3.7305E+39  1.3959E+27  3.7305E+39  1.6736E+27
  1.0590E+00  5.8162E+39  5.2628E+28  5.8162E+39  6.4269E+28
  1.1220E+00  9.1685E+39  1.5574E+30  9.1685E+39  1.9255E+30
  1.1890E+00  1.4634E+40  3.7514E+31  1.4634E+40  4.6796E+31
  1.2590E+00  2.3734E+40  7.7307E+32  2.3734E+40  9.7831E+32
  1.3340E+00  3.8102E+40  1.2430E+34  3.8102E+40  1.5797E+34
  1.4130E+00  5.9217E+40  1.4744E+35  5.9217E+40  1.8651E+35
  1.4960E+00  8.8981E+40  1.3645E+36  8.8978E+40  1.7078E+36
  1.5850E+00  1.2938E+41  1.0420E+37  1.2936E+41  1.2804E+37
  1.6790E+00  1.8216E+41  6.7587E+37  1.8201E+41  8.1527E+37
  1.7780E+00  2.4734E+41  3.7488E+38  2.4652E+41  4.4455E+38
  1.8840E+00  3.2307E+41  1.7768E+39  3.1923E+41  2.0657E+39
  1.9950E+00  4.0908E+41  7.1694E+39  3.9372E+41  8.1835E+39
  2.1130E+00  5.1355E+41  2.4674E+40  4.6124E+41  2.7639E+40
  2.2390E+00  6.6623E+41  7.2818E+40  5.1327E+41  8.0136E+40
  2.3710E+00  9.3075E+41  1.8559E+41  5.4376E+41  2.0141E+41
  2.5120E+00  1.4075E+42  4.1371E+41  5.5037E+41  4.4344E+41
  2.6610E+00  2.2230E+42  8.1827E+41  5.3494E+41  8.6979E+41
  2.8180E+00  3.5057E+42  1.4583E+42  5.0180E+41  1.5456E+42
  2.9850E+00  5.3451E+42  2.3725E+42  4.5621E+41  2.5164E+42
  3.1620E+00  7.7878E+42  3.5730E+42  4.0395E+41  3.8109E+42
  3.3500E+00  1.0730E+43  5.0070E+42  3.4887E+41  5.3743E+42
  3.5480E+00  1.4164E+43  6.6469E+42  2.9588E+41  7.2215E+42
  3.7580E+00  1.7889E+43  8.3932E+42  2.4649E+41  9.2492E+42
  3.9810E+00  2.1721E+43  1.0150E+43  2.0217E+41  1.1369E+43
  4.2170E+00  2.5492E+43  1.1831E+43  1.6363E+41  1.3498E+43
  4.4670E+00  2.9049E+43  1.3364E+43  1.3087E+41  1.5554E+43
  4.7320E+00  3.2185E+43  1.4664E+43  1.0340E+41  1.7418E+43
  5.0120E+00  3.4831E+43  1.5689E+43  8.0921E+40  1.9062E+43
  5.3090E+00  3.6194E+43  1.6403E+43  6.1559E+40  1.9729E+43
  5.6230E+00  3.6680E+43  1.6801E+43  4.6140E+40  1.9833E+43
  5.9570E+00  3.6305E+43  1.6893E+43  3.4089E+40  1.9378E+43
  6.3100E+00  3.5375E+43  1.6736E+43  2.4885E+40  1.8614E+43
  6.6830E+00  3.4007E+43  1.6499E+43  1.8006E+40  1.7490E+43
  7.0790E+00  3.2326E+43  1.6089E+43  1.2847E+40  1.6224E+43
  7.4990E+00  2.7997E+43  1.4536E+43  8.6478E+39  1.3452E+43
  7.9430E+00  1.5896E+43  9.1668E+42  4.8046E+39  6.7247E+42
  8.4140E+00  5.2876E+42  3.5287E+42  2.3471E+39  1.7566E+42
  8.9130E+00  1.7618E+42  1.3180E+42  1.2780E+39  4.4245E+41
  9.4410E+00  6.3769E+41  5.2177E+41  8.0701E+38  1.1512E+41
  1.0000E+01  9.0584E+41  7.3882E+41  7.2848E+38  1.6629E+41
  1.0590E+01  1.5481E+42  1.2417E+42  6.8593E+38  3.0563E+41
  1.1220E+01  2.8262E+42  2.2160E+42  6.2462E+38  6.0958E+41
  1.1890E+01  4.2341E+42  3.2777E+42  5.3425E+38  9.5585E+41
  1.2590E+01  5.8043E+42  4.4708E+42  4.3934E+38  1.3330E+42
  1.3340E+01  7.1345E+42  5.5191E+42  3.4340E+38  1.6150E+42
  1.4130E+01  7.6429E+42  6.0206E+42  2.4954E+38  1.6220E+42
  1.4960E+01  6.6627E+42  5.4566E+42  1.7000E+38  1.2059E+42
  1.5850E+01  5.5763E+42  4.7598E+42  1.1917E+38  8.1646E+41
  1.6790E+01  4.7316E+42  4.1930E+42  8.7938E+37  5.3848E+41
  1.7780E+01  4.3344E+42  3.9548E+42  6.9648E+37  3.7952E+41
  1.8840E+01  4.4602E+42  4.1501E+42  5.8790E+37  3.1004E+41
  1.9950E+01  5.0447E+42  4.7490E+42  5.0873E+37  2.9561E+41
  2.1130E+01  5.7567E+42  5.4706E+42  4.3141E+37  2.8611E+41
  2.2390E+01  6.4457E+42  6.1784E+42  3.6245E+37  2.6727E+41
  2.3710E+01  7.1047E+42  6.8601E+42  3.0144E+37  2.4454E+41
  2.5120E+01  7.7022E+42  7.4832E+42  2.4897E+37  2.1900E+41
  2.6610E+01  8.2216E+42  8.0277E+42  2.0309E+37  1.9390E+41
  2.8180E+01  8.6215E+42  8.4517E+42  1.6396E+37  1.6982E+41
  2.9850E+01  8.8767E+42  8.7294E+42  1.3070E+37  1.4732E+41
  3.1620E+01  8.9693E+42  8.8422E+42  1.0254E+37  1.2714E+41
  3.3500E+01  8.8849E+42  8.7757E+42  7.9103E+36  1.0915E+41
  3.5480E+01  8.6262E+42  8.5328E+42  5.9986E+36  9.3389E+40
  3.7580E+01  8.2124E+42  8.1327E+42  4.4695E+36  7.9712E+40
  3.9810E+01  7.6642E+42  7.5962E+42  3.2720E+36  6.8004E+40
  4.2170E+01  7.0160E+42  6.9581E+42  2.3523E+36  5.7901E+40
  4.4670E+01  6.3045E+42  6.2553E+42  1.6600E+36  4.9155E+40
  4.7320E+01  5.5665E+42  5.5249E+42  1.1515E+36  4.1564E+40
  5.0120E+01  4.8343E+42  4.7993E+42  7.8602E+35  3.5021E+40
  5.3090E+01  4.1319E+42  4.1026E+42  5.2831E+35  2.9373E+40
  5.6230E+01  3.4814E+42  3.4569E+42  3.5017E+35  2.4535E+40
  5.9570E+01  2.8921E+42  2.8717E+42  2.2892E+35  2.0389E+40
  6.3100E+01  2.3736E+42  2.3568E+42  1.4793E+35  1.6881E+40
  6.6830E+01  1.9265E+42  1.9126E+42  9.4579E+34  1.3929E+40
  7.0790E+01  1.5475E+42  1.5360E+42  5.9870E+34  1.1444E+40
  7.4990E+01  1.2310E+42  1.2216E+42  3.7551E+34  9.3680E+39
  7.9430E+01  9.7107E+41  9.6343E+41  2.3371E+34  7.6483E+39
  8.4140E+01  7.6002E+41  7.5380E+41  1.4434E+34  6.2248E+39
  8.9130E+01  5.9098E+41  5.8593E+41  8.8614E+33  5.0526E+39
  9.4410E+01  4.5673E+41  4.5263E+41  5.4094E+33  4.0932E+39
  1.0000E+02  3.5094E+41  3.4763E+41  3.2843E+33  3.3097E+39
  1.0590E+02  2.6852E+41  2.6584E+41  1.9868E+33  2.6732E+39
  1.1220E+02  2.0455E+41  2.0239E+41  1.1965E+33  2.1516E+39
  1.1890E+02  1.5550E+41  1.5377E+41  7.1941E+32  1.7277E+39
  1.2590E+02  1.1855E+41  1.1716E+41  4.3409E+32  1.3895E+39
  1.3340E+02  9.0420E+40  8.9307E+40  2.6252E+32  1.1132E+39
  1.4130E+02  6.8340E+40  6.7448E+40  1.5789E+32  8.9245E+38
  1.4960E+02  5.0587E+40  4.9870E+40  9.2873E+31  7.1676E+38
  1.5850E+02  3.7128E+40  3.6554E+40  5.4028E+31  5.7359E+38
  1.7780E+02  2.0080E+40  1.9713E+40  1.8348E+31  3.6734E+38
  1.9950E+02  1.0826E+40  1.0592E+40  6.2189E+30  2.3438E+38
  2.2390E+02  5.8027E+39  5.6536E+39  2.0987E+30  1.4912E+38
  2.5120E+02  3.0964E+39  3.0016E+39  7.0594E+29  9.4846E+37
  2.8180E+02  1.6446E+39  1.5843E+39  2.3664E+29  6.0273E+37
  3.1620E+02  8.6931E+38  8.3108E+38  7.9038E+28  3.8230E+37
  3.5480E+02  4.5818E+38  4.3395E+38  2.6346E+28  2.4226E+37
  3.9810E+02  2.4097E+38  2.2562E+38  8.7763E+27  1.5344E+37
  4.4670E+02  1.2656E+38  1.1685E+38  2.9238E+27  9.7109E+36
  5.0120E+02  6.6475E+37  6.0330E+37  9.7558E+26  6.1446E+36
  5.6230E+02  3.4957E+37  3.1069E+37  3.2639E+26  3.8878E+36
  6.3100E+02  1.8400E+37  1.5943E+37  1.0953E+26  2.4567E+36
  7.0790E+02  9.7245E+36  8.1709E+36  3.6979E+25  1.5536E+36
  7.9430E+02  5.1574E+36  4.1757E+36  1.2553E+25  9.8166E+35
  8.9130E+02  2.7492E+36  2.1293E+36  4.2926E+24  6.1997E+35
  1.0000E+03  1.4762E+36  1.0844E+36  1.4817E+24  3.9173E+35
