  1.0000E-03  8.9156E+44  0.0000E+00  1.4941E+43  8.7662E+44
  1.1220E-03  9.9959E+44  0.0000E+00  1.6016E+43  9.8357E+44
  1.2590E-03  1.1203E+45  0.0000E+00  1.6644E+43  1.1037E+45
  1.4130E-03  1.2556E+45  0.0000E+00  1.6904E+43  1.2387E+45
  1.5850E-03  1.4067E+45  0.0000E+00  1.7312E+43  1.3894E+45
  1.7780E-03  1.5795E+45  0.0000E+00  2.0869E+43  1.5586E+45
  1.9950E-03  1.7701E+45  0.0000E+00  2.1323E+43  1.7488E+45
  2.2390E-03  1.9834E+45  0.0000E+00  2.0693E+43  1.9627E+45
  2.5120E-03  2.2278E+45  0.0000E+00  2.5850E+43  2.2020E+45
  2.8180E-03  2.4964E+45  0.0000E+00  2.6129E+43  2.4702E+45
  3.1620E-03  2.7979E+45  0.0000E+00  2.6018E+43  2.7718E+45
  3.5480E-03  3.1360E+45  0.0000E+00  2.5714E+43  3.1103E+45
  3.9810E-03  3.5151E+45  0.0000E+00  2.5258E+43  3.4898E+45
  4.4670E-03  3.9773E+45  0.0000E+00  6.1453E+43  3.9158E+45
  5.0120E-03  4.4587E+45  0.0000E+00  6.5126E+43  4.3936E+45
  5.6230E-03  4.9975E+45  0.0000E+00  6.8223E+43  4.9292E+45
  5.9570E-03  5.2917E+45  0.0000E+00  6.9684E+43  5.2220E+45
  6.6830E-03  5.9313E+45  0.0000E+00  7.2790E+43  5.8585E+45
  7.4990E-03  6.6507E+45  0.0000E+00  7.6920E+43  6.5738E+45
  8.4140E-03  7.4565E+45  0.0000E+00  8.0695E+43  7.3758E+45
  9.4410E-03  8.3606E+45  0.0000E+00  8.4527E+43  8.2761E+45
  1.0590E-02  9.3710E+45  0.0000E+00  8.7660E+43  9.2833E+45
  1.1890E-02  1.0518E+46  0.0000E+00  9.5083E+43  1.0423E+46
  1.3340E-02  1.1794E+46  0.0000E+00  1.0008E+44  1.1694E+46
  1.4960E-02  1.3220E+46  0.0000E+00  1.0602E+44  1.3114E+46
  1.6790E-02  1.4830E+46  0.0000E+00  1.1200E+44  1.4718E+46
  1.8840E-02  1.6634E+46  0.0000E+00  1.1821E+44  1.6515E+46
  2.1130E-02  1.8650E+46  0.0000E+00  1.2619E+44  1.8524E+46
  2.3710E-02  2.0919E+46  0.0000E+00  1.3443E+44  2.0785E+46
  2.6610E-02  2.3469E+46  0.0000E+00  1.4313E+44  2.3326E+46
  2.9850E-02  2.6319E+46  1.0083E-82  1.5230E+44  2.6166E+46
  3.3500E-02  2.9528E+46  6.3165E-68  1.6171E+44  2.9367E+46
  3.7580E-02  3.3117E+46  7.9021E-55  1.7426E+44  3.2942E+46
  4.2170E-02  3.7179E+46  3.3766E-43  2.1214E+44  3.6967E+46
  4.7320E-02  4.1712E+46  8.5610E-33  2.2972E+44  4.1482E+46
  5.3090E-02  4.3443E+46  1.4819E-23  2.3019E+44  4.3212E+46
  6.6830E-02  4.1478E+46  4.9506E-08  2.0973E+44  4.1268E+46
  7.4990E-02  4.0532E+46  1.5804E-01  2.0351E+44  4.0328E+46
  8.4140E-02  3.9605E+46  8.4789E+04  1.9484E+44  3.9410E+46
  9.4410E-02  3.8703E+46  1.0406E+10  1.9056E+44  3.8513E+46
  1.0590E-01  3.5237E+46  3.1321E+14  1.8114E+44  3.5055E+46
  1.1890E-01  2.9617E+46  2.6349E+18  1.4993E+44  2.9467E+46
  1.3340E-01  2.4925E+46  5.9064E+21  1.2979E+44  2.4795E+46
  1.4960E-01  2.0980E+46  7.1842E+24  1.0107E+44  2.0878E+46
  1.5850E-01  1.9233E+46  2.1372E+26  8.7509E+43  1.9145E+46
  1.7780E-01  1.6182E+46  1.0552E+29  6.8128E+43  1.6114E+46
  1.9950E-01  1.3607E+46  2.7476E+31  4.9271E+43  1.3558E+46
  2.2390E-01  1.1449E+46  3.1561E+33  4.5639E+43  1.1403E+46
  2.3710E-01  1.0512E+46  2.2103E+34  4.7471E+43  1.0464E+46
  2.5120E-01  9.6429E+45  1.3372E+35  4.7046E+43  9.5958E+45
  2.6610E-01  8.8459E+45  7.4520E+35  4.4725E+43  8.8012E+45
  2.8180E-01  8.1178E+45  3.7690E+36  4.1755E+43  8.0761E+45
  2.9850E-01  7.4468E+45  1.7279E+37  3.8959E+43  7.4079E+45
  3.1620E-01  6.8313E+45  7.1039E+37  3.6676E+43  6.7947E+45
  3.3500E-01  6.2654E+45  2.6621E+38  3.4598E+43  6.2308E+45
  3.5480E-01  5.7491E+45  9.1179E+38  3.2625E+43  5.7165E+45
  3.7580E-01  5.2749E+45  2.8849E+39  3.0782E+43  5.2442E+45
  3.9810E-01  4.8389E+45  8.4023E+39  2.9131E+43  4.8097E+45
  4.2170E-01  4.4393E+45  2.2486E+40  2.7676E+43  4.4116E+45
  4.4670E-01  4.0731E+45  5.5770E+40  2.6416E+43  4.0466E+45
  4.7320E-01  3.7368E+45  1.2998E+41  2.5210E+43  3.7115E+45
  5.0120E-01  3.4291E+45  2.8541E+41  2.4028E+43  3.4048E+45
  5.3090E-01  3.1467E+45  5.9345E+41  2.2880E+43  3.1232E+45
  5.6230E-01  2.8881E+45  1.1670E+42  2.1798E+43  2.8651E+45
  5.9570E-01  2.6505E+45  2.1846E+42  2.0760E+43  2.6276E+45
  6.3100E-01  2.4340E+45  3.8905E+42  1.9770E+43  2.4103E+45
  6.6830E-01  2.2368E+45  6.6001E+42  1.8812E+43  2.2114E+45
  7.0790E-01  2.0571E+45  1.0713E+43  1.7927E+43  2.0284E+45
  7.4990E-01  1.8942E+45  1.6661E+43  1.7089E+43  1.8605E+45
  7.9430E-01  1.7478E+45  2.4864E+43  1.6299E+43  1.7066E+45
  8.4140E-01  1.6166E+45  3.5735E+43  1.5559E+43  1.5653E+45
  8.9130E-01  1.5002E+45  4.9615E+43  1.4875E+43  1.4357E+45
  9.4410E-01  1.3978E+45  6.6532E+43  1.4234E+43  1.3170E+45
  1.0000E+00  1.3081E+45  8.6324E+43  1.3611E+43  1.2081E+45
  1.0590E+00  1.2302E+45  1.0861E+44  1.3024E+43  1.1086E+45
  1.1220E+00  1.1623E+45  1.3334E+44  1.2450E+43  1.0165E+45
  1.1890E+00  1.1036E+45  1.5994E+44  1.1869E+43  9.3183E+44
  1.2590E+00  1.0534E+45  1.8694E+44  1.1261E+43  8.5520E+44
  1.3340E+00  1.0086E+45  2.1388E+44  1.0632E+43  7.8411E+44
  1.4130E+00  9.6810E+44  2.3883E+44  9.9952E+42  7.1927E+44
  1.4960E+00  9.3073E+44  2.6114E+44  9.3397E+42  6.6026E+44
  1.5850E+00  8.9522E+44  2.8114E+44  8.6504E+42  6.0543E+44
  1.6790E+00  8.6041E+44  2.9719E+44  7.9229E+42  5.5530E+44
  1.7780E+00  8.2521E+44  3.0848E+44  7.1529E+42  5.0957E+44
  1.8840E+00  7.8921E+44  3.1567E+44  6.3501E+42  4.6719E+44
  1.9950E+00  7.5244E+44  3.1816E+44  5.5379E+42  4.2875E+44
  2.1130E+00  7.1460E+44  3.1653E+44  4.7408E+42  3.9333E+44
  2.2390E+00  6.7545E+44  3.1086E+44  3.9839E+42  3.6061E+44
  2.3710E+00  6.3576E+44  3.0155E+44  3.2906E+42  3.3092E+44
  2.5120E+00  5.9574E+44  2.8962E+44  2.6760E+42  3.0344E+44
  2.6610E+00  5.5584E+44  2.7537E+44  2.1460E+42  2.7832E+44
  2.8180E+00  5.1631E+44  2.5923E+44  1.6991E+42  2.5538E+44
  2.9850E+00  4.7768E+44  2.4208E+44  1.3301E+42  2.3426E+44
  3.1620E+00  4.4013E+44  2.2423E+44  1.0309E+42  2.1487E+44
  3.3500E+00  4.0473E+44  2.0690E+44  7.9234E+41  1.9704E+44
  3.5480E+00  3.7085E+44  1.8947E+44  6.0434E+41  1.8078E+44
  3.7580E+00  3.3907E+44  1.7278E+44  4.5773E+41  1.6583E+44
  3.9810E+00  3.0938E+44  1.5694E+44  3.4452E+41  1.5210E+44
  4.2170E+00  2.8184E+44  1.4207E+44  2.5792E+41  1.3951E+44
  4.4670E+00  2.5640E+44  1.2825E+44  1.9214E+41  1.2796E+44
  4.7320E+00  2.3312E+44  1.1561E+44  1.4241E+41  1.1737E+44
  5.0120E+00  2.1218E+44  1.0416E+44  1.0525E+41  1.0791E+44
  5.3090E+00  1.8989E+44  9.3788E+43  7.6212E+40  9.6024E+43
  5.6230E+00  1.6937E+44  8.4507E+43  5.4746E+40  8.4805E+43
  5.9570E+00  1.5064E+44  7.6281E+43  3.9031E+40  7.4316E+43
  6.3100E+00  1.3328E+44  6.8545E+43  2.7583E+40  6.4710E+43
  6.6830E+00  1.1828E+44  6.2251E+43  1.9437E+40  5.6014E+43
  7.0790E+00  1.0449E+44  5.6282E+43  1.3533E+40  4.8190E+43
  7.4990E+00  9.3621E+43  5.2383E+43  9.2699E+39  4.1229E+43
  7.9430E+00  9.0487E+43  5.5371E+43  6.3133E+39  3.5109E+43
  8.4140E+00  9.4287E+43  6.4530E+43  4.5518E+39  2.9752E+43
  8.9130E+00  9.6174E+43  7.1067E+43  3.5181E+39  2.5104E+43
  9.4410E+00  9.5894E+43  7.4790E+43  3.0289E+39  2.1101E+43
  1.0000E+01  8.1416E+43  6.3743E+43  2.3552E+39  1.7671E+43
  1.0590E+01  6.7169E+43  5.2409E+43  1.7826E+39  1.4758E+43
  1.1220E+01  5.4440E+43  4.2172E+43  1.2609E+39  1.2267E+43
  1.1890E+01  4.4713E+43  3.4553E+43  8.8631E+38  1.0159E+43
  1.2590E+01  3.7335E+43  2.8922E+43  6.1388E+38  8.4119E+42
  1.3340E+01  3.1681E+43  2.4749E+43  4.1847E+38  6.9319E+42
  1.4130E+01  2.7806E+43  2.2100E+43  2.8110E+38  5.7050E+42
  1.4960E+01  2.5967E+43  2.1275E+43  1.9599E+38  4.6919E+42
  1.5850E+01  2.4820E+43  2.0978E+43  1.4381E+38  3.8414E+42
  1.6790E+01  2.3999E+43  2.0858E+43  1.1072E+38  3.1409E+42
  1.7780E+01  2.3103E+43  2.0536E+43  8.8521E+37  2.5663E+42
  1.8840E+01  2.1814E+43  1.9726E+43  7.1338E+37  2.0888E+42
  1.9950E+01  2.0170E+43  1.8468E+43  5.6013E+37  1.7013E+42
  2.1130E+01  1.8600E+43  1.7217E+43  4.2638E+37  1.3827E+42
  2.2390E+01  1.7212E+43  1.6092E+43  3.2283E+37  1.1203E+42
  2.3710E+01  1.5945E+43  1.5037E+43  2.4270E+37  9.0864E+41
  2.5120E+01  1.4710E+43  1.3975E+43  1.8152E+37  7.3479E+41
  2.6610E+01  1.3479E+43  1.2885E+43  1.3426E+37  5.9383E+41
  2.8180E+01  1.2245E+43  1.1765E+43  9.8511E+36  4.7994E+41
  2.9850E+01  1.0989E+43  1.0602E+43  7.1457E+36  3.8717E+41
  3.1620E+01  9.7248E+42  9.4128E+42  5.1072E+36  3.1199E+41
  3.3500E+01  8.4739E+42  8.2228E+42  3.5944E+36  2.5106E+41
  3.5480E+01  7.2736E+42  7.0715E+42  2.4920E+36  2.0210E+41
  3.7580E+01  6.1435E+42  5.9810E+42  1.7000E+36  1.6253E+41
  3.9810E+01  5.1011E+42  4.9706E+42  1.1412E+36  1.3054E+41
  4.2170E+01  4.1730E+42  4.0682E+42  7.5423E+35  1.0479E+41
  4.4670E+01  3.3669E+42  3.2828E+42  4.9069E+35  8.4074E+40
  4.7320E+01  2.6834E+42  2.6160E+42  3.1483E+35  6.7400E+40
  5.0120E+01  2.1156E+42  2.0616E+42  1.9950E+35  5.4034E+40
  5.3090E+01  1.6506E+42  1.6074E+42  1.2494E+35  4.3282E+40
  5.6230E+01  1.2770E+42  1.2423E+42  7.7462E+34  3.4667E+40
  5.9570E+01  9.7923E+41  9.5150E+41  4.7543E+34  2.7728E+40
  6.3100E+01  7.4607E+41  7.2389E+41  2.8958E+34  2.2180E+40
  6.6830E+01  5.6521E+41  5.4747E+41  1.7522E+34  1.7744E+40
  7.0790E+01  4.2589E+41  4.1171E+41  1.0535E+34  1.4183E+40
  7.4990E+01  3.1933E+41  3.0800E+41  6.2983E+33  1.1329E+40
  7.9430E+01  2.3856E+41  2.2951E+41  3.7500E+33  9.0505E+39
  8.4140E+01  1.7758E+41  1.7036E+41  2.2231E+33  7.2256E+39
  8.9130E+01  1.3188E+41  1.2611E+41  1.3143E+33  5.7665E+39
  9.4410E+01  9.7721E+40  9.3119E+40  7.7511E+32  4.6021E+39
  1.0000E+02  7.2260E+40  6.8588E+40  4.5603E+32  3.6722E+39
  1.0590E+02  5.3400E+40  5.0469E+40  2.6813E+32  2.9317E+39
  1.1220E+02  3.9410E+40  3.7074E+40  1.5735E+32  2.3358E+39
  1.1890E+02  2.9117E+40  2.7258E+40  9.2435E+31  1.8590E+39
  1.2590E+02  2.1651E+40  2.0167E+40  5.4659E+31  1.4838E+39
  1.3340E+02  1.6147E+40  1.4966E+40  3.2462E+31  1.1811E+39
  1.4130E+02  1.1961E+40  1.1020E+40  1.9216E+31  9.4117E+38
  1.4960E+02  8.6933E+39  7.9421E+39  1.1151E+31  7.5121E+38
  1.5850E+02  6.2786E+39  5.6808E+39  6.4142E+30  5.9781E+38
  1.7780E+02  3.3150E+39  2.9356E+39  2.1453E+30  3.7942E+38
  1.9950E+02  1.7617E+39  1.5212E+39  7.2279E+29  2.4043E+38
  2.2390E+02  9.3921E+38  7.8705E+38  2.4469E+29  1.5216E+38
  2.5120E+02  5.0318E+38  4.0680E+38  8.3343E+28  9.6376E+37
  2.8180E+02  2.7084E+38  2.0980E+38  2.8563E+28  6.1043E+37
  3.1620E+02  1.4648E+38  1.0786E+38  9.8483E+27  3.8617E+37
  3.5480E+02  7.9758E+37  5.5337E+37  3.4221E+27  2.4421E+37
  3.9810E+02  4.3777E+37  2.8335E+37  1.2002E+27  1.5442E+37
  4.4670E+02  2.4241E+37  1.4480E+37  4.2506E+26  9.7603E+36
  5.0120E+02  1.3559E+37  7.3896E+36  1.5215E+26  6.1695E+36
  5.6230E+02  7.6673E+36  3.7670E+36  5.5057E+25  3.9003E+36
  6.3100E+02  4.3788E+36  1.9159E+36  2.0124E+25  2.4629E+36
  7.0790E+02  2.5310E+36  9.7426E+35  7.4411E+24  1.5568E+36
  7.9430E+02  1.4777E+36  4.9449E+35  2.7770E+24  9.8325E+35
  8.9130E+02  8.7140E+35  2.5063E+35  1.0457E+24  6.2077E+35
  1.0000E+03  5.1911E+35  1.2697E+35  3.9738E+23  3.9214E+35
