  1.0000E-03  8.1121E+44  1.6362E+06  1.1871E+42  8.1003E+44
  1.1220E-03  8.9221E+44  1.5522E+06  1.5450E+42  8.9067E+44
  1.2590E-03  9.7980E+44  1.4862E+06  1.9180E+42  9.7788E+44
  1.4130E-03  1.0747E+45  1.3617E+06  2.2880E+42  1.0724E+45
  1.5850E-03  1.1810E+45  1.3012E+06  2.6528E+42  1.1783E+45
  1.7780E-03  1.3120E+45  1.2955E+06  3.3356E+42  1.3087E+45
  1.9950E-03  1.4166E+45  1.2729E+06  4.0624E+42  1.4126E+45
  2.2390E-03  1.5409E+45  1.1579E+06  4.4593E+42  1.5365E+45
  2.5120E-03  1.7004E+45  1.1159E+06  5.8115E+42  1.6946E+45
  2.8180E-03  1.8070E+45  1.0212E+06  6.8548E+42  1.8001E+45
  3.1620E-03  1.9304E+45  9.8453E+05  7.6567E+42  1.9227E+45
  3.5480E-03  2.0680E+45  8.9439E+05  8.2980E+42  2.0597E+45
  3.9810E-03  2.2249E+45  8.3403E+05  8.7787E+42  2.2161E+45
  4.4670E-03  3.0359E+45  1.0430E+06  1.3483E+43  3.0224E+45
  5.0120E-03  3.2033E+45  9.9068E+05  1.7056E+43  3.1863E+45
  5.6230E-03  3.3794E+45  8.7047E+05  2.0398E+43  3.3590E+45
  5.9570E-03  3.4757E+45  8.7464E+05  2.1945E+43  3.4538E+45
  6.6830E-03  3.6973E+45  7.7056E+05  2.4782E+43  3.6725E+45
  7.4990E-03  3.9719E+45  7.5304E+05  2.7571E+43  3.9444E+45
  8.4140E-03  4.2408E+45  6.9948E+05  3.0336E+43  4.2105E+45
  9.4410E-03  4.5667E+45  6.8898E+05  3.2777E+43  4.5339E+45
  1.0590E-02  5.0051E+45  6.4947E+05  3.4330E+43  4.9707E+45
  1.1890E-02  5.3731E+45  6.2682E+05  3.8370E+43  5.3348E+45
  1.3340E-02  5.8166E+45  5.9084E+05  4.0944E+43  5.7757E+45
  1.4960E-02  6.2466E+45  5.8267E+05  4.4043E+43  6.2025E+45
  1.6790E-02  6.7346E+45  5.2958E+05  4.6876E+43  6.6877E+45
  1.8840E-02  7.2885E+45  5.0496E+05  4.9495E+43  7.2390E+45
  2.1130E-02  7.8563E+45  4.7302E+05  5.2959E+43  7.8034E+45
  2.3710E-02  8.4591E+45  4.6333E+05  5.6233E+43  8.4029E+45
  2.6610E-02  9.0788E+45  4.3859E+05  5.9383E+43  9.0194E+45
  2.9850E-02  9.7406E+45  4.3096E+05  6.2330E+43  9.6782E+45
  3.3500E-02  1.0446E+46  3.8879E+05  6.5020E+43  1.0381E+46
  3.7580E-02  1.1589E+46  3.9595E+05  7.0318E+43  1.1519E+46
  4.2170E-02  1.2429E+46  3.7452E+05  8.1823E+43  1.2347E+46
  4.7320E-02  1.2496E+46  3.6579E+05  8.1401E+43  1.2415E+46
  5.3090E-02  1.1423E+46  3.0475E+05  7.2838E+43  1.1350E+46
  6.6830E-02  6.6061E+45  1.8288E+05  4.0492E+43  6.5656E+45
  7.4990E-02  4.6406E+45  1.3165E+05  2.6623E+43  4.6140E+45
  8.4140E-02  4.9447E+45  1.5370E+05  2.8351E+43  4.9163E+45
  9.4410E-02  5.1418E+45  1.1983E+09  3.0215E+43  5.1115E+45
  1.0590E-01  5.9480E+45  4.1238E+13  3.8897E+43  5.9091E+45
  1.1890E-01  6.5469E+45  3.9264E+17  4.5563E+43  6.5013E+45
  1.3340E-01  6.7071E+45  9.3982E+20  4.9663E+43  6.6575E+45
  1.4960E-01  6.4319E+45  1.1834E+24  4.6595E+43  6.3853E+45
  1.5850E-01  6.0328E+45  3.5470E+25  4.2996E+43  5.9898E+45
  1.7780E-01  4.8303E+45  1.7700E+28  3.3512E+43  4.7968E+45
  1.9950E-01  3.1936E+45  4.2644E+30  1.8967E+43  3.1746E+45
  2.2390E-01  2.3083E+45  4.6281E+32  1.3096E+43  2.2952E+45
  2.3710E-01  2.4863E+45  3.5662E+33  1.5622E+43  2.4707E+45
  2.5120E-01  2.6942E+45  2.3687E+34  1.7853E+43  2.6764E+45
  2.6610E-01  2.7647E+45  1.4030E+35  1.8451E+43  2.7462E+45
  2.8180E-01  2.7479E+45  7.4165E+35  1.8054E+43  2.7299E+45
  2.9850E-01  2.6835E+45  3.5200E+36  1.7314E+43  2.6661E+45
  3.1620E-01  2.6028E+45  1.4929E+37  1.6549E+43  2.5863E+45
  3.3500E-01  2.5118E+45  5.7579E+37  1.5723E+43  2.4960E+45
  3.5480E-01  2.4116E+45  2.0241E+38  1.4833E+43  2.3968E+45
  3.7580E-01  2.3122E+45  6.5790E+38  1.3917E+43  2.2983E+45
  3.9810E-01  2.2083E+45  1.9627E+39  1.3047E+43  2.1952E+45
  4.2170E-01  2.1145E+45  5.3973E+39  1.2200E+43  2.1023E+45
  4.4670E-01  2.0218E+45  1.3739E+40  1.1418E+43  2.0104E+45
  4.7320E-01  1.9308E+45  3.2862E+40  1.0641E+43  1.9202E+45
  5.0120E-01  1.8415E+45  7.4039E+40  9.8685E+42  1.8315E+45
  5.3090E-01  1.7560E+45  1.5820E+41  9.0998E+42  1.7467E+45
  5.6230E-01  1.6696E+45  3.1913E+41  8.3786E+42  1.6609E+45
  5.9570E-01  1.5841E+45  6.1263E+41  7.6903E+42  1.5758E+45
  6.3100E-01  1.5024E+45  1.1193E+42  7.0298E+42  1.4942E+45
  6.6830E-01  1.4241E+45  1.9494E+42  6.3939E+42  1.4158E+45
  7.0790E-01  1.3487E+45  3.2480E+42  5.7986E+42  1.3397E+45
  7.4990E-01  1.2756E+45  5.1810E+42  5.2422E+42  1.2652E+45
  7.9430E-01  1.2063E+45  7.9281E+42  4.7160E+42  1.1937E+45
  8.4140E-01  1.1411E+45  1.1686E+43  4.2203E+42  1.1252E+45
  8.9130E-01  1.0811E+45  1.6647E+43  3.7478E+42  1.0607E+45
  9.4410E-01  1.0249E+45  2.2905E+43  3.3095E+42  9.9866E+44
  1.0000E+00  9.7174E+44  3.0483E+43  2.9086E+42  9.3835E+44
  1.0590E+00  9.2226E+44  3.9312E+43  2.5464E+42  8.8040E+44
  1.1220E+00  8.7606E+44  4.9447E+43  2.2141E+42  8.2440E+44
  1.1890E+00  8.3350E+44  6.0744E+43  1.9080E+42  7.7084E+44
  1.2590E+00  7.9535E+44  7.2657E+43  1.6250E+42  7.2107E+44
  1.3340E+00  7.5928E+44  8.5069E+43  1.3729E+42  6.7284E+44
  1.4130E+00  7.2529E+44  9.7180E+43  1.1563E+42  6.2695E+44
  1.4960E+00  6.9336E+44  1.0867E+44  9.6899E+41  5.8371E+44
  1.5850E+00  6.6272E+44  1.1968E+44  8.0454E+41  5.4223E+44
  1.6790E+00  6.3341E+44  1.2941E+44  6.6028E+41  5.0334E+44
  1.7780E+00  6.0495E+44  1.3739E+44  5.3428E+41  4.6703E+44
  1.8840E+00  5.7680E+44  1.4384E+44  4.2560E+41  4.3254E+44
  1.9950E+00  5.4923E+44  1.4830E+44  3.3402E+41  4.0059E+44
  2.1130E+00  5.2173E+44  1.5096E+44  2.5835E+41  3.7051E+44
  2.2390E+00  4.9407E+44  1.5173E+44  1.9714E+41  3.4215E+44
  2.3710E+00  4.6669E+44  1.5058E+44  1.4876E+41  3.1597E+44
  2.5120E+00  4.3939E+44  1.4795E+44  1.1122E+41  2.9133E+44
  2.6610E+00  4.1241E+44  1.4383E+44  8.2520E+40  2.6849E+44
  2.8180E+00  3.8577E+44  1.3832E+44  6.0813E+40  2.4739E+44
  2.9850E+00  3.5961E+44  1.3181E+44  4.4564E+40  2.2775E+44
  3.1620E+00  3.3398E+44  1.2440E+44  3.2490E+40  2.0955E+44
  3.3500E+00  3.0945E+44  1.1674E+44  2.3617E+40  1.9269E+44
  3.5480E+00  2.8564E+44  1.0842E+44  1.7096E+40  1.7721E+44
  3.7580E+00  2.6287E+44  9.9958E+43  1.2334E+40  1.6290E+44
  3.9810E+00  2.4117E+44  9.1475E+43  8.8707E+39  1.4969E+44
  4.2170E+00  2.2059E+44  8.3064E+43  6.3623E+39  1.3752E+44
  4.4670E+00  2.0117E+44  7.4852E+43  4.5505E+39  1.2632E+44
  4.7320E+00  1.8303E+44  6.7027E+43  3.2459E+39  1.1600E+44
  5.0120E+00  1.6646E+44  5.9683E+43  2.3145E+39  1.0678E+44
  5.3090E+00  1.4794E+44  5.2832E+43  1.6126E+39  9.5105E+43
  5.6230E+00  1.3064E+44  4.6580E+43  1.1154E+39  8.4062E+43
  5.9570E+00  1.1469E+44  4.0972E+43  7.6630E+38  7.3717E+43
  6.3100E+00  9.9897E+43  3.5667E+43  5.2167E+38  6.4229E+43
  6.6830E+00  8.6866E+43  3.1239E+43  3.5363E+38  5.5627E+43
  7.0790E+00  7.4953E+43  2.7072E+43  2.3674E+38  4.7881E+43
  7.4990E+00  6.6155E+43  2.5192E+43  1.6055E+38  4.0962E+43
  7.9430E+00  6.6592E+43  3.1799E+43  1.2419E+38  3.4793E+43
  8.4140E+00  7.5717E+43  4.6403E+43  1.1486E+38  2.9314E+43
  8.9130E+00  8.2290E+43  5.7702E+43  1.0828E+38  2.4587E+43
  9.4410E+00  8.5678E+43  6.5131E+43  1.0824E+38  2.0547E+43
  1.0000E+01  6.9420E+43  5.2165E+43  7.4619E+37  1.7255E+43
  1.0590E+01  5.3251E+43  3.8783E+43  4.7329E+37  1.4468E+43
  1.1220E+01  3.8924E+43  2.6845E+43  2.6799E+37  1.2079E+43
  1.1890E+01  2.8790E+43  1.8754E+43  1.5441E+37  1.0036E+43
  1.2590E+01  2.1300E+43  1.2968E+43  8.7504E+36  8.3314E+42
  1.3340E+01  1.5925E+43  9.0460E+42  4.9584E+36  6.8789E+42
  1.4130E+01  1.2490E+43  6.8231E+42  2.9004E+36  5.6670E+42
  1.4960E+01  1.0952E+43  6.2937E+42  1.9339E+36  4.6584E+42
  1.5850E+01  9.8802E+42  6.0698E+42  1.3761E+36  3.8104E+42
  1.6790E+01  8.9494E+42  5.8372E+42  1.0197E+36  3.1122E+42
  1.7780E+01  7.8935E+42  5.3524E+42  7.5865E+35  2.5410E+42
  1.8840E+01  6.5919E+42  4.5237E+42  5.3850E+35  2.0682E+42
  1.9950E+01  5.2180E+42  3.5322E+42  3.5415E+35  1.6859E+42
  2.1130E+01  4.0730E+42  2.7017E+42  2.2340E+35  1.3713E+42
  2.2390E+01  3.1909E+42  2.0791E+42  1.4096E+35  1.1118E+42
  2.3710E+01  2.5120E+42  1.6097E+42  8.8999E+34  9.0230E+41
  2.5120E+01  1.9791E+42  1.2490E+42  5.6351E+34  7.3002E+41
  2.6610E+01  1.5596E+42  9.6935E+41  3.5607E+34  5.9024E+41
  2.8180E+01  1.2307E+42  7.5349E+41  2.2581E+34  4.7722E+41
  2.9850E+01  9.6949E+41  5.8437E+41  1.4324E+34  3.8511E+41
  3.1620E+01  7.6160E+41  4.5117E+41  9.0628E+33  3.1043E+41
  3.3500E+01  5.9638E+41  3.4649E+41  5.7203E+33  2.4989E+41
  3.5480E+01  4.6630E+41  2.6508E+41  3.6079E+33  2.0122E+41
  3.7580E+01  3.6312E+41  2.0124E+41  2.2671E+33  1.6187E+41
  3.9810E+01  2.8113E+41  1.5108E+41  1.4176E+33  1.3005E+41
  4.2170E+01  2.1691E+41  1.1247E+41  8.8301E+32  1.0444E+41
  4.4670E+01  1.6689E+41  8.3077E+40  5.4767E+32  8.3817E+40
  4.7320E+01  1.2817E+41  6.0956E+40  3.3868E+32  6.7214E+40
  5.0120E+01  9.8387E+40  4.4487E+40  2.0911E+32  5.3900E+40
  5.3090E+01  7.5478E+40  3.2292E+40  1.2892E+32  4.3186E+40
  5.6230E+01  5.7953E+40  2.3354E+40  7.9465E+31  3.4599E+40
  5.9570E+01  4.4488E+40  1.6809E+40  4.8928E+31  2.7679E+40
  6.3100E+01  3.4216E+40  1.2070E+40  3.0158E+31  2.2146E+40
  6.6830E+01  2.6370E+40  8.6507E+39  1.8613E+31  1.7719E+40
  7.0790E+01  2.0353E+40  6.1873E+39  1.1496E+31  1.4166E+40
  7.4990E+01  1.5734E+40  4.4168E+39  7.1074E+30  1.1317E+40
  7.9430E+01  1.2192E+40  3.1507E+39  4.4026E+30  9.0417E+39
  8.4140E+01  9.4646E+39  2.2453E+39  2.7297E+30  7.2194E+39
  8.9130E+01  7.3621E+39  1.6000E+39  1.6952E+30  5.7621E+39
  9.4410E+01  5.7389E+39  1.1399E+39  1.0545E+30  4.5990E+39
  1.0000E+02  4.4820E+39  8.1199E+38  6.5681E+29  3.6700E+39
  1.0590E+02  3.5091E+39  5.7903E+38  4.1001E+29  2.9301E+39
  1.1220E+02  2.7474E+39  4.1279E+38  2.5573E+29  2.3347E+39
  1.1890E+02  2.1531E+39  2.9482E+38  1.5960E+29  1.8582E+39
  1.2590E+02  1.6953E+39  2.1202E+38  1.0006E+29  1.4833E+39
  1.3340E+02  1.3336E+39  1.5287E+38  6.2753E+28  1.1807E+39
  1.4130E+02  1.0507E+39  1.0979E+38  3.9560E+28  9.4089E+38
  1.4960E+02  8.2878E+38  7.7778E+37  2.4932E+28  7.5101E+38
  1.5850E+02  6.5243E+38  5.4760E+37  1.5629E+28  5.9767E+38
  1.7780E+02  4.0675E+38  2.7404E+37  6.1638E+27  3.7935E+38
  1.9950E+02  2.5418E+38  1.3776E+37  2.4348E+27  2.4040E+38
  2.2390E+02  1.5907E+38  6.9349E+36  9.6322E+26  1.5214E+38
  2.5120E+02  9.9865E+37  3.4982E+36  3.8211E+26  9.6367E+37
  2.8180E+02  6.2804E+37  1.7655E+36  1.5183E+26  6.1039E+37
  3.1620E+02  3.9505E+37  8.9037E+35  6.0330E+25  3.8615E+37
  3.5480E+02  2.4869E+37  4.4908E+35  2.3978E+25  2.4420E+37
  3.9810E+02  1.5668E+37  2.2648E+35  9.5391E+24  1.5441E+37
  4.4670E+02  9.8742E+36  1.1418E+35  3.7955E+24  9.7600E+36
  5.0120E+02  6.2269E+36  5.7569E+34  1.5110E+24  6.1693E+36
  5.6230E+02  3.9293E+36  2.9032E+34  6.0173E+23  3.9003E+36
  6.3100E+02  2.4775E+36  1.4623E+34  2.3947E+23  2.4629E+36
  7.0790E+02  1.5641E+36  7.3720E+33  9.5419E+22  1.5568E+36
  7.9430E+02  9.8695E+35  3.7126E+33  3.7995E+22  9.8324E+35
  8.9130E+02  6.2264E+35  1.8687E+33  1.5126E+22  6.2077E+35
  1.0000E+03  3.9307E+35  9.4081E+32  6.0260E+21  3.9213E+35
