  1.0000E-03  4.3695E+43  0.0000E+00  4.3806E+42  3.9314E+43
  1.1220E-03  2.4835E+43  0.0000E+00  4.7242E+42  2.0110E+43
  1.2590E-03  1.4634E+43  0.0000E+00  4.8474E+42  9.7871E+42
  1.4130E-03  9.3587E+42  0.0000E+00  4.7679E+42  4.5909E+42
  1.5850E-03  7.1299E+42  0.0000E+00  4.6785E+42  2.4513E+42
  1.7780E-03  7.6565E+42  0.0000E+00  5.5323E+42  2.1242E+42
  1.9950E-03  5.6798E+42  0.0000E+00  5.1229E+42  5.5688E+41
  2.2390E-03  4.6941E+42  0.0000E+00  4.4890E+42  2.0512E+41
  2.5120E-03  5.5675E+42  0.0000E+00  5.4270E+42  1.4044E+41
  2.8180E-03  4.5739E+42  0.0000E+00  4.5540E+42  1.9869E+40
  3.1620E-03  3.7715E+42  0.0000E+00  3.7680E+42  3.4760E+39
  3.5480E-03  3.1028E+42  0.0000E+00  3.1021E+42  6.7790E+38
  3.9810E-03  2.5759E+42  0.0000E+00  2.5758E+42  1.5532E+38
  4.4670E-03  1.3073E+43  0.0000E+00  1.2975E+43  9.8355E+40
  5.0120E-03  1.0748E+43  0.0000E+00  1.0736E+43  1.1799E+40
  5.6230E-03  8.6160E+42  0.0000E+00  8.6146E+42  1.4421E+39
  5.9570E-03  7.6998E+42  0.0000E+00  7.6993E+42  5.2917E+38
  6.6830E-03  6.2799E+42  0.0000E+00  6.2799E+42  8.9188E+37
  7.4990E-03  5.3944E+42  0.0000E+00  5.3944E+42  2.2216E+37
  8.4140E-03  4.4546E+42  0.0000E+00  4.4546E+42  4.1930E+36
  9.4410E-03  3.8009E+42  0.0000E+00  3.8009E+42  1.1186E+36
  1.0590E-02  3.4482E+42  0.0000E+00  3.4482E+42  6.3828E+35
  1.1890E-02  3.0568E+42  0.0000E+00  3.0568E+42  1.4198E+35
  1.3340E-02  2.6786E+42  0.0000E+00  2.6786E+42  4.6979E+34
  1.4960E-02  2.2920E+42  0.0000E+00  2.2920E+42  1.1292E+34
  1.6790E-02  1.9696E+42  0.0000E+00  1.9696E+42  3.1142E+33
  1.8840E-02  1.7119E+42  0.0000E+00  1.7119E+42  1.0242E+33
  2.1130E-02  1.4965E+42  0.0000E+00  1.4965E+42  2.8867E+32
  2.3710E-02  1.2868E+42  0.0000E+00  1.2868E+42  7.6998E+31
  2.6610E-02  1.0827E+42  0.0000E+00  1.0827E+42  1.8045E+31
  2.9850E-02  9.0692E+41  0.0000E+00  9.0692E+41  4.3279E+30
  3.3500E-02  7.5292E+41  5.6454E-82  7.5292E+41  1.0119E+30
  3.7580E-02  7.7226E+41  5.0823E-69  7.7226E+41  7.4808E+29
  4.2170E-02  7.2050E+41  6.3528E-58  7.2050E+41  1.7160E+29
  4.7320E-02  4.2320E+41  9.2089E-49  4.2320E+41  4.6203E+27
  5.3090E-02  2.0810E+41  5.2585E-41  2.0810E+41  5.5674E+25
  6.6830E-02  1.5332E+40  2.7786E-31  1.5332E+40  1.2036E+18
  7.4990E-02  2.8927E+39  2.0875E-28  2.8927E+39  1.5420E+13
  8.4140E-02  4.1701E+39  8.8397E-22  4.1701E+39  2.4550E+14
  9.4410E-02  5.7082E+39  4.5924E-16  5.7082E+39  1.6663E+15
  1.0590E-01  1.9008E+40  4.9016E-09  1.9008E+40  3.9145E+18
  1.1890E-01  6.6827E+40  2.9330E-02  6.6827E+40  2.4490E+22
  1.3340E-01  1.7226E+41  7.4922E+03  1.7226E+41  1.3203E+25
  1.4960E-01  2.9713E+41  2.0971E+08  2.9713E+41  7.1628E+26
  1.5850E-01  3.1193E+41  1.1287E+10  3.1193E+41  1.4088E+27
  1.7780E-01  2.0400E+41  2.3432E+12  2.0400E+41  3.3706E+26
  1.9950E-01  4.0706E+40  2.4390E+12  4.0706E+40  1.6343E+23
  2.2390E-01  1.4257E+40  1.0645E+13  1.4257E+40  1.5025E+21
  2.3710E-01  3.3144E+40  4.8323E+15  3.3144E+40  3.5450E+23
  2.5120E-01  7.8383E+40  2.3278E+18  7.8383E+40  1.0590E+26
  2.6610E-01  1.3502E+41  2.6059E+20  1.3502E+41  4.9136E+27
  2.8180E-01  1.9197E+41  1.1798E+22  1.9197E+41  7.7023E+28
  2.9850E-01  2.4856E+41  3.0947E+23  2.4856E+41  6.6518E+29
  3.1620E-01  3.1220E+41  6.1454E+24  3.1220E+41  4.5618E+30
  3.3500E-01  3.8233E+41  9.8565E+25  3.8233E+41  2.6494E+31
  3.5480E-01  4.5364E+41  1.2516E+27  4.5364E+41  1.2707E+32
  3.7580E-01  5.3304E+41  1.4492E+28  5.3304E+41  5.9343E+32
  3.9810E-01  6.1605E+41  1.3828E+29  6.1605E+41  2.4014E+33
  4.2170E-01  7.2072E+41  1.3333E+30  7.2072E+41  1.0853E+34
  4.4670E-01  8.4019E+41  1.1401E+31  8.4019E+41  4.6209E+34
  4.7320E-01  9.7192E+41  8.9315E+31  9.7192E+41  1.8937E+35
  5.0120E-01  1.1120E+42  6.3406E+32  1.1120E+42  7.3510E+35
  5.3090E-01  1.2670E+42  4.3150E+33  1.2670E+42  2.8734E+36
  5.6230E-01  1.4213E+42  2.5300E+34  1.4213E+42  9.9731E+36
  5.9570E-01  1.5758E+42  1.3368E+35  1.5758E+42  3.2190E+37
  6.3100E-01  1.7354E+42  6.5869E+35  1.7353E+42  1.0086E+38
  6.6830E-01  1.8950E+42  3.0267E+36  1.8947E+42  3.0608E+38
  7.0790E-01  2.0563E+42  1.2858E+37  2.0554E+42  8.8657E+38
  7.4990E-01  2.2067E+42  4.9150E+37  2.2043E+42  2.3712E+39
  7.9430E-01  2.3521E+42  1.7451E+38  2.3459E+42  6.0727E+39
  8.4140E-01  2.4923E+42  5.8174E+38  2.4768E+42  1.5003E+40
  8.9130E-01  2.6433E+42  1.8799E+39  2.6044E+42  3.6988E+40
  9.4410E-01  2.8020E+42  5.6618E+39  2.7095E+42  8.6855E+40
  1.0000E+00  2.9816E+42  1.5522E+40  2.7773E+42  1.8872E+41
  1.0590E+00  3.2368E+42  3.9102E+40  2.8144E+42  3.8333E+41
  1.1220E+00  3.6504E+42  9.2249E+40  2.8198E+42  7.3839E+41
  1.1890E+00  4.3564E+42  2.0548E+41  2.7905E+42  1.3604E+42
  1.2590E+00  5.5914E+42  4.3547E+41  2.7259E+42  2.4300E+42
  1.3340E+00  7.5931E+42  8.6441E+41  2.6230E+42  4.1057E+42
  1.4130E+00  1.0565E+43  1.5838E+42  2.4894E+42  6.4920E+42
  1.4960E+00  1.4776E+43  2.7148E+42  2.3309E+42  9.7302E+42
  1.5850E+00  2.0537E+43  4.4229E+42  2.1499E+42  1.3964E+43
  1.6790E+00  2.8184E+43  6.8720E+42  1.9520E+42  1.9360E+43
  1.7780E+00  3.7916E+43  1.0195E+43  1.7408E+42  2.5980E+43
  1.8840E+00  4.9679E+43  1.4486E+43  1.5221E+42  3.3671E+43
  1.9950E+00  6.3194E+43  1.9675E+43  1.3051E+42  4.2215E+43
  2.1130E+00  7.7840E+43  2.5602E+43  1.0972E+42  5.1141E+43
  2.2390E+00  9.2799E+43  3.1951E+43  9.0514E+41  5.9943E+43
  2.3710E+00  1.0724E+44  3.8311E+43  7.3417E+41  6.8199E+43
  2.5120E+00  1.2031E+44  4.4339E+43  5.8653E+41  7.5389E+43
  2.6610E+00  1.3145E+44  4.9664E+43  4.6244E+41  8.1324E+43
  2.8180E+00  1.4029E+44  5.4010E+43  3.6030E+41  8.5923E+43
  2.9850E+00  1.4662E+44  5.7263E+43  2.7782E+41  8.9083E+43
  3.1620E+00  1.5050E+44  5.9347E+43  2.1227E+41  9.0937E+43
  3.3500E+00  1.5196E+44  6.0390E+43  1.6099E+41  9.1413E+43
  3.5480E+00  1.5146E+44  6.0354E+43  1.2126E+41  9.0984E+43
  3.7580E+00  1.4916E+44  5.9450E+43  9.0777E+40  8.9624E+43
  3.9810E+00  1.4538E+44  5.7810E+43  6.7583E+40  8.7501E+43
  4.2170E+00  1.4043E+44  5.5578E+43  5.0081E+40  8.4802E+43
  4.4670E+00  1.3461E+44  5.2912E+43  3.6952E+40  8.1664E+43
  4.7320E+00  1.2817E+44  4.9979E+43  2.7149E+40  7.8161E+43
  5.0120E+00  1.2152E+44  4.6912E+43  1.9909E+40  7.4587E+43
  5.3090E+00  1.1234E+44  4.3785E+43  1.4268E+40  6.8546E+43
  5.6230E+00  1.0296E+44  4.0714E+43  1.0146E+40  6.2235E+43
  5.9570E+00  9.3611E+43  3.7784E+43  7.1630E+39  5.5820E+43
  6.3100E+00  8.4455E+43  3.4814E+43  5.0134E+39  4.9636E+43
  6.6830E+00  7.6060E+43  3.2331E+43  3.4971E+39  4.3725E+43
  7.0790E+00  6.8071E+43  2.9840E+43  2.4105E+39  3.8228E+43
  7.4990E+00  6.0709E+43  2.8211E+43  1.6549E+39  3.2497E+43
  7.9430E+00  5.3923E+43  2.9188E+43  1.1968E+39  2.4734E+43
  8.4140E+00  4.6371E+43  3.0017E+43  9.5945E+38  1.6353E+43
  8.9130E+00  3.8787E+43  2.8094E+43  8.0302E+38  1.0692E+43
  9.4410E+00  3.2024E+43  2.5005E+43  7.3294E+38  7.0178E+42
  1.0000E+01  3.0075E+43  2.3480E+43  5.5739E+38  6.5942E+42
  1.0590E+01  2.8492E+43  2.1987E+43  4.0488E+38  6.5052E+42
  1.1220E+01  2.6754E+43  2.0249E+43  2.6963E+38  6.5047E+42
  1.1890E+01  2.4392E+43  1.8227E+43  1.7930E+38  6.1642E+42
  1.2590E+01  2.2073E+43  1.6375E+43  1.1733E+38  5.6979E+42
  1.3340E+01  1.9821E+43  1.4727E+43  7.6080E+37  5.0934E+42
  1.4130E+01  1.7906E+43  1.3534E+43  4.9558E+37  4.3719E+42
  1.4960E+01  1.6531E+43  1.3011E+43  3.4828E+37  3.5198E+42
  1.5850E+01  1.5440E+43  1.2671E+43  2.6006E+37  2.7685E+42
  1.6790E+01  1.4555E+43  1.2392E+43  2.0396E+37  2.1633E+42
  1.7780E+01  1.3814E+43  1.2101E+43  1.6476E+37  1.7133E+42
  1.8840E+01  1.3159E+43  1.1764E+43  1.3219E+37  1.3955E+42
  1.9950E+01  1.2549E+43  1.1374E+43  1.0191E+37  1.1751E+42
  2.1130E+01  1.1984E+43  1.0993E+43  7.6160E+36  9.9082E+41
  2.2390E+01  1.1456E+43  1.0629E+43  5.6927E+36  8.2725E+41
  2.3710E+01  1.0949E+43  1.0260E+43  4.2439E+36  6.8822E+41
  2.5120E+01  1.0406E+43  9.8373E+42  3.1596E+36  5.6864E+41
  2.6610E+01  9.8147E+42  9.3462E+42  2.3323E+36  4.6848E+41
  2.8180E+01  9.1625E+42  8.7774E+42  1.7112E+36  3.8510E+41
  2.9850E+01  8.4371E+42  8.1217E+42  1.2426E+36  3.1546E+41
  3.1620E+01  7.6488E+42  7.3909E+42  8.8940E+35  2.5790E+41
  3.3500E+01  6.8151E+42  6.6047E+42  6.2677E+35  2.1039E+41
  3.5480E+01  5.9685E+42  5.7969E+42  4.3489E+35  1.7156E+41
  3.7580E+01  5.1347E+42  4.9949E+42  2.9671E+35  1.3972E+41
  3.9810E+01  4.3371E+42  4.2235E+42  1.9901E+35  1.1366E+41
  4.2170E+01  3.6042E+42  3.5118E+42  1.3133E+35  9.2391E+40
  4.4670E+01  2.9504E+42  2.8754E+42  8.5283E+34  7.5018E+40
  4.7320E+01  2.3829E+42  2.3221E+42  5.4609E+34  6.0824E+40
  5.0120E+01  1.9018E+42  1.8525E+42  3.4536E+34  4.9280E+40
  5.3090E+01  1.5006E+42  1.4607E+42  2.1589E+34  3.9861E+40
  5.6230E+01  1.1730E+42  1.1408E+42  1.3364E+34  3.2213E+40
  5.9570E+01  9.0827E+41  8.8230E+41  8.1926E+33  2.5975E+40
  6.3100E+01  6.9825E+41  6.7732E+41  4.9862E+33  2.0931E+40
  6.6830E+01  5.3342E+41  5.1657E+41  3.0158E+33  1.6855E+40
  7.0790E+01  4.0508E+41  3.9153E+41  1.8132E+33  1.3551E+40
  7.4990E+01  3.0596E+41  2.9508E+41  1.0845E+33  1.0881E+40
  7.9430E+01  2.3014E+41  2.2141E+41  6.4621E+32  8.7325E+39
  8.4140E+01  1.7242E+41  1.6542E+41  3.8351E+32  7.0003E+39
  8.9130E+01  1.2881E+41  1.2320E+41  2.2705E+32  5.6069E+39
  9.4410E+01  9.5989E+40  9.1500E+40  1.3412E+32  4.4890E+39
  1.0000E+02  7.1356E+40  6.7764E+40  7.9058E+31  3.5920E+39
  1.0590E+02  5.2995E+40  5.0120E+40  4.6581E+31  2.8748E+39
  1.1220E+02  3.9296E+40  3.7001E+40  2.7399E+31  2.2954E+39
  1.1890E+02  2.9166E+40  2.7336E+40  1.6137E+31  1.8303E+39
  1.2590E+02  2.1784E+40  2.0321E+40  9.5686E+30  1.4633E+39
  1.3340E+02  1.6318E+40  1.5152E+40  5.6995E+30  1.1663E+39
  1.4130E+02  1.2133E+40  1.1202E+40  3.3833E+30  9.3060E+38
  1.4960E+02  8.8433E+39  8.0996E+39  1.9683E+30  7.4375E+38
  1.5850E+02  6.4029E+39  5.8103E+39  1.1351E+30  5.9258E+38
  1.7780E+02  3.3960E+39  3.0192E+39  3.8177E+29  3.7682E+38
  1.9950E+02  1.8118E+39  1.5726E+39  1.2941E+29  2.3914E+38
  2.2390E+02  9.6896E+38  8.1745E+38  4.4092E+28  1.5151E+38
  2.5120E+02  5.2033E+38  4.2428E+38  1.5120E+28  9.6049E+37
  2.8180E+02  2.8050E+38  2.1962E+38  5.2184E+27  6.0879E+37
  3.1620E+02  1.5182E+38  1.1328E+38  1.8124E+27  3.8535E+37
  3.5480E+02  8.2671E+37  5.8292E+37  6.3446E+26  2.4380E+37
  3.9810E+02  4.5346E+37  2.9925E+37  2.2420E+26  1.5421E+37
  4.4670E+02  2.5079E+37  1.5329E+37  7.9992E+25  9.7498E+36
  5.0120E+02  1.4003E+37  7.8389E+36  2.8843E+25  6.1642E+36
  5.6230E+02  7.9011E+36  4.0034E+36  1.0511E+25  3.8977E+36
  6.3100E+02  4.5011E+36  2.0395E+36  3.8673E+24  2.4616E+36
  7.0790E+02  2.5947E+36  1.0386E+36  1.4388E+24  1.5561E+36
  7.9430E+02  1.5107E+36  5.2784E+35  5.3993E+23  9.8291E+35
  8.9130E+02  8.8845E+35  2.6784E+35  2.0433E+23  6.2060E+35
  1.0000E+03  5.2788E+35  1.3583E+35  7.7988E+22  3.9205E+35
