  1.0000E-03  8.9389E+44  0.0000E+00  1.7273E+43  8.7662E+44
  1.1220E-03  1.0024E+45  0.0000E+00  1.8807E+43  9.8357E+44
  1.2590E-03  1.1235E+45  0.0000E+00  1.9846E+43  1.1037E+45
  1.4130E-03  1.2592E+45  0.0000E+00  2.0463E+43  1.2387E+45
  1.5850E-03  1.4107E+45  0.0000E+00  2.1262E+43  1.3894E+45
  1.7780E-03  1.5845E+45  0.0000E+00  2.5949E+43  1.5586E+45
  1.9950E-03  1.7758E+45  0.0000E+00  2.7025E+43  1.7488E+45
  2.2390E-03  1.9894E+45  0.0000E+00  2.6706E+43  1.9627E+45
  2.5120E-03  2.2359E+45  0.0000E+00  3.3863E+43  2.2020E+45
  2.8180E-03  2.5051E+45  0.0000E+00  3.4841E+43  2.4702E+45
  3.1620E-03  2.8071E+45  0.0000E+00  3.5219E+43  2.7718E+45
  3.5480E-03  3.1455E+45  0.0000E+00  3.5253E+43  3.1103E+45
  3.9810E-03  3.5248E+45  0.0000E+00  3.4984E+43  3.4898E+45
  4.4670E-03  3.9905E+45  0.0000E+00  7.4702E+43  3.9158E+45
  5.0120E-03  4.4753E+45  0.0000E+00  8.1753E+43  4.3936E+45
  5.6230E-03  5.0176E+45  0.0000E+00  8.8339E+43  4.9292E+45
  5.9570E-03  5.3136E+45  0.0000E+00  9.1545E+43  5.2220E+45
  6.6830E-03  5.9566E+45  0.0000E+00  9.8058E+43  5.8585E+45
  7.4990E-03  6.6797E+45  0.0000E+00  1.0591E+44  6.5738E+45
  8.4140E-03  7.4891E+45  0.0000E+00  1.1323E+44  7.3758E+45
  9.4410E-03  8.3967E+45  0.0000E+00  1.2057E+44  8.2761E+45
  1.0590E-02  9.4102E+45  0.0000E+00  1.2692E+44  9.2833E+45
  1.1890E-02  1.0562E+46  0.0000E+00  1.3940E+44  1.0423E+46
  1.3340E-02  1.1842E+46  0.0000E+00  1.4846E+44  1.1694E+46
  1.4960E-02  1.3273E+46  0.0000E+00  1.5894E+44  1.3114E+46
  1.6790E-02  1.4888E+46  0.0000E+00  1.6947E+44  1.4718E+46
  1.8840E-02  1.6696E+46  0.0000E+00  1.8034E+44  1.6515E+46
  2.1130E-02  1.8717E+46  0.0000E+00  1.9389E+44  1.8524E+46
  2.3710E-02  2.0992E+46  0.0000E+00  2.0776E+44  2.0785E+46
  2.6610E-02  2.3549E+46  0.0000E+00  2.2223E+44  2.3326E+46
  2.9850E-02  2.6404E+46  1.1483E-82  2.3730E+44  2.6166E+46
  3.3500E-02  2.9619E+46  7.3387E-68  2.5249E+44  2.9367E+46
  3.7580E-02  3.3215E+46  9.2221E-55  2.7222E+44  3.2942E+46
  4.2170E-02  3.7298E+46  4.0062E-43  3.3103E+44  3.6967E+46
  4.7320E-02  4.1838E+46  1.0550E-32  3.5647E+44  4.1482E+46
  5.3090E-02  4.3565E+46  1.8902E-23  3.5219E+44  4.3212E+46
  6.6830E-02  4.1566E+46  6.6752E-08  2.9776E+44  4.1268E+46
  7.4990E-02  4.0602E+46  2.1409E-01  2.7374E+44  4.0328E+46
  8.4140E-02  3.9676E+46  1.1295E+05  2.6608E+44  3.9410E+46
  9.4410E-02  3.8776E+46  1.3620E+10  2.6369E+44  3.8513E+46
  1.0590E-01  3.5318E+46  3.9311E+14  2.6273E+44  3.5055E+46
  1.1890E-01  2.9696E+46  3.1062E+18  2.2881E+44  2.9467E+46
  1.3340E-01  2.4998E+46  6.5795E+21  2.0239E+44  2.4795E+46
  1.4960E-01  2.1036E+46  7.6421E+24  1.5725E+44  2.0878E+46
  1.5850E-01  1.9281E+46  2.2565E+26  1.3610E+44  1.9145E+46
  1.7780E-01  1.6222E+46  1.1518E+29  1.0786E+44  1.6114E+46
  1.9950E-01  1.3635E+46  3.2342E+31  7.7265E+43  1.3558E+46
  2.2390E-01  1.1472E+46  3.8162E+33  6.8343E+43  1.1403E+46
  2.3710E-01  1.0537E+46  2.6054E+34  7.2798E+43  1.0464E+46
  2.5120E-01  9.6695E+45  1.5261E+35  7.3690E+43  9.5958E+45
  2.6610E-01  8.8719E+45  8.2915E+35  7.0674E+43  8.8012E+45
  2.8180E-01  8.1422E+45  4.1134E+36  6.6143E+43  8.0761E+45
  2.9850E-01  7.4696E+45  1.8559E+37  6.1680E+43  7.4079E+45
  3.1620E-01  6.8526E+45  7.5171E+37  5.7920E+43  6.7947E+45
  3.3500E-01  6.2852E+45  2.7776E+38  5.4434E+43  6.2308E+45
  3.5480E-01  5.7676E+45  9.3909E+38  5.1101E+43  5.7165E+45
  3.7580E-01  5.2921E+45  2.9349E+39  4.7980E+43  5.2442E+45
  3.9810E-01  4.8549E+45  8.4456E+39  4.5159E+43  4.8097E+45
  4.2170E-01  4.4543E+45  2.2325E+40  4.2644E+43  4.4116E+45
  4.4670E-01  4.0871E+45  5.4683E+40  4.0430E+43  4.0466E+45
  4.7320E-01  3.7499E+45  1.2591E+41  3.8315E+43  3.7115E+45
  5.0120E-01  3.4413E+45  2.7330E+41  3.6256E+43  3.4048E+45
  5.3090E-01  3.1580E+45  5.6210E+41  3.4272E+43  3.1232E+45
  5.6230E-01  2.8986E+45  1.0943E+42  3.2409E+43  2.8651E+45
  5.9570E-01  2.6602E+45  2.0301E+42  3.0630E+43  2.6276E+45
  6.3100E-01  2.4428E+45  3.5852E+42  2.8934E+43  2.4103E+45
  6.6830E-01  2.2447E+45  6.0370E+42  2.7300E+43  2.2114E+45
  7.0790E-01  2.0639E+45  9.7321E+42  2.5775E+43  2.0284E+45
  7.4990E-01  1.8998E+45  1.5046E+43  2.4322E+43  1.8605E+45
  7.9430E-01  1.7519E+45  2.2332E+43  2.2935E+43  1.7066E+45
  8.4140E-01  1.6189E+45  3.1947E+43  2.1624E+43  1.5653E+45
  8.9130E-01  1.5003E+45  4.4158E+43  2.0387E+43  1.4357E+45
  9.4410E-01  1.3952E+45  5.9013E+43  1.9223E+43  1.3170E+45
  1.0000E+00  1.3027E+45  7.6423E+43  1.8108E+43  1.2081E+45
  1.0590E+00  1.2217E+45  9.6075E+43  1.7063E+43  1.1086E+45
  1.1220E+00  1.1506E+45  1.1797E+44  1.6055E+43  1.0165E+45
  1.1890E+00  1.0885E+45  1.4165E+44  1.5063E+43  9.3183E+44
  1.2590E+00  1.0350E+45  1.6578E+44  1.4065E+43  8.5520E+44
  1.3340E+00  9.8739E+44  1.9021E+44  1.3078E+43  7.8411E+44
  1.4130E+00  9.4472E+44  2.1332E+44  1.2127E+43  7.1927E+44
  1.4960E+00  9.0599E+44  2.3454E+44  1.1192E+43  6.6026E+44
  1.5850E+00  8.6991E+44  2.5423E+44  1.0251E+43  6.0543E+44
  1.6790E+00  8.3538E+44  2.7078E+44  9.2943E+42  5.5530E+44
  1.7780E+00  8.0126E+44  2.8337E+44  8.3148E+42  5.0957E+44
  1.8840E+00  7.6711E+44  2.9260E+44  7.3216E+42  4.6719E+44
  1.9950E+00  7.3278E+44  2.9769E+44  6.3378E+42  4.2875E+44
  2.1130E+00  6.9783E+44  2.9912E+44  5.3882E+42  3.9333E+44
  2.2390E+00  6.6190E+44  2.9679E+44  4.4977E+42  3.6061E+44
  2.3710E+00  6.2545E+44  2.9084E+44  3.6894E+42  3.3092E+44
  2.5120E+00  5.8857E+44  2.8214E+44  2.9785E+42  3.0344E+44
  2.6610E+00  5.5150E+44  2.7081E+44  2.3695E+42  2.7832E+44
  2.8180E+00  5.1438E+44  2.5714E+44  1.8594E+42  2.5538E+44
  2.9850E+00  4.7763E+44  2.4193E+44  1.4413E+42  2.3426E+44
  3.1620E+00  4.4143E+44  2.2546E+44  1.1048E+42  2.1487E+44
  3.3500E+00  4.0688E+44  2.0900E+44  8.3934E+41  1.9704E+44
  3.5480E+00  3.7328E+44  1.9187E+44  6.3196E+41  1.8078E+44
  3.7580E+00  3.4135E+44  1.7505E+44  4.7209E+41  1.6583E+44
  3.9810E+00  3.1117E+44  1.5872E+44  3.5020E+41  1.5210E+44
  4.2170E+00  2.8285E+44  1.4308E+44  2.5819E+41  1.3951E+44
  4.4670E+00  2.5646E+44  1.2830E+44  1.8929E+41  1.2796E+44
  4.7320E+00  2.3215E+44  1.1465E+44  1.3804E+41  1.1737E+44
  5.0120E+00  2.1021E+44  1.0219E+44  1.0038E+41  1.0791E+44
  5.3090E+00  1.8698E+44  9.0885E+43  7.1513E+40  9.6024E+43
  5.6230E+00  1.6566E+44  8.0805E+43  5.0562E+40  8.4805E+43
  5.9570E+00  1.4629E+44  7.1941E+43  3.5504E+40  7.4316E+43
  6.3100E+00  1.2842E+44  6.3681E+43  2.4705E+40  6.4710E+43
  6.6830E+00  1.1299E+44  5.6959E+43  1.7147E+40  5.6014E+43
  7.0790E+00  9.8873E+43  5.0671E+43  1.1755E+40  4.8190E+43
  7.4990E+00  8.8724E+43  4.7487E+43  8.0793E+39  4.1229E+43
  7.9430E+00  9.0412E+43  5.5296E+43  6.0133E+39  3.5109E+43
  8.4140E+00  1.0292E+44  7.3159E+43  5.0294E+39  2.9752E+43
  8.9130E+00  1.1170E+44  8.6591E+43  4.3096E+39  2.5104E+43
  9.4410E+00  1.1620E+44  9.5091E+43  3.9749E+39  2.1101E+43
  1.0000E+01  9.5879E+43  7.8206E+43  2.9688E+39  1.7671E+43
  1.0590E+01  7.5697E+43  6.0937E+43  2.1067E+39  1.4758E+43
  1.1220E+01  5.7867E+43  4.5599E+43  1.3646E+39  1.2267E+43
  1.1890E+01  4.5075E+43  3.4915E+43  8.8533E+38  1.0159E+43
  1.2590E+01  3.5685E+43  2.7272E+43  5.6622E+38  8.4119E+42
  1.3340E+01  2.8904E+43  2.1972E+43  3.6037E+38  6.9319E+42
  1.4130E+01  2.4605E+43  1.8900E+43  2.3208E+38  5.7050E+42
  1.4960E+01  2.2896E+43  1.8203E+43  1.6267E+38  4.6919E+42
  1.5850E+01  2.1914E+43  1.8073E+43  1.2127E+38  3.8414E+42
  1.6790E+01  2.1220E+43  1.8079E+43  9.4941E+37  3.1409E+42
  1.7780E+01  2.0397E+43  1.7830E+43  7.6581E+37  2.5663E+42
  1.8840E+01  1.9175E+43  1.7086E+43  6.1533E+37  2.0888E+42
  1.9950E+01  1.7678E+43  1.5977E+43  4.7784E+37  1.7013E+42
  2.1130E+01  1.6405E+43  1.5022E+43  3.6212E+37  1.3827E+42
  2.2390E+01  1.5443E+43  1.4323E+43  2.7604E+37  1.1203E+42
  2.3710E+01  1.4685E+43  1.3776E+43  2.1086E+37  9.0864E+41
  2.5120E+01  1.4013E+43  1.3278E+43  1.6150E+37  7.3479E+41
  2.6610E+01  1.3357E+43  1.2763E+43  1.2302E+37  5.9383E+41
  2.8180E+01  1.2669E+43  1.2189E+43  9.3325E+36  4.7994E+41
  2.9850E+01  1.1902E+43  1.1515E+43  7.0178E+36  3.8717E+41
  3.1620E+01  1.1037E+43  1.0725E+43  5.2058E+36  3.1199E+41
  3.3500E+01  1.0080E+43  9.8293E+42  3.8036E+36  2.5106E+41
  3.5480E+01  9.0595E+42  8.8574E+42  2.7356E+36  2.0210E+41
  3.7580E+01  8.0032E+42  7.8407E+42  1.9340E+36  1.6253E+41
  3.9810E+01  6.9418E+42  6.8113E+42  1.3436E+36  1.3054E+41
  4.2170E+01  5.9227E+42  5.8179E+42  9.1763E+35  1.0479E+41
  4.4670E+01  4.9761E+42  4.8920E+42  6.1610E+35  8.4074E+40
  4.7320E+01  4.1230E+42  4.0556E+42  4.0742E+35  6.7400E+40
  5.0120E+01  3.3733E+42  3.3193E+42  2.6572E+35  5.4034E+40
  5.3090E+01  2.7267E+42  2.6834E+42  1.7106E+35  4.3282E+40
  5.6230E+01  2.1815E+42  2.1469E+42  1.0889E+35  3.4667E+40
  5.9570E+01  1.7274E+42  1.6997E+42  6.8537E+34  2.7728E+40
  6.3100E+01  1.3566E+42  1.3344E+42  4.2759E+34  2.2180E+40
  6.6830E+01  1.0575E+42  1.0398E+42  2.6466E+34  1.7744E+40
  7.0790E+01  8.1868E+41  8.0450E+41  1.6260E+34  1.4183E+40
  7.4990E+01  6.2967E+41  6.1834E+41  9.9224E+33  1.1329E+40
  7.9430E+01  4.8174E+41  4.7269E+41  6.0224E+33  9.0505E+39
  8.4140E+01  3.6669E+41  3.5947E+41  3.6352E+33  7.2256E+39
  8.9130E+01  2.7804E+41  2.7227E+41  2.1858E+33  5.7665E+39
  9.4410E+01  2.1004E+41  2.0544E+41  1.3094E+33  4.6021E+39
  1.0000E+02  1.5811E+41  1.5444E+41  7.8157E+32  3.6722E+39
  1.0590E+02  1.1877E+41  1.1584E+41  4.6565E+32  2.9317E+39
  1.1220E+02  8.8996E+40  8.6660E+40  2.7663E+32  2.3358E+39
  1.1890E+02  6.6686E+40  6.4827E+40  1.6437E+32  1.8590E+39
  1.2590E+02  5.0228E+40  4.8744E+40  9.8202E+31  1.4838E+39
  1.3340E+02  3.7919E+40  3.6738E+40  5.8898E+31  1.1811E+39
  1.4130E+02  2.8378E+40  2.7436E+40  3.5143E+31  9.4117E+38
  1.4960E+02  2.0779E+40  2.0028E+40  2.0495E+31  7.5121E+38
  1.5850E+02  1.5099E+40  1.4501E+40  1.1830E+31  5.9781E+38
  1.7780E+02  8.0419E+39  7.6625E+39  3.9724E+30  3.7942E+38
  1.9950E+02  4.2908E+39  4.0503E+39  1.3375E+30  2.4043E+38
  2.2390E+02  2.2849E+39  2.1327E+39  4.5015E+29  1.5216E+38
  2.5120E+02  1.2159E+39  1.1195E+39  1.5159E+29  9.6376E+37
  2.8180E+02  6.4629E+38  5.8524E+38  5.1070E+28  6.1043E+37
  3.1620E+02  3.4313E+38  3.0451E+38  1.7210E+28  3.8617E+37
  3.5480E+02  1.8231E+38  1.5789E+38  5.8117E+27  2.4421E+37
  3.9810E+02  9.7047E+37  8.1605E+37  1.9699E+27  1.5442E+37
  4.4670E+02  5.1809E+37  4.2049E+37  6.7087E+26  9.7603E+36
  5.0120E+02  2.7784E+37  2.1615E+37  2.2992E+26  6.1695E+36
  5.6230E+02  1.4990E+37  1.1090E+37  7.9389E+25  3.9003E+36
  6.3100E+02  8.1353E+36  5.6723E+36  2.7627E+25  2.4629E+36
  7.0790E+02  4.4557E+36  2.8989E+36  9.7162E+24  1.5568E+36
  7.9430E+02  2.4612E+36  1.4779E+36  3.4497E+24  9.8325E+35
  8.9130E+02  1.3728E+36  7.5204E+35  1.2377E+24  6.2077E+35
  1.0000E+03  7.7446E+35  3.8232E+35  4.4926E+23  3.9214E+35
