  1.0000E-03  3.5502E+44  8.8429E+05  1.3688E+42  3.5365E+44
  1.1220E-03  3.1682E+44  7.5353E+05  1.7721E+42  3.1504E+44
  1.2590E-03  2.7839E+44  6.1927E+05  2.1832E+42  2.7621E+44
  1.4130E-03  2.4175E+44  4.9357E+05  2.5789E+42  2.3917E+44
  1.5850E-03  2.1714E+44  4.1554E+05  2.9581E+42  2.1419E+44
  1.7780E-03  2.2307E+44  3.9332E+05  3.7358E+42  2.1934E+44
  1.9950E-03  1.6410E+44  3.1218E+05  4.5378E+42  1.5956E+44
  2.2390E-03  1.3245E+44  2.4377E+05  4.9247E+42  1.2753E+44
  2.5120E-03  1.2785E+44  2.2052E+05  6.5792E+42  1.2127E+44
  2.8180E-03  8.1429E+43  1.5370E+05  7.8060E+42  7.3623E+43
  3.1620E-03  5.6287E+43  1.1662E+05  8.7523E+42  4.7535E+43
  3.5480E-03  4.1233E+43  9.3548E+04  9.5288E+42  3.1704E+43
  3.9810E-03  3.2343E+43  7.5249E+04  1.0146E+43  2.2197E+43
  4.4670E-03  2.0122E+44  1.6771E+05  1.5426E+43  1.8580E+44
  5.0120E-03  1.2464E+44  1.1042E+05  1.8902E+43  1.0574E+44
  5.6230E-03  8.2459E+43  7.6341E+04  2.2070E+43  6.0389E+43
  5.9570E-03  6.9808E+43  6.8893E+04  2.3510E+43  4.6298E+43
  6.6830E-03  5.5229E+43  4.9786E+04  2.6121E+43  2.9107E+43
  7.4990E-03  4.9238E+43  3.9686E+04  2.8733E+43  2.0505E+43
  8.4140E-03  4.4658E+43  3.0869E+04  3.1276E+43  1.3382E+43
  9.4410E-03  4.3121E+43  2.5460E+04  3.3463E+43  9.6578E+42
  1.0590E-02  4.3270E+43  2.4607E+04  3.4610E+43  8.6603E+42
  1.1890E-02  4.4777E+43  2.1297E+04  3.8829E+43  5.9479E+42
  1.3340E-02  4.5748E+43  1.8795E+04  4.1176E+43  4.5716E+42
  1.4960E-02  4.7341E+43  1.5729E+04  4.4134E+43  3.2061E+42
  1.6790E-02  4.9045E+43  1.3403E+04  4.6706E+43  2.3391E+42
  1.8840E-02  5.0749E+43  1.1758E+04  4.8955E+43  1.7934E+42
  2.1130E-02  5.3564E+43  1.0070E+04  5.2249E+43  1.3153E+42
  2.3710E-02  5.6142E+43  8.7324E+03  5.5193E+43  9.4923E+41
  2.6610E-02  5.8543E+43  7.4192E+03  5.7884E+43  6.5934E+41
  2.9850E-02  6.0743E+43  6.3523E+03  6.0283E+43  4.6002E+41
  3.3500E-02  6.2713E+43  5.5964E+03  6.2394E+43  3.1829E+41
  3.7580E-02  6.7974E+43  5.6300E+03  6.7659E+43  3.1573E+41
  4.2170E-02  7.6951E+43  5.0651E+03  7.6734E+43  2.1718E+41
  4.7320E-02  7.4042E+43  1.7212E+04  7.3966E+43  7.6451E+40
  5.3090E-02  6.3856E+43  1.4802E+04  6.3836E+43  1.9976E+40
  6.6830E-02  3.0034E+43  9.0879E+03  3.0034E+43  8.6641E+37
  7.4990E-02  1.6429E+43  6.9315E+03  1.6429E+43  2.5845E+36
  8.4140E-02  1.8449E+43  7.6303E+03  1.8448E+43  6.1361E+36
  9.4410E-02  2.0499E+43  2.6550E+04  2.0499E+43  1.1207E+37
  1.0590E-01  2.9637E+43  1.8133E+09  2.9636E+43  1.2160E+38
  1.1890E-01  3.8764E+43  5.1940E+13  3.8762E+43  1.6852E+39
  1.3340E-01  4.4968E+43  2.6955E+17  4.4957E+43  1.0877E+40
  1.4960E-01  4.4748E+43  5.9596E+20  4.4713E+43  3.4631E+40
  1.5850E-01  4.2461E+43  2.0026E+22  4.2421E+43  4.0308E+40
  1.7780E-01  3.4248E+43  8.6991E+24  3.4226E+43  2.1631E+40
  1.9950E-01  1.8990E+43  8.1270E+26  1.8988E+43  1.6289E+39
  2.2390E-01  1.2123E+43  5.2514E+28  1.2122E+43  3.0908E+38
  2.3710E-01  1.4888E+43  8.2829E+29  1.4886E+43  1.5648E+39
  2.5120E-01  1.7706E+43  1.1729E+31  1.7697E+43  8.5218E+39
  2.6610E-01  1.8854E+43  1.1818E+32  1.8828E+43  2.6067E+40
  2.8180E-01  1.8868E+43  9.2903E+32  1.8811E+43  5.6859E+40
  2.9850E-01  1.8425E+43  6.0808E+33  1.8322E+43  1.0315E+41
  3.1620E-01  1.7894E+43  3.4635E+34  1.7720E+43  1.7421E+41
  3.3500E-01  1.7282E+43  1.7615E+35  1.7003E+43  2.7937E+41
  3.5480E-01  1.6589E+43  7.9774E+35  1.6167E+43  4.2250E+41
  3.7580E-01  1.5901E+43  3.3411E+36  1.5269E+43  6.3211E+41
  3.9810E-01  1.5295E+43  1.2605E+37  1.4388E+43  9.0651E+41
  4.2170E-01  1.4848E+43  4.4731E+37  1.3507E+43  1.3412E+42
  4.4670E-01  1.4628E+43  1.4602E+38  1.2678E+43  1.9505E+42
  4.7320E-01  1.4643E+43  4.4662E+38  1.1840E+43  2.8029E+42
  5.0120E-01  1.4956E+43  1.2792E+39  1.0993E+43  3.9620E+42
  5.3090E-01  1.5747E+43  3.4884E+39  1.0138E+43  5.6051E+42
  5.6230E-01  1.6998E+43  8.8302E+39  9.3306E+42  7.6584E+42
  5.9570E-01  1.8812E+43  2.1063E+40  8.5531E+42  1.0238E+43
  6.3100E-01  2.1419E+43  4.7674E+40  7.8029E+42  1.3568E+43
  6.6830E-01  2.4986E+43  1.0249E+41  7.0767E+42  1.7807E+43
  7.0790E-01  2.9666E+43  2.0948E+41  6.3979E+42  2.3059E+43
  7.4990E-01  3.5354E+43  4.0506E+41  5.7665E+42  2.9182E+43
  7.9430E-01  4.2408E+43  7.4683E+41  5.1726E+42  3.6489E+43
  8.4140E-01  5.1084E+43  1.3203E+42  4.6135E+42  4.5150E+43
  8.9130E-01  6.2205E+43  2.2582E+42  4.0824E+42  5.5864E+43
  9.4410E-01  7.5428E+43  3.7053E+42  3.5900E+42  6.8132E+43
  1.0000E+00  9.0140E+43  5.8114E+42  3.1411E+42  8.1188E+43
  1.0590E+00  1.0635E+44  8.7427E+42  2.7383E+42  9.4869E+43
  1.1220E+00  1.2422E+44  1.2734E+43  2.3725E+42  1.0911E+44
  1.1890E+00  1.4390E+44  1.8004E+43  2.0391E+42  1.2386E+44
  1.2590E+00  1.6587E+44  2.4678E+43  1.7342E+42  1.3946E+44
  1.3340E+00  1.8864E+44  3.2855E+43  1.4642E+42  1.5432E+44
  1.4130E+00  2.1087E+44  4.2239E+43  1.2337E+42  1.6740E+44
  1.4960E+00  2.3247E+44  5.2706E+43  1.0355E+42  1.7873E+44
  1.5850E+00  2.5342E+44  6.4374E+43  8.6249E+41  1.8819E+44
  1.6790E+00  2.7359E+44  7.6768E+43  7.1145E+41  1.9612E+44
  1.7780E+00  2.9240E+44  8.9393E+43  5.7972E+41  2.0243E+44
  1.8840E+00  3.0917E+44  1.0210E+44  4.6596E+41  2.0660E+44
  1.9950E+00  3.2332E+44  1.1408E+44  3.6956E+41  2.0887E+44
  2.1130E+00  3.3424E+44  1.2506E+44  2.8928E+41  2.0889E+44
  2.2390E+00  3.4145E+44  1.3454E+44  2.2367E+41  2.0669E+44
  2.3710E+00  3.4491E+44  1.4196E+44  1.7112E+41  2.0277E+44
  2.5120E+00  3.4461E+44  1.4742E+44  1.2977E+41  1.9706E+44
  2.6610E+00  3.4082E+44  1.5063E+44  9.7670E+40  1.9009E+44
  2.8180E+00  3.3377E+44  1.5145E+44  7.2984E+40  1.8225E+44
  2.9850E+00  3.2390E+44  1.5018E+44  5.4203E+40  1.7367E+44
  3.1620E+00  3.1160E+44  1.4688E+44  4.0018E+40  1.6468E+44
  3.3500E+00  2.9768E+44  1.4225E+44  2.9433E+40  1.5539E+44
  3.5480E+00  2.8210E+44  1.3585E+44  2.1525E+40  1.4623E+44
  3.7580E+00  2.6555E+44  1.2839E+44  1.5669E+40  1.3714E+44
  3.9810E+00  2.4837E+44  1.2011E+44  1.1355E+40  1.2825E+44
  4.2170E+00  2.3090E+44  1.1122E+44  8.1933E+39  1.1967E+44
  4.4670E+00  2.1344E+44  1.0200E+44  5.8863E+39  1.1144E+44
  4.7320E+00  1.9638E+44  9.2803E+43  4.2117E+39  1.0357E+44
  5.0120E+00  1.8019E+44  8.3851E+43  3.0078E+39  9.6340E+43
  5.3090E+00  1.6185E+44  7.5251E+43  2.1042E+39  8.6592E+43
  5.6230E+00  1.4435E+44  6.7210E+43  1.4615E+39  7.7140E+43
  5.9570E+00  1.2794E+44  5.9843E+43  1.0085E+39  6.8095E+43
  6.3100E+00  1.1240E+44  5.2713E+43  6.8895E+38  5.9687E+43
  6.6830E+00  9.8581E+43  4.6630E+43  4.6883E+38  5.1951E+43
  7.0790E+00  8.5726E+43  4.0804E+43  3.1464E+38  4.4921E+43
  7.4990E+00  7.6686E+43  3.8307E+43  2.1626E+38  3.8379E+43
  7.9430E+00  7.9967E+43  4.8297E+43  1.7833E+38  3.1670E+43
  8.4140E+00  9.4070E+43  6.9049E+43  1.8012E+38  2.5021E+43
  8.9130E+00  1.0349E+44  8.3842E+43  1.7991E+38  1.9644E+43
  9.4410E+00  1.0790E+44  9.2500E+43  1.8762E+38  1.5396E+43
  1.0000E+01  8.8176E+43  7.4851E+43  1.2952E+38  1.3324E+43
  1.0590E+01  6.8218E+43  5.6549E+43  8.1607E+37  1.1669E+43
  1.1220E+01  5.0146E+43  3.9923E+43  4.5413E+37  1.0223E+43
  1.1890E+01  3.7160E+43  2.8362E+43  2.5696E+37  8.7979E+42
  1.2590E+01  2.7460E+43  1.9943E+43  1.4251E+37  7.5167E+42
  1.3340E+01  2.0475E+43  1.4135E+43  7.8973E+36  6.3395E+42
  1.4130E+01  1.6071E+43  1.0790E+43  4.5554E+36  5.2804E+42
  1.4960E+01  1.4276E+43  9.9592E+42  3.0854E+36  4.3167E+42
  1.5850E+01  1.3082E+43  9.5875E+42  2.2516E+36  3.4943E+42
  1.6790E+01  1.2027E+43  9.2062E+42  1.7139E+36  2.8205E+42
  1.7780E+01  1.0739E+43  8.4549E+42  1.3037E+36  2.2843E+42
  1.8840E+01  9.0551E+42  7.1956E+42  9.3744E+35  1.8595E+42
  1.9950E+01  7.2175E+42  5.6886E+42  6.1806E+35  1.5289E+42
  2.1130E+01  5.6681E+42  4.4127E+42  3.8940E+35  1.2555E+42
  2.2390E+01  4.4689E+42  3.4430E+42  2.4559E+35  1.0259E+42
  2.3710E+01  3.5402E+42  2.7022E+42  1.5500E+35  8.3800E+41
  2.5120E+01  2.8067E+42  2.1250E+42  9.8145E+34  6.8176E+41
  2.6610E+01  2.2248E+42  1.6708E+42  6.1991E+34  5.5395E+41
  2.8180E+01  1.7648E+42  1.3150E+42  3.9289E+34  4.4984E+41
  2.9850E+01  1.3964E+42  1.0319E+42  2.4892E+34  3.6446E+41
  3.1620E+01  1.1004E+42  8.0553E+41  1.5712E+34  2.9489E+41
  3.3500E+01  8.6320E+41  6.2497E+41  9.8810E+33  2.3823E+41
  3.5480E+01  6.7501E+41  4.8252E+41  6.2008E+33  1.9249E+41
  3.7580E+01  5.2476E+41  3.6939E+41  3.8702E+33  1.5537E+41
  3.9810E+01  4.0475E+41  2.7950E+41  2.3988E+33  1.2526E+41
  4.2170E+01  3.1051E+41  2.0959E+41  1.4782E+33  1.0092E+41
  4.4670E+01  2.3711E+41  1.5585E+41  9.0546E+32  8.1258E+40
  4.7320E+01  1.8042E+41  1.1506E+41  5.5215E+32  6.5362E+40
  5.0120E+01  1.3702E+41  8.4455E+40  3.3574E+32  5.2564E+40
  5.3090E+01  1.0385E+41  6.1624E+40  2.0362E+32  4.2228E+40
  5.6230E+01  7.8694E+40  4.4781E+40  1.2337E+32  3.3913E+40
  5.9570E+01  5.9564E+40  3.2374E+40  7.4618E+31  2.7191E+40
  6.3100E+01  4.5140E+40  2.3342E+40  4.5167E+31  2.1798E+40
  6.6830E+01  3.4265E+40  1.6792E+40  2.7374E+31  1.7473E+40
  7.0790E+01  2.6043E+40  1.2052E+40  1.6604E+31  1.3990E+40
  7.4990E+01  1.9824E+40  8.6310E+39  1.0085E+31  1.1193E+40
  7.9430E+01  1.5129E+40  6.1753E+39  6.1404E+30  8.9539E+39
  8.4140E+01  1.1570E+40  4.4128E+39  3.7444E+30  7.1573E+39
  8.9130E+01  8.8708E+39  3.1527E+39  2.2889E+30  5.7182E+39
  9.4410E+01  6.8195E+39  2.2517E+39  1.4025E+30  4.5679E+39
  1.0000E+02  5.2556E+39  1.6076E+39  8.6132E+29  3.6480E+39
  1.0590E+02  4.0633E+39  1.1489E+39  5.3060E+29  2.9145E+39
  1.1220E+02  3.1443E+39  8.2077E+38  3.2694E+29  2.3236E+39
  1.1890E+02  2.4379E+39  5.8750E+38  2.0180E+29  1.8504E+39
  1.2590E+02  1.9011E+39  4.2350E+38  1.2527E+29  1.4776E+39
  1.3340E+02  1.4828E+39  3.0616E+38  7.7871E+28  1.1766E+39
  1.4130E+02  1.1583E+39  2.2034E+38  4.8654E+28  9.3799E+38
  1.4960E+02  9.0518E+38  1.5622E+38  3.0373E+28  7.4896E+38
  1.5850E+02  7.0628E+38  1.1005E+38  1.8875E+28  5.9623E+38
  1.7780E+02  4.3380E+38  5.5165E+37  7.3365E+27  3.7864E+38
  1.9950E+02  2.6783E+38  2.7785E+37  2.8644E+27  2.4004E+38
  2.2390E+02  1.6597E+38  1.4013E+37  1.1225E+27  1.5196E+38
  2.5120E+02  1.0336E+38  7.0805E+36  4.4190E+26  9.6278E+37
  2.8180E+02  6.4573E+37  3.5790E+36  1.7449E+26  6.0994E+37
  3.1620E+02  4.0400E+37  1.8075E+36  6.8983E+25  3.8592E+37
  3.5480E+02  2.5321E+37  9.1279E+35  2.7306E+25  2.4409E+37
  3.9810E+02  1.5896E+37  4.6086E+35  1.0827E+25  1.5436E+37
  4.4670E+02  9.9897E+36  2.3259E+35  4.2965E+24  9.7571E+36
  5.0120E+02  6.2853E+36  1.1738E+35  1.7068E+24  6.1679E+36
  5.6230E+02  3.9588E+36  5.9248E+34  6.7852E+23  3.8995E+36
  6.3100E+02  2.4924E+36  2.9867E+34  2.6966E+23  2.4625E+36
  7.0790E+02  1.5717E+36  1.5068E+34  1.0733E+23  1.5566E+36
  7.9430E+02  9.9074E+35  7.5935E+33  4.2699E+22  9.8315E+35
  8.9130E+02  6.2454E+35  3.8244E+33  1.6986E+22  6.2072E+35
  1.0000E+03  3.9404E+35  1.9265E+33  6.7635E+21  3.9211E+35
