  1.0000E-03  9.3434E+44  0.0000E+00  5.7723E+43  8.7662E+44
  1.1220E-03  1.0351E+45  0.0000E+00  5.1570E+43  9.8357E+44
  1.2590E-03  1.1497E+45  0.0000E+00  4.6015E+43  1.1037E+45
  1.4130E-03  1.2799E+45  0.0000E+00  4.1175E+43  1.2387E+45
  1.5850E-03  1.4276E+45  0.0000E+00  3.8191E+43  1.3894E+45
  1.7780E-03  1.6003E+45  0.0000E+00  4.1707E+43  1.5586E+45
  1.9950E-03  1.7862E+45  0.0000E+00  3.7419E+43  1.7488E+45
  2.2390E-03  1.9965E+45  0.0000E+00  3.3802E+43  1.9627E+45
  2.5120E-03  2.2383E+45  0.0000E+00  3.6264E+43  2.2020E+45
  2.8180E-03  2.5032E+45  0.0000E+00  3.2970E+43  2.4702E+45
  3.1620E-03  2.8023E+45  0.0000E+00  3.0439E+43  2.7718E+45
  3.5480E-03  3.1384E+45  0.0000E+00  2.8126E+43  3.1103E+45
  3.9810E-03  3.5156E+45  0.0000E+00  2.5712E+43  3.4898E+45
  4.4670E-03  4.0441E+45  0.0000E+00  1.2823E+44  3.9158E+45
  5.0120E-03  4.5144E+45  0.0000E+00  1.2079E+44  4.3936E+45
  5.6230E-03  5.0499E+45  0.0000E+00  1.2065E+44  4.9292E+45
  5.9570E-03  5.3446E+45  0.0000E+00  1.2261E+44  5.2220E+45
  6.6830E-03  5.9877E+45  0.0000E+00  1.2915E+44  5.8585E+45
  7.4990E-03  6.7118E+45  0.0000E+00  1.3803E+44  6.5738E+45
  8.4140E-03  7.5228E+45  0.0000E+00  1.4698E+44  7.3758E+45
  9.4410E-03  8.4322E+45  0.0000E+00  1.5609E+44  8.2761E+45
  1.0590E-02  9.4484E+45  0.0000E+00  1.6510E+44  9.2833E+45
  1.1890E-02  1.0598E+46  0.0000E+00  1.7477E+44  1.0423E+46
  1.3340E-02  1.1878E+46  0.0000E+00  1.8399E+44  1.1694E+46
  1.4960E-02  1.3307E+46  0.0000E+00  1.9336E+44  1.3114E+46
  1.6790E-02  1.4922E+46  0.0000E+00  2.0320E+44  1.4718E+46
  1.8840E-02  1.6729E+46  0.0000E+00  2.1357E+44  1.6515E+46
  2.1130E-02  1.8748E+46  0.0000E+00  2.2457E+44  1.8524E+46
  2.3710E-02  2.1021E+46  0.0000E+00  2.3619E+44  2.0785E+46
  2.6610E-02  2.3574E+46  0.0000E+00  2.4812E+44  2.3326E+46
  2.9850E-02  2.6426E+46  5.1887E-83  2.5984E+44  2.6166E+46
  3.3500E-02  2.9637E+46  3.2375E-68  2.7018E+44  2.9367E+46
  3.7580E-02  3.3229E+46  4.0432E-55  2.8681E+44  3.2942E+46
  4.2170E-02  3.7326E+46  1.7171E-43  3.5868E+44  3.6967E+46
  4.7320E-02  4.1851E+46  4.3478E-33  3.6924E+44  4.1482E+46
  5.3090E-02  4.3552E+46  7.5301E-24  3.4010E+44  4.3212E+46
  6.6830E-02  4.1488E+46  2.4655E-08  2.1975E+44  4.1268E+46
  7.4990E-02  4.0492E+46  7.5113E-02  1.6385E+44  4.0328E+46
  8.4140E-02  3.9580E+46  3.8499E+04  1.6990E+44  3.9410E+46
  9.4410E-02  3.8690E+46  4.4558E+09  1.7774E+44  3.8513E+46
  1.0590E-01  3.5269E+46  1.2083E+14  2.1378E+44  3.5055E+46
  1.1890E-01  2.9689E+46  9.9449E+17  2.2139E+44  2.9467E+46
  1.3340E-01  2.5012E+46  2.4190E+21  2.1657E+44  2.4795E+46
  1.4960E-01  2.1039E+46  3.1561E+24  1.6023E+44  2.0878E+46
  1.5850E-01  1.9272E+46  9.5178E+25  1.2712E+44  1.9145E+46
  1.7780E-01  1.6205E+46  4.5683E+28  9.0598E+43  1.6114E+46
  1.9950E-01  1.3618E+46  1.1035E+31  6.0004E+43  1.3558E+46
  2.2390E-01  1.1454E+46  1.1409E+33  5.0711E+43  1.1403E+46
  2.3710E-01  1.0524E+46  8.0043E+33  5.9437E+43  1.0464E+46
  2.5120E-01  9.6603E+45  4.9844E+34  6.4436E+43  9.5958E+45
  2.6610E-01  8.8643E+45  2.8484E+35  6.3101E+43  8.8012E+45
  2.8180E-01  8.1351E+45  1.4680E+36  5.9001E+43  8.0761E+45
  2.9850E-01  7.4625E+45  6.8381E+36  5.4638E+43  7.4079E+45
  3.1620E-01  6.8456E+45  2.8527E+37  5.0990E+43  6.7947E+45
  3.3500E-01  6.2784E+45  1.0830E+38  4.7557E+43  6.2308E+45
  3.5480E-01  5.7608E+45  3.7474E+38  4.4310E+43  5.7165E+45
  3.7580E-01  5.2855E+45  1.1958E+39  4.1305E+43  5.2442E+45
  3.9810E-01  4.8484E+45  3.5098E+39  3.8668E+43  4.8097E+45
  4.2170E-01  4.4481E+45  9.4673E+39  3.6421E+43  4.4116E+45
  4.4670E-01  4.0811E+45  2.3669E+40  3.4487E+43  4.0466E+45
  4.7320E-01  3.7442E+45  5.5597E+40  3.2688E+43  3.7115E+45
  5.0120E-01  3.4359E+45  1.2303E+41  3.0978E+43  3.4048E+45
  5.3090E-01  3.1528E+45  2.5793E+41  2.9402E+43  3.1232E+45
  5.6230E-01  2.8936E+45  5.1153E+41  2.7979E+43  2.8651E+45
  5.9570E-01  2.6552E+45  9.6628E+41  2.6713E+43  2.6276E+45
  6.3100E-01  2.4377E+45  1.7383E+42  2.5607E+43  2.4103E+45
  6.6830E-01  2.2391E+45  2.9817E+42  2.4675E+43  2.2114E+45
  7.0790E-01  2.0573E+45  4.9025E+42  2.3964E+43  2.0284E+45
  7.4990E-01  1.8917E+45  7.7349E+42  2.3455E+43  1.8605E+45
  7.9430E-01  1.7415E+45  1.1738E+43  2.3187E+43  1.7066E+45
  8.4140E-01  1.6058E+45  1.7194E+43  2.3246E+43  1.5653E+45
  8.9130E-01  1.4838E+45  2.4429E+43  2.3671E+43  1.4357E+45
  9.4410E-01  1.3751E+45  3.3606E+43  2.4475E+43  1.3170E+45
  1.0000E+00  1.2785E+45  4.4791E+43  2.5574E+43  1.2081E+45
  1.0590E+00  1.1935E+45  5.8017E+43  2.6938E+43  1.1086E+45
  1.1220E+00  1.1186E+45  7.3544E+43  2.8498E+43  1.0165E+45
  1.1890E+00  1.0534E+45  9.1389E+43  3.0147E+43  9.3183E+44
  1.2590E+00  9.9807E+44  1.1114E+44  3.1727E+43  8.5520E+44
  1.3340E+00  9.4982E+44  1.3252E+44  3.3197E+43  7.8411E+44
  1.4130E+00  9.0779E+44  1.5410E+44  3.4412E+43  7.1927E+44
  1.4960E+00  8.7089E+44  1.7536E+44  3.5267E+43  6.6026E+44
  1.5850E+00  8.3749E+44  1.9636E+44  3.5695E+43  6.0543E+44
  1.6790E+00  8.0673E+44  2.1585E+44  3.5576E+43  5.5530E+44
  1.7780E+00  7.7721E+44  2.3282E+44  3.4816E+43  5.0957E+44
  1.8840E+00  7.4760E+44  2.4701E+44  3.3408E+43  4.6719E+44
  1.9950E+00  7.1750E+44  2.5737E+44  3.1383E+43  4.2875E+44
  2.1130E+00  6.8578E+44  2.6361E+44  2.8840E+43  3.9333E+44
  2.2390E+00  6.5176E+44  2.6524E+44  2.5909E+43  3.6061E+44
  2.3710E+00  6.1605E+44  2.6237E+44  2.2771E+43  3.3092E+44
  2.5120E+00  5.7865E+44  2.5560E+44  1.9604E+43  3.0344E+44
  2.6610E+00  5.4027E+44  2.4539E+44  1.6555E+43  2.7832E+44
  2.8180E+00  5.0148E+44  2.3237E+44  1.3732E+43  2.5538E+44
  2.9850E+00  4.6294E+44  2.1747E+44  1.1206E+43  2.3426E+44
  3.1620E+00  4.2516E+44  2.0129E+44  9.0127E+42  2.1487E+44
  3.3500E+00  3.8921E+44  1.8502E+44  7.1518E+42  1.9704E+44
  3.5480E+00  3.5495E+44  1.6856E+44  5.6134E+42  1.8078E+44
  3.7580E+00  3.2281E+44  1.5261E+44  4.3585E+42  1.6583E+44
  3.9810E+00  2.9282E+44  1.3738E+44  3.3509E+42  1.5210E+44
  4.2170E+00  2.6510E+44  1.2304E+44  2.5542E+42  1.3951E+44
  4.4670E+00  2.3959E+44  1.0970E+44  1.9313E+42  1.2796E+44
  4.7320E+00  2.1625E+44  9.7436E+43  1.4480E+42  1.1737E+44
  5.0120E+00  1.9527E+44  8.6274E+43  1.0790E+42  1.0791E+44
  5.3090E+00  1.7292E+44  7.6110E+43  7.8482E+41  9.6024E+43
  5.6230E+00  1.5234E+44  6.6971E+43  5.6409E+41  8.4805E+43
  5.9570E+00  1.3354E+44  5.8826E+43  4.0072E+41  7.4316E+43
  6.3100E+00  1.1631E+44  5.1319E+43  2.8144E+41  6.4710E+43
  6.6830E+00  1.0140E+44  4.5189E+43  1.9639E+41  5.6014E+43
  7.0790E+00  8.7869E+43  3.9544E+43  1.3510E+41  4.8190E+43
  7.4990E+00  7.6376E+43  3.5057E+43  8.9805E+40  4.1229E+43
  7.9430E+00  6.8502E+43  3.3337E+43  5.5069E+40  3.5109E+43
  8.4140E+00  6.3595E+43  3.3810E+43  3.2947E+40  2.9752E+43
  8.9130E+00  5.8749E+43  3.3624E+43  2.1497E+40  2.5104E+43
  9.4410E+00  5.3970E+43  3.2853E+43  1.5998E+40  2.1101E+43
  1.0000E+01  4.6549E+43  2.8865E+43  1.3118E+40  1.7671E+43
  1.0590E+01  3.9488E+43  2.4720E+43  1.0748E+40  1.4758E+43
  1.1220E+01  3.2940E+43  2.0665E+43  8.2733E+39  1.2267E+43
  1.1890E+01  2.7370E+43  1.7205E+43  6.1172E+39  1.0159E+43
  1.2590E+01  2.2802E+43  1.4386E+43  4.3529E+39  8.4119E+42
  1.3340E+01  1.9040E+43  1.2105E+43  2.9773E+39  6.9319E+42
  1.4130E+01  1.6247E+43  1.0540E+43  1.9637E+39  5.7050E+42
  1.4960E+01  1.4624E+43  9.9306E+42  1.3185E+39  4.6919E+42
  1.5850E+01  1.3447E+43  9.6048E+42  9.2743E+38  3.8414E+42
  1.6790E+01  1.2515E+43  9.3735E+42  6.8435E+38  3.1409E+42
  1.7780E+01  1.1620E+43  9.0531E+42  5.2621E+38  2.5663E+42
  1.8840E+01  1.0605E+43  8.5157E+42  4.0999E+38  2.0888E+42
  1.9950E+01  9.4923E+42  7.7906E+42  3.1229E+38  1.7013E+42
  2.1130E+01  8.4769E+42  7.0940E+42  2.3023E+38  1.3827E+42
  2.2390E+01  7.6092E+42  6.4887E+42  1.6861E+38  1.1203E+42
  2.3710E+01  6.8587E+42  5.9499E+42  1.2273E+38  9.0864E+41
  2.5120E+01  6.1784E+42  5.4435E+42  8.9045E+37  7.3479E+41
  2.6610E+01  5.5494E+42  4.9555E+42  6.4062E+37  5.9383E+41
  2.8180E+01  4.9609E+42  4.4809E+42  4.5867E+37  4.7994E+41
  2.9850E+01  4.3970E+42  4.0098E+42  3.2572E+37  3.8717E+41
  3.1620E+01  3.8551E+42  3.5431E+42  2.2862E+37  3.1199E+41
  3.3500E+01  3.3376E+42  3.0865E+42  1.5848E+37  2.5106E+41
  3.5480E+01  2.8534E+42  2.6513E+42  1.0853E+37  2.0210E+41
  3.7580E+01  2.4051E+42  2.2425E+42  7.3299E+36  1.6253E+41
  3.9810E+01  1.9956E+42  1.8651E+42  4.8801E+36  1.3054E+41
  4.2170E+01  1.6334E+42  1.5286E+42  3.2041E+36  1.0479E+41
  4.4670E+01  1.3199E+42  1.2358E+42  2.0740E+36  8.4074E+40
  4.7320E+01  1.0544E+42  9.8695E+41  1.3258E+36  6.7400E+40
  5.0120E+01  8.3377E+41  7.7973E+41  8.3810E+35  5.4034E+40
  5.3090E+01  6.5289E+41  6.0961E+41  5.2424E+35  4.3282E+40
  5.6230E+01  5.0720E+41  4.7253E+41  3.2502E+35  3.4667E+40
  5.9570E+01  3.9075E+41  3.6302E+41  1.9970E+35  2.7728E+40
  6.3100E+01  2.9923E+41  2.7704E+41  1.2190E+35  2.2180E+40
  6.6830E+01  2.2793E+41  2.1018E+41  7.3988E+34  1.7744E+40
  7.0790E+01  1.7275E+41  1.5857E+41  4.4668E+34  1.4183E+40
  7.4990E+01  1.3033E+41  1.1900E+41  2.6843E+34  1.1329E+40
  7.9430E+01  9.8005E+40  8.8955E+40  1.6079E+34  9.0505E+39
  8.4140E+01  7.3458E+40  6.6232E+40  9.5991E+33  7.2256E+39
  8.9130E+01  5.4945E+40  4.9178E+40  5.7199E+33  5.7665E+39
  9.4410E+01  4.1021E+40  3.6419E+40  3.4030E+33  4.6021E+39
  1.0000E+02  3.0573E+40  2.6901E+40  2.0216E+33  3.6722E+39
  1.0590E+02  2.2780E+40  1.9848E+40  1.2013E+33  2.9317E+39
  1.1220E+02  1.6954E+40  1.4618E+40  7.1288E+32  2.3358E+39
  1.1890E+02  1.2633E+40  1.0774E+40  4.2367E+32  1.8590E+39
  1.2590E+02  9.4721E+39  7.9882E+39  2.5346E+32  1.4838E+39
  1.3340E+02  7.1208E+39  5.9397E+39  1.5223E+32  1.1811E+39
  1.4130E+02  5.3232E+39  4.3820E+39  9.1326E+31  9.4117E+38
  1.4960E+02  3.9167E+39  3.1655E+39  5.3987E+31  7.5121E+38
  1.5850E+02  2.8673E+39  2.2695E+39  3.1697E+31  5.9781E+38
  1.7780E+02  1.5569E+39  1.1775E+39  1.1065E+31  3.7942E+38
  1.9950E+02  8.5271E+38  6.1227E+38  3.9035E+30  2.4043E+38
  2.2390E+02  4.6990E+38  3.1775E+38  1.3891E+30  1.5216E+38
  2.5120E+02  2.6105E+38  1.6468E+38  4.9928E+29  9.6376E+37
  2.8180E+02  1.4617E+38  8.5130E+37  1.8116E+29  6.1043E+37
  3.1620E+02  8.2476E+37  4.3859E+37  6.6292E+28  3.8617E+37
  3.5480E+02  4.6966E+37  2.2545E+37  2.4478E+28  2.4421E+37
  3.9810E+02  2.7005E+37  1.1563E+37  9.1245E+27  1.5442E+37
  4.4670E+02  1.5678E+37  5.9179E+36  3.4304E+27  9.7603E+36
  5.0120E+02  9.1934E+36  3.0240E+36  1.3005E+27  6.1695E+36
  5.6230E+02  5.4437E+36  1.5433E+36  4.9672E+26  3.9003E+36
  6.3100E+02  3.2487E+36  7.8574E+35  1.9084E+26  2.4629E+36
  7.0790E+02  1.9567E+36  3.9992E+35  7.3828E+25  1.5568E+36
  7.9430E+02  1.1864E+36  2.0314E+35  2.8684E+25  9.8325E+35
  8.9130E+02  7.2381E+35  1.0304E+35  1.1189E+25  6.2077E+35
  1.0000E+03  4.4437E+35  5.2232E+34  4.3839E+24  3.9214E+35
