  1.0000E-03  9.7986E+43  0.0000E+00  5.6817E+42  9.2305E+43
  1.1220E-03  6.3905E+43  0.0000E+00  5.3151E+42  5.8590E+43
  1.2590E-03  4.0574E+43  0.0000E+00  4.7088E+42  3.5865E+43
  1.4130E-03  2.5356E+43  0.0000E+00  3.9833E+42  2.1373E+43
  1.5850E-03  1.7404E+43  0.0000E+00  3.4217E+42  1.3983E+43
  1.7780E-03  1.6761E+43  0.0000E+00  3.7770E+42  1.2984E+43
  1.9950E-03  7.8544E+42  0.0000E+00  2.7824E+42  5.0720E+42
  2.2390E-03  4.5644E+42  0.0000E+00  2.0306E+42  2.5338E+42
  2.5120E-03  4.2014E+42  0.0000E+00  2.2192E+42  1.9822E+42
  2.8180E-03  1.9178E+42  0.0000E+00  1.4227E+42  4.9503E+41
  3.1620E-03  1.0843E+42  0.0000E+00  9.4010E+41  1.4421E+41
  3.5480E-03  6.8087E+41  0.0000E+00  6.3542E+41  4.5453E+40
  3.9810E-03  4.6183E+41  0.0000E+00  4.4572E+41  1.6105E+40
  4.4670E-03  7.9686E+42  0.0000E+00  6.1493E+42  1.8194E+42
  5.0120E-03  4.1629E+42  0.0000E+00  3.7605E+42  4.0238E+41
  5.6230E-03  2.3792E+42  0.0000E+00  2.2890E+42  9.0186E+40
  5.9570E-03  1.8496E+42  0.0000E+00  1.8054E+42  4.4226E+40
  6.6830E-03  1.2011E+42  0.0000E+00  1.1886E+42  1.2516E+40
  7.4990E-03  8.6466E+41  0.0000E+00  8.5996E+41  4.7018E+39
  8.4140E-03  5.9769E+41  0.0000E+00  5.9624E+41  1.4452E+39
  9.4410E-03  4.4023E+41  0.0000E+00  4.3966E+41  5.7082E+38
  1.0590E-02  3.5786E+41  0.0000E+00  3.5747E+41  3.9106E+38
  1.1890E-02  2.7842E+41  0.0000E+00  2.7829E+41  1.3547E+38
  1.3340E-02  2.1645E+41  0.0000E+00  2.1639E+41  6.2552E+37
  1.4960E-02  1.6371E+41  0.0000E+00  1.6368E+41  2.2912E+37
  1.6790E-02  1.2522E+41  0.0000E+00  1.2521E+41  9.2723E+36
  1.8840E-02  9.7506E+40  0.0000E+00  9.7501E+40  4.2625E+36
  2.1130E-02  7.6943E+40  0.0000E+00  7.6941E+40  1.7520E+36
  2.3710E-02  5.9715E+40  0.0000E+00  5.9714E+40  6.9196E+35
  2.6610E-02  4.5305E+40  0.0000E+00  4.5305E+40  2.4882E+35
  2.9850E-02  3.4274E+40  0.0000E+00  3.4274E+40  9.0950E+34
  3.3500E-02  2.5727E+40  3.2826E-79  2.5727E+40  3.2637E+34
  3.7580E-02  2.5725E+40  3.1291E-66  2.5725E+40  2.7055E+34
  4.2170E-02  2.3074E+40  4.7643E-55  2.3074E+40  9.5744E+33
  4.7320E-02  1.1434E+40  1.0775E-45  1.1434E+40  7.1313E+32
  5.3090E-02  4.8554E+39  1.0371E-37  4.8554E+39  2.9017E+31
  6.6830E-02  3.5177E+38  3.8670E-27  3.5177E+38  7.7081E+25
  7.4990E-02  9.3461E+37  8.8974E-24  9.3461E+37  2.1218E+22
  8.4140E-02  1.1498E+38  2.8519E-17  1.1498E+38  1.5815E+23
  9.4410E-02  1.4367E+38  1.2074E-11  1.4367E+38  6.3433E+23
  1.0590E-01  4.1870E+38  5.6009E-05  4.1870E+38  1.7553E+26
  1.1890E-01  1.6339E+39  1.4208E+02  1.6339E+39  9.6835E+28
  1.3340E-01  5.4675E+39  1.9951E+07  5.4675E+39  8.9847E+30
  1.4960E-01  1.1759E+40  3.5283E+11  1.1759E+40  1.5710E+32
  1.5850E-01  1.2833E+40  1.7241E+13  1.2833E+40  2.5095E+32
  1.7780E-01  7.2788E+39  3.9174E+15  7.2788E+39  8.4046E+31
  1.9950E-01  9.0890E+38  8.6998E+15  9.0890E+38  3.0836E+29
  2.2390E-01  2.7749E+38  5.7075E+16  2.7749E+38  9.6234E+27
  2.3710E-01  7.2951E+38  1.4289E+19  7.2951E+38  4.9865E+29
  2.5120E-01  2.0223E+39  3.6294E+21  2.0223E+39  3.0669E+31
  2.6610E-01  3.9705E+39  2.5781E+23  3.9705E+39  4.8707E+32
  2.8180E-01  6.2431E+39  8.2837E+24  6.2431E+39  3.5136E+33
  2.9850E-01  8.8413E+39  1.6440E+26  8.8413E+39  1.6431E+34
  3.1620E-01  1.2173E+40  2.5251E+27  1.2173E+40  6.4978E+34
  3.3500E-01  1.6357E+40  3.1801E+28  1.6356E+40  2.2769E+35
  3.5480E-01  2.1226E+40  3.2345E+29  2.1226E+40  6.9435E+35
  3.7580E-01  2.7324E+40  2.9954E+30  2.7322E+40  2.0761E+36
  3.9810E-01  3.4672E+40  2.3257E+31  3.4666E+40  5.5945E+36
  4.2170E-01  4.5009E+40  1.7900E+32  4.4993E+40  1.6331E+37
  4.4670E-01  5.8602E+40  1.2292E+33  5.8556E+40  4.5658E+37
  4.7320E-01  7.6029E+40  7.7502E+33  7.5905E+40  1.2414E+38
  5.0120E-01  9.7822E+40  4.4496E+34  9.7497E+40  3.2453E+38
  5.3090E-01  1.2621E+41  2.4377E+35  1.2535E+41  8.5251E+38
  5.6230E-01  1.6048E+41  1.1684E+36  1.5843E+41  2.0546E+39
  5.9570E-01  2.0261E+41  5.0887E+36  1.9791E+41  4.6970E+39
  6.3100E-01  2.5691E+41  2.0711E+37  2.4638E+41  1.0510E+40
  6.6830E-01  3.2797E+41  7.8772E+37  3.0492E+41  2.2976E+40
  7.0790E-01  4.2513E+41  2.7840E+38  3.7629E+41  4.8562E+40
  7.4990E-01  5.5679E+41  8.9484E+38  4.5902E+41  9.6877E+40
  7.9430E-01  7.4757E+41  2.6850E+39  5.5759E+41  1.8729E+41
  8.4140E-01  1.0346E+42  7.5904E+39  6.7419E+41  3.5277E+41
  8.9130E-01  1.5028E+42  2.0761E+40  8.1854E+41  6.6349E+41
  9.4410E-01  2.2420E+42  5.3198E+40  9.8418E+41  1.2046E+42
  1.0000E+00  3.3536E+42  1.2532E+41  1.1610E+42  2.0672E+42
  1.0590E+00  5.0018E+42  2.7376E+41  1.3495E+42  3.3785E+42
  1.1220E+00  7.4239E+42  5.6372E+41  1.5478E+42  5.3124E+42
  1.1890E+00  1.0939E+43  1.1018E+42  1.7498E+42  8.0872E+42
  1.2590E+00  1.6049E+43  2.0560E+42  1.9499E+42  1.2043E+43
  1.3340E+00  2.2962E+43  3.6179E+42  2.1262E+42  1.7218E+43
  1.4130E+00  3.1656E+43  5.9299E+42  2.2625E+42  2.3463E+43
  1.4960E+00  4.2273E+43  9.1595E+42  2.3537E+42  3.0760E+43
  1.5850E+00  5.4971E+43  1.3514E+43  2.3945E+42  3.9062E+43
  1.6790E+00  6.9856E+43  1.9093E+43  2.3822E+42  4.8380E+43
  1.7780E+00  8.6699E+43  2.5862E+43  2.3123E+42  5.8525E+43
  1.8840E+00  1.0487E+44  3.3673E+43  2.1848E+42  6.9014E+43
  1.9950E+00  1.2358E+44  4.2106E+43  2.0088E+42  7.9464E+43
  2.1130E+00  1.4170E+44  5.0665E+43  1.7966E+42  8.9234E+43
  2.2390E+00  1.5810E+44  5.8722E+43  1.5640E+42  9.7811E+43
  2.3710E+00  1.7198E+44  6.5708E+43  1.3281E+42  1.0494E+44
  2.5120E+00  1.8262E+44  7.1272E+43  1.1027E+42  1.1024E+44
  2.6610E+00  1.8981E+44  7.5144E+43  8.9764E+41  1.1377E+44
  2.8180E+00  1.9363E+44  7.7246E+43  7.1805E+41  1.1567E+44
  2.9850E+00  1.9427E+44  7.7720E+43  5.6572E+41  1.1599E+44
  3.1620E+00  1.9216E+44  7.6726E+43  4.3995E+41  1.1499E+44
  3.3500E+00  1.8775E+44  7.4675E+43  3.3840E+41  1.1274E+44
  3.5480E+00  1.8167E+44  7.1669E+43  2.5800E+41  1.0974E+44
  3.7580E+00  1.7428E+44  6.8059E+43  1.9510E+41  1.0602E+44
  3.9810E+00  1.6594E+44  6.4036E+43  1.4651E+41  1.0176E+44
  4.2170E+00  1.5705E+44  5.9792E+43  1.0940E+41  9.7152E+43
  4.4670E+00  1.4788E+44  5.5480E+43  8.1273E+40  9.2322E+43
  4.7320E+00  1.3862E+44  5.1224E+43  6.0065E+40  8.7341E+43
  5.0120E+00  1.2967E+44  4.7117E+43  4.4272E+40  8.2507E+43
  5.3090E+00  1.1837E+44  4.3180E+43  3.1844E+40  7.5160E+43
  5.6230E+00  1.0723E+44  3.9483E+43  2.2696E+40  6.7728E+43
  5.9570E+00  9.6445E+43  3.6065E+43  1.6035E+40  6.0364E+43
  6.3100E+00  8.6137E+43  3.2755E+43  1.1225E+40  5.3370E+43
  6.6830E+00  7.6832E+43  3.0034E+43  7.8208E+39  4.6791E+43
  7.0790E+00  6.8134E+43  2.7399E+43  5.3826E+39  4.0729E+43
  7.4990E+00  5.9907E+43  2.5218E+43  3.6318E+39  3.4686E+43
  7.9430E+00  5.1312E+43  2.4077E+43  2.4031E+39  2.7233E+43
  8.4140E+00  4.2251E+43  2.2968E+43  1.6500E+39  1.9282E+43
  8.9130E+00  3.4496E+43  2.0967E+43  1.2105E+39  1.3527E+43
  9.4410E+00  2.8129E+43  1.8622E+43  9.9059E+38  9.5056E+42
  1.0000E+01  2.6177E+43  1.7523E+43  7.8229E+38  8.6527E+42
  1.0590E+01  2.4637E+43  1.6484E+43  6.0395E+38  8.1528E+42
  1.1220E+01  2.3103E+43  1.5355E+43  4.3357E+38  7.7470E+42
  1.1890E+01  2.1064E+43  1.3990E+43  3.0527E+38  7.0736E+42
  1.2590E+01  1.9119E+43  1.2776E+43  2.1006E+38  6.3430E+42
  1.3340E+01  1.7213E+43  1.1668E+43  1.4146E+38  5.5443E+42
  1.4130E+01  1.5520E+43  1.0816E+43  9.3657E+37  4.7040E+42
  1.4960E+01  1.4165E+43  1.0356E+43  6.4420E+37  3.8096E+42
  1.5850E+01  1.3081E+43  1.0052E+43  4.6697E+37  3.0298E+42
  1.6790E+01  1.2233E+43  9.8360E+42  3.5599E+37  2.3972E+42
  1.7780E+01  1.1571E+43  9.6558E+42  2.8250E+37  1.9150E+42
  1.8840E+01  1.1025E+43  9.4652E+42  2.2640E+37  1.5595E+42
  1.9950E+01  1.0537E+43  9.2362E+42  1.7694E+37  1.3011E+42
  2.1130E+01  1.0094E+43  9.0084E+42  1.3435E+37  1.0860E+42
  2.2390E+01  9.6869E+42  8.7877E+42  1.0178E+37  8.9923E+41
  2.3710E+01  9.2980E+42  8.5551E+42  7.6788E+36  7.4288E+41
  2.5120E+01  8.8809E+42  8.2707E+42  5.7784E+36  6.1017E+41
  2.6610E+01  8.4219E+42  7.9219E+42  4.3090E+36  5.0003E+41
  2.8180E+01  7.9079E+42  7.4988E+42  3.1917E+36  4.0911E+41
  2.9850E+01  7.3264E+42  6.9927E+42  2.3391E+36  3.3371E+41
  3.1620E+01  6.6838E+42  6.4121E+42  1.6895E+36  2.7174E+41
  3.3500E+01  5.9939E+42  5.7731E+42  1.2013E+36  2.2084E+41
  3.5480E+01  5.2835E+42  5.1040E+42  8.4084E+35  1.7945E+41
  3.7580E+01  4.5750E+42  4.4293E+42  5.7871E+35  1.4564E+41
  3.9810E+01  3.8893E+42  3.7712E+42  3.9163E+35  1.1806E+41
  4.2170E+01  3.2525E+42  3.1569E+42  2.6075E+35  9.5638E+40
  4.4670E+01  2.6791E+42  2.6017E+42  1.7081E+35  7.7399E+40
  4.7320E+01  2.1771E+42  2.1145E+42  1.1031E+35  6.2560E+40
  5.0120E+01  1.7478E+42  1.6973E+42  7.0343E+34  5.0540E+40
  5.3090E+01  1.3871E+42  1.3463E+42  4.4323E+34  4.0771E+40
  5.6230E+01  1.0904E+42  1.0575E+42  2.7647E+34  3.2868E+40
  5.9570E+01  8.4885E+41  8.2240E+41  1.7073E+34  2.6444E+40
  6.3100E+01  6.5597E+41  6.3470E+41  1.0463E+34  2.1266E+40
  6.6830E+01  5.0362E+41  4.8653E+41  6.3697E+33  1.7094E+40
  7.0790E+01  3.8429E+41  3.7057E+41  3.8536E+33  1.3721E+40
  7.4990E+01  2.9160E+41  2.8059E+41  2.3186E+33  1.1002E+40
  7.9430E+01  2.2030E+41  2.1148E+41  1.3893E+33  8.8185E+39
  8.4140E+01  1.6573E+41  1.5867E+41  8.2885E+32  7.0614E+39
  8.9130E+01  1.2431E+41  1.1866E+41  4.9318E+32  5.6502E+39
  9.4410E+01  9.2984E+40  8.8464E+40  2.9272E+32  4.5197E+39
  1.0000E+02  6.9369E+40  6.5755E+40  1.7333E+32  3.6138E+39
  1.0590E+02  5.1692E+40  4.8802E+40  1.0257E+32  2.8902E+39
  1.1220E+02  3.8453E+40  3.6146E+40  6.0578E+31  2.3064E+39
  1.1890E+02  2.8627E+40  2.6789E+40  3.5819E+31  1.8381E+39
  1.2590E+02  2.1442E+40  1.9973E+40  2.1319E+31  1.4689E+39
  1.3340E+02  1.6106E+40  1.4935E+40  1.2744E+31  1.1704E+39
  1.4130E+02  1.2005E+40  1.1071E+40  7.5909E+30  9.3349E+38
  1.4960E+02  8.7681E+39  8.0223E+39  4.4308E+30  7.4579E+38
  1.5850E+02  6.3611E+39  5.7671E+39  2.5638E+30  5.9401E+38
  1.7780E+02  3.3865E+39  3.0089E+39  8.6804E+29  3.7753E+38
  1.9950E+02  1.8126E+39  1.5731E+39  2.9616E+29  2.3949E+38
  2.2390E+02  9.7207E+38  8.2039E+38  1.0155E+29  1.5168E+38
  2.5120E+02  5.2318E+38  4.2704E+38  3.5043E+28  9.6138E+37
  2.8180E+02  2.8254E+38  2.2162E+38  1.2171E+28  6.0924E+37
  3.1620E+02  1.5313E+38  1.1457E+38  4.2538E+27  3.8557E+37
  3.5480E+02  8.3463E+37  5.9072E+37  1.4985E+27  2.4391E+37
  3.9810E+02  4.5806E+37  3.0380E+37  5.3282E+26  1.5427E+37
  4.4670E+02  2.5339E+37  1.5586E+37  1.9127E+26  9.7526E+36
  5.0120E+02  1.4147E+37  7.9813E+36  6.9373E+25  6.1656E+36
  5.6230E+02  7.9795E+36  4.0811E+36  2.5421E+25  3.8984E+36
  6.3100E+02  4.5433E+36  2.0813E+36  9.4021E+24  2.4620E+36
  7.0790E+02  2.6172E+36  1.0609E+36  3.5147E+24  1.5563E+36
  7.9430E+02  1.5227E+36  5.3965E+35  1.3246E+24  9.8301E+35
  8.9130E+02  8.9469E+35  2.7405E+35  5.0319E+23  6.2065E+35
  1.0000E+03  5.3114E+35  1.3907E+35  1.9270E+23  3.9207E+35
