  1.0000E-03  8.7964E+44  0.0000E+00  3.0230E+42  8.7662E+44
  1.1220E-03  9.8754E+44  0.0000E+00  3.9637E+42  9.8357E+44
  1.2590E-03  1.1086E+45  0.0000E+00  4.9500E+42  1.1037E+45
  1.4130E-03  1.2446E+45  0.0000E+00  5.9327E+42  1.2387E+45
  1.5850E-03  1.3963E+45  0.0000E+00  6.8907E+42  1.3894E+45
  1.7780E-03  1.5673E+45  0.0000E+00  8.6969E+42  1.5586E+45
  1.9950E-03  1.7596E+45  0.0000E+00  1.0774E+43  1.7488E+45
  2.2390E-03  1.9746E+45  0.0000E+00  1.1900E+43  1.9627E+45
  2.5120E-03  2.2178E+45  0.0000E+00  1.5786E+43  2.2020E+45
  2.8180E-03  2.4894E+45  0.0000E+00  1.9127E+43  2.4702E+45
  3.1620E-03  2.7937E+45  0.0000E+00  2.1821E+43  2.7718E+45
  3.5480E-03  3.1344E+45  0.0000E+00  2.4100E+43  3.1103E+45
  3.9810E-03  3.5158E+45  0.0000E+00  2.5927E+43  3.4898E+45
  4.4670E-03  3.9536E+45  0.0000E+00  3.7795E+43  3.9158E+45
  5.0120E-03  4.4416E+45  0.0000E+00  4.7975E+43  4.3936E+45
  5.6230E-03  4.9872E+45  0.0000E+00  5.7920E+43  4.9292E+45
  5.9570E-03  5.2847E+45  0.0000E+00  6.2676E+43  5.2220E+45
  6.6830E-03  5.9301E+45  0.0000E+00  7.1613E+43  5.8585E+45
  7.4990E-03  6.6543E+45  0.0000E+00  8.0529E+43  6.5738E+45
  8.4140E-03  7.4657E+45  0.0000E+00  8.9847E+43  7.3758E+45
  9.4410E-03  8.3743E+45  0.0000E+00  9.8199E+43  8.2761E+45
  1.0590E-02  9.3866E+45  0.0000E+00  1.0334E+44  9.2833E+45
  1.1890E-02  1.0540E+46  0.0000E+00  1.1749E+44  1.0423E+46
  1.3340E-02  1.1821E+46  0.0000E+00  1.2684E+44  1.1694E+46
  1.4960E-02  1.3253E+46  0.0000E+00  1.3851E+44  1.3114E+46
  1.6790E-02  1.4868E+46  0.0000E+00  1.4948E+44  1.4718E+46
  1.8840E-02  1.6675E+46  0.0000E+00  1.5986E+44  1.6515E+46
  2.1130E-02  1.8697E+46  0.0000E+00  1.7362E+44  1.8524E+46
  2.3710E-02  2.0972E+46  0.0000E+00  1.8724E+44  2.0785E+46
  2.6610E-02  2.3527E+46  0.0000E+00  2.0115E+44  2.3326E+46
  2.9850E-02  2.6381E+46  5.4077E-83  2.1496E+44  2.6166E+46
  3.3500E-02  2.9595E+46  3.5080E-68  2.2856E+44  2.9367E+46
  3.7580E-02  3.3190E+46  4.4058E-55  2.4803E+44  3.2942E+46
  4.2170E-02  3.7262E+46  1.9395E-43  2.9514E+44  3.6967E+46
  4.7320E-02  4.1792E+46  5.3041E-33  3.1055E+44  4.1482E+46
  5.3090E-02  4.3511E+46  9.9047E-24  2.9897E+44  4.3212E+46
  6.6830E-02  4.1500E+46  3.9808E-08  2.3173E+44  4.1268E+46
  7.4990E-02  4.0531E+46  1.3976E-01  2.0284E+44  4.0328E+46
  8.4140E-02  3.9609E+46  7.2138E+04  1.9912E+44  3.9410E+46
  9.4410E-02  3.8712E+46  8.5587E+09  1.9945E+44  3.8513E+46
  1.0590E-01  3.5264E+46  2.3128E+14  2.0819E+44  3.5055E+46
  1.1890E-01  2.9665E+46  1.6310E+18  1.9779E+44  2.9467E+46
  1.3340E-01  2.4985E+46  3.0978E+21  1.8979E+44  2.4795E+46
  1.4960E-01  2.1043E+46  3.3617E+24  1.6418E+44  2.0878E+46
  1.5850E-01  1.9294E+46  9.8245E+25  1.4914E+44  1.9145E+46
  1.7780E-01  1.6234E+46  5.2225E+28  1.1931E+44  1.6114E+46
  1.9950E-01  1.3635E+46  1.6616E+31  7.7145E+43  1.3558E+46
  2.2390E-01  1.1464E+46  2.1376E+33  6.0719E+43  1.1403E+46
  2.3710E-01  1.0531E+46  1.3800E+34  6.6278E+43  1.0464E+46
  2.5120E-01  9.6653E+45  7.5875E+34  6.9480E+43  9.5958E+45
  2.6610E-01  8.8694E+45  3.9488E+35  6.8205E+43  8.8012E+45
  2.8180E-01  8.1407E+45  1.9018E+36  6.4608E+43  8.0761E+45
  2.9850E-01  7.4684E+45  8.3855E+36  6.0537E+43  7.4079E+45
  3.1620E-01  6.8514E+45  3.3289E+37  5.6755E+43  6.7947E+45
  3.3500E-01  6.2838E+45  1.2083E+38  5.3028E+43  6.2308E+45
  3.5480E-01  5.7658E+45  4.0229E+38  4.9312E+43  5.7165E+45
  3.7580E-01  5.2898E+45  1.2400E+39  4.5641E+43  5.2442E+45
  3.9810E-01  4.8520E+45  3.5220E+39  4.2258E+43  4.8097E+45
  4.2170E-01  4.4506E+45  9.1906E+39  3.8990E+43  4.4116E+45
  4.4670E-01  4.0826E+45  2.2229E+40  3.6009E+43  4.0466E+45
  4.7320E-01  3.7446E+45  5.0577E+40  3.3117E+43  3.7115E+45
  5.0120E-01  3.4352E+45  1.0856E+41  3.0308E+43  3.4048E+45
  5.3090E-01  3.1510E+45  2.2096E+41  2.7560E+43  3.1232E+45
  5.6230E-01  2.8906E+45  4.2607E+41  2.5037E+43  2.8651E+45
  5.9570E-01  2.6510E+45  7.8348E+41  2.2672E+43  2.6276E+45
  6.3100E-01  2.4321E+45  1.3724E+42  2.0437E+43  2.4103E+45
  6.6830E-01  2.2320E+45  2.2938E+42  1.8319E+43  2.2114E+45
  7.0790E-01  2.0485E+45  3.6720E+42  1.6368E+43  2.0284E+45
  7.4990E-01  1.8807E+45  5.6411E+42  1.4582E+43  1.8605E+45
  7.9430E-01  1.7278E+45  8.3227E+42  1.2925E+43  1.7066E+45
  8.4140E-01  1.5886E+45  1.1841E+43  1.1388E+43  1.5653E+45
  8.9130E-01  1.4620E+45  1.6279E+43  9.9457E+42  1.4357E+45
  9.4410E-01  1.3473E+45  2.1652E+43  8.6298E+42  1.3170E+45
  1.0000E+00  1.2435E+45  2.7934E+43  7.4494E+42  1.2081E+45
  1.0590E+00  1.1500E+45  3.5005E+43  6.4041E+42  1.1086E+45
  1.1220E+00  1.0649E+45  4.2860E+43  5.4667E+42  1.0165E+45
  1.1890E+00  9.8779E+44  5.1334E+43  4.6235E+42  9.3183E+44
  1.2590E+00  9.1900E+44  5.9929E+43  3.8645E+42  8.5520E+44
  1.3340E+00  8.5594E+44  6.8633E+43  3.2038E+42  7.8411E+44
  1.4130E+00  7.9882E+44  7.6900E+43  2.6490E+42  7.1927E+44
  1.4960E+00  7.4697E+44  8.4533E+43  2.1805E+42  6.6026E+44
  1.5850E+00  6.9890E+44  9.1685E+43  1.7790E+42  6.0543E+44
  1.6790E+00  6.5452E+44  9.7777E+43  1.4360E+42  5.5530E+44
  1.7780E+00  6.1325E+44  1.0253E+44  1.1445E+42  5.0957E+44
  1.8840E+00  5.7429E+44  1.0621E+44  8.9905E+41  4.6719E+44
  1.9950E+00  5.3796E+44  1.0851E+44  6.9696E+41  4.2875E+44
  2.1130E+00  5.0351E+44  1.0965E+44  5.3332E+41  3.9333E+44
  2.2390E+00  4.7061E+44  1.0960E+44  4.0328E+41  3.6061E+44
  2.3710E+00  4.3957E+44  1.0835E+44  3.0212E+41  3.3092E+44
  2.5120E+00  4.0990E+44  1.0623E+44  2.2458E+41  3.0344E+44
  2.6610E+00  3.8172E+44  1.0323E+44  1.6595E+41  2.7832E+44
  2.8180E+00  3.5490E+44  9.9397E+43  1.2201E+41  2.5538E+44
  2.9850E+00  3.2935E+44  9.4994E+43  8.9335E+40  2.3426E+44
  3.1620E+00  3.0500E+44  9.0072E+43  6.5182E+40  2.1487E+44
  3.3500E+00  2.8218E+44  8.5096E+43  4.7476E+40  1.9704E+44
  3.5480E+00  2.6052E+44  7.9708E+43  3.4492E+40  1.8078E+44
  3.7580E+00  2.4015E+44  7.4291E+43  2.5008E+40  1.6583E+44
  3.9810E+00  2.2102E+44  6.8901E+43  1.8100E+40  1.5210E+44
  4.2170E+00  2.0310E+44  6.3582E+43  1.3080E+40  1.3951E+44
  4.4670E+00  1.8637E+44  5.8402E+43  9.4377E+39  1.2796E+44
  4.7320E+00  1.7086E+44  5.3490E+43  6.7982E+39  1.1737E+44
  5.0120E+00  1.5681E+44  4.8889E+43  4.9000E+39  1.0791E+44
  5.3090E+00  1.4062E+44  4.4591E+43  3.4491E+39  9.6024E+43
  5.6230E+00  1.2547E+44  4.0662E+43  2.4120E+39  8.4805E+43
  5.9570E+00  1.1146E+44  3.7139E+43  1.6768E+39  7.4316E+43
  6.3100E+00  9.8379E+43  3.3669E+43  1.1560E+39  6.4710E+43
  6.6830E+00  8.6874E+43  3.0859E+43  7.9452E+38  5.6014E+43
  7.0790E+00  7.6258E+43  2.8067E+43  5.3960E+38  4.8190E+43
  7.4990E+00  6.8528E+43  2.7299E+43  3.7103E+38  4.1229E+43
  7.9430E+00  7.0123E+43  3.5014E+43  2.9135E+38  3.5109E+43
  8.4140E+00  8.1488E+43  5.1735E+43  2.7699E+38  2.9752E+43
  8.9130E+00  9.1345E+43  6.6241E+43  2.7135E+38  2.5104E+43
  9.4410E+00  9.8678E+43  7.7577E+43  2.8423E+38  2.1101E+43
  1.0000E+01  8.2590E+43  6.4919E+43  2.0325E+38  1.7671E+43
  1.0590E+01  6.5545E+43  5.0787E+43  1.3363E+38  1.4758E+43
  1.1220E+01  4.9760E+43  3.7492E+43  7.8312E+37  1.2267E+43
  1.1890E+01  3.8344E+43  2.8185E+43  4.6711E+37  1.0159E+43
  1.2590E+01  2.9702E+43  2.1290E+43  2.7428E+37  8.4119E+42
  1.3340E+01  2.3369E+43  1.6437E+43  1.6118E+37  6.9319E+42
  1.4130E+01  1.9392E+43  1.3687E+43  9.8020E+36  5.7050E+42
  1.4960E+01  1.8115E+43  1.3423E+43  6.8813E+36  4.6919E+42
  1.5850E+01  1.7537E+43  1.3696E+43  5.2134E+36  3.8414E+42
  1.6790E+01  1.7144E+43  1.4003E+43  4.1444E+36  3.1409E+42
  1.7780E+01  1.6398E+43  1.3832E+43  3.3210E+36  2.5663E+42
  1.8840E+01  1.4939E+43  1.2850E+43  2.5427E+36  2.0888E+42
  1.9950E+01  1.2956E+43  1.1254E+43  1.8002E+36  1.7013E+42
  2.1130E+01  1.1142E+43  9.7592E+42  1.2240E+36  1.3827E+42
  2.2390E+01  9.6657E+42  8.5454E+42  8.3548E+35  1.1203E+42
  2.3710E+01  8.4428E+42  7.5342E+42  5.7131E+35  9.0864E+41
  2.5120E+01  7.3900E+42  6.6552E+42  3.9222E+35  7.3479E+41
  2.6610E+01  6.4604E+42  5.8666E+42  2.6834E+35  5.9383E+41
  2.8180E+01  5.6338E+42  5.1539E+42  1.8371E+35  4.7994E+41
  2.9850E+01  4.8799E+42  4.4927E+42  1.2530E+35  3.8717E+41
  3.1620E+01  4.1865E+42  3.8745E+42  8.4738E+34  3.1199E+41
  3.3500E+01  3.5509E+42  3.2999E+42  5.6770E+34  2.5106E+41
  3.5480E+01  2.9779E+42  2.7758E+42  3.7685E+34  2.0210E+41
  3.7580E+01  2.4637E+42  2.3011E+42  2.4716E+34  1.6253E+41
  3.9810E+01  2.0072E+42  1.8767E+42  1.5993E+34  1.3054E+41
  4.2170E+01  1.6140E+42  1.5092E+42  1.0219E+34  1.0479E+41
  4.4670E+01  1.2822E+42  1.1981E+42  6.4473E+33  8.4074E+40
  4.7320E+01  1.0078E+42  9.4041E+41  4.0237E+33  6.7400E+40
  5.0120E+01  7.8492E+41  7.3088E+41  2.4880E+33  5.4034E+40
  5.3090E+01  6.0602E+41  5.6274E+41  1.5253E+33  4.3282E+40
  5.6230E+01  4.6469E+41  4.3002E+41  9.2863E+32  3.4667E+40
  5.9570E+01  3.5373E+41  3.2600E+41  5.6134E+32  2.7728E+40
  6.3100E+01  2.6794E+41  2.4576E+41  3.3776E+32  2.2180E+40
  6.6830E+01  2.0209E+41  1.8434E+41  2.0245E+32  1.7744E+40
  7.0790E+01  1.5180E+41  1.3762E+41  1.2091E+32  1.4183E+40
  7.4990E+01  1.1361E+41  1.0228E+41  7.1993E+31  1.1329E+40
  7.9430E+01  8.4827E+40  7.5777E+40  4.2798E+31  9.0505E+39
  8.4140E+01  6.3181E+40  5.5956E+40  2.5393E+31  7.2256E+39
  8.9130E+01  4.6997E+40  4.1230E+40  1.5059E+31  5.7665E+39
  9.4410E+01  3.4918E+40  3.0316E+40  8.9277E+30  4.6021E+39
  1.0000E+02  2.5917E+40  2.2245E+40  5.2915E+30  3.6722E+39
  1.0590E+02  1.9244E+40  1.6312E+40  3.1406E+30  2.9317E+39
  1.1220E+02  1.4279E+40  1.1943E+40  1.8631E+30  2.3358E+39
  1.1890E+02  1.0611E+40  8.7519E+39  1.1075E+30  1.8590E+39
  1.2590E+02  7.9346E+39  6.4508E+39  6.6280E+29  1.4838E+39
  1.3340E+02  5.9465E+39  4.7654E+39  3.9809E+29  1.1811E+39
  1.4130E+02  4.4392E+39  3.4980E+39  2.3940E+29  9.4117E+38
  1.4960E+02  3.2735E+39  2.5223E+39  1.4255E+29  7.5121E+38
  1.5850E+02  2.4030E+39  1.8052E+39  8.4386E+28  5.9781E+38
  1.7780E+02  1.3113E+39  9.3189E+38  2.9938E+28  3.7942E+38
  1.9950E+02  7.2242E+38  4.8199E+38  1.0744E+28  2.4043E+38
  2.2390E+02  4.0107E+38  2.4891E+38  3.8947E+27  1.5216E+38
  2.5120E+02  2.2482E+38  1.2845E+38  1.4275E+27  9.6376E+37
  2.8180E+02  1.2719E+38  6.6151E+37  5.2846E+26  6.1043E+37
  3.1620E+02  7.2585E+37  3.3967E+37  1.9727E+26  3.8617E+37
  3.5480E+02  4.1830E+37  1.7409E+37  7.4257E+25  2.4421E+37
  3.9810E+02  2.4348E+37  8.9057E+36  2.8187E+25  1.5442E+37
  4.4670E+02  1.4308E+37  4.5474E+36  1.0775E+25  9.7603E+36
  5.0120E+02  8.4883E+36  2.3188E+36  4.1471E+24  6.1695E+36
  5.6230E+02  5.0816E+36  1.1812E+36  1.6053E+24  3.9003E+36
  6.3100E+02  3.0633E+36  6.0038E+35  6.2401E+23  2.4629E+36
  7.0790E+02  1.8619E+36  3.0511E+35  2.4384E+23  1.5568E+36
  7.9430E+02  1.1380E+36  1.5477E+35  9.5552E+22  9.8325E+35
  8.9130E+02  6.9917E+35  7.8400E+34  3.7544E+22  6.2077E+35
  1.0000E+03  4.3183E+35  3.9698E+34  1.4798E+22  3.9214E+35
