  1.0000E-03  8.8075E+44  0.0000E+00  4.1293E+42  8.7662E+44
  1.1220E-03  9.8880E+44  0.0000E+00  5.2297E+42  9.8357E+44
  1.2590E-03  1.1100E+45  0.0000E+00  6.2907E+42  1.1037E+45
  1.4130E-03  1.2459E+45  0.0000E+00  7.2449E+42  1.2387E+45
  1.5850E-03  1.3975E+45  0.0000E+00  8.1066E+42  1.3894E+45
  1.7780E-03  1.5686E+45  0.0000E+00  1.0007E+43  1.5586E+45
  1.9950E-03  1.7605E+45  0.0000E+00  1.1684E+43  1.7488E+45
  2.2390E-03  1.9750E+45  0.0000E+00  1.2259E+43  1.9627E+45
  2.5120E-03  2.2178E+45  0.0000E+00  1.5792E+43  2.2020E+45
  2.8180E-03  2.4881E+45  0.0000E+00  1.7830E+43  2.4702E+45
  3.1620E-03  2.7910E+45  0.0000E+00  1.9147E+43  2.7718E+45
  3.5480E-03  3.1303E+45  0.0000E+00  2.0052E+43  3.1103E+45
  3.9810E-03  3.5105E+45  0.0000E+00  2.0631E+43  3.4898E+45
  4.4670E-03  3.9566E+45  0.0000E+00  4.0778E+43  3.9158E+45
  5.0120E-03  4.4407E+45  0.0000E+00  4.7115E+43  4.3936E+45
  5.6230E-03  4.9814E+45  0.0000E+00  5.2180E+43  4.9292E+45
  5.9570E-03  5.2763E+45  0.0000E+00  5.4304E+43  5.2220E+45
  6.6830E-03  5.9166E+45  0.0000E+00  5.8061E+43  5.8585E+45
  7.4990E-03  6.6357E+45  0.0000E+00  6.1883E+43  6.5738E+45
  8.4140E-03  7.4414E+45  0.0000E+00  6.5518E+43  7.3758E+45
  9.4410E-03  8.3447E+45  0.0000E+00  6.8592E+43  8.2761E+45
  1.0590E-02  9.3533E+45  0.0000E+00  6.9967E+43  9.2833E+45
  1.1890E-02  1.0499E+46  0.0000E+00  7.6469E+43  1.0423E+46
  1.3340E-02  1.1774E+46  0.0000E+00  7.9838E+43  1.1694E+46
  1.4960E-02  1.3198E+46  0.0000E+00  8.4189E+43  1.3114E+46
  1.6790E-02  1.4806E+46  0.0000E+00  8.8019E+43  1.4718E+46
  1.8840E-02  1.6607E+46  0.0000E+00  9.1483E+43  1.6515E+46
  2.1130E-02  1.8620E+46  0.0000E+00  9.6577E+43  1.8524E+46
  2.3710E-02  2.0886E+46  0.0000E+00  1.0136E+44  2.0785E+46
  2.6610E-02  2.3432E+46  0.0000E+00  1.0600E+44  2.3326E+46
  2.9850E-02  2.6277E+46  1.1699E-82  1.1044E+44  2.6166E+46
  3.3500E-02  2.9481E+46  7.4132E-68  1.1464E+44  2.9367E+46
  3.7580E-02  3.3066E+46  9.3020E-55  1.2385E+44  3.2942E+46
  4.2170E-02  3.7112E+46  4.0099E-43  1.4475E+44  3.6967E+46
  4.7320E-02  4.1628E+46  1.0392E-32  1.4613E+44  4.1482E+46
  5.3090E-02  4.3349E+46  1.8359E-23  1.3624E+44  4.3212E+46
  6.6830E-02  4.1374E+46  6.3360E-08  1.0547E+44  4.1268E+46
  7.4990E-02  4.0427E+46  2.0251E-01  9.8145E+43  4.0328E+46
  8.4140E-02  3.9505E+46  1.0570E+05  9.4468E+43  3.9410E+46
  9.4410E-02  3.8606E+46  1.2607E+10  9.3201E+43  3.8513E+46
  1.0590E-01  3.5149E+46  3.5964E+14  9.3815E+43  3.5055E+46
  1.1890E-01  2.9557E+46  2.9005E+18  8.9112E+43  2.9467E+46
  1.3340E-01  2.4885E+46  6.3955E+21  8.9918E+43  2.4795E+46
  1.4960E-01  2.0961E+46  7.6767E+24  8.2768E+43  2.0878E+46
  1.5850E-01  1.9221E+46  2.2767E+26  7.5860E+43  1.9145E+46
  1.7780E-01  1.6172E+46  1.1340E+29  5.7401E+43  1.6114E+46
  1.9950E-01  1.3591E+46  3.0227E+31  3.3082E+43  1.3558E+46
  2.2390E-01  1.1429E+46  3.4663E+33  2.5960E+43  1.1403E+46
  2.3710E-01  1.0493E+46  2.3883E+34  2.8764E+43  1.0464E+46
  2.5120E-01  9.6270E+45  1.4242E+35  3.1146E+43  9.5958E+45
  2.6610E-01  8.8329E+45  7.8553E+35  3.1652E+43  8.8012E+45
  2.8180E-01  8.1070E+45  3.9415E+36  3.0922E+43  8.0761E+45
  2.9850E-01  7.4377E+45  1.7947E+37  2.9801E+43  7.4079E+45
  3.1620E-01  6.8234E+45  7.3296E+37  2.8742E+43  6.7947E+45
  3.3500E-01  6.2584E+45  2.7280E+38  2.7624E+43  6.2308E+45
  3.5480E-01  5.7429E+45  9.2781E+38  2.6394E+43  5.7165E+45
  3.7580E-01  5.2693E+45  2.9141E+39  2.5106E+43  5.2442E+45
  3.9810E-01  4.8336E+45  8.4230E+39  2.3886E+43  4.8097E+45
  4.2170E-01  4.4344E+45  2.2357E+40  2.2709E+43  4.4116E+45
  4.4670E-01  4.0683E+45  5.4965E+40  2.1636E+43  4.0466E+45
  4.7320E-01  3.7322E+45  1.2693E+41  2.0546E+43  3.7115E+45
  5.0120E-01  3.4245E+45  2.7608E+41  1.9424E+43  3.4048E+45
  5.3090E-01  3.1420E+45  5.6847E+41  1.8269E+43  3.1232E+45
  5.6230E-01  2.8834E+45  1.1068E+42  1.7157E+43  2.8651E+45
  5.9570E-01  2.6457E+45  2.0509E+42  1.6063E+43  2.6276E+45
  6.3100E-01  2.4289E+45  3.6142E+42  1.4986E+43  2.4103E+45
  6.6830E-01  2.2314E+45  6.0655E+42  1.3914E+43  2.2114E+45
  7.0790E-01  2.0511E+45  9.7354E+42  1.2895E+43  2.0284E+45
  7.4990E-01  1.8874E+45  1.4967E+43  1.1924E+43  1.8605E+45
  7.9430E-01  1.7397E+45  2.2071E+43  1.0991E+43  1.7066E+45
  8.4140E-01  1.6067E+45  3.1332E+43  1.0090E+43  1.5653E+45
  8.9130E-01  1.4879E+45  4.2943E+43  9.2128E+42  1.4357E+45
  9.4410E-01  1.3822E+45  5.6841E+43  8.3699E+42  1.3170E+45
  1.0000E+00  1.2885E+45  7.2811E+43  7.5665E+42  1.2081E+45
  1.0590E+00  1.2059E+45  9.0457E+43  6.8162E+42  1.1086E+45
  1.1220E+00  1.1323E+45  1.0966E+44  6.1045E+42  1.0165E+45
  1.1890E+00  1.0672E+45  1.2992E+44  5.4224E+42  9.3183E+44
  1.2590E+00  1.0100E+45  1.5001E+44  4.7626E+42  8.5520E+44
  1.3340E+00  9.5791E+44  1.6966E+44  4.1449E+42  7.8411E+44
  1.4130E+00  9.1030E+44  1.8744E+44  3.5869E+42  7.1927E+44
  1.4960E+00  8.6631E+44  2.0297E+44  3.0811E+42  6.6026E+44
  1.5850E+00  8.2462E+44  2.1657E+44  2.6177E+42  6.0543E+44
  1.6790E+00  7.8455E+44  2.2706E+44  2.1943E+42  5.5530E+44
  1.7780E+00  7.4531E+44  2.3393E+44  1.8100E+42  5.0957E+44
  1.8840E+00  7.0641E+44  2.3776E+44  1.4670E+42  4.6719E+44
  1.9950E+00  6.6809E+44  2.3818E+44  1.1688E+42  4.2875E+44
  2.1130E+00  6.2991E+44  2.3566E+44  9.1564E+41  3.9333E+44
  2.2390E+00  5.9161E+44  2.3029E+44  7.0605E+41  3.6061E+44
  2.3710E+00  5.5382E+44  2.2237E+44  5.3715E+41  3.3092E+44
  2.5120E+00  5.1647E+44  2.1262E+44  4.0401E+41  3.0344E+44
  2.6610E+00  4.7989E+44  2.0127E+44  3.0097E+41  2.7832E+44
  2.8180E+00  4.4419E+44  1.8858E+44  2.2231E+41  2.5538E+44
  2.9850E+00  4.0962E+44  1.7519E+44  1.6305E+41  2.3426E+44
  3.1620E+00  3.7629E+44  1.6131E+44  1.1884E+41  2.1487E+44
  3.3500E+00  3.4495E+44  1.4782E+44  8.6287E+40  1.9704E+44
  3.5480E+00  3.1510E+44  1.3426E+44  6.2355E+40  1.8078E+44
  3.7580E+00  2.8713E+44  1.2125E+44  4.4893E+40  1.6583E+44
  3.9810E+00  2.6102E+44  1.0889E+44  3.2216E+40  1.5210E+44
  4.2170E+00  2.3680E+44  9.7263E+43  2.3058E+40  1.3951E+44
  4.4670E+00  2.1443E+44  8.6451E+43  1.6461E+40  1.2796E+44
  4.7320E+00  1.9396E+44  7.6584E+43  1.1724E+40  1.1737E+44
  5.0120E+00  1.7560E+44  6.7680E+43  8.3500E+39  1.0791E+44
  5.3090E+00  1.5570E+44  5.9669E+43  5.8202E+39  9.6024E+43
  5.6230E+00  1.3739E+44  5.2578E+43  4.0302E+39  8.4805E+43
  5.9570E+00  1.2069E+44  4.6376E+43  2.7735E+39  7.4316E+43
  6.3100E+00  1.0536E+44  4.0652E+43  1.8924E+39  6.4710E+43
  6.6830E+00  9.2014E+43  3.5999E+43  1.2870E+39  5.6014E+43
  7.0790E+00  7.9878E+43  3.1687E+43  8.6453E+38  4.8190E+43
  7.4990E+00  7.0645E+43  2.9416E+43  5.8531E+38  4.1229E+43
  7.9430E+00  6.9382E+43  3.4272E+43  4.4265E+38  3.5109E+43
  8.4140E+00  7.5562E+43  4.5809E+43  3.9518E+38  2.9752E+43
  8.9130E+00  7.9860E+43  5.4756E+43  3.6363E+38  2.5104E+43
  9.4410E+00  8.1826E+43  6.0725E+43  3.5863E+38  2.1101E+43
  1.0000E+01  6.7502E+43  4.9831E+43  2.5414E+38  1.7671E+43
  1.0590E+01  5.3309E+43  3.8551E+43  1.6734E+38  1.4758E+43
  1.1220E+01  4.0688E+43  2.8421E+43  9.9089E+37  1.2267E+43
  1.1890E+01  3.1517E+43  2.1358E+43  5.9512E+37  1.0159E+43
  1.2590E+01  2.4660E+43  1.6248E+43  3.5252E+37  8.4119E+42
  1.3340E+01  1.9609E+43  1.2677E+43  2.0859E+37  6.9319E+42
  1.4130E+01  1.6297E+43  1.0592E+43  1.2645E+37  5.7050E+42
  1.4960E+01  1.4816E+43  1.0125E+43  8.6143E+36  4.6919E+42
  1.5850E+01  1.3860E+43  1.0018E+43  6.2852E+36  3.8414E+42
  1.6790E+01  1.3106E+43  9.9654E+42  4.8106E+36  3.1409E+42
  1.7780E+01  1.2244E+43  9.6776E+42  3.7396E+36  2.5663E+42
  1.8840E+01  1.1068E+43  8.9792E+42  2.8146E+36  2.0888E+42
  1.9950E+01  9.6892E+42  7.9879E+42  1.9880E+36  1.7013E+42
  2.1130E+01  8.4720E+42  7.0893E+42  1.3554E+36  1.3827E+42
  2.2390E+01  7.4871E+42  6.3668E+42  9.2829E+35  1.1203E+42
  2.3710E+01  6.6753E+42  5.7666E+42  6.3769E+35  9.0864E+41
  2.5120E+01  5.9697E+42  5.2350E+42  4.4011E+35  7.3479E+41
  2.6610E+01  5.3379E+42  4.7441E+42  3.0306E+35  5.9383E+41
  2.8180E+01  4.7602E+42  4.2802E+42  2.0894E+35  4.7994E+41
  2.9850E+01  4.2137E+42  3.8266E+42  1.4354E+35  3.8717E+41
  3.1620E+01  3.6916E+42  3.3796E+42  9.7803E+34  3.1199E+41
  3.3500E+01  3.1935E+42  2.9424E+42  6.6010E+34  2.5106E+41
  3.5480E+01  2.7268E+42  2.5247E+42  4.4126E+34  2.0210E+41
  3.7580E+01  2.2942E+42  2.1316E+42  2.9140E+34  1.6253E+41
  3.9810E+01  1.8995E+42  1.7690E+42  1.8992E+34  1.3054E+41
  4.2170E+01  1.5509E+42  1.4461E+42  1.2225E+34  1.0479E+41
  4.4670E+01  1.2499E+42  1.1659E+42  7.7705E+33  8.4074E+40
  4.7320E+01  9.9591E+41  9.2851E+41  4.8859E+33  6.7400E+40
  5.0120E+01  7.8561E+41  7.3158E+41  3.0436E+33  5.4034E+40
  5.3090E+01  6.1379E+41  5.7051E+41  1.8795E+33  4.3282E+40
  5.6230E+01  4.7586E+41  4.4120E+41  1.1525E+33  3.4667E+40
  5.9570E+01  3.6599E+41  3.3827E+41  7.0164E+32  2.7728E+40
  6.3100E+01  2.7989E+41  2.5771E+41  4.2514E+32  2.2180E+40
  6.6830E+01  2.1298E+41  1.9524E+41  2.5660E+32  1.7744E+40
  7.0790E+01  1.6131E+41  1.4713E+41  1.5430E+32  1.4183E+40
  7.4990E+01  1.2165E+41  1.1032E+41  9.2503E+31  1.1329E+40
  7.9430E+01  9.1468E+40  8.2418E+40  5.5363E+31  9.0505E+39
  8.4140E+01  6.8569E+40  6.1343E+40  3.3069E+31  7.2256E+39
  8.9130E+01  5.1307E+40  4.5540E+40  1.9742E+31  5.7665E+39
  9.4410E+01  3.8329E+40  3.3727E+40  1.1782E+31  4.6021E+39
  1.0000E+02  2.8590E+40  2.4917E+40  7.0295E+30  3.6722E+39
  1.0590E+02  2.1323E+40  1.8392E+40  4.1997E+30  2.9317E+39
  1.1220E+02  1.5889E+40  1.3554E+40  2.5080E+30  2.3358E+39
  1.1890E+02  1.1857E+40  9.9983E+39  1.5009E+30  1.8590E+39
  1.2590E+02  8.9065E+39  7.4226E+39  9.0452E+29  1.4838E+39
  1.3340E+02  6.7091E+39  5.5280E+39  5.4725E+29  1.1811E+39
  1.4130E+02  5.0244E+39  4.0832E+39  3.3123E+29  9.4117E+38
  1.4960E+02  3.7016E+39  2.9504E+39  1.9817E+29  7.5121E+38
  1.5850E+02  2.7131E+39  2.1153E+39  1.1789E+29  5.9781E+38
  1.7780E+02  1.4775E+39  1.0980E+39  4.2283E+28  3.7942E+38
  1.9950E+02  8.1194E+38  5.7151E+38  1.5342E+28  2.4043E+38
  2.2390E+02  4.4907E+38  2.9691E+38  5.6197E+27  1.5216E+38
  2.5120E+02  2.5042E+38  1.5405E+38  2.0799E+27  9.6376E+37
  2.8180E+02  1.4077E+38  7.9724E+37  7.7687E+26  6.1043E+37
  3.1620E+02  7.9734E+37  4.1117E+37  2.9233E+26  3.8617E+37
  3.5480E+02  4.5577E+37  2.1156E+37  1.1083E+26  2.4421E+37
  3.9810E+02  2.6303E+37  1.0861E+37  4.2330E+25  1.5442E+37
  4.4670E+02  1.5324E+37  5.5633E+36  1.6269E+25  9.7603E+36
  5.0120E+02  9.0145E+36  2.8451E+36  6.2903E+24  6.1695E+36
  5.6230E+02  5.3534E+36  1.4531E+36  2.4444E+24  3.9003E+36
  6.3100E+02  3.2032E+36  7.4029E+35  9.5323E+23  2.4629E+36
  7.0790E+02  1.9338E+36  3.7702E+35  3.7349E+23  1.5568E+36
  7.9430E+02  1.1749E+36  1.9161E+35  1.4668E+23  9.8325E+35
  8.9130E+02  7.1801E+35  9.7238E+34  5.7736E+22  6.2077E+35
  1.0000E+03  4.4145E+35  4.9315E+34  2.2791E+22  3.9214E+35
