  1.0000E-03  1.4943E+42  0.0000E+00  1.4943E+42  1.2824E+32
  1.1220E-03  1.1001E+42  0.0000E+00  1.1001E+42  8.1746E+28
  1.2590E-03  7.6114E+41  0.0000E+00  7.6114E+41  3.2585E+25
  1.4130E-03  5.0127E+41  0.0000E+00  5.0127E+41  9.1986E+21
  1.5850E-03  3.5307E+41  0.0000E+00  3.5307E+41  9.0919E+18
  1.7780E-03  3.8074E+41  0.0000E+00  3.8074E+41  9.2887E+17
  1.9950E-03  1.9266E+41  0.0000E+00  1.9266E+41  1.0496E+12
  2.2390E-03  1.0802E+41  0.0000E+00  1.0802E+41  3.0786E+07
  2.5120E-03  1.1632E+41  0.0000E+00  1.1632E+41  3.4051E+05
  2.8180E-03  5.1148E+40  0.0000E+00  5.1148E+40  1.0874E-03
  3.1620E-03  2.6345E+40  0.0000E+00  2.6345E+40  2.6232E-11
  3.5480E-03  1.4965E+40  0.0000E+00  1.4965E+40  1.7747E-18
  3.9810E-03  9.2227E+39  0.0000E+00  9.2227E+39  5.5361E-25
  4.4670E-03  2.0507E+41  0.0000E+00  2.0507E+41  5.2405E+01
  5.0120E-03  9.8040E+40  0.0000E+00  9.8040E+40  3.7075E-08
  5.6230E-03  5.3411E+40  0.0000E+00  5.3411E+40  3.1581E-17
  5.9570E-03  4.1177E+40  0.0000E+00  4.1177E+40  1.4593E-21
  6.6830E-03  2.6680E+40  0.0000E+00  2.6680E+40  2.6276E-29
  7.4990E-03  1.9625E+40  0.0000E+00  1.9625E+40  1.9512E-35
  8.4140E-03  1.3526E+40  0.0000E+00  1.3526E+40  1.0141E-42
  9.4410E-03  9.9174E+39  0.0000E+00  9.9174E+39  1.4230E-48
  1.0590E-02  8.0716E+39  0.0000E+00  8.0716E+39  2.8418E-51
  1.1890E-02  6.4122E+39  0.0000E+00  6.4122E+39  6.9506E-58
  1.3340E-02  4.9427E+39  0.0000E+00  4.9427E+39  7.5824E-63
  1.4960E-02  3.6744E+39  0.0000E+00  3.6744E+39  3.9314E-69
  1.6790E-02  2.7456E+39  0.0000E+00  2.7456E+39  7.5236E-75
  1.8840E-02  2.0908E+39  0.0000E+00  2.0908E+39  7.7653E-80
  2.1130E-02  1.6173E+39  0.0000E+00  1.6173E+39  1.8440E-85
  2.3710E-02  1.2142E+39  0.0000E+00  1.2142E+39  2.5839E-91
  2.6610E-02  8.7954E+38  0.0000E+00  8.7954E+38  1.0573E-97
  2.9850E-02  6.3390E+38  0.0000E+00  6.3390E+38  0.0000E+00
  3.3500E-02  4.5040E+38  0.0000E+00  4.5040E+38  0.0000E+00
  3.7580E-02  4.3352E+38  0.0000E+00  4.3352E+38  0.0000E+00
  4.2170E-02  3.8438E+38  0.0000E+00  3.8438E+38  0.0000E+00
  4.7320E-02  1.6796E+38  0.0000E+00  1.6796E+38  0.0000E+00
  5.3090E-02  5.8054E+37  0.0000E+00  5.8054E+37  0.0000E+00
  6.6830E-02  1.1184E+36  0.0000E+00  1.1184E+36  0.0000E+00
  7.4990E-02  9.1363E+34  0.0000E+00  9.1363E+34  0.0000E+00
  8.4140E-02  1.5328E+35  0.0000E+00  1.5328E+35  0.0000E+00
  9.4410E-02  2.3935E+35  0.0000E+00  2.3935E+35  0.0000E+00
  1.0590E-01  1.4599E+36  0.0000E+00  1.4599E+36  0.0000E+00
  1.1890E-01  9.8423E+36  0.0000E+00  9.8423E+36  0.0000E+00
  1.3340E-01  4.1547E+37  0.0000E+00  4.1547E+37  0.0000E+00
  1.4960E-01  9.2893E+37  0.0000E+00  9.2893E+37  0.0000E+00
  1.5850E-01  1.0365E+38  3.5348E-88  1.0365E+38  0.0000E+00
  1.7780E-01  6.7989E+37  1.5084E-88  6.7989E+37  0.0000E+00
  1.9950E-01  7.8912E+36  0.0000E+00  7.8912E+36  0.0000E+00
  2.2390E-01  2.0720E+36  0.0000E+00  2.0720E+36  0.0000E+00
  2.3710E-01  7.9596E+36  3.0410E-84  7.9596E+36  0.0000E+00
  2.5120E-01  3.0613E+37  3.6781E-74  3.0613E+37  0.0000E+00
  2.6610E-01  7.2266E+37  6.0388E-66  7.2266E+37  0.0000E+00
  2.8180E-01  1.2776E+38  5.0927E-59  1.2776E+38  0.0000E+00
  2.9850E-01  1.9647E+38  6.7129E-53  1.9647E+38  0.0000E+00
  3.1620E-01  2.8941E+38  3.1295E-47  2.8941E+38  9.9578E-99
  3.3500E-01  4.1090E+38  6.2922E-42  4.1090E+38  3.6227E-91
  3.5480E-01  5.5614E+38  4.9480E-37  5.5614E+38  2.1482E-84
  3.7580E-01  7.4426E+38  2.4218E-32  7.4426E+38  1.0003E-77
  3.9810E-01  9.7080E+38  5.7970E-28  9.7080E+38  1.1946E-71
  4.2170E-01  1.2942E+39  1.2075E-23  1.2942E+39  4.0992E-65
  4.4670E-01  1.7184E+39  1.5259E-19  1.7184E+39  7.9689E-59
  4.7320E-01  2.2594E+39  1.2569E-15  2.2594E+39  1.0801E-52
  5.0120E-01  2.9292E+39  6.5188E-12  2.9292E+39  8.7506E-47
  5.3090E-01  3.7985E+39  2.5581E-08  3.7985E+39  7.6124E-41
  5.6230E-01  4.8401E+39  5.6698E-05  4.8401E+39  2.1350E-35
  5.9570E-01  6.1166E+39  8.2419E-02  6.1166E+39  3.0117E-30
  6.3100E-01  7.7609E+39  8.6433E+01  7.7609E+39  3.1993E-25
  6.6830E-01  9.9167E+39  6.6688E+04  9.9167E+39  2.5068E-20
  7.0790E-01  1.2854E+40  3.8110E+07  1.2854E+40  1.2616E-15
  7.4990E-01  1.6760E+40  1.4880E+10  1.6760E+40  2.9692E-11
  7.9430E-01  2.2209E+40  4.4044E+12  2.2209E+40  4.6095E-07
  8.4140E-01  2.9961E+40  1.0357E+15  2.9961E+40  5.0833E-03
  8.9130E-01  4.1639E+40  2.2000E+17  4.1639E+40  5.4818E+01
  9.4410E-01  5.8266E+40  3.7073E+19  5.8266E+40  3.7202E+05
  1.0000E+00  8.0286E+40  4.4732E+21  8.0286E+40  1.2080E+09
  1.0590E+00  1.0874E+41  3.9306E+23  1.0874E+41  2.0601E+12
  1.1220E+00  1.4465E+41  2.6915E+25  1.4465E+41  2.1314E+15
  1.1890E+00  1.8855E+41  1.4715E+27  1.8855E+41  1.4466E+18
  1.2590E+00  2.4140E+41  6.6822E+28  2.4140E+41  7.2393E+20
  1.3340E+00  2.9940E+41  2.3205E+30  2.9940E+41  2.1544E+23
  1.4130E+00  3.5783E+41  5.6761E+31  3.5783E+41  3.4092E+25
  1.4960E+00  4.1402E+41  1.0308E+33  4.1402E+41  3.2297E+27
  1.5850E+00  4.6500E+41  1.4851E+34  4.6500E+41  2.0469E+29
  1.6790E+00  5.0872E+41  1.7455E+35  5.0872E+41  9.3295E+30
  1.7780E+00  5.4157E+41  1.6873E+36  5.4157E+41  3.1094E+32
  1.8840E+00  5.5953E+41  1.3446E+37  5.5952E+41  7.5137E+33
  1.9950E+00  5.6142E+41  8.7569E+37  5.6133E+41  1.3151E+35
  2.1130E+00  5.4708E+41  4.6841E+38  5.4661E+41  1.6692E+36
  2.2390E+00  5.1947E+41  2.0727E+39  5.1738E+41  1.5587E+37
  2.3710E+00  4.8504E+41  7.6279E+39  4.7730E+41  1.0902E+38
  2.5120E+00  4.5445E+41  2.3755E+40  4.3011E+41  5.8436E+38
  2.6610E+00  4.4596E+41  6.3596E+40  3.7988E+41  2.4809E+39
  2.8180E+00  4.8746E+41  1.4911E+41  3.2973E+41  8.6267E+39
  2.9850E+00  6.1796E+41  3.1107E+41  2.8173E+41  2.5157E+40
  3.1620E+00  8.8800E+41  5.8708E+41  2.3752E+41  6.3408E+40
  3.3500E+00  1.3425E+42  1.0065E+42  1.9751E+41  1.3846E+41
  3.5480E+00  2.0414E+42  1.6047E+42  1.6259E+41  2.7413E+41
  3.7580E+00  3.0135E+42  2.3884E+42  1.3233E+41  4.9280E+41
  3.9810E+00  4.2691E+42  3.3469E+42  1.0654E+41  8.1561E+41
  4.2170E+00  5.7929E+42  4.4495E+42  8.4918E+40  1.2584E+42
  4.4670E+00  7.5450E+42  5.6496E+42  6.7013E+40  1.8284E+42
  4.7320E+00  9.4285E+42  6.8683E+42  5.2304E+40  2.5079E+42
  5.0120E+00  1.1346E+43  8.0303E+42  4.0458E+40  3.2757E+42
  5.3090E+00  1.3043E+43  9.0595E+42  3.0413E+40  3.9532E+42
  5.6230E+00  1.4444E+43  9.8893E+42  2.2526E+40  4.5325E+42
  5.9570E+00  1.5436E+43  1.0473E+43  1.6442E+40  4.9459E+42
  6.3100E+00  1.6106E+43  1.0844E+43  1.1849E+40  5.2497E+42
  6.6830E+00  1.6422E+43  1.1052E+43  8.4531E+39  5.3611E+42
  7.0790E+00  1.6454E+43  1.1079E+43  5.9394E+39  5.3685E+42
  7.4990E+00  1.4297E+43  9.9813E+42  3.9814E+39  4.3118E+42
  7.9430E+00  6.9229E+42  5.6661E+42  2.3310E+39  1.2545E+42
  8.4140E+00  2.0565E+42  1.9561E+42  1.2633E+39  9.9119E+40
  8.9130E+00  8.1321E+41  8.0514E+41  7.6095E+38  7.3097E+39
  9.4410E+00  4.2437E+41  4.2326E+41  5.3314E+38  5.7770E+38
  1.0000E+01  5.8425E+41  5.8234E+41  4.5465E+38  1.4520E+39
  1.0590E+01  9.2335E+41  9.1700E+41  3.9564E+38  5.9482E+39
  1.1220E+01  1.5908E+42  1.5616E+42  3.2899E+38  2.8869E+40
  1.1890E+01  2.3916E+42  2.3048E+42  2.6072E+38  8.6592E+40
  1.2590E+01  3.3823E+42  3.1770E+42  1.9790E+38  2.0511E+41
  1.3340E+01  4.3261E+42  3.9583E+42  1.4282E+38  3.6760E+41
  1.4130E+01  4.7822E+42  4.3301E+42  9.7373E+37  4.5198E+41
  1.4960E+01  4.2651E+42  3.9617E+42  6.5333E+37  3.0326E+41
  1.5850E+01  3.6962E+42  3.5269E+42  4.5534E+37  1.6928E+41
  1.6790E+01  3.2886E+42  3.1988E+42  3.3286E+37  8.9750E+40
  1.7780E+01  3.1357E+42  3.0813E+42  2.5622E+37  5.4433E+40
  1.8840E+01  3.2487E+42  3.2040E+42  2.0355E+37  4.4635E+40
  1.9950E+01  3.5611E+42  3.5111E+42  1.6065E+37  4.9945E+40
  2.1130E+01  3.8895E+42  3.8317E+42  1.2293E+37  5.7731E+40
  2.2390E+01  4.1563E+42  4.0940E+42  9.3171E+36  6.2316E+40
  2.3710E+01  4.3610E+42  4.2965E+42  7.0019E+36  6.4446E+40
  2.5120E+01  4.4896E+42  4.4256E+42  5.2353E+36  6.4023E+40
  2.6610E+01  4.5423E+42  4.4801E+42  3.8760E+36  6.2192E+40
  2.8180E+01  4.5113E+42  4.4522E+42  2.8513E+36  5.9100E+40
  2.9850E+01  4.3949E+42  4.3397E+42  2.0776E+36  5.5197E+40
  3.1620E+01  4.1991E+42  4.1480E+42  1.4945E+36  5.1072E+40
  3.3500E+01  3.9315E+42  3.8847E+42  1.0604E+36  4.6824E+40
  3.5480E+01  3.6086E+42  3.5660E+42  7.4224E+35  4.2627E+40
  3.7580E+01  3.2484E+42  3.2097E+42  5.1176E+35  3.8654E+40
  3.9810E+01  2.8674E+42  2.8324E+42  3.4744E+35  3.5061E+40
  4.2170E+01  2.4858E+42  2.4541E+42  2.3232E+35  3.1691E+40
  4.4670E+01  2.1185E+42  2.0900E+42  1.5295E+35  2.8495E+40
  4.7320E+01  1.7774E+42  1.7520E+42  9.9313E+34  2.5435E+40
  5.0120E+01  1.4702E+42  1.4476E+42  6.3690E+34  2.2542E+40
  5.3090E+01  1.1996E+42  1.1797E+42  4.0365E+34  1.9811E+40
  5.6230E+01  9.6732E+41  9.5005E+41  2.5325E+34  1.7269E+40
  5.9570E+01  7.7097E+41  7.5605E+41  1.5728E+34  1.4920E+40
  6.3100E+01  6.0871E+41  5.9591E+41  9.6929E+33  1.2793E+40
  6.6830E+01  4.7655E+41  4.6565E+41  5.9332E+33  1.0892E+40
  7.0790E+01  3.7014E+41  3.6094E+41  3.6086E+33  9.2021E+39
  7.4990E+01  2.8541E+41  2.7768E+41  2.1823E+33  7.7229E+39
  7.9430E+01  2.1878E+41  2.1233E+41  1.3141E+33  6.4460E+39
  8.4140E+01  1.6676E+41  1.6141E+41  7.8785E+32  5.3498E+39
  8.9130E+01  1.2657E+41  1.2215E+41  4.7101E+32  4.4178E+39
  9.4410E+01  9.5680E+40  9.2047E+40  2.8086E+32  3.6338E+39
  1.0000E+02  7.2062E+40  6.9084E+40  1.6706E+32  2.9780E+39
  1.0590E+02  5.4154E+40  5.1720E+40  9.9304E+31  2.4340E+39
  1.1220E+02  4.0587E+40  3.8608E+40  5.8905E+31  1.9795E+39
  1.1890E+02  3.0411E+40  2.8807E+40  3.4970E+31  1.6037E+39
  1.2590E+02  2.2898E+40  2.1598E+40  2.0886E+31  1.2998E+39
  1.3340E+02  1.7273E+40  1.6225E+40  1.2522E+31  1.0481E+39
  1.4130E+02  1.2929E+40  1.2084E+40  7.4870E+30  8.4554E+38
  1.4960E+02  9.4919E+39  8.8085E+39  4.3975E+30  6.8338E+38
  1.5850E+02  6.9190E+39  6.3690E+39  2.5618E+30  5.5000E+38
  1.7780E+02  3.7095E+39  3.3541E+39  8.7865E+29  3.5545E+38
  1.9950E+02  1.9948E+39  1.7664E+39  3.0370E+29  2.2838E+38
  2.2390E+02  1.0728E+39  9.2673E+38  1.0557E+29  1.4609E+38
  2.5120E+02  5.7811E+38  4.8480E+38  3.6968E+28  9.3317E+37
  2.8180E+02  3.1215E+38  2.5264E+38  1.3040E+28  5.9501E+37
  3.1620E+02  1.6891E+38  1.3107E+38  4.6325E+27  3.7840E+37
  3.5480E+02  9.1815E+37  6.7785E+37  1.6597E+27  2.4030E+37
  3.9810E+02  5.0195E+37  3.4950E+37  6.0035E+26  1.5245E+37
  4.4670E+02  2.7631E+37  1.7970E+37  2.1922E+26  9.6611E+36
  5.0120E+02  1.5339E+37  9.2190E+36  8.0848E+25  6.1195E+36
  5.6230E+02  8.5966E+36  4.7215E+36  3.0102E+25  3.8752E+36
  6.3100E+02  4.8615E+36  2.4112E+36  1.1300E+25  2.4503E+36
  7.0790E+02  2.7809E+36  1.2305E+36  4.2822E+24  1.5504E+36
  7.9430E+02  1.6066E+36  6.2651E+35  1.6339E+24  9.8004E+35
  8.9130E+02  9.3759E+35  3.1843E+35  6.2746E+23  6.1916E+35
  1.0000E+03  5.5304E+35  1.6171E+35  2.4257E+23  3.9132E+35
