  1.0000E-03  8.7962E+44  0.0000E+00  2.9982E+42  8.7662E+44
  1.1220E-03  9.8748E+44  0.0000E+00  3.9101E+42  9.8357E+44
  1.2590E-03  1.1086E+45  0.0000E+00  4.8682E+42  1.1037E+45
  1.4130E-03  1.2445E+45  0.0000E+00  5.8320E+42  1.2387E+45
  1.5850E-03  1.3962E+45  0.0000E+00  6.8013E+42  1.3894E+45
  1.7780E-03  1.5672E+45  0.0000E+00  8.5822E+42  1.5586E+45
  1.9950E-03  1.7593E+45  0.0000E+00  1.0510E+43  1.7488E+45
  2.2390E-03  1.9744E+45  0.0000E+00  1.1647E+43  1.9627E+45
  2.5120E-03  2.2172E+45  0.0000E+00  1.5160E+43  2.2020E+45
  2.8180E-03  2.4882E+45  0.0000E+00  1.7929E+43  2.4702E+45
  3.1620E-03  2.7919E+45  0.0000E+00  2.0071E+43  2.7718E+45
  3.5480E-03  3.1321E+45  0.0000E+00  2.1761E+43  3.1103E+45
  3.9810E-03  3.5128E+45  0.0000E+00  2.2961E+43  3.4898E+45
  4.4670E-03  3.9493E+45  0.0000E+00  3.3451E+43  3.9158E+45
  5.0120E-03  4.4370E+45  0.0000E+00  4.3369E+43  4.3936E+45
  5.6230E-03  4.9824E+45  0.0000E+00  5.3196E+43  4.9292E+45
  5.9570E-03  5.2800E+45  0.0000E+00  5.7962E+43  5.2220E+45
  6.6830E-03  5.9256E+45  0.0000E+00  6.7038E+43  5.8585E+45
  7.4990E-03  6.6501E+45  0.0000E+00  7.6271E+43  6.5738E+45
  8.4140E-03  7.4616E+45  0.0000E+00  8.5725E+43  7.3758E+45
  9.4410E-03  8.3707E+45  0.0000E+00  9.4620E+43  8.2761E+45
  1.0590E-02  9.3849E+45  0.0000E+00  1.0158E+44  9.2833E+45
  1.1890E-02  1.0538E+46  0.0000E+00  1.1485E+44  1.0423E+46
  1.3340E-02  1.1819E+46  0.0000E+00  1.2504E+44  1.1694E+46
  1.4960E-02  1.3251E+46  0.0000E+00  1.3702E+44  1.3114E+46
  1.6790E-02  1.4867E+46  0.0000E+00  1.4894E+44  1.4718E+46
  1.8840E-02  1.6676E+46  0.0000E+00  1.6098E+44  1.6515E+46
  2.1130E-02  1.8699E+46  0.0000E+00  1.7569E+44  1.8524E+46
  2.3710E-02  2.0975E+46  0.0000E+00  1.9091E+44  2.0785E+46
  2.6610E-02  2.3533E+46  0.0000E+00  2.0696E+44  2.3326E+46
  2.9850E-02  2.6390E+46  9.7460E-83  2.2358E+44  2.6166E+46
  3.3500E-02  2.9607E+46  6.2973E-68  2.4040E+44  2.9367E+46
  3.7580E-02  3.3202E+46  7.9282E-55  2.5995E+44  3.2942E+46
  4.2170E-02  3.7285E+46  3.4786E-43  3.1807E+44  3.6967E+46
  4.7320E-02  4.1830E+46  9.3784E-33  3.4777E+44  4.1482E+46
  5.3090E-02  4.3560E+46  1.7223E-23  3.4792E+44  4.3212E+46
  6.6830E-02  4.1567E+46  6.5311E-08  2.9915E+44  4.1268E+46
  7.4990E-02  4.0603E+46  2.1931E-01  2.7473E+44  4.0328E+46
  8.4140E-02  3.9677E+46  1.1467E+05  2.6730E+44  3.9410E+46
  9.4410E-02  3.8778E+46  1.3761E+10  2.6505E+44  3.8513E+46
  1.0590E-01  3.5319E+46  3.8616E+14  2.6395E+44  3.5055E+46
  1.1890E-01  2.9697E+46  2.8842E+18  2.2910E+44  2.9467E+46
  1.3340E-01  2.4996E+46  5.7532E+21  2.0091E+44  2.4795E+46
  1.4960E-01  2.1034E+46  6.4100E+24  1.5543E+44  2.0878E+46
  1.5850E-01  1.9280E+46  1.8806E+26  1.3484E+44  1.9145E+46
  1.7780E-01  1.6222E+46  9.8207E+28  1.0779E+44  1.6114E+46
  1.9950E-01  1.3636E+46  2.9571E+31  7.8438E+43  1.3558E+46
  2.2390E-01  1.1472E+46  3.6635E+33  6.9164E+43  1.1403E+46
  2.3710E-01  1.0537E+46  2.4287E+34  7.3062E+43  1.0464E+46
  2.5120E-01  9.6688E+45  1.3734E+35  7.3000E+43  9.5958E+45
  2.6610E-01  8.8703E+45  7.2801E+35  6.9067E+43  8.8012E+45
  2.8180E-01  8.1398E+45  3.5498E+36  6.3779E+43  8.0761E+45
  2.9850E-01  7.4666E+45  1.5800E+37  5.8680E+43  7.4079E+45
  3.1620E-01  6.8489E+45  6.3242E+37  5.4292E+43  6.7947E+45
  3.3500E-01  6.2810E+45  2.3123E+38  5.0211E+43  6.2308E+45
  3.5480E-01  5.7628E+45  7.7476E+38  4.6359E+43  5.7165E+45
  3.7580E-01  5.2869E+45  2.4019E+39  4.2729E+43  5.2442E+45
  3.9810E-01  4.8492E+45  6.8601E+39  3.9451E+43  4.8097E+45
  4.2170E-01  4.4481E+45  1.8000E+40  3.6406E+43  4.4116E+45
  4.4670E-01  4.0803E+45  4.3776E+40  3.3659E+43  4.0466E+45
  4.7320E-01  3.7426E+45  1.0013E+41  3.1034E+43  3.7115E+45
  5.0120E-01  3.4335E+45  2.1600E+41  2.8510E+43  3.4048E+45
  5.3090E-01  3.1497E+45  4.4173E+41  2.6074E+43  3.1232E+45
  5.6230E-01  2.8898E+45  8.5559E+41  2.3830E+43  2.8651E+45
  5.9570E-01  2.6509E+45  1.5800E+42  2.1727E+43  2.6276E+45
  6.3100E-01  2.4328E+45  2.7788E+42  1.9740E+43  2.4103E+45
  6.6830E-01  2.2339E+45  4.6624E+42  1.7857E+43  2.2114E+45
  7.0790E-01  2.0520E+45  7.4915E+42  1.6109E+43  2.0284E+45
  7.4990E-01  1.8865E+45  1.1550E+43  1.4489E+43  1.8605E+45
  7.9430E-01  1.7367E+45  1.7099E+43  1.2971E+43  1.7066E+45
  8.4140E-01  1.6013E+45  2.4408E+43  1.1559E+43  1.5653E+45
  8.9130E-01  1.4796E+45  3.3665E+43  1.0227E+43  1.4357E+45
  9.4410E-01  1.3709E+45  4.4914E+43  9.0083E+42  1.3170E+45
  1.0000E+00  1.2741E+45  5.8096E+43  7.9085E+42  1.2081E+45
  1.0590E+00  1.1885E+45  7.2971E+43  6.9242E+42  1.1086E+45
  1.1220E+00  1.1121E+45  8.9531E+43  6.0280E+42  1.0165E+45
  1.1890E+00  1.0445E+45  1.0742E+44  5.2067E+42  9.3183E+44
  1.2590E+00  9.8526E+44  1.2561E+44  4.4484E+42  8.5520E+44
  1.3340E+00  9.3189E+44  1.4401E+44  3.7744E+42  7.8411E+44
  1.4130E+00  8.8388E+44  1.6142E+44  3.1956E+42  7.1927E+44
  1.4960E+00  8.4035E+44  1.7740E+44  2.6934E+42  6.6026E+44
  1.5850E+00  7.9991E+44  1.9223E+44  2.2503E+42  6.0543E+44
  1.6790E+00  7.6184E+44  2.0468E+44  1.8582E+42  5.5530E+44
  1.7780E+00  7.2521E+44  2.1412E+44  1.5123E+42  5.0957E+44
  1.8840E+00  6.8946E+44  2.2106E+44  1.2113E+42  4.6719E+44
  1.9950E+00  6.5460E+44  2.2490E+44  9.5517E+41  4.2875E+44
  2.1130E+00  6.2013E+44  2.2606E+44  7.4191E+41  3.9333E+44
  2.2390E+00  5.8566E+44  2.2448E+44  5.6815E+41  3.6061E+44
  2.3710E+00  5.5159E+44  2.2024E+44  4.2990E+41  3.3092E+44
  2.5120E+00  5.1780E+44  2.1403E+44  3.2208E+41  3.0344E+44
  2.6610E+00  4.8446E+44  2.0589E+44  2.3928E+41  2.7832E+44
  2.8180E+00  4.5157E+44  1.9601E+44  1.7642E+41  2.5538E+44
  2.9850E+00  4.1937E+44  1.8498E+44  1.2926E+41  2.3426E+44
  3.1620E+00  3.8792E+44  1.7295E+44  9.4152E+40  2.1487E+44
  3.3500E+00  3.5799E+44  1.6088E+44  6.8352E+40  1.9704E+44
  3.5480E+00  3.2901E+44  1.4818E+44  4.9381E+40  1.8078E+44
  3.7580E+00  3.0144E+44  1.3557E+44  3.5541E+40  1.6583E+44
  3.9810E+00  2.7531E+44  1.2319E+44  2.5491E+40  1.5210E+44
  4.2170E+00  2.5068E+44  1.1116E+44  1.8225E+40  1.3951E+44
  4.4670E+00  2.2758E+44  9.9604E+43  1.2990E+40  1.2796E+44
  4.7320E+00  2.0613E+44  8.8753E+43  9.2310E+39  1.1737E+44
  5.0120E+00  1.8661E+44  7.8690E+43  6.5550E+39  1.0791E+44
  5.3090E+00  1.6543E+44  6.9398E+43  4.5579E+39  9.6024E+43
  5.6230E+00  1.4579E+44  6.0987E+43  3.1474E+39  8.4805E+43
  5.9570E+00  1.2781E+44  5.3487E+43  2.1596E+39  7.4316E+43
  6.3100E+00  1.1115E+44  4.6441E+43  1.4680E+39  6.4710E+43
  6.6830E+00  9.6619E+43  4.0604E+43  9.9484E+38  5.6014E+43
  7.0790E+00  8.3327E+43  3.5137E+43  6.6560E+38  4.8190E+43
  7.4990E+00  7.3731E+43  3.2502E+43  4.5270E+38  4.1229E+43
  7.9430E+00  7.5342E+43  4.0233E+43  3.5657E+38  3.5109E+43
  8.4140E+00  8.7691E+43  5.7938E+43  3.3858E+38  2.9752E+43
  8.9130E+00  9.7026E+43  7.1922E+43  3.2488E+38  2.5104E+43
  9.4410E+00  1.0248E+44  8.1383E+43  3.2877E+38  2.1101E+43
  1.0000E+01  8.2910E+43  6.5239E+43  2.2690E+38  1.7671E+43
  1.0590E+01  6.3322E+43  4.8564E+43  1.4372E+38  1.4758E+43
  1.1220E+01  4.5976E+43  3.3708E+43  8.0990E+37  1.2267E+43
  1.1890E+01  3.3800E+43  2.3641E+43  4.6400E+37  1.0159E+43
  1.2590E+01  2.4850E+43  1.6438E+43  2.6108E+37  8.4119E+42
  1.3340E+01  1.8474E+43  1.1542E+43  1.4683E+37  6.9319E+42
  1.4130E+01  1.4461E+43  8.7561E+42  8.5568E+36  5.7050E+42
  1.4960E+01  1.2780E+43  8.0879E+42  5.7534E+36  4.6919E+42
  1.5850E+01  1.1651E+43  7.8091E+42  4.1424E+36  3.8414E+42
  1.6790E+01  1.0665E+43  7.5241E+42  3.1064E+36  3.1409E+42
  1.7780E+01  9.4856E+42  6.9193E+42  2.3332E+36  2.5663E+42
  1.8840E+01  7.9597E+42  5.8710E+42  1.6649E+36  2.0888E+42
  1.9950E+01  6.3077E+42  4.6064E+42  1.0958E+36  1.7013E+42
  2.1130E+01  4.9247E+42  3.5420E+42  6.9087E+35  1.3827E+42
  2.2390E+01  3.8605E+42  2.7402E+42  4.3583E+35  1.1203E+42
  2.3710E+01  3.0414E+42  2.1327E+42  2.7512E+35  9.0864E+41
  2.5120E+01  2.3982E+42  1.6634E+42  1.7419E+35  7.3479E+41
  2.6610E+01  1.8912E+42  1.2974E+42  1.1003E+35  5.9383E+41
  2.8180E+01  1.4931E+42  1.0132E+42  6.9742E+34  4.7994E+41
  2.9850E+01  1.1763E+42  7.8911E+41  4.4201E+34  3.8717E+41
  3.1620E+01  9.2358E+41  6.1160E+41  2.7923E+34  3.1199E+41
  3.3500E+01  7.2236E+41  4.7130E+41  1.7585E+34  2.5106E+41
  3.5480E+01  5.6371E+41  3.6161E+41  1.1058E+34  2.0210E+41
  3.7580E+01  4.3773E+41  2.7520E+41  6.9216E+33  1.6253E+41
  3.9810E+01  3.3760E+41  2.0706E+41  4.3065E+33  1.3054E+41
  4.2170E+01  2.5924E+41  1.5445E+41  2.6667E+33  1.0479E+41
  4.4670E+01  1.9835E+41  1.1428E+41  1.6428E+33  8.4074E+40
  4.7320E+01  1.5137E+41  8.3974E+40  1.0083E+33  6.7400E+40
  5.0120E+01  1.1540E+41  6.1369E+40  6.1762E+32  5.4034E+40
  5.3090E+01  8.7881E+40  4.4599E+40  3.7756E+32  4.3282E+40
  5.6230E+01  6.6956E+40  3.2288E+40  2.3069E+32  3.4667E+40
  5.9570E+01  5.0989E+40  2.3261E+40  1.4078E+32  2.7728E+40
  6.3100E+01  3.8899E+40  1.6719E+40  8.6001E+31  2.2180E+40
  6.6830E+01  2.9736E+40  1.1992E+40  5.2611E+31  1.7744E+40
  7.0790E+01  2.2766E+40  8.5831E+39  3.2214E+31  1.4183E+40
  7.4990E+01  1.7460E+40  6.1311E+39  1.9750E+31  1.1329E+40
  7.9430E+01  1.3427E+40  4.3764E+39  1.2136E+31  9.0505E+39
  8.4140E+01  1.0346E+40  3.1205E+39  7.4669E+30  7.2256E+39
  8.9130E+01  7.9914E+39  2.2249E+39  4.6037E+30  5.7665E+39
  9.4410E+01  6.1881E+39  1.5860E+39  2.8444E+30  4.6021E+39
  1.0000E+02  4.8026E+39  1.1303E+39  1.7606E+30  3.6722E+39
  1.0590E+02  3.7381E+39  8.0643E+38  1.0926E+30  2.9317E+39
  1.1220E+02  2.9110E+39  5.7520E+38  6.7786E+29  2.3358E+39
  1.1890E+02  2.2701E+39  4.1106E+38  4.2102E+29  1.8590E+39
  1.2590E+02  1.7796E+39  2.9581E+38  2.6283E+29  1.4838E+39
  1.3340E+02  1.3946E+39  2.1346E+38  1.6422E+29  1.1811E+39
  1.4130E+02  1.0946E+39  1.5340E+38  1.0314E+29  9.4117E+38
  1.4960E+02  8.5989E+38  1.0868E+38  6.4750E+28  7.5121E+38
  1.5850E+02  6.7432E+38  7.6515E+37  4.0443E+28  5.9781E+38
  1.7780E+02  4.1772E+38  3.8300E+37  1.5854E+28  3.7942E+38
  1.9950E+02  2.5970E+38  1.9261E+37  6.2324E+27  2.4043E+38
  2.2390E+02  1.6186E+38  9.7000E+36  2.4562E+27  1.5216E+38
  2.5120E+02  1.0127E+38  4.8950E+36  9.7134E+26  9.6376E+37
  2.8180E+02  6.3515E+37  2.4714E+36  3.8499E+26  6.1043E+37
  3.1620E+02  3.9864E+37  1.2468E+36  1.5267E+26  3.8617E+37
  3.5480E+02  2.5050E+37  6.2906E+35  6.0579E+25  2.4421E+37
  3.9810E+02  1.5759E+37  3.1734E+35  2.4068E+25  1.5442E+37
  4.4670E+02  9.9203E+36  1.6004E+35  9.5663E+24  9.7603E+36
  5.0120E+02  6.2502E+36  8.0710E+34  3.8052E+24  6.1695E+36
  5.6230E+02  3.9410E+36  4.0712E+34  1.5143E+24  3.9003E+36
  6.3100E+02  2.4834E+36  2.0511E+34  6.0233E+23  2.4629E+36
  7.0790E+02  1.5671E+36  1.0342E+34  2.3990E+23  1.5568E+36
  7.9430E+02  9.8846E+35  5.2096E+33  9.5491E+22  9.8325E+35
  8.9130E+02  6.2339E+35  2.6226E+33  3.8004E+22  6.2077E+35
  1.0000E+03  3.9346E+35  1.3206E+33  1.5137E+22  3.9214E+35
