  1.0000E-03  3.4124E+42  0.0000E+00  1.7413E+42  1.6711E+42
  1.1220E-03  1.4400E+42  0.0000E+00  1.0555E+42  3.8442E+41
  1.2590E-03  6.9081E+41  0.0000E+00  6.1085E+41  7.9958E+40
  1.4130E-03  3.5918E+41  0.0000E+00  3.4375E+41  1.5435E+40
  1.5850E-03  2.2051E+41  0.0000E+00  2.1664E+41  3.8703E+39
  1.7780E-03  2.3086E+41  0.0000E+00  2.2829E+41  2.5754E+39
  1.9950E-03  9.8263E+40  0.0000E+00  9.8109E+40  1.5372E+38
  2.2390E-03  4.9890E+40  0.0000E+00  4.9872E+40  1.8206E+37
  2.5120E-03  5.2676E+40  0.0000E+00  5.2668E+40  7.5271E+36
  2.8180E-03  2.0152E+40  0.0000E+00  2.0152E+40  1.2948E+35
  3.1620E-03  9.2459E+39  0.0000E+00  9.2459E+39  3.4173E+33
  3.5480E-03  4.7097E+39  0.0000E+00  4.7097E+39  1.1229E+32
  3.9810E-03  2.6298E+39  0.0000E+00  2.6298E+39  5.1077E+30
  4.4670E-03  8.3152E+40  0.0000E+00  8.3150E+40  2.0668E+36
  5.0120E-03  3.4579E+40  0.0000E+00  3.4579E+40  2.5443E+34
  5.6230E-03  1.6337E+40  0.0000E+00  1.6337E+40  3.2522E+32
  5.9570E-03  1.1745E+40  0.0000E+00  1.1745E+40  4.0537E+31
  6.6830E-03  6.7199E+39  0.0000E+00  6.7199E+39  9.9103E+29
  7.4990E-03  4.4931E+39  0.0000E+00  4.4931E+39  5.3267E+28
  8.4140E-03  2.7660E+39  0.0000E+00  2.7660E+39  1.6367E+27
  9.4410E-03  1.8630E+39  0.0000E+00  1.8630E+39  1.0106E+26
  1.0590E-02  1.4771E+39  0.0000E+00  1.4771E+39  2.8924E+25
  1.1890E-02  1.0578E+39  0.0000E+00  1.0578E+39  1.2375E+24
  1.3340E-02  7.6320E+38  0.0000E+00  7.6320E+38  1.1800E+23
  1.4960E-02  5.1882E+38  0.0000E+00  5.1882E+38  5.9092E+21
  1.6790E-02  3.5889E+38  0.0000E+00  3.5889E+38  3.9008E+20
  1.8840E-02  2.5667E+38  0.0000E+00  2.5667E+38  3.6738E+19
  2.1130E-02  1.8361E+38  0.0000E+00  1.8361E+38  2.5357E+18
  2.3710E-02  1.2728E+38  0.0000E+00  1.2728E+38  1.5652E+17
  2.6610E-02  8.4477E+37  0.0000E+00  8.4477E+37  7.4407E+15
  2.9850E-02  5.5929E+37  0.0000E+00  5.5929E+37  3.7068E+14
  3.3500E-02  3.6471E+37  0.0000E+00  3.6471E+37  1.7532E+13
  3.7580E-02  3.4459E+37  2.9347E-84  3.4459E+37  8.4792E+12
  4.2170E-02  2.7003E+37  8.5616E-74  2.7003E+37  3.8593E+11
  4.7320E-02  9.2831E+36  4.0520E-66  9.2831E+36  2.3227E+08
  5.3090E-02  2.3577E+36  3.8481E-60  2.3577E+36  2.9752E+04
  6.6830E-02  1.0079E+34  1.7560E-57  1.0079E+34  1.0496E-11
  7.4990E-02  2.6508E+32  3.7885E-59  2.6508E+32  1.4244E-21
  8.4140E-02  6.1937E+32  2.1920E-51  6.1937E+32  3.9033E-19
  9.4410E-02  1.1778E+33  6.9375E-45  1.1778E+33  1.9134E-17
  1.0590E-01  1.4843E+34  1.0926E-34  1.4843E+34  1.3515E-10
  1.1890E-01  2.1635E+35  2.5847E-24  2.1635E+35  7.4764E-03
  1.3340E-01  1.4778E+36  2.5765E-16  1.4778E+36  2.9278E+03
  1.4960E-01  4.4580E+36  3.2823E-10  4.4580E+36  1.1114E+07
  1.5850E-01  5.2233E+36  3.5734E-08  5.2233E+36  4.7576E+07
  1.7780E-01  3.1075E+36  2.3471E-06  3.1075E+36  3.1417E+06
  1.9950E-01  2.1561E+35  2.5621E-09  2.1561E+35  7.5507E-01
  2.2390E-01  3.9522E+34  1.7749E-10  3.9522E+34  6.9085E-05
  2.3710E-01  2.2959E+35  1.3733E-05  2.2959E+35  4.6495E+00
  2.5120E-01  1.3485E+36  1.3708E+00  1.3485E+36  5.0425E+05
  2.6610E-01  4.1975E+36  5.6563E+03  4.1975E+36  1.2735E+09
  2.8180E-01  9.0314E+36  3.4699E+06  9.0314E+36  3.5935E+11
  2.9850E-01  1.6141E+37  7.1280E+08  1.6141E+37  3.0448E+13
  3.1620E-01  2.7075E+37  8.9655E+10  2.7075E+37  1.6199E+15
  3.3500E-01  4.3198E+37  7.8188E+12  4.3198E+37  6.1626E+16
  3.5480E-01  6.4846E+37  4.5267E+14  6.4846E+37  1.5924E+18
  3.7580E-01  9.6080E+37  2.3308E+16  9.6080E+37  3.8984E+19
  3.9810E-01  1.3731E+38  8.6708E+17  1.3731E+38  7.1499E+20
  4.2170E-01  2.0209E+38  3.6021E+19  2.0209E+38  1.6383E+22
  4.4670E-01  2.9496E+38  1.2557E+21  2.9496E+38  3.3289E+23
  4.7320E-01  4.2579E+38  3.8690E+22  4.2579E+38  6.2618E+24
  5.0120E-01  6.0490E+38  1.0268E+24  6.0490E+38  1.0556E+26
  5.3090E-01  8.6176E+38  2.6258E+25  8.6176E+38  1.8045E+27
  5.6230E-01  1.1982E+39  5.1854E+26  1.1982E+39  2.4267E+28
  5.9570E-01  1.6461E+39  8.6320E+27  1.6461E+39  2.8197E+29
  6.3100E-01  2.2676E+39  1.3030E+29  2.2676E+39  3.0852E+30
  6.6830E-01  3.1392E+39  1.7797E+30  3.1392E+39  3.1636E+31
  7.0790E-01  4.3889E+39  2.1539E+31  4.3889E+39  2.9542E+32
  7.4990E-01  6.1297E+39  2.1816E+32  6.1297E+39  2.3490E+33
  7.9430E-01  8.6636E+39  1.9732E+33  8.6636E+39  1.7112E+34
  8.4140E-01  1.2438E+40  1.6224E+34  1.2438E+40  1.1594E+35
  8.9130E-01  1.8434E+40  1.2919E+35  1.8433E+40  7.8229E+35
  9.4410E-01  2.7581E+40  9.1798E+35  2.7576E+40  4.7841E+36
  1.0000E+00  4.0796E+40  5.5386E+36  4.0765E+40  2.5014E+37
  1.0590E+00  5.9723E+40  2.8923E+37  5.9580E+40  1.1412E+38
  1.1220E+00  8.6827E+40  1.3517E+38  8.6223E+40  4.6816E+38
  1.1890E+00  1.2580E+41  5.7447E+38  1.2347E+41  1.7561E+39
  1.2590E+00  1.8405E+41  2.2640E+39  1.7561E+41  6.1818E+39
  1.3340E+00  2.7132E+41  7.9750E+39  2.4387E+41  1.9468E+40
  1.4130E+00  4.0537E+41  2.4453E+40  3.2731E+41  5.3608E+40
  1.4960E+00  6.2539E+41  6.6914E+40  4.2608E+41  1.3240E+41
  1.5850E+00  1.0073E+42  1.6781E+41  5.3954E+41  2.9991E+41
  1.6790E+00  1.6892E+42  3.8976E+41  6.6605E+41  6.3340E+41
  1.7780E+00  2.8914E+42  8.4046E+41  7.9907E+41  1.2519E+42
  1.8840E+00  4.9211E+42  1.6851E+42  9.2723E+41  2.3088E+42
  1.9950E+00  8.1484E+42  3.1326E+42  1.0380E+42  3.9778E+42
  2.1130E+00  1.2923E+43  5.4075E+42  1.1181E+42  6.3974E+42
  2.2390E+00  1.9472E+43  8.6825E+42  1.1583E+42  9.6310E+42
  2.3710E+00  2.7799E+43  1.3003E+43  1.1549E+42  1.3641E+43
  2.5120E+00  3.7628E+43  1.8275E+43  1.1104E+42  1.8243E+43
  2.6610E+00  4.8493E+43  2.4245E+43  1.0325E+42  2.3216E+43
  2.8180E+00  5.9807E+43  3.0556E+43  9.3141E+41  2.8319E+43
  2.9850E+00  7.0896E+43  3.6815E+43  8.1731E+41  3.3263E+43
  3.1620E+00  8.1218E+43  4.2651E+43  7.0001E+41  3.7867E+43
  3.3500E+00  9.0094E+43  4.7708E+43  5.8599E+41  4.1800E+43
  3.5480E+00  9.7504E+43  5.1819E+43  4.8169E+41  4.5204E+43
  3.7580E+00  1.0310E+44  5.4835E+43  3.8905E+41  4.7880E+43
  3.9810E+00  1.0683E+44  5.6705E+43  3.0937E+41  4.9819E+43
  4.2170E+00  1.0878E+44  5.7469E+43  2.4269E+41  5.1068E+43
  4.4670E+00  1.0910E+44  5.7228E+43  1.8807E+41  5.1680E+43
  4.7320E+00  1.0790E+44  5.6095E+43  1.4401E+41  5.1658E+43
  5.0120E+00  1.0554E+44  5.4234E+43  1.0926E+41  5.1199E+43
  5.3090E+00  1.0048E+44  5.1771E+43  8.0840E+40  4.8625E+43
  5.6230E+00  9.4352E+43  4.8884E+43  5.9029E+40  4.5410E+43
  5.9570E+00  8.7473E+43  4.5725E+43  4.2567E+40  4.1706E+43
  6.3100E+00  8.0220E+43  4.2301E+43  3.0326E+40  3.7888E+43
  6.6830E+00  7.3151E+43  3.9152E+43  2.1444E+40  3.3978E+43
  7.0790E+00  6.6118E+43  3.5905E+43  1.4942E+40  3.0198E+43
  7.4990E+00  5.8087E+43  3.2574E+43  1.0090E+40  2.5504E+43
  7.9430E+00  4.5395E+43  2.8070E+43  6.3384E+39  1.7319E+43
  8.4140E+00  2.9827E+43  2.0926E+43  3.7855E+39  8.8974E+42
  8.9130E+00  1.9156E+43  1.4664E+43  2.3729E+39  4.4894E+42
  9.4410E+00  1.2504E+43  1.0211E+43  1.6650E+39  2.2915E+42
  1.0000E+01  1.3180E+43  1.0758E+43  1.4236E+39  2.4206E+42
  1.0590E+01  1.4648E+43  1.1818E+43  1.2261E+39  2.8284E+42
  1.1220E+01  1.6321E+43  1.2908E+43  9.8616E+38  3.4125E+42
  1.1890E+01  1.6720E+43  1.3011E+43  7.4870E+38  3.7088E+42
  1.2590E+01  1.6468E+43  1.2633E+43  5.4182E+38  3.8341E+42
  1.3340E+01  1.5522E+43  1.1799E+43  3.7418E+38  3.7229E+42
  1.4130E+01  1.4132E+43  1.0797E+43  2.4806E+38  3.3351E+42
  1.4960E+01  1.2539E+43  9.9109E+42  1.6716E+38  2.6276E+42
  1.5850E+01  1.1114E+43  9.1299E+42  1.1765E+38  1.9843E+42
  1.6790E+01  9.9090E+42  8.4283E+42  8.6493E+37  1.4806E+42
  1.7780E+01  8.9432E+42  7.8071E+42  6.6067E+37  1.1360E+42
  1.8840E+01  8.1790E+42  7.2529E+42  5.1113E+37  9.2603E+41
  1.9950E+01  7.5312E+42  6.7246E+42  3.8657E+37  8.0651E+41
  2.1130E+01  6.8839E+42  6.1779E+42  2.8184E+37  7.0600E+41
  2.2390E+01  6.2321E+42  5.6244E+42  2.0315E+37  6.0770E+41
  2.3710E+01  5.6042E+42  5.0854E+42  1.4499E+37  5.1879E+41
  2.5120E+01  4.9897E+42  4.5516E+42  1.0279E+37  4.3812E+41
  2.6610E+01  4.4017E+42  4.0336E+42  7.2087E+36  3.6807E+41
  2.8180E+01  3.8457E+42  3.5379E+42  5.0227E+36  3.0781E+41
  2.9850E+01  3.3195E+42  3.0634E+42  3.4666E+36  2.5610E+41
  3.1620E+01  2.8291E+42  2.6166E+42  2.3636E+36  2.1248E+41
  3.3500E+01  2.3783E+42  2.2025E+42  1.5913E+36  1.7576E+41
  3.5480E+01  1.9742E+42  1.8290E+42  1.0590E+36  1.4522E+41
  3.7580E+01  1.6164E+42  1.4966E+42  6.9547E+35  1.1979E+41
  3.9810E+01  1.3045E+42  1.2057E+42  4.5060E+35  9.8724E+40
  4.2170E+01  1.0396E+42  9.5834E+41  2.8818E+35  8.1274E+40
  4.4670E+01  8.1897E+41  7.5216E+41  1.8190E+35  6.6802E+40
  4.7320E+01  6.3852E+41  5.8373E+41  1.1350E+35  5.4789E+40
  5.0120E+01  4.9349E+41  4.4862E+41  7.0125E+34  4.4870E+40
  5.3090E+01  3.7815E+41  3.4150E+41  4.2922E+34  3.6656E+40
  5.6230E+01  2.8788E+41  2.5798E+41  2.6074E+34  2.9893E+40
  5.9570E+01  2.1762E+41  1.9332E+41  1.5717E+34  2.4305E+40
  6.3100E+01  1.6377E+41  1.4404E+41  9.4253E+33  1.9731E+40
  6.6830E+01  1.2279E+41  1.0679E+41  5.6289E+33  1.5995E+40
  7.0790E+01  9.1736E+40  7.8799E+40  3.3482E+33  1.2937E+40
  7.4990E+01  6.8334E+40  5.7891E+40  1.9853E+33  1.0443E+40
  7.9430E+01  5.0822E+40  4.2402E+40  1.1753E+33  8.4204E+39
  8.4140E+01  3.7740E+40  3.0961E+40  6.9443E+32  6.7782E+39
  8.9130E+01  2.8014E+40  2.2565E+40  4.1017E+32  5.4489E+39
  9.4410E+01  2.0794E+40  1.6417E+40  2.4225E+32  4.3766E+39
  1.0000E+02  1.5436E+40  1.1924E+40  1.4309E+32  3.5122E+39
  1.0590E+02  1.1477E+40  8.6587E+39  8.4671E+31  2.8180E+39
  1.1220E+02  8.5356E+39  6.2806E+39  5.0098E+31  2.2550E+39
  1.1890E+02  6.3639E+39  4.5624E+39  2.9718E+31  1.8015E+39
  1.2590E+02  4.7803E+39  3.3377E+39  1.7764E+31  1.4426E+39
  1.3340E+02  3.6016E+39  2.4502E+39  1.0665E+31  1.1515E+39
  1.4130E+02  2.7061E+39  1.7861E+39  6.4089E+30  9.1997E+38
  1.4960E+02  2.0122E+39  1.2759E+39  3.8092E+30  7.3624E+38
  1.5850E+02  1.4921E+39  9.0484E+38  2.2523E+30  5.8730E+38
  1.7780E+02  8.3434E+38  4.6015E+38  7.9934E+29  3.7419E+38
  1.9950E+02  4.7285E+38  2.3504E+38  2.8757E+29  2.3782E+38
  2.2390E+02  2.7090E+38  1.2005E+38  1.0464E+29  1.5085E+38
  2.5120E+02  1.5707E+38  6.1352E+37  3.8535E+28  9.5717E+37
  2.8180E+02  9.2037E+37  3.1325E+37  1.4341E+28  6.0712E+37
  3.1620E+02  5.4412E+37  1.5962E+37  5.3833E+27  3.8451E+37
  3.5480E+02  3.2462E+37  8.1247E+36  2.0376E+27  2.4337E+37
  3.9810E+02  1.9531E+37  4.1311E+36  7.7759E+26  1.5400E+37
  4.4670E+02  1.1837E+37  2.0981E+36  2.9875E+26  9.7391E+36
  5.0120E+02  7.2237E+36  1.0649E+36  1.1550E+26  6.1588E+36
  5.6230E+02  4.4352E+36  5.4020E+35  4.4892E+25  3.8950E+36
  6.3100E+02  2.7338E+36  2.7356E+35  1.7511E+25  2.4602E+36
  7.0790E+02  1.6940E+36  1.3858E+35  6.8639E+24  1.5554E+36
  7.9430E+02  1.0527E+36  7.0096E+34  2.6967E+24  9.8257E+35
  8.9130E+02  6.5585E+35  3.5421E+34  1.0619E+24  6.2043E+35
  1.0000E+03  4.0986E+35  1.7897E+34  4.1931E+23  3.9196E+35
