  1.0000E-03  8.8804E+44  0.0000E+00  1.1426E+43  8.7662E+44
  1.1220E-03  9.9491E+44  0.0000E+00  1.1339E+43  9.8357E+44
  1.2590E-03  1.1146E+45  0.0000E+00  1.0878E+43  1.1037E+45
  1.4130E-03  1.2489E+45  0.0000E+00  1.0173E+43  1.2387E+45
  1.5850E-03  1.3990E+45  0.0000E+00  9.5736E+42  1.3894E+45
  1.7780E-03  1.5691E+45  0.0000E+00  1.0470E+43  1.5586E+45
  1.9950E-03  1.7584E+45  0.0000E+00  9.6355E+42  1.7488E+45
  2.2390E-03  1.9713E+45  0.0000E+00  8.6097E+42  1.9627E+45
  2.5120E-03  2.2115E+45  0.0000E+00  9.5331E+42  2.2020E+45
  2.8180E-03  2.4791E+45  0.0000E+00  8.8702E+42  2.4702E+45
  3.1620E-03  2.7802E+45  0.0000E+00  8.3247E+42  2.7718E+45
  3.5480E-03  3.1181E+45  0.0000E+00  7.8536E+42  3.1103E+45
  3.9810E-03  3.4972E+45  0.0000E+00  7.3846E+42  3.4898E+45
  4.4670E-03  3.9533E+45  0.0000E+00  3.7474E+43  3.9158E+45
  5.0120E-03  4.4255E+45  0.0000E+00  3.1910E+43  4.3936E+45
  5.6230E-03  4.9582E+45  0.0000E+00  2.8940E+43  4.9292E+45
  5.9570E-03  5.2504E+45  0.0000E+00  2.8395E+43  5.2220E+45
  6.6830E-03  5.8874E+45  0.0000E+00  2.8843E+43  5.8585E+45
  7.4990E-03  6.6046E+45  0.0000E+00  3.0814E+43  6.5738E+45
  8.4140E-03  7.4094E+45  0.0000E+00  3.3546E+43  7.3758E+45
  9.4410E-03  8.3130E+45  0.0000E+00  3.6930E+43  8.2761E+45
  1.0590E-02  9.3241E+45  0.0000E+00  4.0790E+43  9.2833E+45
  1.1890E-02  1.0468E+46  0.0000E+00  4.5491E+43  1.0423E+46
  1.3340E-02  1.1744E+46  0.0000E+00  5.0485E+43  1.1694E+46
  1.4960E-02  1.3170E+46  0.0000E+00  5.6074E+43  1.3114E+46
  1.6790E-02  1.4781E+46  0.0000E+00  6.2297E+43  1.4718E+46
  1.8840E-02  1.6585E+46  0.0000E+00  6.9202E+43  1.6515E+46
  2.1130E-02  1.8600E+46  0.0000E+00  7.6854E+43  1.8524E+46
  2.3710E-02  2.0870E+46  0.0000E+00  8.5343E+43  2.0785E+46
  2.6610E-02  2.3421E+46  0.0000E+00  9.4731E+43  2.3326E+46
  2.9850E-02  2.6271E+46  5.9925E-83  1.0490E+44  2.6166E+46
  3.3500E-02  2.9482E+46  3.7754E-68  1.1543E+44  2.9367E+46
  3.7580E-02  3.3066E+46  4.7359E-55  1.2403E+44  3.2942E+46
  4.2170E-02  3.7127E+46  2.0333E-43  1.6005E+44  3.6967E+46
  4.7320E-02  4.1667E+46  5.2291E-33  1.8565E+44  4.1482E+46
  5.3090E-02  4.3407E+46  9.1909E-24  1.9426E+44  4.3212E+46
  6.6830E-02  4.1444E+46  3.1290E-08  1.7600E+44  4.1268E+46
  7.4990E-02  4.0486E+46  9.8113E-02  1.5812E+44  4.0328E+46
  8.4140E-02  3.9566E+46  5.0604E+04  1.5545E+44  3.9410E+46
  9.4410E-02  3.8668E+46  5.9561E+09  1.5516E+44  3.8513E+46
  1.0590E-01  3.5211E+46  1.6659E+14  1.5556E+44  3.5055E+46
  1.1890E-01  2.9594E+46  1.3590E+18  1.2696E+44  2.9467E+46
  1.3340E-01  2.4895E+46  3.1082E+21  9.9517E+43  2.4795E+46
  1.4960E-01  2.0941E+46  3.8377E+24  6.2438E+43  2.0878E+46
  1.5850E-01  1.9194E+46  1.1439E+26  4.8826E+43  1.9145E+46
  1.7780E-01  1.6154E+46  5.6174E+28  3.9820E+43  1.6114E+46
  1.9950E-01  1.3595E+46  1.4481E+31  3.6856E+43  1.3558E+46
  2.2390E-01  1.1440E+46  1.5988E+33  3.6951E+43  1.1403E+46
  2.3710E-01  1.0503E+46  1.1107E+34  3.8239E+43  1.0464E+46
  2.5120E-01  9.6318E+45  6.7448E+34  3.6027E+43  9.5958E+45
  2.6610E-01  8.8332E+45  3.7746E+35  3.1996E+43  8.8012E+45
  2.8180E-01  8.1040E+45  1.9152E+36  2.7967E+43  8.0761E+45
  2.9850E-01  7.4324E+45  8.8047E+36  2.4556E+43  7.4079E+45
  3.1620E-01  6.8165E+45  3.6296E+37  2.1817E+43  6.7947E+45
  3.3500E-01  6.2503E+45  1.3635E+38  1.9446E+43  6.2308E+45
  3.5480E-01  5.7339E+45  4.6780E+38  1.7398E+43  5.7165E+45
  3.7580E-01  5.2598E+45  1.4825E+39  1.5623E+43  5.2442E+45
  3.9810E-01  4.8238E+45  4.3237E+39  1.4102E+43  4.8097E+45
  4.2170E-01  4.4244E+45  1.1596E+40  1.2796E+43  4.4116E+45
  4.4670E-01  4.0583E+45  2.8834E+40  1.1667E+43  4.0466E+45
  4.7320E-01  3.7222E+45  6.7398E+40  1.0661E+43  3.7115E+45
  5.0120E-01  3.4147E+45  1.4848E+41  9.7590E+42  3.4048E+45
  5.3090E-01  3.1325E+45  3.1006E+41  8.9598E+42  3.1232E+45
  5.6230E-01  2.8740E+45  6.1243E+41  8.2634E+42  2.8651E+45
  5.9570E-01  2.6364E+45  1.1521E+42  7.6582E+42  2.6276E+45
  6.3100E-01  2.4195E+45  2.0639E+42  7.1331E+42  2.4103E+45
  6.6830E-01  2.2216E+45  3.5252E+42  6.6860E+42  2.2114E+45
  7.0790E-01  2.0405E+45  5.7681E+42  6.3172E+42  2.0284E+45
  7.4990E-01  1.8755E+45  9.0504E+42  6.0196E+42  1.8605E+45
  7.9430E-01  1.7260E+45  1.3647E+43  5.7924E+42  1.7066E+45
  8.4140E-01  1.5908E+45  1.9852E+43  5.6448E+42  1.5653E+45
  8.9130E-01  1.4693E+45  2.7981E+43  5.5727E+42  1.4357E+45
  9.4410E-01  1.3607E+45  3.8157E+43  5.5695E+42  1.3170E+45
  1.0000E+00  1.2641E+45  5.0376E+43  5.6100E+42  1.2081E+45
  1.0590E+00  1.1788E+45  6.4550E+43  5.6836E+42  1.1086E+45
  1.1220E+00  1.1031E+45  8.0802E+43  5.7724E+42  1.0165E+45
  1.1890E+00  1.0366E+45  9.8953E+43  5.8550E+42  9.3183E+44
  1.2590E+00  9.7943E+44  1.1832E+44  5.9069E+42  8.5520E+44
  1.3340E+00  9.2842E+44  1.3839E+44  5.9198E+42  7.8411E+44
  1.4130E+00  8.8278E+44  1.5763E+44  5.8792E+42  7.1927E+44
  1.4960E+00  8.4144E+44  1.7541E+44  5.7756E+42  6.6026E+44
  1.5850E+00  8.0278E+44  1.9174E+44  5.6017E+42  6.0543E+44
  1.6790E+00  7.6606E+44  2.0540E+44  5.3498E+42  5.5530E+44
  1.7780E+00  7.3019E+44  2.1560E+44  5.0152E+42  5.0957E+44
  1.8840E+00  6.9417E+44  2.2238E+44  4.6039E+42  4.6719E+44
  1.9950E+00  6.5812E+44  2.2524E+44  4.1328E+42  4.2875E+44
  2.1130E+00  6.2131E+44  2.2436E+44  3.6238E+42  3.9333E+44
  2.2390E+00  5.8347E+44  2.1976E+44  3.1025E+42  3.6061E+44
  2.3710E+00  5.4549E+44  2.1198E+44  2.5976E+42  3.3092E+44
  2.5120E+00  5.0735E+44  2.0178E+44  2.1304E+42  3.0344E+44
  2.6610E+00  4.6974E+44  1.8970E+44  1.7155E+42  2.7832E+44
  2.8180E+00  4.3305E+44  1.7631E+44  1.3589E+42  2.5538E+44
  2.9850E+00  3.9768E+44  1.6235E+44  1.0612E+42  2.3426E+44
  3.1620E+00  3.6388E+44  1.4820E+44  8.1861E+41  2.1487E+44
  3.3500E+00  3.3238E+44  1.3472E+44  6.2510E+41  1.9704E+44
  3.5480E+00  3.0289E+44  1.2164E+44  4.7338E+41  1.8078E+44
  3.7580E+00  2.7562E+44  1.0943E+44  3.5576E+41  1.6583E+44
  3.9810E+00  2.5047E+44  9.8111E+43  2.6560E+41  1.5210E+44
  4.2170E+00  2.2743E+44  8.7722E+43  1.9721E+41  1.3951E+44
  4.4670E+00  2.0636E+44  7.8255E+43  1.4572E+41  1.2796E+44
  4.7320E+00  1.8717E+44  6.9698E+43  1.0711E+41  1.1737E+44
  5.0120E+00  1.7000E+44  6.2011E+43  7.8504E+40  1.0791E+44
  5.3090E+00  1.5116E+44  5.5076E+43  5.6174E+40  9.6024E+43
  5.6230E+00  1.3372E+44  4.8878E+43  3.9815E+40  8.4805E+43
  5.9570E+00  1.1772E+44  4.3377E+43  2.7960E+40  7.4316E+43
  6.3100E+00  1.0301E+44  3.8281E+43  1.9443E+40  6.4710E+43
  6.6830E+00  9.0170E+43  3.4143E+43  1.3449E+40  5.6014E+43
  7.0790E+00  7.8489E+43  3.0290E+43  9.1817E+39  4.8190E+43
  7.4990E+00  6.8492E+43  2.7256E+43  6.1379E+39  4.1229E+43
  7.9430E+00  6.1488E+43  2.6375E+43  4.0163E+39  3.5109E+43
  8.4140E+00  5.7175E+43  2.7420E+43  2.7316E+39  2.9752E+43
  8.9130E+00  5.3112E+43  2.8006E+43  1.9940E+39  2.5104E+43
  9.4410E+00  4.9168E+43  2.8066E+43  1.6290E+39  2.1101E+43
  1.0000E+01  4.2388E+43  2.4716E+43  1.2753E+39  1.7671E+43
  1.0590E+01  3.5901E+43  2.1142E+43  9.7286E+38  1.4758E+43
  1.1220E+01  2.9939E+43  1.7671E+43  6.8705E+38  1.2267E+43
  1.1890E+01  2.4930E+43  1.4771E+43  4.7487E+38  1.0159E+43
  1.2590E+01  2.0881E+43  1.2468E+43  3.1941E+38  8.4119E+42
  1.3340E+01  1.7564E+43  1.0632E+43  2.0955E+38  6.9319E+42
  1.4130E+01  1.5085E+43  9.3801E+42  1.3515E+38  5.7050E+42
  1.4960E+01  1.3587E+43  8.8954E+42  9.1219E+37  4.6919E+42
  1.5850E+01  1.2485E+43  8.6438E+42  6.4955E+37  3.8414E+42
  1.6790E+01  1.1615E+43  8.4740E+42  4.8586E+37  3.1409E+42
  1.7780E+01  1.0793E+43  8.2263E+42  3.7624E+37  2.5663E+42
  1.8840E+01  9.8677E+42  7.7789E+42  2.9126E+37  2.0888E+42
  1.9950E+01  8.8541E+42  7.1528E+42  2.1763E+37  1.7013E+42
  2.1130E+01  7.9253E+42  6.5426E+42  1.5724E+37  1.3827E+42
  2.2390E+01  7.1232E+42  6.0029E+42  1.1320E+37  1.1203E+42
  2.3710E+01  6.4222E+42  5.5135E+42  8.1163E+36  9.0864E+41
  2.5120E+01  5.7776E+42  5.0428E+42  5.8073E+36  7.3479E+41
  2.6610E+01  5.1754E+42  4.5816E+42  4.1230E+36  5.9383E+41
  2.8180E+01  4.6071E+42  4.1271E+42  2.9144E+36  4.7994E+41
  2.9850E+01  4.0598E+42  3.6726E+42  2.0432E+36  3.8717E+41
  3.1620E+01  3.5339E+42  3.2219E+42  1.4153E+36  3.1199E+41
  3.3500E+01  3.0335E+42  2.7825E+42  9.6790E+35  2.5106E+41
  3.5480E+01  2.5684E+42  2.3663E+42  6.5371E+35  2.0210E+41
  3.7580E+01  2.1421E+42  1.9796E+42  4.3529E+35  1.6253E+41
  3.9810E+01  1.7581E+42  1.6276E+42  2.8567E+35  1.3054E+41
  4.2170E+01  1.4230E+42  1.3183E+42  1.8491E+35  1.0479E+41
  4.4670E+01  1.1372E+42  1.0531E+42  1.1804E+35  8.4074E+40
  4.7320E+01  8.9860E+41  8.3120E+41  7.4452E+34  6.7400E+40
  5.0120E+01  7.0317E+41  6.4914E+41  4.6475E+34  5.4034E+40
  5.3090E+01  5.4511E+41  5.0183E+41  2.8729E+34  4.3282E+40
  5.6230E+01  4.1946E+41  3.8480E+41  1.7618E+34  3.4667E+40
  5.9570E+01  3.2030E+41  2.9257E+41  1.0718E+34  2.7728E+40
  6.3100E+01  2.4327E+41  2.2109E+41  6.4843E+33  2.2180E+40
  6.6830E+01  1.8393E+41  1.6618E+41  3.9052E+33  1.7744E+40
  7.0790E+01  1.3846E+41  1.2428E+41  2.3416E+33  1.4183E+40
  7.4990E+01  1.0383E+41  9.2502E+40  1.3991E+33  1.1329E+40
  7.9430E+01  7.7664E+40  6.8614E+40  8.3411E+32  9.0505E+39
  8.4140E+01  5.7945E+40  5.0720E+40  4.9609E+32  7.2256E+39
  8.9130E+01  4.3173E+40  3.7407E+40  2.9479E+32  5.7665E+39
  9.4410E+01  3.2132E+40  2.7530E+40  1.7507E+32  4.6021E+39
  1.0000E+02  2.3890E+40  2.0217E+40  1.0391E+32  3.6722E+39
  1.0590E+02  1.7769E+40  1.4838E+40  6.1746E+31  2.9317E+39
  1.1220E+02  1.3211E+40  1.0875E+40  3.6672E+31  2.3358E+39
  1.1890E+02  9.8397E+39  7.9807E+39  2.1827E+31  1.8590E+39
  1.2590E+02  7.3803E+39  5.8965E+39  1.3087E+31  1.4838E+39
  1.3340E+02  5.5529E+39  4.3718E+39  7.8801E+30  1.1811E+39
  1.4130E+02  4.1565E+39  3.2153E+39  4.7436E+30  9.4117E+38
  1.4960E+02  3.0643E+39  2.3130E+39  2.8177E+30  7.5121E+38
  1.5850E+02  2.2492E+39  1.6514E+39  1.6638E+30  5.9781E+38
  1.7780E+02  1.2304E+39  8.5096E+38  5.8849E+29  3.7942E+38
  1.9950E+02  6.8050E+38  4.4007E+38  2.1074E+29  2.4043E+38
  2.2390E+02  3.7948E+38  2.2732E+38  7.6230E+28  1.5216E+38
  2.5120E+02  2.1373E+38  1.1735E+38  2.7879E+28  9.6376E+37
  2.8180E+02  1.2150E+38  6.0461E+37  1.0298E+28  6.1043E+37
  3.1620E+02  6.9676E+37  3.1058E+37  3.8354E+27  3.8617E+37
  3.5480E+02  4.0345E+37  1.5924E+37  1.4406E+27  2.4421E+37
  3.9810E+02  2.3591E+37  8.1495E+36  5.4574E+26  1.5442E+37
  4.4670E+02  1.3923E+37  4.1630E+36  2.0824E+26  9.7603E+36
  5.0120E+02  8.2932E+36  2.1238E+36  8.0015E+25  6.1695E+36
  5.6230E+02  4.9827E+36  1.0824E+36  3.0928E+25  3.9003E+36
  6.3100E+02  3.0133E+36  5.5037E+35  1.2007E+25  2.4629E+36
  7.0790E+02  1.8366E+36  2.7982E+35  4.6868E+24  1.5568E+36
  7.9430E+02  1.1253E+36  1.4201E+35  1.8349E+24  9.8325E+35
  8.9130E+02  6.9274E+35  7.1970E+34  7.2037E+23  6.2077E+35
  1.0000E+03  4.2859E+35  3.6458E+34  2.8376E+23  3.9214E+35
