  1.0000E-03  9.8167E+43  0.0000E+00  5.6809E+42  9.2486E+43
  1.1220E-03  6.4019E+43  0.0000E+00  5.2785E+42  5.8740E+43
  1.2590E-03  4.0634E+43  0.0000E+00  4.6492E+42  3.5984E+43
  1.4130E-03  2.5379E+43  0.0000E+00  3.9151E+42  2.1464E+43
  1.5850E-03  1.7421E+43  0.0000E+00  3.3615E+42  1.4059E+43
  1.7780E-03  1.6820E+43  0.0000E+00  3.7449E+42  1.3075E+43
  1.9950E-03  7.8574E+42  0.0000E+00  2.7413E+42  5.1161E+42
  2.2390E-03  4.5617E+42  0.0000E+00  2.0010E+42  2.5608E+42
  2.5120E-03  4.2194E+42  0.0000E+00  2.2116E+42  2.0077E+42
  2.8180E-03  1.9043E+42  0.0000E+00  1.4018E+42  5.0244E+41
  3.1620E-03  1.0646E+42  0.0000E+00  9.1799E+41  1.4666E+41
  3.5480E-03  6.6164E+41  0.0000E+00  6.1533E+41  4.6313E+40
  3.9810E-03  4.4472E+41  0.0000E+00  4.2828E+41  1.6436E+40
  4.4670E-03  7.3931E+42  0.0000E+00  5.5695E+42  1.8236E+42
  5.0120E-03  3.8100E+42  0.0000E+00  3.4052E+42  4.0480E+41
  5.6230E-03  2.1681E+42  0.0000E+00  2.0770E+42  9.1075E+40
  5.9570E-03  1.6857E+42  0.0000E+00  1.6410E+42  4.4745E+40
  6.6830E-03  1.0978E+42  0.0000E+00  1.0851E+42  1.2707E+40
  7.4990E-03  7.9623E+41  0.0000E+00  7.9144E+41  4.7888E+39
  8.4140E-03  5.5213E+41  0.0000E+00  5.5065E+41  1.4763E+39
  9.4410E-03  4.0916E+41  0.0000E+00  4.0857E+41  5.8475E+38
  1.0590E-02  3.3707E+41  0.0000E+00  3.3667E+41  4.0171E+38
  1.1890E-02  2.6350E+41  0.0000E+00  2.6336E+41  1.3953E+38
  1.3340E-02  2.0646E+41  0.0000E+00  2.0639E+41  6.4599E+37
  1.4960E-02  1.5699E+41  0.0000E+00  1.5696E+41  2.3725E+37
  1.6790E-02  1.2087E+41  0.0000E+00  1.2086E+41  9.6275E+36
  1.8840E-02  9.4895E+40  0.0000E+00  9.4890E+40  4.4379E+36
  2.1130E-02  7.5443E+40  0.0000E+00  7.5441E+40  1.8291E+36
  2.3710E-02  5.8950E+40  0.0000E+00  5.8949E+40  7.2445E+35
  2.6610E-02  4.4996E+40  0.0000E+00  4.4996E+40  2.6127E+35
  2.9850E-02  3.4268E+40  0.0000E+00  3.4268E+40  9.5797E+34
  3.3500E-02  2.5888E+40  1.5783E-79  2.5888E+40  3.4487E+34
  3.7580E-02  2.5836E+40  1.4862E-66  2.5836E+40  2.8599E+34
  4.2170E-02  2.3306E+40  2.1713E-55  2.3306E+40  1.0154E+34
  4.7320E-02  1.1640E+40  4.4627E-46  1.1640E+40  7.6275E+32
  5.3090E-02  4.8742E+39  3.8220E-38  4.8742E+39  3.1344E+31
  6.6830E-02  2.5004E+38  8.6857E-28  2.5004E+38  8.6078E+25
  7.4990E-02  4.4889E+37  1.4312E-24  4.4889E+37  2.4299E+22
  8.4140E-02  6.1863E+37  4.9032E-18  6.1863E+37  1.7964E+23
  9.4410E-02  8.4526E+37  2.1640E-12  8.4526E+37  7.1587E+23
  1.0590E-01  3.2617E+38  1.2327E-05  3.2617E+38  1.9394E+26
  1.1890E-01  1.5035E+39  3.9937E+01  1.5035E+39  1.0454E+29
  1.3340E-01  5.0526E+39  6.7243E+06  5.0526E+39  9.5337E+30
  1.4960E-01  1.0453E+40  1.3243E+11  1.0453E+40  1.6460E+32
  1.5850E-01  1.1356E+40  6.5937E+12  1.1356E+40  2.6246E+32
  1.7780E-01  6.7805E+39  1.4569E+15  6.7805E+39  8.8617E+31
  1.9950E-01  9.0305E+38  2.6606E+15  9.0305E+38  3.3353E+29
  2.2390E-01  2.5866E+38  1.5367E+16  2.5866E+38  1.0597E+28
  2.3710E-01  7.2940E+38  4.5174E+18  7.2940E+38  5.4302E+29
  2.5120E-01  2.1002E+39  1.3534E+21  2.1002E+39  3.3010E+31
  2.6610E-01  4.1500E+39  1.0722E+23  4.1500E+39  5.2029E+32
  2.8180E-01  6.5191E+39  3.7237E+24  6.5191E+39  3.7344E+33
  2.9850E-01  9.2040E+39  7.8528E+25  9.2040E+39  1.7398E+34
  3.1620E-01  1.2625E+40  1.2730E+27  1.2625E+40  6.8578E+34
  3.3500E-01  1.6903E+40  1.6837E+28  1.6903E+40  2.3962E+35
  3.5480E-01  2.1867E+40  1.7890E+29  2.1867E+40  7.2889E+35
  3.7580E-01  2.8106E+40  1.7293E+30  2.8104E+40  2.1745E+36
  3.9810E-01  3.5596E+40  1.3960E+31  3.5590E+40  5.8475E+36
  4.2170E-01  4.6190E+40  1.1201E+32  4.6172E+40  1.7034E+37
  4.4670E-01  6.0112E+40  8.0033E+32  6.0064E+40  4.7527E+37
  4.7320E-01  7.8004E+40  5.2448E+33  7.7875E+40  1.2897E+38
  5.0120E-01  1.0045E+41  3.1250E+34  1.0011E+41  3.3653E+38
  5.3090E-01  1.2987E+41  1.7767E+35  1.2899E+41  8.8248E+38
  5.6230E-01  1.6546E+41  8.8097E+35  1.6333E+41  2.1232E+39
  5.9570E-01  2.0931E+41  3.9619E+36  2.0446E+41  4.8462E+39
  6.3100E-01  2.6597E+41  1.6633E+37  2.5513E+41  1.0827E+40
  6.6830E-01  3.4030E+41  6.5185E+37  3.1660E+41  2.3634E+40
  7.0790E-01  4.4171E+41  2.3700E+38  3.9159E+41  4.9878E+40
  7.4990E-01  5.7855E+41  7.8186E+38  4.7841E+41  9.9354E+40
  7.9430E-01  7.7583E+41  2.4036E+39  5.8163E+41  1.9179E+41
  8.4140E-01  1.0713E+42  6.9505E+39  7.0361E+41  3.6071E+41
  8.9130E-01  1.5512E+42  1.9419E+40  8.5439E+41  6.7737E+41
  9.4410E-01  2.3059E+42  5.0715E+40  1.0273E+42  1.2280E+42
  1.0000E+00  3.4375E+42  1.2146E+41  1.2116E+42  2.1044E+42
  1.0590E+00  5.1112E+42  2.6906E+41  1.4075E+42  3.4347E+42
  1.1220E+00  7.5671E+42  5.6063E+41  1.6129E+42  5.3936E+42
  1.1890E+00  1.1128E+43  1.1064E+42  1.8215E+42  8.2001E+42
  1.2590E+00  1.6303E+43  2.0802E+42  2.0275E+42  1.2195E+43
  1.3340E+00  2.3305E+43  3.6814E+42  2.2087E+42  1.7415E+43
  1.4130E+00  3.2114E+43  6.0598E+42  2.3488E+42  2.3705E+43
  1.4960E+00  4.2877E+43  9.3888E+42  2.4424E+42  3.1045E+43
  1.5850E+00  5.5754E+43  1.3882E+43  2.4841E+42  3.9389E+43
  1.6790E+00  7.0849E+43  1.9637E+43  2.4706E+42  4.8741E+43
  1.7780E+00  8.7919E+43  2.6609E+43  2.3972E+42  5.8913E+43
  1.8840E+00  1.0633E+44  3.4642E+43  2.2638E+42  6.9419E+43
  1.9950E+00  1.2525E+44  4.3292E+43  2.0797E+42  7.9875E+43
  2.1130E+00  1.4354E+44  5.2047E+43  1.8579E+42  8.9640E+43
  2.2390E+00  1.6008E+44  6.0259E+43  1.6150E+42  9.8201E+43
  2.3710E+00  1.7402E+44  6.7341E+43  1.3691E+42  1.0531E+44
  2.5120E+00  1.8465E+44  7.2935E+43  1.1344E+42  1.1058E+44
  2.6610E+00  1.9176E+44  7.6762E+43  9.2122E+41  1.1408E+44
  2.8180E+00  1.9542E+44  7.8736E+43  7.3499E+41  1.1595E+44
  2.9850E+00  1.9582E+44  7.9010E+43  5.7742E+41  1.1623E+44
  3.1620E+00  1.9340E+44  7.7751E+43  4.4767E+41  1.1521E+44
  3.3500E+00  1.8866E+44  7.5395E+43  3.4326E+41  1.1292E+44
  3.5480E+00  1.8221E+44  7.2043E+43  2.6084E+41  1.0990E+44
  3.7580E+00  1.7443E+44  6.8076E+43  1.9659E+41  1.0616E+44
  3.9810E+00  1.6572E+44  6.3701E+43  1.4713E+41  1.0188E+44
  4.2170E+00  1.5648E+44  5.9121E+43  1.0949E+41  9.7251E+43
  4.4670E+00  1.4699E+44  5.4504E+43  8.1077E+40  9.2406E+43
  4.7320E+00  1.3746E+44  4.9985E+43  5.9734E+40  8.7412E+43
  5.0120E+00  1.2828E+44  4.5667E+43  4.3902E+40  8.2567E+43
  5.3090E+00  1.1681E+44  4.1569E+43  3.1483E+40  7.5209E+43
  5.6230E+00  1.0556E+44  3.7767E+43  2.2375E+40  6.7767E+43
  5.9570E+00  9.4706E+43  3.4296E+43  1.5766E+40  6.0395E+43
  6.3100E+00  8.4376E+43  3.0971E+43  1.1009E+40  5.3395E+43
  6.6830E+00  7.5088E+43  2.8270E+43  7.6539E+39  4.6810E+43
  7.0790E+00  6.6430E+43  2.5680E+43  5.2568E+39  4.0745E+43
  7.4990E+00  5.8387E+43  2.3686E+43  3.5479E+39  3.4698E+43
  7.9430E+00  5.0481E+43  2.3238E+43  2.3732E+39  2.7240E+43
  8.4140E+00  4.2385E+43  2.3097E+43  1.6647E+39  1.9286E+43
  8.9130E+00  3.5176E+43  2.1646E+43  1.2434E+39  1.3529E+43
  9.4410E+00  2.9027E+43  1.9520E+43  1.0317E+39  9.5065E+42
  1.0000E+01  2.6800E+43  1.8146E+43  8.0946E+38  8.6535E+42
  1.0590E+01  2.4938E+43  1.6784E+43  6.1873E+38  8.1536E+42
  1.1220E+01  2.3063E+43  1.5315E+43  4.3880E+38  7.7479E+42
  1.1890E+01  2.0801E+43  1.3726E+43  3.0620E+38  7.0744E+42
  1.2590E+01  1.8702E+43  1.2358E+43  2.0923E+38  6.3438E+42
  1.3340E+01  1.6729E+43  1.1184E+43  1.4040E+38  5.5450E+42
  1.4130E+01  1.5051E+43  1.0346E+43  9.3049E+37  4.7046E+42
  1.4960E+01  1.3775E+43  9.9649E+42  6.4414E+37  3.8100E+42
  1.5850E+01  1.2775E+43  9.7452E+42  4.7084E+37  3.0301E+42
  1.6790E+01  1.2011E+43  9.6133E+42  3.6241E+37  2.3975E+42
  1.7780E+01  1.1442E+43  9.5270E+42  2.9087E+37  1.9152E+42
  1.8840E+01  1.1028E+43  9.4684E+42  2.3658E+37  1.5596E+42
  1.9950E+01  1.0733E+43  9.4321E+42  1.8863E+37  1.3013E+42
  2.1130E+01  1.0545E+43  9.4584E+42  1.4697E+37  1.0861E+42
  2.2390E+01  1.0444E+43  9.5449E+42  1.1486E+37  8.9936E+41
  2.3710E+01  1.0402E+43  9.6595E+42  8.9792E+36  7.4299E+41
  2.5120E+01  1.0361E+43  9.7509E+42  7.0294E+36  6.1026E+41
  2.6610E+01  1.0285E+43  9.7845E+42  5.4693E+36  5.0011E+41
  2.8180E+01  1.0133E+43  9.7234E+42  4.2347E+36  4.0918E+41
  2.9850E+01  9.8688E+42  9.5350E+42  3.2487E+36  3.3377E+41
  3.1620E+01  9.4740E+42  9.2022E+42  2.4578E+36  2.7179E+41
  3.3500E+01  8.9432E+42  8.7224E+42  1.8306E+36  2.2088E+41
  3.5480E+01  8.2923E+42  8.1128E+42  1.3412E+36  1.7948E+41
  3.7580E+01  7.5477E+42  7.4021E+42  9.6552E+35  1.4566E+41
  3.9810E+01  6.7387E+42  6.6206E+42  6.8280E+35  1.1808E+41
  4.2170E+01  5.9103E+42  5.8146E+42  4.7445E+35  9.5652E+40
  4.4670E+01  5.0979E+42  5.0205E+42  3.2390E+35  7.7410E+40
  4.7320E+01  4.3306E+42  4.2681E+42  2.1767E+35  6.2568E+40
  5.0120E+01  3.6276E+42  3.5771E+42  1.4418E+35  5.0545E+40
  5.3090E+01  2.9982E+42  2.9574E+42  9.4201E+34  4.0775E+40
  5.6230E+01  2.4493E+42  2.4165E+42  6.0815E+34  3.2871E+40
  5.9570E+01  1.9781E+42  1.9516E+42  3.8802E+34  2.6446E+40
  6.3100E+01  1.5824E+42  1.5611E+42  2.4521E+34  2.1268E+40
  6.6830E+01  1.2551E+42  1.2380E+42  1.5365E+34  1.7095E+40
  7.0790E+01  9.8751E+41  9.7378E+41  9.5499E+33  1.3722E+40
  7.4990E+01  7.7115E+41  7.6015E+41  5.8924E+33  1.1003E+40
  7.9430E+01  5.9842E+41  5.8960E+41  3.6138E+33  8.8190E+39
  8.4140E+01  4.6158E+41  4.5452E+41  2.2030E+33  7.0616E+39
  8.9130E+01  3.5434E+41  3.4869E+41  1.3370E+33  5.6504E+39
  9.4410E+01  2.7079E+41  2.6627E+41  8.0799E+32  4.5198E+39
  1.0000E+02  2.0603E+41  2.0242E+41  4.8627E+32  3.6139E+39
  1.0590E+02  1.5631E+41  1.5342E+41  2.9196E+32  2.8903E+39
  1.1220E+02  1.1823E+41  1.1592E+41  1.7472E+32  2.3064E+39
  1.1890E+02  8.9370E+40  8.7532E+40  1.0453E+32  1.8382E+39
  1.2590E+02  6.7864E+40  6.6395E+40  6.2862E+31  1.4689E+39
  1.3340E+02  5.1634E+40  5.0464E+40  3.7939E+31  1.1704E+39
  1.4130E+02  3.8909E+40  3.7976E+40  2.2764E+31  9.3350E+38
  1.4960E+02  2.8652E+40  2.7907E+40  1.3338E+31  7.4580E+38
  1.5850E+02  2.0926E+40  2.0332E+40  7.7323E+30  5.9402E+38
  1.7780E+02  1.1246E+40  1.0868E+40  2.6165E+30  3.7753E+38
  1.9950E+02  6.0432E+39  5.8038E+39  8.8669E+29  2.3949E+38
  2.2390E+02  3.2353E+39  3.0836E+39  2.9998E+29  1.5169E+38
  2.5120E+02  1.7275E+39  1.6314E+39  1.0141E+29  9.6139E+37
  2.8180E+02  9.1964E+38  8.5872E+38  3.4251E+28  6.0924E+37
  3.1620E+02  4.8806E+38  4.4951E+38  1.1558E+28  3.8557E+37
  3.5480E+02  2.5870E+38  2.3431E+38  3.9031E+27  2.4391E+37
  3.9810E+02  1.3709E+38  1.2166E+38  1.3214E+27  1.5427E+37
  4.4670E+02  7.2699E+37  6.2946E+37  4.4892E+26  9.7527E+36
  5.0120E+02  3.8639E+37  3.2473E+37  1.5329E+26  6.1656E+36
  5.6230E+02  2.0612E+37  1.6713E+37  5.2680E+25  3.8984E+36
  6.3100E+02  1.1035E+37  8.5728E+36  1.8226E+25  2.4620E+36
  7.0790E+02  5.9483E+36  4.3920E+36  6.3674E+24  1.5563E+36
  7.9430E+02  3.2270E+36  2.2440E+36  2.2441E+24  9.8301E+35
  8.9130E+02  1.7647E+36  1.1440E+36  7.9884E+23  6.2065E+35
  1.0000E+03  9.7467E+35  5.8260E+35  2.8763E+23  3.9207E+35
