  1.0000E-03  8.9227E+44  0.0000E+00  1.5647E+43  8.7662E+44
  1.1220E-03  9.9954E+44  0.0000E+00  1.5964E+43  9.8357E+44
  1.2590E-03  1.1196E+45  0.0000E+00  1.5887E+43  1.1037E+45
  1.4130E-03  1.2542E+45  0.0000E+00  1.5490E+43  1.2387E+45
  1.5850E-03  1.4047E+45  0.0000E+00  1.5246E+43  1.3894E+45
  1.7780E-03  1.5763E+45  0.0000E+00  1.7712E+43  1.5586E+45
  1.9950E-03  1.7660E+45  0.0000E+00  1.7168E+43  1.7488E+45
  2.2390E-03  1.9786E+45  0.0000E+00  1.5836E+43  1.9627E+45
  2.5120E-03  2.2209E+45  0.0000E+00  1.8881E+43  2.2020E+45
  2.8180E-03  2.4883E+45  0.0000E+00  1.8086E+43  2.4702E+45
  3.1620E-03  2.7890E+45  0.0000E+00  1.7182E+43  2.7718E+45
  3.5480E-03  3.1266E+45  0.0000E+00  1.6290E+43  3.1103E+45
  3.9810E-03  3.5053E+45  0.0000E+00  1.5438E+43  3.4898E+45
  4.4670E-03  3.9717E+45  0.0000E+00  5.5833E+43  3.9158E+45
  5.0120E-03  4.4472E+45  0.0000E+00  5.3647E+43  4.3936E+45
  5.6230E-03  4.9805E+45  0.0000E+00  5.1308E+43  4.9292E+45
  5.9570E-03  5.2724E+45  0.0000E+00  5.0327E+43  5.2220E+45
  6.6830E-03  5.9077E+45  0.0000E+00  4.9188E+43  5.8585E+45
  7.4990E-03  6.6231E+45  0.0000E+00  4.9308E+43  6.5738E+45
  8.4140E-03  7.4255E+45  0.0000E+00  4.9618E+43  7.3758E+45
  9.4410E-03  8.3265E+45  0.0000E+00  5.0390E+43  8.2761E+45
  1.0590E-02  9.3345E+45  0.0000E+00  5.1196E+43  9.2833E+45
  1.1890E-02  1.0477E+46  0.0000E+00  5.4286E+43  1.0423E+46
  1.3340E-02  1.1750E+46  0.0000E+00  5.6456E+43  1.1694E+46
  1.4960E-02  1.3173E+46  0.0000E+00  5.9289E+43  1.3114E+46
  1.6790E-02  1.4781E+46  0.0000E+00  6.2476E+43  1.4718E+46
  1.8840E-02  1.6582E+46  0.0000E+00  6.6159E+43  1.6515E+46
  2.1130E-02  1.8594E+46  0.0000E+00  7.0889E+43  1.8524E+46
  2.3710E-02  2.0861E+46  0.0000E+00  7.6188E+43  2.0785E+46
  2.6610E-02  2.3409E+46  0.0000E+00  8.2197E+43  2.3326E+46
  2.9850E-02  2.6255E+46  1.0727E-82  8.8946E+43  2.6166E+46
  3.3500E-02  2.9463E+46  6.7515E-68  9.6230E+43  2.9367E+46
  3.7580E-02  3.3046E+46  8.4728E-55  1.0352E+44  3.2942E+46
  4.2170E-02  3.7098E+46  3.6338E-43  1.3088E+44  3.6967E+46
  4.7320E-02  4.1632E+46  9.3298E-33  1.5068E+44  4.1482E+46
  5.3090E-02  4.3373E+46  1.6392E-23  1.6064E+44  4.3212E+46
  6.6830E-02  4.1436E+46  5.5993E-08  1.6753E+44  4.1268E+46
  7.4990E-02  4.0498E+46  1.7674E-01  1.6962E+44  4.0328E+46
  8.4140E-02  3.9571E+46  9.0921E+04  1.6064E+44  3.9410E+46
  9.4410E-02  3.8668E+46  1.0675E+10  1.5568E+44  3.8513E+46
  1.0590E-01  3.5197E+46  2.9663E+14  1.4154E+44  3.5055E+46
  1.1890E-01  2.9573E+46  2.4060E+18  1.0567E+44  2.9467E+46
  1.3340E-01  2.4877E+46  5.5202E+21  8.1394E+43  2.4795E+46
  1.4960E-01  2.0935E+46  6.8732E+24  5.6056E+43  2.0878E+46
  1.5850E-01  1.9192E+46  2.0507E+26  4.6471E+43  1.9145E+46
  1.7780E-01  1.6151E+46  9.9789E+28  3.6241E+43  1.6114E+46
  1.9950E-01  1.3590E+46  2.5466E+31  3.1524E+43  1.3558E+46
  2.2390E-01  1.1436E+46  2.8143E+33  3.3112E+43  1.1403E+46
  2.3710E-01  1.0497E+46  1.9501E+34  3.2805E+43  1.0464E+46
  2.5120E-01  9.6259E+45  1.1831E+35  3.0091E+43  9.5958E+45
  2.6610E-01  8.8280E+45  6.6235E+35  2.6825E+43  8.8012E+45
  2.8180E-01  8.1000E+45  3.3621E+36  2.3892E+43  8.0761E+45
  2.9850E-01  7.4294E+45  1.5460E+37  2.1527E+43  7.4079E+45
  3.1620E-01  6.8144E+45  6.3733E+37  1.9732E+43  6.7947E+45
  3.3500E-01  6.2490E+45  2.3934E+38  1.8235E+43  6.2308E+45
  3.5480E-01  5.7334E+45  8.2060E+38  1.6949E+43  5.7165E+45
  3.7580E-01  5.2600E+45  2.5975E+39  1.5840E+43  5.2442E+45
  3.9810E-01  4.8247E+45  7.5654E+39  1.4910E+43  4.8097E+45
  4.2170E-01  4.4258E+45  2.0254E+40  1.4149E+43  4.4116E+45
  4.4670E-01  4.0602E+45  5.0254E+40  1.3537E+43  4.0466E+45
  4.7320E-01  3.7246E+45  1.1716E+41  1.2994E+43  3.7115E+45
  5.0120E-01  3.4175E+45  2.5728E+41  1.2494E+43  3.4048E+45
  5.3090E-01  3.1358E+45  5.3507E+41  1.2035E+43  3.1232E+45
  5.6230E-01  2.8778E+45  1.0520E+42  1.1624E+43  2.8651E+45
  5.9570E-01  2.6408E+45  1.9684E+42  1.1248E+43  2.6276E+45
  6.3100E-01  2.4247E+45  3.5039E+42  1.0910E+43  2.4103E+45
  6.6830E-01  2.2279E+45  5.9404E+42  1.0596E+43  2.2114E+45
  7.0790E-01  2.0484E+45  9.6366E+42  1.0336E+43  2.0284E+45
  7.4990E-01  1.8856E+45  1.4975E+43  1.0112E+43  1.8605E+45
  7.9430E-01  1.7389E+45  2.2333E+43  9.9288E+42  1.7066E+45
  8.4140E-01  1.6072E+45  3.2073E+43  9.7845E+42  1.5653E+45
  8.9130E-01  1.4899E+45  4.4522E+43  9.6897E+42  1.4357E+45
  9.4410E-01  1.3863E+45  5.9664E+43  9.6162E+42  1.3170E+45
  1.0000E+00  1.2949E+45  7.7283E+43  9.5325E+42  1.2081E+45
  1.0590E+00  1.2150E+45  9.7003E+43  9.4496E+42  1.1086E+45
  1.1220E+00  1.1446E+45  1.1873E+44  9.3525E+42  1.0165E+45
  1.1890E+00  1.0830E+45  1.4193E+44  9.2203E+42  9.3183E+44
  1.2590E+00  1.0295E+45  1.6530E+44  9.0361E+42  8.5520E+44
  1.3340E+00  9.8111E+44  1.8822E+44  8.7908E+42  7.8411E+44
  1.4130E+00  9.3659E+44  2.0883E+44  8.4869E+42  7.1927E+44
  1.4960E+00  8.9498E+44  2.2660E+44  8.1244E+42  6.6026E+44
  1.5850E+00  8.5491E+44  2.4178E+44  7.6975E+42  6.0543E+44
  1.6790E+00  8.1564E+44  2.5313E+44  7.2083E+42  5.5530E+44
  1.7780E+00  7.7632E+44  2.6009E+44  6.6552E+42  5.0957E+44
  1.8840E+00  7.3647E+44  2.6324E+44  6.0439E+42  4.6719E+44
  1.9950E+00  6.9647E+44  2.6233E+44  5.3950E+42  4.2875E+44
  2.1130E+00  6.5601E+44  2.5795E+44  4.7281E+42  3.9333E+44
  2.2390E+00  6.1499E+44  2.5032E+44  4.0668E+42  3.6061E+44
  2.3710E+00  5.7437E+44  2.4002E+44  3.4371E+42  3.3092E+44
  2.5120E+00  5.3422E+44  2.2792E+44  2.8572E+42  3.0344E+44
  2.6610E+00  4.9508E+44  2.1441E+44  2.3400E+42  2.7832E+44
  2.8180E+00  4.5719E+44  1.9992E+44  1.8905E+42  2.5538E+44
  2.9850E+00  4.2088E+44  1.8510E+44  1.5086E+42  2.3426E+44
  3.1620E+00  3.8625E+44  1.7019E+44  1.1908E+42  2.1487E+44
  3.3500E+00  3.5402E+44  1.5605E+44  9.3071E+41  1.9704E+44
  3.5480E+00  3.2369E+44  1.4219E+44  7.2161E+41  1.8078E+44
  3.7580E+00  2.9554E+44  1.2915E+44  5.5501E+41  1.6583E+44
  3.9810E+00  2.6946E+44  1.1693E+44  4.2378E+41  1.5210E+44
  4.2170E+00  2.4541E+44  1.0558E+44  3.2154E+41  1.3951E+44
  4.4670E+00  2.2330E+44  9.5093E+43  2.4253E+41  1.2796E+44
  4.7320E+00  2.0307E+44  8.5521E+43  1.8177E+41  1.1737E+44
  5.0120E+00  1.8489E+44  7.6840E+43  1.3568E+41  1.0791E+44
  5.3090E+00  1.6507E+44  6.8950E+43  9.8822E+40  9.6024E+43
  5.6230E+00  1.4673E+44  6.1856E+43  7.1241E+40  8.4805E+43
  5.9570E+00  1.2990E+44  5.5532E+43  5.0848E+40  7.4316E+43
  6.3100E+00  1.1434E+44  4.9595E+43  3.5933E+40  6.4710E+43
  6.6830E+00  1.0078E+44  4.4741E+43  2.5249E+40  5.6014E+43
  7.0790E+00  8.8369E+43  4.0162E+43  1.7514E+40  4.8190E+43
  7.4990E+00  7.8157E+43  3.6916E+43  1.1816E+40  4.1229E+43
  7.9430E+00  7.3023E+43  3.7906E+43  7.5590E+39  3.5109E+43
  8.4140E+00  7.2556E+43  4.2799E+43  4.9049E+39  2.9752E+43
  8.9130E+00  7.1476E+43  4.6369E+43  3.4729E+39  2.5104E+43
  9.4410E+00  6.9554E+43  4.8451E+43  2.7893E+39  2.1101E+43
  1.0000E+01  5.9445E+43  4.1773E+43  2.2276E+39  1.7671E+43
  1.0590E+01  4.9510E+43  3.4750E+43  1.7559E+39  1.4758E+43
  1.1220E+01  4.0498E+43  2.8230E+43  1.3014E+39  1.2267E+43
  1.1890E+01  3.3384E+43  2.3224E+43  9.4580E+38  1.0159E+43
  1.2590E+01  2.7872E+43  1.9459E+43  6.7220E+38  8.4119E+42
  1.3340E+01  2.3568E+43  1.6636E+43  4.6605E+38  6.9319E+42
  1.4130E+01  2.0565E+43  1.4860E+43  3.1477E+38  5.7050E+42
  1.4960E+01  1.9080E+43  1.4388E+43  2.1694E+38  4.6919E+42
  1.5850E+01  1.8178E+43  1.4337E+43  1.5713E+38  3.8414E+42
  1.6790E+01  1.7616E+43  1.4475E+43  1.1991E+38  3.1409E+42
  1.7780E+01  1.7109E+43  1.4543E+43  9.5965E+37  2.5663E+42
  1.8840E+01  1.6418E+43  1.4329E+43  7.8540E+37  2.0888E+42
  1.9950E+01  1.5532E+43  1.3830E+43  6.3500E+37  1.7013E+42
  2.1130E+01  1.4779E+43  1.3396E+43  5.0181E+37  1.3827E+42
  2.2390E+01  1.4247E+43  1.3127E+43  3.9701E+37  1.1203E+42
  2.3710E+01  1.3867E+43  1.2958E+43  3.1378E+37  9.0864E+41
  2.5120E+01  1.3563E+43  1.2828E+43  2.4837E+37  7.3479E+41
  2.6610E+01  1.3277E+43  1.2684E+43  1.9555E+37  5.9383E+41
  2.8180E+01  1.2968E+43  1.2488E+43  1.5344E+37  4.7994E+41
  2.9850E+01  1.2589E+43  1.2202E+43  1.1959E+37  3.8717E+41
  3.1620E+01  1.2107E+43  1.1795E+43  9.2166E+36  3.1199E+41
  3.3500E+01  1.1513E+43  1.1262E+43  7.0164E+36  2.5106E+41
  3.5480E+01  1.0811E+43  1.0609E+43  5.2715E+36  2.0210E+41
  3.7580E+01  1.0011E+43  9.8489E+42  3.9037E+36  1.6253E+41
  3.9810E+01  9.1234E+42  8.9929E+42  2.8472E+36  1.3054E+41
  4.2170E+01  8.1915E+42  8.0867E+42  2.0444E+36  1.0479E+41
  4.4670E+01  7.2495E+42  7.1654E+42  1.4442E+36  8.4074E+40
  4.7320E+01  6.3296E+42  6.2622E+42  1.0050E+36  6.7400E+40
  5.0120E+01  5.4553E+42  5.4012E+42  6.8942E+35  5.4034E+40
  5.3090E+01  4.6421E+42  4.5988E+42  4.6643E+35  4.3282E+40
  5.6230E+01  3.9051E+42  3.8704E+42  3.1160E+35  3.4667E+40
  5.9570E+01  3.2468E+42  3.2191E+42  2.0554E+35  2.7728E+40
  6.3100E+01  2.6725E+42  2.6503E+42  1.3412E+35  2.2180E+40
  6.6830E+01  2.1789E+42  2.1612E+42  8.6644E+34  1.7744E+40
  7.0790E+01  1.7608E+42  1.7466E+42  5.5443E+34  1.4183E+40
  7.4990E+01  1.4105E+42  1.3992E+42  3.5162E+34  1.1329E+40
  7.9430E+01  1.1215E+42  1.1124E+42  2.2129E+34  9.0505E+39
  8.4140E+01  8.8515E+41  8.7793E+41  1.3820E+34  7.2256E+39
  8.9130E+01  6.9440E+41  6.8863E+41  8.5783E+33  5.7665E+39
  9.4410E+01  5.4152E+41  5.3692E+41  5.2932E+33  4.6021E+39
  1.0000E+02  4.1989E+41  4.1622E+41  3.2476E+33  3.6722E+39
  1.0590E+02  3.2417E+41  3.2124E+41  1.9844E+33  2.9317E+39
  1.1220E+02  2.4918E+41  2.4684E+41  1.2068E+33  2.3358E+39
  1.1890E+02  1.9112E+41  1.8927E+41  7.3253E+32  1.8590E+39
  1.2590E+02  1.4696E+41  1.4547E+41  4.4593E+32  1.4838E+39
  1.3340E+02  1.1304E+41  1.1186E+41  2.7199E+32  1.1811E+39
  1.4130E+02  8.6105E+40  8.5164E+40  1.6489E+32  9.4117E+38
  1.4960E+02  6.4187E+40  6.3435E+40  9.7714E+31  7.5121E+38
  1.5850E+02  4.7433E+40  4.6835E+40  5.7251E+31  5.9781E+38
  1.7780E+02  2.5985E+40  2.5605E+40  1.9697E+31  3.7942E+38
  1.9950E+02  1.4172E+40  1.3932E+40  6.7534E+30  2.4043E+38
  2.2390E+02  7.6729E+39  7.5208E+39  2.3020E+30  1.5216E+38
  2.5120E+02  4.1298E+39  4.0334E+39  7.8094E+29  9.6376E+37
  2.8180E+02  2.2092E+39  2.1482E+39  2.6366E+29  6.1043E+37
  3.1620E+02  1.1746E+39  1.1360E+39  8.8583E+28  3.8617E+37
  3.5480E+02  6.2183E+38  5.9741E+38  2.9665E+28  2.4421E+37
  3.9810E+02  3.2803E+38  3.1259E+38  9.9164E+27  1.5442E+37
  4.4670E+02  1.7257E+38  1.6281E+38  3.3111E+27  9.7603E+36
  5.0120E+02  9.0648E+37  8.4478E+37  1.1060E+27  6.1695E+36
  5.6230E+02  4.7599E+37  4.3698E+37  3.7000E+26  3.9003E+36
  6.3100E+02  2.4976E+37  2.2513E+37  1.2400E+26  2.4629E+36
  7.0790E+02  1.3135E+37  1.1578E+37  4.1759E+25  1.5568E+36
  7.9430E+02  6.9187E+36  5.9355E+36  1.4123E+25  9.8325E+35
  8.9130E+02  3.6557E+36  3.0350E+36  4.8059E+24  6.2077E+35
  1.0000E+03  1.9417E+36  1.5495E+36  1.6489E+24  3.9214E+35
