  1.0000E-03  9.7760E+44  0.0000E+00  1.0098E+44  8.7662E+44
  1.1220E-03  1.0774E+45  0.0000E+00  9.3831E+43  9.8357E+44
  1.2590E-03  1.1896E+45  0.0000E+00  8.5924E+43  1.1037E+45
  1.4130E-03  1.3171E+45  0.0000E+00  7.8381E+43  1.2387E+45
  1.5850E-03  1.4637E+45  0.0000E+00  7.4262E+43  1.3894E+45
  1.7780E-03  1.6418E+45  0.0000E+00  8.3210E+43  1.5586E+45
  1.9950E-03  1.8247E+45  0.0000E+00  7.5842E+43  1.7488E+45
  2.2390E-03  2.0329E+45  0.0000E+00  7.0208E+43  1.9627E+45
  2.5120E-03  2.2783E+45  0.0000E+00  7.6268E+43  2.2020E+45
  2.8180E-03  2.5395E+45  0.0000E+00  6.9276E+43  2.4702E+45
  3.1620E-03  2.8357E+45  0.0000E+00  6.3888E+43  2.7718E+45
  3.5480E-03  3.1691E+45  0.0000E+00  5.8792E+43  3.1103E+45
  3.9810E-03  3.5431E+45  0.0000E+00  5.3308E+43  3.4898E+45
  4.4670E-03  4.1091E+45  0.0000E+00  1.9323E+44  3.9158E+45
  5.0120E-03  4.6030E+45  0.0000E+00  2.0937E+44  4.3936E+45
  5.6230E-03  5.1646E+45  0.0000E+00  2.3536E+44  4.9292E+45
  5.9570E-03  5.4723E+45  0.0000E+00  2.5022E+44  5.2220E+45
  6.6830E-03  6.1394E+45  0.0000E+00  2.8087E+44  5.8585E+45
  7.4990E-03  6.8870E+45  0.0000E+00  3.1317E+44  6.5738E+45
  8.4140E-03  7.7180E+45  0.0000E+00  3.4212E+44  7.3758E+45
  9.4410E-03  8.6460E+45  0.0000E+00  3.6991E+44  8.2761E+45
  1.0590E-02  9.6808E+45  0.0000E+00  3.9750E+44  9.2833E+45
  1.1890E-02  1.0845E+46  0.0000E+00  4.2181E+44  1.0423E+46
  1.3340E-02  1.2140E+46  0.0000E+00  4.4601E+44  1.1694E+46
  1.4960E-02  1.3583E+46  0.0000E+00  4.6919E+44  1.3114E+46
  1.6790E-02  1.5212E+46  0.0000E+00  4.9333E+44  1.4718E+46
  1.8840E-02  1.7034E+46  0.0000E+00  5.1866E+44  1.6515E+46
  2.1130E-02  1.9068E+46  0.0000E+00  5.4461E+44  1.8524E+46
  2.3710E-02  2.1357E+46  0.0000E+00  5.7201E+44  2.0785E+46
  2.6610E-02  2.3926E+46  0.0000E+00  5.9999E+44  2.3326E+46
  2.9850E-02  2.6794E+46  1.1768E-82  6.2723E+44  2.6166E+46
  3.3500E-02  3.0017E+46  7.2736E-68  6.4996E+44  2.9367E+46
  3.7580E-02  3.3625E+46  9.0917E-55  6.8243E+44  3.2942E+46
  4.2170E-02  3.7857E+46  3.8324E-43  8.9039E+44  3.6967E+46
  4.7320E-02  4.2419E+46  9.5010E-33  9.3738E+44  4.1482E+46
  5.3090E-02  4.4092E+46  1.6123E-23  8.7993E+44  4.3212E+46
  6.6830E-02  4.1873E+46  5.0060E-08  6.0487E+44  4.1268E+46
  7.4990E-02  4.0794E+46  1.4707E-01  4.6601E+44  4.0328E+46
  8.4140E-02  3.9882E+46  7.5270E+04  4.7227E+44  3.9410E+46
  9.4410E-02  3.9003E+46  8.7061E+09  4.9054E+44  3.8513E+46
  1.0590E-01  3.5641E+46  2.4208E+14  5.8506E+44  3.5055E+46
  1.1890E-01  3.0033E+46  2.1118E+18  5.6514E+44  2.9467E+46
  1.3340E-01  2.5321E+46  5.4434E+21  5.2556E+44  2.4795E+46
  1.4960E-01  2.1238E+46  7.3584E+24  3.5966E+44  2.0878E+46
  1.5850E-01  1.9423E+46  2.2140E+26  2.7765E+44  1.9145E+46
  1.7780E-01  1.6311E+46  1.0146E+29  1.9694E+44  1.6114E+46
  1.9950E-01  1.3692E+46  2.2655E+31  1.3354E+44  1.3558E+46
  2.2390E-01  1.1523E+46  2.2786E+33  1.1986E+44  1.1403E+46
  2.3710E-01  1.0608E+46  1.6383E+34  1.4358E+44  1.0464E+46
  2.5120E-01  9.7503E+45  1.0498E+35  1.5449E+44  9.5958E+45
  2.6610E-01  8.9500E+45  6.1320E+35  1.4876E+44  8.8012E+45
  2.8180E-01  8.2131E+45  3.2123E+36  1.3699E+44  8.0761E+45
  2.9850E-01  7.5334E+45  1.5158E+37  1.2549E+44  7.4079E+45
  3.1620E-01  6.9110E+45  6.3944E+37  1.1633E+44  6.7947E+45
  3.3500E-01  6.3388E+45  2.4503E+38  1.0797E+44  6.2308E+45
  3.5480E-01  5.8167E+45  8.5425E+38  1.0024E+44  5.7165E+45
  3.7580E-01  5.3374E+45  2.7432E+39  9.3242E+43  5.2442E+45
  3.9810E-01  4.8969E+45  8.1019E+39  8.7191E+43  4.8097E+45
  4.2170E-01  4.4938E+45  2.1990E+40  8.2149E+43  4.4116E+45
  4.4670E-01  4.1245E+45  5.5330E+40  7.7870E+43  4.0466E+45
  4.7320E-01  3.7855E+45  1.3078E+41  7.3921E+43  3.7115E+45
  5.0120E-01  3.4753E+45  2.9118E+41  7.0193E+43  3.4048E+45
  5.3090E-01  3.1906E+45  6.1406E+41  6.6809E+43  3.1232E+45
  5.6230E-01  2.9302E+45  1.2251E+42  6.3801E+43  2.8651E+45
  5.9570E-01  2.6911E+45  2.3279E+42  6.1205E+43  2.6276E+45
  6.3100E-01  2.4736E+45  4.2125E+42  5.9051E+43  2.4103E+45
  6.6830E-01  2.2761E+45  7.2666E+42  5.7420E+43  2.2114E+45
  7.0790E-01  2.0969E+45  1.2016E+43  5.6437E+43  2.0284E+45
  7.4990E-01  1.9356E+45  1.9064E+43  5.6087E+43  1.8605E+45
  7.9430E-01  1.7922E+45  2.9087E+43  5.6479E+43  1.7066E+45
  8.4140E-01  1.6660E+45  4.2806E+43  5.7858E+43  1.5653E+45
  8.9130E-01  1.5570E+45  6.1036E+43  6.0269E+43  1.4357E+45
  9.4410E-01  1.4648E+45  8.4117E+43  6.3726E+43  1.3170E+45
  1.0000E+00  1.3882E+45  1.1210E+44  6.7952E+43  1.2081E+45
  1.0590E+00  1.3262E+45  1.4487E+44  7.2716E+43  1.1086E+45
  1.1220E+00  1.2770E+45  1.8280E+44  7.7695E+43  1.0165E+45
  1.1890E+00  1.2397E+45  2.2543E+44  8.2436E+43  9.3183E+44
  1.2590E+00  1.2125E+45  2.7104E+44  8.6261E+43  8.5520E+44
  1.3340E+00  1.1917E+45  3.1843E+44  8.9185E+43  7.8411E+44
  1.4130E+00  1.1740E+45  3.6388E+44  9.0894E+43  7.1927E+44
  1.4960E+00  1.1573E+45  4.0589E+44  9.1145E+43  6.6026E+44
  1.5850E+00  1.1397E+45  4.4441E+44  8.9862E+43  6.0543E+44
  1.6790E+00  1.1186E+45  4.7646E+44  8.6807E+43  5.5530E+44
  1.7780E+00  1.0917E+45  5.0013E+44  8.1965E+43  5.0957E+44
  1.8840E+00  1.0584E+45  5.1560E+44  7.5653E+43  4.6719E+44
  1.9950E+00  1.0186E+45  5.2159E+44  6.8225E+43  4.2875E+44
  2.1130E+00  9.7218E+44  5.1868E+44  6.0180E+43  3.9333E+44
  2.2390E+00  9.1954E+44  5.0696E+44  5.1964E+43  3.6061E+44
  2.3710E+00  8.6252E+44  4.8760E+44  4.4007E+43  3.3092E+44
  2.5120E+00  8.0256E+44  4.6248E+44  3.6641E+43  3.0344E+44
  2.6610E+00  7.4115E+44  4.3279E+44  3.0041E+43  2.7832E+44
  2.8180E+00  6.7955E+44  3.9988E+44  2.4284E+43  2.5538E+44
  2.9850E+00  6.1918E+44  3.6553E+44  1.9384E+43  2.3426E+44
  3.1620E+00  5.6083E+44  3.3067E+44  1.5297E+43  2.1487E+44
  3.3500E+00  5.0636E+44  2.9737E+44  1.1949E+43  1.9704E+44
  3.5480E+00  4.5517E+44  2.6514E+44  9.2522E+42  1.8078E+44
  3.7580E+00  4.0805E+44  2.3511E+44  7.1024E+42  1.6583E+44
  3.9810E+00  3.6492E+44  2.0741E+44  5.4081E+42  1.5210E+44
  4.2170E+00  3.2579E+44  1.8220E+44  4.0888E+42  1.3951E+44
  4.4670E+00  2.9049E+44  1.5946E+44  3.0707E+42  1.2796E+44
  4.7320E+00  2.5884E+44  1.3918E+44  2.2892E+42  1.1737E+44
  5.0120E+00  2.3087E+44  1.2125E+44  1.6973E+42  1.0791E+44
  5.3090E+00  2.0263E+44  1.0538E+44  1.2316E+42  9.6024E+43
  5.6230E+00  1.7716E+44  9.1471E+43  8.8380E+41  8.4805E+43
  5.9570E+00  1.5433E+44  7.9383E+43  6.2736E+41  7.4316E+43
  6.3100E+00  1.3363E+44  6.8483E+43  4.4045E+41  6.4710E+43
  6.6830E+00  1.1609E+44  5.9773E+43  3.0770E+41  5.6014E+43
  7.0790E+00  1.0029E+44  5.1888E+43  2.1200E+41  4.8190E+43
  7.4990E+00  8.7172E+43  4.5802E+43  1.4070E+41  4.1229E+43
  7.9430E+00  7.9205E+43  4.4010E+43  8.4925E+40  3.5109E+43
  8.4140E+00  7.5972E+43  4.6170E+43  5.0048E+40  2.9752E+43
  8.9130E+00  7.2799E+43  4.7663E+43  3.2830E+40  2.5104E+43
  9.4410E+00  6.9378E+43  4.8253E+43  2.4868E+40  2.1101E+43
  1.0000E+01  5.9390E+43  4.1699E+43  2.0290E+40  1.7671E+43
  1.0590E+01  4.9565E+43  3.4790E+43  1.6552E+40  1.4758E+43
  1.1220E+01  4.0495E+43  2.8215E+43  1.2780E+40  1.2267E+43
  1.1890E+01  3.3122E+43  2.2954E+43  9.5420E+39  1.0159E+43
  1.2590E+01  2.7293E+43  1.8874E+43  6.8992E+39  8.4119E+42
  1.3340E+01  2.2659E+43  1.5722E+43  4.8075E+39  6.9319E+42
  1.4130E+01  1.9360E+43  1.3651E+43  3.2237E+39  5.7050E+42
  1.4960E+01  1.7632E+43  1.2937E+43  2.1816E+39  4.6919E+42
  1.5850E+01  1.6483E+43  1.2640E+43  1.5465E+39  3.8414E+42
  1.6790E+01  1.5647E+43  1.2505E+43  1.1534E+39  3.1409E+42
  1.7780E+01  1.4825E+43  1.2258E+43  9.0161E+38  2.5663E+42
  1.8840E+01  1.3781E+43  1.1692E+43  7.1981E+38  2.0888E+42
  1.9950E+01  1.2544E+43  1.0842E+43  5.6618E+38  1.7013E+42
  2.1130E+01  1.1443E+43  1.0060E+43  4.3346E+38  1.3827E+42
  2.2390E+01  1.0566E+43  9.4458E+42  3.3116E+38  1.1203E+42
  2.3710E+01  9.8601E+42  8.9512E+42  2.5246E+38  9.0864E+41
  2.5120E+01  9.2598E+42  8.5248E+42  1.9266E+38  7.3479E+41
  2.6610E+01  8.7261E+42  8.1321E+42  1.4637E+38  5.9383E+41
  2.8180E+01  8.2330E+42  7.7529E+42  1.1103E+38  4.7994E+41
  2.9850E+01  7.7484E+42  7.3611E+42  8.3823E+37  3.8717E+41
  3.1620E+01  7.2518E+42  6.9398E+42  6.2741E+37  3.1199E+41
  3.3500E+01  6.7359E+42  6.4848E+42  4.6511E+37  2.5106E+41
  3.5480E+01  6.2027E+42  6.0006E+42  3.4129E+37  2.0210E+41
  3.7580E+01  5.6519E+42  5.4894E+42  2.4750E+37  1.6253E+41
  3.9810E+01  5.0837E+42  4.9531E+42  1.7720E+37  1.3054E+41
  4.2170E+01  4.5183E+42  4.4135E+42  1.2520E+37  1.0479E+41
  4.4670E+01  3.9689E+42  3.8848E+42  8.7239E+36  8.4074E+40
  4.7320E+01  3.4476E+42  3.3802E+42  6.0016E+36  6.7400E+40
  5.0120E+01  2.9625E+42  2.9085E+42  4.0789E+36  5.4034E+40
  5.3090E+01  2.5180E+42  2.4747E+42  2.7393E+36  4.3282E+40
  5.6230E+01  2.1191E+42  2.0845E+42  1.8198E+36  3.4667E+40
  5.9570E+01  1.7650E+42  1.7373E+42  1.1956E+36  2.7728E+40
  6.3100E+01  1.4569E+42  1.4347E+42  7.7819E+35  2.2180E+40
  6.6830E+01  1.1922E+42  1.1744E+42  5.0205E+35  1.7744E+40
  7.0790E+01  9.6764E+41  9.5346E+41  3.2119E+35  1.4183E+40
  7.4990E+01  7.7901E+41  7.6768E+41  2.0383E+35  1.1329E+40
  7.9430E+01  6.2265E+41  6.1360E+41  1.2846E+35  9.0505E+39
  8.4140E+01  4.9420E+41  4.8697E+41  8.0389E+34  7.2256E+39
  8.9130E+01  3.8993E+41  3.8416E+41  5.0027E+34  5.7665E+39
  9.4410E+01  3.0586E+41  3.0125E+41  3.0960E+34  4.6021E+39
  1.0000E+02  2.3854E+41  2.3487E+41  1.9057E+34  3.6722E+39
  1.0590E+02  1.8523E+41  1.8230E+41  1.1685E+34  2.9317E+39
  1.1220E+02  1.4319E+41  1.4086E+41  7.1323E+33  2.3358E+39
  1.1890E+02  1.1044E+41  1.0859E+41  4.3453E+33  1.8590E+39
  1.2590E+02  8.5372E+40  8.3889E+40  2.6550E+33  1.4838E+39
  1.3340E+02  6.6007E+40  6.4826E+40  1.6253E+33  1.1811E+39
  1.4130E+02  5.0533E+40  4.9591E+40  9.8906E+32  9.4117E+38
  1.4960E+02  3.7856E+40  3.7105E+40  5.8857E+32  7.5121E+38
  1.5850E+02  2.8114E+40  2.7516E+40  3.4637E+32  5.9781E+38
  1.7780E+02  1.5545E+40  1.5166E+40  1.2021E+32  3.7942E+38
  1.9950E+02  8.5520E+39  8.3115E+39  4.1581E+31  2.4043E+38
  2.2390E+02  4.6681E+39  4.5160E+39  1.4302E+31  1.5216E+38
  2.5120E+02  2.5322E+39  2.4359E+39  4.8980E+30  9.6376E+37
  2.8180E+02  1.3649E+39  1.3039E+39  1.6704E+30  6.1043E+37
  3.1620E+02  7.3124E+38  6.9262E+38  5.6742E+29  3.8617E+37
  3.5480E+02  3.9012E+38  3.6570E+38  1.9233E+29  2.4421E+37
  3.9810E+02  2.0746E+38  1.9202E+38  6.5164E+28  1.5442E+37
  4.4670E+02  1.1008E+38  1.0032E+38  2.2091E+28  9.7603E+36
  5.0120E+02  5.8367E+37  5.2198E+37  7.5063E+27  6.1695E+36
  5.6230E+02  3.0966E+37  2.7066E+37  2.5598E+27  3.9003E+36
  6.3100E+02  1.6437E+37  1.3974E+37  8.7665E+26  2.4629E+36
  7.0790E+02  8.7571E+36  7.2003E+36  3.0242E+26  1.5568E+36
  7.9430E+02  4.6805E+36  3.6973E+36  1.0503E+26  9.8325E+35
  8.9130E+02  2.5141E+36  1.8933E+36  3.6787E+25  6.2077E+35
  1.0000E+03  1.3600E+36  9.6791E+35  1.3017E+25  3.9214E+35
