  1.0000E-03  8.8507E+44  0.0000E+00  8.4547E+42  8.7662E+44
  1.1220E-03  9.9123E+44  0.0000E+00  7.6588E+42  9.8357E+44
  1.2590E-03  1.1105E+45  0.0000E+00  6.7932E+42  1.1037E+45
  1.4130E-03  1.2446E+45  0.0000E+00  5.9577E+42  1.2387E+45
  1.5850E-03  1.3949E+45  0.0000E+00  5.4704E+42  1.3894E+45
  1.7780E-03  1.5650E+45  0.0000E+00  6.3592E+42  1.5586E+45
  1.9950E-03  1.7543E+45  0.0000E+00  5.4455E+42  1.7488E+45
  2.2390E-03  1.9675E+45  0.0000E+00  4.8042E+42  1.9627E+45
  2.5120E-03  2.2076E+45  0.0000E+00  5.6401E+42  2.2020E+45
  2.8180E-03  2.4750E+45  0.0000E+00  4.7954E+42  2.4702E+45
  3.1620E-03  2.7761E+45  0.0000E+00  4.2595E+42  2.7718E+45
  3.5480E-03  3.1141E+45  0.0000E+00  3.8576E+42  3.1103E+45
  3.9810E-03  3.4933E+45  0.0000E+00  3.5001E+42  3.4898E+45
  4.4670E-03  3.9268E+45  0.0000E+00  1.0997E+43  3.9158E+45
  5.0120E-03  4.4039E+45  0.0000E+00  1.0265E+43  4.3936E+45
  5.6230E-03  4.9408E+45  0.0000E+00  1.1512E+43  4.9292E+45
  5.9570E-03  5.2345E+45  0.0000E+00  1.2424E+43  5.2220E+45
  6.6830E-03  5.8730E+45  0.0000E+00  1.4458E+43  5.8585E+45
  7.4990E-03  6.5905E+45  0.0000E+00  1.6732E+43  6.5738E+45
  8.4140E-03  7.3947E+45  0.0000E+00  1.8896E+43  7.3758E+45
  9.4410E-03  8.2970E+45  0.0000E+00  2.0919E+43  8.2761E+45
  1.0590E-02  9.3059E+45  0.0000E+00  2.2568E+43  9.2833E+45
  1.1890E-02  1.0448E+46  0.0000E+00  2.4918E+43  1.0423E+46
  1.3340E-02  1.1721E+46  0.0000E+00  2.6700E+43  1.1694E+46
  1.4960E-02  1.3143E+46  0.0000E+00  2.8592E+43  1.3114E+46
  1.6790E-02  1.4749E+46  0.0000E+00  3.0348E+43  1.4718E+46
  1.8840E-02  1.6547E+46  0.0000E+00  3.1995E+43  1.6515E+46
  2.1130E-02  1.8557E+46  0.0000E+00  3.3875E+43  1.8524E+46
  2.3710E-02  2.0820E+46  0.0000E+00  3.5668E+43  2.0785E+46
  2.6610E-02  2.3364E+46  0.0000E+00  3.7366E+43  2.3326E+46
  2.9850E-02  2.6205E+46  2.1210E-83  3.8879E+43  2.6166E+46
  3.3500E-02  2.9407E+46  1.3004E-68  4.0037E+43  2.9367E+46
  3.7580E-02  3.2985E+46  1.6149E-55  4.2281E+43  3.2942E+46
  4.2170E-02  3.7020E+46  6.7105E-44  5.3087E+43  3.6967E+46
  4.7320E-02  4.1535E+46  1.6071E-33  5.3075E+43  4.1482E+46
  5.3090E-02  4.3259E+46  2.5726E-24  4.6581E+43  4.3212E+46
  6.6830E-02  4.1292E+46  5.9145E-09  2.3382E+43  4.1268E+46
  7.4990E-02  4.0342E+46  1.3639E-02  1.3883E+43  4.0328E+46
  8.4140E-02  3.9425E+46  7.4378E+03  1.5359E+43  3.9410E+46
  9.4410E-02  3.8529E+46  8.9289E+08  1.6898E+43  3.8513E+46
  1.0590E-01  3.5080E+46  2.8120E+13  2.4134E+43  3.5055E+46
  1.1890E-01  2.9497E+46  2.7232E+17  2.9235E+43  2.9467E+46
  1.3340E-01  2.4827E+46  7.5824E+20  3.1180E+43  2.4795E+46
  1.4960E-01  2.0902E+46  1.0433E+24  2.3625E+43  2.0878E+46
  1.5850E-01  1.9164E+46  3.1358E+25  1.8900E+43  1.9145E+46
  1.7780E-01  1.6128E+46  1.4467E+28  1.3659E+43  1.6114E+46
  1.9950E-01  1.3566E+46  2.9500E+30  8.1746E+42  1.3558E+46
  2.2390E-01  1.1409E+46  2.5874E+32  6.2596E+42  1.1403E+46
  2.3710E-01  1.0472E+46  1.9933E+33  8.0471E+42  1.0464E+46
  2.5120E-01  9.6053E+45  1.3746E+34  9.4458E+42  9.5958E+45
  2.6610E-01  8.8108E+45  8.3623E+34  9.6163E+42  8.8012E+45
  2.8180E-01  8.0852E+45  4.4800E+35  9.1533E+42  8.0761E+45
  2.9850E-01  7.4164E+45  2.1426E+36  8.5585E+42  7.4079E+45
  3.1620E-01  6.8027E+45  9.1200E+36  8.0364E+42  6.7947E+45
  3.3500E-01  6.2383E+45  3.5125E+37  7.5181E+42  6.2308E+45
  3.5480E-01  5.7235E+45  1.2259E+38  7.0055E+42  5.7165E+45
  3.7580E-01  5.2507E+45  3.9331E+38  6.5176E+42  5.2442E+45
  3.9810E-01  4.8158E+45  1.1568E+39  6.0820E+42  4.8097E+45
  4.2170E-01  4.4173E+45  3.1246E+39  5.6992E+42  4.4116E+45
  4.4670E-01  4.0520E+45  7.8022E+39  5.3652E+42  4.0466E+45
  4.7320E-01  3.7166E+45  1.8264E+40  5.0516E+42  3.7115E+45
  5.0120E-01  3.4096E+45  4.0209E+40  4.7552E+42  3.4048E+45
  5.3090E-01  3.1278E+45  8.3812E+40  4.4868E+42  3.1232E+45
  5.6230E-01  2.8695E+45  1.6496E+41  4.2523E+42  2.8651E+45
  5.9570E-01  2.6319E+45  3.0891E+41  4.0515E+42  2.6276E+45
  6.3100E-01  2.4148E+45  5.5063E+41  3.8852E+42  2.4103E+45
  6.6830E-01  2.2161E+45  9.3584E+41  3.7558E+42  2.2114E+45
  7.0790E-01  2.0336E+45  1.5236E+42  3.6667E+42  2.0284E+45
  7.4990E-01  1.8665E+45  2.3775E+42  3.6091E+42  1.8605E+45
  7.9430E-01  1.7137E+45  3.5659E+42  3.5849E+42  1.7066E+45
  8.4140E-01  1.5741E+45  5.1614E+42  3.6014E+42  1.5653E+45
  8.9130E-01  1.4466E+45  7.2469E+42  3.6618E+42  1.4357E+45
  9.4410E-01  1.3306E+45  9.8546E+42  3.7582E+42  1.3170E+45
  1.0000E+00  1.2250E+45  1.2986E+43  3.8695E+42  1.2081E+45
  1.0590E+00  1.1292E+45  1.6629E+43  3.9887E+42  1.1086E+45
  1.1220E+00  1.0415E+45  2.0844E+43  4.1036E+42  1.0165E+45
  1.1890E+00  9.6167E+44  2.5640E+43  4.2010E+42  9.3183E+44
  1.2590E+00  8.9042E+44  3.0951E+43  4.2688E+42  8.5520E+44
  1.3340E+00  8.2517E+44  3.6767E+43  4.3003E+42  7.8411E+44
  1.4130E+00  7.6639E+44  4.2826E+43  4.2906E+42  7.1927E+44
  1.4960E+00  7.1366E+44  4.9165E+43  4.2370E+42  6.6026E+44
  1.5850E+00  6.6562E+44  5.6052E+43  4.1372E+42  6.0543E+44
  1.6790E+00  6.2279E+44  6.3488E+43  3.9931E+42  5.5530E+44
  1.7780E+00  5.8494E+44  7.1559E+43  3.8059E+42  5.0957E+44
  1.8840E+00  5.5129E+44  8.0519E+43  3.5799E+42  4.6719E+44
  1.9950E+00  5.2233E+44  9.0253E+43  3.3263E+42  4.2875E+44
  2.1130E+00  4.9703E+44  1.0064E+44  3.0540E+42  3.9333E+44
  2.2390E+00  4.7463E+44  1.1125E+44  2.7723E+42  3.6061E+44
  2.3710E+00  4.5488E+44  1.2148E+44  2.4903E+42  3.3092E+44
  2.5120E+00  4.3649E+44  1.3083E+44  2.2139E+42  3.0344E+44
  2.6610E+00  4.1890E+44  1.3863E+44  1.9481E+42  2.7832E+44
  2.8180E+00  4.0146E+44  1.4438E+44  1.6964E+42  2.5538E+44
  2.9850E+00  3.8354E+44  1.4782E+44  1.4610E+42  2.3426E+44
  3.1620E+00  3.6487E+44  1.4876E+44  1.2445E+42  2.1487E+44
  3.3500E+00  3.4553E+44  1.4745E+44  1.0466E+42  1.9704E+44
  3.5480E+00  3.2544E+44  1.4380E+44  8.7135E+41  1.8078E+44
  3.7580E+00  3.0479E+44  1.3824E+44  7.1678E+41  1.6583E+44
  3.9810E+00  2.8378E+44  1.3110E+44  5.8269E+41  1.5210E+44
  4.2170E+00  2.6272E+44  1.2274E+44  4.6840E+41  1.3951E+44
  4.4670E+00  2.4189E+44  1.1356E+44  3.7240E+41  1.2796E+44
  4.7320E+00  2.2161E+44  1.0395E+44  2.9249E+41  1.1737E+44
  5.0120E+00  2.0242E+44  9.4276E+43  2.2740E+41  1.0791E+44
  5.3090E+00  1.8093E+44  8.4737E+43  1.7171E+41  9.6024E+43
  5.6230E+00  1.6055E+44  7.5619E+43  1.2758E+41  8.4805E+43
  5.9570E+00  1.4151E+44  6.7097E+43  9.3288E+40  7.4316E+43
  6.3100E+00  1.2377E+44  5.8992E+43  6.7311E+40  6.4710E+43
  6.6830E+00  1.0811E+44  5.2050E+43  4.8000E+40  5.6014E+43
  7.0790E+00  9.3799E+43  4.5575E+43  3.3703E+40  4.8190E+43
  7.4990E+00  8.2141E+43  4.0889E+43  2.2399E+40  4.1229E+43
  7.9430E+00  7.6304E+43  4.1182E+43  1.2614E+40  3.5109E+43
  8.4140E+00  7.3230E+43  4.3471E+43  6.5785E+39  2.9752E+43
  8.9130E+00  6.7766E+43  4.2658E+43  4.0103E+39  2.5104E+43
  9.4410E+00  6.1349E+43  4.0245E+43  2.9326E+39  2.1101E+43
  1.0000E+01  5.3656E+43  3.5983E+43  2.4447E+39  1.7671E+43
  1.0590E+01  4.6237E+43  3.1477E+43  2.0758E+39  1.4758E+43
  1.1220E+01  3.8904E+43  2.6635E+43  1.7034E+39  1.2267E+43
  1.1890E+01  3.2341E+43  2.2180E+43  1.3539E+39  1.0159E+43
  1.2590E+01  2.6672E+43  1.8259E+43  1.0360E+39  8.4119E+42
  1.3340E+01  2.1929E+43  1.4997E+43  7.5413E+38  6.9319E+42
  1.4130E+01  1.8508E+43  1.2803E+43  5.1552E+38  5.7050E+42
  1.4960E+01  1.6848E+43  1.2156E+43  3.4309E+38  4.6919E+42
  1.5850E+01  1.5732E+43  1.1891E+43  2.3648E+38  3.8414E+42
  1.6790E+01  1.4834E+43  1.1693E+43  1.7078E+38  3.1409E+42
  1.7780E+01  1.3876E+43  1.1309E+43  1.2986E+38  2.5663E+42
  1.8840E+01  1.2687E+43  1.0598E+43  1.0195E+38  2.0888E+42
  1.9950E+01  1.1319E+43  9.6179E+42  7.9650E+37  1.7013E+42
  2.1130E+01  1.0062E+43  8.6793E+42  6.0333E+37  1.3827E+42
  2.2390E+01  9.0025E+42  7.8822E+42  4.5214E+37  1.1203E+42
  2.3710E+01  8.1007E+42  7.1920E+42  3.3580E+37  9.0864E+41
  2.5120E+01  7.3047E+42  6.5699E+42  2.4819E+37  7.3479E+41
  2.6610E+01  6.5842E+42  5.9903E+42  1.8181E+37  5.9383E+41
  2.8180E+01  5.9242E+42  5.4442E+42  1.3254E+37  4.7994E+41
  2.9850E+01  5.3016E+42  4.9144E+42  9.5910E+36  3.8717E+41
  3.1620E+01  4.7059E+42  4.3939E+42  6.8687E+36  3.1199E+41
  3.3500E+01  4.1359E+42  3.8849E+42  4.8654E+36  2.5106E+41
  3.5480E+01  3.5980E+42  3.3959E+42  3.4094E+36  2.0210E+41
  3.7580E+01  3.0911E+42  2.9286E+42  2.3592E+36  1.6253E+41
  3.9810E+01  2.6164E+42  2.4858E+42  1.6109E+36  1.3054E+41
  4.2170E+01  2.1852E+42  2.0805E+42  1.0850E+36  1.0479E+41
  4.4670E+01  1.8019E+42  1.7179E+42  7.2028E+35  8.4074E+40
  4.7320E+01  1.4684E+42  1.4010E+42  4.7189E+35  6.7400E+40
  5.0120E+01  1.1839E+42  1.1298E+42  3.0544E+35  5.4034E+40
  5.3090E+01  9.4441E+41  9.0112E+41  1.9539E+35  4.3282E+40
  5.6230E+01  7.4669E+41  7.1203E+41  1.2372E+35  3.4667E+40
  5.9570E+01  5.8487E+41  5.5714E+41  7.7514E+34  2.7728E+40
  6.3100E+01  4.5483E+41  4.3265E+41  4.8172E+34  2.2180E+40
  6.6830E+01  3.5139E+41  3.3365E+41  2.9719E+34  1.7744E+40
  7.0790E+01  2.6982E+41  2.5563E+41  1.8207E+34  1.4183E+40
  7.4990E+01  2.0597E+41  1.9465E+41  1.1086E+34  1.1329E+40
  7.9430E+01  1.5653E+41  1.4748E+41  6.7175E+33  9.0505E+39
  8.4140E+01  1.1843E+41  1.1120E+41  4.0506E+33  7.2256E+39
  8.9130E+01  8.9314E+40  8.3547E+40  2.4345E+33  5.7665E+39
  9.4410E+01  6.7150E+40  6.2548E+40  1.4588E+33  4.6021E+39
  1.0000E+02  5.0341E+40  4.6669E+40  8.7168E+32  3.6722E+39
  1.0590E+02  3.7685E+40  3.4753E+40  5.2029E+32  2.9317E+39
  1.1220E+02  2.8150E+40  2.5814E+40  3.0978E+32  2.3358E+39
  1.1890E+02  2.1029E+40  1.9170E+40  1.8449E+32  1.8590E+39
  1.2590E+02  1.5788E+40  1.4304E+40  1.1046E+32  1.4838E+39
  1.3340E+02  1.1874E+40  1.0693E+40  6.6330E+31  1.1811E+39
  1.4130E+02  8.8734E+39  7.9322E+39  3.9761E+31  9.4117E+38
  1.4960E+02  6.5217E+39  5.7705E+39  2.3470E+31  7.5121E+38
  1.5850E+02  4.7636E+39  4.1658E+39  1.3745E+31  5.9781E+38
  1.7780E+02  2.5657E+39  2.1862E+39  4.7587E+30  3.7942E+38
  1.9950E+02  1.3879E+39  1.1474E+39  1.6592E+30  2.4043E+38
  2.2390E+02  7.5233E+38  6.0017E+38  5.8192E+29  1.5216E+38
  2.5120E+02  4.0951E+38  3.1313E+38  2.0566E+29  9.6376E+37
  2.8180E+02  2.2385E+38  1.6281E+38  7.3246E+28  6.1043E+37
  3.1620E+02  1.2291E+38  8.4295E+37  2.6280E+28  3.8617E+37
  3.5480E+02  6.7939E+37  4.3518E+37  9.5108E+27  2.4421E+37
  3.9810E+02  3.7845E+37  2.2403E+37  3.4751E+27  1.5442E+37
  4.4670E+02  2.1263E+37  1.1503E+37  1.2815E+27  9.7603E+36
  5.0120E+02  1.2064E+37  5.8946E+36  4.7707E+26  6.1695E+36
  5.6230E+02  6.9160E+36  3.0157E+36  1.7920E+26  3.9003E+36
  6.3100E+02  4.0016E+36  1.5386E+36  6.7818E+25  2.4629E+36
  7.0790E+02  2.3413E+36  7.8455E+35  2.5889E+25  1.5568E+36
  7.9430E+02  1.3824E+36  3.9916E+35  9.9419E+24  9.8325E+35
  8.9130E+02  8.2351E+35  2.0274E+35  3.8397E+24  6.2077E+35
  1.0000E+03  4.9504E+35  1.0290E+35  1.4916E+24  3.9214E+35
