  1.0000E-03  8.8030E+44  0.0000E+00  3.6816E+42  8.7662E+44
  1.1220E-03  9.8814E+44  0.0000E+00  4.5675E+42  9.8357E+44
  1.2590E-03  1.1091E+45  0.0000E+00  5.3831E+42  1.1037E+45
  1.4130E-03  1.2448E+45  0.0000E+00  6.0765E+42  1.2387E+45
  1.5850E-03  1.3961E+45  0.0000E+00  6.6722E+42  1.3894E+45
  1.7780E-03  1.5667E+45  0.0000E+00  8.1075E+42  1.5586E+45
  1.9950E-03  1.7581E+45  0.0000E+00  9.2433E+42  1.7488E+45
  2.2390E-03  1.9722E+45  0.0000E+00  9.4932E+42  1.9627E+45
  2.5120E-03  2.2140E+45  0.0000E+00  1.2001E+43  2.2020E+45
  2.8180E-03  2.4835E+45  0.0000E+00  1.3298E+43  2.4702E+45
  3.1620E-03  2.7859E+45  0.0000E+00  1.4075E+43  2.7718E+45
  3.5480E-03  3.1249E+45  0.0000E+00  1.4569E+43  3.1103E+45
  3.9810E-03  3.5047E+45  0.0000E+00  1.4850E+43  3.4898E+45
  4.4670E-03  3.9499E+45  0.0000E+00  3.4112E+43  3.9158E+45
  5.0120E-03  4.4317E+45  0.0000E+00  3.8063E+43  4.3936E+45
  5.6230E-03  4.9701E+45  0.0000E+00  4.0872E+43  4.9292E+45
  5.9570E-03  5.2640E+45  0.0000E+00  4.1949E+43  5.2220E+45
  6.6830E-03  5.9023E+45  0.0000E+00  4.3786E+43  5.8585E+45
  7.4990E-03  6.6195E+45  0.0000E+00  4.5656E+43  6.5738E+45
  8.4140E-03  7.4233E+45  0.0000E+00  4.7469E+43  7.3758E+45
  9.4410E-03  8.3250E+45  0.0000E+00  4.8860E+43  8.2761E+45
  1.0590E-02  9.3323E+45  0.0000E+00  4.8982E+43  9.2833E+45
  1.1890E-02  1.0476E+46  0.0000E+00  5.2773E+43  1.0423E+46
  1.3340E-02  1.1748E+46  0.0000E+00  5.4327E+43  1.1694E+46
  1.4960E-02  1.3171E+46  0.0000E+00  5.6535E+43  1.3114E+46
  1.6790E-02  1.4777E+46  0.0000E+00  5.8370E+43  1.4718E+46
  1.8840E-02  1.6575E+46  0.0000E+00  5.9965E+43  1.6515E+46
  2.1130E-02  1.8586E+46  0.0000E+00  6.2588E+43  1.8524E+46
  2.3710E-02  2.0850E+46  0.0000E+00  6.5022E+43  2.0785E+46
  2.6610E-02  2.3394E+46  0.0000E+00  6.7382E+43  2.3326E+46
  2.9850E-02  2.6236E+46  7.9138E-83  6.9640E+43  2.6166E+46
  3.3500E-02  2.9438E+46  5.0543E-68  7.1797E+43  2.9367E+46
  3.7580E-02  3.3020E+46  6.3431E-55  7.7422E+43  3.2942E+46
  4.2170E-02  3.7057E+46  2.7530E-43  9.0462E+43  3.6967E+46
  4.7320E-02  4.1573E+46  7.2504E-33  9.1163E+43  4.1482E+46
  5.3090E-02  4.3298E+46  1.2993E-23  8.5751E+43  4.3212E+46
  6.6830E-02  4.1340E+46  4.5961E-08  7.1316E+43  4.1268E+46
  7.4990E-02  4.0398E+46  1.4859E-01  6.9585E+43  4.0328E+46
  8.4140E-02  3.9476E+46  7.8224E+04  6.6251E+43  3.9410E+46
  9.4410E-02  3.8577E+46  9.4181E+09  6.4646E+43  3.8513E+46
  1.0590E-01  3.5118E+46  2.7046E+14  6.2220E+43  3.5055E+46
  1.1890E-01  2.9523E+46  2.1115E+18  5.6069E+43  2.9467E+46
  1.3340E-01  2.4851E+46  4.4154E+21  5.5972E+43  2.4795E+46
  1.4960E-01  2.0931E+46  5.0987E+24  5.2519E+43  2.0878E+46
  1.5850E-01  1.9193E+46  1.5048E+26  4.8203E+43  1.9145E+46
  1.7780E-01  1.6149E+46  7.7232E+28  3.4937E+43  1.6114E+46
  1.9950E-01  1.3578E+46  2.1957E+31  1.9544E+43  1.3558E+46
  2.2390E-01  1.1419E+46  2.6218E+33  1.6238E+43  1.1403E+46
  2.3710E-01  1.0482E+46  1.7835E+34  1.7596E+43  1.0464E+46
  2.5120E-01  9.6146E+45  1.0408E+35  1.8740E+43  9.5958E+45
  2.6610E-01  8.8202E+45  5.6453E+35  1.8994E+43  8.8012E+45
  2.8180E-01  8.0947E+45  2.7992E+36  1.8618E+43  8.0761E+45
  2.9850E-01  7.4259E+45  1.2629E+37  1.8045E+43  7.4079E+45
  3.1620E-01  6.8122E+45  5.1168E+37  1.7535E+43  6.7947E+45
  3.3500E-01  6.2478E+45  1.8917E+38  1.6992E+43  6.2308E+45
  3.5480E-01  5.7328E+45  6.4002E+38  1.6370E+43  5.7165E+45
  3.7580E-01  5.2599E+45  2.0022E+39  1.5696E+43  5.2442E+45
  3.9810E-01  4.8248E+45  5.7666E+39  1.5058E+43  4.8097E+45
  4.2170E-01  4.4261E+45  1.5260E+40  1.4438E+43  4.4116E+45
  4.4670E-01  4.0605E+45  3.7413E+40  1.3877E+43  4.0466E+45
  4.7320E-01  3.7249E+45  8.6221E+40  1.3291E+43  3.7115E+45
  5.0120E-01  3.4176E+45  1.8727E+41  1.2668E+43  3.4048E+45
  5.3090E-01  3.1356E+45  3.8539E+41  1.2008E+43  3.1232E+45
  5.6230E-01  2.8772E+45  7.5037E+41  1.1363E+43  2.8651E+45
  5.9570E-01  2.6397E+45  1.3915E+42  1.0718E+43  2.6276E+45
  6.3100E-01  2.4229E+45  2.4552E+42  1.0075E+43  2.4103E+45
  6.6830E-01  2.2249E+45  4.1282E+42  9.4247E+42  2.2114E+45
  7.0790E-01  2.0439E+45  6.6401E+42  8.8051E+42  2.0284E+45
  7.4990E-01  1.8789E+45  1.0233E+43  8.2115E+42  1.8605E+45
  7.9430E-01  1.7294E+45  1.5126E+43  7.6385E+42  1.7066E+45
  8.4140E-01  1.5939E+45  2.1527E+43  7.0803E+42  1.5653E+45
  8.9130E-01  1.4718E+45  2.9569E+43  6.5341E+42  1.4357E+45
  9.4410E-01  1.3622E+45  3.9222E+43  6.0009E+42  1.3170E+45
  1.0000E+00  1.2640E+45  5.0349E+43  5.4821E+42  1.2081E+45
  1.0590E+00  1.1762E+45  6.2656E+43  4.9898E+42  1.1086E+45
  1.1220E+00  1.0971E+45  7.6037E+43  4.5146E+42  1.0165E+45
  1.1890E+00  1.0260E+45  9.0099E+43  4.0501E+42  9.3183E+44
  1.2590E+00  9.6272E+44  1.0393E+44  3.5921E+42  8.5520E+44
  1.3340E+00  9.0459E+44  1.1732E+44  3.1534E+42  7.8411E+44
  1.4130E+00  8.5132E+44  1.2930E+44  2.7486E+42  7.1927E+44
  1.4960E+00  8.0217E+44  1.3954E+44  2.3749E+42  6.6026E+44
  1.5850E+00  7.5572E+44  1.4826E+44  2.0270E+42  6.0543E+44
  1.6790E+00  7.1165E+44  1.5464E+44  1.7055E+42  5.5530E+44
  1.7780E+00  6.6935E+44  1.5836E+44  1.4111E+42  5.0957E+44
  1.8840E+00  6.2822E+44  1.5988E+44  1.1463E+42  4.6719E+44
  1.9950E+00  5.8870E+44  1.5903E+44  9.1485E+41  4.2875E+44
  2.1130E+00  5.5027E+44  1.5623E+44  7.1759E+41  3.9333E+44
  2.2390E+00  5.1274E+44  1.5158E+44  5.5383E+41  3.6061E+44
  2.3710E+00  4.7672E+44  1.4538E+44  4.2175E+41  3.3092E+44
  2.5120E+00  4.4192E+44  1.3816E+44  3.1751E+41  3.0344E+44
  2.6610E+00  4.0865E+44  1.3009E+44  2.3685E+41  2.7832E+44
  2.8180E+00  3.7693E+44  1.2137E+44  1.7531E+41  2.5538E+44
  2.9850E+00  3.4681E+44  1.1241E+44  1.2894E+41  2.3426E+44
  3.1620E+00  3.1830E+44  1.0334E+44  9.4331E+40  2.1487E+44
  3.3500E+00  2.9182E+44  9.4709E+43  6.8792E+40  1.9704E+44
  3.5480E+00  2.6701E+44  8.6180E+43  4.9997E+40  1.8078E+44
  3.7580E+00  2.4399E+44  7.8122E+43  3.6238E+40  1.6583E+44
  3.9810E+00  2.2268E+44  7.0558E+43  2.6206E+40  1.5210E+44
  4.2170E+00  2.0304E+44  6.3510E+43  1.8920E+40  1.3951E+44
  4.4670E+00  1.8498E+44  5.7000E+43  1.3638E+40  1.2796E+44
  4.7320E+00  1.6846E+44  5.1083E+43  9.8132E+39  1.1737E+44
  5.0120E+00  1.5367E+44  4.5752E+43  7.0658E+39  1.0791E+44
  5.3090E+00  1.3698E+44  4.0947E+43  4.9680E+39  9.6024E+43
  5.6230E+00  1.2149E+44  3.6681E+43  3.4695E+39  8.4805E+43
  5.9570E+00  1.0726E+44  3.2940E+43  2.4075E+39  7.4316E+43
  6.3100E+00  9.4138E+43  2.9427E+43  1.6571E+39  6.4710E+43
  6.6830E+00  8.2636E+43  2.6622E+43  1.1366E+39  5.6014E+43
  7.0790E+00  7.2149E+43  2.3958E+43  7.7049E+38  4.8190E+43
  7.4990E+00  6.3839E+43  2.2609E+43  5.2317E+38  4.1229E+43
  7.9430E+00  6.1242E+43  2.6132E+43  3.8607E+38  3.5109E+43
  8.4140E+00  6.4210E+43  3.4458E+43  3.3117E+38  2.9752E+43
  8.9130E+00  6.6332E+43  4.1228E+43  2.9819E+38  2.5104E+43
  9.4410E+00  6.7151E+43  4.6050E+43  2.9161E+38  2.1101E+43
  1.0000E+01  5.6364E+43  3.8693E+43  2.1157E+38  1.7671E+43
  1.0590E+01  4.5546E+43  3.0788E+43  1.4353E+38  1.4758E+43
  1.1220E+01  3.5766E+43  2.3499E+43  8.8103E+37  1.2267E+43
  1.1890E+01  2.8447E+43  1.8288E+43  5.4732E+37  1.0159E+43
  1.2590E+01  2.2868E+43  1.4456E+43  3.3573E+37  8.4119E+42
  1.3340E+01  1.8654E+43  1.1722E+43  2.0545E+37  6.9319E+42
  1.4130E+01  1.5812E+43  1.0107E+43  1.2801E+37  5.7050E+42
  1.4960E+01  1.4474E+43  9.7817E+42  8.8400E+36  4.6919E+42
  1.5850E+01  1.3598E+43  9.7565E+42  6.5285E+36  3.8414E+42
  1.6790E+01  1.2920E+43  9.7793E+42  5.0668E+36  3.1409E+42
  1.7780E+01  1.2165E+43  9.5991E+42  4.0135E+36  2.5663E+42
  1.8840E+01  1.1137E+43  9.0483E+42  3.1000E+36  2.0888E+42
  1.9950E+01  9.9091E+42  8.2078E+42  2.2600E+36  1.7013E+42
  2.1130E+01  8.7986E+42  7.4160E+42  1.5918E+36  1.3827E+42
  2.2390E+01  7.8735E+42  6.7532E+42  1.1246E+36  1.1203E+42
  2.3710E+01  7.0863E+42  6.1777E+42  7.9507E+35  9.0864E+41
  2.5120E+01  6.3775E+42  5.6427E+42  5.6327E+35  7.3479E+41
  2.6610E+01  5.7222E+42  5.1284E+42  3.9699E+35  5.9383E+41
  2.8180E+01  5.1067E+42  4.6268E+42  2.7921E+35  4.7994E+41
  2.9850E+01  4.5133E+42  4.1262E+42  1.9505E+35  3.8717E+41
  3.1620E+01  3.9403E+42  3.6283E+42  1.3474E+35  3.1199E+41
  3.3500E+01  3.3914E+42  3.1404E+42  9.1930E+34  2.5106E+41
  3.5480E+01  2.8778E+42  2.6757E+42  6.1953E+34  2.0210E+41
  3.7580E+01  2.4042E+42  2.2417E+42  4.1155E+34  1.6253E+41
  3.9810E+01  1.9755E+42  1.8450E+42  2.6933E+34  1.3054E+41
  4.2170E+01  1.6002E+42  1.4954E+42  1.7379E+34  1.0479E+41
  4.4670E+01  1.2792E+42  1.1952E+42  1.1058E+34  8.4074E+40
  4.7320E+01  1.0109E+42  9.4353E+41  6.9517E+33  6.7400E+40
  5.0120E+01  7.9099E+41  7.3696E+41  4.3253E+33  5.4034E+40
  5.3090E+01  6.1306E+41  5.6978E+41  2.6652E+33  4.3282E+40
  5.6230E+01  4.7161E+41  4.3694E+41  1.6295E+33  3.4667E+40
  5.9570E+01  3.5998E+41  3.3225E+41  9.8839E+32  2.7728E+40
  6.3100E+01  2.7330E+41  2.5112E+41  5.9631E+32  2.2180E+40
  6.6830E+01  2.0654E+41  1.8879E+41  3.5817E+32  1.7744E+40
  7.0790E+01  1.5540E+41  1.4122E+41  2.1422E+32  1.4183E+40
  7.4990E+01  1.1647E+41  1.0514E+41  1.2767E+32  1.1329E+40
  7.9430E+01  8.7067E+40  7.8016E+40  7.5933E+31  9.0505E+39
  8.4140E+01  6.4917E+40  5.7691E+40  4.5053E+31  7.2256E+39
  8.9130E+01  4.8332E+40  4.2566E+40  2.6708E+31  5.7665E+39
  9.4410E+01  3.5942E+40  3.1340E+40  1.5823E+31  4.6021E+39
  1.0000E+02  2.6698E+40  2.3026E+40  9.3682E+30  3.6722E+39
  1.0590E+02  1.9839E+40  1.6907E+40  5.5528E+30  2.9317E+39
  1.1220E+02  1.4733E+40  1.2398E+40  3.2896E+30  2.3358E+39
  1.1890E+02  1.0962E+40  9.1029E+39  1.9530E+30  1.8590E+39
  1.2590E+02  8.2129E+39  6.7291E+39  1.1680E+30  1.4838E+39
  1.3340E+02  6.1725E+39  4.9914E+39  7.0161E+29  1.1811E+39
  1.4130E+02  4.6141E+39  3.6729E+39  4.2123E+29  9.4117E+38
  1.4960E+02  3.3951E+39  2.6439E+39  2.4939E+29  7.5121E+38
  1.5850E+02  2.4865E+39  1.8886E+39  1.4673E+29  5.9781E+38
  1.7780E+02  1.3534E+39  9.7401E+38  5.1514E+28  3.7942E+38
  1.9950E+02  7.4449E+38  5.0406E+38  1.8306E+28  2.4043E+38
  2.2390E+02  4.1271E+38  2.6055E+38  6.5709E+27  1.5216E+38
  2.5120E+02  2.3096E+38  1.3459E+38  2.3846E+27  9.6376E+37
  2.8180E+02  1.3043E+38  6.9382E+37  8.7409E+26  6.1043E+37
  3.1620E+02  7.4278E+37  3.5661E+37  3.2319E+26  3.8617E+37
  3.5480E+02  4.2714E+37  1.8293E+37  1.2057E+26  2.4421E+37
  3.9810E+02  2.4808E+37  9.3658E+36  4.5384E+25  1.5442E+37
  4.4670E+02  1.4547E+37  4.7863E+36  1.7219E+25  9.7603E+36
  5.0120E+02  8.6121E+36  2.4426E+36  6.5825E+24  6.1695E+36
  5.6230E+02  5.1456E+36  1.2452E+36  2.5331E+24  3.9003E+36
  6.3100E+02  3.0963E+36  6.3338E+35  9.7960E+23  2.4629E+36
  7.0790E+02  1.8789E+36  3.2211E+35  3.8113E+23  1.5568E+36
  7.9430E+02  1.1468E+36  1.6350E+35  1.4880E+23  9.8325E+35
  8.9130E+02  7.0365E+35  8.2879E+34  5.8285E+22  6.2077E+35
  1.0000E+03  4.3413E+35  4.1992E+34  2.2915E+22  3.9214E+35
