  1.0000E-03  8.9142E+44  0.0000E+00  1.4800E+43  8.7662E+44
  1.1220E-03  9.9877E+44  0.0000E+00  1.5196E+43  9.8357E+44
  1.2590E-03  1.1189E+45  0.0000E+00  1.5169E+43  1.1037E+45
  1.4130E-03  1.2536E+45  0.0000E+00  1.4883E+43  1.2387E+45
  1.5850E-03  1.4043E+45  0.0000E+00  1.4887E+43  1.3894E+45
  1.7780E-03  1.5764E+45  0.0000E+00  1.7753E+43  1.5586E+45
  1.9950E-03  1.7664E+45  0.0000E+00  1.7552E+43  1.7488E+45
  2.2390E-03  1.9796E+45  0.0000E+00  1.6841E+43  1.9627E+45
  2.5120E-03  2.2228E+45  0.0000E+00  2.0792E+43  2.2020E+45
  2.8180E-03  2.4908E+45  0.0000E+00  2.0612E+43  2.4702E+45
  3.1620E-03  2.7922E+45  0.0000E+00  2.0327E+43  2.7718E+45
  3.5480E-03  3.1302E+45  0.0000E+00  1.9950E+43  3.1103E+45
  3.9810E-03  3.5093E+45  0.0000E+00  1.9441E+43  3.4898E+45
  4.4670E-03  3.9640E+45  0.0000E+00  4.8207E+43  3.9158E+45
  5.0120E-03  4.4438E+45  0.0000E+00  5.0226E+43  4.3936E+45
  5.6230E-03  4.9822E+45  0.0000E+00  5.2991E+43  4.9292E+45
  5.9570E-03  5.2768E+45  0.0000E+00  5.4721E+43  5.2220E+45
  6.6830E-03  5.9174E+45  0.0000E+00  5.8857E+43  5.8585E+45
  7.4990E-03  6.6382E+45  0.0000E+00  6.4349E+43  6.5738E+45
  8.4140E-03  7.4457E+45  0.0000E+00  6.9819E+43  7.3758E+45
  9.4410E-03  8.3518E+45  0.0000E+00  7.5662E+43  8.2761E+45
  1.0590E-02  9.3648E+45  0.0000E+00  8.1479E+43  9.2833E+45
  1.1890E-02  1.0513E+46  0.0000E+00  9.0047E+43  1.0423E+46
  1.3340E-02  1.1791E+46  0.0000E+00  9.7420E+43  1.1694E+46
  1.4960E-02  1.3220E+46  0.0000E+00  1.0563E+44  1.3114E+46
  1.6790E-02  1.4833E+46  0.0000E+00  1.1427E+44  1.4718E+46
  1.8840E-02  1.6639E+46  0.0000E+00  1.2348E+44  1.6515E+46
  2.1130E-02  1.8658E+46  0.0000E+00  1.3419E+44  1.8524E+46
  2.3710E-02  2.0930E+46  0.0000E+00  1.4553E+44  2.0785E+46
  2.6610E-02  2.3484E+46  0.0000E+00  1.5766E+44  2.3326E+46
  2.9850E-02  2.6337E+46  9.3012E-83  1.7047E+44  2.6166E+46
  3.3500E-02  2.9550E+46  5.8513E-68  1.8334E+44  2.9367E+46
  3.7580E-02  3.3139E+46  7.3270E-55  1.9633E+44  3.2942E+46
  4.2170E-02  3.7216E+46  3.1368E-43  2.4913E+44  3.6967E+46
  4.7320E-02  4.1760E+46  8.0648E-33  2.7860E+44  4.1482E+46
  5.3090E-02  4.3495E+46  1.4169E-23  2.8284E+44  4.3212E+46
  6.6830E-02  4.1512E+46  4.7744E-08  2.4398E+44  4.1268E+46
  7.4990E-02  4.0544E+46  1.4736E-01  2.1601E+44  4.0328E+46
  8.4140E-02  3.9622E+46  7.4574E+04  2.1208E+44  3.9410E+46
  9.4410E-02  3.8725E+46  8.5302E+09  2.1242E+44  3.8513E+46
  1.0590E-01  3.5273E+46  2.2648E+14  2.1784E+44  3.5055E+46
  1.1890E-01  2.9650E+46  1.8245E+18  1.8277E+44  2.9467E+46
  1.3340E-01  2.4947E+46  4.3253E+21  1.5116E+44  2.4795E+46
  1.4960E-01  2.0982E+46  5.4329E+24  1.0375E+44  2.0878E+46
  1.5850E-01  1.9230E+46  1.6170E+26  8.5073E+43  1.9145E+46
  1.7780E-01  1.6182E+46  7.8152E+28  6.7519E+43  1.6114E+46
  1.9950E-01  1.3611E+46  1.9556E+31  5.3367E+43  1.3558E+46
  2.2390E-01  1.1454E+46  2.0742E+33  5.0829E+43  1.1403E+46
  2.3710E-01  1.0519E+46  1.4406E+34  5.4664E+43  1.0464E+46
  2.5120E-01  9.6498E+45  8.8495E+34  5.3962E+43  9.5958E+45
  2.6610E-01  8.8512E+45  5.0060E+35  4.9979E+43  8.8012E+45
  2.8180E-01  8.1214E+45  2.5612E+36  4.5341E+43  8.0761E+45
  2.9850E-01  7.4491E+45  1.1856E+37  4.1218E+43  7.4079E+45
  3.1620E-01  6.8326E+45  4.9154E+37  3.7907E+43  6.7947E+45
  3.3500E-01  6.2658E+45  1.8540E+38  3.4976E+43  6.2308E+45
  3.5480E-01  5.7488E+45  6.3736E+38  3.2332E+43  5.7165E+45
  3.7580E-01  5.2741E+45  2.0212E+39  2.9968E+43  5.2442E+45
  3.9810E-01  4.8376E+45  5.8942E+39  2.7895E+43  4.8097E+45
  4.2170E-01  4.4378E+45  1.5800E+40  2.6105E+43  4.4116E+45
  4.4670E-01  4.0712E+45  3.9244E+40  2.4553E+43  4.0466E+45
  4.7320E-01  3.7347E+45  9.1580E+40  2.3116E+43  3.7115E+45
  5.0120E-01  3.4268E+45  2.0137E+41  2.1763E+43  3.4048E+45
  5.3090E-01  3.1441E+45  4.1966E+41  2.0507E+43  3.1232E+45
  5.6230E-01  2.8853E+45  8.2729E+41  1.9360E+43  2.8651E+45
  5.9570E-01  2.6474E+45  1.5535E+42  1.8307E+43  2.6276E+45
  6.3100E-01  2.4305E+45  2.7786E+42  1.7344E+43  2.4103E+45
  6.6830E-01  2.2326E+45  4.7404E+42  1.6465E+43  2.2114E+45
  7.0790E-01  2.0519E+45  7.7510E+42  1.5694E+43  2.0284E+45
  7.4990E-01  1.8876E+45  1.2158E+43  1.5007E+43  1.8605E+45
  7.9430E-01  1.7393E+45  1.8339E+43  1.4402E+43  1.7066E+45
  8.4140E-01  1.6059E+45  2.6700E+43  1.3892E+43  1.5653E+45
  8.9130E-01  1.4869E+45  3.7695E+43  1.3467E+43  1.4357E+45
  9.4410E-01  1.3816E+45  5.1520E+43  1.3120E+43  1.3170E+45
  1.0000E+00  1.2891E+45  6.8204E+43  1.2816E+43  1.2081E+45
  1.0590E+00  1.2088E+45  8.7686E+43  1.2547E+43  1.1086E+45
  1.1220E+00  1.1390E+45  1.1021E+44  1.2284E+43  1.0165E+45
  1.1890E+00  1.0795E+45  1.3563E+44  1.1997E+43  9.3183E+44
  1.2590E+00  1.0300E+45  1.6312E+44  1.1655E+43  8.5520E+44
  1.3340E+00  9.8747E+44  1.9210E+44  1.1269E+43  7.8411E+44
  1.4130E+00  9.5062E+44  2.2051E+44  1.0838E+43  7.1927E+44
  1.4960E+00  9.1818E+44  2.4758E+44  1.0349E+43  6.6026E+44
  1.5850E+00  8.8864E+44  2.7342E+44  9.7846E+42  6.0543E+44
  1.6790E+00  8.6079E+44  2.9635E+44  9.1341E+42  5.5530E+44
  1.7780E+00  8.3316E+44  3.1520E+44  8.3900E+42  5.0957E+44
  1.8840E+00  8.0473E+44  3.2998E+44  7.5637E+42  4.6719E+44
  1.9950E+00  7.7508E+44  3.3965E+44  6.6821E+42  4.2875E+44
  2.1130E+00  7.4337E+44  3.4426E+44  5.7787E+42  3.9333E+44
  2.2390E+00  7.0899E+44  3.4349E+44  4.8898E+42  3.6061E+44
  2.3710E+00  6.7259E+44  3.3762E+44  4.0530E+42  3.3092E+44
  2.5120E+00  6.3428E+44  3.2754E+44  3.2960E+42  3.0344E+44
  2.6610E+00  5.9464E+44  3.1368E+44  2.6343E+42  2.7832E+44
  2.8180E+00  5.5414E+44  2.9668E+44  2.0722E+42  2.5538E+44
  2.9850E+00  5.1347E+44  2.7760E+44  1.6070E+42  2.3426E+44
  3.1620E+00  4.7309E+44  2.5699E+44  1.2305E+42  2.1487E+44
  3.3500E+00  4.3429E+44  2.3632E+44  9.3241E+41  1.9704E+44
  3.5480E+00  3.9669E+44  2.1521E+44  6.9967E+41  1.8078E+44
  3.7580E+00  3.6101E+44  1.9466E+44  5.2044E+41  1.6583E+44
  3.9810E+00  3.2738E+44  1.7490E+44  3.8409E+41  1.5210E+44
  4.2170E+00  2.9599E+44  1.5620E+44  2.8155E+41  1.3951E+44
  4.4670E+00  2.6690E+44  1.3873E+44  2.0511E+41  1.2796E+44
  4.7320E+00  2.4020E+44  1.2268E+44  1.4852E+41  1.1737E+44
  5.0120E+00  2.1614E+44  1.0812E+44  1.0713E+41  1.0791E+44
  5.3090E+00  1.9104E+44  9.4937E+43  7.5710E+40  9.6024E+43
  5.6230E+00  1.6805E+44  8.3192E+43  5.3037E+40  8.4805E+43
  5.9570E+00  1.4718E+44  7.2831E+43  3.6847E+40  7.4316E+43
  6.3100E+00  1.2808E+44  6.3347E+43  2.5347E+40  6.4710E+43
  6.6830E+00  1.1160E+44  5.5573E+43  1.7368E+40  5.6014E+43
  7.0790E+00  9.6663E+43  4.8461E+43  1.1744E+40  4.8190E+43
  7.4990E+00  8.4832E+43  4.3595E+43  7.8774E+39  4.1229E+43
  7.9430E+00  8.0382E+43  4.5267E+43  5.4781E+39  3.5109E+43
  8.4140E+00  8.1812E+43  5.2056E+43  4.1277E+39  2.9752E+43
  8.9130E+00  8.1136E+43  5.6029E+43  3.2372E+39  2.5104E+43
  9.4410E+00  7.8547E+43  5.7443E+43  2.7703E+39  2.1101E+43
  1.0000E+01  6.6058E+43  4.8386E+43  2.0992E+39  1.7671E+43
  1.0590E+01  5.3879E+43  3.9119E+43  1.5284E+39  1.4758E+43
  1.1220E+01  4.2808E+43  3.0540E+43  1.0184E+39  1.2267E+43
  1.1890E+01  3.4187E+43  2.4028E+43  6.6919E+38  1.0159E+43
  1.2590E+01  2.7515E+43  1.9102E+43  4.2867E+38  8.4119E+42
  1.3340E+01  2.2382E+43  1.5449E+43  2.6962E+38  6.9319E+42
  1.4130E+01  1.8848E+43  1.3143E+43  1.6931E+38  5.7050E+42
  1.4960E+01  1.7067E+43  1.2375E+43  1.1456E+38  4.6919E+42
  1.5850E+01  1.5844E+43  1.2003E+43  8.2212E+37  3.8414E+42
  1.6790E+01  1.4878E+43  1.1737E+43  6.1861E+37  3.1409E+42
  1.7780E+01  1.3876E+43  1.1309E+43  4.7829E+37  2.5663E+42
  1.8840E+01  1.2636E+43  1.0547E+43  3.6588E+37  2.0888E+42
  1.9950E+01  1.1232E+43  9.5311E+42  2.6801E+37  1.7013E+42
  2.1130E+01  9.9816E+42  8.5989E+42  1.8992E+37  1.3827E+42
  2.2390E+01  8.9491E+42  7.8287E+42  1.3461E+37  1.1203E+42
  2.3710E+01  8.0815E+42  7.1729E+42  9.5347E+36  9.0864E+41
  2.5120E+01  7.3104E+42  6.5756E+42  6.7625E+36  7.3479E+41
  2.6610E+01  6.6049E+42  6.0110E+42  4.7730E+36  5.9383E+41
  2.8180E+01  5.9453E+42  5.4653E+42  3.3633E+36  4.7994E+41
  2.9850E+01  5.3084E+42  4.9212E+42  2.3559E+36  3.8717E+41
  3.1620E+01  4.6884E+42  4.3764E+42  1.6336E+36  3.1199E+41
  3.3500E+01  4.0874E+42  3.8363E+42  1.1200E+36  2.5106E+41
  3.5480E+01  3.5162E+42  3.3141E+42  7.5928E+35  2.0210E+41
  3.7580E+01  2.9802E+42  2.8177E+42  5.0789E+35  1.6253E+41
  3.9810E+01  2.4854E+42  2.3549E+42  3.3499E+35  1.3054E+41
  4.2170E+01  2.0435E+42  1.9387E+42  2.1801E+35  1.0479E+41
  4.4670E+01  1.6582E+42  1.5741E+42  1.3995E+35  8.4074E+40
  4.7320E+01  1.3298E+42  1.2624E+42  8.8781E+34  6.7400E+40
  5.0120E+01  1.0554E+42  1.0014E+42  5.5738E+34  5.4034E+40
  5.3090E+01  8.2929E+41  7.8601E+41  3.4649E+34  4.3282E+40
  5.6230E+01  6.4630E+41  6.1164E+41  2.1365E+34  3.4667E+40
  5.9570E+01  4.9945E+41  4.7172E+41  1.3065E+34  2.7728E+40
  6.3100E+01  3.8357E+41  3.6139E+41  7.9428E+33  2.2180E+40
  6.6830E+01  2.9297E+41  2.7522E+41  4.8049E+33  1.7744E+40
  7.0790E+01  2.2261E+41  2.0842E+41  2.8928E+33  1.4183E+40
  7.4990E+01  1.6834E+41  1.5701E+41  1.7345E+33  1.1329E+40
  7.9430E+01  1.2685E+41  1.1780E+41  1.0372E+33  9.0505E+39
  8.4140E+01  9.5257E+40  8.8031E+40  6.1840E+32  7.2256E+39
  8.9130E+01  7.1365E+40  6.5599E+40  3.6816E+32  5.7665E+39
  9.4410E+01  5.3354E+40  4.8752E+40  2.1892E+32  4.6021E+39
  1.0000E+02  3.9807E+40  3.6135E+40  1.3002E+32  3.6722E+39
  1.0590E+02  2.9683E+40  2.6751E+40  7.7266E+31  2.9317E+39
  1.1220E+02  2.2105E+40  1.9769E+40  4.5869E+31  2.3358E+39
  1.1890E+02  1.6480E+40  1.4621E+40  2.7278E+31  1.8590E+39
  1.2590E+02  1.2364E+40  1.0881E+40  1.6335E+31  1.4838E+39
  1.3340E+02  9.3031E+39  8.1221E+39  9.8233E+30  1.1811E+39
  1.4130E+02  6.9527E+39  6.0116E+39  5.8996E+30  9.4117E+38
  1.4960E+02  5.1020E+39  4.3508E+39  3.4889E+30  7.5121E+38
  1.5850E+02  3.7222E+39  3.1244E+39  2.0492E+30  5.9781E+38
  1.7780E+02  2.0064E+39  1.6270E+39  7.1644E+29  3.7942E+38
  1.9950E+02  1.0897E+39  8.4925E+38  2.5324E+29  2.4043E+38
  2.2390E+02  5.9446E+38  4.4230E+38  9.0307E+28  1.5216E+38
  2.5120E+02  3.2635E+38  2.2997E+38  3.2528E+28  9.6376E+37
  2.8180E+02  1.8028E+38  1.1924E+38  1.1827E+28  6.1043E+37
  3.1620E+02  1.0021E+38  6.1593E+37  4.3362E+27  3.8617E+37
  3.5480E+02  5.6157E+37  3.1736E+37  1.6040E+27  2.4421E+37
  3.9810E+02  3.1754E+37  1.6312E+37  5.9888E+26  1.5442E+37
  4.4670E+02  1.8125E+37  8.3646E+36  2.2547E+26  9.7603E+36
  5.0120E+02  1.0451E+37  4.2816E+36  8.5585E+25  6.1695E+36
  5.6230E+02  6.0889E+36  2.1886E+36  3.2724E+25  3.9003E+36
  6.3100E+02  3.5788E+36  1.1158E+36  1.2584E+25  2.4629E+36
  7.0790E+02  2.1254E+36  5.6863E+35  4.8720E+24  1.5568E+36
  7.9430E+02  1.2724E+36  2.8916E+35  1.8941E+24  9.8325E+35
  8.9130E+02  7.6759E+35  1.4681E+35  7.3924E+23  6.2077E+35
  1.0000E+03  4.6663E+35  7.4492E+34  2.8975E+23  3.9214E+35
