  1.0000E-03  8.8906E+44  0.0000E+00  1.2445E+43  8.7662E+44
  1.1220E-03  9.9723E+44  0.0000E+00  1.3657E+43  9.8357E+44
  1.2590E-03  1.1181E+45  0.0000E+00  1.4385E+43  1.1037E+45
  1.4130E-03  1.2534E+45  0.0000E+00  1.4667E+43  1.2387E+45
  1.5850E-03  1.4044E+45  0.0000E+00  1.4924E+43  1.3894E+45
  1.7780E-03  1.5764E+45  0.0000E+00  1.7787E+43  1.5586E+45
  1.9950E-03  1.7668E+45  0.0000E+00  1.8026E+43  1.7488E+45
  2.2390E-03  1.9799E+45  0.0000E+00  1.7130E+43  1.9627E+45
  2.5120E-03  2.2232E+45  0.0000E+00  2.1229E+43  2.2020E+45
  2.8180E-03  2.4914E+45  0.0000E+00  2.1188E+43  2.4702E+45
  3.1620E-03  2.7926E+45  0.0000E+00  2.0799E+43  2.7718E+45
  3.5480E-03  3.1306E+45  0.0000E+00  2.0299E+43  3.1103E+45
  3.9810E-03  3.5096E+45  0.0000E+00  1.9766E+43  3.4898E+45
  4.4670E-03  3.9730E+45  0.0000E+00  5.7137E+43  3.9158E+45
  5.0120E-03  4.4512E+45  0.0000E+00  5.7592E+43  4.3936E+45
  5.6230E-03  4.9864E+45  0.0000E+00  5.7166E+43  4.9292E+45
  5.9570E-03  5.2789E+45  0.0000E+00  5.6842E+43  5.2220E+45
  6.6830E-03  5.9150E+45  0.0000E+00  5.6500E+43  5.8585E+45
  7.4990E-03  6.6309E+45  0.0000E+00  5.7066E+43  6.5738E+45
  8.4140E-03  7.4333E+45  0.0000E+00  5.7415E+43  7.3758E+45
  9.4410E-03  8.3339E+45  0.0000E+00  5.7815E+43  8.2761E+45
  1.0590E-02  9.3408E+45  0.0000E+00  5.7532E+43  9.2833E+45
  1.1890E-02  1.0484E+46  0.0000E+00  6.0884E+43  1.0423E+46
  1.3340E-02  1.1756E+46  0.0000E+00  6.2008E+43  1.1694E+46
  1.4960E-02  1.3178E+46  0.0000E+00  6.3769E+43  1.3114E+46
  1.6790E-02  1.4784E+46  0.0000E+00  6.5328E+43  1.4718E+46
  1.8840E-02  1.6582E+46  0.0000E+00  6.6855E+43  1.6515E+46
  2.1130E-02  1.8593E+46  0.0000E+00  6.9556E+43  1.8524E+46
  2.3710E-02  2.0857E+46  0.0000E+00  7.2149E+43  2.0785E+46
  2.6610E-02  2.3401E+46  0.0000E+00  7.4771E+43  2.3326E+46
  2.9850E-02  2.6244E+46  6.9297E-83  7.7483E+43  2.6166E+46
  3.3500E-02  2.9447E+46  4.3717E-68  8.0253E+43  2.9367E+46
  3.7580E-02  3.3029E+46  5.4833E-55  8.6427E+43  3.2942E+46
  4.2170E-02  3.7069E+46  2.3590E-43  1.0202E+44  3.6967E+46
  4.7320E-02  4.1587E+46  6.0913E-33  1.0534E+44  4.1482E+46
  5.3090E-02  4.3314E+46  1.0770E-23  1.0209E+44  4.3212E+46
  6.6830E-02  4.1360E+46  3.7712E-08  9.1682E+43  4.1268E+46
  7.4990E-02  4.0420E+46  1.2197E-01  9.1521E+43  4.0328E+46
  8.4140E-02  3.9497E+46  6.3215E+04  8.6721E+43  3.9410E+46
  9.4410E-02  3.8597E+46  7.5306E+09  8.4182E+43  3.8513E+46
  1.0590E-01  3.5134E+46  2.1337E+14  7.8631E+43  3.5055E+46
  1.1890E-01  2.9534E+46  1.7275E+18  6.6279E+43  2.9467E+46
  1.3340E-01  2.4857E+46  3.8293E+21  6.1662E+43  2.4795E+46
  1.4960E-01  2.0933E+46  4.6002E+24  5.4418E+43  2.0878E+46
  1.5850E-01  1.9194E+46  1.3660E+26  4.9284E+43  1.9145E+46
  1.7780E-01  1.6151E+46  6.8057E+28  3.6667E+43  1.6114E+46
  1.9950E-01  1.3581E+46  1.8272E+31  2.2667E+43  1.3558E+46
  2.2390E-01  1.1423E+46  2.0964E+33  2.0090E+43  1.1403E+46
  2.3710E-01  1.0486E+46  1.4482E+34  2.1173E+43  1.0464E+46
  2.5120E-01  9.6176E+45  8.6937E+34  2.1782E+43  9.5958E+45
  2.6610E-01  8.8228E+45  4.8194E+35  2.1611E+43  8.8012E+45
  2.8180E-01  8.0970E+45  2.4286E+36  2.0957E+43  8.0761E+45
  2.9850E-01  7.4281E+45  1.1101E+37  2.0217E+43  7.4079E+45
  3.1620E-01  6.8143E+45  4.5522E+37  1.9631E+43  6.7947E+45
  3.3500E-01  6.2499E+45  1.7020E+38  1.9069E+43  6.2308E+45
  3.5480E-01  5.7349E+45  5.8163E+38  1.8460E+43  5.7165E+45
  3.7580E-01  5.2620E+45  1.8372E+39  1.7839E+43  5.2442E+45
  3.9810E-01  4.8270E+45  5.3407E+39  1.7269E+43  4.8097E+45
  4.2170E-01  4.4284E+45  1.4280E+40  1.6769E+43  4.4116E+45
  4.4670E-01  4.0630E+45  3.5392E+40  1.6355E+43  4.0466E+45
  4.7320E-01  3.7275E+45  8.2461E+40  1.5933E+43  3.7115E+45
  5.0120E-01  3.4205E+45  1.8106E+41  1.5480E+43  3.4048E+45
  5.3090E-01  3.1386E+45  3.7670E+41  1.5004E+43  3.1232E+45
  5.6230E-01  2.8804E+45  7.4105E+41  1.4534E+43  2.8651E+45
  5.9570E-01  2.6430E+45  1.3878E+42  1.4058E+43  2.6276E+45
  6.3100E-01  2.4264E+45  2.4732E+42  1.3585E+43  2.4103E+45
  6.6830E-01  2.2287E+45  4.1996E+42  1.3100E+43  2.2114E+45
  7.0790E-01  2.0479E+45  6.8247E+42  1.2650E+43  2.0284E+45
  7.4990E-01  1.8833E+45  1.0626E+43  1.2213E+43  1.8605E+45
  7.9430E-01  1.7343E+45  1.5882E+43  1.1793E+43  1.7066E+45
  8.4140E-01  1.5996E+45  2.2869E+43  1.1382E+43  1.5653E+45
  8.9130E-01  1.4786E+45  3.1847E+43  1.0993E+43  1.4357E+45
  9.4410E-01  1.3704E+45  4.2848E+43  1.0600E+43  1.3170E+45
  1.0000E+00  1.2741E+45  5.5757E+43  1.0183E+43  1.2081E+45
  1.0590E+00  1.1887E+45  7.0355E+43  9.7641E+42  1.1086E+45
  1.1220E+00  1.1125E+45  8.6637E+43  9.3297E+42  1.0165E+45
  1.1890E+00  1.0450E+45  1.0428E+44  8.8663E+42  9.3183E+44
  1.2590E+00  9.8599E+44  1.2242E+44  8.3668E+42  8.5520E+44
  1.3340E+00  9.3258E+44  1.4064E+44  7.8308E+42  7.8411E+44
  1.4130E+00  8.8417E+44  1.5763E+44  7.2764E+42  7.1927E+44
  1.4960E+00  8.3992E+44  1.7296E+44  6.7056E+42  6.6026E+44
  1.5850E+00  7.9842E+44  1.8688E+44  6.1125E+42  6.0543E+44
  1.6790E+00  7.5919E+44  1.9838E+44  5.5043E+42  5.5530E+44
  1.7780E+00  7.2142E+44  2.0696E+44  4.8840E+42  5.0957E+44
  1.8840E+00  6.8444E+44  2.1299E+44  4.2604E+42  4.6719E+44
  1.9950E+00  6.4849E+44  2.1609E+44  3.6536E+42  4.2875E+44
  2.1130E+00  6.1298E+44  2.1657E+44  3.0789E+42  3.9333E+44
  2.2390E+00  5.7762E+44  2.1446E+44  2.5509E+42  3.6061E+44
  2.3710E+00  5.4297E+44  2.0997E+44  2.0817E+42  3.3092E+44
  2.5120E+00  5.0886E+44  2.0374E+44  1.6760E+42  3.0344E+44
  2.6610E+00  4.7555E+44  1.9590E+44  1.3337E+42  2.7832E+44
  2.8180E+00  4.4312E+44  1.8669E+44  1.0501E+42  2.5538E+44
  2.9850E+00  4.1173E+44  1.7665E+44  8.1919E+41  2.3426E+44
  3.1620E+00  3.8142E+44  1.6592E+44  6.3378E+41  2.1487E+44
  3.3500E+00  3.5285E+44  1.5533E+44  4.8691E+41  1.9704E+44
  3.5480E+00  3.2553E+44  1.4438E+44  3.7172E+41  1.8078E+44
  3.7580E+00  2.9977E+44  1.3365E+44  2.8205E+41  1.6583E+44
  3.9810E+00  2.7554E+44  1.2323E+44  2.1281E+41  1.5210E+44
  4.2170E+00  2.5286E+44  1.1319E+44  1.5978E+41  1.3951E+44
  4.4670E+00  2.3172E+44  1.0364E+44  1.1940E+41  1.2796E+44
  4.7320E+00  2.1215E+44  9.4690E+43  8.8770E+40  1.1737E+44
  5.0120E+00  1.9437E+44  8.6389E+43  6.5804E+40  1.0791E+44
  5.3090E+00  1.7476E+44  7.8693E+43  4.7708E+40  9.6024E+43
  5.6230E+00  1.5649E+44  7.1654E+43  3.4292E+40  8.4805E+43
  5.9570E+00  1.3963E+44  6.5291E+43  2.4450E+40  7.4316E+43
  6.3100E+00  1.2391E+44  5.9183E+43  1.7275E+40  6.4710E+43
  6.6830E+00  1.1018E+44  5.4157E+43  1.2159E+40  5.6014E+43
  7.0790E+00  9.7515E+43  4.9317E+43  8.4543E+39  4.8190E+43
  7.4990E+00  8.7326E+43  4.6091E+43  5.7787E+39  4.1229E+43
  7.9430E+00  8.3529E+43  4.8415E+43  3.9217E+39  3.5109E+43
  8.4140E+00  8.5462E+43  5.5707E+43  2.8195E+39  2.9752E+43
  8.9130E+00  8.5995E+43  6.0889E+43  2.1786E+39  2.5104E+43
  9.4410E+00  8.4934E+43  6.3831E+43  1.8795E+39  2.1101E+43
  1.0000E+01  7.2991E+43  5.5319E+43  1.4647E+39  1.7671E+43
  1.0590E+01  6.1118E+43  4.6358E+43  1.1099E+39  1.4758E+43
  1.1220E+01  5.0295E+43  3.8028E+43  7.8440E+38  1.2267E+43
  1.1890E+01  4.1807E+43  3.1647E+43  5.5039E+38  1.0159E+43
  1.2590E+01  3.5244E+43  2.6832E+43  3.7986E+38  8.4119E+42
  1.3340E+01  3.0132E+43  2.3199E+43  2.5781E+38  6.9319E+42
  1.4130E+01  2.6592E+43  2.0887E+43  1.7251E+38  5.7050E+42
  1.4960E+01  2.4931E+43  2.0239E+43  1.2015E+38  4.6919E+42
  1.5850E+01  2.3919E+43  2.0078E+43  8.8113E+37  3.8414E+42
  1.6790E+01  2.3213E+43  2.0072E+43  6.7774E+37  3.1409E+42
  1.7780E+01  2.2430E+43  1.9863E+43  5.4057E+37  2.5663E+42
  1.8840E+01  2.1268E+43  1.9179E+43  4.3385E+37  2.0888E+42
  1.9950E+01  1.9750E+43  1.8049E+43  3.3881E+37  1.7013E+42
  2.1130E+01  1.8287E+43  1.6904E+43  2.5650E+37  1.3827E+42
  2.2390E+01  1.6984E+43  1.5864E+43  1.9322E+37  1.1203E+42
  2.3710E+01  1.5785E+43  1.4877E+43  1.4461E+37  9.0864E+41
  2.5120E+01  1.4607E+43  1.3872E+43  1.0773E+37  7.3479E+41
  2.6610E+01  1.3423E+43  1.2829E+43  7.9422E+36  5.9383E+41
  2.8180E+01  1.2226E+43  1.1746E+43  5.8115E+36  4.7994E+41
  2.9850E+01  1.1001E+43  1.0613E+43  4.2063E+36  3.8717E+41
  3.1620E+01  9.7580E+42  9.4461E+42  3.0012E+36  3.1199E+41
  3.3500E+01  8.5220E+42  8.2710E+42  2.1095E+36  2.5106E+41
  3.5480E+01  7.3302E+42  7.1281E+42  1.4612E+36  2.0210E+41
  3.7580E+01  6.2035E+42  6.0409E+42  9.9627E+35  1.6253E+41
  3.9810E+01  5.1603E+42  5.0298E+42  6.6858E+35  1.3054E+41
  4.2170E+01  4.2284E+42  4.1236E+42  4.4181E+35  1.0479E+41
  4.4670E+01  3.4168E+42  3.3328E+42  2.8745E+35  8.4074E+40
  4.7320E+01  2.7269E+42  2.6595E+42  1.8446E+35  6.7400E+40
  5.0120E+01  2.1526E+42  2.0986E+42  1.1692E+35  5.4034E+40
  5.3090E+01  1.6814E+42  1.6381E+42  7.3244E+34  4.3282E+40
  5.6230E+01  1.3020E+42  1.2674E+42  4.5428E+34  3.4667E+40
  5.9570E+01  9.9933E+41  9.7160E+41  2.7893E+34  2.7728E+40
  6.3100E+01  7.6198E+41  7.3980E+41  1.6997E+34  2.2180E+40
  6.6830E+01  5.7766E+41  5.5992E+41  1.0289E+34  1.7744E+40
  7.0790E+01  4.3553E+41  4.2135E+41  6.1892E+33  1.4183E+40
  7.4990E+01  3.2673E+41  3.1540E+41  3.7022E+33  1.1329E+40
  7.9430E+01  2.4421E+41  2.3516E+41  2.2055E+33  9.0505E+39
  8.4140E+01  1.8186E+41  1.7463E+41  1.3082E+33  7.2256E+39
  8.9130E+01  1.3510E+41  1.2933E+41  7.7388E+32  5.7665E+39
  9.4410E+01  1.0014E+41  9.5536E+40  4.5668E+32  4.6021E+39
  1.0000E+02  7.4066E+40  7.0393E+40  2.6886E+32  3.6722E+39
  1.0590E+02  5.4746E+40  5.1814E+40  1.5819E+32  2.9317E+39
  1.1220E+02  4.0409E+40  3.8073E+40  9.2902E+31  2.3358E+39
  1.1890E+02  2.9859E+40  2.8000E+40  5.4618E+31  1.8590E+39
  1.2590E+02  2.2205E+40  2.0721E+40  3.2321E+31  1.4838E+39
  1.3340E+02  1.6562E+40  1.5381E+40  1.9209E+31  1.1811E+39
  1.4130E+02  1.2268E+40  1.1327E+40  1.1381E+31  9.4117E+38
  1.4960E+02  8.9165E+39  8.1653E+39  6.6134E+30  7.5121E+38
  1.5850E+02  6.4393E+39  5.8415E+39  3.8096E+30  5.9781E+38
  1.7780E+02  3.3990E+39  3.0195E+39  1.2782E+30  3.7942E+38
  1.9950E+02  1.8056E+39  1.5651E+39  4.3216E+29  2.4043E+38
  2.2390E+02  9.6210E+38  8.0995E+38  1.4689E+29  1.5216E+38
  2.5120E+02  5.1509E+38  4.1872E+38  5.0260E+28  9.6376E+37
  2.8180E+02  2.7702E+38  2.1598E+38  1.7313E+28  6.1043E+37
  3.1620E+02  1.4967E+38  1.1105E+38  6.0032E+27  3.8617E+37
  3.5480E+02  8.1403E+37  5.6982E+37  2.0988E+27  2.4421E+37
  3.9810E+02  4.4621E+37  2.9179E+37  7.4091E+26  1.5442E+37
  4.4670E+02  2.4674E+37  1.4913E+37  2.6416E+26  9.7603E+36
  5.0120E+02  1.3781E+37  7.6112E+36  9.5206E+25  6.1695E+36
  5.6230E+02  7.7806E+36  3.8802E+36  3.4685E+25  3.9003E+36
  6.3100E+02  4.4365E+36  1.9736E+36  1.2761E+25  2.4629E+36
  7.0790E+02  2.5604E+36  1.0037E+36  4.7479E+24  1.5568E+36
  7.9430E+02  1.4927E+36  5.0943E+35  1.7820E+24  9.8325E+35
  8.9130E+02  8.7899E+35  2.5822E+35  6.7454E+23  6.2077E+35
  1.0000E+03  5.2296E+35  1.3082E+35  2.5752E+23  3.9214E+35
