  1.0000E-03  1.0030E+45  0.0000E+00  1.2643E+44  8.7662E+44
  1.1220E-03  1.1259E+45  0.0000E+00  1.4237E+44  9.8357E+44
  1.2590E-03  1.2574E+45  0.0000E+00  1.5368E+44  1.1037E+45
  1.4130E-03  1.3996E+45  0.0000E+00  1.6094E+44  1.2387E+45
  1.5850E-03  1.5590E+45  0.0000E+00  1.6961E+44  1.3894E+45
  1.7780E-03  1.7734E+45  0.0000E+00  2.1477E+44  1.5586E+45
  1.9950E-03  1.9783E+45  0.0000E+00  2.2946E+44  1.7488E+45
  2.2390E-03  2.1924E+45  0.0000E+00  2.2972E+44  1.9627E+45
  2.5120E-03  2.5104E+45  0.0000E+00  3.0841E+44  2.2020E+45
  2.8180E-03  2.7971E+45  0.0000E+00  3.2687E+44  2.4702E+45
  3.1620E-03  3.1097E+45  0.0000E+00  3.3784E+44  2.7718E+45
  3.5480E-03  3.4548E+45  0.0000E+00  3.4450E+44  3.1103E+45
  3.9810E-03  3.8370E+45  0.0000E+00  3.4711E+44  3.4898E+45
  4.4670E-03  4.5389E+45  0.0000E+00  6.2307E+44  3.9158E+45
  5.0120E-03  5.1113E+45  0.0000E+00  7.1776E+44  4.3936E+45
  5.6230E-03  5.7405E+45  0.0000E+00  8.1125E+44  4.9292E+45
  5.9570E-03  6.0791E+45  0.0000E+00  8.5705E+44  5.2220E+45
  6.6830E-03  6.8053E+45  0.0000E+00  9.4676E+44  5.8585E+45
  7.4990E-03  7.6243E+45  0.0000E+00  1.0505E+45  6.5738E+45
  8.4140E-03  8.5227E+45  0.0000E+00  1.1468E+45  7.3758E+45
  9.4410E-03  9.5163E+45  0.0000E+00  1.2402E+45  8.2761E+45
  1.0590E-02  1.0599E+46  0.0000E+00  1.3152E+45  9.2833E+45
  1.1890E-02  1.1905E+46  0.0000E+00  1.4817E+45  1.0423E+46
  1.3340E-02  1.3290E+46  0.0000E+00  1.5959E+45  1.1694E+46
  1.4960E-02  1.4846E+46  0.0000E+00  1.7319E+45  1.3114E+46
  1.6790E-02  1.6583E+46  0.0000E+00  1.8648E+45  1.4718E+46
  1.8840E-02  1.8514E+46  0.0000E+00  1.9983E+45  1.6515E+46
  2.1130E-02  2.0697E+46  0.0000E+00  2.1730E+45  1.8524E+46
  2.3710E-02  2.3132E+46  0.0000E+00  2.3473E+45  2.0785E+46
  2.6610E-02  2.5853E+46  0.0000E+00  2.5265E+45  2.3326E+46
  2.9850E-02  2.8878E+46  9.2849E-83  2.7111E+45  2.6166E+46
  3.3500E-02  3.2263E+46  5.9967E-68  2.8961E+45  2.9367E+46
  3.7580E-02  3.6064E+46  7.5169E-55  3.1215E+45  3.2942E+46
  4.2170E-02  4.0775E+46  3.2940E-43  3.8080E+45  3.6967E+46
  4.7320E-02  4.5599E+46  8.9305E-33  4.1175E+45  4.1482E+46
  5.3090E-02  4.7271E+46  1.6518E-23  4.0591E+45  4.3212E+46
  6.6830E-02  4.4484E+46  6.4399E-08  3.2161E+45  4.1268E+46
  7.4990E-02  4.3063E+46  2.2092E-01  2.7348E+45  4.0328E+46
  8.4140E-02  4.2116E+46  1.1415E+05  2.7054E+45  3.9410E+46
  9.4410E-02  4.1235E+46  1.3512E+10  2.7228E+45  3.8513E+46
  1.0590E-01  3.7902E+46  3.6741E+14  2.8463E+45  3.5055E+46
  1.1890E-01  3.2030E+46  2.6387E+18  2.5627E+45  2.9467E+46
  1.3340E-01  2.7067E+46  5.1206E+21  2.2712E+45  2.4795E+46
  1.4960E-01  2.2635E+46  5.6336E+24  1.7570E+45  2.0878E+46
  1.5850E-01  2.0690E+46  1.6479E+26  1.5453E+45  1.9145E+46
  1.7780E-01  1.7423E+46  8.6717E+28  1.3091E+45  1.6114E+46
  1.9950E-01  1.4538E+46  2.6843E+31  9.7975E+44  1.3558E+46
  2.2390E-01  1.2237E+46  3.3734E+33  8.3409E+44  1.1403E+46
  2.3710E-01  1.1368E+46  2.2012E+34  9.0408E+44  1.0464E+46
  2.5120E-01  1.0524E+46  1.2268E+35  9.2818E+44  9.5958E+45
  2.6610E-01  9.6954E+45  6.4440E+35  8.9425E+44  8.8012E+45
  2.8180E-01  8.9127E+45  3.1231E+36  8.3662E+44  8.0761E+45
  2.9850E-01  8.1859E+45  1.3837E+37  7.7799E+44  7.4079E+45
  3.1620E-01  7.5216E+45  5.5160E+37  7.2695E+44  6.7947E+45
  3.3500E-01  6.9098E+45  2.0093E+38  6.7897E+44  6.2308E+45
  3.5480E-01  6.3492E+45  6.7092E+38  6.3270E+44  5.7165E+45
  3.7580E-01  5.8334E+45  2.0734E+39  5.8927E+44  5.2442E+45
  3.9810E-01  5.3593E+45  5.9039E+39  5.4958E+44  4.8097E+45
  4.2170E-01  4.9250E+45  1.5445E+40  5.1334E+44  4.4116E+45
  4.4670E-01  4.5276E+45  3.7456E+40  4.8099E+44  4.0466E+45
  4.7320E-01  4.1616E+45  8.5448E+40  4.5004E+44  3.7115E+45
  5.0120E-01  3.8251E+45  1.8392E+41  4.2008E+44  3.4048E+45
  5.3090E-01  3.5149E+45  3.7546E+41  3.9133E+44  3.1232E+45
  5.6230E-01  3.2305E+45  7.2635E+41  3.6463E+44  2.8651E+45
  5.9570E-01  2.9683E+45  1.3406E+42  3.3940E+44  2.6276E+45
  6.3100E-01  2.7281E+45  2.3581E+42  3.1544E+44  2.4103E+45
  6.6830E-01  2.5079E+45  3.9606E+42  2.9254E+44  2.2114E+45
  7.0790E-01  2.3060E+45  6.3770E+42  2.7118E+44  2.0284E+45
  7.4990E-01  2.1213E+45  9.8637E+42  2.5098E+44  1.8605E+45
  7.9430E-01  1.9530E+45  1.4671E+43  2.3169E+44  1.7066E+45
  8.4140E-01  1.7998E+45  2.1075E+43  2.1343E+44  1.5653E+45
  8.9130E-01  1.6610E+45  2.9305E+43  1.9601E+44  1.4357E+45
  9.4410E-01  1.5362E+45  3.9498E+43  1.7970E+44  1.3170E+45
  1.0000E+00  1.4243E+45  5.1740E+43  1.6440E+44  1.2081E+45
  1.0590E+00  1.3248E+45  6.5976E+43  1.5029E+44  1.1086E+45
  1.1220E+00  1.2359E+45  8.2403E+43  1.3700E+44  1.0165E+45
  1.1890E+00  1.1571E+45  1.0092E+44  1.2437E+44  9.3183E+44
  1.2590E+00  1.0882E+45  1.2074E+44  1.1228E+44  8.5520E+44
  1.3340E+00  1.0272E+45  1.4205E+44  1.0103E+44  7.8411E+44
  1.4130E+00  9.7394E+44  1.6379E+44  9.0883E+43  7.1927E+44
  1.4960E+00  9.2737E+44  1.8554E+44  8.1576E+43  6.6026E+44
  1.5850E+00  8.8595E+44  2.0770E+44  7.2820E+43  6.0543E+44
  1.6790E+00  8.4858E+44  2.2879E+44  6.4492E+43  5.5530E+44
  1.7780E+00  8.1394E+44  2.4789E+44  5.6475E+43  5.0957E+44
  1.8840E+00  7.8137E+44  2.6540E+44  4.8782E+43  4.6719E+44
  1.9950E+00  7.5027E+44  2.8001E+44  4.1509E+43  4.2875E+44
  2.1130E+00  7.2001E+44  2.9191E+44  3.4771E+43  3.9333E+44
  2.2390E+00  6.8988E+44  3.0060E+44  2.8670E+43  3.6061E+44
  2.3710E+00  6.5969E+44  3.0549E+44  2.3283E+43  3.3092E+44
  2.5120E+00  6.2934E+44  3.0724E+44  1.8656E+43  3.0344E+44
  2.6610E+00  5.9854E+44  3.0545E+44  1.4764E+43  2.7832E+44
  2.8180E+00  5.6696E+44  3.0003E+44  1.1543E+43  2.5538E+44
  2.9850E+00  5.3488E+44  2.9169E+44  8.9300E+42  2.3426E+44
  3.1620E+00  5.0222E+44  2.8052E+44  6.8393E+42  2.1487E+44
  3.3500E+00  4.7018E+44  2.6795E+44  5.1977E+42  1.9704E+44
  3.5480E+00  4.3762E+44  2.5293E+44  3.9142E+42  1.8078E+44
  3.7580E+00  4.0558E+44  2.3682E+44  2.9251E+42  1.6583E+44
  3.9810E+00  3.7426E+44  2.1999E+44  2.1704E+42  1.5210E+44
  4.2170E+00  3.4385E+44  2.0274E+44  1.5998E+42  1.3951E+44
  4.4670E+00  3.1458E+44  1.8545E+44  1.1718E+42  1.2796E+44
  4.7320E+00  2.8695E+44  1.6873E+44  8.5339E+41  1.1737E+44
  5.0120E+00  2.6138E+44  1.5285E+44  6.1928E+41  1.0791E+44
  5.3090E+00  2.3437E+44  1.3791E+44  4.4159E+41  9.6024E+43
  5.6230E+00  2.0930E+44  1.2419E+44  3.1273E+41  8.4805E+43
  5.9570E+00  1.8636E+44  1.1182E+44  2.2022E+41  7.4316E+43
  6.3100E+00  1.6472E+44  9.9858E+43  1.5353E+41  6.4710E+43
  6.6830E+00  1.4599E+44  8.9874E+43  1.0689E+41  5.6014E+43
  7.0790E+00  1.2849E+44  8.0230E+43  7.3415E+40  4.8190E+43
  7.4990E+00  1.1810E+44  7.6818E+43  5.1735E+40  4.1229E+43
  7.9430E+00  1.3293E+44  9.7773E+43  4.3516E+40  3.5109E+43
  8.4140E+00  1.7197E+44  1.4218E+44  4.3313E+40  2.9752E+43
  8.9130E+00  2.0246E+44  1.7732E+44  4.1928E+40  2.5104E+43
  9.4410E+00  2.2263E+44  2.0148E+44  4.2283E+40  2.1101E+43
  1.0000E+01  1.8179E+44  1.6409E+44  3.0774E+40  1.7671E+43
  1.0590E+01  1.3981E+44  1.2504E+44  2.0765E+40  1.4758E+43
  1.1220E+01  1.0225E+44  8.9974E+43  1.2490E+40  1.2267E+43
  1.1890E+01  7.6170E+43  6.6003E+43  7.5674E+39  1.0159E+43
  1.2590E+01  5.7203E+43  4.8786E+43  4.4981E+39  8.4119E+42
  1.3340E+01  4.3924E+43  3.6990E+43  2.6721E+39  6.9319E+42
  1.4130E+01  3.6029E+43  3.0323E+43  1.6450E+39  5.7050E+42
  1.4960E+01  3.3790E+43  2.9097E+43  1.1677E+39  4.6919E+42
  1.5850E+01  3.2828E+43  2.8986E+43  8.9115E+38  3.8414E+42
  1.6790E+01  3.2104E+43  2.8963E+43  7.1128E+38  3.1409E+42
  1.7780E+01  3.0693E+43  2.8126E+43  5.7462E+38  2.5663E+42
  1.8840E+01  2.8090E+43  2.6001E+43  4.5020E+38  2.0888E+42
  1.9950E+01  2.4756E+43  2.3055E+43  3.3289E+38  1.7013E+42
  2.1130E+01  2.1901E+43  2.0518E+43  2.3937E+38  1.3827E+42
  2.2390E+01  1.9747E+43  1.8627E+43  1.7413E+38  1.1203E+42
  2.3710E+01  1.8088E+43  1.7180E+43  1.2772E+38  9.0864E+41
  2.5120E+01  1.6727E+43  1.5992E+43  9.4535E+37  7.3479E+41
  2.6610E+01  1.5538E+43  1.4944E+43  6.9993E+37  5.9383E+41
  2.8180E+01  1.4440E+43  1.3960E+43  5.1905E+37  4.7994E+41
  2.9850E+01  1.3351E+43  1.2964E+43  3.8336E+37  3.8717E+41
  3.1620E+01  1.2228E+43  1.1916E+43  2.8035E+37  3.1199E+41
  3.3500E+01  1.1060E+43  1.0809E+43  2.0255E+37  2.5106E+41
  3.5480E+01  9.8638E+42  9.6617E+42  1.4439E+37  2.0210E+41
  3.7580E+01  8.6594E+42  8.4968E+42  1.0133E+37  1.6253E+41
  3.9810E+01  7.4714E+42  7.3409E+42  6.9958E+36  1.3054E+41
  4.2170E+01  6.3461E+42  6.2413E+42  4.7523E+36  1.0479E+41
  4.4670E+01  5.3114E+42  5.2273E+42  3.1759E+36  8.4074E+40
  4.7320E+01  4.3864E+42  4.3190E+42  2.0918E+36  6.7400E+40
  5.0120E+01  3.5786E+42  3.5246E+42  1.3597E+36  5.4034E+40
  5.3090E+01  2.8856E+42  2.8423E+42  8.7279E+35  4.3282E+40
  5.6230E+01  2.3039E+42  2.2692E+42  5.5420E+35  3.4667E+40
  5.9570E+01  1.8211E+42  1.7933E+42  3.4814E+35  2.7728E+40
  6.3100E+01  1.4280E+42  1.4059E+42  2.1683E+35  2.2180E+40
  6.6830E+01  1.1119E+42  1.0941E+42  1.3403E+35  1.7744E+40
  7.0790E+01  8.5990E+41  8.4572E+41  8.2260E+34  1.4183E+40
  7.4990E+01  6.6085E+41  6.4952E+41  5.0157E+34  1.1329E+40
  7.9430E+01  5.0529E+41  4.9623E+41  3.0425E+34  9.0505E+39
  8.4140E+01  3.8443E+41  3.7721E+41  1.8357E+34  7.2256E+39
  8.9130E+01  2.9139E+41  2.8562E+41  1.1035E+34  5.7665E+39
  9.4410E+01  2.2008E+41  2.1548E+41  6.6094E+33  4.6021E+39
  1.0000E+02  1.6565E+41  1.6198E+41  3.9449E+33  3.6722E+39
  1.0590E+02  1.2443E+41  1.2150E+41  2.3504E+33  2.9317E+39
  1.1220E+02  9.3248E+40  9.0912E+40  1.3965E+33  2.3358E+39
  1.1890E+02  6.9889E+40  6.8030E+40  8.2996E+32  1.8590E+39
  1.2590E+02  5.2661E+40  5.1178E+40  4.9604E+32  1.4838E+39
  1.3340E+02  3.9779E+40  3.8598E+40  2.9764E+32  1.1811E+39
  1.4130E+02  2.9781E+40  2.8840E+40  1.7765E+32  9.4117E+38
  1.4960E+02  2.1805E+40  2.1054E+40  1.0360E+32  7.5121E+38
  1.5850E+02  1.5841E+40  1.5244E+40  5.9785E+31  5.9781E+38
  1.7780E+02  8.4360E+39  8.0566E+39  2.0066E+31  3.7942E+38
  1.9950E+02  4.5008E+39  4.2604E+39  6.7523E+30  2.4043E+38
  2.2390E+02  2.3966E+39  2.2444E+39  2.2708E+30  1.5216E+38
  2.5120E+02  1.2751E+39  1.1787E+39  7.6382E+29  9.6376E+37
  2.8180E+02  6.7755E+38  6.1651E+38  2.5692E+29  6.1043E+37
  3.1620E+02  3.5955E+38  3.2093E+38  8.6403E+28  3.8617E+37
  3.5480E+02  1.9090E+38  1.6648E+38  2.9102E+28  2.4421E+37
  3.9810E+02  1.0152E+38  8.6080E+37  9.8335E+27  1.5442E+37
  4.4670E+02  5.4132E+37  4.4372E+37  3.3362E+27  9.7603E+36
  5.0120E+02  2.8987E+37  2.2817E+37  1.1384E+27  6.1695E+36
  5.6230E+02  1.5611E+37  1.1710E+37  3.9113E+26  3.9003E+36
  6.3100E+02  8.4546E+36  5.9917E+36  1.3536E+26  2.4629E+36
  7.0790E+02  4.6198E+36  3.0630E+36  4.7324E+25  1.5568E+36
  7.9430E+02  2.5452E+36  1.5619E+36  1.6697E+25  9.8325E+35
  8.9130E+02  1.4157E+36  7.9498E+35  5.9522E+24  6.2077E+35
  1.0000E+03  7.9637E+35  4.0423E+35  2.1467E+24  3.9214E+35
