  1.0000E-03  8.9101E+44  0.0000E+00  1.4389E+43  8.7662E+44
  1.1220E-03  9.9763E+44  0.0000E+00  1.4056E+43  9.8357E+44
  1.2590E-03  1.1170E+45  0.0000E+00  1.3311E+43  1.1037E+45
  1.4130E-03  1.2510E+45  0.0000E+00  1.2317E+43  1.2387E+45
  1.5850E-03  1.4009E+45  0.0000E+00  1.1511E+43  1.3894E+45
  1.7780E-03  1.5712E+45  0.0000E+00  1.2557E+43  1.5586E+45
  1.9950E-03  1.7602E+45  0.0000E+00  1.1397E+43  1.7488E+45
  2.2390E-03  1.9728E+45  0.0000E+00  1.0097E+43  1.9627E+45
  2.5120E-03  2.2131E+45  0.0000E+00  1.1082E+43  2.2020E+45
  2.8180E-03  2.4804E+45  0.0000E+00  1.0156E+43  2.4702E+45
  3.1620E-03  2.7813E+45  0.0000E+00  9.4316E+42  2.7718E+45
  3.5480E-03  3.1191E+45  0.0000E+00  8.8287E+42  3.1103E+45
  3.9810E-03  3.4981E+45  0.0000E+00  8.2510E+42  3.4898E+45
  4.4670E-03  3.9587E+45  0.0000E+00  4.2837E+43  3.9158E+45
  5.0120E-03  4.4301E+45  0.0000E+00  3.6484E+43  4.3936E+45
  5.6230E-03  4.9623E+45  0.0000E+00  3.3052E+43  4.9292E+45
  5.9570E-03  5.2545E+45  0.0000E+00  3.2430E+43  5.2220E+45
  6.6830E-03  5.8915E+45  0.0000E+00  3.3011E+43  5.8585E+45
  7.4990E-03  6.6092E+45  0.0000E+00  3.5416E+43  6.5738E+45
  8.4140E-03  7.4146E+45  0.0000E+00  3.8761E+43  7.3758E+45
  9.4410E-03  8.3190E+45  0.0000E+00  4.2936E+43  8.2761E+45
  1.0590E-02  9.3310E+45  0.0000E+00  4.7723E+43  9.2833E+45
  1.1890E-02  1.0476E+46  0.0000E+00  5.3481E+43  1.0423E+46
  1.3340E-02  1.1754E+46  0.0000E+00  5.9706E+43  1.1694E+46
  1.4960E-02  1.3181E+46  0.0000E+00  6.6725E+43  1.3114E+46
  1.6790E-02  1.4793E+46  0.0000E+00  7.4584E+43  1.4718E+46
  1.8840E-02  1.6599E+46  0.0000E+00  8.3333E+43  1.6515E+46
  2.1130E-02  1.8617E+46  0.0000E+00  9.3070E+43  1.8524E+46
  2.3710E-02  2.0889E+46  0.0000E+00  1.0395E+44  2.0785E+46
  2.6610E-02  2.3442E+46  0.0000E+00  1.1609E+44  2.3326E+46
  2.9850E-02  2.6296E+46  9.4733E-83  1.2933E+44  2.6166E+46
  3.3500E-02  2.9510E+46  5.9603E-68  1.4312E+44  2.9367E+46
  3.7580E-02  3.3096E+46  7.4871E-55  1.5372E+44  3.2942E+46
  4.2170E-02  3.7168E+46  3.2079E-43  2.0073E+44  3.6967E+46
  4.7320E-02  4.1719E+46  8.2181E-33  2.3685E+44  4.1482E+46
  5.3090E-02  4.3465E+46  1.4388E-23  2.5229E+44  4.3212E+46
  6.6830E-02  4.1510E+46  4.8123E-08  2.4166E+44  4.1268E+46
  7.4990E-02  4.0553E+46  1.4841E-01  2.2428E+44  4.0328E+46
  8.4140E-02  3.9628E+46  7.5914E+04  2.1821E+44  3.9410E+46
  9.4410E-02  3.8729E+46  8.8212E+09  2.1628E+44  3.8513E+46
  1.0590E-01  3.5267E+46  2.4234E+14  2.1162E+44  3.5055E+46
  1.1890E-01  2.9634E+46  1.9871E+18  1.6641E+44  2.9467E+46
  1.3340E-01  2.4922E+46  4.6852E+21  1.2650E+44  2.4795E+46
  1.4960E-01  2.0955E+46  5.9531E+24  7.6925E+43  2.0878E+46
  1.5850E-01  1.9205E+46  1.7831E+26  5.9615E+43  1.9145E+46
  1.7780E-01  1.6163E+46  8.6313E+28  4.9066E+43  1.6114E+46
  1.9950E-01  1.3605E+46  2.1474E+31  4.7171E+43  1.3558E+46
  2.2390E-01  1.1452E+46  2.3015E+33  4.8678E+43  1.1403E+46
  2.3710E-01  1.0514E+46  1.6071E+34  4.9715E+43  1.0464E+46
  2.5120E-01  9.6418E+45  9.8783E+34  4.5942E+43  9.5958E+45
  2.6610E-01  8.8414E+45  5.5856E+35  4.0173E+43  8.8012E+45
  2.8180E-01  8.1108E+45  2.8562E+36  3.4698E+43  8.0761E+45
  2.9850E-01  7.4381E+45  1.3215E+37  3.0177E+43  7.4079E+45
  3.1620E-01  6.8212E+45  5.4788E+37  2.6588E+43  6.7947E+45
  3.3500E-01  6.2543E+45  2.0684E+38  2.3517E+43  6.2308E+45
  3.5480E-01  5.7374E+45  7.1247E+38  2.0896E+43  5.7165E+45
  3.7580E-01  5.2628E+45  2.2651E+39  1.8644E+43  5.2442E+45
  3.9810E-01  4.8265E+45  6.6254E+39  1.6727E+43  4.8097E+45
  4.2170E-01  4.4267E+45  1.7818E+40  1.5086E+43  4.4116E+45
  4.4670E-01  4.0603E+45  4.4420E+40  1.3676E+43  4.0466E+45
  4.7320E-01  3.7240E+45  1.0407E+41  1.2428E+43  3.7115E+45
  5.0120E-01  3.4163E+45  2.2971E+41  1.1320E+43  3.4048E+45
  5.3090E-01  3.1340E+45  4.8042E+41  1.0347E+43  3.1232E+45
  5.6230E-01  2.8756E+45  9.5010E+41  9.5095E+42  2.8651E+45
  5.9570E-01  2.6381E+45  1.7889E+42  8.7911E+42  2.6276E+45
  6.3100E-01  2.4217E+45  3.2061E+42  8.1775E+42  2.4103E+45
  6.6830E-01  2.2245E+45  5.4756E+42  7.6666E+42  2.2114E+45
  7.0790E-01  2.0446E+45  8.9544E+42  7.2581E+42  2.0284E+45
  7.4990E-01  1.8814E+45  1.4035E+43  6.9438E+42  1.8605E+45
  7.9430E-01  1.7344E+45  2.1127E+43  6.7229E+42  1.7066E+45
  8.4140E-01  1.6026E+45  3.0648E+43  6.6071E+42  1.5653E+45
  8.9130E-01  1.4854E+45  4.3027E+43  6.5923E+42  1.4357E+45
  9.4410E-01  1.3820E+45  5.8352E+43  6.6698E+42  1.3170E+45
  1.0000E+00  1.2914E+45  7.6492E+43  6.8070E+42  1.2081E+45
  1.0590E+00  1.2127E+45  9.7177E+43  6.9880E+42  1.1086E+45
  1.1220E+00  1.1441E+45  1.2042E+44  7.1894E+42  1.0165E+45
  1.1890E+00  1.0850E+45  1.4575E+44  7.3817E+42  9.3183E+44
  1.2590E+00  1.0346E+45  1.7191E+44  7.5297E+42  8.5520E+44
  1.3340E+00  9.8981E+44  1.9808E+44  7.6202E+42  7.8411E+44
  1.4130E+00  9.4900E+44  2.2209E+44  7.6304E+42  7.1927E+44
  1.4960E+00  9.1098E+44  2.4318E+44  7.5477E+42  6.6026E+44
  1.5850E+00  8.7423E+44  2.6143E+44  7.3638E+42  6.0543E+44
  1.6790E+00  8.3772E+44  2.7535E+44  7.0687E+42  5.5530E+44
  1.7780E+00  8.0039E+44  2.8416E+44  6.6572E+42  5.0957E+44
  1.8840E+00  7.6158E+44  2.8826E+44  6.1391E+42  4.6719E+44
  1.9950E+00  7.2162E+44  2.8734E+44  5.5370E+42  4.2875E+44
  2.1130E+00  6.8017E+44  2.8197E+44  4.8800E+42  3.9333E+44
  2.2390E+00  6.3723E+44  2.7242E+44  4.2017E+42  3.6061E+44
  2.3710E+00  5.9397E+44  2.5952E+44  3.5395E+42  3.3092E+44
  2.5120E+00  5.5068E+44  2.4432E+44  2.9218E+42  3.0344E+44
  2.6610E+00  5.0815E+44  2.2746E+44  2.3686E+42  2.7832E+44
  2.8180E+00  4.6686E+44  2.0959E+44  1.8891E+42  2.5538E+44
  2.9850E+00  4.2729E+44  1.9154E+44  1.4852E+42  2.3426E+44
  3.1620E+00  3.8969E+44  1.7367E+44  1.1532E+42  2.1487E+44
  3.3500E+00  3.5485E+44  1.5693E+44  8.8612E+41  1.9704E+44
  3.5480E+00  3.2237E+44  1.4092E+44  6.7505E+41  1.8078E+44
  3.7580E+00  2.9247E+44  1.2613E+44  5.1013E+41  1.6583E+44
  3.9810E+00  2.6502E+44  1.1254E+44  3.8279E+41  1.5210E+44
  4.2170E+00  2.3995E+44  1.0016E+44  2.8556E+41  1.3951E+44
  4.4670E+00  2.1712E+44  8.8944E+43  2.1189E+41  1.2796E+44
  4.7320E+00  1.9639E+44  7.8869E+43  1.5633E+41  1.1737E+44
  5.0120E+00  1.7790E+44  6.9868E+43  1.1496E+41  1.0791E+44
  5.3090E+00  1.5790E+44  6.1793E+43  8.2528E+40  9.6024E+43
  5.6230E+00  1.3948E+44  5.4615E+43  5.8667E+40  8.4805E+43
  5.9570E+00  1.2263E+44  4.8277E+43  4.1306E+40  7.4316E+43
  6.3100E+00  1.0717E+44  4.2436E+43  2.8793E+40  6.4710E+43
  6.6830E+00  9.3735E+43  3.7701E+43  1.9963E+40  5.6014E+43
  7.0790E+00  8.1519E+43  3.3316E+43  1.3659E+40  4.8190E+43
  7.4990E+00  7.1192E+43  2.9954E+43  9.1317E+39  4.1229E+43
  7.9430E+00  6.4511E+43  2.9395E+43  5.9186E+39  3.5109E+43
  8.4140E+00  6.1254E+43  3.1497E+43  3.9486E+39  2.9752E+43
  8.9130E+00  5.8175E+43  3.3069E+43  2.8370E+39  2.5104E+43
  9.4410E+00  5.5046E+43  3.3943E+43  2.2908E+39  2.1101E+43
  1.0000E+01  4.7225E+43  2.9553E+43  1.8108E+39  1.7671E+43
  1.0590E+01  3.9595E+43  2.4835E+43  1.4003E+39  1.4758E+43
  1.1220E+01  3.2580E+43  2.0312E+43  1.0052E+39  1.2267E+43
  1.1890E+01  2.6850E+43  1.6690E+43  7.0448E+38  1.0159E+43
  1.2590E+01  2.2294E+43  1.3881E+43  4.8008E+38  8.4119E+42
  1.3340E+01  1.8642E+43  1.1710E+43  3.1866E+38  6.9319E+42
  1.4130E+01  1.5995E+43  1.0290E+43  2.0746E+38  5.7050E+42
  1.4960E+01  1.4522E+43  9.8299E+42  1.4079E+38  4.6919E+42
  1.5850E+01  1.3507E+43  9.6657E+42  1.0084E+38  3.8414E+42
  1.6790E+01  1.2755E+43  9.6141E+42  7.5998E+37  3.1409E+42
  1.7780E+01  1.2040E+43  9.4739E+42  5.9498E+37  2.5663E+42
  1.8840E+01  1.1176E+43  9.0867E+42  4.6807E+37  2.0888E+42
  1.9950E+01  1.0172E+43  8.4710E+42  3.5715E+37  1.7013E+42
  2.1130E+01  9.2661E+42  7.8835E+42  2.6430E+37  1.3827E+42
  2.2390E+01  8.5158E+42  7.3955E+42  1.9533E+37  1.1203E+42
  2.3710E+01  7.8800E+42  6.9714E+42  1.4403E+37  9.0864E+41
  2.5120E+01  7.3046E+42  6.5698E+42  1.0620E+37  7.3479E+41
  2.6610E+01  6.7620E+42  6.1681E+42  7.7824E+36  5.9383E+41
  2.8180E+01  6.2349E+42  5.7549E+42  5.6841E+36  4.7994E+41
  2.9850E+01  5.7026E+42  5.3154E+42  4.1215E+36  3.8717E+41
  3.1620E+01  5.1589E+42  4.8469E+42  2.9547E+36  3.1199E+41
  3.3500E+01  4.6066E+42  4.3555E+42  2.0919E+36  2.5106E+41
  3.5480E+01  4.0580E+42  3.8559E+42  1.4623E+36  2.0210E+41
  3.7580E+01  3.5213E+42  3.3588E+42  1.0075E+36  1.6253E+41
  3.9810E+01  3.0053E+42  2.8748E+42  6.8374E+35  1.3054E+41
  4.2170E+01  2.5272E+42  2.4224E+42  4.5725E+35  1.0479E+41
  4.4670E+01  2.0958E+42  2.0117E+42  3.0122E+35  8.4074E+40
  4.7320E+01  1.7163E+42  1.6489E+42  1.9582E+35  6.7400E+40
  5.0120E+01  1.3896E+42  1.3356E+42  1.2578E+35  5.4034E+40
  5.3090E+01  1.1128E+42  1.0695E+42  7.9879E+34  4.3282E+40
  5.6230E+01  8.8293E+41  8.4826E+41  5.0234E+34  3.4667E+40
  5.9570E+01  6.9390E+41  6.6617E+41  3.1281E+34  2.7728E+40
  6.3100E+01  5.4134E+41  5.1916E+41  1.9333E+34  2.2180E+40
  6.6830E+01  4.1952E+41  4.0177E+41  1.1869E+34  1.7744E+40
  7.0790E+01  3.2308E+41  3.0890E+41  7.2410E+33  1.4183E+40
  7.4990E+01  2.4736E+41  2.3603E+41  4.3924E+33  1.1329E+40
  7.9430E+01  1.8850E+41  1.7945E+41  2.6531E+33  9.0505E+39
  8.4140E+01  1.4300E+41  1.3578E+41  1.5953E+33  7.2256E+39
  8.9130E+01  1.0813E+41  1.0236E+41  9.5645E+32  5.7665E+39
  9.4410E+01  8.1496E+40  7.6894E+40  5.7187E+32  4.6021E+39
  1.0000E+02  6.1239E+40  5.7567E+40  3.4103E+32  3.6722E+39
  1.0590E+02  4.5944E+40  4.3012E+40  2.0318E+32  2.9317E+39
  1.1220E+02  3.4396E+40  3.2060E+40  1.2078E+32  2.3358E+39
  1.1890E+02  2.5756E+40  2.3897E+40  7.1852E+31  1.8590E+39
  1.2590E+02  1.9389E+40  1.7905E+40  4.2995E+31  1.4838E+39
  1.3340E+02  1.4628E+40  1.3447E+40  2.5824E+31  1.1811E+39
  1.4130E+02  1.0953E+40  1.0012E+40  1.5462E+31  9.4117E+38
  1.4960E+02  8.0446E+39  7.2934E+39  9.0867E+30  7.5121E+38
  1.5850E+02  5.8687E+39  5.2709E+39  5.2947E+30  5.9781E+38
  1.7780E+02  3.1544E+39  2.7749E+39  1.8159E+30  3.7942E+38
  1.9950E+02  1.7021E+39  1.4617E+39  6.2709E+29  2.4043E+38
  2.2390E+02  9.1940E+38  7.6725E+38  2.1758E+29  1.5216E+38
  2.5120E+02  4.9799E+38  4.0162E+38  7.5974E+28  9.6376E+37
  2.8180E+02  2.7048E+38  2.0944E+38  2.6699E+28  6.1043E+37
  3.1620E+02  1.4736E+38  1.0874E+38  9.4421E+27  3.8617E+37
  3.5480E+02  8.0696E+37  5.6275E+37  3.3655E+27  2.4421E+37
  3.9810E+02  4.4477E+37  2.9036E+37  1.2106E+27  1.5442E+37
  4.4670E+02  2.4699E+37  1.4939E+37  4.3947E+26  9.7603E+36
  5.0120E+02  1.3838E+37  7.6690E+36  1.6112E+26  6.1695E+36
  5.6230E+02  7.8303E+36  3.9300E+36  5.9643E+25  3.9003E+36
  6.3100E+02  4.4710E+36  2.0081E+36  2.2266E+25  2.4629E+36
  7.0790E+02  2.5821E+36  1.0253E+36  8.3947E+24  1.5568E+36
  7.9430E+02  1.5055E+36  5.2229E+35  3.1880E+24  9.8325E+35
  8.9130E+02  8.8634E+35  2.6557E+35  1.2192E+24  6.2077E+35
  1.0000E+03  5.2706E+35  1.3492E+35  4.6961E+23  3.9214E+35
