  1.0000E-03  8.8136E+44  1.1959E+06  4.7448E+42  8.7662E+44
  1.1220E-03  9.8919E+44  1.1297E+06  5.6135E+42  9.8357E+44
  1.2590E-03  1.1099E+45  1.0823E+06  6.2611E+42  1.1037E+45
  1.4130E-03  1.2453E+45  9.7731E+05  6.6430E+42  1.2387E+45
  1.5850E-03  1.3963E+45  9.3968E+05  6.8219E+42  1.3894E+45
  1.7780E-03  1.5662E+45  8.9642E+05  7.6243E+42  1.5586E+45
  1.9950E-03  1.7567E+45  8.6790E+05  7.8553E+42  1.7488E+45
  2.2390E-03  1.9702E+45  7.8346E+05  7.4502E+42  1.9627E+45
  2.5120E-03  2.2103E+45  7.5138E+05  8.3170E+42  2.2020E+45
  2.8180E-03  2.4784E+45  6.7807E+05  8.2210E+42  2.4702E+45
  3.1620E-03  2.7798E+45  6.2849E+05  7.9376E+42  2.7718E+45
  3.5480E-03  3.1179E+45  5.8276E+05  7.5880E+42  3.1103E+45
  3.9810E-03  3.4970E+45  5.4424E+05  7.1806E+42  3.4898E+45
  4.4670E-03  3.9514E+45  7.3414E+05  3.5534E+43  3.9158E+45
  5.0120E-03  4.4260E+45  6.6662E+05  3.2416E+43  4.3936E+45
  5.6230E-03  4.9591E+45  5.9591E+05  2.9871E+43  4.9292E+45
  5.9570E-03  5.2511E+45  6.0894E+05  2.9111E+43  5.2220E+45
  6.6830E-03  5.8873E+45  5.3553E+05  2.8766E+43  5.8585E+45
  7.4990E-03  6.6035E+45  4.9677E+05  2.9661E+43  6.5738E+45
  8.4140E-03  7.4072E+45  4.5296E+05  3.1323E+43  7.3758E+45
  9.4410E-03  8.3097E+45  4.5412E+05  3.3561E+43  8.2761E+45
  1.0590E-02  9.3195E+45  4.1373E+05  3.6167E+43  9.2833E+45
  1.1890E-02  1.0463E+46  3.8809E+05  3.9750E+43  1.0423E+46
  1.3340E-02  1.1738E+46  3.6299E+05  4.3535E+43  1.1694E+46
  1.4960E-02  1.3162E+46  3.8650E+05  4.7921E+43  1.3114E+46
  1.6790E-02  1.4771E+46  3.3530E+05  5.2901E+43  1.4718E+46
  1.8840E-02  1.6574E+46  3.2246E+05  5.8526E+43  1.6515E+46
  2.1130E-02  1.8588E+46  3.0021E+05  6.4905E+43  1.8524E+46
  2.3710E-02  2.0857E+46  2.8864E+05  7.2120E+43  2.0785E+46
  2.6610E-02  2.3407E+46  2.6619E+05  8.0270E+43  2.3326E+46
  2.9850E-02  2.6256E+46  2.6976E+05  8.9293E+43  2.6166E+46
  3.3500E-02  2.9465E+46  2.5318E+05  9.8901E+43  2.9367E+46
  3.7580E-02  3.3049E+46  2.5047E+05  1.0664E+44  3.2942E+46
  4.2170E-02  3.7104E+46  2.3393E+05  1.3752E+44  3.6967E+46
  4.7320E-02  4.1645E+46  2.0662E+05  1.6290E+44  4.1482E+46
  5.3090E-02  4.3389E+46  1.5683E+05  1.7625E+44  4.3212E+46
  6.6830E-02  4.1453E+46  8.7584E+04  1.8517E+44  4.1268E+46
  7.4990E-02  4.0516E+46  6.0915E+04  1.8770E+44  4.0328E+46
  8.4140E-02  3.9588E+46  1.6445E+05  1.7795E+44  3.9410E+46
  9.4410E-02  3.8685E+46  1.1731E+10  1.7244E+44  3.8513E+46
  1.0590E-01  3.5212E+46  3.4401E+14  1.5657E+44  3.5055E+46
  1.1890E-01  2.9584E+46  2.8567E+18  1.1682E+44  2.9467E+46
  1.3340E-01  2.4883E+46  6.4188E+21  8.7314E+43  2.4795E+46
  1.4960E-01  2.0933E+46  7.8644E+24  5.4559E+43  2.0878E+46
  1.5850E-01  1.9188E+46  2.3435E+26  4.2907E+43  1.9145E+46
  1.7780E-01  1.6149E+46  1.1545E+29  3.5145E+43  1.6114E+46
  1.9950E-01  1.3593E+46  2.9851E+31  3.4715E+43  1.3558E+46
  2.2390E-01  1.1440E+46  3.3868E+33  3.6977E+43  1.1403E+46
  2.3710E-01  1.0501E+46  2.3617E+34  3.6211E+43  1.0464E+46
  2.5120E-01  9.6284E+45  1.4255E+35  3.2533E+43  9.5958E+45
  2.6610E-01  8.8294E+45  7.9337E+35  2.8196E+43  8.8012E+45
  2.8180E-01  8.1004E+45  4.0082E+36  2.4333E+43  8.0761E+45
  2.9850E-01  7.4291E+45  1.8359E+37  2.1198E+43  7.4079E+45
  3.1620E-01  6.8134E+45  7.5406E+37  1.8725E+43  6.7947E+45
  3.3500E-01  6.2474E+45  2.8229E+38  1.6624E+43  6.2308E+45
  3.5480E-01  5.7313E+45  9.6570E+38  1.4840E+43  5.7165E+45
  3.7580E-01  5.2575E+45  3.0508E+39  1.3310E+43  5.2442E+45
  3.9810E-01  4.8218E+45  8.8710E+39  1.2012E+43  4.8097E+45
  4.2170E-01  4.4226E+45  2.3694E+40  1.0905E+43  4.4116E+45
  4.4670E-01  4.0566E+45  5.8638E+40  9.9587E+42  4.0466E+45
  4.7320E-01  3.7207E+45  1.3635E+41  9.1227E+42  3.7115E+45
  5.0120E-01  3.4135E+45  2.9862E+41  8.3777E+42  3.4048E+45
  5.3090E-01  3.1315E+45  6.1923E+41  7.7177E+42  3.1232E+45
  5.6230E-01  2.8735E+45  1.2143E+42  7.1429E+42  2.8651E+45
  5.9570E-01  2.6365E+45  2.2666E+42  6.6402E+42  2.6276E+45
  6.3100E-01  2.4206E+45  4.0241E+42  6.1983E+42  2.4103E+45
  6.6830E-01  2.2240E+45  6.8043E+42  5.8114E+42  2.2114E+45
  7.0790E-01  2.0449E+45  1.1005E+43  5.4808E+42  2.0284E+45
  7.4990E-01  1.8827E+45  1.7052E+43  5.1990E+42  1.8605E+45
  7.9430E-01  1.7369E+45  2.5343E+43  4.9634E+42  1.7066E+45
  8.4140E-01  1.6064E+45  3.6257E+43  4.7770E+42  1.5653E+45
  8.9130E-01  1.4904E+45  5.0075E+43  4.6324E+42  1.4357E+45
  9.4410E-01  1.3883E+45  6.6752E+43  4.5209E+42  1.3170E+45
  1.0000E+00  1.2986E+45  8.6038E+43  4.4235E+42  1.2081E+45
  1.0590E+00  1.2204E+45  1.0745E+44  4.3323E+42  1.1086E+45
  1.1220E+00  1.1516E+45  1.3079E+44  4.2305E+42  1.0165E+45
  1.1890E+00  1.0913E+45  1.5535E+44  4.1005E+42  9.3183E+44
  1.2590E+00  1.0387E+45  1.7953E+44  3.9222E+42  8.5520E+44
  1.3340E+00  9.9058E+44  2.0277E+44  3.7021E+42  7.8411E+44
  1.4130E+00  9.4586E+44  2.2314E+44  3.4473E+42  7.1927E+44
  1.4960E+00  9.0344E+44  2.4003E+44  3.1606E+42  6.6026E+44
  1.5850E+00  8.6192E+44  2.5364E+44  2.8461E+42  6.0543E+44
  1.6790E+00  8.2038E+44  2.6257E+44  2.5092E+42  5.5530E+44
  1.7780E+00  7.7799E+44  2.6626E+44  2.1601E+42  5.0957E+44
  1.8840E+00  7.3443E+44  2.6542E+44  1.8140E+42  4.6719E+44
  1.9950E+00  6.9021E+44  2.5998E+44  1.4867E+42  4.2875E+44
  2.1130E+00  6.4520E+44  2.5068E+44  1.1902E+42  3.9333E+44
  2.2390E+00  5.9948E+44  2.3794E+44  9.3190E+41  3.6061E+44
  2.3710E+00  5.5424E+44  2.2261E+44  7.1598E+41  3.3092E+44
  2.5120E+00  5.0967E+44  2.0569E+44  5.4127E+41  3.0344E+44
  2.6610E+00  4.6651E+44  1.8778E+44  4.0374E+41  2.7832E+44
  2.8180E+00  4.2515E+44  1.6947E+44  2.9775E+41  2.5538E+44
  2.9850E+00  3.8597E+44  1.5149E+44  2.1757E+41  2.3426E+44
  3.1620E+00  3.4920E+44  1.3418E+44  1.5780E+41  2.1487E+44
  3.3500E+00  3.1549E+44  1.1833E+44  1.1393E+41  1.9704E+44
  3.5480E+00  2.8448E+44  1.0362E+44  8.1907E+40  1.8078E+44
  3.7580E+00  2.5631E+44  9.0421E+43  5.8706E+40  1.6583E+44
  3.9810E+00  2.3080E+44  7.8658E+43  4.1982E+40  1.5210E+44
  4.2170E+00  2.0783E+44  6.8292E+43  2.9984E+40  1.3951E+44
  4.4670E+00  1.8721E+44  5.9227E+43  2.1394E+40  1.2796E+44
  4.7320E+00  1.6874E+44  5.1357E+43  1.5247E+40  1.1737E+44
  5.0120E+00  1.5249E+44  4.4562E+43  1.0878E+40  1.0791E+44
  5.3090E+00  1.3469E+44  3.8655E+43  7.5834E+39  9.6024E+43
  5.6230E+00  1.1837E+44  3.3556E+43  5.2490E+39  8.4805E+43
  5.9570E+00  1.0349E+44  2.9166E+43  3.6072E+39  7.4316E+43
  6.3100E+00  8.9922E+43  2.5210E+43  2.4580E+39  6.4710E+43
  6.6830E+00  7.8100E+43  2.2085E+43  1.6682E+39  5.6014E+43
  7.0790E+00  6.7417E+43  1.9226E+43  1.1184E+39  4.8190E+43
  7.4990E+00  5.8167E+43  1.6937E+43  7.4108E+38  4.1229E+43
  7.9430E+00  5.1100E+43  1.5990E+43  5.0035E+38  3.5109E+43
  8.4140E+00  4.6245E+43  1.6493E+43  3.6798E+38  2.9752E+43
  8.9130E+00  4.2188E+43  1.7084E+43  2.8950E+38  2.5104E+43
  9.4410E+00  3.8684E+43  1.7583E+43  2.5241E+38  2.1101E+43
  1.0000E+01  3.2840E+43  1.5170E+43  1.8468E+38  1.7671E+43
  1.0590E+01  2.7302E+43  1.2543E+43  1.2889E+38  1.4758E+43
  1.1220E+01  2.2293E+43  1.0026E+43  8.2586E+37  1.2267E+43
  1.1890E+01  1.8167E+43  8.0081E+42  5.2826E+37  1.0159E+43
  1.2590E+01  1.4848E+43  6.4365E+42  3.3155E+37  8.4119E+42
  1.3340E+01  1.2141E+43  5.2088E+42  2.0508E+37  6.9319E+42
  1.4130E+01  1.0083E+43  4.3782E+42  1.2640E+37  5.7050E+42
  1.4960E+01  8.7272E+42  4.0353E+42  8.2983E+36  4.6919E+42
  1.5850E+01  7.6739E+42  3.8325E+42  5.7502E+36  3.8414E+42
  1.6790E+01  6.8133E+42  3.6725E+42  4.1723E+36  3.1409E+42
  1.7780E+01  6.0191E+42  3.4528E+42  3.1038E+36  2.5663E+42
  1.8840E+01  5.1925E+42  3.1037E+42  2.2697E+36  2.0888E+42
  1.9950E+01  4.3632E+42  2.6619E+42  1.5786E+36  1.7013E+42
  2.1130E+01  3.6373E+42  2.2546E+42  1.0578E+36  1.3827E+42
  2.2390E+01  3.0339E+42  1.9136E+42  7.0628E+35  1.1203E+42
  2.3710E+01  2.5353E+42  1.6267E+42  4.7023E+35  9.0864E+41
  2.5120E+01  2.1125E+42  1.3777E+42  3.1279E+35  7.3479E+41
  2.6610E+01  1.7545E+42  1.1606E+42  2.0692E+35  5.9383E+41
  2.8180E+01  1.4519E+42  9.7195E+41  1.3676E+35  4.7994E+41
  2.9850E+01  1.1932E+42  8.0598E+41  8.9998E+34  3.8717E+41
  3.1620E+01  9.7265E+41  6.6066E+41  5.8792E+34  3.1199E+41
  3.3500E+01  7.8568E+41  5.3462E+41  3.8116E+34  2.5106E+41
  3.5480E+01  6.2964E+41  4.2754E+41  2.4555E+34  2.0210E+41
  3.7580E+01  4.9978E+41  3.3725E+41  1.5686E+34  1.6253E+41
  3.9810E+01  3.9261E+41  2.6207E+41  9.9331E+33  1.3054E+41
  4.2170E+01  3.0595E+41  2.0116E+41  6.2416E+33  1.0479E+41
  4.4670E+01  2.3677E+41  1.5270E+41  3.8912E+33  8.4074E+40
  4.7320E+01  1.8221E+41  1.1481E+41  2.4111E+33  6.7400E+40
  5.0120E+01  1.3968E+41  8.5643E+40  1.4874E+33  5.4034E+40
  5.3090E+01  1.0668E+41  6.3399E+40  9.1391E+32  4.3282E+40
  5.6230E+01  8.1336E+40  4.6668E+40  5.6024E+32  3.4667E+40
  5.9570E+01  6.1866E+40  3.4138E+40  3.4248E+32  2.7728E+40
  6.3100E+01  4.7058E+40  2.4878E+40  2.0930E+32  2.2180E+40
  6.6830E+01  3.5817E+40  1.8073E+40  1.2794E+32  1.7744E+40
  7.0790E+01  2.7271E+40  1.3088E+40  7.8206E+31  1.4183E+40
  7.4990E+01  2.0781E+40  9.4513E+39  4.7830E+31  1.1329E+40
  7.9430E+01  1.5865E+40  6.8145E+39  2.9301E+31  9.0505E+39
  8.4140E+01  1.2130E+40  4.9047E+39  1.7966E+31  7.2256E+39
  8.9130E+01  9.2943E+39  3.5278E+39  1.1035E+31  5.7665E+39
  9.4410E+01  7.1380E+39  2.5359E+39  6.7915E+30  4.6021E+39
  1.0000E+02  5.4939E+39  1.8217E+39  4.1867E+30  3.6722E+39
  1.0590E+02  4.2413E+39  1.3097E+39  2.5880E+30  2.9317E+39
  1.1220E+02  3.2771E+39  9.4135E+38  1.5995E+30  2.3358E+39
  1.1890E+02  2.5373E+39  6.7826E+38  9.9001E+29  1.8590E+39
  1.2590E+02  1.9765E+39  4.9268E+38  6.1619E+29  1.4838E+39
  1.3340E+02  1.5405E+39  3.5940E+38  3.8402E+29  1.1811E+39
  1.4130E+02  1.2016E+39  2.6042E+38  2.4040E+29  9.4117E+38
  1.4960E+02  9.3605E+38  1.8484E+38  1.5021E+29  7.5121E+38
  1.5850E+02  7.2807E+38  1.3026E+38  9.3421E+28  5.9781E+38
  1.7780E+02  4.4495E+38  6.5528E+37  3.6367E+28  3.7942E+38
  1.9950E+02  2.7361E+38  3.3170E+37  1.4218E+28  2.4043E+38
  2.2390E+02  1.6897E+38  1.6814E+37  5.5775E+27  1.5216E+38
  2.5120E+02  1.0491E+38  8.5371E+36  2.1973E+27  9.6376E+37
  2.8180E+02  6.5378E+37  4.3348E+36  8.6810E+26  6.1043E+37
  3.1620E+02  4.0815E+37  2.1983E+36  3.4332E+26  3.8617E+37
  3.5480E+02  2.5535E+37  1.1143E+36  1.3594E+26  2.4421E+37
  3.9810E+02  1.6006E+37  5.6459E+35  5.3909E+25  1.5442E+37
  4.4670E+02  1.0046E+37  2.8587E+35  2.1396E+25  9.7603E+36
  5.0120E+02  6.3142E+36  1.4470E+35  8.5003E+24  6.1695E+36
  5.6230E+02  3.9736E+36  7.3235E+34  3.3794E+24  3.9003E+36
  6.3100E+02  2.4999E+36  3.7011E+34  1.3431E+24  2.4629E+36
  7.0790E+02  1.5755E+36  1.8716E+34  5.3460E+23  1.5568E+36
  7.9430E+02  9.9270E+35  9.4525E+33  2.1268E+23  9.8325E+35
  8.9130E+02  6.2554E+35  4.7702E+33  8.4609E+22  6.2077E+35
  1.0000E+03  3.9454E+35  2.4073E+33  3.3689E+22  3.9214E+35
