  1.0000E-03  9.5660E+44  0.0000E+00  7.9984E+43  8.7662E+44
  1.1220E-03  1.0764E+45  0.0000E+00  9.2834E+43  9.8357E+44
  1.2590E-03  1.2061E+45  0.0000E+00  1.0246E+44  1.1037E+45
  1.4130E-03  1.3475E+45  0.0000E+00  1.0885E+44  1.2387E+45
  1.5850E-03  1.5050E+45  0.0000E+00  1.1555E+44  1.3894E+45
  1.7780E-03  1.7046E+45  0.0000E+00  1.4598E+44  1.5586E+45
  1.9950E-03  1.9038E+45  0.0000E+00  1.5501E+44  1.7488E+45
  2.2390E-03  2.1173E+45  0.0000E+00  1.5454E+44  1.9627E+45
  2.5120E-03  2.4068E+45  0.0000E+00  2.0476E+44  2.2020E+45
  2.8180E-03  2.6816E+45  0.0000E+00  2.1133E+44  2.4702E+45
  3.1620E-03  2.9856E+45  0.0000E+00  2.1372E+44  2.7718E+45
  3.5480E-03  3.3242E+45  0.0000E+00  2.1394E+44  3.1103E+45
  3.9810E-03  3.7021E+45  0.0000E+00  2.1222E+44  3.4898E+45
  4.4670E-03  4.3097E+45  0.0000E+00  3.9386E+44  3.9158E+45
  5.0120E-03  4.8418E+45  0.0000E+00  4.4816E+44  4.3936E+45
  5.6230E-03  5.4314E+45  0.0000E+00  5.0211E+44  4.9292E+45
  5.9570E-03  5.7511E+45  0.0000E+00  5.2904E+44  5.2220E+45
  6.6830E-03  6.4415E+45  0.0000E+00  5.8295E+44  5.8585E+45
  7.4990E-03  7.2208E+45  0.0000E+00  6.4700E+44  6.5738E+45
  8.4140E-03  8.0813E+45  0.0000E+00  7.0548E+44  7.3758E+45
  9.4410E-03  9.0402E+45  0.0000E+00  7.6413E+44  8.2761E+45
  1.0590E-02  1.0100E+46  0.0000E+00  8.1666E+44  9.2833E+45
  1.1890E-02  1.1337E+46  0.0000E+00  9.1429E+44  1.0423E+46
  1.3340E-02  1.2680E+46  0.0000E+00  9.8620E+44  1.1694E+46
  1.4960E-02  1.4183E+46  0.0000E+00  1.0690E+45  1.3114E+46
  1.6790E-02  1.5870E+46  0.0000E+00  1.1518E+45  1.4718E+46
  1.8840E-02  1.7752E+46  0.0000E+00  1.2369E+45  1.6515E+46
  2.1130E-02  1.9868E+46  0.0000E+00  1.3440E+45  1.8524E+46
  2.3710E-02  2.2237E+46  0.0000E+00  1.4523E+45  2.0785E+46
  2.6610E-02  2.4891E+46  0.0000E+00  1.5642E+45  2.3326E+46
  2.9850E-02  2.7847E+46  7.6430E-83  1.6803E+45  2.6166E+46
  3.3500E-02  3.1163E+46  4.9163E-68  1.7968E+45  2.9367E+46
  3.7580E-02  3.4877E+46  6.1688E-55  1.9346E+45  3.2942E+46
  4.2170E-02  3.9337E+46  2.6909E-43  2.3699E+45  3.6967E+46
  4.7320E-02  4.4052E+46  7.2049E-33  2.5705E+45  4.1482E+46
  5.3090E-02  4.5750E+46  1.3138E-23  2.5374E+45  4.3212E+46
  6.6830E-02  4.3277E+46  4.8768E-08  2.0084E+45  4.1268E+46
  7.4990E-02  4.2031E+46  1.6194E-01  1.7029E+45  4.0328E+46
  8.4140E-02  4.1099E+46  8.3704E+04  1.6886E+45  3.9410E+46
  9.4410E-02  4.0214E+46  9.9536E+09  1.7016E+45  3.8513E+46
  1.0590E-01  3.6839E+46  2.7658E+14  1.7831E+45  3.5055E+46
  1.1890E-01  3.1068E+46  2.0390E+18  1.6005E+45  2.9467E+46
  1.3340E-01  2.6201E+46  4.0699E+21  1.4056E+45  2.4795E+46
  1.4960E-01  2.1941E+46  4.6118E+24  1.0630E+45  2.0878E+46
  1.5850E-01  2.0067E+46  1.3588E+26  9.2203E+44  1.9145E+46
  1.7780E-01  1.6890E+46  7.0871E+28  7.7610E+44  1.6114E+46
  1.9950E-01  1.4149E+46  2.1054E+31  5.9086E+44  1.3558E+46
  2.2390E-01  1.1914E+46  2.5686E+33  5.1045E+44  1.1403E+46
  2.3710E-01  1.1017E+46  1.7028E+34  5.5222E+44  1.0464E+46
  2.5120E-01  1.0160E+46  9.6879E+34  5.6424E+44  9.5958E+45
  2.6610E-01  9.3422E+45  5.1683E+35  5.4103E+44  8.8012E+45
  2.8180E-01  8.5804E+45  2.5336E+36  5.0437E+44  8.0761E+45
  2.9850E-01  7.8757E+45  1.1330E+37  4.6784E+44  7.4079E+45
  3.1620E-01  7.2311E+45  4.5562E+37  4.3647E+44  6.7947E+45
  3.3500E-01  6.6381E+45  1.6736E+38  4.0730E+44  6.2308E+45
  3.5480E-01  6.0960E+45  5.6313E+38  3.7950E+44  5.7165E+45
  3.7580E-01  5.5979E+45  1.7533E+39  3.5377E+44  5.2442E+45
  3.9810E-01  5.1401E+45  5.0281E+39  3.3040E+44  4.8097E+45
  4.2170E-01  4.7211E+45  1.3254E+40  3.0948E+44  4.4116E+45
  4.4670E-01  4.3376E+45  3.2385E+40  2.9095E+44  4.0466E+45
  4.7320E-01  3.9850E+45  7.4441E+40  2.7340E+44  3.7115E+45
  5.0120E-01  3.6615E+45  1.6142E+41  2.5654E+44  3.4048E+45
  5.3090E-01  3.3641E+45  3.3201E+41  2.4059E+44  3.1232E+45
  5.6230E-01  3.0916E+45  6.4689E+41  2.2578E+44  2.8651E+45
  5.9570E-01  2.8406E+45  1.2022E+42  2.1182E+44  2.6276E+45
  6.3100E-01  2.6111E+45  2.1297E+42  1.9865E+44  2.4103E+45
  6.6830E-01  2.4011E+45  3.6024E+42  1.8611E+44  2.2114E+45
  7.0790E-01  2.2087E+45  5.8423E+42  1.7439E+44  2.0284E+45
  7.4990E-01  2.0327E+45  9.1020E+42  1.6316E+44  1.8605E+45
  7.9430E-01  1.8725E+45  1.3640E+43  1.5231E+44  1.7066E+45
  8.4140E-01  1.7270E+45  1.9746E+43  1.4192E+44  1.5653E+45
  8.9130E-01  1.5953E+45  2.7690E+43  1.3190E+44  1.4357E+45
  9.4410E-01  1.4770E+45  3.7649E+43  1.2233E+44  1.3170E+45
  1.0000E+00  1.3710E+45  4.9752E+43  1.1308E+44  1.2081E+45
  1.0590E+00  1.2769E+45  6.4008E+43  1.0428E+44  1.1086E+45
  1.1220E+00  1.1929E+45  8.0684E+43  9.5721E+43  1.0165E+45
  1.1890E+00  1.1189E+45  9.9765E+43  8.7333E+43  9.3183E+44
  1.2590E+00  1.0548E+45  1.2055E+44  7.9068E+43  8.5520E+44
  1.3340E+00  9.9856E+44  1.4326E+44  7.1189E+43  7.8411E+44
  1.4130E+00  9.5003E+44  1.6680E+44  6.3952E+43  7.1927E+44
  1.4960E+00  9.0824E+44  1.9075E+44  5.7229E+43  6.6026E+44
  1.5850E+00  8.7181E+44  2.1552E+44  5.0856E+43  6.0543E+44
  1.6790E+00  8.3965E+44  2.3958E+44  4.4765E+43  5.5530E+44
  1.7780E+00  8.1037E+44  2.6189E+44  3.8902E+43  5.0957E+44
  1.8840E+00  7.8325E+44  2.8275E+44  3.3313E+43  4.6719E+44
  1.9950E+00  7.5750E+44  3.0068E+44  2.8075E+43  4.2875E+44
  2.1130E+00  7.3230E+44  3.1569E+44  2.3281E+43  3.9333E+44
  2.2390E+00  7.0676E+44  3.2716E+44  1.9000E+43  3.6061E+44
  2.3710E+00  6.8048E+44  3.3429E+44  1.5271E+43  3.3092E+44
  2.5120E+00  6.5327E+44  3.3771E+44  1.2114E+43  3.0344E+44
  2.6610E+00  6.2475E+44  3.3694E+44  9.4924E+42  2.7832E+44
  2.8180E+00  5.9458E+44  3.3185E+44  7.3508E+42  2.5538E+44
  2.9850E+00  5.6310E+44  3.2320E+44  5.6338E+42  2.3426E+44
  3.1620E+00  5.3029E+44  3.1115E+44  4.2756E+42  2.1487E+44
  3.3500E+00  4.9752E+44  2.9726E+44  3.2214E+42  1.9704E+44
  3.5480E+00  4.6367E+44  2.8049E+44  2.4049E+42  1.8078E+44
  3.7580E+00  4.2997E+44  2.6236E+44  1.7821E+42  1.6583E+44
  3.9810E+00  3.9673E+44  2.4332E+44  1.3114E+42  1.5210E+44
  4.2170E+00  3.6424E+44  2.2377E+44  9.5885E+41  1.3951E+44
  4.4670E+00  3.3284E+44  2.0418E+44  6.9673E+41  1.2796E+44
  4.7320E+00  3.0311E+44  1.8524E+44  5.0353E+41  1.1737E+44
  5.0120E+00  2.7555E+44  1.6727E+44  3.6267E+41  1.0791E+44
  5.3090E+00  2.4669E+44  1.5041E+44  2.5702E+41  9.6024E+43
  5.6230E+00  2.1994E+44  1.3496E+44  1.8100E+41  8.4805E+43
  5.9570E+00  1.9549E+44  1.2105E+44  1.2681E+41  7.4316E+43
  6.3100E+00  1.7249E+44  1.0770E+44  8.7974E+40  6.4710E+43
  6.6830E+00  1.5259E+44  9.6516E+43  6.0967E+40  5.6014E+43
  7.0790E+00  1.3403E+44  8.5803E+43  4.1679E+40  4.8190E+43
  7.4990E+00  1.2283E+44  8.1568E+43  2.9333E+40  4.1229E+43
  7.9430E+00  1.3699E+44  1.0185E+44  2.4981E+40  3.5109E+43
  8.4140E+00  1.7384E+44  1.4406E+44  2.5436E+40  2.9752E+43
  8.9130E+00  2.0030E+44  1.7517E+44  2.5045E+40  2.5104E+43
  9.4410E+00  2.1550E+44  1.9437E+44  2.5561E+40  2.1101E+43
  1.0000E+01  1.7579E+44  1.5810E+44  1.8279E+40  1.7671E+43
  1.0590E+01  1.3551E+44  1.2074E+44  1.2056E+40  1.4758E+43
  1.1220E+01  9.9437E+43  8.7162E+43  7.0641E+39  1.2267E+43
  1.1890E+01  7.4036E+43  6.3872E+43  4.1786E+39  1.0159E+43
  1.2590E+01  5.5402E+43  4.6988E+43  2.4236E+39  8.4119E+42
  1.3340E+01  4.2180E+43  3.5247E+43  1.4035E+39  6.9319E+42
  1.4130E+01  3.4089E+43  2.8383E+43  8.4319E+38  5.7050E+42
  1.4960E+01  3.1321E+43  2.6629E+43  5.8857E+38  4.6919E+42
  1.5850E+01  2.9715E+43  2.5873E+43  4.4185E+38  3.8414E+42
  1.6790E+01  2.8296E+43  2.5155E+43  3.4613E+38  3.1409E+42
  1.7780E+01  2.6235E+43  2.3668E+43  2.7257E+38  2.5663E+42
  1.8840E+01  2.3112E+43  2.1023E+43  2.0549E+38  2.0888E+42
  1.9950E+01  1.9400E+43  1.7698E+43  1.4395E+38  1.7013E+42
  2.1130E+01  1.6151E+43  1.4768E+43  9.6946E+37  1.3827E+42
  2.2390E+01  1.3554E+43  1.2434E+43  6.5484E+37  1.1203E+42
  2.3710E+01  1.1454E+43  1.0545E+43  4.4290E+37  9.0864E+41
  2.5120E+01  9.6936E+42  8.9588E+42  3.0041E+37  7.3479E+41
  2.6610E+01  8.1949E+42  7.6010E+42  2.0291E+37  5.9383E+41
  2.8180E+01  6.9119E+42  6.4320E+42  1.3702E+37  4.7994E+41
  2.9850E+01  5.7905E+42  5.4033E+42  9.2072E+36  3.8717E+41
  3.1620E+01  4.8065E+42  4.4945E+42  6.1294E+36  3.1199E+41
  3.3500E+01  3.9462E+42  3.6951E+42  4.0385E+36  2.5106E+41
  3.5480E+01  3.2058E+42  3.0037E+42  2.6348E+36  2.0210E+41
  3.7580E+01  2.5715E+42  2.4089E+42  1.6976E+36  1.6253E+41
  3.9810E+01  2.0335E+42  1.9030E+42  1.0791E+36  1.3054E+41
  4.2170E+01  1.5892E+42  1.4844E+42  6.7738E+35  1.0479E+41
  4.4670E+01  1.2287E+42  1.1446E+42  4.1992E+35  8.4074E+40
  4.7320E+01  9.4115E+41  8.7375E+41  2.5757E+35  6.7400E+40
  5.0120E+01  7.1535E+41  6.6132E+41  1.5658E+35  5.4034E+40
  5.3090E+01  5.3970E+41  4.9642E+41  9.4388E+34  4.3282E+40
  5.6230E+01  4.0496E+41  3.7030E+41  5.6529E+34  3.4667E+40
  5.9570E+01  3.0205E+41  2.7433E+41  3.3624E+34  2.7728E+40
  6.3100E+01  2.2451E+41  2.0233E+41  1.9917E+34  2.2180E+40
  6.6830E+01  1.6641E+41  1.4866E+41  1.1758E+34  1.7744E+40
  7.0790E+01  1.2301E+41  1.0883E+41  6.9193E+33  1.4183E+40
  7.4990E+01  9.0725E+40  7.9396E+40  4.0615E+33  1.1329E+40
  7.9430E+01  6.6851E+40  5.7800E+40  2.3815E+33  9.0505E+39
  8.4140E+01  4.9208E+40  4.1983E+40  1.3944E+33  7.2256E+39
  8.9130E+01  3.6225E+40  3.0458E+40  8.1649E+32  5.7665E+39
  9.4410E+01  2.6675E+40  2.2073E+40  4.7821E+32  4.6021E+39
  1.0000E+02  1.9650E+40  1.5978E+40  2.8017E+32  3.6722E+39
  1.0590E+02  1.4501E+40  1.1569E+40  1.6447E+32  2.9317E+39
  1.1220E+02  1.0708E+40  8.3720E+39  9.6564E+31  2.3358E+39
  1.1890E+02  7.9294E+39  6.0704E+39  5.6860E+31  1.8590E+39
  1.2590E+02  5.9186E+39  4.4348E+39  3.3751E+31  1.4838E+39
  1.3340E+02  4.4333E+39  3.2522E+39  2.0132E+31  1.1811E+39
  1.4130E+02  3.3097E+39  2.3685E+39  1.2014E+31  9.4117E+38
  1.4960E+02  2.4411E+39  1.6899E+39  7.0796E+30  7.5121E+38
  1.5850E+02  1.7947E+39  1.1969E+39  4.1482E+30  5.9781E+38
  1.7780E+02  9.8693E+38  6.0751E+38  1.4464E+30  3.7942E+38
  1.9950E+02  5.5035E+38  3.0991E+38  5.1154E+29  2.4043E+38
  2.2390E+02  3.1033E+38  1.5817E+38  1.8307E+29  1.5216E+38
  2.5120E+02  1.7717E+38  8.0792E+37  6.6351E+28  9.6376E+37
  2.8180E+02  1.0228E+38  4.1240E+37  2.4322E+28  6.1043E+37
  3.1620E+02  5.9629E+37  2.1012E+37  9.0021E+27  3.8617E+37
  3.5480E+02  3.5117E+37  1.0696E+37  3.3638E+27  2.4421E+37
  3.9810E+02  2.0881E+37  5.4388E+36  1.2689E+27  1.5442E+37
  4.4670E+02  1.2523E+37  2.7627E+36  4.8255E+26  9.7603E+36
  5.0120E+02  7.5718E+36  1.4024E+36  1.8491E+26  6.1695E+36
  5.6230E+02  4.6119E+36  7.1157E+35  7.1322E+25  3.9003E+36
  6.3100E+02  2.8233E+36  3.6041E+35  2.7642E+25  2.4629E+36
  7.0790E+02  1.7394E+36  1.8261E+35  1.0776E+25  1.5568E+36
  7.9430E+02  1.0756E+36  9.2386E+34  4.2143E+24  9.8325E+35
  8.9130E+02  6.6746E+35  4.6693E+34  1.6532E+24  6.2077E+35
  1.0000E+03  4.1573E+35  2.3596E+34  6.5082E+23  3.9214E+35
