  1.0000E-03  1.9418E+44  0.0000E+00  4.8296E+43  1.4589E+44
  1.1220E-03  1.4591E+44  0.0000E+00  4.2018E+43  1.0390E+44
  1.2590E-03  1.0609E+44  0.0000E+00  3.4283E+43  7.1812E+43
  1.4130E-03  7.5225E+43  0.0000E+00  2.6700E+43  4.8525E+43
  1.5850E-03  5.7026E+43  0.0000E+00  2.1805E+43  3.5221E+43
  1.7780E-03  5.9088E+43  0.0000E+00  2.5477E+43  3.3611E+43
  1.9950E-03  3.3413E+43  0.0000E+00  1.7236E+43  1.6177E+43
  2.2390E-03  2.1544E+43  0.0000E+00  1.2109E+43  9.4349E+42
  2.5120E-03  2.2408E+43  0.0000E+00  1.4583E+43  7.8253E+42
  2.8180E-03  1.1733E+43  0.0000E+00  9.0966E+42  2.6364E+42
  3.1620E-03  7.0831E+42  0.0000E+00  6.0794E+42  1.0037E+42
  3.5480E-03  4.6386E+42  0.0000E+00  4.2315E+42  4.0708E+41
  3.9810E-03  3.2513E+42  0.0000E+00  3.0699E+42  1.8141E+41
  4.4670E-03  3.6209E+43  0.0000E+00  2.7239E+43  8.9694E+42
  5.0120E-03  2.0783E+43  0.0000E+00  1.8072E+43  2.7112E+42
  5.6230E-03  1.3222E+43  0.0000E+00  1.2395E+43  8.2714E+41
  5.9570E-03  1.0902E+43  0.0000E+00  1.0432E+43  4.6989E+41
  6.6830E-03  7.9401E+42  0.0000E+00  7.7672E+42  1.7289E+41
  7.4990E-03  6.4189E+42  0.0000E+00  6.3392E+42  7.9682E+40
  8.4140E-03  4.9341E+42  0.0000E+00  4.9026E+42  3.1404E+40
  9.4410E-03  4.0039E+42  0.0000E+00  3.9888E+42  1.5108E+40
  1.0590E-02  3.5477E+42  0.0000E+00  3.5365E+42  1.1231E+40
  1.1890E-02  3.0634E+42  0.0000E+00  3.0585E+42  4.8782E+39
  1.3340E-02  2.6031E+42  0.0000E+00  2.6005E+42  2.6578E+39
  1.4960E-02  2.1565E+42  0.0000E+00  2.1553E+42  1.2058E+39
  1.6790E-02  1.8006E+42  0.0000E+00  1.8000E+42  5.9187E+38
  1.8840E-02  1.5290E+42  0.0000E+00  1.5286E+42  3.2116E+38
  2.1130E-02  1.3164E+42  0.0000E+00  1.3162E+42  1.5951E+38
  2.3710E-02  1.1124E+42  0.0000E+00  1.1123E+42  7.6734E+37
  2.6610E-02  9.1926E+41  0.0000E+00  9.1922E+41  3.4244E+37
  2.9850E-02  7.5913E+41  0.0000E+00  7.5911E+41  1.5459E+37
  3.3500E-02  6.2226E+41  2.5094E-77  6.2226E+41  6.8719E+36
  3.7580E-02  6.2548E+41  2.4651E-64  6.2548E+41  6.0534E+36
  4.2170E-02  6.1253E+41  4.2155E-53  6.1253E+41  2.6608E+36
  4.7320E-02  3.7146E+41  1.2469E-43  3.7146E+41  3.2766E+35
  5.3090E-02  1.9085E+41  1.6413E-35  1.9085E+41  2.4373E+34
  6.6830E-02  1.6555E+40  2.0142E-24  1.6555E+40  7.3233E+29
  7.4990E-02  3.4936E+39  9.0621E-21  3.4936E+39  9.2064E+26
  8.4140E-02  4.7731E+39  2.4248E-14  4.7731E+39  4.7769E+27
  9.4410E-02  6.2697E+39  8.9596E-09  6.2697E+39  1.4989E+28
  1.0590E-01  1.8541E+40  2.4925E-02  1.8541E+40  1.4751E+30
  1.1890E-01  5.5033E+40  3.6302E+04  5.5033E+40  2.5007E+32
  1.3340E-01  1.2538E+41  3.4618E+09  1.2538E+41  9.9029E+33
  1.4960E-01  1.9034E+41  4.6614E+13  1.9034E+41  1.0118E+35
  1.5850E-01  1.9648E+41  2.1429E+15  1.9648E+41  1.4596E+35
  1.7780E-01  1.4282E+41  5.0678E+17  1.4282E+41  5.5613E+34
  1.9950E-01  3.4590E+40  1.7278E+18  3.4590E+40  5.2239E+32
  2.2390E-01  1.4355E+40  1.3843E+19  1.4355E+40  2.8262E+31
  2.3710E-01  3.2798E+40  2.4053E+21  3.2798E+40  6.8504E+32
  2.5120E-01  7.5158E+40  4.1421E+23  7.5158E+40  1.9092E+34
  2.6610E-01  1.2688E+41  2.2274E+25  1.2688E+41  1.7682E+35
  2.8180E-01  1.7859E+41  5.7876E+26  1.7859E+41  8.6044E+35
  2.9850E-01  2.3086E+41  9.6515E+27  2.3086E+41  2.9437E+36
  3.1620E-01  2.9199E+41  1.2621E+29  2.9198E+41  8.7861E+36
  3.3500E-01  3.6200E+41  1.3656E+30  3.6197E+41  2.3764E+37
  3.5480E-01  4.3611E+41  1.2078E+31  4.3605E+41  5.7420E+37
  3.7580E-01  5.2364E+41  9.7108E+31  5.2351E+41  1.3629E+38
  3.9810E-01  6.1975E+41  6.6171E+32  6.1945E+41  2.9773E+38
  4.2170E-01  7.4884E+41  4.4126E+33  7.4815E+41  6.9258E+38
  4.4670E-01  9.0611E+41  2.6345E+34  9.0455E+41  1.5569E+39
  4.7320E-01  1.0933E+42  1.4459E+35  1.0898E+42  3.4213E+39
  5.0120E-01  1.3107E+42  7.2478E+35  1.3034E+42  7.2826E+39
  5.3090E-01  1.5790E+42  3.4558E+36  1.5635E+42  1.5549E+40
  5.6230E-01  1.8821E+42  1.4563E+37  1.8511E+42  3.0995E+40
  5.9570E-01  2.2343E+42  5.6095E+37  2.1750E+42  5.9223E+40
  6.3100E-01  2.6664E+42  2.0223E+38  2.5549E+42  1.1123E+41
  6.6830E-01  3.2045E+42  6.8256E+38  2.9989E+42  2.0499E+41
  7.0790E-01  3.8954E+42  2.1488E+39  3.5253E+42  3.6787E+41
  7.4990E-01  4.7570E+42  6.2003E+39  4.1201E+42  6.3063E+41
  7.9430E-01  5.8912E+42  1.6765E+40  4.8196E+42  1.0548E+42
  8.4140E-01  7.4268E+42  4.2829E+40  5.6558E+42  1.7282E+42
  8.9130E-01  9.6522E+42  1.0572E+41  6.7172E+42  2.8293E+42
  9.4410E-01  1.2739E+43  2.4549E+41  7.9910E+42  4.5027E+42
  1.0000E+00  1.6805E+43  5.2851E+41  9.4274E+42  6.8489E+42
  1.0590E+00  2.2133E+43  1.0630E+42  1.1050E+43  1.0020E+43
  1.1220E+00  2.9110E+43  2.0281E+42  1.2866E+43  1.4215E+43
  1.1890E+00  3.8199E+43  3.6920E+42  1.4853E+43  1.9653E+43
  1.2590E+00  5.0137E+43  6.4373E+42  1.6992E+43  2.6708E+43
  1.3340E+00  6.4897E+43  1.0667E+43  1.9113E+43  3.5117E+43
  1.4130E+00  8.2092E+43  1.6624E+43  2.1049E+43  4.4419E+43
  1.4960E+00  1.0178E+44  2.4615E+43  2.2701E+43  5.4461E+43
  1.5850E+00  1.2410E+44  3.5064E+43  2.3968E+43  6.5065E+43
  1.6790E+00  1.4902E+44  4.8099E+43  2.4743E+43  7.6183E+43
  1.7780E+00  1.7599E+44  6.3585E+43  2.4882E+43  8.7525E+43
  1.8840E+00  2.0408E+44  8.1289E+43  2.4306E+43  9.8484E+43
  1.9950E+00  2.3204E+44  1.0031E+44  2.3027E+43  1.0871E+44
  2.1130E+00  2.5847E+44  1.1974E+44  2.1150E+43  1.1758E+44
  2.2390E+00  2.8188E+44  1.3836E+44  1.8843E+43  1.2467E+44
  2.3710E+00  3.0117E+44  1.5491E+44  1.6314E+43  1.2995E+44
  2.5120E+00  3.1555E+44  1.6867E+44  1.3767E+43  1.3311E+44
  2.6610E+00  3.2464E+44  1.7888E+44  1.1354E+43  1.3440E+44
  2.8180E+00  3.2836E+44  1.8511E+44  9.1702E+42  1.3407E+44
  2.9850E+00  3.2705E+44  1.8754E+44  7.2733E+42  1.3224E+44
  3.1620E+00  3.2120E+44  1.8628E+44  5.6766E+42  1.2923E+44
  3.3500E+00  3.1174E+44  1.8223E+44  4.3721E+42  1.2514E+44
  3.5480E+00  2.9913E+44  1.7531E+44  3.3257E+42  1.2049E+44
  3.7580E+00  2.8425E+44  1.6646E+44  2.5027E+42  1.1530E+44
  3.9810E+00  2.6776E+44  1.5616E+44  1.8654E+42  1.0973E+44
  4.2170E+00  2.5029E+44  1.4493E+44  1.3790E+42  1.0399E+44
  4.4670E+00  2.3240E+44  1.3322E+44  1.0119E+42  9.8174E+43
  4.7320E+00  2.1460E+44  1.2152E+44  7.3751E+41  9.2346E+43
  5.0120E+00  1.9751E+44  1.1018E+44  5.3521E+41  8.6800E+43
  5.3090E+00  1.7844E+44  9.9333E+43  3.8108E+41  7.8729E+43
  5.6230E+00  1.6020E+44  8.9252E+43  2.6916E+41  7.0683E+43
  5.9570E+00  1.4306E+44  8.0066E+43  1.8876E+41  6.2804E+43
  6.3100E+00  1.2681E+44  7.1300E+43  1.3110E+41  5.5374E+43
  6.6830E+00  1.1255E+44  6.4020E+43  9.0860E+40  4.8435E+43
  7.0790E+00  9.9243E+43  5.7110E+43  6.2164E+40  4.2071E+43
  7.4990E+00  8.8789E+43  5.2872E+43  4.2644E+40  3.5875E+43
  7.9430E+00  8.5679E+43  5.6985E+43  3.1588E+40  2.8663E+43
  8.4140E+00  8.5903E+43  6.4791E+43  2.5812E+40  2.1087E+43
  8.9130E+00  8.1549E+43  6.6142E+43  2.1289E+40  1.5386E+43
  9.4410E+00  7.4501E+43  6.3250E+43  1.8742E+40  1.1232E+43
  1.0000E+01  6.5490E+43  5.5428E+43  1.4217E+40  1.0047E+43
  1.0590E+01  5.6485E+43  4.7246E+43  1.0294E+40  9.2290E+42
  1.1220E+01  4.7460E+43  3.8928E+43  6.7755E+39  8.5255E+42
  1.1890E+01  3.9406E+43  3.1775E+43  4.4075E+39  7.6260E+42
  1.2590E+01  3.2684E+43  2.5956E+43  2.8007E+39  6.7244E+42
  1.3340E+01  2.7187E+43  2.1381E+43  1.7560E+39  5.8051E+42
  1.4130E+01  2.3235E+43  1.8340E+43  1.1081E+39  4.8939E+42
  1.4960E+01  2.1117E+43  1.7140E+43  7.6160E+38  3.9764E+42
  1.5850E+01  1.9551E+43  1.6368E+43  5.5519E+38  3.1820E+42
  1.6790E+01  1.8219E+43  1.5684E+43  4.2318E+38  2.5352E+42
  1.7780E+01  1.6857E+43  1.4821E+43  3.3021E+38  2.0349E+42
  1.8840E+01  1.5290E+43  1.3633E+43  2.5421E+38  1.6569E+42
  1.9950E+01  1.3594E+43  1.2219E+43  1.8709E+38  1.3753E+42
  2.1130E+01  1.2044E+43  1.0902E+43  1.3312E+38  1.1414E+42
  2.2390E+01  1.0702E+43  9.7611E+42  9.4619E+37  9.4075E+41
  2.3710E+01  9.5313E+42  8.7571E+42  6.7092E+37  7.7411E+41
  2.5120E+01  8.4607E+42  7.8270E+42  4.7521E+37  6.3369E+41
  2.6610E+01  7.4717E+42  6.9539E+42  3.3409E+37  5.1775E+41
  2.8180E+01  6.5523E+42  6.1297E+42  2.3389E+37  4.2249E+41
  2.9850E+01  5.6835E+42  5.3397E+42  1.6235E+37  3.4381E+41
  3.1620E+01  4.8672E+42  4.5879E+42  1.1130E+37  2.7934E+41
  3.3500E+01  4.1084E+42  3.8818E+42  7.5288E+36  2.2656E+41
  3.5480E+01  3.4197E+42  3.2359E+42  5.0273E+36  1.8373E+41
  3.7580E+01  2.8035E+42  2.6546E+42  3.3080E+36  1.4884E+41
  3.9810E+01  2.2619E+42  2.1414E+42  2.1443E+36  1.2043E+41
  4.2170E+01  1.8001E+42  1.7027E+42  1.3705E+36  9.7378E+40
  4.4670E+01  1.4149E+42  1.3363E+42  8.6377E+35  7.8671E+40
  4.7320E+01  1.1002E+42  1.0367E+42  5.3788E+35  6.3484E+40
  5.0120E+01  8.4759E+41  7.9639E+41  3.3150E+35  5.1208E+40
  5.3090E+01  6.4727E+41  6.0601E+41  2.0234E+35  4.1252E+40
  5.6230E+01  4.9095E+41  4.5774E+41  1.2254E+35  3.3214E+40
  5.9570E+01  3.6974E+41  3.4305E+41  7.3630E+34  2.6691E+40
  6.3100E+01  2.7717E+41  2.5572E+41  4.4007E+34  2.1443E+40
  6.6830E+01  2.0697E+41  1.8975E+41  2.6189E+34  1.7220E+40
  7.0790E+01  1.5398E+41  1.4017E+41  1.5520E+34  1.3811E+40
  7.4990E+01  1.1419E+41  1.0313E+41  9.1663E+33  1.1065E+40
  7.9430E+01  8.4526E+40  7.5663E+40  5.4032E+33  8.8635E+39
  8.4140E+01  6.2449E+40  5.5355E+40  3.1778E+33  7.0933E+39
  8.9130E+01  4.6103E+40  4.0430E+40  1.8677E+33  5.6728E+39
  9.4410E+01  3.4020E+40  2.9484E+40  1.0972E+33  4.5357E+39
  1.0000E+02  2.5093E+40  2.1468E+40  6.4433E+32  3.6252E+39
  1.0590E+02  1.8529E+40  1.5630E+40  3.7888E+32  2.8983E+39
  1.1220E+02  1.3682E+40  1.1370E+40  2.2273E+32  2.3121E+39
  1.1890E+02  1.0129E+40  8.2866E+39  1.3127E+32  1.8422E+39
  1.2590E+02  7.5566E+39  6.0848E+39  7.7981E+31  1.4718E+39
  1.3340E+02  5.6585E+39  4.4860E+39  4.6558E+31  1.1724E+39
  1.4130E+02  4.2165E+39  3.2815E+39  2.7773E+31  9.3499E+38
  1.4960E+02  3.0942E+39  2.3473E+39  1.6316E+31  7.4685E+38
  1.5850E+02  2.2613E+39  1.6665E+39  9.5242E+30  5.9475E+38
  1.7780E+02  1.2282E+39  8.5030E+38  3.2958E+30  3.7790E+38
  1.9950E+02  6.7567E+38  4.3600E+38  1.1560E+30  2.3968E+38
  2.2390E+02  3.7534E+38  2.2356E+38  4.0990E+29  1.5178E+38
  2.5120E+02  2.1085E+38  1.1467E+38  1.4708E+29  9.6185E+37
  2.8180E+02  1.1969E+38  5.8746E+37  5.3358E+28  6.0947E+37
  3.1620E+02  6.8597E+37  3.0028E+37  1.9544E+28  3.8569E+37
  3.5480E+02  3.9726E+37  1.5329E+37  7.2291E+27  2.4397E+37
  3.9810E+02  2.3245E+37  7.8151E+36  2.7009E+27  1.5430E+37
  4.4670E+02  1.3733E+37  3.9789E+36  1.0180E+27  9.7541E+36
  5.0120E+02  8.1902E+36  2.0238E+36  3.8698E+26  6.1664E+36
  5.6230E+02  4.9276E+36  1.0288E+36  1.4820E+26  3.8988E+36
  6.3100E+02  2.9841E+36  5.2193E+35  5.7080E+25  2.4622E+36
  7.0790E+02  1.8212E+36  2.6483E+35  2.2133E+25  1.5564E+36
  7.9430E+02  1.1172E+36  1.3416E+35  8.6167E+24  9.8305E+35
  8.9130E+02  6.8856E+35  6.7889E+34  3.3673E+24  6.2067E+35
  1.0000E+03  4.2643E+35  3.4344E+34  1.3214E+24  3.9209E+35
