  1.0000E-03  1.8994E+44  0.0000E+00  4.2273E+43  1.4767E+44
  1.1220E-03  1.4068E+44  0.0000E+00  3.5124E+43  1.0556E+44
  1.2590E-03  1.0039E+44  0.0000E+00  2.7069E+43  7.3318E+43
  1.4130E-03  6.9511E+43  0.0000E+00  1.9661E+43  4.9850E+43
  1.5850E-03  5.1524E+43  0.0000E+00  1.5045E+43  3.6479E+43
  1.7780E-03  5.2655E+43  0.0000E+00  1.7453E+43  3.5202E+43
  1.9950E-03  2.7145E+43  0.0000E+00  1.0016E+43  1.7130E+43
  2.2390E-03  1.6206E+43  0.0000E+00  6.0822E+42  1.0124E+43
  2.5120E-03  1.5602E+43  0.0000E+00  7.0746E+42  8.5275E+42
  2.8180E-03  6.1269E+42  0.0000E+00  3.2145E+42  2.9124E+42
  3.1620E-03  2.7156E+42  0.0000E+00  1.5920E+42  1.1236E+42
  3.5480E-03  1.2992E+42  0.0000E+00  8.3779E+41  4.6137E+41
  3.9810E-03  6.8314E+41  0.0000E+00  4.7530E+41  2.0784E+41
  4.4670E-03  1.9194E+43  0.0000E+00  1.0137E+43  9.0566E+42
  5.0120E-03  7.7180E+42  0.0000E+00  4.9112E+42  2.8068E+42
  5.6230E-03  3.3886E+42  0.0000E+00  2.5097E+42  8.7894E+41
  5.9570E-03  2.3637E+42  0.0000E+00  1.8579E+42  5.0576E+41
  6.6830E-03  1.3157E+42  0.0000E+00  1.1252E+42  1.9051E+41
  7.4990E-03  8.9286E+41  0.0000E+00  8.0308E+41  8.9784E+40
  8.4140E-03  5.7026E+41  0.0000E+00  5.3415E+41  3.6113E+40
  9.4410E-03  4.0699E+41  0.0000E+00  3.8928E+41  1.7713E+40
  1.0590E-02  3.3953E+41  0.0000E+00  3.2610E+41  1.3428E+40
  1.1890E-02  2.6678E+41  0.0000E+00  2.6084E+41  5.9389E+39
  1.3340E-02  2.0923E+41  0.0000E+00  2.0594E+41  3.2961E+39
  1.4960E-02  1.5882E+41  0.0000E+00  1.5730E+41  1.5231E+39
  1.6790E-02  1.2271E+41  0.0000E+00  1.2195E+41  7.6166E+38
  1.8840E-02  9.7529E+40  0.0000E+00  9.7107E+40  4.2123E+38
  2.1130E-02  7.9213E+40  0.0000E+00  7.9000E+40  2.1321E+38
  2.3710E-02  6.2837E+40  0.0000E+00  6.2732E+40  1.0457E+38
  2.6610E-02  4.8485E+40  0.0000E+00  4.8437E+40  4.7621E+37
  2.9850E-02  3.7528E+40  0.0000E+00  3.7506E+40  2.1964E+37
  3.3500E-02  2.8837E+40  2.0350E-77  2.8827E+40  9.9835E+36
  3.7580E-02  2.8064E+40  2.0058E-64  2.8055E+40  8.8147E+36
  4.2170E-02  2.7050E+40  3.5288E-53  2.7046E+40  3.9627E+36
  4.7320E-02  1.4663E+40  1.1215E-43  1.4662E+40  5.1765E+35
  5.3090E-02  6.5314E+39  1.5996E-35  6.5313E+39  4.1237E+34
  6.6830E-02  2.7351E+38  2.5387E-24  2.7351E+38  1.5574E+30
  7.4990E-02  3.4590E+37  1.3687E-20  3.4590E+37  2.3314E+27
  8.4140E-02  5.2420E+37  3.4976E-14  5.2420E+37  1.1423E+28
  9.4410E-02  7.3509E+37  1.2557E-08  7.3509E+37  3.4249E+28
  1.0590E-01  2.9559E+38  3.1102E-02  2.9559E+38  2.9069E+30
  1.1890E-01  1.2012E+39  3.7708E+04  1.2012E+39  4.1930E+32
  1.3340E-01  3.3220E+39  3.0018E+09  3.3220E+39  1.4715E+34
  1.4960E-01  5.4425E+39  3.6046E+13  5.4424E+39  1.3758E+35
  1.5850E-01  5.7675E+39  1.6325E+15  5.7673E+39  1.9593E+35
  1.7780E-01  4.4931E+39  4.1570E+17  4.4931E+39  7.9118E+34
  1.9950E-01  9.5322E+38  1.7667E+18  9.5322E+38  8.8937E+32
  2.2390E-01  3.6766E+38  1.6627E+19  3.6766E+38  5.4611E+31
  2.3710E-01  1.0627E+39  2.6356E+21  1.0627E+39  1.2259E+33
  2.5120E-01  3.0464E+39  4.0807E+23  3.0464E+39  3.1520E+34
  2.6610E-01  5.9364E+39  2.0420E+25  5.9361E+39  2.7705E+35
  2.8180E-01  9.2465E+39  5.0537E+26  9.2452E+39  1.3026E+36
  2.9850E-01  1.2958E+40  8.1207E+27  1.2953E+40  4.3429E+36
  3.1620E-01  1.7687E+40  1.0285E+29  1.7675E+40  1.2677E+37
  3.3500E-01  2.3597E+40  1.0822E+30  2.3563E+40  3.3621E+37
  3.5480E-01  3.0441E+40  9.3489E+30  3.0361E+40  7.9874E+37
  3.7580E-01  3.9336E+40  7.3622E+31  3.9149E+40  1.8678E+38
  3.9810E-01  5.0029E+40  4.9216E+32  4.9627E+40  4.0227E+38
  4.2170E-01  6.5907E+40  3.2208E+33  6.4984E+40  9.2288E+38
  4.4670E-01  8.7666E+40  1.8883E+34  8.5620E+40  2.0462E+39
  4.7320E-01  1.1757E+41  1.0191E+35  1.1313E+41  4.4377E+39
  5.0120E-01  1.5867E+41  5.0299E+35  1.4934E+41  9.3294E+39
  5.3090E-01  2.2020E+41  2.3646E+36  2.0052E+41  1.9687E+40
  5.6230E-01  3.0588E+41  9.8409E+36  2.6706E+41  3.8806E+40
  5.9570E-01  4.2922E+41  3.7493E+37  3.5582E+41  7.3357E+40
  6.3100E-01  6.1589E+41  1.3386E+38  4.7942E+41  1.3634E+41
  6.6830E-01  9.0149E+41  4.4811E+38  6.5225E+41  2.4879E+41
  7.0790E-01  1.3375E+42  1.4008E+39  8.9409E+41  4.4199E+41
  7.4990E-01  1.9685E+42  4.0201E+39  1.2143E+42  7.5015E+41
  7.9430E-01  2.8985E+42  1.0825E+40  1.6457E+42  1.2420E+42
  8.4140E-01  4.2670E+42  2.7587E+40  2.2250E+42  2.0144E+42
  8.9130E-01  6.3616E+42  6.8009E+40  3.0302E+42  3.2633E+42
  9.4410E-01  9.3729E+42  1.5810E+41  4.0737E+42  5.1411E+42
  1.0000E+00  1.3409E+43  3.4179E+41  5.3209E+42  7.7462E+42
  1.0590E+00  1.8694E+43  6.9210E+41  6.7725E+42  1.1230E+43
  1.1220E+00  2.5540E+43  1.3327E+42  8.4203E+42  1.5787E+43
  1.1890E+00  3.4319E+43  2.4544E+42  1.0233E+43  2.1632E+43
  1.2590E+00  4.5661E+43  4.3360E+42  1.2190E+43  2.9135E+43
  1.3340E+00  5.9421E+43  7.3026E+42  1.4129E+43  3.7989E+43
  1.4130E+00  7.5196E+43  1.1601E+43  1.5906E+43  4.7689E+43
  1.4960E+00  9.3067E+43  1.7551E+43  1.7450E+43  5.8066E+43
  1.5850E+00  1.1322E+44  2.5607E+43  1.8691E+43  6.8925E+43
  1.6790E+00  1.3581E+44  3.6032E+43  1.9562E+43  8.0214E+43
  1.7780E+00  1.6050E+44  4.8916E+43  1.9952E+43  9.1634E+43
  1.8840E+00  1.8668E+44  6.4332E+43  1.9783E+43  1.0257E+44
  1.9950E+00  2.1343E+44  8.1710E+43  1.9045E+43  1.1267E+44
  2.1130E+00  2.3964E+44  1.0050E+44  1.7796E+43  1.2134E+44
  2.2390E+00  2.6410E+44  1.1978E+44  1.6152E+43  1.2817E+44
  2.3710E+00  2.8572E+44  1.3832E+44  1.4259E+43  1.3313E+44
  2.5120E+00  3.0368E+44  1.5542E+44  1.2280E+43  1.3597E+44
  2.6610E+00  3.1736E+44  1.7007E+44  1.0341E+43  1.3694E+44
  2.8180E+00  3.2635E+44  1.8152E+44  8.5303E+42  1.3630E+44
  2.9850E+00  3.3065E+44  1.8956E+44  6.9098E+42  1.3418E+44
  3.1620E+00  3.3038E+44  1.9398E+44  5.5061E+42  1.3090E+44
  3.3500E+00  3.2620E+44  1.9531E+44  4.3275E+42  1.2657E+44
  3.5480E+00  3.1812E+44  1.9306E+44  3.3551E+42  1.2170E+44
  3.7580E+00  3.0699E+44  1.8809E+44  2.5704E+42  1.1632E+44
  3.9810E+00  2.9336E+44  1.8081E+44  1.9483E+42  1.1060E+44
  4.2170E+00  2.7780E+44  1.7161E+44  1.4623E+42  1.0472E+44
  4.4670E+00  2.6091E+44  1.6103E+44  1.0878E+42  9.8789E+43
  4.7320E+00  2.4339E+44  1.4973E+44  8.0261E+41  9.2861E+43
  5.0120E+00  2.2597E+44  1.3815E+44  5.8877E+41  8.7232E+43
  5.3090E+00  2.0608E+44  1.2658E+44  4.2401E+41  7.9079E+43
  5.6230E+00  1.8671E+44  1.1544E+44  3.0281E+41  7.0963E+43
  5.9570E+00  1.6825E+44  1.0501E+44  2.1474E+41  6.3026E+43
  6.3100E+00  1.5033E+44  9.4627E+43  1.5067E+41  5.5549E+43
  6.6830E+00  1.3444E+44  8.5762E+43  1.0547E+41  4.8572E+43
  7.0790E+00  1.1932E+44  7.7067E+43  7.2805E+40  4.2178E+43
  7.4990E+00  1.0923E+44  7.3225E+43  5.1188E+40  3.5955E+43
  7.9430E+00  1.1527E+44  8.6510E+43  4.1371E+40  2.8714E+43
  8.4140E+00  1.2905E+44  1.0790E+44  3.7569E+40  2.1111E+43
  8.9130E+00  1.3083E+44  1.1540E+44  3.3016E+40  1.5395E+43
  9.4410E+00  1.2444E+44  1.1318E+44  3.0277E+40  1.1232E+43
  1.0000E+01  1.0829E+44  9.8224E+43  2.2913E+40  1.0047E+43
  1.0590E+01  9.1488E+43  8.2241E+43  1.6394E+40  9.2306E+42
  1.1220E+01  7.4379E+43  6.5839E+43  1.0541E+40  8.5288E+42
  1.1890E+01  5.9902E+43  5.2266E+43  6.7088E+39  7.6299E+42
  1.2590E+01  4.8042E+43  4.1309E+43  4.1591E+39  6.7286E+42
  1.3340E+01  3.8790E+43  3.2978E+43  2.5526E+39  5.8092E+42
  1.4130E+01  3.2677E+43  2.7778E+43  1.5986E+39  4.8975E+42
  1.4960E+01  3.0222E+43  2.6242E+43  1.1221E+39  3.9791E+42
  1.5850E+01  2.8618E+43  2.5434E+43  8.3960E+38  3.1839E+42
  1.6790E+01  2.7204E+43  2.4667E+43  6.5546E+38  2.5365E+42
  1.7780E+01  2.5498E+43  2.3462E+43  5.2076E+38  2.0359E+42
  1.8840E+01  2.3275E+43  2.1617E+43  4.0583E+38  1.6577E+42
  1.9950E+01  2.0760E+43  1.9383E+43  3.0146E+38  1.3761E+42
  2.1130E+01  1.8521E+43  1.7378E+43  2.1717E+38  1.1422E+42
  2.2390E+01  1.6670E+43  1.5728E+43  1.5705E+38  9.4149E+41
  2.3710E+01  1.5108E+43  1.4333E+43  1.1375E+38  7.7479E+41
  2.5120E+01  1.3707E+43  1.3073E+43  8.2589E+37  6.3430E+41
  2.6610E+01  1.2410E+43  1.1892E+43  5.9664E+37  5.1829E+41
  2.8180E+01  1.1180E+43  1.0757E+43  4.2983E+37  4.2296E+41
  2.9850E+01  9.9769E+42  9.6327E+42  3.0732E+37  3.4421E+41
  3.1620E+01  8.7954E+42  8.5157E+42  2.1707E+37  2.7967E+41
  3.3500E+01  7.6433E+42  7.4165E+42  1.5124E+37  2.2682E+41
  3.5480E+01  6.5460E+42  6.3621E+42  1.0392E+37  1.8395E+41
  3.7580E+01  5.5176E+42  5.3686E+42  7.0296E+36  1.4900E+41
  3.9810E+01  4.5726E+42  4.4520E+42  4.6790E+36  1.2055E+41
  4.2170E+01  3.7334E+42  3.6359E+42  3.0667E+36  9.7476E+40
  4.4670E+01  3.0066E+42  2.9278E+42  1.9790E+36  7.8743E+40
  4.7320E+01  2.3918E+42  2.3283E+42  1.2600E+36  6.3538E+40
  5.0120E+01  1.8825E+42  1.8312E+42  7.9269E+35  5.1248E+40
  5.3090E+01  1.4664E+42  1.4251E+42  4.9309E+35  4.1281E+40
  5.6230E+01  1.1329E+42  1.0996E+42  3.0384E+35  3.3235E+40
  5.9570E+01  8.6769E+41  8.4099E+41  1.8546E+35  2.6706E+40
  6.3100E+01  6.6046E+41  6.3901E+41  1.1241E+35  2.1453E+40
  6.6830E+01  5.0000E+41  4.8277E+41  6.7729E+34  1.7227E+40
  7.0790E+01  3.7657E+41  3.6275E+41  4.0572E+34  1.3816E+40
  7.4990E+01  2.8228E+41  2.7121E+41  2.4181E+34  1.1069E+40
  7.9430E+01  2.1088E+41  2.0202E+41  1.4360E+34  8.8663E+39
  8.4140E+01  1.5701E+41  1.4991E+41  8.4947E+33  7.0952E+39
  8.9130E+01  1.1664E+41  1.1097E+41  5.0136E+33  5.6742E+39
  9.4410E+01  8.6481E+40  8.1945E+40  2.9528E+33  4.5367E+39
  1.0000E+02  6.3997E+40  6.0371E+40  1.7355E+33  3.6259E+39
  1.0590E+02  4.7338E+40  4.4439E+40  1.0197E+33  2.8988E+39
  1.1220E+02  3.4975E+40  3.2663E+40  5.9817E+32  2.3125E+39
  1.1890E+02  2.5877E+40  2.4034E+40  3.5140E+32  1.8425E+39
  1.2590E+02  1.9275E+40  1.7803E+40  2.0787E+32  1.4720E+39
  1.3340E+02  1.4404E+40  1.3232E+40  1.2355E+32  1.1726E+39
  1.4130E+02  1.0688E+40  9.7533E+39  7.3171E+31  9.3508E+38
  1.4960E+02  7.7768E+39  7.0299E+39  4.2450E+31  7.4691E+38
  1.5850E+02  5.6226E+39  5.0278E+39  2.4409E+31  5.9480E+38
  1.7780E+02  2.9771E+39  2.5992E+39  8.1636E+30  3.7792E+38
  1.9950E+02  1.5877E+39  1.3480E+39  2.7518E+30  2.3969E+38
  2.2390E+02  8.4991E+38  6.9813E+38  9.3219E+29  1.5178E+38
  2.5120E+02  4.5739E+38  3.6121E+38  3.1775E+29  9.6188E+37
  2.8180E+02  2.4742E+38  1.8647E+38  1.0898E+29  6.0949E+37
  3.1620E+02  1.3453E+38  9.5957E+37  3.7600E+28  3.8570E+37
  3.5480E+02  7.3672E+37  4.9275E+37  1.3073E+28  2.4397E+37
  3.9810E+02  4.0682E+37  2.5252E+37  4.5872E+27  1.5430E+37
  4.4670E+02  2.2669E+37  1.2915E+37  1.6251E+27  9.7542E+36
  5.0120E+02  1.2762E+37  6.5956E+36  5.8186E+26  6.1664E+36
  5.6230E+02  7.2634E+36  3.3646E+36  2.1059E+26  3.8988E+36
  6.3100E+02  4.1745E+36  1.7123E+36  7.6976E+25  2.4622E+36
  7.0790E+02  2.4276E+36  8.7121E+35  2.8463E+25  1.5564E+36
  7.9430E+02  1.4255E+36  4.4242E+35  1.0621E+25  9.8306E+35
  8.9130E+02  8.4502E+35  2.2435E+35  3.9992E+24  6.2067E+35
  1.0000E+03  5.0579E+35  1.1371E+35  1.5196E+24  3.9209E+35
