  1.0000E-03  1.3946E+43  0.0000E+00  3.2756E+42  1.0670E+43
  1.1220E-03  6.5842E+42  0.0000E+00  2.6603E+42  3.9239E+42
  1.2590E-03  3.3682E+42  0.0000E+00  2.0240E+42  1.3442E+42
  1.4130E-03  1.8919E+42  0.0000E+00  1.4549E+42  4.3694E+41
  1.5850E-03  1.2434E+42  0.0000E+00  1.0727E+42  1.7071E+41
  1.7780E-03  1.2114E+42  0.0000E+00  1.0788E+42  1.3258E+41
  1.9950E-03  6.2508E+41  0.0000E+00  6.0622E+41  1.8861E+40
  2.2390E-03  3.5388E+41  0.0000E+00  3.4953E+41  4.3467E+39
  2.5120E-03  3.3362E+41  0.0000E+00  3.3121E+41  2.4149E+39
  2.8180E-03  1.4695E+41  0.0000E+00  1.4681E+41  1.4308E+38
  3.1620E-03  6.9668E+40  0.0000E+00  6.9657E+40  1.1460E+37
  3.5480E-03  3.4797E+40  0.0000E+00  3.4796E+40  1.0710E+36
  3.9810E-03  1.8752E+40  0.0000E+00  1.8752E+40  1.2583E+35
  4.4670E-03  1.1960E+42  0.0000E+00  1.1948E+42  1.1531E+39
  5.0120E-03  4.7418E+41  0.0000E+00  4.7413E+41  5.3988E+37
  5.6230E-03  1.9186E+41  0.0000E+00  1.9185E+41  2.5953E+36
  5.9570E-03  1.2584E+41  0.0000E+00  1.2584E+41  6.0952E+35
  6.6830E-03  6.0760E+40  0.0000E+00  6.0760E+40  4.6253E+34
  7.4990E-03  3.4549E+40  0.0000E+00  3.4549E+40  6.1116E+33
  8.4140E-03  1.8965E+40  0.0000E+00  1.8965E+40  5.4476E+32
  9.4410E-03  1.1526E+40  0.0000E+00  1.1526E+40  7.9363E+31
  1.0590E-02  7.9846E+39  0.0000E+00  7.9846E+39  3.4032E+31
  1.1890E-02  5.3534E+39  0.0000E+00  5.3534E+39  3.8304E+30
  1.3340E-02  3.5697E+39  0.0000E+00  3.5697E+39  7.5772E+29
  1.4960E-02  2.3217E+39  0.0000E+00  2.3217E+39  9.5244E+28
  1.6790E-02  1.5324E+39  0.0000E+00  1.5324E+39  1.4545E+28
  1.8840E-02  1.0354E+39  0.0000E+00  1.0354E+39  2.8525E+27
  2.1130E-02  7.1782E+38  0.0000E+00  7.1782E+38  4.4941E+26
  2.3710E-02  4.8837E+38  0.0000E+00  4.8837E+38  6.5461E+25
  2.6610E-02  3.2410E+38  0.0000E+00  3.2410E+38  7.9339E+24
  2.9850E-02  2.1569E+38  0.0000E+00  2.1569E+38  9.9367E+23
  3.3500E-02  1.4341E+38  4.5887E-88  1.4341E+38  1.2000E+23
  3.7580E-02  1.3705E+38  3.4950E-75  1.3705E+38  7.4453E+22
  4.2170E-02  1.2232E+38  2.2988E-64  1.2232E+38  8.7514E+21
  4.7320E-02  5.6200E+37  7.2889E-56  5.6200E+37  4.8945E+19
  5.3090E-02  2.4899E+37  6.6850E-49  2.4899E+37  9.0104E+16
  6.6830E-02  2.0300E+36  2.2340E-42  2.0300E+36  1.1767E+06
  7.4990E-02  4.2970E+35  1.3263E-41  4.2970E+35  1.3221E-01
  8.4140E-02  5.4688E+35  1.8015E-34  5.4688E+35  6.8313E+00
  9.4410E-02  6.9421E+35  2.0519E-28  6.9421E+35  1.0509E+02
  1.0590E-01  1.9987E+36  5.7472E-20  1.9987E+36  6.7773E+06
  1.1890E-01  5.5482E+36  1.5896E-11  5.5482E+36  1.8180E+12
  1.3340E-01  1.7845E+37  6.8129E-05  1.7845E+37  1.4951E+16
  1.4960E-01  5.0997E+37  1.0669E+01  5.0997E+37  4.7030E+18
  1.5850E-01  5.9844E+37  7.7459E+02  5.9844E+37  1.2759E+19
  1.7780E-01  2.6967E+37  9.1237E+04  2.6967E+37  1.7895E+18
  1.9950E-01  2.8221E+36  3.9795E+03  2.8221E+36  3.7212E+13
  2.2390E-01  1.4588E+36  2.3541E+03  1.4588E+36  5.0728E+10
  2.3710E-01  3.8038E+36  1.1177E+07  3.8038E+36  1.2388E+14
  2.5120E-01  9.9287E+36  6.1435E+10  9.9287E+36  4.2321E+17
  2.6610E-01  1.9885E+37  3.5041E+13  1.9885E+37  1.0247E+20
  2.8180E-01  3.3625E+37  5.0768E+15  3.3625E+37  5.3046E+21
  2.9850E-01  5.2316E+37  3.3090E+17  5.2316E+37  1.1772E+23
  3.1620E-01  8.0425E+37  1.4762E+19  8.0425E+37  1.8825E+24
  3.3500E-01  1.2111E+38  4.9412E+20  1.2111E+38  2.3772E+25
  3.5480E-01  1.7507E+38  1.2054E+22  1.7507E+38  2.2866E+26
  3.7580E-01  2.5059E+38  2.6416E+23  2.5059E+38  2.1174E+27
  3.9810E-01  3.5329E+38  4.4941E+24  3.5329E+38  1.5999E+28
  4.2170E-01  5.1395E+38  8.0462E+25  5.1395E+38  1.4140E+29
  4.4670E-01  7.5565E+38  1.2446E+27  7.5565E+38  1.1483E+30
  4.7320E-01  1.1136E+39  1.7325E+28  1.1136E+39  8.8324E+30
  5.0120E-01  1.6373E+39  2.1337E+29  1.6373E+39  6.2894E+31
  5.3090E-01  2.4407E+39  2.5195E+30  2.4407E+39  4.5228E+32
  5.6230E-01  3.6037E+39  2.4421E+31  3.6037E+39  2.7470E+33
  5.9570E-01  5.3054E+39  2.0698E+32  5.3054E+39  1.5052E+34
  6.3100E-01  7.8757E+39  1.6142E+33  7.8756E+39  7.9060E+34
  6.6830E-01  1.1728E+40  1.1572E+34  1.1728E+40  3.9676E+35
  7.0790E-01  1.7564E+40  7.5221E+34  1.7562E+40  1.8640E+36
  7.4990E-01  2.6006E+40  4.2609E+35  2.5998E+40  7.8204E+36
  7.9430E-01  3.8454E+40  2.2018E+36  3.8421E+40  3.0849E+37
  8.4140E-01  5.6642E+40  1.0523E+37  5.6516E+40  1.1564E+38
  8.9130E-01  8.4336E+40  4.8663E+37  8.3855E+40  4.3217E+38
  9.4410E-01  1.2405E+41  2.0567E+38  1.2234E+41  1.5072E+39
  1.0000E+00  1.7814E+41  7.6762E+38  1.7267E+41  4.7078E+39
  1.0590E+00  2.5308E+41  2.5650E+39  2.3716E+41  1.3360E+40
  1.1220E+00  3.6136E+41  7.8668E+39  3.1832E+41  3.5173E+40
  1.1890E+00  5.2670E+41  2.2403E+40  4.1736E+41  8.6939E+40
  1.2590E+00  8.0106E+41  6.0015E+40  5.3547E+41  2.0557E+41
  1.3340E+00  1.2610E+42  1.4747E+41  6.6428E+41  4.4929E+41
  1.4130E+00  2.0119E+42  3.2600E+41  7.9238E+41  8.9353E+41
  1.4960E+00  3.2196E+42  6.6024E+41  9.1303E+41  1.6464E+42
  1.5850E+00  5.1219E+42  1.2491E+42  1.0194E+42  2.8534E+42
  1.6790E+00  8.0346E+42  2.2221E+42  1.1046E+42  4.7079E+42
  1.7780E+00  1.2297E+43  3.7234E+42  1.1595E+42  7.4145E+42
  1.8840E+00  1.8180E+43  5.8854E+42  1.1761E+42  1.1118E+43
  1.9950E+00  2.5814E+43  8.7640E+42  1.1523E+42  1.5897E+43
  2.1130E+00  3.5055E+43  1.2312E+43  1.0899E+42  2.1653E+43
  2.2390E+00  4.5486E+43  1.6344E+43  9.9622E+41  2.8146E+43
  2.3710E+00  5.6511E+43  2.0569E+43  8.8234E+41  3.5059E+43
  2.5120E+00  6.7361E+43  2.4671E+43  7.5927E+41  4.1930E+43
  2.6610E+00  7.7410E+43  2.8343E+43  6.3719E+41  4.8430E+43
  2.8180E+00  8.6182E+43  3.1356E+43  5.2323E+41  5.4302E+43
  2.9850E+00  9.3293E+43  3.3591E+43  4.2159E+41  5.9280E+43
  3.1620E+00  9.8648E+43  3.5009E+43  3.3437E+41  6.3305E+43
  3.3500E+00  1.0209E+44  3.5676E+43  2.6156E+41  6.6147E+43
  3.5480E+00  1.0402E+44  3.5680E+43  2.0251E+41  6.8135E+43
  3.7580E+00  1.0446E+44  3.5142E+43  1.5527E+41  6.9161E+43
  3.9810E+00  1.0361E+44  3.4163E+43  1.1808E+41  6.9324E+43
  4.2170E+00  1.0171E+44  3.2861E+43  8.9192E+40  6.8763E+43
  4.4670E+00  9.8992E+43  3.1335E+43  6.6976E+40  6.7590E+43
  4.7320E+00  9.5564E+43  2.9651E+43  4.9983E+40  6.5863E+43
  5.0120E+00  9.1761E+43  2.7880E+43  3.7171E+40  6.3844E+43
  5.3090E+00  8.5551E+43  2.6048E+43  2.6897E+40  5.9476E+43
  5.6230E+00  7.8863E+43  2.4211E+43  1.9255E+40  5.4633E+43
  5.9570E+00  7.1908E+43  2.2410E+43  1.3641E+40  4.9484E+43
  6.3100E+00  6.4997E+43  2.0594E+43  9.5678E+39  4.4394E+43
  6.6830E+00  5.8470E+43  1.9066E+43  6.6656E+39  3.9397E+43
  7.0790E+00  5.2226E+43  1.7542E+43  4.5840E+39  3.4679E+43
  7.4990E+00  4.5318E+43  1.5915E+43  3.0626E+39  2.9401E+43
  7.9430E+00  3.4919E+43  1.3568E+43  1.9286E+39  2.1349E+43
  8.4140E+00  2.3228E+43  1.0507E+43  1.2082E+39  1.2719E+43
  8.9130E+00  1.5468E+43  7.9941E+42  8.1526E+38  7.4730E+42
  9.4410E+00  1.0503E+43  6.0805E+42  6.2068E+38  4.4214E+42
  1.0000E+01  1.0657E+43  6.2967E+42  5.0432E+38  4.3602E+42
  1.0590E+01  1.1342E+43  6.7293E+42  4.0597E+38  4.6127E+42
  1.1220E+01  1.2177E+43  7.1929E+42  3.0515E+38  4.9840E+42
  1.1890E+01  1.2235E+43  7.2365E+42  2.2172E+38  4.9979E+42
  1.2590E+01  1.1995E+43  7.1564E+42  1.5614E+38  4.8382E+42
  1.3340E+01  1.1396E+43  6.9204E+42  1.0658E+38  4.4751E+42
  1.4130E+01  1.0520E+43  6.6100E+42  7.0651E+37  3.9095E+42
  1.4960E+01  9.4037E+42  6.2840E+42  4.7834E+37  3.1196E+42
  1.5850E+01  8.4249E+42  6.0120E+42  3.4019E+37  2.4129E+42
  1.6790E+01  7.6550E+42  5.8052E+42  2.5475E+37  1.8498E+42
  1.7780E+01  7.1312E+42  5.6852E+42  1.9966E+37  1.4460E+42
  1.8840E+01  6.8404E+42  5.6622E+42  1.5926E+37  1.1782E+42
  1.9950E+01  6.7093E+42  5.7034E+42  1.2470E+37  1.0060E+42
  2.1130E+01  6.6177E+42  5.7562E+42  9.5020E+36  8.6144E+41
  2.2390E+01  6.5301E+42  5.8018E+42  7.2295E+36  7.2833E+41
  2.3710E+01  6.4448E+42  5.8323E+42  5.4862E+36  6.1242E+41
  2.5120E+01  6.3334E+42  5.8228E+42  4.1607E+36  5.1059E+41
  2.6610E+01  6.1859E+42  5.7618E+42  3.1334E+36  4.2406E+41
  2.8180E+01  5.9859E+42  5.6348E+42  2.3484E+36  3.5107E+41
  2.9850E+01  5.7195E+42  5.4300E+42  1.7446E+36  2.8943E+41
  3.1620E+01  5.3838E+42  5.1458E+42  1.2791E+36  2.3807E+41
  3.3500E+01  4.9826E+42  4.7873E+42  9.2437E+35  1.9533E+41
  3.5480E+01  4.5308E+42  4.3706E+42  6.5806E+35  1.6014E+41
  3.7580E+01  4.0458E+42  3.9147E+42  4.6089E+35  1.3111E+41
  3.9810E+01  3.5456E+42  3.4383E+42  3.1749E+35  1.0723E+41
  4.2170E+01  3.0542E+42  2.9666E+42  2.1518E+35  8.7625E+40
  4.4670E+01  2.5890E+42  2.5175E+42  1.4348E+35  7.1508E+40
  4.7320E+01  2.1628E+42  2.1045E+42  9.4296E+34  5.8254E+40
  5.0120E+01  1.7829E+42  1.7355E+42  6.1168E+34  4.7407E+40
  5.3090E+01  1.4512E+42  1.4127E+42  3.9190E+34  3.8504E+40
  5.6230E+01  1.1685E+42  1.1372E+42  2.4843E+34  3.1234E+40
  5.9570E+01  9.3070E+41  9.0543E+41  1.5583E+34  2.5271E+40
  6.3100E+01  7.3491E+41  7.1448E+41  9.6944E+33  2.0427E+40
  6.6830E+01  5.7581E+41  5.5932E+41  5.9874E+33  1.6494E+40
  7.0790E+01  4.4788E+41  4.3458E+41  3.6725E+33  1.3294E+40
  7.4990E+01  3.4601E+41  3.3531E+41  2.2388E+33  1.0698E+40
  7.9430E+01  2.6584E+41  2.5724E+41  1.3582E+33  8.6022E+39
  8.4140E+01  2.0317E+41  1.9626E+41  8.1991E+32  6.9077E+39
  8.9130E+01  1.5463E+41  1.4909E+41  4.9330E+32  5.5411E+39
  9.4410E+01  1.1725E+41  1.1281E+41  2.9585E+32  4.4422E+39
  1.0000E+02  8.8578E+40  8.5019E+40  1.7689E+32  3.5588E+39
  1.0590E+02  6.6773E+40  6.3922E+40  1.0562E+32  2.8511E+39
  1.1220E+02  5.0207E+40  4.7929E+40  6.2914E+31  2.2786E+39
  1.1890E+02  3.7749E+40  3.5931E+40  3.7494E+31  1.8184E+39
  1.2590E+02  2.8528E+40  2.7073E+40  2.2475E+31  1.4547E+39
  1.3340E+02  2.1608E+40  2.0447E+40  1.3525E+31  1.1602E+39
  1.4130E+02  1.6224E+40  1.5298E+40  8.1047E+30  9.2619E+38
  1.4960E+02  1.1923E+40  1.1182E+40  4.7556E+30  7.4064E+38
  1.5850E+02  8.6959E+39  8.1055E+39  2.7647E+30  5.9039E+38
  1.7780E+02  4.6686E+39  4.2929E+39  9.4338E+29  3.7573E+38
  1.9950E+02  2.5126E+39  2.2740E+39  3.2369E+29  2.3859E+38
  2.2390E+02  1.3509E+39  1.1996E+39  1.1139E+29  1.5123E+38
  2.5120E+02  7.2665E+38  6.3074E+38  3.8501E+28  9.5912E+37
  2.8180E+02  3.9103E+38  3.3022E+38  1.3368E+28  6.0810E+37
  3.1620E+02  2.1054E+38  1.7204E+38  4.6628E+27  3.8500E+37
  3.5480E+02  1.1367E+38  8.9304E+37  1.6368E+27  2.4362E+37
  3.9810E+02  6.1613E+37  4.6201E+37  5.7920E+26  1.5412E+37
  4.4670E+02  3.3572E+37  2.3827E+37  2.0670E+26  9.7454E+36
  5.0120E+02  1.8420E+37  1.2258E+37  7.4474E+25  6.1620E+36
  5.6230E+02  1.0190E+37  6.2931E+36  2.7098E+25  3.8966E+36
  6.3100E+02  5.6819E+36  3.2209E+36  9.9498E+24  2.4610E+36
  7.0790E+02  3.2028E+36  1.6470E+36  3.6929E+24  1.5558E+36
  7.9430E+02  1.8228E+36  8.4004E+35  1.3823E+24  9.8277E+35
  8.9130E+02  1.0482E+36  4.2764E+35  5.2177E+23  6.2053E+35
  1.0000E+03  6.0950E+35  2.1748E+35  1.9865E+23  3.9201E+35
