  1.0000E-03  1.0044E+45  0.0000E+00  1.2781E+44  8.7662E+44
  1.1220E-03  1.1178E+45  0.0000E+00  1.3425E+44  9.8357E+44
  1.2590E-03  1.2424E+45  0.0000E+00  1.3873E+44  1.1037E+45
  1.4130E-03  1.3803E+45  0.0000E+00  1.4161E+44  1.2387E+45
  1.5850E-03  1.5371E+45  0.0000E+00  1.4765E+44  1.3894E+45
  1.7780E-03  1.7436E+45  0.0000E+00  1.8497E+44  1.5586E+45
  1.9950E-03  1.9420E+45  0.0000E+00  1.9320E+44  1.7488E+45
  2.2390E-03  2.1557E+45  0.0000E+00  1.9300E+44  1.9627E+45
  2.5120E-03  2.4524E+45  0.0000E+00  2.5038E+44  2.2020E+45
  2.8180E-03  2.7274E+45  0.0000E+00  2.5715E+44  2.4702E+45
  3.1620E-03  3.0310E+45  0.0000E+00  2.5914E+44  2.7718E+45
  3.5480E-03  3.3680E+45  0.0000E+00  2.5771E+44  3.1103E+45
  3.9810E-03  3.7426E+45  0.0000E+00  2.5279E+44  3.4898E+45
  4.4670E-03  4.3923E+45  0.0000E+00  4.7643E+44  3.9158E+45
  5.0120E-03  4.9510E+45  0.0000E+00  5.5743E+44  4.3936E+45
  5.6230E-03  5.5696E+45  0.0000E+00  6.4039E+44  4.9292E+45
  5.9570E-03  5.9039E+45  0.0000E+00  6.8188E+44  5.2220E+45
  6.6830E-03  6.6223E+45  0.0000E+00  7.6376E+44  5.8585E+45
  7.4990E-03  7.4299E+45  0.0000E+00  8.5608E+44  6.5738E+45
  8.4140E-03  8.3158E+45  0.0000E+00  9.4000E+44  7.3758E+45
  9.4410E-03  9.2997E+45  0.0000E+00  1.0236E+45  8.2761E+45
  1.0590E-02  1.0387E+46  0.0000E+00  1.1034E+45  9.2833E+45
  1.1890E-02  1.1643E+46  0.0000E+00  1.2205E+45  1.0423E+46
  1.3340E-02  1.3009E+46  0.0000E+00  1.3148E+45  1.1694E+46
  1.4960E-02  1.4531E+46  0.0000E+00  1.4170E+45  1.3114E+46
  1.6790E-02  1.6239E+46  0.0000E+00  1.5207E+45  1.4718E+46
  1.8840E-02  1.8144E+46  0.0000E+00  1.6285E+45  1.6515E+46
  2.1130E-02  2.0278E+46  0.0000E+00  1.7546E+45  1.8524E+46
  2.3710E-02  2.2668E+46  0.0000E+00  1.8831E+45  2.0785E+46
  2.6610E-02  2.5342E+46  0.0000E+00  2.0152E+45  2.3326E+46
  2.9850E-02  2.8317E+46  1.5931E-82  2.1506E+45  2.6166E+46
  3.3500E-02  3.1649E+46  1.0195E-67  2.2819E+45  2.9367E+46
  3.7580E-02  3.5386E+46  1.2795E-54  2.4437E+45  3.2942E+46
  4.2170E-02  3.9991E+46  5.5641E-43  3.0242E+45  3.6967E+46
  4.7320E-02  4.4718E+46  1.4740E-32  3.2360E+45  4.1482E+46
  5.3090E-02  4.6339E+46  2.6581E-23  3.1262E+45  4.3212E+46
  6.6830E-02  4.3576E+46  9.5259E-08  2.3078E+45  4.1268E+46
  7.4990E-02  4.2201E+46  3.0603E-01  1.8722E+45  4.0328E+46
  8.4140E-02  4.1301E+46  1.5933E+05  1.8904E+45  3.9410E+46
  9.4410E-02  4.0444E+46  1.8857E+10  1.9317E+45  3.8513E+46
  1.0590E-01  3.7182E+46  5.2625E+14  2.1262E+45  3.5055E+46
  1.1890E-01  3.1456E+46  4.0988E+18  1.9889E+45  2.9467E+46
  1.3340E-01  2.6582E+46  8.7041E+21  1.7863E+45  2.4795E+46
  1.4960E-01  2.2183E+46  1.0046E+25  1.3044E+45  2.0878E+46
  1.5850E-01  2.0230E+46  2.9572E+26  1.0852E+45  1.9145E+46
  1.7780E-01  1.6977E+46  1.5093E+29  8.6280E+44  1.6114E+46
  1.9950E-01  1.4187E+46  4.2649E+31  6.2941E+44  1.3558E+46
  2.2390E-01  1.1950E+46  4.9929E+33  5.4684E+44  1.1403E+46
  2.3710E-01  1.1076E+46  3.3907E+34  6.1145E+44  1.0464E+46
  2.5120E-01  1.0235E+46  1.9816E+35  6.3892E+44  9.5958E+45
  2.6610E-01  9.4189E+45  1.0750E+36  6.1769E+44  8.8012E+45
  2.8180E-01  8.6535E+45  5.3265E+36  5.7748E+44  8.0761E+45
  2.9850E-01  7.9446E+45  2.4004E+37  5.3668E+44  7.4079E+45
  3.1620E-01  7.2970E+45  9.7095E+37  5.0233E+44  6.7947E+45
  3.3500E-01  6.7012E+45  3.5816E+38  4.7034E+44  6.2308E+45
  3.5480E-01  6.1564E+45  1.2084E+39  4.3989E+44  5.7165E+45
  3.7580E-01  5.6560E+45  3.7681E+39  4.1181E+44  5.2442E+45
  3.9810E-01  5.1962E+45  1.0818E+40  3.8641E+44  4.8097E+45
  4.2170E-01  4.7758E+45  2.8526E+40  3.6418E+44  4.4116E+45
  4.4670E-01  4.3912E+45  6.9697E+40  3.4451E+44  4.0466E+45
  4.7320E-01  4.0374E+45  1.6008E+41  3.2575E+44  3.7115E+45
  5.0120E-01  3.7126E+45  3.4665E+41  3.0750E+44  3.4048E+45
  5.3090E-01  3.4140E+45  7.1143E+41  2.9010E+44  3.1232E+45
  5.6230E-01  3.1402E+45  1.3825E+42  2.7365E+44  2.8651E+45
  5.9570E-01  2.8881E+45  2.5611E+42  2.5797E+44  2.6276E+45
  6.3100E-01  2.6578E+45  4.5185E+42  2.4300E+44  2.4103E+45
  6.6830E-01  2.4476E+45  7.6052E+42  2.2862E+44  2.2114E+45
  7.0790E-01  2.2558E+45  1.2263E+43  2.1507E+44  2.0284E+45
  7.4990E-01  2.0814E+45  1.8977E+43  2.0200E+44  1.8605E+45
  7.9430E-01  1.9242E+45  2.8217E+43  1.8939E+44  1.7066E+45
  8.4140E-01  1.7833E+45  4.0477E+43  1.7749E+44  1.5653E+45
  8.9130E-01  1.6581E+45  5.6159E+43  1.6622E+44  1.4357E+45
  9.4410E-01  1.5482E+45  7.5417E+43  1.5576E+44  1.3170E+45
  1.0000E+00  1.4524E+45  9.8260E+43  1.4598E+44  1.2081E+45
  1.0590E+00  1.3700E+45  1.2443E+44  1.3696E+44  1.1086E+45
  1.1220E+00  1.2990E+45  1.5407E+44  1.2841E+44  1.0165E+45
  1.1890E+00  1.2388E+45  1.8679E+44  1.2017E+44  9.3183E+44
  1.2590E+00  1.1881E+45  2.2090E+44  1.1203E+44  8.5520E+44
  1.3340E+00  1.1448E+45  2.5638E+44  1.0431E+44  7.8411E+44
  1.4130E+00  1.1075E+45  2.9104E+44  9.7188E+43  7.1927E+44
  1.4960E+00  1.0747E+45  3.2402E+44  9.0434E+43  6.6026E+44
  1.5850E+00  1.0450E+45  3.5579E+44  8.3824E+43  6.0543E+44
  1.6790E+00  1.0164E+45  3.8388E+44  7.7197E+43  5.5530E+44
  1.7780E+00  9.8688E+44  4.0688E+44  7.0424E+43  5.0957E+44
  1.8840E+00  9.5614E+44  4.2541E+44  6.3542E+43  4.6719E+44
  1.9950E+00  9.2331E+44  4.3793E+44  5.6631E+43  4.2875E+44
  2.1130E+00  8.8809E+44  4.4493E+44  4.9833E+43  3.9333E+44
  2.2390E+00  8.4990E+44  4.4602E+44  4.3279E+43  3.6061E+44
  2.3710E+00  8.0908E+44  4.4107E+44  3.7096E+43  3.3092E+44
  2.5120E+00  7.6620E+44  4.3134E+44  3.1417E+43  3.0344E+44
  2.6610E+00  7.2148E+44  4.1687E+44  2.6290E+43  2.7832E+44
  2.8180E+00  6.7517E+44  3.9805E+44  2.1735E+43  2.5538E+44
  2.9850E+00  6.2820E+44  3.7618E+44  1.7762E+43  2.3426E+44
  3.1620E+00  5.8094E+44  3.5172E+44  1.4352E+43  2.1487E+44
  3.3500E+00  5.3525E+44  3.2674E+44  1.1472E+43  1.9704E+44
  3.5480E+00  4.9011E+44  3.0026E+44  9.0739E+42  1.8078E+44
  3.7580E+00  4.4685E+44  2.7391E+44  7.1031E+42  1.6583E+44
  3.9810E+00  4.0572E+44  2.4812E+44  5.5054E+42  1.5210E+44
  4.2170E+00  3.6699E+44  2.2325E+44  4.2277E+42  1.3951E+44
  4.4670E+00  3.3085E+44  1.9967E+44  3.2181E+42  1.2796E+44
  4.7320E+00  2.9763E+44  1.7783E+44  2.4281E+42  1.1737E+44
  5.0120E+00  2.6765E+44  1.5792E+44  1.8197E+42  1.0791E+44
  5.3090E+00  2.3721E+44  1.3985E+44  1.3361E+42  9.6024E+43
  5.6230E+00  2.0955E+44  1.2378E+44  9.7077E+41  8.4805E+43
  5.9570E+00  1.8468E+44  1.0967E+44  6.9849E+41  7.4316E+43
  6.3100E+00  1.6180E+44  9.6591E+43  4.9717E+41  6.4710E+43
  6.6830E+00  1.4227E+44  8.5906E+43  3.5231E+41  5.6014E+43
  7.0790E+00  1.2442E+44  7.5981E+43  2.4628E+41  4.8190E+43
  7.4990E+00  1.1222E+44  7.0818E+43  1.6913E+41  4.1229E+43
  7.9430E+00  1.1731E+44  8.2086E+43  1.1459E+41  3.5109E+43
  8.4140E+00  1.3774E+44  1.0790E+44  8.0054E+40  2.9752E+43
  8.9130E+00  1.5180E+44  1.2664E+44  5.9670E+40  2.5104E+43
  9.4410E+00  1.5895E+44  1.3780E+44  4.9734E+40  2.1101E+43
  1.0000E+01  1.3011E+44  1.1240E+44  3.8756E+40  1.7671E+43
  1.0590E+01  1.0167E+44  8.6886E+43  2.9662E+40  1.4758E+43
  1.1220E+01  7.6784E+43  6.4495E+43  2.1379E+40  1.2267E+43
  1.1890E+01  5.9155E+43  4.8980E+43  1.5268E+40  1.0159E+43
  1.2590E+01  4.6348E+43  3.7926E+43  1.0711E+40  8.4119E+42
  1.3340E+01  3.7201E+43  3.0261E+43  7.3684E+39  6.9319E+42
  1.4130E+01  3.1480E+43  2.5770E+43  4.9658E+39  5.7050E+42
  1.4960E+01  2.9310E+43  2.4614E+43  3.4293E+39  4.6919E+42
  1.5850E+01  2.8114E+43  2.4270E+43  2.4803E+39  3.8414E+42
  1.6790E+01  2.7290E+43  2.4147E+43  1.8819E+39  3.1409E+42
  1.7780E+01  2.6272E+43  2.3704E+43  1.4948E+39  2.5663E+42
  1.8840E+01  2.4692E+43  2.2602E+43  1.2179E+39  2.0888E+42
  1.9950E+01  2.2713E+43  2.1011E+43  9.8644E+38  1.7013E+42
  2.1130E+01  2.1026E+43  1.9643E+43  7.8309E+38  1.3827E+42
  2.2390E+01  1.9765E+43  1.8644E+43  6.2233E+38  1.1203E+42
  2.3710E+01  1.8787E+43  1.7878E+43  4.9380E+38  9.0864E+41
  2.5120E+01  1.7953E+43  1.7217E+43  3.9189E+38  7.3479E+41
  2.6610E+01  1.7168E+43  1.6574E+43  3.0891E+38  5.9383E+41
  2.8180E+01  1.6376E+43  1.5896E+43  2.4225E+38  4.7994E+41
  2.9850E+01  1.5515E+43  1.5127E+43  1.8835E+38  3.8717E+41
  3.1620E+01  1.4551E+43  1.4239E+43  1.4460E+38  3.1199E+41
  3.3500E+01  1.3483E+43  1.3231E+43  1.0948E+38  2.5106E+41
  3.5480E+01  1.2332E+43  1.2130E+43  8.1706E+37  2.0210E+41
  3.7580E+01  1.1117E+43  1.0955E+43  6.0037E+37  1.6253E+41
  3.9810E+01  9.8601E+42  9.7295E+42  4.3414E+37  1.3054E+41
  4.2170E+01  8.6155E+42  8.5107E+42  3.0883E+37  1.0479E+41
  4.4670E+01  7.4208E+42  7.3367E+42  2.1599E+37  8.4074E+40
  4.7320E+01  6.3074E+42  6.2400E+42  1.4871E+37  6.7400E+40
  5.0120E+01  5.2944E+42  5.2404E+42  1.0088E+37  5.4034E+40
  5.3090E+01  4.3900E+42  4.3467E+42  6.7466E+36  4.3282E+40
  5.6230E+01  3.6010E+42  3.5663E+42  4.4539E+36  3.4667E+40
  5.9570E+01  2.9213E+42  2.8936E+42  2.9026E+36  2.7728E+40
  6.3100E+01  2.3482E+42  2.3260E+42  1.8711E+36  2.2180E+40
  6.6830E+01  1.8714E+42  1.8536E+42  1.1941E+36  1.7744E+40
  7.0790E+01  1.4795E+42  1.4653E+42  7.5494E+35  1.4183E+40
  7.4990E+01  1.1606E+42  1.1493E+42  4.7309E+35  1.1329E+40
  7.9430E+01  9.0449E+41  8.9544E+41  2.9427E+35  9.0505E+39
  8.4140E+01  7.0046E+41  6.9323E+41  1.8169E+35  7.2256E+39
  8.9130E+01  5.3969E+41  5.3392E+41  1.1154E+35  5.7665E+39
  9.4410E+01  4.1375E+41  4.0915E+41  6.8090E+34  4.6021E+39
  1.0000E+02  3.1571E+41  3.1203E+41  4.1347E+34  3.6722E+39
  1.0590E+02  2.4009E+41  2.3716E+41  2.5018E+34  2.9317E+39
  1.1220E+02  1.8193E+41  1.7960E+41  1.5071E+34  2.3358E+39
  1.1890E+02  1.3768E+41  1.3582E+41  9.0644E+33  1.8590E+39
  1.2590E+02  1.0455E+41  1.0307E+41  5.4708E+33  1.4838E+39
  1.3340E+02  7.9476E+40  7.8295E+40  3.3093E+33  1.1811E+39
  1.4130E+02  5.9885E+40  5.8944E+40  1.9908E+33  9.4117E+38
  1.4960E+02  4.4203E+40  4.3452E+40  1.1715E+33  7.5121E+38
  1.5850E+02  3.2362E+40  3.1764E+40  6.8184E+32  5.9781E+38
  1.7780E+02  1.7435E+40  1.7055E+40  2.3170E+32  3.7942E+38
  1.9950E+02  9.3739E+39  9.1334E+39  7.8569E+31  2.4043E+38
  2.2390E+02  5.0145E+39  4.8623E+39  2.6521E+31  1.5216E+38
  2.5120E+02  2.6725E+39  2.5762E+39  8.9209E+30  9.6376E+37
  2.8180E+02  1.4186E+39  1.3575E+39  2.9896E+30  6.1043E+37
  3.1620E+02  7.4984E+38  7.1122E+38  9.9800E+29  3.8617E+37
  3.5480E+02  3.9541E+38  3.7098E+38  3.3238E+29  2.4421E+37
  3.9810E+02  2.0817E+38  1.9273E+38  1.1059E+29  1.5442E+37
  4.4670E+02  1.0951E+38  9.9747E+37  3.6784E+28  9.7603E+36
  5.0120E+02  5.7642E+37  5.1472E+37  1.2249E+28  6.1695E+36
  5.6230E+02  3.0396E+37  2.6496E+37  4.0877E+27  3.9003E+36
  6.3100E+02  1.6055E+37  1.3592E+37  1.3676E+27  2.4629E+36
  7.0790E+02  8.5207E+36  6.9639E+36  4.6008E+26  1.5568E+36
  7.9430E+02  4.5413E+36  3.5581E+36  1.5554E+26  9.8325E+35
  8.9130E+02  2.4348E+36  1.8140E+36  5.2935E+25  6.2077E+35
  1.0000E+03  1.3159E+36  9.2374E+35  1.8176E+25  3.9214E+35
