  1.0000E-03  9.6279E+43  0.0000E+00  4.6591E+42  9.1620E+43
  1.1220E-03  6.2576E+43  0.0000E+00  4.5110E+42  5.8065E+43
  1.2590E-03  3.9579E+43  0.0000E+00  4.0800E+42  3.5499E+43
  1.4130E-03  2.4610E+43  0.0000E+00  3.4720E+42  2.1138E+43
  1.5850E-03  1.6762E+43  0.0000E+00  2.9229E+42  1.3839E+43
  1.7780E-03  1.5921E+43  0.0000E+00  3.0173E+42  1.2904E+43
  1.9950E-03  7.2171E+42  0.0000E+00  2.1814E+42  5.0356E+42
  2.2390E-03  4.0273E+42  0.0000E+00  1.5078E+42  2.5194E+42
  2.5120E-03  3.4781E+42  0.0000E+00  1.4968E+42  1.9813E+42
  2.8180E-03  1.4100E+42  0.0000E+00  9.1635E+41  4.9362E+41
  3.1620E-03  7.1414E+41  0.0000E+00  5.7058E+41  1.4356E+41
  3.5480E-03  4.0772E+41  0.0000E+00  3.6254E+41  4.5178E+40
  3.9810E-03  2.5624E+41  0.0000E+00  2.4026E+41  1.5981E+40
  4.4670E-03  8.9291E+42  0.0000E+00  7.1817E+42  1.7475E+42
  5.0120E-03  4.2384E+42  0.0000E+00  3.8510E+42  3.8736E+41
  5.6230E-03  2.1005E+42  0.0000E+00  2.0134E+42  8.7071E+40
  5.9570E-03  1.5114E+42  0.0000E+00  1.4686E+42  4.2764E+40
  6.6830E-03  8.4688E+41  0.0000E+00  8.3474E+41  1.2139E+40
  7.4990E-03  5.2728E+41  0.0000E+00  5.2270E+41  4.5790E+39
  8.4140E-03  3.1950E+41  0.0000E+00  3.1809E+41  1.4103E+39
  9.4410E-03  2.0752E+41  0.0000E+00  2.0696E+41  5.5872E+38
  1.0590E-02  1.4865E+41  0.0000E+00  1.4826E+41  3.8521E+38
  1.1890E-02  1.0276E+41  0.0000E+00  1.0262E+41  1.3367E+38
  1.3340E-02  7.1108E+40  0.0000E+00  7.1046E+40  6.1937E+37
  1.4960E-02  4.8024E+40  0.0000E+00  4.8001E+40  2.2735E+37
  1.6790E-02  3.2911E+40  0.0000E+00  3.2902E+40  9.2264E+36
  1.8840E-02  2.3061E+40  0.0000E+00  2.3057E+40  4.2573E+36
  2.1130E-02  1.6505E+40  0.0000E+00  1.6503E+40  1.7553E+36
  2.3710E-02  1.1745E+40  0.0000E+00  1.1744E+40  6.9534E+35
  2.6610E-02  8.2826E+39  0.0000E+00  8.2823E+39  2.5076E+35
  2.9850E-02  5.9317E+39  0.0000E+00  5.9316E+39  9.1984E+34
  3.3500E-02  4.3220E+39  4.2334E-77  4.3219E+39  3.3135E+34
  3.7580E-02  4.2727E+39  4.3458E-64  4.2727E+39  2.7449E+34
  4.2170E-02  4.1174E+39  8.7388E-53  4.1174E+39  9.7517E+33
  4.7320E-02  2.5898E+39  3.8097E-43  2.5898E+39  7.3507E+32
  5.3090E-02  1.7260E+39  8.1105E-35  1.7260E+39  3.0312E+31
  6.6830E-02  5.4942E+38  7.0882E-23  5.4942E+38  8.3225E+25
  7.4990E-02  2.5546E+38  1.1545E-18  2.5546E+38  2.3715E+22
  8.4140E-02  2.7491E+38  2.1631E-12  2.7491E+38  1.7410E+23
  9.4410E-02  3.0388E+38  6.2284E-07  3.0388E+38  6.8915E+23
  1.0590E-01  4.8714E+38  6.6413E-01  4.8714E+38  1.8389E+26
  1.1890E-01  6.5760E+38  3.4966E+05  6.5760E+38  9.7643E+28
  1.3340E-01  1.1077E+39  1.7099E+10  1.1077E+39  8.7965E+30
  1.4960E-01  2.3286E+39  1.4893E+14  2.3286E+39  1.5014E+32
  1.5850E-01  2.6196E+39  6.3053E+15  2.6196E+39  2.3916E+32
  1.7780E-01  1.1872E+39  1.7145E+18  1.1872E+39  8.1881E+31
  1.9950E-01  2.6502E+38  1.3123E+19  2.6502E+38  3.1674E+29
  2.2390E-01  2.0920E+38  1.6668E+20  2.0920E+38  1.0293E+28
  2.3710E-01  3.3827E+38  1.5663E+22  3.3827E+38  5.2666E+29
  2.5120E-01  5.2470E+38  1.4747E+24  5.2470E+38  3.1960E+31
  2.6610E-01  7.3784E+38  5.3446E+25  7.3784E+38  5.0353E+32
  2.8180E-01  9.9885E+38  1.0521E+27  9.9884E+38  3.6172E+33
  2.9850E-01  1.3472E+39  1.4162E+28  1.3471E+39  1.6871E+34
  3.1620E-01  1.8702E+39  1.5350E+29  1.8701E+39  6.6590E+34
  3.3500E-01  2.6174E+39  1.4033E+30  2.6171E+39  2.3301E+35
  3.5480E-01  3.5938E+39  1.0703E+31  3.5931E+39  7.0989E+35
  3.7580E-01  4.9257E+39  7.4734E+31  4.9235E+39  2.1223E+36
  3.9810E-01  6.6995E+39  4.4915E+32  6.6938E+39  5.7167E+36
  4.2170E-01  9.3686E+39  2.6357E+33  9.3519E+39  1.6692E+37
  4.4670E-01  1.3199E+40  1.3988E+34  1.3152E+40  4.6667E+37
  4.7320E-01  1.8538E+40  6.8845E+34  1.8411E+40  1.2691E+38
  5.0120E-01  2.5802E+40  3.1254E+35  2.5469E+40  3.3184E+38
  5.3090E-01  3.6013E+40  1.3590E+36  3.5139E+40  8.7224E+38
  5.6230E-01  4.9632E+40  5.2879E+36  4.7524E+40  2.1029E+39
  5.9570E-01  6.8176E+40  1.8978E+37  6.3348E+40  4.8088E+39
  6.3100E-01  9.4827E+40  6.4211E+37  8.4000E+40  1.0763E+40
  6.6830E-01  1.3410E+41  2.0485E+38  1.1035E+41  2.3539E+40
  7.0790E-01  1.9493E+41  6.1370E+38  1.4456E+41  4.9758E+40
  7.4990E-01  2.8794E+41  1.6959E+39  1.8700E+41  9.9247E+40
  7.9430E-01  4.3698E+41  4.4146E+39  2.4078E+41  1.9179E+41
  8.4140E-01  6.7962E+41  1.0911E+40  3.0767E+41  3.6104E+41
  8.9130E-01  1.0987E+42  2.6186E+40  3.9399E+41  6.7852E+41
  9.4410E-01  1.7867E+42  5.9406E+40  4.9639E+41  1.2309E+42
  1.0000E+00  2.8447E+42  1.2536E+41  6.0870E+41  2.1107E+42
  1.0590E+00  4.4249E+42  2.4781E+41  7.3080E+41  3.4463E+42
  1.1220E+00  6.7396E+42  4.6563E+41  8.6114E+41  5.4129E+42
  1.1890E+00  1.0061E+43  8.3682E+41  9.9457E+41  8.2298E+42
  1.2590E+00  1.4811E+43  1.4463E+42  1.1261E+42  1.2238E+43
  1.3340E+00  2.1092E+43  2.3784E+42  1.2396E+42  1.7474E+43
  1.4130E+00  2.8786E+43  3.6806E+42  1.3233E+42  2.3782E+43
  1.4960E+00  3.7931E+43  5.4170E+42  1.3743E+42  3.1140E+43
  1.5850E+00  4.8566E+43  7.6751E+42  1.3903E+42  3.9500E+43
  1.6790E+00  6.0734E+43  1.0494E+43  1.3718E+42  4.8868E+43
  1.7780E+00  7.4232E+43  1.3861E+43  1.3186E+42  5.9053E+43
  1.8840E+00  8.8522E+43  1.7723E+43  1.2326E+42  6.9566E+43
  1.9950E+00  1.0306E+44  2.1913E+43  1.1219E+42  8.0024E+43
  2.1130E+00  1.1700E+44  2.6223E+43  9.9454E+41  8.9786E+43
  2.2390E+00  1.2958E+44  3.0378E+43  8.6023E+41  9.8341E+43
  2.3710E+00  1.4030E+44  3.4127E+43  7.2834E+41  1.0544E+44
  2.5120E+00  1.4860E+44  3.7297E+43  6.0499E+41  1.1070E+44
  2.6610E+00  1.5443E+44  3.9756E+43  4.9455E+41  1.1418E+44
  2.8180E+00  1.5789E+44  4.1452E+43  3.9874E+41  1.1603E+44
  2.9850E+00  1.5906E+44  4.2434E+43  3.1763E+41  1.1630E+44
  3.1620E+00  1.5827E+44  4.2753E+43  2.5045E+41  1.1527E+44
  3.3500E+00  1.5573E+44  4.2568E+43  1.9565E+41  1.1297E+44
  3.5480E+00  1.5200E+44  4.1910E+43  1.5178E+41  1.0994E+44
  3.7580E+00  1.4721E+44  4.0905E+43  1.1689E+41  1.0619E+44
  3.9810E+00  1.4160E+44  3.9608E+43  8.9426E+40  1.0190E+44
  4.2170E+00  1.3542E+44  3.8087E+43  6.8026E+40  9.7268E+43
  4.4670E+00  1.2886E+44  3.6393E+43  5.1462E+40  9.2418E+43
  4.7320E+00  1.2202E+44  3.4565E+43  3.8691E+40  8.7420E+43
  5.0120E+00  1.1525E+44  3.2646E+43  2.8977E+40  8.2571E+43
  5.3090E+00  1.0588E+44  3.0648E+43  2.1106E+40  7.5210E+43
  5.6230E+00  9.6399E+43  2.8619E+43  1.5202E+40  6.7765E+43
  5.9570E+00  8.7005E+43  2.6604E+43  1.0830E+40  6.0391E+43
  6.3100E+00  7.7927E+43  2.4531E+43  7.6353E+39  5.3389E+43
  6.6830E+00  6.9560E+43  2.2751E+43  5.3423E+39  4.6804E+43
  7.0790E+00  6.1692E+43  2.0951E+43  3.6882E+39  4.0738E+43
  7.4990E+00  5.3864E+43  1.9174E+43  2.4724E+39  3.4688E+43
  7.9430E+00  4.4457E+43  1.7240E+43  1.5656E+39  2.7215E+43
  8.4140E+00  3.4222E+43  1.4977E+43  9.9987E+38  1.9244E+43
  8.9130E+00  2.6375E+43  1.2893E+43  6.9664E+38  1.3482E+43
  9.4410E+00  2.0575E+43  1.1113E+43  5.5179E+38  9.4612E+42
  1.0000E+01  1.9477E+43  1.0859E+43  4.4156E+38  8.6167E+42
  1.0590E+01  1.8825E+43  1.0700E+43  3.4834E+38  8.1252E+42
  1.1220E+01  1.8205E+43  1.0477E+43  2.5699E+38  7.7276E+42
  1.1890E+01  1.6966E+43  9.9056E+42  1.8485E+38  7.0603E+42
  1.2590E+01  1.5623E+43  9.2886E+42  1.2912E+38  6.3344E+42
  1.3340E+01  1.4144E+43  8.6055E+42  8.7506E+37  5.5389E+42
  1.4130E+01  1.2694E+43  7.9941E+42  5.7627E+37  4.7003E+42
  1.4960E+01  1.1406E+43  7.5998E+42  3.8883E+37  3.8061E+42
  1.5850E+01  1.0337E+43  7.3103E+42  2.7543E+37  3.0264E+42
  1.6790E+01  9.4759E+42  7.0818E+42  2.0493E+37  2.3940E+42
  1.7780E+01  8.7867E+42  6.8746E+42  1.5878E+37  1.9121E+42
  1.8840E+01  8.2066E+42  6.6495E+42  1.2427E+37  1.5572E+42
  1.9950E+01  7.6808E+42  6.3814E+42  9.4804E+36  1.2994E+42
  2.1130E+01  7.1804E+42  6.0955E+42  7.0026E+36  1.0848E+42
  2.2390E+01  6.7032E+42  5.8048E+42  5.1438E+36  8.9841E+41
  2.3710E+01  6.2488E+42  5.5065E+42  3.7567E+36  7.4231E+41
  2.5120E+01  5.7908E+42  5.1810E+42  2.7341E+36  6.0978E+41
  2.6610E+01  5.3275E+42  4.8278E+42  1.9722E+36  4.9977E+41
  2.8180E+01  4.8564E+42  4.4475E+42  1.4145E+36  4.0894E+41
  2.9850E+01  4.3723E+42  4.0387E+42  1.0051E+36  3.3360E+41
  3.1620E+01  3.8813E+42  3.6097E+42  7.0516E+35  2.7167E+41
  3.3500E+01  3.3921E+42  3.1713E+42  4.8799E+35  2.2080E+41
  3.5480E+01  2.9194E+42  2.7400E+42  3.3324E+35  1.7942E+41
  3.7580E+01  2.4722E+42  2.3265E+42  2.2422E+35  1.4562E+41
  3.9810E+01  2.0583E+42  1.9403E+42  1.4862E+35  1.1805E+41
  4.2170E+01  1.6883E+42  1.5927E+42  9.7097E+34  9.5632E+40
  4.4670E+01  1.3658E+42  1.2884E+42  6.2521E+34  7.7395E+40
  4.7320E+01  1.0914E+42  1.0288E+42  3.9750E+34  6.2558E+40
  5.0120E+01  8.6270E+41  8.1216E+41  2.4992E+34  5.0538E+40
  5.3090E+01  6.7488E+41  6.3411E+41  1.5549E+34  4.0770E+40
  5.6230E+01  5.2352E+41  4.9065E+41  9.5900E+33  3.2867E+40
  5.9570E+01  4.0261E+41  3.7616E+41  5.8629E+33  2.6444E+40
  6.3100E+01  3.0768E+41  2.8641E+41  3.5620E+33  2.1266E+40
  6.6830E+01  2.3385E+41  2.1676E+41  2.1527E+33  1.7094E+40
  7.0790E+01  1.7683E+41  1.6311E+41  1.2945E+33  1.3721E+40
  7.4990E+01  1.3309E+41  1.2209E+41  7.7508E+32  1.1002E+40
  7.9430E+01  9.9841E+40  9.1022E+40  4.6280E+32  8.8185E+39
  8.4140E+01  7.4656E+40  6.7595E+40  2.7551E+32  7.0613E+39
  8.9130E+01  5.5711E+40  5.0061E+40  1.6377E+32  5.6502E+39
  9.4410E+01  4.1501E+40  3.6981E+40  9.7241E+31  4.5197E+39
  1.0000E+02  3.0865E+40  2.7251E+40  5.7677E+31  3.6138E+39
  1.0590E+02  2.2952E+40  2.0062E+40  3.4233E+31  2.8902E+39
  1.1220E+02  1.7051E+40  1.4744E+40  2.0299E+31  2.3064E+39
  1.1890E+02  1.2685E+40  1.0847E+40  1.2060E+31  1.8381E+39
  1.2590E+02  9.5005E+39  8.0316E+39  7.2153E+30  1.4689E+39
  1.3340E+02  7.1365E+39  5.9661E+39  4.3354E+30  1.1704E+39
  1.4130E+02  5.3294E+39  4.3959E+39  2.6025E+30  9.3349E+38
  1.4960E+02  3.9141E+39  3.1683E+39  1.5396E+30  7.4579E+38
  1.5850E+02  2.8601E+39  2.2661E+39  9.0495E+29  5.9401E+38
  1.7780E+02  1.5488E+39  1.1712E+39  3.1699E+29  3.7753E+38
  1.9950E+02  8.4670E+38  6.0721E+38  1.1234E+29  2.3949E+38
  2.2390E+02  4.6600E+38  3.1432E+38  4.0200E+28  1.5168E+38
  2.5120E+02  2.5868E+38  1.6254E+38  1.4539E+28  9.6138E+37
  2.8180E+02  1.4479E+38  8.3867E+37  5.3107E+27  6.0924E+37
  3.1620E+02  8.1694E+37  4.3136E+37  1.9567E+27  3.8557E+37
  3.5480E+02  4.6532E+37  2.2141E+37  7.2741E+26  2.4391E+37
  3.9810E+02  2.6768E+37  1.1341E+37  2.7293E+26  1.5427E+37
  4.4670E+02  1.5551E+37  5.7980E+36  1.0324E+26  9.7526E+36
  5.0120E+02  9.1255E+36  2.9599E+36  3.9361E+25  6.1656E+36
  5.6230E+02  5.4077E+36  1.5093E+36  1.5111E+25  3.8984E+36
  6.3100E+02  3.2298E+36  7.6787E+35  5.8315E+24  2.4620E+36
  7.0790E+02  1.9469E+36  3.9058E+35  2.2648E+24  1.5563E+36
  7.9430E+02  1.1813E+36  1.9829E+35  8.8288E+23  9.8301E+35
  8.9130E+02  7.2117E+35  1.0053E+35  3.4538E+23  6.2065E+35
  1.0000E+03  4.4301E+35  5.0938E+34  1.3564E+23  3.9207E+35
