  1.0000E-03  8.8855E+44  0.0000E+00  1.1927E+43  8.7662E+44
  1.1220E-03  9.9799E+44  0.0000E+00  1.4416E+43  9.8357E+44
  1.2590E-03  1.1203E+45  0.0000E+00  1.6629E+43  1.1037E+45
  1.4130E-03  1.2572E+45  0.0000E+00  1.8483E+43  1.2387E+45
  1.5850E-03  1.4097E+45  0.0000E+00  2.0289E+43  1.3894E+45
  1.7780E-03  1.5841E+45  0.0000E+00  2.5499E+43  1.5586E+45
  1.9950E-03  1.7776E+45  0.0000E+00  2.8791E+43  1.7488E+45
  2.2390E-03  1.9926E+45  0.0000E+00  2.9919E+43  1.9627E+45
  2.5120E-03  2.2417E+45  0.0000E+00  3.9694E+43  2.2020E+45
  2.8180E-03  2.5141E+45  0.0000E+00  4.3884E+43  2.4702E+45
  3.1620E-03  2.8187E+45  0.0000E+00  4.6816E+43  2.7718E+45
  3.5480E-03  3.1593E+45  0.0000E+00  4.9052E+43  3.1103E+45
  3.9810E-03  3.5405E+45  0.0000E+00  5.0684E+43  3.4898E+45
  4.4670E-03  3.9989E+45  0.0000E+00  8.3080E+43  3.9158E+45
  5.0120E-03  4.4903E+45  0.0000E+00  9.6670E+43  4.3936E+45
  5.6230E-03  5.0387E+45  0.0000E+00  1.0950E+44  4.9292E+45
  5.9570E-03  5.3377E+45  0.0000E+00  1.1564E+44  5.2220E+45
  6.6830E-03  5.9860E+45  0.0000E+00  1.2752E+44  5.8585E+45
  7.4990E-03  6.7147E+45  0.0000E+00  1.4085E+44  6.5738E+45
  8.4140E-03  7.5295E+45  0.0000E+00  1.5368E+44  7.3758E+45
  9.4410E-03  8.4421E+45  0.0000E+00  1.6602E+44  8.2761E+45
  1.0590E-02  9.4587E+45  0.0000E+00  1.7538E+44  9.2833E+45
  1.1890E-02  1.0621E+46  0.0000E+00  1.9783E+44  1.0423E+46
  1.3340E-02  1.1907E+46  0.0000E+00  2.1308E+44  1.1694E+46
  1.4960E-02  1.3346E+46  0.0000E+00  2.3163E+44  1.3114E+46
  1.6790E-02  1.4968E+46  0.0000E+00  2.4964E+44  1.4718E+46
  1.8840E-02  1.6783E+46  0.0000E+00  2.6743E+44  1.6515E+46
  2.1130E-02  1.8815E+46  0.0000E+00  2.9120E+44  1.8524E+46
  2.3710E-02  2.1099E+46  0.0000E+00  3.1483E+44  2.0785E+46
  2.6610E-02  2.3665E+46  0.0000E+00  3.3908E+44  2.3326E+46
  2.9850E-02  2.6530E+46  5.5973E-83  3.6389E+44  2.6166E+46
  3.3500E-02  2.9756E+46  3.6300E-68  3.8900E+44  2.9367E+46
  3.7580E-02  3.3365E+46  4.5595E-55  4.2215E+44  3.2942E+46
  4.2170E-02  3.7470E+46  2.0061E-43  5.0275E+44  3.6967E+46
  4.7320E-02  4.2018E+46  5.4767E-33  5.3661E+44  4.1482E+46
  5.3090E-02  4.3737E+46  1.0204E-23  5.2426E+44  4.3212E+46
  6.6830E-02  4.1676E+46  4.0694E-08  4.0817E+44  4.1268E+46
  7.4990E-02  4.0671E+46  1.4216E-01  3.4276E+44  4.0328E+46
  8.4140E-02  3.9750E+46  7.3568E+04  3.4005E+44  3.9410E+46
  9.4410E-02  3.8856E+46  8.7536E+09  3.4320E+44  3.8513E+46
  1.0590E-01  3.5417E+46  2.3829E+14  3.6134E+44  3.5055E+46
  1.1890E-01  2.9804E+46  1.6876E+18  3.3671E+44  2.9467E+46
  1.3340E-01  2.5105E+46  3.2045E+21  3.0939E+44  2.4795E+46
  1.4960E-01  2.1135E+46  3.4846E+24  2.5668E+44  2.0878E+46
  1.5850E-01  1.9378E+46  1.0195E+26  2.3304E+44  1.9145E+46
  1.7780E-01  1.6313E+46  5.4167E+28  1.9829E+44  1.6114E+46
  1.9950E-01  1.3702E+46  1.7162E+31  1.4380E+44  1.3558E+46
  2.2390E-01  1.1519E+46  2.2053E+33  1.1607E+44  1.1403E+46
  2.3710E-01  1.0589E+46  1.4271E+34  1.2414E+44  1.0464E+46
  2.5120E-01  9.7234E+45  7.8586E+34  1.2760E+44  9.5958E+45
  2.6610E-01  8.9250E+45  4.0940E+35  1.2380E+44  8.8012E+45
  2.8180E-01  8.1927E+45  1.9735E+36  1.1662E+44  8.0761E+45
  2.9850E-01  7.5169E+45  8.7089E+36  1.0898E+44  7.4079E+45
  3.1620E-01  6.8967E+45  3.4607E+37  1.0206E+44  6.7947E+45
  3.3500E-01  6.3263E+45  1.2577E+38  9.5441E+43  6.2308E+45
  3.5480E-01  5.8054E+45  4.1929E+38  8.8972E+43  5.7165E+45
  3.7580E-01  5.3270E+45  1.2944E+39  8.2795E+43  5.2442E+45
  3.9810E-01  4.8868E+45  3.6828E+39  7.7108E+43  4.8097E+45
  4.2170E-01  4.4835E+45  9.6286E+39  7.1808E+43  4.4116E+45
  4.4670E-01  4.1137E+45  2.3339E+40  6.7038E+43  4.0466E+45
  4.7320E-01  3.7740E+45  5.3230E+40  6.2468E+43  3.7115E+45
  5.0120E-01  3.4630E+45  1.1456E+41  5.8059E+43  3.4048E+45
  5.3090E-01  3.1772E+45  2.3389E+41  5.3812E+43  3.1232E+45
  5.6230E-01  2.9155E+45  4.5255E+41  4.9873E+43  2.8651E+45
  5.9570E-01  2.6745E+45  8.3545E+41  4.6150E+43  2.6276E+45
  6.3100E-01  2.4544E+45  1.4700E+42  4.2614E+43  2.4103E+45
  6.6830E-01  2.2531E+45  2.4699E+42  3.9231E+43  2.2114E+45
  7.0790E-01  2.0685E+45  3.9782E+42  3.6067E+43  2.0284E+45
  7.4990E-01  1.8997E+45  6.1555E+42  3.3086E+43  1.8605E+45
  7.9430E-01  1.7460E+45  9.1583E+42  3.0245E+43  1.7066E+45
  8.4140E-01  1.6060E+45  1.3159E+43  2.7541E+43  1.5653E+45
  8.9130E-01  1.4790E+45  1.8302E+43  2.4943E+43  1.4357E+45
  9.4410E-01  1.3642E+45  2.4675E+43  2.2488E+43  1.3170E+45
  1.0000E+00  1.2606E+45  3.2335E+43  2.0180E+43  1.2081E+45
  1.0590E+00  1.1679E+45  4.1251E+43  1.8046E+43  1.1086E+45
  1.1220E+00  1.0841E+45  5.1554E+43  1.6043E+43  1.0165E+45
  1.1890E+00  1.0092E+45  6.3195E+43  1.4157E+43  9.3183E+44
  1.2590E+00  9.4327E+44  7.5683E+43  1.2379E+43  8.5520E+44
  1.3340E+00  8.8404E+44  8.9178E+43  1.0750E+43  7.8411E+44
  1.4130E+00  8.3162E+44  1.0304E+44  9.3111E+42  7.1927E+44
  1.4960E+00  7.8532E+44  1.1703E+44  8.0327E+42  6.6026E+44
  1.5850E+00  7.4375E+44  1.3144E+44  6.8784E+42  6.0543E+44
  1.6790E+00  7.0650E+44  1.4536E+44  5.8366E+42  5.5530E+44
  1.7780E+00  6.7269E+44  1.5822E+44  4.8955E+42  5.0957E+44
  1.8840E+00  6.4154E+44  1.7030E+44  4.0512E+42  4.6719E+44
  1.9950E+00  6.1281E+44  1.8076E+44  3.3076E+42  4.2875E+44
  2.1130E+00  5.8569E+44  1.8970E+44  2.6638E+42  3.9333E+44
  2.2390E+00  5.5952E+44  1.9680E+44  2.1174E+42  3.6061E+44
  2.3710E+00  5.3417E+44  2.0159E+44  1.6634E+42  3.3092E+44
  2.5120E+00  5.0921E+44  2.0447E+44  1.2936E+42  3.0344E+44
  2.6610E+00  4.8443E+44  2.0511E+44  9.9718E+41  2.7832E+44
  2.8180E+00  4.5951E+44  2.0337E+44  7.6220E+41  2.5538E+44
  2.9850E+00  4.3450E+44  1.9965E+44  5.7834E+41  2.3426E+44
  3.1620E+00  4.0926E+44  1.9396E+44  4.3580E+41  2.1487E+44
  3.3500E+00  3.8458E+44  1.8721E+44  3.2680E+41  1.9704E+44
  3.5480E+00  3.5962E+44  1.7860E+44  2.4348E+41  1.8078E+44
  3.7580E+00  3.3505E+44  1.6904E+44  1.8043E+41  1.6583E+44
  3.9810E+00  3.1100E+44  1.5877E+44  1.3305E+41  1.5210E+44
  4.2170E+00  2.8756E+44  1.4796E+44  9.7648E+40  1.3951E+44
  4.4670E+00  2.6491E+44  1.3688E+44  7.1332E+40  1.2796E+44
  4.7320E+00  2.4338E+44  1.2597E+44  5.1889E+40  1.1737E+44
  5.0120E+00  2.2338E+44  1.1543E+44  3.7664E+40  1.0791E+44
  5.3090E+00  2.0142E+44  1.0536E+44  2.6834E+40  9.6024E+43
  5.6230E+00  1.8081E+44  9.5990E+43  1.8999E+40  8.4805E+43
  5.9570E+00  1.6178E+44  8.7448E+43  1.3382E+40  7.4316E+43
  6.3100E+00  1.4370E+44  7.8976E+43  9.3366E+39  6.4710E+43
  6.6830E+00  1.2791E+44  7.1889E+43  6.5058E+39  5.6014E+43
  7.0790E+00  1.1307E+44  6.4876E+43  4.4736E+39  4.8190E+43
  7.4990E+00  1.0412E+44  6.2889E+43  3.1619E+39  4.1229E+43
  7.9430E+00  1.1660E+44  8.1489E+43  2.7008E+39  3.5109E+43
  8.4140E+00  1.5040E+44  1.2064E+44  2.7984E+39  2.9752E+43
  8.9130E+00  1.7779E+44  1.5268E+44  2.8353E+39  2.5104E+43
  9.4410E+00  1.9691E+44  1.7580E+44  2.9911E+39  2.1101E+43
  1.0000E+01  1.6211E+44  1.4443E+44  2.1554E+39  1.7671E+43
  1.0590E+01  1.2565E+44  1.1089E+44  1.4272E+39  1.4758E+43
  1.1220E+01  9.2540E+43  8.0272E+43  8.3845E+38  1.2267E+43
  1.1890E+01  6.9353E+43  5.9193E+43  4.9943E+38  1.0159E+43
  1.2590E+01  5.2304E+43  4.3892E+43  2.9240E+38  8.4119E+42
  1.3340E+01  4.0258E+43  3.3326E+43  1.7158E+38  6.9319E+42
  1.4130E+01  3.3067E+43  2.7362E+43  1.0494E+38  5.7050E+42
  1.4960E+01  3.1135E+43  2.6443E+43  7.5023E+37  4.6919E+42
  1.5850E+01  3.0399E+43  2.6557E+43  5.7902E+37  3.8414E+42
  1.6790E+01  2.9870E+43  2.6729E+43  4.6758E+37  3.1409E+42
  1.7780E+01  2.8634E+43  2.6068E+43  3.8038E+37  2.5663E+42
  1.8840E+01  2.6167E+43  2.4078E+43  2.9719E+37  2.0888E+42
  1.9950E+01  2.2901E+43  2.1199E+43  2.1674E+37  1.7013E+42
  2.1130E+01  2.0045E+43  1.8663E+43  1.5305E+37  1.3827E+42
  2.2390E+01  1.7844E+43  1.6724E+43  1.0919E+37  1.1203E+42
  2.3710E+01  1.6112E+43  1.5204E+43  7.8474E+36  9.0864E+41
  2.5120E+01  1.4673E+43  1.3938E+43  5.6885E+36  7.3479E+41
  2.6610E+01  1.3415E+43  1.2822E+43  4.1234E+36  5.9383E+41
  2.8180E+01  1.2274E+43  1.1794E+43  2.9952E+36  4.7994E+41
  2.9850E+01  1.1177E+43  1.0789E+43  2.1683E+36  3.8717E+41
  3.1620E+01  1.0088E+43  9.7760E+42  1.5554E+36  3.1199E+41
  3.3500E+01  8.9985E+42  8.7475E+42  1.1034E+36  2.5106E+41
  3.5480E+01  7.9222E+42  7.7201E+42  7.7313E+35  2.0210E+41
  3.7580E+01  6.8700E+42  6.7075E+42  5.3382E+35  1.6253E+41
  3.9810E+01  5.8587E+42  5.7281E+42  3.6280E+35  1.3054E+41
  4.2170E+01  4.9216E+42  4.8168E+42  2.4282E+35  1.0479E+41
  4.4670E+01  4.0763E+42  3.9922E+42  1.6000E+35  8.4074E+40
  4.7320E+01  3.3334E+42  3.2660E+42  1.0399E+35  6.7400E+40
  5.0120E+01  2.6946E+42  2.6406E+42  6.6761E+34  5.4034E+40
  5.3090E+01  2.1541E+42  2.1109E+42  4.2360E+34  4.3282E+40
  5.6230E+01  1.7061E+42  1.6715E+42  2.6609E+34  3.4667E+40
  5.9570E+01  1.3385E+42  1.3108E+42  1.6548E+34  2.7728E+40
  6.3100E+01  1.0424E+42  1.0202E+42  1.0212E+34  2.2180E+40
  6.6830E+01  8.0642E+41  7.8867E+41  6.2589E+33  1.7744E+40
  7.0790E+01  6.1998E+41  6.0579E+41  3.8113E+33  1.4183E+40
  7.4990E+01  4.7386E+41  4.6254E+41  2.3072E+33  1.1329E+40
  7.9430E+01  3.6050E+41  3.5145E+41  1.3904E+33  9.0505E+39
  8.4140E+01  2.7302E+41  2.6580E+41  8.3391E+32  7.2256E+39
  8.9130E+01  2.0608E+41  2.0031E+41  4.9857E+32  5.7665E+39
  9.4410E+01  1.5505E+41  1.5045E+41  2.9717E+32  4.6021E+39
  1.0000E+02  1.1630E+41  1.1263E+41  1.7660E+32  3.6722E+39
  1.0590E+02  8.7094E+40  8.4162E+40  1.0481E+32  2.9317E+39
  1.1220E+02  6.5083E+40  6.2747E+40  6.2056E+31  2.3358E+39
  1.1890E+02  4.8654E+40  4.6795E+40  3.6764E+31  1.8590E+39
  1.2590E+02  3.6574E+40  3.5090E+40  2.1909E+31  1.4838E+39
  1.3340E+02  2.7563E+40  2.6381E+40  1.3109E+31  1.1811E+39
  1.4130E+02  2.0599E+40  1.9658E+40  7.8085E+30  9.4117E+38
  1.4960E+02  1.5072E+40  1.4320E+40  4.5506E+30  7.5121E+38
  1.5850E+02  1.0945E+40  1.0347E+40  2.6258E+30  5.9781E+38
  1.7780E+02  5.8265E+39  5.4471E+39  8.8167E+29  3.7942E+38
  1.9950E+02  3.1107E+39  2.8702E+39  2.9723E+29  2.4043E+38
  2.2390E+02  1.6595E+39  1.5073E+39  1.0031E+29  1.5216E+38
  2.5120E+02  8.8582E+38  7.8944E+38  3.3925E+28  9.6376E+37
  2.8180E+02  4.7297E+38  4.1193E+38  1.1497E+28  6.1043E+37
  3.1620E+02  2.5261E+38  2.1399E+38  3.9043E+27  3.8617E+37
  3.5480E+02  1.3523E+38  1.1080E+38  1.3309E+27  2.4421E+37
  3.9810E+02  7.2643E+37  5.7201E+37  4.5621E+26  1.5442E+37
  4.4670E+02  3.9205E+37  2.9444E+37  1.5739E+26  9.7603E+36
  5.0120E+02  2.1292E+37  1.5123E+37  5.4734E+25  6.1695E+36
  5.6230E+02  1.1653E+37  7.7528E+36  1.9206E+25  3.9003E+36
  6.3100E+02  6.4259E+36  3.9630E+36  6.8000E+24  2.4629E+36
  7.0790E+02  3.5810E+36  2.0242E+36  2.4352E+24  1.5568E+36
  7.9430E+02  2.0147E+36  1.0314E+36  8.8075E+23  9.8325E+35
  8.9130E+02  1.1454E+36  5.2463E+35  3.2189E+23  6.2077E+35
  1.0000E+03  6.5874E+35  2.6661E+35  1.1896E+23  3.9214E+35
