  1.0000E-03  1.3273E+43  5.4890E+04  3.2940E+42  9.9788E+42
  1.1220E-03  6.1404E+42  3.8285E+04  2.5330E+42  3.6073E+42
  1.2590E-03  3.0887E+42  2.8740E+04  1.8755E+42  1.2132E+42
  1.4130E-03  1.7334E+42  2.2439E+04  1.3466E+42  3.8676E+41
  1.5850E-03  1.1767E+42  1.7978E+04  1.0281E+42  1.4853E+41
  1.7780E-03  1.2474E+42  1.7144E+04  1.1329E+42  1.1444E+41
  1.9950E-03  6.8020E+41  1.2626E+04  6.6444E+41  1.5759E+40
  2.2390E-03  4.1902E+41  1.0329E+04  4.1548E+41  3.5381E+39
  2.5120E-03  4.4844E+41  9.3105E+03  4.4650E+41  1.9387E+39
  2.8180E-03  2.0944E+41  6.6958E+03  2.0933E+41  1.0971E+38
  3.1620E-03  1.0490E+41  5.0538E+03  1.0489E+41  8.4297E+36
  3.5480E-03  5.4708E+40  3.9123E+03  5.4707E+40  7.5761E+35
  3.9810E-03  3.0332E+40  3.1196E+03  3.0332E+40  8.5922E+34
  4.4670E-03  7.9023E+41  2.9311E+02  7.8931E+41  9.2424E+38
  5.0120E-03  3.6255E+41  1.1719E+02  3.6251E+41  4.1078E+37
  5.6230E-03  1.6865E+41  5.0427E+01  1.6865E+41  1.8749E+36
  5.9570E-03  1.1771E+41  3.5197E+01  1.1771E+41  4.2950E+35
  6.6830E-03  6.3034E+40  1.8037E+01  6.3034E+40  3.1170E+34
  7.4990E-03  3.9752E+40  1.0845E+01  3.9752E+40  3.9719E+33
  8.4140E-03  2.3147E+40  5.9954E+00  2.3147E+40  3.3962E+32
  9.4410E-03  1.5105E+40  3.7555E+00  1.5105E+40  4.7815E+31
  1.0590E-02  1.1961E+40  3.0148E+00  1.1961E+40  2.0128E+31
  1.1890E-02  8.2569E+39  1.8101E+00  8.2569E+39  2.1817E+30
  1.3340E-02  5.9236E+39  7.7492E-01  5.9236E+39  4.1902E+29
  1.4960E-02  4.0238E+39  4.7188E-01  4.0238E+39  5.0804E+28
  1.6790E-02  2.8124E+39  3.0225E-01  2.8124E+39  7.5042E+27
  1.8840E-02  2.0435E+39  2.0575E-01  2.0435E+39  1.4285E+27
  2.1130E-02  1.4926E+39  1.3385E-01  1.4926E+39  2.1777E+26
  2.3710E-02  1.0653E+39  8.5899E-02  1.0653E+39  3.0654E+25
  2.6610E-02  7.3459E+38  5.3151E-02  7.3459E+38  3.5800E+24
  2.9850E-02  5.0741E+38  3.3257E-02  5.0741E+38  4.3216E+23
  3.3500E-02  3.4672E+38  2.0692E-02  3.4672E+38  5.0265E+22
  3.7580E-02  3.3137E+38  1.8244E-02  3.3137E+38  3.0901E+22
  4.2170E-02  2.7649E+38  1.1329E-02  2.7649E+38  3.4966E+21
  4.7320E-02  1.0963E+38  2.1867E+02  1.0963E+38  1.7859E+19
  5.3090E-02  3.3532E+37  1.3479E+02  3.3532E+37  2.9510E+16
  6.6830E-02  3.3272E+35  2.0658E+01  3.3272E+35  2.5400E+05
  7.4990E-02  1.6488E+34  6.3642E+00  1.6488E+34  2.1725E-02
  8.4140E-02  3.2082E+34  8.4689E+00  3.2082E+34  1.2050E+00
  9.4410E-02  5.4135E+34  1.0318E+01  5.4135E+34  1.9499E+01
  1.0590E-01  4.4854E+35  2.3363E+01  4.4854E+35  1.5308E+06
  1.1890E-01  4.1831E+36  5.9643E+01  4.1831E+36  5.1255E+11
  1.3340E-01  2.1534E+37  1.1838E+02  2.1534E+37  4.9544E+15
  1.4960E-01  5.4547E+37  1.8462E+02  5.4547E+37  1.7339E+18
  1.5850E-01  6.1684E+37  2.1330E+02  6.1684E+37  4.7929E+18
  1.7780E-01  3.7673E+37  2.8667E+04  3.7673E+37  6.4624E+17
  1.9950E-01  3.4478E+36  1.1205E+06  3.4478E+36  1.1049E+13
  2.2390E-01  7.9434E+35  1.2109E+08  7.9434E+35  1.3323E+10
  2.3710E-01  3.6697E+36  6.8413E+10  3.6697E+36  3.7147E+13
  2.5120E-01  1.6920E+37  3.7074E+13  1.6920E+37  1.4572E+17
  2.6610E-01  4.5010E+37  5.9412E+15  4.5010E+37  3.8731E+19
  2.8180E-01  8.7094E+37  4.3400E+17  8.7094E+37  2.1432E+21
  2.9850E-01  1.4423E+38  1.9377E+19  1.4423E+38  5.0116E+22
  3.1620E-01  2.2778E+38  6.4449E+20  2.2778E+38  8.3977E+23
  3.3500E-01  3.4664E+38  1.6888E+22  3.4664E+38  1.1067E+25
  3.5480E-01  5.0300E+38  3.4222E+23  5.0300E+38  1.1059E+26
  3.7580E-01  7.2757E+38  6.0397E+24  7.2757E+38  1.0628E+27
  3.9810E-01  1.0275E+39  8.6518E+25  1.0275E+39  8.3078E+27
  4.2170E-01  1.5110E+39  1.1688E+27  1.5110E+39  7.6131E+28
  4.4670E-01  2.2323E+39  1.3605E+28  2.2323E+39  6.4024E+29
  4.7320E-01  3.3050E+39  1.4060E+29  3.3050E+39  5.0948E+30
  5.0120E-01  4.8743E+39  1.2828E+30  4.8743E+39  3.7486E+31
  5.3090E-01  7.2957E+39  1.0845E+31  7.2957E+39  2.7852E+32
  5.6230E-01  1.0691E+40  7.8668E+31  1.0691E+40  1.7434E+33
  5.9570E-01  1.5483E+40  5.1016E+32  1.5483E+40  9.8285E+33
  6.3100E-01  2.2422E+40  3.0339E+33  2.2422E+40  5.3081E+34
  6.6830E-01  3.2355E+40  1.6639E+34  3.2354E+40  2.7369E+35
  7.0790E-01  4.6394E+40  8.4282E+34  4.6393E+40  1.3198E+36
  7.4990E-01  6.5086E+40  3.8748E+35  6.5080E+40  5.6742E+36
  7.9430E-01  9.0315E+40  1.6636E+36  9.0291E+40  2.2917E+37
  8.4140E-01  1.2411E+41  6.7777E+36  1.2401E+41  8.7888E+37
  8.9130E-01  1.7110E+41  2.7156E+37  1.7073E+41  3.3607E+38
  9.4410E-01  2.3243E+41  1.0355E+38  2.3113E+41  1.1979E+39
  1.0000E+00  3.0788E+41  3.6523E+38  3.0370E+41  3.8172E+39
  1.0590E+00  4.0171E+41  1.1937E+39  3.8948E+41  1.1035E+40
  1.1220E+00  5.2290E+41  3.6741E+39  4.8966E+41  2.9565E+40
  1.1890E+00  6.8954E+41  1.0697E+40  6.0455E+41  7.4293E+40
  1.2590E+00  9.4404E+41  2.9667E+40  7.3591E+41  1.7847E+41
  1.3340E+00  1.3480E+42  7.6535E+40  8.7568E+41  3.9579E+41
  1.4130E+00  1.9919E+42  1.7928E+41  1.0152E+42  7.9744E+41
  1.4960E+00  3.0246E+42  3.8700E+41  1.1509E+42  1.4867E+42
  1.5850E+00  4.6678E+42  7.8475E+41  1.2786E+42  2.6045E+42
  1.6790E+00  7.2372E+42  1.5027E+42  1.3943E+42  4.3402E+42
  1.7780E+00  1.1109E+43  2.7209E+42  1.4893E+42  6.8984E+42
  1.8840E+00  1.6650E+43  4.6657E+42  1.5532E+42  1.0431E+43
  1.9950E+00  2.4159E+43  7.5512E+42  1.5793E+42  1.5028E+43
  2.1130E+00  3.3716E+43  1.1546E+43  1.5629E+42  2.0608E+43
  2.2390E+00  4.5136E+43  1.6684E+43  1.5045E+42  2.6948E+43
  2.3710E+00  5.7967E+43  2.2815E+43  1.4096E+42  3.3743E+43
  2.5120E+00  7.1491E+43  2.9664E+43  1.2869E+42  4.0540E+43
  2.6610E+00  8.4969E+43  3.6812E+43  1.1469E+42  4.7010E+43
  2.8180E+00  9.7697E+43  4.3807E+43  9.9950E+41  5.2891E+43
  2.9850E+00  1.0901E+44  5.0241E+43  8.5322E+41  5.7912E+43
  3.1620E+00  1.1849E+44  5.5766E+43  7.1491E+41  6.2005E+43
  3.3500E+00  1.2565E+44  6.0127E+43  5.8831E+41  6.4935E+43
  3.5480E+00  1.3073E+44  6.3237E+43  4.7716E+41  6.7019E+43
  3.7580E+00  1.3357E+44  6.5044E+43  3.8138E+41  6.8147E+43
  3.9810E+00  1.3428E+44  6.5568E+43  3.0073E+41  6.8411E+43
  4.2170E+00  1.3311E+44  6.4923E+43  2.3429E+41  6.7948E+43
  4.4670E+00  1.3031E+44  6.3262E+43  1.8048E+41  6.6869E+43
  4.7320E+00  1.2609E+44  6.0725E+43  1.3742E+41  6.5228E+43
  5.0120E+00  1.2090E+44  5.7512E+43  1.0367E+41  6.3285E+43
  5.3090E+00  1.1284E+44  5.3762E+43  7.6203E+40  5.9002E+43
  5.6230E+00  1.0397E+44  4.9685E+43  5.5230E+40  5.4234E+43
  5.9570E+00  9.4648E+43  4.5457E+43  3.9486E+40  4.9152E+43
  6.3100E+00  8.5253E+43  4.1106E+43  2.7871E+40  4.4119E+43
  6.6830E+00  7.6420E+43  3.7231E+43  1.9512E+40  3.9170E+43
  7.0790E+00  6.7904E+43  3.3398E+43  1.3453E+40  3.4493E+43
  7.4990E+00  5.8810E+43  2.9560E+43  8.9221E+39  2.9241E+43
  7.9430E+00  4.6156E+43  2.4965E+43  5.3580E+39  2.1186E+43
  8.4140E+00  3.1781E+43  1.9218E+43  3.0516E+39  1.2560E+43
  8.9130E+00  2.1980E+43  1.4637E+43  1.8952E+39  7.3413E+42
  9.4410E+00  1.5749E+43  1.1426E+43  1.3575E+39  4.3220E+42
  1.0000E+01  1.5795E+43  1.1522E+43  1.1413E+39  4.2722E+42
  1.0590E+01  1.6397E+43  1.1861E+43  9.6317E+38  4.5350E+42
  1.1220E+01  1.7002E+43  1.2083E+43  7.6250E+38  4.9186E+42
  1.1890E+01  1.6530E+43  1.1583E+43  5.7379E+38  4.9460E+42
  1.2590E+01  1.5557E+43  1.0758E+43  4.1184E+38  4.7987E+42
  1.3340E+01  1.4115E+43  9.6685E+42  2.8161E+38  4.4460E+42
  1.4130E+01  1.2503E+43  8.6151E+42  1.8413E+38  3.8874E+42
  1.4960E+01  1.1005E+43  7.9047E+42  1.2168E+38  3.1007E+42
  1.5850E+01  9.7295E+42  7.3332E+42  8.3804E+37  2.3962E+42
  1.6790E+01  8.6625E+42  6.8270E+42  6.0265E+37  1.8354E+42
  1.7780E+01  7.7692E+42  6.3353E+42  4.5037E+37  1.4338E+42
  1.8840E+01  6.9851E+42  5.8168E+42  3.4060E+37  1.1682E+42
  1.9950E+01  6.2582E+42  5.2600E+42  2.5164E+37  9.9816E+41
  2.1130E+01  5.5611E+42  4.7057E+42  1.7922E+37  8.5539E+41
  2.2390E+01  4.9082E+42  4.1846E+42  1.2623E+37  7.2365E+41
  2.3710E+01  4.3140E+42  3.7052E+42  8.8127E+36  6.0879E+41
  2.5120E+01  3.7631E+42  3.2553E+42  6.1182E+36  5.0778E+41
  2.6610E+01  3.2592E+42  2.8373E+42  4.2083E+36  4.2189E+41
  2.8180E+01  2.8017E+42  2.4523E+42  2.8813E+36  3.4938E+41
  2.9850E+01  2.3841E+42  2.0960E+42  1.9579E+36  2.8813E+41
  3.1620E+01  2.0064E+42  1.7694E+42  1.3171E+36  2.3707E+41
  3.3500E+01  1.6683E+42  1.4737E+42  8.7679E+35  1.9456E+41
  3.5480E+01  1.3718E+42  1.2123E+42  5.7821E+35  1.5956E+41
  3.7580E+01  1.1140E+42  9.8335E+41  3.7703E+35  1.3067E+41
  3.9810E+01  8.9251E+41  7.8561E+41  2.4300E+35  1.0690E+41
  4.2170E+01  7.0688E+41  6.1950E+41  1.5488E+35  8.7377E+40
  4.4670E+01  5.5397E+41  4.8265E+41  9.7585E+34  7.1324E+40
  4.7320E+01  4.3012E+41  3.7201E+41  6.0877E+34  5.8119E+40
  5.0120E+01  3.3140E+41  2.8409E+41  3.7660E+34  4.7309E+40
  5.3090E+01  2.5343E+41  2.1500E+41  2.3113E+34  3.8433E+40
  5.6230E+01  1.9274E+41  1.6155E+41  1.4098E+34  3.1182E+40
  5.9570E+01  1.4570E+41  1.2047E+41  8.5434E+33  2.5234E+40
  6.3100E+01  1.0976E+41  8.9363E+40  5.1576E+33  2.0400E+40
  6.6830E+01  8.2466E+40  6.5991E+40  3.1046E+33  1.6475E+40
  7.0790E+01  6.1797E+40  4.8517E+40  1.8635E+33  1.3280E+40
  7.4990E+01  4.6215E+40  3.5528E+40  1.1163E+33  1.0688E+40
  7.9430E+01  3.4541E+40  2.5946E+40  6.6837E+32  8.5952E+39
  8.4140E+01  2.5798E+40  1.8895E+40  3.9984E+32  6.9027E+39
  8.9130E+01  1.9276E+40  1.3739E+40  2.3934E+32  5.5375E+39
  9.4410E+01  1.4414E+40  9.9742E+39  1.4339E+32  4.4397E+39
  1.0000E+02  1.0787E+40  7.2304E+39  8.5990E+31  3.5571E+39
  1.0590E+02  8.0913E+39  5.2414E+39  5.1695E+31  2.8499E+39
  1.1220E+02  6.0736E+39  3.7959E+39  3.1087E+31  2.2777E+39
  1.1890E+02  4.5712E+39  2.7535E+39  1.8741E+31  1.8177E+39
  1.2590E+02  3.4660E+39  2.0118E+39  1.1380E+31  1.4542E+39
  1.3340E+02  2.6348E+39  1.4750E+39  6.9335E+30  1.1598E+39
  1.4130E+02  2.0001E+39  1.0741E+39  4.2365E+30  9.2596E+38
  1.4960E+02  1.5071E+39  7.6660E+38  2.5719E+30  7.4047E+38
  1.5850E+02  1.1335E+39  5.4321E+38  1.5545E+30  5.9028E+38
  1.7780E+02  6.5153E+38  2.7586E+38  5.7527E+29  3.7567E+38
  1.9950E+02  3.7930E+38  1.4074E+38  2.1527E+29  2.3856E+38
  2.2390E+02  2.2303E+38  7.1815E+37  8.1288E+28  1.5122E+38
  2.5120E+02  1.3257E+38  3.6670E+37  3.0985E+28  9.5904E+37
  2.8180E+02  7.9516E+37  1.8710E+37  1.1900E+28  6.0806E+37
  3.1620E+02  4.8026E+37  9.5281E+36  4.5950E+27  3.8498E+37
  3.5480E+02  2.9209E+37  4.8476E+36  1.7832E+27  2.4361E+37
  3.9810E+02  1.7876E+37  2.4638E+36  6.9541E+26  1.5412E+37
  4.4670E+02  1.0996E+37  1.2509E+36  2.7220E+26  9.7451E+36
  5.0120E+02  6.7965E+36  6.3467E+35  1.0691E+26  6.1618E+36
  5.6230E+02  4.2184E+36  3.2188E+35  4.2109E+25  3.8965E+36
  6.3100E+02  2.6240E+36  1.6297E+35  1.6609E+25  2.4610E+36
  7.0790E+02  1.6384E+36  8.2537E+34  6.5699E+24  1.5558E+36
  7.9430E+02  1.0245E+36  4.1742E+34  2.6007E+24  9.8276E+35
  8.9130E+02  6.4162E+35  2.1090E+34  1.0304E+24  6.2053E+35
  1.0000E+03  4.0267E+35  1.0655E+34  4.0894E+23  3.9201E+35
