  1.0000E-03  4.5967E+42  0.0000E+00  4.4736E+42  1.2314E+41
  1.1220E-03  4.7449E+42  0.0000E+00  4.7303E+42  1.4662E+40
  1.2590E-03  4.7526E+42  0.0000E+00  4.7511E+42  1.5160E+39
  1.4130E-03  4.5766E+42  0.0000E+00  4.5764E+42  1.4133E+38
  1.5850E-03  4.4426E+42  0.0000E+00  4.4425E+42  1.9173E+37
  1.7780E-03  5.3526E+42  0.0000E+00  5.3526E+42  1.0457E+37
  1.9950E-03  4.7867E+42  0.0000E+00  4.7867E+42  1.8576E+35
  2.2390E-03  4.1331E+42  0.0000E+00  4.1331E+42  8.7654E+33
  2.5120E-03  5.0986E+42  0.0000E+00  5.0986E+42  2.4514E+33
  2.8180E-03  4.0481E+42  0.0000E+00  4.0481E+42  7.4791E+30
  3.1620E-03  3.1964E+42  0.0000E+00  3.1964E+42  4.1872E+28
  3.5480E-03  2.5181E+42  0.0000E+00  2.5181E+42  3.1949E+26
  3.9810E-03  2.0068E+42  0.0000E+00  2.0068E+42  3.8574E+24
  4.4670E-03  9.5731E+42  0.0000E+00  9.5731E+42  2.6717E+32
  5.0120E-03  7.6731E+42  0.0000E+00  7.6731E+42  5.1748E+29
  5.6230E-03  5.9913E+42  0.0000E+00  5.9913E+42  1.0595E+27
  5.9570E-03  5.2915E+42  0.0000E+00  5.2915E+42  5.5035E+25
  6.6830E-03  4.2335E+42  0.0000E+00  4.2335E+42  2.8162E+23
  7.4990E-03  3.6184E+42  0.0000E+00  3.6184E+42  4.4011E+21
  8.4140E-03  2.9243E+42  0.0000E+00  2.9243E+42  3.0977E+19
  9.4410E-03  2.4720E+42  0.0000E+00  2.4720E+42  5.8628E+17
  1.0590E-02  2.2933E+42  0.0000E+00  2.2933E+42  9.8009E+16
  1.1890E-02  1.9968E+42  0.0000E+00  1.9968E+42  1.0989E+15
  1.3340E-02  1.7470E+42  0.0000E+00  1.7470E+42  3.8491E+13
  1.4960E-02  1.4748E+42  0.0000E+00  1.4748E+42  5.4025E+11
  1.6790E-02  1.2585E+42  0.0000E+00  1.2585E+42  1.1227E+10
  1.8840E-02  1.0951E+42  0.0000E+00  1.0951E+42  3.8673E+08
  2.1130E-02  9.5470E+41  0.0000E+00  9.5470E+41  8.5692E+06
  2.3710E-02  8.1834E+41  0.0000E+00  8.1834E+41  1.6212E+05
  2.6610E-02  6.8563E+41  0.0000E+00  6.8563E+41  2.1198E+03
  2.9850E-02  5.7493E+41  0.0000E+00  5.7493E+41  2.9695E+01
  3.3500E-02  4.7926E+41  0.0000E+00  4.7926E+41  3.8697E-01
  3.7580E-02  4.8667E+41  0.0000E+00  4.8667E+41  1.3201E-01
  4.2170E-02  4.6219E+41  1.2602E-89  4.6219E+41  1.6296E-03
  4.7320E-02  2.8598E+41  2.3073E-83  2.8598E+41  4.6228E-08
  5.3090E-02  1.5225E+41  4.4904E-79  1.5225E+41  1.5301E-13
  6.6830E-02  1.6525E+40  4.2918E-83  1.6525E+40  2.7089E-35
  7.4990E-02  4.3349E+39  5.5873E-89  4.3349E+39  3.6673E-49
  8.4140E-02  5.5663E+39  3.6520E-80  5.5663E+39  9.6526E-46
  9.4410E-02  6.9367E+39  6.3153E-73  6.9367E+39  2.2540E-43
  1.0590E-01  1.7048E+40  8.9695E-60  1.7048E+40  9.5049E-34
  1.1890E-01  4.2785E+40  4.4906E-46  4.2785E+40  7.5149E-23
  1.3340E-01  8.8457E+40  1.1277E-35  8.8457E+40  5.6635E-15
  1.4960E-01  1.3067E+41  5.2884E-28  1.3067E+41  6.2583E-10
  1.5850E-01  1.3515E+41  1.1355E-25  1.3515E+41  4.9976E-09
  1.7780E-01  1.0134E+41  2.8652E-24  1.0134E+41  1.2603E-10
  1.9950E-01  2.8414E+40  6.9869E-30  2.8414E+40  7.5099E-20
  2.2390E-01  1.3157E+40  8.2214E-32  1.3157E+40  1.8755E-25
  2.3710E-01  2.7173E+40  3.2868E-25  2.7173E+40  1.2117E-18
  2.5120E-01  5.7942E+40  2.4667E-18  5.7942E+40  1.5313E-11
  2.6610E-01  9.5367E+40  2.5460E-13  9.5367E+40  9.7823E-07
  2.8180E-01  1.3375E+41  1.7872E-09  1.3375E+41  2.8738E-03
  2.9850E-01  1.7316E+41  2.6847E-06  1.7316E+41  1.5541E+00
  3.1620E-01  2.1912E+41  2.0683E-03  2.1912E+41  4.3686E+02
  3.3500E-01  2.7171E+41  9.7084E-01  2.7171E+41  7.6646E+04
  3.5480E-01  3.2738E+41  2.6020E+02  3.2738E+41  7.8009E+06
  3.7580E-01  3.9315E+41  6.0027E+04  3.9315E+41  7.3808E+08
  3.9810E-01  4.6354E+41  8.9874E+06  4.6354E+41  4.6408E+10
  4.2170E-01  5.5687E+41  1.5872E+09  5.5687E+41  4.0052E+12
  4.4670E-01  6.6607E+41  2.2225E+11  6.6607E+41  2.9148E+14
  4.7320E-01  7.9129E+41  2.6299E+13  7.9129E+41  1.9033E+16
  5.0120E-01  9.3007E+41  2.5355E+15  9.3007E+41  1.0650E+18
  5.3090E-01  1.0916E+42  2.3276E+17  1.0916E+42  6.0869E+19
  5.6230E-01  1.2576E+42  1.5072E+19  1.2576E+42  2.4768E+21
  5.9570E-01  1.4296E+42  7.7667E+20  1.4296E+42  8.1976E+22
  6.3100E-01  1.6136E+42  3.5151E+22  1.6136E+42  2.4922E+24
  6.6830E-01  1.8053E+42  1.3956E+24  1.8053E+42  6.9155E+25
  7.0790E-01  2.0019E+42  4.7203E+25  2.0019E+42  1.6800E+27
  7.4990E-01  2.1862E+42  1.2552E+27  2.1862E+42  3.2488E+28
  7.9430E-01  2.3620E+42  2.8634E+28  2.3620E+42  5.5456E+29
  8.4140E-01  2.5257E+42  5.7409E+29  2.5257E+42  8.5425E+30
  8.9130E-01  2.6839E+42  1.1007E+31  2.6839E+42  1.3072E+32
  9.4410E-01  2.8144E+42  1.8029E+32  2.8144E+42  1.7407E+33
  1.0000E+00  2.8990E+42  2.3529E+33  2.8990E+42  1.8579E+34
  1.0590E+00  2.9420E+42  2.5055E+34  2.9420E+42  1.6347E+35
  1.1220E+00  2.9427E+42  2.2769E+35  2.9427E+42  1.2374E+36
  1.1890E+00  2.9001E+42  1.8022E+36  2.9001E+42  8.2516E+36
  1.2590E+00  2.8175E+42  1.2735E+37  2.8174E+42  5.0259E+37
  1.3340E+00  2.6945E+42  7.6704E+37  2.6942E+42  2.6171E+38
  1.4130E+00  2.5436E+42  3.7989E+38  2.5421E+42  1.1277E+39
  1.4960E+00  2.3745E+42  1.5999E+39  2.3687E+42  4.1672E+39
  1.5850E+00  2.1963E+42  5.9484E+39  2.1767E+42  1.3638E+40
  1.6790E+00  2.0329E+42  1.9796E+40  1.9726E+42  4.0434E+40
  1.7780E+00  1.9280E+42  5.9225E+40  1.7597E+42  1.0916E+41
  1.8840E+00  1.9693E+42  1.5991E+41  1.5420E+42  2.6740E+41
  1.9950E+00  2.3108E+42  3.8801E+41  1.3278E+42  5.9496E+41
  2.1130E+00  3.1749E+42  8.4994E+41  1.1232E+42  1.2017E+42
  2.2390E+00  4.8346E+42  1.6881E+42  9.3413E+41  2.2124E+42
  2.3710E+00  7.5516E+42  3.0496E+42  7.6498E+41  3.7370E+42
  2.5120E+00  1.1507E+43  5.0646E+42  6.1792E+41  5.8242E+42
  2.6610E+00  1.6749E+43  7.7912E+42  4.9316E+41  8.4646E+42
  2.8180E+00  2.3178E+43  1.1200E+43  3.8922E+41  1.1589E+43
  2.9850E+00  3.0531E+43  1.5180E+43  3.0417E+41  1.5048E+43
  3.1620E+00  3.8482E+43  1.9548E+43  2.3558E+41  1.8699E+43
  3.3500E+00  4.6478E+43  2.4044E+43  1.8111E+41  2.2253E+43
  3.5480E+00  5.4298E+43  2.8437E+43  1.3817E+41  2.5723E+43
  3.7580E+00  6.1483E+43  3.2496E+43  1.0468E+41  2.8882E+43
  3.9810E+00  6.7742E+43  3.6033E+43  7.8810E+40  3.1630E+43
  4.2170E+00  7.2872E+43  3.8895E+43  5.8985E+40  3.3918E+43
  4.4670E+00  7.6775E+43  4.1011E+43  4.3901E+40  3.5720E+43
  4.7320E+00  7.9371E+43  4.2366E+43  3.2501E+40  3.6972E+43
  5.0120E+00  8.0796E+43  4.2996E+43  2.3987E+40  3.7776E+43
  5.3090E+00  7.9800E+43  4.2946E+43  1.7341E+40  3.6836E+43
  5.6230E+00  7.7534E+43  4.2336E+43  1.2444E+40  3.5186E+43
  5.9570E+00  7.4244E+43  4.1301E+43  8.8737E+39  3.2934E+43
  6.3100E+00  7.0160E+43  3.9719E+43  6.2675E+39  3.0435E+43
  6.6830E+00  6.5913E+43  3.8222E+43  4.4180E+39  2.7686E+43
  7.0790E+00  6.1280E+43  3.6345E+43  3.0744E+39  2.4931E+43
  7.4990E+00  5.6078E+43  3.5145E+43  2.1719E+39  2.0930E+43
  7.9430E+00  4.8384E+43  3.5468E+43  1.7519E+39  1.2914E+43
  8.4140E+00  3.6292E+43  3.0920E+43  1.6304E+39  5.3707E+42
  8.9130E+00  2.5845E+43  2.3662E+43  1.5090E+39  2.1811E+42
  9.4410E+00  1.8307E+43  1.7404E+43  1.4760E+39  9.0196E+41
  1.0000E+01  1.9625E+43  1.8573E+43  1.1141E+39  1.0504E+42
  1.0590E+01  2.1837E+43  2.0422E+43  7.8991E+38  1.4137E+42
  1.1220E+01  2.4015E+43  2.2019E+43  5.0445E+38  1.9954E+42
  1.1890E+01  2.4393E+43  2.1962E+43  3.2277E+38  2.4314E+42
  1.2590E+01  2.3823E+43  2.1063E+43  2.0253E+38  2.7596E+42
  1.3340E+01  2.2465E+43  1.9593E+43  1.2658E+38  2.8712E+42
  1.4130E+01  2.0868E+43  1.8202E+43  8.1145E+37  2.6655E+42
  1.4960E+01  1.9504E+43  1.7442E+43  5.8744E+37  2.0623E+42
  1.5850E+01  1.8348E+43  1.6843E+43  4.5624E+37  1.5051E+42
  1.6790E+01  1.7376E+43  1.6296E+43  3.7159E+37  1.0807E+42
  1.7780E+01  1.6655E+43  1.5848E+43  3.0871E+37  8.0745E+41
  1.8840E+01  1.6242E+43  1.5583E+43  2.5150E+37  6.5866E+41
  1.9950E+01  1.6068E+43  1.5478E+43  1.9494E+37  5.9012E+41
  2.1130E+01  1.5975E+43  1.5442E+43  1.4688E+37  5.3305E+41
  2.2390E+01  1.5925E+43  1.5454E+43  1.1153E+37  4.7071E+41
  2.3710E+01  1.5899E+43  1.5488E+43  8.4975E+36  4.1065E+41
  2.5120E+01  1.5831E+43  1.5478E+43  6.5053E+36  3.5323E+41
  2.6610E+01  1.5677E+43  1.5375E+43  4.9590E+36  3.0167E+41
  2.8180E+01  1.5388E+43  1.5133E+43  3.7704E+36  2.5595E+41
  2.9850E+01  1.4921E+43  1.4705E+43  2.8455E+36  2.1575E+41
  3.1620E+01  1.4253E+43  1.4072E+43  2.1201E+36  1.8121E+41
  3.3500E+01  1.3385E+43  1.3234E+43  1.5569E+36  1.5164E+41
  3.5480E+01  1.2347E+43  1.2220E+43  1.1260E+36  1.2666E+41
  3.7580E+01  1.1180E+43  1.1075E+43  8.0049E+35  1.0560E+41
  3.9810E+01  9.9297E+42  9.8417E+42  5.5904E+35  8.7968E+40
  4.2170E+01  8.6625E+42  8.5893E+42  3.8369E+35  7.3180E+40
  4.4670E+01  7.4306E+42  7.3699E+42  2.5879E+35  6.0755E+40
  4.7320E+01  6.2762E+42  6.2259E+42  1.7187E+35  5.0302E+40
  5.0120E+01  5.2267E+42  5.1852E+42  1.1254E+35  4.1559E+40
  5.3090E+01  4.2943E+42  4.2601E+42  7.2726E+34  3.4230E+40
  5.6230E+01  3.4872E+42  3.4591E+42  4.6457E+34  2.8122E+40
  5.9570E+01  2.7991E+42  2.7760E+42  2.9340E+34  2.3020E+40
  6.3100E+01  2.2255E+42  2.2067E+42  1.8362E+34  1.8802E+40
  6.6830E+01  1.7543E+42  1.7389E+42  1.1398E+34  1.5325E+40
  7.0790E+01  1.3718E+42  1.3593E+42  7.0217E+33  1.2455E+40
  7.4990E+01  1.0647E+42  1.0546E+42  4.2954E+33  1.0098E+40
  7.9430E+01  8.2118E+41  8.1301E+41  2.6129E+33  8.1737E+39
  8.4140E+01  6.2963E+41  6.2303E+41  1.5804E+33  6.6021E+39
  8.9130E+01  4.8050E+41  4.7518E+41  9.5196E+32  5.3232E+39
  9.4410E+01  3.6508E+41  3.6079E+41  5.7115E+32  4.2870E+39
  1.0000E+02  2.7621E+41  2.7276E+41  3.4135E+32  3.4483E+39
  1.0590E+02  2.0841E+41  2.0564E+41  2.0358E+32  2.7724E+39
  1.1220E+02  1.5677E+41  1.5455E+41  1.2104E+32  2.2225E+39
  1.1890E+02  1.1785E+41  1.1607E+41  7.1949E+31  1.7784E+39
  1.2590E+02  8.8990E+40  8.7564E+40  4.2986E+31  1.4260E+39
  1.3340E+02  6.7308E+40  6.6169E+40  2.5771E+31  1.1395E+39
  1.4130E+02  5.0466E+40  4.9555E+40  1.5372E+31  9.1138E+38
  1.4960E+02  3.7040E+40  3.6310E+40  8.9665E+30  7.3016E+38
  1.5850E+02  2.6967E+40  2.6384E+40  5.1748E+30  5.8303E+38
  1.7780E+02  1.4390E+40  1.4018E+40  1.7341E+30  3.7206E+38
  1.9950E+02  7.6783E+39  7.4415E+39  5.8170E+29  2.3675E+38
  2.2390E+02  4.0823E+39  3.9320E+39  1.9475E+29  1.5031E+38
  2.5120E+02  2.1654E+39  2.0699E+39  6.5128E+28  9.5447E+37
  2.8180E+02  1.1453E+39  1.0848E+39  2.1746E+28  6.0576E+37
  3.1620E+02  6.0397E+38  5.6558E+38  7.2477E+27  3.8382E+37
  3.5480E+02  3.1809E+38  2.9378E+38  2.4148E+27  2.4303E+37
  3.9810E+02  1.6745E+38  1.5207E+38  8.0543E+26  1.5382E+37
  4.4670E+02  8.8185E+37  7.8455E+37  2.6914E+26  9.7304E+36
  5.0120E+02  4.6528E+37  4.0373E+37  9.0236E+25  6.1544E+36
  5.6230E+02  2.4626E+37  2.0733E+37  3.0390E+25  3.8928E+36
  6.3100E+02  1.3072E+37  1.0613E+37  1.0285E+25  2.4591E+36
  7.0790E+02  6.9827E+36  5.4278E+36  3.5083E+24  1.5549E+36
  7.9430E+02  3.7510E+36  2.7687E+36  1.2055E+24  9.8229E+35
  8.9130E+02  2.0299E+36  1.4096E+36  4.1790E+23  6.2029E+35
  1.0000E+03  1.1088E+36  7.1690E+35  1.4644E+23  3.9189E+35
