  1.0000E-03  4.3896E+42  0.0000E+00  2.0876E+42  2.3020E+42
  1.1220E-03  1.3101E+42  0.0000E+00  7.3623E+41  5.7385E+41
  1.2590E-03  3.8825E+41  0.0000E+00  2.5837E+41  1.2988E+41
  1.4130E-03  1.2129E+41  0.0000E+00  9.3944E+40  2.7350E+40
  1.5850E-03  5.0031E+40  0.0000E+00  4.2669E+40  7.3617E+39
  1.7780E-03  4.8614E+40  0.0000E+00  4.3638E+40  4.9760E+39
  1.9950E-03  1.2847E+40  0.0000E+00  1.2504E+40  3.4311E+38
  2.2390E-03  4.2615E+39  0.0000E+00  4.2163E+39  4.5149E+37
  2.5120E-03  4.2623E+39  0.0000E+00  4.2429E+39  1.9356E+37
  2.8180E-03  8.9584E+38  0.0000E+00  8.9543E+38  4.0980E+35
  3.1620E-03  2.1899E+38  0.0000E+00  2.1898E+38  1.3017E+34
  3.5480E-03  5.8700E+37  0.0000E+00  5.8699E+37  5.0929E+32
  3.9810E-03  1.7822E+37  0.0000E+00  1.7822E+37  2.7157E+31
  4.4670E-03  1.1897E+40  0.0000E+00  1.1891E+40  6.3803E+36
  5.0120E-03  2.3343E+39  0.0000E+00  2.3342E+39  9.7198E+34
  5.6230E-03  4.7476E+38  0.0000E+00  4.7476E+38  1.5325E+33
  5.9570E-03  2.2390E+38  0.0000E+00  2.2390E+38  2.1111E+32
  6.6830E-03  5.9612E+37  0.0000E+00  5.9612E+37  6.1677E+30
  7.4990E-03  2.1363E+37  0.0000E+00  2.1363E+37  3.8036E+29
  8.4140E-03  6.6249E+36  0.0000E+00  6.6249E+36  1.3845E+28
  9.4410E-03  2.5354E+36  0.0000E+00  2.5354E+36  9.7674E+26
  1.0590E-02  1.4221E+36  0.0000E+00  1.4221E+36  2.9429E+26
  1.1890E-02  5.8359E+35  0.0000E+00  5.8359E+35  1.4692E+25
  1.3340E-02  2.6563E+35  0.0000E+00  2.6563E+35  1.5655E+24
  1.4960E-02  1.0652E+35  0.0000E+00  1.0652E+35  9.0685E+22
  1.6790E-02  4.5446E+34  0.0000E+00  4.5446E+34  6.8214E+21
  1.8840E-02  2.1178E+34  0.0000E+00  2.1178E+34  7.1801E+20
  2.1130E-02  9.7245E+33  0.0000E+00  9.7245E+33  5.6314E+19
  2.3710E-02  4.2966E+33  0.0000E+00  4.2966E+33  3.9720E+18
  2.6610E-02  1.7748E+33  0.0000E+00  1.7748E+33  2.1857E+17
  2.9850E-02  7.4223E+32  0.0000E+00  7.4223E+32  1.2556E+16
  3.3500E-02  3.0519E+32  0.0000E+00  3.0519E+32  6.8608E+14
  3.7580E-02  2.4540E+32  1.2268E-86  2.4540E+32  3.4615E+14
  4.2170E-02  1.5187E+32  2.4959E-76  1.5187E+32  1.8234E+13
  4.7320E-02  2.1738E+31  5.0107E-69  2.1738E+31  1.5367E+10
  5.3090E-02  2.0263E+30  1.6929E-63  2.0263E+30  2.9505E+06
  6.6830E-02  2.3682E+26  1.2326E-62  2.3682E+26  5.3824E-09
  7.4990E-02  7.0638E+23  1.6641E-65  7.0638E+23  2.0223E-18
  8.4140E-02  2.6449E+24  1.8077E-57  2.6449E+24  4.3695E-16
  9.4410E-02  7.2410E+24  8.6606E-51  7.2410E+24  1.8272E-14
  1.0590E-01  4.4158E+26  8.1551E-40  4.4158E+26  6.5159E-08
  1.1890E-01  3.5340E+28  1.7308E-28  3.5340E+28  1.6482E+00
  1.3340E-01  9.3037E+29  9.6832E-20  9.3037E+29  3.6748E+05
  1.4960E-01  6.4508E+30  3.5367E-13  6.4508E+30  9.8178E+08
  1.5850E-01  8.5549E+30  4.5700E-11  8.5549E+30  3.9265E+09
  1.7780E-01  3.2643E+30  2.0539E-09  3.2643E+30  2.7868E+08
  1.9950E-01  4.0401E+28  3.3022E-13  4.0401E+28  1.2285E+02
  2.2390E-01  3.7439E+27  6.2110E-15  3.7439E+27  1.5916E-02
  2.3710E-01  8.0482E+28  1.7973E-09  8.0482E+28  6.4137E+02
  2.5120E-01  1.7360E+30  7.2252E-04  1.7360E+30  4.0772E+07
  2.6610E-01  1.3005E+31  7.5408E+00  1.3005E+31  7.1496E+10
  2.8180E-01  5.3240E+31  8.8969E+03  5.3240E+31  1.5439E+13
  2.9850E-01  1.6202E+32  3.0344E+06  1.6202E+32  1.0573E+15
  3.1620E-01  4.5312E+32  5.9637E+08  4.5312E+32  4.6422E+16
  3.3500E-01  1.1815E+33  7.7647E+10  1.1815E+33  1.4796E+18
  3.5480E-01  2.8013E+33  6.3845E+12  2.8013E+33  3.2602E+19
  3.7580E-01  6.5997E+33  4.6065E+14  6.5997E+33  6.8105E+20
  3.9810E-01  1.4695E+34  2.3231E+16  1.4695E+34  1.0815E+22
  4.2170E-01  3.5294E+34  1.3315E+18  3.5294E+34  2.1197E+23
  4.4670E-01  8.4279E+34  6.3056E+19  8.4279E+34  3.7071E+24
  4.7320E-01  1.9929E+35  2.6079E+21  1.9929E+35  6.0228E+25
  5.0120E-01  4.6081E+35  9.1558E+22  4.6081E+35  8.8137E+26
  5.3090E-01  1.0798E+36  3.0883E+24  1.0798E+36  1.3059E+28
  5.6230E-01  2.4047E+36  7.8383E+25  2.4047E+36  1.5410E+29
  5.9570E-01  5.2051E+36  1.6489E+27  5.2051E+36  1.5824E+30
  6.3100E-01  1.1226E+37  3.1173E+28  1.1226E+37  1.5346E+31
  6.6830E-01  2.4036E+37  5.2813E+29  2.4036E+37  1.3989E+32
  7.0790E-01  5.1156E+37  7.8351E+30  5.1155E+37  1.1672E+33
  7.4990E-01  1.0549E+38  9.5554E+31  1.0548E+38  8.3632E+33
  7.9430E-01  2.1530E+38  1.0287E+33  2.1524E+38  5.5168E+34
  8.4140E-01  4.3590E+38  9.9591E+33  4.3555E+38  3.3976E+35
  8.9130E-01  8.9669E+38  9.2833E+34  8.9451E+38  2.0850E+36
  9.4410E-01  1.8088E+39  7.6112E+35  1.7964E+39  1.1654E+37
  1.0000E+00  3.4991E+39  5.1980E+36  3.4378E+39  5.6117E+37
  1.0590E+00  6.6054E+39  3.0203E+37  6.3378E+39  2.3742E+38
  1.1220E+00  1.2462E+40  1.5474E+38  1.1399E+40  9.0822E+38
  1.1890E+00  2.4091E+40  7.1101E+38  2.0189E+40  3.1915E+39
  1.2590E+00  4.9428E+40  2.9919E+39  3.5876E+40  1.0561E+40
  1.3340E+00  1.0627E+41  1.1078E+40  6.3757E+40  3.1430E+40
  1.4130E+00  2.2962E+41  3.5150E+40  1.1217E+41  8.2302E+40
  1.4960E+00  4.8793E+41  9.8211E+40  1.9542E+41  1.9430E+41
  1.5850E+00  1.0066E+42  2.4855E+41  3.3567E+41  4.2238E+41
  1.6790E+00  1.9985E+42  5.7666E+41  5.6288E+41  8.5898E+41
  1.7780E+00  3.7774E+42  1.2307E+42  9.0680E+41  1.6399E+42
  1.8840E+00  6.7340E+42  2.4208E+42  1.3826E+42  2.9307E+42
  1.9950E+00  1.1268E+43  4.3842E+42  1.9757E+42  4.9083E+42
  2.1130E+00  1.7659E+43  7.3287E+42  2.6325E+42  7.6975E+42
  2.2390E+00  2.5945E+43  1.1342E+43  3.2698E+42  1.1334E+43
  2.3710E+00  3.5869E+43  1.6328E+43  3.7969E+42  1.5744E+43
  2.5120E+00  4.6869E+43  2.2022E+43  4.1443E+42  2.0703E+43
  2.6610E+00  5.8268E+43  2.8022E+43  4.2822E+42  2.5964E+43
  2.8180E+00  6.9384E+43  3.3894E+43  4.2184E+42  3.1271E+43
  2.9850E+00  7.9550E+43  3.9238E+43  3.9852E+42  3.6327E+43
  3.1620E+00  8.8343E+43  4.3750E+43  3.6343E+42  4.0959E+43
  3.3500E+00  9.5256E+43  4.7209E+43  3.2062E+42  4.4841E+43
  3.5480E+00  1.0051E+44  4.9610E+43  2.7604E+42  4.8138E+43
  3.7580E+00  1.0392E+44  5.0933E+43  2.3211E+42  5.0661E+43
  3.9810E+00  1.0556E+44  5.1232E+43  1.9120E+42  5.2417E+43
  4.2170E+00  1.0566E+44  5.0642E+43  1.5476E+42  5.3466E+43
  4.4670E+00  1.0441E+44  4.9308E+43  1.2332E+42  5.3869E+43
  4.7320E+00  1.0195E+44  4.7339E+43  9.6764E+41  5.3639E+43
  5.0120E+00  9.8627E+43  4.4892E+43  7.4991E+41  5.2985E+43
  5.3090E+00  9.2804E+43  4.2064E+43  5.6419E+41  5.0176E+43
  5.6230E+00  8.6163E+43  3.9002E+43  4.1733E+41  4.6743E+43
  5.9570E+00  7.8976E+43  3.5829E+43  3.0370E+41  4.2844E+43
  6.3100E+00  7.1632E+43  3.2563E+43  2.1798E+41  3.8851E+43
  6.6830E+00  6.4632E+43  2.9690E+43  1.5488E+41  3.4787E+43
  7.0790E+00  5.7816E+43  2.6835E+43  1.0832E+41  3.0873E+43
  7.4990E+00  4.9834E+43  2.3662E+43  7.1628E+40  2.6100E+43
  7.9430E+00  3.6768E+43  1.8781E+43  3.9419E+40  1.7948E+43
  8.4140E+00  2.2178E+43  1.2684E+43  1.8418E+40  9.4761E+42
  8.9130E+00  1.3275E+43  8.3488E+42  9.2692E+39  4.9174E+42
  9.4410E+00  8.1165E+42  5.5319E+42  5.3819E+39  2.5792E+42
  1.0000E+01  8.7157E+42  6.0198E+42  5.0476E+39  2.6908E+42
  1.0590E+01  9.9917E+42  6.8987E+42  4.9501E+39  3.0880E+42
  1.1220E+01  1.1542E+43  7.8855E+42  4.6023E+39  3.6516E+42
  1.1890E+01  1.2138E+43  8.2233E+42  3.8881E+39  3.9111E+42
  1.2590E+01  1.2237E+43  8.2385E+42  3.0759E+39  3.9952E+42
  1.3340E+01  1.1756E+43  7.9087E+42  2.2718E+39  3.8453E+42
  1.4130E+01  1.0820E+43  7.3896E+42  1.5597E+39  3.4291E+42
  1.4960E+01  9.5458E+42  6.8367E+42  1.0315E+39  2.7080E+42
  1.5850E+01  8.4087E+42  6.3540E+42  7.0438E+38  2.0540E+42
  1.6790E+01  7.4907E+42  5.9499E+42  5.0355E+38  1.5403E+42
  1.7780E+01  6.8291E+42  5.6430E+42  3.8044E+38  1.1858E+42
  1.8840E+01  6.3967E+42  5.4299E+42  2.9913E+38  9.6650E+41
  1.9950E+01  6.0987E+42  5.2598E+42  2.3556E+38  8.3868E+41
  2.1130E+01  5.8006E+42  5.0693E+42  1.7974E+38  7.3118E+41
  2.2390E+01  5.4808E+42  4.8534E+42  1.3537E+38  6.2728E+41
  2.3710E+01  5.1544E+42  4.6203E+42  1.0087E+38  5.3399E+41
  2.5120E+01  4.8094E+42  4.3595E+42  7.4635E+37  4.4988E+41
  2.6610E+01  4.4511E+42  4.0740E+42  5.4621E+37  3.7714E+41
  2.8180E+01  4.0804E+42  3.7656E+42  3.9686E+37  3.1479E+41
  2.9850E+01  3.6953E+42  3.4338E+42  2.8548E+37  2.6147E+41
  3.1620E+01  3.3014E+42  3.0848E+42  2.0273E+37  2.1659E+41
  3.3500E+01  2.9057E+42  2.7268E+42  1.4202E+37  1.7890E+41
  3.5480E+01  2.5204E+42  2.3727E+42  9.8198E+36  1.4761E+41
  3.7580E+01  2.1522E+42  2.0306E+42  6.6920E+36  1.2160E+41
  3.9810E+01  1.8076E+42  1.7075E+42  4.4943E+36  1.0009E+41
  4.2170E+01  1.4959E+42  1.4136E+42  2.9751E+36  8.2292E+40
  4.4670E+01  1.2209E+42  1.1534E+42  1.9405E+36  6.7557E+40
  4.7320E+01  9.8411E+41  9.2876E+41  1.2492E+36  5.5346E+40
  5.0120E+01  7.8447E+41  7.3920E+41  7.9480E+35  4.5278E+40
  5.3090E+01  6.1868E+41  5.8173E+41  5.0006E+35  3.6954E+40
  5.6230E+01  4.8366E+41  4.5355E+41  3.1167E+35  3.0110E+40
  5.9570E+01  3.7470E+41  3.5024E+41  1.9240E+35  2.4461E+40
  6.3100E+01  2.8834E+41  2.6850E+41  1.1794E+35  1.9844E+40
  6.6830E+01  2.2058E+41  2.0450E+41  7.1856E+34  1.6076E+40
  7.0790E+01  1.6781E+41  1.5481E+41  4.3525E+34  1.2994E+40
  7.4990E+01  1.2702E+41  1.1653E+41  2.6232E+34  1.0484E+40
  7.9430E+01  9.5788E+40  8.7338E+40  1.5754E+34  8.4499E+39
  8.4140E+01  7.1976E+40  6.5177E+40  9.4264E+33  6.7993E+39
  8.9130E+01  5.3954E+40  4.8490E+40  5.6283E+33  5.4639E+39
  9.4410E+01  4.0359E+40  3.5971E+40  3.3544E+33  4.3873E+39
  1.0000E+02  3.0130E+40  2.6610E+40  1.9958E+33  3.5198E+39
  1.0590E+02  2.2482E+40  1.9659E+40  1.1876E+33  2.8234E+39
  1.1220E+02  1.6754E+40  1.4495E+40  7.0558E+32  2.2588E+39
  1.1890E+02  1.2498E+40  1.0693E+40  4.1977E+32  1.8043E+39
  1.2590E+02  9.3797E+39  7.9351E+39  2.5134E+32  1.4446E+39
  1.3340E+02  7.0572E+39  5.9043E+39  1.5107E+32  1.1529E+39
  1.4130E+02  5.2797E+39  4.3587E+39  9.0699E+31  9.2098E+38
  1.4960E+02  3.8877E+39  3.1507E+39  5.3655E+31  7.3696E+38
  1.5850E+02  2.8480E+39  2.2602E+39  3.1522E+31  5.8781E+38
  1.7780E+02  1.5482E+39  1.1737E+39  1.1016E+31  3.7444E+38
  1.9950E+02  8.4870E+38  6.1075E+38  3.8894E+30  2.3795E+38
  2.2390E+02  4.6804E+38  3.1713E+38  1.3850E+30  1.5091E+38
  2.5120E+02  2.6017E+38  1.6442E+38  4.9807E+29  9.5749E+37
  2.8180E+02  1.4575E+38  8.5027E+37  1.8080E+29  6.0728E+37
  3.1620E+02  8.2275E+37  4.3817E+37  6.6185E+28  3.8459E+37
  3.5480E+02  4.6869E+37  2.2528E+37  2.4446E+28  2.4341E+37
  3.9810E+02  2.6958E+37  1.1556E+37  9.1147E+27  1.5402E+37
  4.4670E+02  1.5655E+37  5.9151E+36  3.4273E+27  9.7401E+36
  5.0120E+02  9.1822E+36  3.0228E+36  1.2995E+27  6.1593E+36
  5.6230E+02  5.4381E+36  1.5429E+36  4.9643E+26  3.8952E+36
  6.3100E+02  3.2459E+36  7.8555E+35  1.9075E+26  2.4604E+36
  7.0790E+02  1.9553E+36  3.9984E+35  7.3800E+25  1.5555E+36
  7.9430E+02  1.1857E+36  2.0311E+35  2.8675E+25  9.8260E+35
  8.9130E+02  7.2347E+35  1.0302E+35  1.1187E+25  6.2044E+35
  1.0000E+03  4.4420E+35  5.2227E+34  4.3831E+24  3.9197E+35
