  1.0000E-03  8.8636E+44  2.2875E+00  9.7419E+42  8.7662E+44
  1.1220E-03  9.9445E+44  2.1115E+00  1.0877E+43  9.8357E+44
  1.2590E-03  1.1154E+45  1.9494E+00  1.1716E+43  1.1037E+45
  1.4130E-03  1.2509E+45  1.8027E+00  1.2245E+43  1.2387E+45
  1.5850E-03  1.4022E+45  1.7127E+00  1.2742E+43  1.3894E+45
  1.7780E-03  1.5740E+45  1.7650E+00  1.5430E+43  1.5586E+45
  1.9950E-03  1.7650E+45  1.4946E+00  1.6189E+43  1.7488E+45
  2.2390E-03  1.9785E+45  1.3465E+00  1.5804E+43  1.9627E+45
  2.5120E-03  2.2221E+45  1.3333E+00  2.0087E+43  2.2020E+45
  2.8180E-03  2.4908E+45  1.0670E+00  2.0581E+43  2.4702E+45
  3.1620E-03  2.7924E+45  8.9786E-01  2.0579E+43  2.7718E+45
  3.5480E-03  3.1307E+45  7.7870E-01  2.0372E+43  3.1103E+45
  3.9810E-03  3.5099E+45  6.9893E-01  2.0063E+43  3.4898E+45
  4.4670E-03  3.9658E+45  2.8808E+00  5.0012E+43  3.9158E+45
  5.0120E-03  4.4449E+45  2.1646E+00  5.1340E+43  4.3936E+45
  5.6230E-03  4.9815E+45  1.6690E+00  5.2269E+43  4.9292E+45
  5.9570E-03  5.2747E+45  1.4874E+00  5.2682E+43  5.2220E+45
  6.6830E-03  5.9122E+45  1.2351E+00  5.3706E+43  5.8585E+45
  7.4990E-03  6.6294E+45  1.0846E+00  5.5605E+43  6.5738E+45
  8.4140E-03  7.4329E+45  9.4133E-01  5.7096E+43  7.3758E+45
  9.4410E-03  8.3347E+45  8.5397E-01  5.8584E+43  8.2761E+45
  1.0590E-02  9.3427E+45  8.3366E-01  5.9397E+43  9.2833E+45
  1.1890E-02  1.0487E+46  7.5642E-01  6.3924E+43  1.0423E+46
  1.3340E-02  1.1760E+46  7.1261E-01  6.6054E+43  1.1694E+46
  1.4960E-02  1.3183E+46  6.5743E-01  6.8805E+43  1.3114E+46
  1.6790E-02  1.4790E+46  6.1739E-01  7.1273E+43  1.4718E+46
  1.8840E-02  1.6589E+46  5.9059E-01  7.3631E+43  1.6515E+46
  2.1130E-02  1.8601E+46  5.6241E-01  7.7290E+43  1.8524E+46
  2.3710E-02  2.0865E+46  5.3721E-01  8.0677E+43  2.0785E+46
  2.6610E-02  2.3410E+46  5.1225E-01  8.3930E+43  2.3326E+46
  2.9850E-02  2.6253E+46  4.9253E-01  8.7125E+43  2.6166E+46
  3.3500E-02  2.9457E+46  4.7730E-01  9.0183E+43  2.9367E+46
  3.7580E-02  3.3039E+46  5.1935E-01  9.7062E+43  3.2942E+46
  4.2170E-02  3.7081E+46  5.1629E-01  1.1401E+44  3.6967E+46
  4.7320E-02  4.1598E+46  4.4484E-01  1.1575E+44  4.1482E+46
  5.3090E-02  4.3321E+46  3.7107E-01  1.0862E+44  4.3212E+46
  6.6830E-02  4.1352E+46  2.5930E-01  8.4177E+43  4.1268E+46
  7.4990E-02  4.0405E+46  2.7621E-01  7.7078E+43  4.0328E+46
  8.4140E-02  3.9484E+46  2.0639E+04  7.4268E+43  3.9410E+46
  9.4410E-02  3.8586E+46  2.5972E+09  7.3404E+43  3.8513E+46
  1.0590E-01  3.5130E+46  8.2385E+13  7.4139E+43  3.5055E+46
  1.1890E-01  2.9536E+46  7.0106E+17  6.8380E+43  2.9467E+46
  1.3340E-01  2.4862E+46  1.5175E+21  6.6763E+43  2.4795E+46
  1.4960E-01  2.0938E+46  1.7772E+24  5.9485E+43  2.0878E+46
  1.5850E-01  1.9199E+46  5.2322E+25  5.4306E+43  1.9145E+46
  1.7780E-01  1.6156E+46  2.5863E+28  4.2038E+43  1.6114E+46
  1.9950E-01  1.3583E+46  6.8789E+30  2.5203E+43  1.3558E+46
  2.2390E-01  1.1424E+46  8.2696E+32  2.0372E+43  1.1403E+46
  2.3710E-01  1.0487E+46  5.8546E+33  2.2765E+43  1.0464E+46
  2.5120E-01  9.6205E+45  3.5413E+34  2.4678E+43  9.5958E+45
  2.6610E-01  8.8263E+45  1.9691E+35  2.5111E+43  8.8012E+45
  2.8180E-01  8.1007E+45  9.9480E+35  2.4631E+43  8.0761E+45
  2.9850E-01  7.4318E+45  4.5557E+36  2.3877E+43  7.4079E+45
  3.1620E-01  6.8179E+45  1.8709E+37  2.3205E+43  6.7947E+45
  3.3500E-01  6.2533E+45  7.0044E+37  2.2505E+43  6.2308E+45
  3.5480E-01  5.7382E+45  2.3977E+38  2.1715E+43  5.7165E+45
  3.7580E-01  5.2651E+45  7.5916E+38  2.0903E+43  5.2442E+45
  3.9810E-01  4.8299E+45  2.2126E+39  2.0130E+43  4.8097E+45
  4.2170E-01  4.4311E+45  5.9353E+39  1.9432E+43  4.4116E+45
  4.4670E-01  4.0654E+45  1.4762E+40  1.8822E+43  4.0466E+45
  4.7320E-01  3.7297E+45  3.4531E+40  1.8202E+43  3.7115E+45
  5.0120E-01  3.4224E+45  7.6156E+40  1.7551E+43  3.4048E+45
  5.3090E-01  3.1402E+45  1.5929E+41  1.6885E+43  3.1232E+45
  5.6230E-01  2.8817E+45  3.1512E+41  1.6230E+43  2.8651E+45
  5.9570E-01  2.6437E+45  5.9381E+41  1.5573E+43  2.6276E+45
  6.3100E-01  2.4263E+45  1.0657E+42  1.4922E+43  2.4103E+45
  6.6830E-01  2.2275E+45  1.8244E+42  1.4264E+43  2.2114E+45
  7.0790E-01  2.0451E+45  2.9921E+42  1.3636E+43  2.0284E+45
  7.4990E-01  1.8782E+45  4.7063E+42  1.3017E+43  1.8605E+45
  7.9430E-01  1.7261E+45  7.1167E+42  1.2405E+43  1.7066E+45
  8.4140E-01  1.5875E+45  1.0389E+43  1.1794E+43  1.5653E+45
  8.9130E-01  1.4616E+45  1.4711E+43  1.1187E+43  1.4357E+45
  9.4410E-01  1.3477E+45  2.0185E+43  1.0570E+43  1.3170E+45
  1.0000E+00  1.2449E+45  2.6864E+43  9.9337E+42  1.2081E+45
  1.0590E+00  1.1526E+45  3.4771E+43  9.3001E+42  1.1086E+45
  1.1220E+00  1.0693E+45  4.4080E+43  8.6605E+42  1.0165E+45
  1.1890E+00  9.9468E+44  5.4838E+43  8.0101E+42  9.3183E+44
  1.2590E+00  9.2939E+44  6.6835E+43  7.3504E+42  8.5520E+44
  1.3340E+00  8.7081E+44  8.0009E+43  6.6977E+42  7.8411E+44
  1.4130E+00  8.1896E+44  9.3612E+43  6.0773E+42  7.1927E+44
  1.4960E+00  7.7315E+44  1.0740E+44  5.4877E+42  6.6026E+44
  1.5850E+00  7.3191E+44  1.2156E+44  4.9191E+42  6.0543E+44
  1.6790E+00  6.9504E+44  1.3537E+44  4.3727E+42  5.5530E+44
  1.7780E+00  6.6171E+44  1.4829E+44  3.8457E+42  5.0957E+44
  1.8840E+00  6.3083E+44  1.6031E+44  3.3381E+42  4.6719E+44
  1.9950E+00  6.0231E+44  1.7070E+44  2.8584E+42  4.2875E+44
  2.1130E+00  5.7503E+44  1.7929E+44  2.4114E+42  3.9333E+44
  2.2390E+00  5.4826E+44  1.8564E+44  2.0035E+42  3.6061E+44
  2.3710E+00  5.2203E+44  1.8947E+44  1.6406E+42  3.3092E+44
  2.5120E+00  4.9576E+44  1.9099E+44  1.3252E+42  3.0344E+44
  2.6610E+00  4.6946E+44  1.9008E+44  1.0570E+42  2.7832E+44
  2.8180E+00  4.4300E+44  1.8678E+44  8.3314E+41  2.5538E+44
  2.9850E+00  4.1645E+44  1.8153E+44  6.4956E+41  2.3426E+44
  3.1620E+00  3.8984E+44  1.7447E+44  5.0136E+41  2.1487E+44
  3.3500E+00  3.6384E+44  1.6641E+44  3.8362E+41  1.9704E+44
  3.5480E+00  3.3809E+44  1.5702E+44  2.9110E+41  1.8078E+44
  3.7580E+00  3.1303E+44  1.4697E+44  2.1915E+41  1.6583E+44
  3.9810E+00  2.8875E+44  1.3649E+44  1.6378E+41  1.5210E+44
  4.2170E+00  2.6544E+44  1.2581E+44  1.2159E+41  1.3951E+44
  4.4670E+00  2.4321E+44  1.1516E+44  8.9704E+40  1.2796E+44
  4.7320E+00  2.2224E+44  1.0481E+44  6.5761E+40  1.1737E+44
  5.0120E+00  2.0288E+44  9.4920E+43  4.8011E+40  1.0791E+44
  5.3090E+00  1.8161E+44  8.5553E+43  3.4290E+40  9.6024E+43
  5.6230E+00  1.6168E+44  7.6854E+43  2.4267E+40  8.4805E+43
  5.9570E+00  1.4323E+44  6.8900E+43  1.7028E+40  7.4316E+43
  6.3100E+00  1.2602E+44  6.1303E+43  1.1828E+40  6.4710E+43
  6.6830E+00  1.1095E+44  5.4925E+43  8.1788E+39  5.6014E+43
  7.0790E+00  9.7070E+43  4.8875E+43  5.5799E+39  4.8190E+43
  7.4990E+00  8.6165E+43  4.4932E+43  3.7867E+39  4.1229E+43
  7.9430E+00  8.3029E+43  4.7917E+43  2.6991E+39  3.5109E+43
  8.4140E+00  8.5756E+43  5.6002E+43  2.1016E+39  2.9752E+43
  8.9130E+00  8.5668E+43  6.0562E+43  1.6929E+39  2.5104E+43
  9.4410E+00  8.3235E+43  6.2133E+43  1.4845E+39  2.1101E+43
  1.0000E+01  7.0966E+43  5.3294E+43  1.1301E+39  1.7671E+43
  1.0590E+01  5.8762E+43  4.4003E+43  8.2466E+38  1.4758E+43
  1.1220E+01  4.7369E+43  3.5101E+43  5.4965E+38  1.2267E+43
  1.1890E+01  3.8297E+43  2.8137E+43  3.6201E+38  1.0159E+43
  1.2590E+01  3.1139E+43  2.2727E+43  2.3239E+38  8.4119E+42
  1.3340E+01  2.5576E+43  1.8644E+43  1.4666E+38  6.9319E+42
  1.4130E+01  2.1779E+43  1.6074E+43  9.2721E+37  5.7050E+42
  1.4960E+01  2.0024E+43  1.5332E+43  6.3627E+37  4.6919E+42
  1.5850E+01  1.8898E+43  1.5056E+43  4.6399E+37  3.8414E+42
  1.6790E+01  1.8042E+43  1.4901E+43  3.5478E+37  3.1409E+42
  1.7780E+01  1.7116E+43  1.4550E+43  2.7852E+37  2.5663E+42
  1.8840E+01  1.5890E+43  1.3801E+43  2.1632E+37  2.0888E+42
  1.9950E+01  1.4442E+43  1.2741E+43  1.6097E+37  1.7013E+42
  2.1130E+01  1.3161E+43  1.1778E+43  1.1609E+37  1.3827E+42
  2.2390E+01  1.2136E+43  1.1016E+43  8.3909E+36  1.1203E+42
  2.3710E+01  1.1297E+43  1.0389E+43  6.0719E+36  9.0864E+41
  2.5120E+01  1.0561E+43  9.8261E+42  4.4080E+36  7.3479E+41
  2.6610E+01  9.8785E+42  9.2847E+42  3.1889E+36  5.9383E+41
  2.8180E+01  9.2168E+42  8.7369E+42  2.3054E+36  4.7994E+41
  2.9850E+01  8.5390E+42  8.1518E+42  1.6583E+36  3.8717E+41
  3.1620E+01  7.8293E+42  7.5174E+42  1.1814E+36  3.1199E+41
  3.3500E+01  7.0870E+42  6.8359E+42  8.3233E+35  2.5106E+41
  3.5480E+01  6.3268E+42  6.1247E+42  5.7966E+35  2.0210E+41
  3.7580E+01  5.5619E+42  5.3994E+42  3.9821E+35  1.6253E+41
  3.9810E+01  4.8075E+42  4.6769E+42  2.6961E+35  1.3054E+41
  4.2170E+01  4.0923E+42  3.9875E+42  1.7996E+35  1.0479E+41
  4.4670E+01  3.4337E+42  3.3497E+42  1.1839E+35  8.4074E+40
  4.7320E+01  2.8436E+42  2.7762E+42  7.6881E+34  6.7400E+40
  5.0120E+01  2.3269E+42  2.2728E+42  4.9350E+34  5.4034E+40
  5.3090E+01  1.8821E+42  1.8388E+42  3.1327E+34  4.3282E+40
  5.6230E+01  1.5075E+42  1.4728E+42  1.9698E+34  3.4667E+40
  5.9570E+01  1.1953E+42  1.1676E+42  1.2267E+34  2.7728E+40
  6.3100E+01  9.4035E+41  9.1817E+41  7.5830E+33  2.2180E+40
  6.6830E+01  7.3443E+41  7.1669E+41  4.6571E+33  1.7744E+40
  7.0790E+01  5.6973E+41  5.5555E+41  2.8424E+33  1.4183E+40
  7.4990E+01  4.3915E+41  4.2782E+41  1.7251E+33  1.1329E+40
  7.9430E+01  3.3674E+41  3.2769E+41  1.0425E+33  9.0505E+39
  8.4140E+01  2.5692E+41  2.4969E+41  6.2716E+32  7.2256E+39
  8.9130E+01  1.9526E+41  1.8950E+41  3.7618E+32  5.7665E+39
  9.4410E+01  1.4786E+41  1.4326E+41  2.2500E+32  4.6021E+39
  1.0000E+02  1.1157E+41  1.0790E+41  1.3420E+32  3.6722E+39
  1.0590E+02  8.4009E+40  8.1077E+40  7.9964E+31  2.9317E+39
  1.1220E+02  6.3098E+40  6.0762E+40  4.7538E+31  2.3358E+39
  1.1890E+02  4.7390E+40  4.5531E+40  2.8279E+31  1.8590E+39
  1.2590E+02  3.5771E+40  3.4287E+40  1.6922E+31  1.4838E+39
  1.3340E+02  2.7059E+40  2.5878E+40  1.0165E+31  1.1811E+39
  1.4130E+02  2.0295E+40  1.9354E+40  6.0830E+30  9.4117E+38
  1.4960E+02  1.4901E+40  1.4150E+40  3.5684E+30  7.5121E+38
  1.5850E+02  1.0858E+40  1.0261E+40  2.0745E+30  5.9781E+38
  1.7780E+02  5.8158E+39  5.4363E+39  7.0787E+29  3.7942E+38
  1.9950E+02  3.1207E+39  2.8803E+39  2.4295E+29  2.4043E+38
  2.2390E+02  1.6719E+39  1.5197E+39  8.3677E+28  1.5216E+38
  2.5120E+02  8.9554E+38  7.9916E+38  2.8962E+28  9.6376E+37
  2.8180E+02  4.7950E+38  4.1845E+38  1.0076E+28  6.1043E+37
  3.1620E+02  2.5665E+38  2.1804E+38  3.5230E+27  3.8617E+37
  3.5480E+02  1.3762E+38  1.1320E+38  1.2403E+27  2.4421E+37
  3.9810E+02  7.4012E+37  5.8570E+37  4.4030E+26  1.5442E+37
  4.4670E+02  3.9969E+37  3.0209E+37  1.5769E+26  9.7603E+36
  5.0120E+02  2.1712E+37  1.5542E+37  5.7024E+25  6.1695E+36
  5.6230E+02  1.1880E+37  7.9801E+36  2.0827E+25  3.9003E+36
  6.3100E+02  6.5475E+36  4.0846E+36  7.6757E+24  2.4629E+36
  7.0790E+02  3.6455E+36  2.0887E+36  2.8591E+24  1.5568E+36
  7.9430E+02  2.0487E+36  1.0654E+36  1.0738E+24  9.8325E+35
  8.9130E+02  1.1632E+36  5.4240E+35  4.0657E+23  6.2077E+35
  1.0000E+03  6.6799E+35  2.7586E+35  1.5523E+23  3.9214E+35
