  1.0000E-03  9.2129E+44  0.0000E+00  4.4672E+43  8.7662E+44
  1.1220E-03  1.0415E+45  0.0000E+00  5.7892E+43  9.8357E+44
  1.2590E-03  1.1752E+45  0.0000E+00  7.1513E+43  1.1037E+45
  1.4130E-03  1.3236E+45  0.0000E+00  8.4892E+43  1.2387E+45
  1.5850E-03  1.4878E+45  0.0000E+00  9.8397E+43  1.3894E+45
  1.7780E-03  1.6848E+45  0.0000E+00  1.2622E+44  1.5586E+45
  1.9950E-03  1.9023E+45  0.0000E+00  1.5345E+44  1.7488E+45
  2.2390E-03  2.1311E+45  0.0000E+00  1.6840E+44  1.9627E+45
  2.5120E-03  2.4283E+45  0.0000E+00  2.2635E+44  2.2020E+45
  2.8180E-03  2.7356E+45  0.0000E+00  2.6539E+44  2.4702E+45
  3.1620E-03  3.0657E+45  0.0000E+00  2.9389E+44  2.7718E+45
  3.5480E-03  3.4251E+45  0.0000E+00  3.1480E+44  3.1103E+45
  3.9810E-03  3.8179E+45  0.0000E+00  3.2807E+44  3.4898E+45
  4.4670E-03  4.3770E+45  0.0000E+00  4.6122E+44  3.9158E+45
  5.0120E-03  4.9923E+45  0.0000E+00  5.9873E+44  4.3936E+45
  5.6230E-03  5.6649E+45  0.0000E+00  7.3570E+44  4.9292E+45
  5.9570E-03  6.0239E+45  0.0000E+00  8.0183E+44  5.2220E+45
  6.6830E-03  6.7849E+45  0.0000E+00  9.2633E+44  5.8585E+45
  7.4990E-03  7.6295E+45  0.0000E+00  1.0557E+45  6.5738E+45
  8.4140E-03  8.5557E+45  0.0000E+00  1.1799E+45  7.3758E+45
  9.4410E-03  9.5707E+45  0.0000E+00  1.2946E+45  8.2761E+45
  1.0590E-02  1.0666E+46  0.0000E+00  1.3828E+45  9.2833E+45
  1.1890E-02  1.1989E+46  0.0000E+00  1.5662E+45  1.0423E+46
  1.3340E-02  1.3388E+46  0.0000E+00  1.6937E+45  1.1694E+46
  1.4960E-02  1.4956E+46  0.0000E+00  1.8422E+45  1.3114E+46
  1.6790E-02  1.6703E+46  0.0000E+00  1.9840E+45  1.4718E+46
  1.8840E-02  1.8639E+46  0.0000E+00  2.1231E+45  1.6515E+46
  2.1130E-02  2.0825E+46  0.0000E+00  2.3014E+45  1.8524E+46
  2.3710E-02  2.3260E+46  0.0000E+00  2.4758E+45  2.0785E+46
  2.6610E-02  2.5977E+46  0.0000E+00  2.6505E+45  2.3326E+46
  2.9850E-02  2.8992E+46  1.3349E-82  2.8254E+45  2.6166E+46
  3.3500E-02  3.2361E+46  8.5464E-68  2.9943E+45  2.9367E+46
  3.7580E-02  3.6161E+46  1.0729E-54  3.2190E+45  3.2942E+46
  4.2170E-02  4.0880E+46  4.6652E-43  3.9133E+45  3.6967E+46
  4.7320E-02  4.5623E+46  1.2358E-32  4.1414E+45  4.1482E+46
  5.3090E-02  4.7179E+46  2.2278E-23  3.9670E+45  4.3212E+46
  6.6830E-02  4.4089E+46  7.9671E-08  2.8211E+45  4.1268E+46
  7.4990E-02  4.2554E+46  2.5577E-01  2.2252E+45  4.0328E+46
  8.4140E-02  4.1659E+46  1.3299E+05  2.2493E+45  3.9410E+46
  9.4410E-02  4.0816E+46  1.5766E+10  2.3039E+45  3.8513E+46
  1.0590E-01  3.7619E+46  4.3969E+14  2.5639E+45  3.5055E+46
  1.1890E-01  3.1932E+46  3.4000E+18  2.4643E+45  2.9467E+46
  1.3340E-01  2.7081E+46  7.2119E+21  2.2852E+45  2.4795E+46
  1.4960E-01  2.2682E+46  8.3541E+24  1.8040E+45  2.0878E+46
  1.5850E-01  2.0730E+46  2.4600E+26  1.5845E+45  1.9145E+46
  1.7780E-01  1.7434E+46  1.2546E+29  1.3196E+45  1.6114E+46
  1.9950E-01  1.4489E+46  3.5391E+31  9.3103E+44  1.3558E+46
  2.2390E-01  1.2164E+46  4.1384E+33  7.6115E+44  1.1403E+46
  2.3710E-01  1.1322E+46  2.8036E+34  8.5764E+44  1.0464E+46
  2.5120E-01  1.0509E+46  1.6370E+35  9.1315E+44  9.5958E+45
  2.6610E-01  9.6993E+45  8.8805E+35  8.9809E+44  8.8012E+45
  2.8180E-01  8.9262E+45  4.4004E+36  8.5009E+44  8.0761E+45
  2.9850E-01  8.2043E+45  1.9831E+37  7.9643E+44  7.4079E+45
  3.1620E-01  7.5429E+45  8.0211E+37  7.4827E+44  6.7947E+45
  3.3500E-01  6.9322E+45  2.9582E+38  7.0138E+44  6.2308E+45
  3.5480E-01  6.3712E+45  9.9764E+38  6.5477E+44  5.7165E+45
  3.7580E-01  5.8541E+45  3.1089E+39  6.0992E+44  5.2442E+45
  3.9810E-01  5.3780E+45  8.9178E+39  5.6822E+44  4.8097E+45
  4.2170E-01  4.9408E+45  2.3491E+40  5.2918E+44  4.4116E+45
  4.4670E-01  4.5401E+45  5.7322E+40  4.9344E+44  4.0466E+45
  4.7320E-01  4.1701E+45  1.3146E+41  4.5849E+44  3.7115E+45
  5.0120E-01  3.8291E+45  2.8417E+41  4.2406E+44  3.4048E+45
  5.3090E-01  3.5141E+45  5.8207E+41  3.9033E+44  3.1232E+45
  5.6230E-01  3.2249E+45  1.1286E+42  3.5866E+44  2.8651E+45
  5.9570E-01  2.9582E+45  2.0856E+42  3.2851E+44  2.6276E+45
  6.3100E-01  2.7136E+45  3.6695E+42  2.9962E+44  2.4103E+45
  6.6830E-01  2.4895E+45  6.1582E+42  2.7192E+44  2.2114E+45
  7.0790E-01  2.2843E+45  9.8978E+42  2.4593E+44  2.0284E+45
  7.4990E-01  2.0974E+45  1.5264E+43  2.2163E+44  1.8605E+45
  7.9430E-01  1.9279E+45  2.2614E+43  1.9865E+44  1.7066E+45
  8.4140E-01  1.7748E+45  3.2315E+43  1.7717E+44  1.5653E+45
  8.9130E-01  1.6372E+45  4.4656E+43  1.5682E+44  1.4357E+45
  9.4410E-01  1.5149E+45  5.9729E+43  1.3817E+44  1.3170E+45
  1.0000E+00  1.4070E+45  7.7512E+43  1.2135E+44  1.2081E+45
  1.0590E+00  1.3127E+45  9.7774E+43  1.0635E+44  1.1086E+45
  1.1220E+00  1.2299E+45  1.2062E+44  9.2733E+43  1.0165E+45
  1.1890E+00  1.1579E+45  1.4572E+44  8.0313E+43  9.3183E+44
  1.2590E+00  1.0959E+45  1.7180E+44  6.8878E+43  8.5520E+44
  1.3340E+00  1.0417E+45  1.9886E+44  5.8759E+43  7.8411E+44
  1.4130E+00  9.9466E+44  2.2529E+44  5.0098E+43  7.1927E+44
  1.4960E+00  9.5332E+44  2.5048E+44  4.2582E+43  6.6026E+44
  1.5850E+00  9.1622E+44  2.7485E+44  3.5938E+43  6.0543E+44
  1.6790E+00  8.8189E+44  2.9657E+44  3.0012E+43  5.5530E+44
  1.7780E+00  8.4887E+44  3.1458E+44  2.4721E+43  5.0957E+44
  1.8840E+00  8.1668E+44  3.2943E+44  2.0058E+43  4.6719E+44
  1.9950E+00  7.8469E+44  3.3992E+44  1.6024E+43  4.2875E+44
  2.1130E+00  7.5236E+44  3.4642E+44  1.2610E+43  3.9333E+44
  2.2390E+00  7.1903E+44  3.4864E+44  9.7811E+42  3.6061E+44
  2.3710E+00  6.8476E+44  3.4635E+44  7.4892E+42  3.3092E+44
  2.5120E+00  6.4962E+44  3.4050E+44  5.6730E+42  3.0344E+44
  2.6610E+00  6.1360E+44  3.3102E+44  4.2562E+42  2.7832E+44
  2.8180E+00  5.7666E+44  3.1811E+44  3.1643E+42  2.5538E+44
  2.9850E+00  5.3929E+44  3.0269E+44  2.3345E+42  2.3426E+44
  3.1620E+00  5.0165E+44  2.8507E+44  1.7099E+42  2.1487E+44
  3.3500E+00  4.6511E+44  2.6683E+44  1.2467E+42  1.9704E+44
  3.5480E+00  4.2872E+44  2.4704E+44  9.0312E+41  1.8078E+44
  3.7580E+00  3.9352E+44  2.2704E+44  6.5095E+41  1.6583E+44
  3.9810E+00  3.5972E+44  2.0716E+44  4.6706E+41  1.5210E+44
  4.2170E+00  3.2751E+44  1.8767E+44  3.3372E+41  1.3951E+44
  4.4670E+00  2.9708E+44  1.6888E+44  2.3750E+41  1.2796E+44
  4.7320E+00  2.6880E+44  1.5126E+44  1.6844E+41  1.1737E+44
  5.0120E+00  2.4302E+44  1.3499E+44  1.1931E+41  1.0791E+44
  5.3090E+00  2.1617E+44  1.2006E+44  8.3068E+40  9.6024E+43
  5.6230E+00  1.9152E+44  1.0666E+44  5.7506E+40  8.4805E+43
  5.9570E+00  1.6917E+44  9.4809E+43  3.9620E+40  7.4316E+43
  6.3100E+00  1.4838E+44  8.3641E+43  2.7054E+40  6.4710E+43
  6.6830E+00  1.3048E+44  7.4443E+43  1.8451E+40  5.6014E+43
  7.0790E+00  1.1396E+44  6.5754E+43  1.2426E+40  4.8190E+43
  7.4990E+00  1.0373E+44  6.2492E+43  8.6165E+39  4.1229E+43
  7.9430E+00  1.1501E+44  7.9889E+43  7.2653E+39  3.5109E+43
  8.4140E+00  1.4697E+44  1.1721E+44  7.5039E+39  2.9752E+43
  8.9130E+00  1.7207E+44  1.4696E+44  7.5928E+39  2.5104E+43
  9.4410E+00  1.8882E+44  1.6771E+44  7.9883E+39  2.1101E+43
  1.0000E+01  1.5399E+44  1.3631E+44  5.5617E+39  1.7671E+43
  1.0590E+01  1.1818E+44  1.0342E+44  3.5377E+39  1.4758E+43
  1.1220E+01  8.6057E+43  7.3788E+43  1.9900E+39  1.2267E+43
  1.1890E+01  6.3705E+43  5.3545E+43  1.1393E+39  1.0159E+43
  1.2590E+01  4.7347E+43  3.8934E+43  6.4051E+38  8.4119E+42
  1.3340E+01  3.5813E+43  2.8881E+43  3.6072E+38  6.9319E+42
  1.4130E+01  2.8868E+43  2.3163E+43  2.1240E+38  5.7050E+42
  1.4960E+01  2.6789E+43  2.2097E+43  1.4775E+38  4.6919E+42
  1.5850E+01  2.5793E+43  2.1951E+43  1.1100E+38  3.8414E+42
  1.6790E+01  2.4966E+43  2.1825E+43  8.7085E+37  3.1409E+42
  1.7780E+01  2.3472E+43  2.0906E+43  6.8344E+37  2.5663E+42
  1.8840E+01  2.0849E+43  1.8761E+43  5.0822E+37  2.0888E+42
  1.9950E+01  1.7525E+43  1.5824E+43  3.4738E+37  1.7013E+42
  2.1130E+01  1.4585E+43  1.3202E+43  2.2764E+37  1.3827E+42
  2.2390E+01  1.2246E+43  1.1126E+43  1.4978E+37  1.1203E+42
  2.3710E+01  1.0361E+43  9.4523E+42  9.8804E+36  9.0864E+41
  2.5120E+01  8.7890E+42  8.0542E+42  6.5482E+36  7.3479E+41
  2.6610E+01  7.4528E+42  6.8590E+42  4.3297E+36  5.9383E+41
  2.8180E+01  6.3120E+42  5.8320E+42  2.8694E+36  4.7994E+41
  2.9850E+01  5.3155E+42  4.9283E+42  1.8976E+36  3.8717E+41
  3.1620E+01  4.4391E+42  4.1271E+42  1.2465E+36  3.1199E+41
  3.3500E+01  3.6698E+42  3.4187E+42  8.1273E+35  2.5106E+41
  3.5480E+01  3.0042E+42  2.8021E+42  5.2622E+35  2.0210E+41
  3.7580E+01  2.4293E+42  2.2668E+42  3.3726E+35  1.6253E+41
  3.9810E+01  1.9368E+42  1.8062E+42  2.1361E+35  1.3054E+41
  4.2170E+01  1.5259E+42  1.4211E+42  1.3384E+35  1.0479E+41
  4.4670E+01  1.1892E+42  1.1051E+42  8.2940E+34  8.4074E+40
  4.7320E+01  9.1803E+41  8.5063E+41  5.0926E+34  6.7400E+40
  5.0120E+01  7.0312E+41  6.4909E+41  3.1031E+34  5.4034E+40
  5.3090E+01  5.3444E+41  4.9116E+41  1.8774E+34  4.3282E+40
  5.6230E+01  4.0391E+41  3.6924E+41  1.1298E+34  3.4667E+40
  5.9570E+01  3.0336E+41  2.7563E+41  6.7601E+33  2.7728E+40
  6.3100E+01  2.2697E+41  2.0479E+41  4.0321E+33  2.2180E+40
  6.6830E+01  1.6928E+41  1.5153E+41  2.3992E+33  1.7744E+40
  7.0790E+01  1.2586E+41  1.1168E+41  1.4244E+33  1.4183E+40
  7.4990E+01  9.3334E+40  8.2005E+40  8.4420E+32  1.1329E+40
  7.9430E+01  6.9119E+40  6.0068E+40  5.0023E+32  9.0505E+39
  8.4140E+01  5.1112E+40  4.3886E+40  2.9621E+32  7.2256E+39
  8.9130E+01  3.7782E+40  3.2015E+40  1.7554E+32  5.7665E+39
  9.4410E+01  2.7923E+40  2.3321E+40  1.0412E+32  4.6021E+39
  1.0000E+02  2.0635E+40  1.6963E+40  6.1813E+31  3.6722E+39
  1.0590E+02  1.5269E+40  1.2338E+40  3.6789E+31  2.9317E+39
  1.1220E+02  1.1300E+40  8.9643E+39  2.1904E+31  2.3358E+39
  1.1890E+02  8.3811E+39  6.5221E+39  1.3076E+31  1.8590E+39
  1.2590E+02  6.2602E+39  4.7764E+39  7.8636E+30  1.4838E+39
  1.3340E+02  4.6887E+39  3.5076E+39  4.7469E+30  1.1811E+39
  1.4130E+02  3.5013E+39  2.5601E+39  2.8733E+30  9.4117E+38
  1.4960E+02  2.5866E+39  1.8354E+39  1.7266E+30  7.5121E+38
  1.5850E+02  1.9041E+39  1.3063E+39  1.0326E+30  5.9781E+38
  1.7780E+02  1.0472E+39  6.6779E+38  3.7421E+29  3.7942E+38
  1.9950E+02  5.8293E+38  3.4249E+38  1.3729E+29  2.4043E+38
  2.2390E+02  3.2773E+38  1.7557E+38  5.0899E+28  1.5216E+38
  2.5120E+02  1.8640E+38  9.0020E+37  1.9077E+28  9.6376E+37
  2.8180E+02  1.0714E+38  4.6100E+37  7.2161E+27  6.1043E+37
  3.1620E+02  6.2171E+37  2.3554E+37  2.7490E+27  3.8617E+37
  3.5480E+02  3.6440E+37  1.2019E+37  1.0543E+27  2.4421E+37
  3.9810E+02  2.1567E+37  6.1248E+36  4.0698E+26  1.5442E+37
  4.4670E+02  1.2877E+37  3.1168E+36  1.5792E+26  9.7603E+36
  5.0120E+02  7.7541E+36  1.5846E+36  6.1576E+25  6.1695E+36
  5.6230E+02  4.7054E+36  8.0510E+35  2.4105E+25  3.9003E+36
  6.3100E+02  2.8712E+36  4.0825E+35  9.4591E+24  2.4629E+36
  7.0790E+02  1.7638E+36  2.0705E+35  3.7261E+24  1.5568E+36
  7.9430E+02  1.0881E+36  1.0483E+35  1.4699E+24  9.8325E+35
  8.9130E+02  6.7379E+35  5.3021E+34  5.8074E+23  6.2077E+35
  1.0000E+03  4.1895E+35  2.6810E+34  2.2995E+23  3.9214E+35
