  1.0000E-03  8.7709E+44  0.0000E+00  4.7012E+41  8.7662E+44
  1.1220E-03  9.8420E+44  0.0000E+00  6.2291E+41  9.8357E+44
  1.2590E-03  1.1045E+45  0.0000E+00  7.8882E+41  1.1037E+45
  1.4130E-03  1.2397E+45  0.0000E+00  9.6188E+41  1.2387E+45
  1.5850E-03  1.3906E+45  0.0000E+00  1.1393E+42  1.3894E+45
  1.7780E-03  1.5601E+45  0.0000E+00  1.4740E+42  1.5586E+45
  1.9950E-03  1.7507E+45  0.0000E+00  1.9000E+42  1.7488E+45
  2.2390E-03  1.9649E+45  0.0000E+00  2.1746E+42  1.9627E+45
  2.5120E-03  2.2050E+45  0.0000E+00  3.0211E+42  2.2020E+45
  2.8180E-03  2.4741E+45  0.0000E+00  3.8925E+42  2.4702E+45
  3.1620E-03  2.7765E+45  0.0000E+00  4.7045E+42  2.7718E+45
  3.5480E-03  3.1158E+45  0.0000E+00  5.4929E+42  3.1103E+45
  3.9810E-03  3.4961E+45  0.0000E+00  6.2239E+42  3.4898E+45
  4.4670E-03  3.9223E+45  0.0000E+00  6.4465E+42  3.9158E+45
  5.0120E-03  4.4023E+45  0.0000E+00  8.7550E+42  4.3936E+45
  5.6230E-03  4.9406E+45  0.0000E+00  1.1360E+43  4.9292E+45
  5.9570E-03  5.2348E+45  0.0000E+00  1.2737E+43  5.2220E+45
  6.6830E-03  5.8740E+45  0.0000E+00  1.5522E+43  5.8585E+45
  7.4990E-03  6.5923E+45  0.0000E+00  1.8480E+43  6.5738E+45
  8.4140E-03  7.3977E+45  0.0000E+00  2.1862E+43  7.3758E+45
  9.4410E-03  8.3012E+45  0.0000E+00  2.5136E+43  8.2761E+45
  1.0590E-02  9.3107E+45  0.0000E+00  2.7392E+43  9.2833E+45
  1.1890E-02  1.0456E+46  0.0000E+00  3.3044E+43  1.0423E+46
  1.3340E-02  1.1731E+46  0.0000E+00  3.7347E+43  1.1694E+46
  1.4960E-02  1.3157E+46  0.0000E+00  4.2986E+43  1.3114E+46
  1.6790E-02  1.4767E+46  0.0000E+00  4.8696E+43  1.4718E+46
  1.8840E-02  1.6570E+46  0.0000E+00  5.4424E+43  1.6515E+46
  2.1130E-02  1.8586E+46  0.0000E+00  6.2119E+43  1.8524E+46
  2.3710E-02  2.0855E+46  0.0000E+00  7.0324E+43  2.0785E+46
  2.6610E-02  2.3406E+46  0.0000E+00  7.9408E+43  2.3326E+46
  2.9850E-02  2.6256E+46  5.3013E-84  8.9148E+43  2.6166E+46
  3.3500E-02  2.9466E+46  3.4361E-69  9.9652E+43  2.9367E+46
  3.7580E-02  3.3052E+46  4.3087E-56  1.0960E+44  3.2942E+46
  4.2170E-02  3.7101E+46  1.8937E-44  1.3439E+44  3.6967E+46
  4.7320E-02  4.1639E+46  5.1714E-34  1.5685E+44  4.1482E+46
  5.3090E-02  4.3382E+46  9.6358E-25  1.6925E+44  4.3212E+46
  6.6830E-02  4.1445E+46  3.8341E-09  1.7723E+44  4.1268E+46
  7.4990E-02  4.0497E+46  1.3477E-02  1.6863E+44  4.0328E+46
  8.4140E-02  3.9572E+46  6.9667E+03  1.6156E+44  3.9410E+46
  9.4410E-02  3.8672E+46  8.2940E+08  1.5910E+44  3.8513E+46
  1.0590E-01  3.5205E+46  2.2526E+13  1.4960E+44  3.5055E+46
  1.1890E-01  2.9588E+46  1.5701E+17  1.2092E+44  2.9467E+46
  1.3340E-01  2.4893E+46  2.9315E+20  9.7988E+43  2.4795E+46
  1.4960E-01  2.0954E+46  3.1696E+23  7.5637E+43  2.0878E+46
  1.5850E-01  1.9214E+46  9.2732E+24  6.8735E+43  1.9145E+46
  1.7780E-01  1.6177E+46  4.9736E+27  6.2770E+43  1.6114E+46
  1.9950E-01  1.3614E+46  1.6065E+30  5.6209E+43  1.3558E+46
  2.2390E-01  1.1453E+46  2.1050E+32  4.9435E+43  1.1403E+46
  2.3710E-01  1.0511E+46  1.3574E+33  4.6791E+43  1.0464E+46
  2.5120E-01  9.6381E+45  7.4392E+33  4.2266E+43  9.5958E+45
  2.6610E-01  8.8386E+45  3.8660E+34  3.7411E+43  8.8012E+45
  2.8180E-01  8.1090E+45  1.8619E+35  3.2885E+43  8.0761E+45
  2.9850E-01  7.4369E+45  8.2143E+35  2.9000E+43  7.4079E+45
  3.1620E-01  6.8203E+45  3.2647E+36  2.5684E+43  6.7947E+45
  3.3500E-01  6.2536E+45  1.1872E+37  2.2755E+43  6.2308E+45
  3.5480E-01  5.7366E+45  3.9627E+37  2.0160E+43  5.7165E+45
  3.7580E-01  5.2620E+45  1.2255E+38  1.7808E+43  5.2442E+45
  3.9810E-01  4.8255E+45  3.4933E+38  1.5768E+43  4.8097E+45
  4.2170E-01  4.4255E+45  9.1556E+38  1.3873E+43  4.4116E+45
  4.4670E-01  4.0588E+45  2.2254E+39  1.2221E+43  4.0466E+45
  4.7320E-01  3.7222E+45  5.0921E+39  1.0729E+43  3.7115E+45
  5.0120E-01  3.4142E+45  1.1002E+40  9.3859E+42  3.4048E+45
  5.3090E-01  3.1314E+45  2.2566E+40  8.1609E+42  3.1232E+45
  5.6230E-01  2.8723E+45  4.3899E+40  7.1068E+42  2.8651E+45
  5.9570E-01  2.6338E+45  8.1563E+40  6.1788E+42  2.6276E+45
  6.3100E-01  2.4158E+45  1.4462E+41  5.3501E+42  2.4103E+45
  6.6830E-01  2.2163E+45  2.4527E+41  4.6098E+42  2.2114E+45
  7.0790E-01  2.0328E+45  3.9950E+41  3.9606E+42  2.0284E+45
  7.4990E-01  1.8645E+45  6.2650E+41  3.3970E+42  1.8605E+45
  7.9430E-01  1.7104E+45  9.4719E+41  2.8989E+42  1.7066E+45
  8.4140E-01  1.5692E+45  1.3873E+42  2.4588E+42  1.5653E+45
  8.9130E-01  1.4398E+45  1.9738E+42  2.0641E+42  1.4357E+45
  9.4410E-01  1.3214E+45  2.7326E+42  1.7218E+42  1.3170E+45
  1.0000E+00  1.2132E+45  3.6923E+42  1.4304E+42  1.2081E+45
  1.0590E+00  1.1146E+45  4.8772E+42  1.1841E+42  1.1086E+45
  1.1220E+00  1.0238E+45  6.3399E+42  9.7335E+41  1.0165E+45
  1.1890E+00  9.4074E+44  8.1183E+42  7.9269E+41  9.3183E+44
  1.2590E+00  8.6603E+44  1.0190E+43  6.3819E+41  8.5520E+44
  1.3340E+00  7.9726E+44  1.2639E+43  5.1019E+41  7.8411E+44
  1.4130E+00  7.3510E+44  1.5418E+43  4.0774E+41  7.1927E+44
  1.4960E+00  6.7911E+44  1.8526E+43  3.2520E+41  6.6026E+44
  1.5850E+00  6.2776E+44  2.2068E+43  2.5762E+41  6.0543E+44
  1.6790E+00  5.8142E+44  2.5914E+43  2.0253E+41  5.5530E+44
  1.7780E+00  5.3970E+44  2.9969E+43  1.5780E+41  5.0957E+44
  1.8840E+00  5.0162E+44  3.4310E+43  1.2164E+41  4.6719E+44
  1.9950E+00  4.6754E+44  3.8704E+43  9.2951E+40  4.2875E+44
  2.1130E+00  4.3656E+44  4.3159E+43  7.0421E+40  3.9333E+44
  2.2390E+00  4.0823E+44  4.7566E+43  5.2963E+40  3.6061E+44
  2.3710E+00  3.8264E+44  5.1688E+43  3.9641E+40  3.3092E+44
  2.5120E+00  3.5906E+44  5.5589E+43  2.9557E+40  3.0344E+44
  2.6610E+00  3.3742E+44  5.9073E+43  2.1992E+40  2.7832E+44
  2.8180E+00  3.1738E+44  6.1983E+43  1.6336E+40  2.5538E+44
  2.9850E+00  2.9864E+44  6.4366E+43  1.2120E+40  2.3426E+44
  3.1620E+00  2.8099E+44  6.6117E+43  8.9823E+39  2.1487E+44
  3.3500E+00  2.6451E+44  6.7462E+43  6.6577E+39  1.9704E+44
  3.5480E+00  2.4877E+44  6.7983E+43  4.9294E+39  1.8078E+44
  3.7580E+00  2.3380E+44  6.7964E+43  3.6460E+39  1.6583E+44
  3.9810E+00  2.1953E+44  6.7432E+43  2.6940E+39  1.5210E+44
  4.2170E+00  2.0588E+44  6.6367E+43  1.9880E+39  1.3951E+44
  4.4670E+00  1.9279E+44  6.4830E+43  1.4646E+39  1.2796E+44
  4.7320E+00  1.8035E+44  6.2983E+43  1.0769E+39  1.1737E+44
  5.0120E+00  1.6880E+44  6.0884E+43  7.9177E+38  1.0791E+44
  5.3090E+00  1.5459E+44  5.8563E+43  5.6922E+38  9.6024E+43
  5.6230E+00  1.4094E+44  5.6131E+43  4.0674E+38  8.4805E+43
  5.9570E+00  1.2802E+44  5.3706E+43  2.8911E+38  7.4316E+43
  6.3100E+00  1.1548E+44  5.0772E+43  2.0363E+38  6.4710E+43
  6.6830E+00  1.0433E+44  4.8318E+43  1.4313E+38  5.6014E+43
  7.0790E+00  9.3606E+43  4.5416E+43  9.9279E+37  4.8190E+43
  7.4990E+00  8.6967E+43  4.5738E+43  7.0559E+37  4.1229E+43
  7.9430E+00  9.6753E+43  6.1644E+43  6.0533E+37  3.5109E+43
  8.4140E+00  1.2483E+44  9.5074E+43  6.4553E+37  2.9752E+43
  8.9130E+00  1.5024E+44  1.2513E+44  6.8514E+37  2.5104E+43
  9.4410E+00  1.7068E+44  1.4958E+44  7.6134E+37  2.1101E+43
  1.0000E+01  1.4449E+44  1.2682E+44  5.5257E+37  1.7671E+43
  1.0590E+01  1.1474E+44  9.9985E+43  3.6461E+37  1.4758E+43
  1.1220E+01  8.6033E+43  7.3766E+43  2.1151E+37  1.2267E+43
  1.1890E+01  6.5210E+43  5.5051E+43  1.2441E+37  1.0159E+43
  1.2590E+01  4.9242E+43  4.0830E+43  7.1426E+36  8.4119E+42
  1.3340E+01  3.7579E+43  3.0647E+43  4.0860E+36  6.9319E+42
  1.4130E+01  3.0469E+43  2.4764E+43  2.4394E+36  5.7050E+42
  1.4960E+01  2.8695E+43  2.4003E+43  1.7398E+36  4.6919E+42
  1.5850E+01  2.8074E+43  2.4233E+43  1.3453E+36  3.8414E+42
  1.6790E+01  2.7535E+43  2.4394E+43  1.0851E+36  3.1409E+42
  1.7780E+01  2.6045E+43  2.3478E+43  8.7061E+35  2.5663E+42
  1.8840E+01  2.3022E+43  2.0933E+43  6.5588E+35  2.0888E+42
  1.9950E+01  1.9018E+43  1.7317E+43  4.4921E+35  1.7013E+42
  2.1130E+01  1.5434E+43  1.4051E+43  2.9302E+35  1.3827E+42
  2.2390E+01  1.2580E+43  1.1460E+43  1.9124E+35  1.1203E+42
  2.3710E+01  1.0295E+43  9.3861E+42  1.2469E+35  9.0864E+41
  2.5120E+01  8.4255E+42  7.6907E+42  8.1480E+34  7.3479E+41
  2.6610E+01  6.8815E+42  6.2877E+42  5.2994E+34  5.9383E+41
  2.8180E+01  5.6129E+42  5.1330E+42  3.4504E+34  4.7994E+41
  2.9850E+01  4.5553E+42  4.1681E+42  2.2402E+34  3.8717E+41
  3.1620E+01  3.6707E+42  3.3588E+42  1.4443E+34  3.1199E+41
  3.3500E+01  2.9342E+42  2.6832E+42  9.2461E+33  2.5106E+41
  3.5480E+01  2.3293E+42  2.1272E+42  5.8841E+33  2.0210E+41
  3.7580E+01  1.8309E+42  1.6684E+42  3.7096E+33  1.6253E+41
  3.9810E+01  1.4215E+42  1.2910E+42  2.3122E+33  1.3054E+41
  4.2170E+01  1.0930E+42  9.8823E+41  1.4269E+33  1.0479E+41
  4.4670E+01  8.3305E+41  7.4897E+41  8.7149E+32  8.4074E+40
  4.7320E+01  6.3017E+41  5.6277E+41  5.2782E+32  6.7400E+40
  5.0120E+01  4.7390E+41  4.1987E+41  3.1751E+32  5.4034E+40
  5.3090E+01  3.5436E+41  3.1107E+41  1.8980E+32  4.3282E+40
  5.6230E+01  2.6396E+41  2.2929E+41  1.1295E+32  3.4667E+40
  5.9570E+01  1.9573E+41  1.6800E+41  6.6877E+31  2.7728E+40
  6.3100E+01  1.4484E+41  1.2266E+41  3.9505E+31  2.2180E+40
  6.6830E+01  1.0703E+41  8.9284E+40  2.3298E+31  1.7744E+40
  7.0790E+01  7.8978E+40  6.4795E+40  1.3719E+31  1.4183E+40
  7.4990E+01  5.8218E+40  4.6889E+40  8.0708E+30  1.1329E+40
  7.9430E+01  4.2929E+40  3.3879E+40  4.7503E+30  9.0505E+39
  8.4140E+01  3.1660E+40  2.4434E+40  2.7961E+30  7.2256E+39
  8.9130E+01  2.3375E+40  1.7609E+40  1.6481E+30  5.7665E+39
  9.4410E+01  1.7282E+40  1.2679E+40  9.7296E+29  4.6021E+39
  1.0000E+02  1.2794E+40  9.1223E+39  5.7529E+29  3.6722E+39
  1.0590E+02  9.4980E+39  6.5664E+39  3.4120E+29  2.9317E+39
  1.1220E+02  7.0590E+39  4.7232E+39  2.0253E+29  2.3358E+39
  1.1890E+02  5.2615E+39  3.4025E+39  1.2058E+29  1.8590E+39
  1.2590E+02  3.9508E+39  2.4670E+39  7.2329E+28  1.4838E+39
  1.3340E+02  2.9740E+39  1.7929E+39  4.3547E+28  1.1811E+39
  1.4130E+02  2.2382E+39  1.2971E+39  2.6318E+28  9.4117E+38
  1.4960E+02  1.6759E+39  9.2465E+38  1.5824E+28  7.5121E+38
  1.5850E+02  1.2526E+39  6.5479E+38  9.4742E+27  5.9781E+38
  1.7780E+02  7.1062E+38  3.3120E+38  3.4416E+27  3.7942E+38
  1.9950E+02  4.0855E+38  1.6811E+38  1.2662E+27  2.4043E+38
  2.2390E+02  2.3752E+38  8.5364E+37  4.7095E+26  1.5216E+38
  2.5120E+02  1.3977E+38  4.3394E+37  1.7715E+26  9.6376E+37
  2.8180E+02  8.3095E+37  2.2052E+37  6.7258E+25  6.1043E+37
  3.1620E+02  4.9807E+37  1.1190E+37  2.5716E+25  3.8617E+37
  3.5480E+02  3.0096E+37  5.6749E+36  9.8969E+24  2.4421E+37
  3.9810E+02  1.8318E+37  2.8760E+36  3.8328E+24  1.5442E+37
  4.4670E+02  1.1217E+37  1.4563E+36  1.4916E+24  9.7603E+36
  5.0120E+02  6.9066E+36  7.3711E+35  5.8305E+23  6.1695E+36
  5.6230E+02  4.2733E+36  3.7301E+35  2.2874E+23  3.9003E+36
  6.3100E+02  2.6514E+36  1.8847E+35  8.9933E+22  2.4629E+36
  7.0790E+02  1.6521E+36  9.5276E+34  3.5482E+22  1.5568E+36
  7.9430E+02  1.0314E+36  4.8101E+34  1.4016E+22  9.8325E+35
  8.9130E+02  6.4504E+35  2.4264E+34  5.5438E+21  6.2077E+35
  1.0000E+03  4.0438E+35  1.2240E+34  2.1972E+21  3.9214E+35
