  1.0000E-03  8.7804E+44  0.0000E+00  1.4231E+42  8.7662E+44
  1.1220E-03  9.8544E+44  0.0000E+00  1.8647E+42  9.8357E+44
  1.2590E-03  1.1060E+45  0.0000E+00  2.3263E+42  1.1037E+45
  1.4130E-03  1.2415E+45  0.0000E+00  2.7839E+42  1.2387E+45
  1.5850E-03  1.3927E+45  0.0000E+00  3.2263E+42  1.3894E+45
  1.7780E-03  1.5627E+45  0.0000E+00  4.0678E+42  1.5586E+45
  1.9950E-03  1.7539E+45  0.0000E+00  5.0435E+42  1.7488E+45
  2.2390E-03  1.9683E+45  0.0000E+00  5.5602E+42  1.9627E+45
  2.5120E-03  2.2094E+45  0.0000E+00  7.3984E+42  2.2020E+45
  2.8180E-03  2.4792E+45  0.0000E+00  9.0083E+42  2.4702E+45
  3.1620E-03  2.7822E+45  0.0000E+00  1.0326E+43  2.7718E+45
  3.5480E-03  3.1218E+45  0.0000E+00  1.1466E+43  3.1103E+45
  3.9810E-03  3.5023E+45  0.0000E+00  1.2412E+43  3.4898E+45
  4.4670E-03  3.9339E+45  0.0000E+00  1.8076E+43  3.9158E+45
  5.0120E-03  4.4164E+45  0.0000E+00  2.2833E+43  4.3936E+45
  5.6230E-03  4.9567E+45  0.0000E+00  2.7483E+43  4.9292E+45
  5.9570E-03  5.2517E+45  0.0000E+00  2.9708E+43  5.2220E+45
  6.6830E-03  5.8924E+45  0.0000E+00  3.3892E+43  5.8585E+45
  7.4990E-03  6.6119E+45  0.0000E+00  3.8046E+43  6.5738E+45
  8.4140E-03  7.4183E+45  0.0000E+00  4.2458E+43  7.3758E+45
  9.4410E-03  8.3225E+45  0.0000E+00  4.6371E+43  8.2761E+45
  1.0590E-02  9.3319E+45  0.0000E+00  4.8556E+43  9.2833E+45
  1.1890E-02  1.0478E+46  0.0000E+00  5.5411E+43  1.0423E+46
  1.3340E-02  1.1754E+46  0.0000E+00  5.9778E+43  1.1694E+46
  1.4960E-02  1.3179E+46  0.0000E+00  6.5373E+43  1.3114E+46
  1.6790E-02  1.4789E+46  0.0000E+00  7.0561E+43  1.4718E+46
  1.8840E-02  1.6591E+46  0.0000E+00  7.5361E+43  1.6515E+46
  2.1130E-02  1.8605E+46  0.0000E+00  8.1898E+43  1.8524E+46
  2.3710E-02  2.0873E+46  0.0000E+00  8.8315E+43  2.0785E+46
  2.6610E-02  2.3421E+46  0.0000E+00  9.4838E+43  2.3326E+46
  2.9850E-02  2.6268E+46  5.1533E-83  1.0121E+44  2.6166E+46
  3.3500E-02  2.9474E+46  3.3424E-68  1.0743E+44  2.9367E+46
  3.7580E-02  3.3059E+46  4.2010E-55  1.1688E+44  3.2942E+46
  4.2170E-02  3.7105E+46  1.8494E-43  1.3776E+44  3.6967E+46
  4.7320E-02  4.1625E+46  5.0505E-33  1.4304E+44  4.1482E+46
  5.3090E-02  4.3348E+46  9.4146E-24  1.3547E+44  4.3212E+46
  6.6830E-02  4.1366E+46  3.7563E-08  9.7860E+43  4.1268E+46
  7.4990E-02  4.0408E+46  1.3109E-01  7.9902E+43  4.0328E+46
  8.4140E-02  3.9490E+46  6.7910E+04  8.0044E+43  3.9410E+46
  9.4410E-02  3.8594E+46  8.0885E+09  8.1638E+43  3.8513E+46
  1.0590E-01  3.5146E+46  2.2040E+14  9.0354E+43  3.5055E+46
  1.1890E-01  2.9559E+46  1.5682E+18  9.1777E+43  2.9467E+46
  1.3340E-01  2.4887E+46  2.9972E+21  9.1836E+43  2.4795E+46
  1.4960E-01  2.0961E+46  3.2697E+24  8.2577E+43  2.0878E+46
  1.5850E-01  1.9221E+46  9.5733E+25  7.6034E+43  1.9145E+46
  1.7780E-01  1.6175E+46  5.0867E+28  6.0795E+43  1.6114E+46
  1.9950E-01  1.3596E+46  1.6082E+31  3.7845E+43  1.3558E+46
  2.2390E-01  1.1431E+46  2.0606E+33  2.7965E+43  1.1403E+46
  2.3710E-01  1.0495E+46  1.3356E+34  3.0938E+43  1.0464E+46
  2.5120E-01  9.6288E+45  7.3714E+34  3.2950E+43  9.5958E+45
  2.6610E-01  8.8338E+45  3.8460E+35  3.2638E+43  8.8012E+45
  2.8180E-01  8.1071E+45  1.8556E+36  3.1049E+43  8.0761E+45
  2.9850E-01  7.4370E+45  8.1944E+36  2.9148E+43  7.4079E+45
  3.1620E-01  6.8220E+45  3.2578E+37  2.7331E+43  6.7947E+45
  3.3500E-01  6.2563E+45  1.1843E+38  2.5519E+43  6.2308E+45
  3.5480E-01  5.7402E+45  3.9485E+38  2.3700E+43  5.7165E+45
  3.7580E-01  5.2661E+45  1.2188E+39  2.1887E+43  5.2442E+45
  3.9810E-01  4.8300E+45  3.4668E+39  2.0220E+43  4.8097E+45
  4.2170E-01  4.4302E+45  9.0596E+39  1.8596E+43  4.4116E+45
  4.4670E-01  4.0638E+45  2.1945E+40  1.7121E+43  4.0466E+45
  4.7320E-01  3.7272E+45  5.0002E+40  1.5695E+43  3.7115E+45
  5.0120E-01  3.4192E+45  1.0747E+41  1.4317E+43  3.4048E+45
  5.3090E-01  3.1364E+45  2.1904E+41  1.2973E+43  3.1232E+45
  5.6230E-01  2.8773E+45  4.2288E+41  1.1749E+43  2.8651E+45
  5.9570E-01  2.6389E+45  7.7845E+41  1.0608E+43  2.6276E+45
  6.3100E-01  2.4212E+45  1.3648E+42  9.5350E+42  2.4103E+45
  6.6830E-01  2.2222E+45  2.2829E+42  8.5226E+42  2.2114E+45
  7.0790E-01  2.0397E+45  3.6566E+42  7.5958E+42  2.0284E+45
  7.4990E-01  1.8728E+45  5.6194E+42  6.7532E+42  1.8605E+45
  7.9430E-01  1.7209E+45  8.2920E+42  5.9756E+42  1.7066E+45
  8.4140E-01  1.5824E+45  1.1797E+43  5.2573E+42  1.5653E+45
  8.9130E-01  1.4565E+45  1.6214E+43  4.5856E+42  1.4357E+45
  9.4410E-01  1.3425E+45  2.1559E+43  3.9741E+42  1.3170E+45
  1.0000E+00  1.2393E+45  2.7801E+43  3.4268E+42  1.2081E+45
  1.0590E+00  1.1463E+45  3.4823E+43  2.9434E+42  1.1086E+45
  1.1220E+00  1.0617E+45  4.2620E+43  2.5110E+42  1.0165E+45
  1.1890E+00  9.8499E+44  5.1035E+43  2.1230E+42  9.3183E+44
  1.2590E+00  9.1656E+44  5.9584E+43  1.7743E+42  8.5520E+44
  1.3340E+00  8.5385E+44  6.8269E+43  1.4709E+42  7.8411E+44
  1.4130E+00  7.9705E+44  7.6558E+43  1.2161E+42  7.1927E+44
  1.4960E+00  7.4553E+44  8.4273E+43  1.0011E+42  6.6026E+44
  1.5850E+00  6.9783E+44  9.1580E+43  8.1691E+41  6.0543E+44
  1.6790E+00  6.5388E+44  9.7915E+43  6.5974E+41  5.5530E+44
  1.7780E+00  6.1310E+44  1.0300E+44  5.2621E+41  5.0957E+44
  1.8840E+00  5.7470E+44  1.0710E+44  4.1382E+41  4.6719E+44
  1.9950E+00  5.3897E+44  1.0990E+44  3.2126E+41  4.2875E+44
  2.1130E+00  5.0517E+44  1.1160E+44  2.4625E+41  3.9333E+44
  2.2390E+00  4.7293E+44  1.1213E+44  1.8659E+41  3.6061E+44
  2.3710E+00  4.4252E+44  1.1147E+44  1.4010E+41  3.3092E+44
  2.5120E+00  4.1346E+44  1.0992E+44  1.0440E+41  3.0344E+44
  2.6610E+00  3.8583E+44  1.0743E+44  7.7352E+40  2.7832E+44
  2.8180E+00  3.5947E+44  1.0403E+44  5.7024E+40  2.5538E+44
  2.9850E+00  3.3428E+44  9.9979E+43  4.1868E+40  2.3426E+44
  3.1620E+00  3.1021E+44  9.5312E+43  3.0631E+40  2.1487E+44
  3.3500E+00  2.8757E+44  9.0505E+43  2.2370E+40  1.9704E+44
  3.5480E+00  2.6596E+44  8.5171E+43  1.6293E+40  1.8078E+44
  3.7580E+00  2.4556E+44  7.9719E+43  1.1840E+40  1.6583E+44
  3.9810E+00  2.2633E+44  7.4221E+43  8.5874E+39  1.5210E+44
  4.2170E+00  2.0824E+44  6.8725E+43  6.2177E+39  1.3951E+44
  4.4670E+00  1.9128E+44  6.3316E+43  4.4936E+39  1.2796E+44
  4.7320E+00  1.7551E+44  5.8146E+43  3.2415E+39  1.1737E+44
  5.0120E+00  1.6118E+44  5.3269E+43  2.3391E+39  1.0791E+44
  5.3090E+00  1.4471E+44  4.8686E+43  1.6493E+39  9.6024E+43
  5.6230E+00  1.2928E+44  4.4474E+43  1.1555E+39  8.4805E+43
  5.9570E+00  1.1499E+44  4.0675E+43  8.0477E+38  7.4316E+43
  6.3100E+00  1.0162E+44  3.6914E+43  5.5577E+38  6.4710E+43
  6.6830E+00  8.9853E+43  3.3839E+43  3.8266E+38  5.6014E+43
  7.0790E+00  7.8962E+43  3.0771E+43  2.6025E+38  4.8190E+43
  7.4990E+00  7.1109E+43  2.9879E+43  1.7948E+38  4.1229E+43
  7.9430E+00  7.3187E+43  3.8077E+43  1.4237E+38  3.5109E+43
  8.4140E+00  8.5503E+43  5.5751E+43  1.3716E+38  2.9752E+43
  8.9130E+00  9.5912E+43  7.0808E+43  1.3533E+38  2.5104E+43
  9.4410E+00  1.0340E+44  8.2296E+43  1.4225E+38  2.1101E+43
  1.0000E+01  8.6255E+43  6.8584E+43  1.0162E+38  1.7671E+43
  1.0590E+01  6.8203E+43  5.3445E+43  6.6674E+37  1.4758E+43
  1.1220E+01  5.1555E+43  3.9288E+43  3.8934E+37  1.2267E+43
  1.1890E+01  3.9522E+43  2.9363E+43  2.3120E+37  1.0159E+43
  1.2590E+01  3.0424E+43  2.2013E+43  1.3501E+37  8.4119E+42
  1.3340E+01  2.3754E+43  1.6822E+43  7.8805E+36  6.9319E+42
  1.4130E+01  1.9530E+43  1.3825E+43  4.7581E+36  5.7050E+42
  1.4960E+01  1.8048E+43  1.3356E+43  3.3207E+36  4.6919E+42
  1.5850E+01  1.7245E+43  1.3403E+43  2.4990E+36  3.8414E+42
  1.6790E+01  1.6600E+43  1.3459E+43  1.9701E+36  3.1409E+42
  1.7780E+01  1.5598E+43  1.3032E+43  1.5622E+36  2.5663E+42
  1.8840E+01  1.3922E+43  1.1833E+43  1.1804E+36  2.0888E+42
  1.9950E+01  1.1801E+43  1.0100E+43  8.2275E+35  1.7013E+42
  2.1130E+01  9.8962E+42  8.5135E+42  5.4959E+35  1.3827E+42
  2.2390E+01  8.3537E+42  7.2334E+42  3.6793E+35  1.1203E+42
  2.3710E+01  7.0916E+42  6.1829E+42  2.4646E+35  9.0864E+41
  2.5120E+01  6.0260E+42  5.2912E+42  1.6558E+35  7.3479E+41
  2.6610E+01  5.1128E+42  4.5190E+42  1.1080E+35  5.9383E+41
  2.8180E+01  4.3286E+42  3.8486E+42  7.4188E+34  4.7994E+41
  2.9850E+01  3.6416E+42  3.2544E+42  4.9493E+34  3.8717E+41
  3.1620E+01  3.0371E+42  2.7251E+42  3.2757E+34  3.1199E+41
  3.3500E+01  2.5070E+42  2.2559E+42  2.1493E+34  2.5106E+41
  3.5480E+01  2.0492E+42  1.8471E+42  1.3989E+34  2.0210E+41
  3.7580E+01  1.6549E+42  1.4924E+42  9.0057E+33  1.6253E+41
  3.9810E+01  1.3180E+42  1.1875E+42  5.7265E+33  1.3054E+41
  4.2170E+01  1.0377E+42  9.3290E+41  3.6006E+33  1.0479E+41
  4.4670E+01  8.0844E+41  7.2437E+41  2.2383E+33  8.4074E+40
  4.7320E+01  6.2412E+41  5.5672E+41  1.3782E+33  6.7400E+40
  5.0120E+01  4.7822E+41  4.2418E+41  8.4203E+32  5.4034E+40
  5.3090E+01  3.6379E+41  3.2051E+41  5.1069E+32  4.3282E+40
  5.6230E+01  2.7527E+41  2.4061E+41  3.0804E+32  3.4667E+40
  5.9570E+01  2.0709E+41  1.7936E+41  1.8472E+32  2.7728E+40
  6.3100E+01  1.5526E+41  1.3308E+41  1.1042E+32  2.2180E+40
  6.6830E+01  1.1609E+41  9.8348E+40  6.5842E+31  1.7744E+40
  7.0790E+01  8.6578E+40  7.2395E+40  3.9171E+31  1.4183E+40
  7.4990E+01  6.4427E+40  5.3098E+40  2.3265E+31  1.1329E+40
  7.9430E+01  4.7903E+40  3.8852E+40  1.3815E+31  9.0505E+39
  8.4140E+01  3.5582E+40  2.8357E+40  8.1984E+30  7.2256E+39
  8.9130E+01  2.6433E+40  2.0667E+40  4.8689E+30  5.7665E+39
  9.4410E+01  1.9644E+40  1.5042E+40  2.8942E+30  4.6021E+39
  1.0000E+02  1.4604E+40  1.0932E+40  1.7221E+30  3.6722E+39
  1.0590E+02  1.0877E+40  7.9453E+39  1.0273E+30  2.9317E+39
  1.1220E+02  8.1050E+39  5.7692E+39  6.1302E+29  2.3358E+39
  1.1890E+02  6.0544E+39  4.1954E+39  3.6680E+29  1.8590E+39
  1.2590E+02  4.5554E+39  3.0715E+39  2.2108E+29  1.4838E+39
  1.3340E+02  3.4367E+39  2.2556E+39  1.3375E+29  1.1811E+39
  1.4130E+02  2.5870E+39  1.6459E+39  8.1129E+28  9.4117E+38
  1.4960E+02  1.9301E+39  1.1788E+39  4.8856E+28  7.5121E+38
  1.5850E+02  1.4361E+39  8.3826E+38  2.9285E+28  5.9781E+38
  1.7780E+02  8.0742E+38  4.2800E+38  1.0661E+28  3.7942E+38
  1.9950E+02  4.5977E+38  2.1934E+38  3.9286E+27  2.4043E+38
  2.2390E+02  2.6453E+38  1.1237E+38  1.4624E+27  1.5216E+38
  2.5120E+02  1.5396E+38  5.7584E+37  5.5013E+26  9.6376E+37
  2.8180E+02  9.0519E+37  2.9476E+37  2.0880E+26  6.1043E+37
  3.1620E+02  5.3672E+37  1.5055E+37  7.9778E+25  3.8617E+37
  3.5480E+02  3.2101E+37  7.6798E+36  3.0675E+25  2.4421E+37
  3.9810E+02  1.9354E+37  3.9125E+36  1.1868E+25  1.5442E+37
  4.4670E+02  1.1751E+37  1.9906E+36  4.6140E+24  9.7603E+36
  5.0120E+02  7.1813E+36  1.0118E+36  1.8019E+24  6.1695E+36
  5.6230E+02  4.4143E+36  5.1401E+35  7.0633E+23  3.9003E+36
  6.3100E+02  2.7236E+36  2.6062E+35  2.7748E+23  2.4629E+36
  7.0790E+02  1.6890E+36  1.3216E+35  1.0940E+23  1.5568E+36
  7.9430E+02  1.0502E+36  6.6913E+34  4.3191E+22  9.8325E+35
  8.9130E+02  6.5461E+35  3.3840E+34  1.7075E+22  6.2077E+35
  1.0000E+03  4.0925E+35  1.7110E+34  6.7643E+21  3.9214E+35
