  1.0000E-03  6.8113E+44  0.0000E+00  3.7459E+43  6.4367E+44
  1.1220E-03  7.1386E+44  0.0000E+00  4.6426E+43  6.6744E+44
  1.2590E-03  7.4271E+44  0.0000E+00  5.4649E+43  6.8806E+44
  1.4130E-03  7.6761E+44  0.0000E+00  6.1614E+43  7.0599E+44
  1.5850E-03  7.9975E+44  0.0000E+00  6.8213E+43  7.3154E+44
  1.7780E-03  8.7760E+44  0.0000E+00  8.6127E+43  7.9147E+44
  1.9950E-03  8.6058E+44  0.0000E+00  9.6341E+43  7.6424E+44
  2.2390E-03  8.5932E+44  0.0000E+00  9.8607E+43  7.6071E+44
  2.5120E-03  9.3103E+44  0.0000E+00  1.2981E+44  8.0122E+44
  2.8180E-03  8.6325E+44  0.0000E+00  1.3595E+44  7.2730E+44
  3.1620E-03  8.1002E+44  0.0000E+00  1.3589E+44  6.7413E+44
  3.5480E-03  7.6413E+44  0.0000E+00  1.3219E+44  6.3194E+44
  3.9810E-03  7.2887E+44  0.0000E+00  1.2635E+44  6.0252E+44
  4.4670E-03  1.6725E+45  0.0000E+00  2.6206E+44  1.4105E+45
  5.0120E-03  1.5414E+45  0.0000E+00  2.9555E+44  1.2458E+45
  5.6230E-03  1.4166E+45  0.0000E+00  3.1558E+44  1.1010E+45
  5.9570E-03  1.3617E+45  0.0000E+00  3.2141E+44  1.0403E+45
  6.6830E-03  1.2790E+45  0.0000E+00  3.2846E+44  9.5053E+44
  7.4990E-03  1.2416E+45  0.0000E+00  3.3888E+44  9.0276E+44
  8.4140E-03  1.1742E+45  0.0000E+00  3.3759E+44  8.3664E+44
  9.4410E-03  1.1383E+45  0.0000E+00  3.3608E+44  8.0224E+44
  1.0590E-02  1.1645E+45  0.0000E+00  3.3783E+44  8.2671E+44
  1.1890E-02  1.1292E+45  0.0000E+00  3.4867E+44  7.8058E+44
  1.3340E-02  1.1111E+45  0.0000E+00  3.4649E+44  7.6466E+44
  1.4960E-02  1.0675E+45  0.0000E+00  3.4119E+44  7.2635E+44
  1.6790E-02  1.0333E+45  0.0000E+00  3.3390E+44  6.9940E+44
  1.8840E-02  1.0113E+45  0.0000E+00  3.2688E+44  6.8444E+44
  2.1130E-02  9.8321E+44  0.0000E+00  3.2344E+44  6.5978E+44
  2.3710E-02  9.4787E+44  0.0000E+00  3.1522E+44  6.3265E+44
  2.6610E-02  9.0116E+44  0.0000E+00  3.0240E+44  5.9876E+44
  2.9850E-02  8.5551E+44  3.7528E-84  2.8851E+44  5.6700E+44
  3.3500E-02  8.0817E+44  2.0522E-69  2.7281E+44  5.3536E+44
  3.7580E-02  8.6107E+44  2.4743E-56  2.8534E+44  5.7573E+44
  4.2170E-02  8.5051E+44  9.1711E-45  3.0807E+44  5.4244E+44
  4.7320E-02  6.4816E+44  1.6646E-34  2.4704E+44  4.0112E+44
  5.3090E-02  4.2451E+44  1.9096E-25  1.7020E+44  2.5432E+44
  6.6830E-02  6.8614E+43  1.1595E-10  3.2894E+43  3.5720E+43
  7.4990E-02  2.0597E+43  1.1776E-04  1.0633E+43  9.9642E+42
  8.4140E-02  2.6645E+43  8.2154E+01  1.3160E+43  1.3485E+43
  9.4410E-02  3.2431E+43  1.1976E+07  1.5811E+43  1.6620E+43
  1.0590E-01  7.0267E+43  7.5490E+11  3.2951E+43  3.7316E+43
  1.1890E-01  1.5084E+44  1.4595E+16  6.4024E+43  8.6814E+43
  1.3340E-01  2.5279E+44  6.0060E+19  9.9404E+43  1.5338E+44
  1.4960E-01  3.2434E+44  1.0704E+23  1.1364E+44  2.1069E+44
  1.5850E-01  3.2077E+44  3.4062E+24  1.1018E+44  2.1059E+44
  1.7780E-01  2.3588E+44  1.5070E+27  8.7855E+43  1.4803E+44
  1.9950E-01  8.6769E+43  1.9469E+29  3.6014E+43  5.0755E+43
  2.2390E-01  4.4302E+43  1.4064E+31  1.9968E+43  2.4335E+43
  2.3710E-01  7.4577E+43  1.6677E+32  3.3513E+43  4.1063E+43
  2.5120E-01  1.2504E+44  1.7436E+33  5.3939E+43  7.1102E+43
  2.6610E-01  1.7003E+44  1.4021E+34  6.9916E+43  1.0012E+44
  2.8180E-01  2.0520E+44  9.2212E+34  8.0383E+43  1.2481E+44
  2.9850E-01  2.3322E+44  5.1938E+35  8.7572E+43  1.4564E+44
  3.1620E-01  2.5958E+44  2.5649E+36  9.3946E+43  1.6564E+44
  3.3500E-01  2.8413E+44  1.1357E+37  9.9264E+43  1.8487E+44
  3.5480E-01  3.0507E+44  4.5104E+37  1.0294E+44  2.0213E+44
  3.7580E-01  3.2605E+44  1.6496E+38  1.0609E+44  2.1996E+44
  3.9810E-01  3.4418E+44  5.4773E+38  1.0830E+44  2.3589E+44
  4.2170E-01  3.6656E+44  1.6872E+39  1.1098E+44  2.5558E+44
  4.4670E-01  3.8874E+44  4.7872E+39  1.1342E+44  2.7532E+44
  4.7320E-01  4.1041E+44  1.2716E+40  1.1510E+44  2.9530E+44
  5.0120E-01  4.3073E+44  3.1662E+40  1.1577E+44  3.1492E+44
  5.3090E-01  4.5167E+44  7.4727E+40  1.1580E+44  3.3580E+44
  5.6230E-01  4.6882E+44  1.6504E+41  1.1481E+44  3.5385E+44
  5.9570E-01  4.8328E+44  3.4493E+41  1.1294E+44  3.7000E+44
  6.3100E-01  4.9685E+44  6.8432E+41  1.1039E+44  3.8578E+44
  6.6830E-01  5.0926E+44  1.2907E+42  1.0711E+44  4.0086E+44
  7.0790E-01  5.2028E+44  2.3211E+42  1.0331E+44  4.1465E+44
  7.4990E-01  5.2845E+44  3.9744E+42  9.8868E+43  4.2560E+44
  7.9430E-01  5.3557E+44  6.5103E+42  9.3896E+43  4.3517E+44
  8.4140E-01  5.4215E+44  1.0250E+43  8.8540E+43  4.4336E+44
  8.9130E-01  5.5024E+44  1.5603E+43  8.2862E+43  4.5178E+44
  9.4410E-01  5.5795E+44  2.2877E+43  7.6978E+43  4.5809E+44
  1.0000E+00  5.6405E+44  3.2296E+43  7.0973E+43  4.6078E+44
  1.0590E+00  5.6956E+44  4.4025E+43  6.5062E+43  4.6047E+44
  1.1220E+00  5.7512E+44  5.8400E+43  5.9200E+43  4.5752E+44
  1.1890E+00  5.8139E+44  7.5542E+43  5.3391E+43  4.5246E+44
  1.2590E+00  5.8930E+44  9.5074E+43  4.7622E+43  4.4661E+44
  1.3340E+00  5.9686E+44  1.1686E+44  4.2132E+43  4.3787E+44
  1.4130E+00  6.0321E+44  1.3967E+44  3.7118E+43  4.2642E+44
  1.4960E+00  6.0863E+44  1.6299E+44  3.2505E+43  4.1314E+44
  1.5850E+00  6.1319E+44  1.8696E+44  2.8201E+43  3.9803E+44
  1.6790E+00  6.1652E+44  2.1020E+44  2.4166E+43  3.8215E+44
  1.7780E+00  6.1778E+44  2.3161E+44  2.0390E+43  3.6578E+44
  1.8840E+00  6.1658E+44  2.5115E+44  1.6914E+43  3.4852E+44
  1.9950E+00  6.1241E+44  2.6748E+44  1.3787E+43  3.3115E+44
  2.1130E+00  6.0486E+44  2.8045E+44  1.1048E+43  3.1336E+44
  2.2390E+00  5.9344E+44  2.8946E+44  8.7076E+42  2.9528E+44
  2.3710E+00  5.7835E+44  2.9403E+44  6.7619E+42  2.7756E+44
  2.5120E+00  5.5982E+44  2.9475E+44  5.1854E+42  2.5989E+44
  2.6610E+00  5.3813E+44  2.9146E+44  3.9322E+42  2.4274E+44
  2.8180E+00  5.1352E+44  2.8430E+44  2.9508E+42  2.2627E+44
  2.9850E+00  4.8668E+44  2.7406E+44  2.1947E+42  2.1043E+44
  3.1620E+00  4.5803E+44  2.6108E+44  1.6188E+42  1.9533E+44
  3.3500E+00  4.2896E+44  2.4679E+44  1.1875E+42  1.8098E+44
  3.5480E+00  3.9894E+44  2.3051E+44  8.6485E+41  1.6756E+44
  3.7580E+00  3.6905E+44  2.1348E+44  6.2630E+41  1.5494E+44
  3.9810E+00  3.3968E+44  1.9612E+44  4.5121E+41  1.4311E+44
  4.2170E+00  3.1114E+44  1.7874E+44  3.2356E+41  1.3207E+44
  4.4670E+00  2.8374E+44  1.6170E+44  2.3100E+41  1.2180E+44
  4.7320E+00  2.5793E+44  1.4551E+44  1.6428E+41  1.1225E+44
  5.0120E+00  2.3415E+44  1.3039E+44  1.1665E+41  1.0364E+44
  5.3090E+00  2.0903E+44  1.1639E+44  8.1384E+40  9.2558E+43
  5.6230E+00  1.8577E+44  1.0371E+44  5.6442E+40  8.2000E+43
  5.9570E+00  1.6452E+44  9.2433E+43  3.8946E+40  7.2049E+43
  6.3100E+00  1.4465E+44  8.1737E+43  2.6631E+40  6.2888E+43
  6.6830E+00  1.2746E+44  7.2895E+43  1.8183E+40  5.4545E+43
  7.0790E+00  1.1153E+44  6.4504E+43  1.2258E+40  4.7013E+43
  7.4990E+00  1.0152E+44  6.1298E+43  8.4987E+39  4.0210E+43
  7.9430E+00  1.1158E+44  7.7677E+43  7.1240E+39  3.3891E+43
  8.4140E+00  1.3983E+44  1.1176E+44  7.2647E+39  2.8066E+43
  8.9130E+00  1.6057E+44  1.3744E+44  7.2588E+39  2.3126E+43
  9.4410E+00  1.7304E+44  1.5403E+44  7.5485E+39  1.8996E+43
  1.0000E+01  1.4259E+44  1.2650E+44  5.2896E+39  1.6083E+43
  1.0590E+01  1.1098E+44  9.7327E+43  3.3944E+39  1.3645E+43
  1.1220E+01  8.2035E+43  7.0491E+43  1.9277E+39  1.1542E+43
  1.1890E+01  6.1392E+43  5.1710E+43  1.1113E+39  9.6809E+42
  1.2590E+01  4.6029E+43  3.7929E+43  6.2828E+38  8.0996E+42
  1.3340E+01  3.5041E+43  2.8314E+43  3.5530E+38  6.7261E+42
  1.4130E+01  2.8345E+43  2.2787E+43  2.0966E+38  5.5576E+42
  1.4960E+01  2.6281E+43  2.1719E+43  1.4573E+38  4.5618E+42
  1.5850E+01  2.5254E+43  2.1533E+43  1.0931E+38  3.7209E+42
  1.6790E+01  2.4392E+43  2.1362E+43  8.5606E+37  3.0294E+42
  1.7780E+01  2.2908E+43  2.0440E+43  6.7114E+37  2.4680E+42
  1.8840E+01  2.0368E+43  1.8359E+43  4.9929E+37  2.0088E+42
  1.9950E+01  1.7169E+43  1.5527E+43  3.4189E+37  1.6413E+42
  2.1130E+01  1.4329E+43  1.2990E+43  2.2446E+37  1.3384E+42
  2.2390E+01  1.2059E+43  1.0972E+43  1.4792E+37  1.0874E+42
  2.3710E+01  1.0223E+43  9.3385E+42  9.7704E+36  8.8405E+41
  2.5120E+01  8.6856E+42  7.9692E+42  6.4823E+36  7.1631E+41
  2.6610E+01  7.3753E+42  6.7954E+42  4.2903E+36  5.7992E+41
  2.8180E+01  6.2535E+42  5.7841E+42  2.8457E+36  4.6942E+41
  2.9850E+01  5.2715E+42  4.8923E+42  1.8832E+36  3.7922E+41
  3.1620E+01  4.4061E+42  4.1002E+42  1.2379E+36  3.0599E+41
  3.3500E+01  3.6453E+42  3.3988E+42  8.0761E+35  2.4656E+41
  3.5480E+01  2.9862E+42  2.7874E+42  5.2319E+35  1.9872E+41
  3.7580E+01  2.4162E+42  2.2562E+42  3.3549E+35  1.6001E+41
  3.9810E+01  1.9274E+42  1.7987E+42  2.1259E+35  1.2868E+41
  4.2170E+01  1.5193E+42  1.4159E+42  1.3326E+35  1.0343E+41
  4.4670E+01  1.1846E+42  1.1015E+42  8.2619E+34  8.3085E+40
  4.7320E+01  9.1487E+41  8.4819E+41  5.0748E+34  6.6684E+40
  5.0120E+01  7.0096E+41  6.4744E+41  3.0934E+34  5.3518E+40
  5.3090E+01  5.3298E+41  4.9007E+41  1.8722E+34  4.2912E+40
  5.6230E+01  4.0293E+41  3.6852E+41  1.1270E+34  3.4403E+40
  5.9570E+01  3.0270E+41  2.7516E+41  6.7450E+33  2.7540E+40
  6.3100E+01  2.2653E+41  2.0448E+41  4.0240E+33  2.2047E+40
  6.6830E+01  1.6898E+41  1.5133E+41  2.3950E+33  1.7649E+40
  7.0790E+01  1.2567E+41  1.1155E+41  1.4221E+33  1.4116E+40
  7.4990E+01  9.3205E+40  8.1923E+40  8.4299E+32  1.1282E+40
  7.9430E+01  6.9032E+40  6.0016E+40  4.9959E+32  9.0167E+39
  8.4140E+01  5.1054E+40  4.3852E+40  2.9587E+32  7.2017E+39
  8.9130E+01  3.7743E+40  3.1994E+40  1.7535E+32  5.7496E+39
  9.4410E+01  2.7897E+40  2.3307E+40  1.0402E+32  4.5901E+39
  1.0000E+02  2.0618E+40  1.6954E+40  6.1761E+31  3.6638E+39
  1.0590E+02  1.5258E+40  1.2332E+40  3.6761E+31  2.9257E+39
  1.1220E+02  1.1292E+40  8.9606E+39  2.1889E+31  2.3315E+39
  1.1890E+02  8.3758E+39  6.5198E+39  1.3068E+31  1.8560E+39
  1.2590E+02  6.2565E+39  4.7748E+39  7.8591E+30  1.4817E+39
  1.3340E+02  4.6861E+39  3.5066E+39  4.7444E+30  1.1795E+39
  1.4130E+02  3.4995E+39  2.5594E+39  2.8719E+30  9.4006E+38
  1.4960E+02  2.5854E+39  1.8350E+39  1.7259E+30  7.5042E+38
  1.5850E+02  1.9033E+39  1.3061E+39  1.0322E+30  5.9726E+38
  1.7780E+02  1.0468E+39  6.6769E+38  3.7410E+29  3.7915E+38
  1.9950E+02  5.8275E+38  3.4245E+38  1.3726E+29  2.4030E+38
  2.2390E+02  3.2765E+38  1.7556E+38  5.0888E+28  1.5209E+38
  2.5120E+02  1.8635E+38  9.0013E+37  1.9073E+28  9.6341E+37
  2.8180E+02  1.0712E+38  4.6097E+37  7.2151E+27  6.1026E+37
  3.1620E+02  6.2162E+37  2.3553E+37  2.7487E+27  3.8609E+37
  3.5480E+02  3.6435E+37  1.2019E+37  1.0542E+27  2.4417E+37
  3.9810E+02  2.1564E+37  6.1246E+36  4.0695E+26  1.5440E+37
  4.4670E+02  1.2876E+37  3.1168E+36  1.5791E+26  9.7592E+36
  5.0120E+02  7.7535E+36  1.5846E+36  6.1573E+25  6.1689E+36
  5.6230E+02  4.7051E+36  8.0509E+35  2.4104E+25  3.9001E+36
  6.3100E+02  2.8710E+36  4.0825E+35  9.4588E+24  2.4628E+36
  7.0790E+02  1.7638E+36  2.0704E+35  3.7260E+24  1.5567E+36
  7.9430E+02  1.0880E+36  1.0483E+35  1.4698E+24  9.8322E+35
  8.9130E+02  6.7377E+35  5.3021E+34  5.8073E+23  6.2075E+35
  1.0000E+03  4.1894E+35  2.6810E+34  2.2995E+23  3.9213E+35
