  1.0000E-03  7.1292E+44  0.0000E+00  2.7979E+42  7.1012E+44
  1.1220E-03  7.5895E+44  0.0000E+00  3.6149E+42  7.5533E+44
  1.2590E-03  8.0511E+44  0.0000E+00  4.4477E+42  8.0066E+44
  1.4130E-03  8.5183E+44  0.0000E+00  5.2536E+42  8.4658E+44
  1.5850E-03  9.0825E+44  0.0000E+00  6.0488E+42  9.0220E+44
  1.7780E-03  1.0006E+45  0.0000E+00  7.7396E+42  9.9287E+44
  1.9950E-03  1.0179E+45  0.0000E+00  9.4154E+42  1.0085E+45
  2.2390E-03  1.0583E+45  0.0000E+00  1.0291E+43  1.0480E+45
  2.5120E-03  1.1485E+45  0.0000E+00  1.3984E+43  1.1345E+45
  2.8180E-03  1.1215E+45  0.0000E+00  1.6542E+43  1.1050E+45
  3.1620E-03  1.1104E+45  0.0000E+00  1.8499E+43  1.0919E+45
  3.5480E-03  1.1072E+45  0.0000E+00  2.0070E+43  1.0871E+45
  3.9810E-03  1.1156E+45  0.0000E+00  2.1271E+43  1.0944E+45
  4.4670E-03  1.9475E+45  0.0000E+00  2.9136E+43  1.9183E+45
  5.0120E-03  1.8807E+45  0.0000E+00  3.6116E+43  1.8446E+45
  5.6230E-03  1.8183E+45  0.0000E+00  4.2723E+43  1.7756E+45
  5.9570E-03  1.7938E+45  0.0000E+00  4.5808E+43  1.7480E+45
  6.6830E-03  1.7715E+45  0.0000E+00  5.1512E+43  1.7200E+45
  7.4990E-03  1.7955E+45  0.0000E+00  5.7494E+43  1.7381E+45
  8.4140E-03  1.7873E+45  0.0000E+00  6.3072E+43  1.7243E+45
  9.4410E-03  1.8194E+45  0.0000E+00  6.8184E+43  1.7512E+45
  1.0590E-02  1.9431E+45  0.0000E+00  7.1964E+43  1.8712E+45
  1.1890E-02  1.9600E+45  0.0000E+00  8.1159E+43  1.8788E+45
  1.3340E-02  2.0231E+45  0.0000E+00  8.7025E+43  1.9361E+45
  1.4960E-02  2.0458E+45  0.0000E+00  9.3893E+43  1.9519E+45
  1.6790E-02  2.0878E+45  0.0000E+00  1.0023E+44  1.9875E+45
  1.8840E-02  2.1536E+45  0.0000E+00  1.0627E+44  2.0473E+45
  2.1130E-02  2.2008E+45  0.0000E+00  1.1448E+44  2.0863E+45
  2.3710E-02  2.2410E+45  0.0000E+00  1.2204E+44  2.1189E+45
  2.6610E-02  2.2626E+45  0.0000E+00  1.2911E+44  2.1335E+45
  2.9850E-02  2.2860E+45  1.8401E-84  1.3592E+44  2.1501E+45
  3.3500E-02  2.3062E+45  1.0748E-69  1.4233E+44  2.1638E+45
  3.7580E-02  2.5133E+45  1.3133E-56  1.5393E+44  2.3593E+45
  4.2170E-02  2.5481E+45  5.1987E-45  1.7703E+44  2.3710E+45
  4.7320E-02  2.2283E+45  1.1071E-34  1.7722E+44  2.0511E+45
  5.3090E-02  1.7255E+45  1.5328E-25  1.5958E+44  1.5660E+45
  6.6830E-02  5.2585E+44  1.8933E-10  8.4314E+43  4.4153E+44
  7.4990E-02  2.4914E+44  3.1428E-04  5.2069E+43  1.9707E+44
  8.4140E-02  2.9004E+44  1.9711E+02  5.5577E+43  2.3446E+44
  9.4410E-02  3.2207E+44  2.6822E+07  5.9165E+43  2.6291E+44
  1.0590E-01  4.9136E+44  1.2389E+12  7.5842E+43  4.1552E+44
  1.1890E-01  7.4006E+44  1.5827E+16  8.7432E+43  6.5263E+44
  1.3340E-01  9.5669E+44  4.5913E+19  9.2189E+43  8.6450E+44
  1.4960E-01  1.0617E+45  6.6056E+22  8.4715E+43  9.7694E+44
  1.5850E-01  1.0245E+45  2.0377E+24  7.9525E+43  9.4494E+44
  1.7780E-01  7.9274E+44  1.0006E+27  6.8647E+43  7.2409E+44
  1.9950E-01  4.0353E+44  1.9412E+29  4.4988E+43  3.5854E+44
  2.2390E-01  2.5080E+44  1.8613E+31  3.2664E+43  2.1814E+44
  2.3710E-01  3.3275E+44  1.7414E+32  3.8469E+43  2.9428E+44
  2.5120E-01  4.4709E+44  1.4075E+33  4.3762E+43  4.0333E+44
  2.6610E-01  5.3097E+44  9.5191E+33  4.5345E+43  4.8563E+44
  2.8180E-01  5.8693E+44  5.5451E+34  4.4669E+43  5.4226E+44
  2.9850E-01  6.2382E+44  2.8430E+35  4.3114E+43  5.8071E+44
  3.1620E-01  6.5337E+44  1.2929E+36  4.1423E+43  6.1194E+44
  3.3500E-01  6.7685E+44  5.3192E+36  3.9554E+43  6.3730E+44
  3.5480E-01  6.9270E+44  1.9825E+37  3.7481E+43  6.5522E+44
  3.7580E-01  7.0755E+44  6.8306E+37  3.5371E+43  6.7218E+44
  3.9810E-01  7.1602E+44  2.1486E+38  3.3279E+43  6.8274E+44
  4.2170E-01  7.2989E+44  6.2571E+38  3.1253E+43  6.9864E+44
  4.4670E-01  7.4139E+44  1.6828E+39  2.9327E+43  7.1206E+44
  4.7320E-01  7.5115E+44  4.2484E+39  2.7389E+43  7.2376E+44
  5.0120E-01  7.5847E+44  1.0086E+40  2.5437E+43  7.3302E+44
  5.3090E-01  7.6612E+44  2.2732E+40  2.3487E+43  7.4261E+44
  5.6230E-01  7.6800E+44  4.8184E+40  2.1620E+43  7.4633E+44
  5.9570E-01  7.6605E+44  9.7018E+40  1.9814E+43  7.4614E+44
  6.3100E-01  7.6287E+44  1.8591E+41  1.8065E+43  7.4462E+44
  6.6830E-01  7.5826E+44  3.3968E+41  1.6369E+43  7.4155E+44
  7.0790E-01  7.5140E+44  5.9359E+41  1.4765E+43  7.3604E+44
  7.4990E-01  7.4087E+44  9.9215E+41  1.3255E+43  7.2662E+44
  7.9430E-01  7.2873E+44  1.5917E+42  1.1821E+43  7.1531E+44
  8.4140E-01  7.1536E+44  2.4637E+42  1.0465E+43  7.0243E+44
  8.9130E-01  7.0258E+44  3.6960E+42  9.1724E+42  6.8971E+44
  9.4410E-01  6.8837E+44  5.3663E+42  7.9748E+42  6.7503E+44
  1.0000E+00  6.7162E+44  7.5479E+42  6.8861E+42  6.5718E+44
  1.0590E+00  6.5327E+44  1.0308E+43  5.9119E+42  6.3705E+44
  1.1220E+00  6.3374E+44  1.3771E+43  5.0324E+42  6.1494E+44
  1.1890E+00  6.1390E+44  1.8029E+43  4.2401E+42  5.9163E+44
  1.2590E+00  5.9523E+44  2.3048E+43  3.5298E+42  5.6865E+44
  1.3340E+00  5.7583E+44  2.8945E+43  2.9143E+42  5.4397E+44
  1.4130E+00  5.5617E+44  3.5543E+43  2.4014E+42  5.1823E+44
  1.4960E+00  5.3696E+44  4.2798E+43  1.9724E+42  4.9219E+44
  1.5850E+00  5.1810E+44  5.0890E+43  1.6084E+42  4.6560E+44
  1.6790E+00  5.0030E+44  5.9494E+43  1.3010E+42  4.3950E+44
  1.7780E+00  4.8351E+44  6.8343E+43  1.0420E+42  4.1412E+44
  1.8840E+00  4.6729E+44  7.7519E+43  8.2516E+41  3.8894E+44
  1.9950E+00  4.5193E+44  8.6494E+43  6.4685E+41  3.6479E+44
  2.1130E+00  4.3692E+44  9.5214E+43  5.0203E+41  3.4120E+44
  2.2390E+00  4.2200E+44  1.0339E+44  3.8616E+41  3.1822E+44
  2.3710E+00  4.0729E+44  1.1057E+44  2.9492E+41  2.9643E+44
  2.5120E+00  3.9245E+44  1.1684E+44  2.2394E+41  2.7539E+44
  2.6610E+00  3.7749E+44  1.2186E+44  1.6928E+41  2.5546E+44
  2.8180E+00  3.6224E+44  1.2538E+44  1.2741E+41  2.3673E+44
  2.9850E+00  3.4665E+44  1.2754E+44  9.5542E+40  2.1901E+44
  3.1620E+00  3.3068E+44  1.2822E+44  7.1389E+40  2.0238E+44
  3.3500E+00  3.1476E+44  1.2792E+44  5.3239E+40  1.8678E+44
  3.5480E+00  2.9837E+44  1.2599E+44  3.9550E+40  1.7235E+44
  3.7580E+00  2.8193E+44  1.2301E+44  2.9290E+40  1.5889E+44
  3.9810E+00  2.6550E+44  1.1912E+44  2.1626E+40  1.4636E+44
  4.2170E+00  2.4917E+44  1.1439E+44  1.5919E+40  1.3477E+44
  4.4670E+00  2.3304E+44  1.0899E+44  1.1679E+40  1.2403E+44
  4.7320E+00  2.1739E+44  1.0328E+44  8.5421E+39  1.1410E+44
  5.0120E+00  2.0261E+44  9.7418E+43  6.2404E+39  1.0518E+44
  5.3090E+00  1.8530E+44  9.1489E+43  4.4723E+39  9.3806E+43
  5.6230E+00  1.6871E+44  8.5705E+43  3.1868E+39  8.3006E+43
  5.9570E+00  1.5310E+44  8.0240E+43  2.2602E+39  7.2859E+43
  6.3100E+00  1.3790E+44  7.4367E+43  1.5881E+39  6.3534E+43
  6.6830E+00  1.2451E+44  6.9441E+43  1.1147E+39  5.5064E+43
  7.0790E+00  1.1160E+44  6.4176E+43  7.7202E+38  4.7426E+43
  7.4990E+00  1.0422E+44  6.3660E+43  5.5192E+38  4.0560E+43
  7.9430E+00  1.1862E+44  8.4337E+43  4.8745E+38  3.4282E+43
  8.4140E+00  1.5540E+44  1.2682E+44  5.3411E+38  2.8574E+43
  8.9130E+00  1.8622E+44  1.6252E+44  5.7060E+38  2.3702E+43
  9.4410E+00  2.0898E+44  1.8938E+44  6.3228E+38  1.9596E+43
  1.0000E+01  1.7595E+44  1.5941E+44  4.5456E+38  1.6538E+43
  1.0590E+01  1.3926E+44  1.2530E+44  2.9710E+38  1.3967E+43
  1.1220E+01  1.0422E+44  9.2467E+43  1.7074E+38  1.1754E+43
  1.1890E+01  7.8861E+43  6.9038E+43  9.9658E+37  9.8228E+42
  1.2590E+01  5.9548E+43  5.1354E+43  5.6897E+37  8.1937E+42
  1.3340E+01  4.5520E+43  3.8731E+43  3.2448E+37  6.7890E+42
  1.4130E+01  3.7022E+43  3.1419E+43  1.9378E+37  5.6031E+42
  1.4960E+01  3.4941E+43  3.0339E+43  1.3871E+37  4.6016E+42
  1.5850E+01  3.4240E+43  3.0483E+43  1.0769E+37  3.7574E+42
  1.6790E+01  3.3640E+43  3.0577E+43  8.7213E+36  3.0629E+42
  1.7780E+01  3.1922E+43  2.9424E+43  7.0279E+36  2.4974E+42
  1.8840E+01  2.8393E+43  2.6360E+43  5.3225E+36  2.0327E+42
  1.9950E+01  2.3681E+43  2.2021E+43  3.6694E+36  1.6594E+42
  2.1130E+01  1.9436E+43  1.8084E+43  2.4124E+36  1.3519E+42
  2.2390E+01  1.6033E+43  1.4935E+43  1.5882E+36  1.0976E+42
  2.3710E+01  1.3283E+43  1.2391E+43  1.0453E+36  8.9170E+41
  2.5120E+01  1.1007E+43  1.0285E+43  6.8966E+35  7.2213E+41
  2.6610E+01  9.1009E+42  8.5165E+42  4.5289E+35  5.8435E+41
  2.8180E+01  7.5105E+42  7.0377E+42  2.9763E+35  4.7281E+41
  2.9850E+01  6.1626E+42  5.7808E+42  1.9493E+35  3.8181E+41
  3.1620E+01  5.0164E+42  4.7084E+42  1.2669E+35  3.0796E+41
  3.3500E+01  4.0462E+42  3.7982E+42  8.1675E+34  2.4805E+41
  3.5480E+01  3.2371E+42  3.0372E+42  5.2287E+34  1.9985E+41
  3.7580E+01  2.5616E+42  2.4007E+42  3.3127E+34  1.6085E+41
  3.9810E+01  2.0004E+42  1.8711E+42  2.0731E+34  1.2930E+41
  4.2170E+01  1.5457E+42  1.4418E+42  1.2833E+34  1.0389E+41
  4.4670E+01  1.1827E+42  1.0993E+42  7.8556E+33  8.3420E+40
  4.7320E+01  8.9752E+41  8.3059E+41  4.7644E+33  6.6927E+40
  5.0120E+01  6.7652E+41  6.2282E+41  2.8677E+33  5.3694E+40
  5.3090E+01  5.0663E+41  4.6360E+41  1.7139E+33  4.3038E+40
  5.6230E+01  3.7767E+41  3.4318E+41  1.0189E+33  3.4493E+40
  5.9570E+01  2.8005E+41  2.5245E+41  6.0224E+32  2.7604E+40
  6.3100E+01  2.0709E+41  1.8500E+41  3.5487E+32  2.2092E+40
  6.6830E+01  1.5280E+41  1.3512E+41  2.0862E+32  1.7682E+40
  7.0790E+01  1.1251E+41  9.8371E+40  1.2236E+32  1.4139E+40
  7.4990E+01  8.2697E+40  7.1399E+40  7.1650E+31  1.1298E+40
  7.9430E+01  6.0759E+40  5.1731E+40  4.1948E+31  9.0283E+39
  8.4140E+01  4.4616E+40  3.7406E+40  2.4543E+31  7.2099E+39
  8.9130E+01  3.2779E+40  2.7023E+40  1.4371E+31  5.7554E+39
  9.4410E+01  2.4097E+40  1.9503E+40  8.4224E+30  4.5942E+39
  1.0000E+02  1.7729E+40  1.4062E+40  4.9410E+30  3.6667E+39
  1.0590E+02  1.3071E+40  1.0143E+40  2.9061E+30  2.9277E+39
  1.1220E+02  9.6436E+39  7.3107E+39  1.7101E+30  2.3330E+39
  1.1890E+02  7.1341E+39  5.2771E+39  1.0092E+30  1.8570E+39
  1.2590E+02  5.3167E+39  3.8342E+39  6.0014E+29  1.4824E+39
  1.3340E+02  3.9730E+39  2.7929E+39  3.5833E+29  1.1801E+39
  1.4130E+02  2.9647E+39  2.0243E+39  2.1453E+29  9.4044E+38
  1.4960E+02  2.1952E+39  1.4445E+39  1.2748E+29  7.5070E+38
  1.5850E+02  1.6212E+39  1.0237E+39  7.5383E+28  5.9745E+38
  1.7780E+02  8.9803E+38  5.1879E+38  2.6732E+28  3.7924E+38
  1.9950E+02  5.0419E+38  2.6384E+38  9.6100E+27  2.4035E+38
  2.2390E+02  2.8633E+38  1.3422E+38  3.4964E+27  1.5211E+38
  2.5120E+02  1.6469E+38  6.8340E+37  1.2882E+27  9.6353E+37
  2.8180E+02  9.5813E+37  3.4781E+37  4.7986E+26  6.1032E+37
  3.1620E+02  5.6284E+37  1.7672E+37  1.8034E+26  3.8612E+37
  3.5480E+02  3.3391E+37  8.9732E+36  6.8350E+25  2.4418E+37
  3.9810E+02  1.9993E+37  4.5525E+36  2.6119E+25  1.5440E+37
  4.4670E+02  1.2067E+37  2.3075E+36  1.0048E+25  9.7595E+36
  5.0120E+02  7.3381E+36  1.1690E+36  3.8896E+24  6.1691E+36
  5.6230E+02  4.4922E+36  5.9203E+35  1.5135E+24  3.9001E+36
  6.3100E+02  2.7622E+36  2.9935E+35  5.9098E+23  2.4628E+36
  7.0790E+02  1.7082E+36  1.5143E+35  2.3184E+23  1.5567E+36
  7.9430E+02  1.0597E+36  7.6495E+34  9.1155E+22  9.8323E+35
  8.9130E+02  6.5937E+35  3.8608E+34  3.5917E+22  6.2076E+35
  1.0000E+03  4.1161E+35  1.9486E+34  1.4191E+22  3.9213E+35
