  1.0000E-03  8.7713E+44  0.0000E+00  5.1404E+41  8.7662E+44
  1.1220E-03  9.8426E+44  0.0000E+00  6.8552E+41  9.8357E+44
  1.2590E-03  1.1046E+45  0.0000E+00  8.7258E+41  1.1037E+45
  1.4130E-03  1.2398E+45  0.0000E+00  1.0679E+42  1.2387E+45
  1.5850E-03  1.3907E+45  0.0000E+00  1.2662E+42  1.3894E+45
  1.7780E-03  1.5602E+45  0.0000E+00  1.6205E+42  1.5586E+45
  1.9950E-03  1.7509E+45  0.0000E+00  2.0742E+42  1.7488E+45
  2.2390E-03  1.9651E+45  0.0000E+00  2.3603E+42  1.9627E+45
  2.5120E-03  2.2052E+45  0.0000E+00  3.1933E+42  2.2020E+45
  2.8180E-03  2.4743E+45  0.0000E+00  4.0396E+42  2.4702E+45
  3.1620E-03  2.7766E+45  0.0000E+00  4.7948E+42  2.7718E+45
  3.5480E-03  3.1158E+45  0.0000E+00  5.4955E+42  3.1103E+45
  3.9810E-03  3.4960E+45  0.0000E+00  6.1136E+42  3.4898E+45
  4.4670E-03  3.9230E+45  0.0000E+00  7.2107E+42  3.9158E+45
  5.0120E-03  4.4033E+45  0.0000E+00  9.7074E+42  4.3936E+45
  5.6230E-03  4.9416E+45  0.0000E+00  1.2394E+43  4.9292E+45
  5.9570E-03  5.2358E+45  0.0000E+00  1.3765E+43  5.2220E+45
  6.6830E-03  5.8750E+45  0.0000E+00  1.6459E+43  5.8585E+45
  7.4990E-03  6.5930E+45  0.0000E+00  1.9215E+43  6.5738E+45
  8.4140E-03  7.3981E+45  0.0000E+00  2.2281E+43  7.3758E+45
  9.4410E-03  8.3012E+45  0.0000E+00  2.5148E+43  8.2761E+45
  1.0590E-02  9.3103E+45  0.0000E+00  2.7027E+43  9.2833E+45
  1.1890E-02  1.0455E+46  0.0000E+00  3.1771E+43  1.0423E+46
  1.3340E-02  1.1729E+46  0.0000E+00  3.5224E+43  1.1694E+46
  1.4960E-02  1.3154E+46  0.0000E+00  3.9644E+43  1.3114E+46
  1.6790E-02  1.4762E+46  0.0000E+00  4.3976E+43  1.4718E+46
  1.8840E-02  1.6564E+46  0.0000E+00  4.8191E+43  1.6515E+46
  2.1130E-02  1.8577E+46  0.0000E+00  5.3740E+43  1.8524E+46
  2.3710E-02  2.0844E+46  0.0000E+00  5.9476E+43  2.0785E+46
  2.6610E-02  2.3392E+46  0.0000E+00  6.5606E+43  2.3326E+46
  2.9850E-02  2.6238E+46  3.2706E-83  7.1911E+43  2.6166E+46
  3.3500E-02  2.9445E+46  2.1249E-68  7.8397E+43  2.9367E+46
  3.7580E-02  3.3028E+46  2.6685E-55  8.5695E+43  3.2942E+46
  4.2170E-02  3.7070E+46  1.1761E-43  1.0351E+44  3.6967E+46
  4.7320E-02  4.1596E+46  3.2276E-33  1.1403E+44  4.1482E+46
  5.3090E-02  4.3327E+46  6.0506E-24  1.1488E+44  4.3212E+46
  6.6830E-02  4.1365E+46  2.4656E-08  9.6718E+43  4.1268E+46
  7.4990E-02  4.0411E+46  8.7663E-02  8.2183E+43  4.0328E+46
  8.4140E-02  3.9492E+46  4.5271E+04  8.1681E+43  3.9410E+46
  9.4410E-02  3.8595E+46  5.3771E+09  8.2687E+43  3.8513E+46
  1.0590E-01  3.5142E+46  1.4459E+14  8.6931E+43  3.5055E+46
  1.1890E-01  2.9548E+46  1.0045E+18  8.0300E+43  2.9467E+46
  1.3340E-01  2.4868E+46  1.8791E+21  7.2692E+43  2.4795E+46
  1.4960E-01  2.0939E+46  2.0276E+24  6.0056E+43  2.0878E+46
  1.5850E-01  1.9200E+46  5.9282E+25  5.4520E+43  1.9145E+46
  1.7780E-01  1.6160E+46  3.1730E+28  4.6026E+43  1.6114E+46
  1.9950E-01  1.3592E+46  1.0260E+31  3.3826E+43  1.3558E+46
  2.2390E-01  1.1430E+46  1.3370E+33  2.6988E+43  1.1403E+46
  2.3710E-01  1.0492E+46  8.5722E+33  2.7977E+43  1.0464E+46
  2.5120E-01  9.6234E+45  4.6753E+34  2.7617E+43  9.5958E+45
  2.6610E-01  8.8271E+45  2.4206E+35  2.5862E+43  8.8012E+45
  2.8180E-01  8.0997E+45  1.1619E+36  2.3601E+43  8.0761E+45
  2.9850E-01  7.4293E+45  5.1112E+36  2.1419E+43  7.4079E+45
  3.1620E-01  6.8141E+45  2.0254E+37  1.9470E+43  6.7947E+45
  3.3500E-01  6.2485E+45  7.3425E+37  1.7659E+43  6.2308E+45
  3.5480E-01  5.7324E+45  2.4426E+38  1.5973E+43  5.7165E+45
  3.7580E-01  5.2585E+45  7.5252E+38  1.4384E+43  5.2442E+45
  3.9810E-01  4.8227E+45  2.1368E+39  1.2972E+43  4.8097E+45
  4.2170E-01  4.4233E+45  5.5748E+39  1.1633E+43  4.4116E+45
  4.4670E-01  4.0571E+45  1.3483E+40  1.0442E+43  4.0466E+45
  4.7320E-01  3.7208E+45  3.0682E+40  9.3363E+42  3.7115E+45
  5.0120E-01  3.4132E+45  6.5882E+40  8.3119E+42  3.4048E+45
  5.3090E-01  3.1307E+45  1.3417E+41  7.3516E+42  3.1232E+45
  5.6230E-01  2.8719E+45  2.5894E+41  6.5059E+42  2.8651E+45
  5.9570E-01  2.6338E+45  4.7668E+41  5.7446E+42  2.6276E+45
  6.3100E-01  2.4162E+45  8.3615E+41  5.0505E+42  2.4103E+45
  6.6830E-01  2.2172E+45  1.4001E+42  4.4171E+42  2.2114E+45
  7.0790E-01  2.0345E+45  2.2462E+42  3.8517E+42  2.0284E+45
  7.4990E-01  1.8673E+45  3.4600E+42  3.3513E+42  1.8605E+45
  7.9430E-01  1.7146E+45  5.1215E+42  2.9011E+42  1.7066E+45
  8.4140E-01  1.5751E+45  7.3155E+42  2.4964E+42  1.5653E+45
  8.9130E-01  1.4480E+45  1.0105E+43  2.1274E+42  1.4357E+45
  9.4410E-01  1.3323E+45  1.3517E+43  1.8016E+42  1.3170E+45
  1.0000E+00  1.2272E+45  1.7558E+43  1.5192E+42  1.2081E+45
  1.0590E+00  1.1320E+45  2.2180E+43  1.2765E+42  1.1086E+45
  1.1220E+00  1.0450E+45  2.7417E+43  1.0651E+42  1.0165E+45
  1.1890E+00  9.6591E+44  3.3201E+43  8.8066E+41  9.3183E+44
  1.2590E+00  8.9517E+44  3.9246E+43  7.1971E+41  8.5520E+44
  1.3340E+00  8.3029E+44  4.5598E+43  5.8392E+41  7.8411E+44
  1.4130E+00  7.7167E+44  5.1921E+43  4.7333E+41  7.1927E+44
  1.4960E+00  7.1874E+44  5.8097E+43  3.8260E+41  6.6026E+44
  1.5850E+00  6.7001E+44  6.4265E+43  3.0696E+41  6.0543E+44
  1.6790E+00  6.2556E+44  7.0007E+43  2.4406E+41  5.5530E+44
  1.7780E+00  5.8486E+44  7.5092E+43  1.9194E+41  5.0957E+44
  1.8840E+00  5.4703E+44  7.9691E+43  1.4907E+41  4.6719E+44
  1.9950E+00  5.1235E+44  8.3486E+43  1.1448E+41  4.2875E+44
  2.1130E+00  4.7999E+44  8.6576E+43  8.6961E+40  3.9333E+44
  2.2390E+00  4.4954E+44  8.8866E+43  6.5406E+40  3.6061E+44
  2.3710E+00  4.2118E+44  9.0215E+43  4.8829E+40  3.3092E+44
  2.5120E+00  3.9431E+44  9.0832E+43  3.6229E+40  3.0344E+44
  2.6610E+00  3.6895E+44  9.0605E+43  2.6760E+40  2.7832E+44
  2.8180E+00  3.4488E+44  8.9482E+43  1.9689E+40  2.5538E+44
  2.9850E+00  3.2193E+44  8.7651E+43  1.4440E+40  2.3426E+44
  3.1620E+00  2.9998E+44  8.5099E+43  1.0560E+40  2.1487E+44
  3.3500E+00  2.7927E+44  8.2222E+43  7.7123E+39  1.9704E+44
  3.5480E+00  2.5941E+44  7.8632E+43  5.6190E+39  1.8078E+44
  3.7580E+00  2.4054E+44  7.4705E+43  4.0852E+39  1.6583E+44
  3.9810E+00  2.2261E+44  7.0510E+43  2.9643E+39  1.5210E+44
  4.2170E+00  2.0560E+44  6.6086E+43  2.1469E+39  1.3951E+44
  4.4670E+00  1.8949E+44  6.1525E+43  1.5516E+39  1.2796E+44
  4.7320E+00  1.7436E+44  5.6995E+43  1.1190E+39  1.1737E+44
  5.0120E+00  1.6048E+44  5.2568E+43  8.0697E+38  1.0791E+44
  5.3090E+00  1.4430E+44  4.8271E+43  5.6803E+38  9.6024E+43
  5.6230E+00  1.2901E+44  4.4205E+43  3.9703E+38  8.4805E+43
  5.9570E+00  1.1476E+44  4.0440E+43  2.7569E+38  7.4316E+43
  6.3100E+00  1.0133E+44  3.6620E+43  1.8972E+38  6.4710E+43
  6.6830E+00  8.9398E+43  3.3384E+43  1.2999E+38  5.6014E+43
  7.0790E+00  7.8300E+43  3.0110E+43  8.7929E+37  4.8190E+43
  7.4990E+00  7.0474E+43  2.9244E+43  6.0419E+37  4.1229E+43
  7.9430E+00  7.3775E+43  3.8666E+43  4.8215E+37  3.5109E+43
  8.4140E+00  8.8570E+43  5.8818E+43  4.6940E+37  2.9752E+43
  8.9130E+00  1.0098E+44  7.5879E+43  4.6491E+37  2.5104E+43
  9.4410E+00  1.0979E+44  8.8694E+43  4.8795E+37  2.1101E+43
  1.0000E+01  9.0481E+43  7.2810E+43  3.4233E+37  1.7671E+43
  1.0590E+01  7.0221E+43  5.5464E+43  2.1959E+37  1.4758E+43
  1.1220E+01  5.1682E+43  3.9415E+43  1.2480E+37  1.2267E+43
  1.1890E+01  3.8507E+43  2.8348E+43  7.2162E+36  1.0159E+43
  1.2590E+01  2.8646E+43  2.0234E+43  4.0922E+36  8.4119E+42
  1.3340E+01  2.1541E+43  1.4609E+43  2.3175E+36  6.9319E+42
  1.4130E+01  1.7104E+43  1.1399E+43  1.3606E+36  5.7050E+42
  1.4960E+01  1.5492E+43  1.0800E+43  9.2926E+35  4.6919E+42
  1.5850E+01  1.4526E+43  1.0685E+43  6.8325E+35  3.8414E+42
  1.6790E+01  1.3681E+43  1.0540E+43  5.2467E+35  3.1409E+42
  1.7780E+01  1.2489E+43  9.9222E+42  4.0335E+35  2.5663E+42
  1.8840E+01  1.0712E+43  8.6237E+42  2.9357E+35  2.0888E+42
  1.9950E+01  8.6351E+42  6.9337E+42  1.9597E+35  1.7013E+42
  2.1130E+01  6.8476E+42  5.4650E+42  1.2498E+35  1.3827E+42
  2.2390E+01  5.4531E+42  4.3328E+42  7.9744E+34  1.1203E+42
  2.3710E+01  4.3622E+42  3.4536E+42  5.0880E+34  9.0864E+41
  2.5120E+01  3.4919E+42  2.7571E+42  3.2551E+34  7.3479E+41
  2.6610E+01  2.7929E+42  2.1991E+42  2.0759E+34  5.9383E+41
  2.8180E+01  2.2342E+42  1.7543E+42  1.3274E+34  4.7994E+41
  2.9850E+01  1.7814E+42  1.3942E+42  8.4802E+33  3.8717E+41
  3.1620E+01  1.4133E+42  1.1013E+42  5.3934E+33  3.1199E+41
  3.3500E+01  1.1149E+42  8.6380E+41  3.4152E+33  2.5106E+41
  3.5480E+01  8.7571E+41  6.7361E+41  2.1563E+33  2.0210E+41
  3.7580E+01  6.8294E+41  5.2042E+41  1.3531E+33  1.6253E+41
  3.9810E+01  5.2764E+41  3.9710E+41  8.4255E+32  1.3054E+41
  4.2170E+01  4.0488E+41  3.0009E+41  5.2125E+32  1.0479E+41
  4.4670E+01  3.0882E+41  2.2475E+41  3.2029E+32  8.4074E+40
  4.7320E+01  2.3443E+41  1.6703E+41  1.9580E+32  6.7400E+40
  5.0120E+01  1.7739E+41  1.2336E+41  1.1927E+32  5.4034E+40
  5.3090E+01  1.3382E+41  9.0534E+40  7.2426E+31  4.3282E+40
  5.6230E+01  1.0082E+41  6.6150E+40  4.3910E+31  3.4667E+40
  5.9570E+01  7.5798E+40  4.8070E+40  2.6562E+31  2.7728E+40
  6.3100E+01  5.7011E+40  3.4830E+40  1.6073E+31  2.2180E+40
  6.6830E+01  4.2917E+40  2.5173E+40  9.7337E+30  1.7744E+40
  7.0790E+01  3.2330E+40  1.8147E+40  5.8976E+30  1.4183E+40
  7.4990E+01  2.4379E+40  1.3050E+40  3.5769E+30  1.1329E+40
  7.9430E+01  1.8424E+40  9.3740E+39  2.1741E+30  9.0505E+39
  8.4140E+01  1.3949E+40  6.7237E+39  1.3232E+30  7.2256E+39
  8.9130E+01  1.0587E+40  4.8207E+39  8.0718E+29  5.7665E+39
  9.4410E+01  8.0566E+39  3.4545E+39  4.9354E+29  4.6021E+39
  1.0000E+02  6.1464E+39  2.4741E+39  3.0241E+29  3.6722E+39
  1.0590E+02  4.7050E+39  1.7734E+39  1.8587E+29  2.9317E+39
  1.1220E+02  3.6062E+39  1.2705E+39  1.1427E+29  2.3358E+39
  1.1890E+02  2.7707E+39  9.1170E+38  7.0380E+28  1.8590E+39
  1.2590E+02  2.1425E+39  6.5866E+38  4.3599E+28  1.4838E+39
  1.3340E+02  1.6581E+39  4.7705E+38  2.7051E+28  1.1811E+39
  1.4130E+02  1.2852E+39  3.4401E+38  1.6870E+28  9.4117E+38
  1.4960E+02  9.9573E+38  2.4452E+38  1.0510E+28  7.5121E+38
  1.5850E+02  7.7050E+38  1.7269E+38  6.5181E+27  5.9781E+38
  1.7780E+02  4.6634E+38  8.6919E+37  2.5242E+27  3.7942E+38
  1.9950E+02  2.8436E+38  4.3927E+37  9.8245E+26  2.4043E+38
  2.2390E+02  1.7438E+38  2.2219E+37  3.8399E+26  1.5216E+38
  2.5120E+02  1.0763E+38  1.1256E+37  1.5082E+26  9.6376E+37
  2.8180E+02  6.6746E+37  5.7026E+36  5.9442E+25  6.1043E+37
  3.1620E+02  4.1503E+37  2.8858E+36  2.3462E+25  3.8617E+37
  3.5480E+02  2.5881E+37  1.4600E+36  9.2751E+24  2.4421E+37
  3.9810E+02  1.6180E+37  7.3831E+35  3.6737E+24  1.5442E+37
  4.4670E+02  1.0133E+37  3.7314E+35  1.4566E+24  9.7603E+36
  5.0120E+02  6.3580E+36  1.8855E+35  5.7821E+23  6.1695E+36
  5.6230E+02  3.9956E+36  9.5268E+34  2.2973E+23  3.9003E+36
  6.3100E+02  2.5110E+36  4.8071E+34  9.1257E+22  2.4629E+36
  7.0790E+02  1.5811E+36  2.4272E+34  3.6308E+22  1.5568E+36
  7.9430E+02  9.9549E+35  1.2241E+34  1.4440E+22  9.8325E+35
  8.9130E+02  6.2694E+35  6.1689E+33  5.7430E+21  6.2077E+35
  1.0000E+03  3.9524E+35  3.1093E+33  2.2863E+21  3.9214E+35
