  1.0000E-03  9.1370E+44  0.0000E+00  3.7083E+43  8.7662E+44
  1.1220E-03  1.0147E+45  0.0000E+00  3.1110E+43  9.8357E+44
  1.2590E-03  1.1301E+45  0.0000E+00  2.6409E+43  1.1037E+45
  1.4130E-03  1.2615E+45  0.0000E+00  2.2850E+43  1.2387E+45
  1.5850E-03  1.4106E+45  0.0000E+00  2.1153E+43  1.3894E+45
  1.7780E-03  1.5823E+45  0.0000E+00  2.3717E+43  1.5586E+45
  1.9950E-03  1.7691E+45  0.0000E+00  2.0312E+43  1.7488E+45
  2.2390E-03  1.9814E+45  0.0000E+00  1.8650E+43  1.9627E+45
  2.5120E-03  2.2222E+45  0.0000E+00  2.0154E+43  2.2020E+45
  2.8180E-03  2.4876E+45  0.0000E+00  1.7413E+43  2.4702E+45
  3.1620E-03  2.7875E+45  0.0000E+00  1.5669E+43  2.7718E+45
  3.5480E-03  3.1245E+45  0.0000E+00  1.4202E+43  3.1103E+45
  3.9810E-03  3.5026E+45  0.0000E+00  1.2751E+43  3.4898E+45
  4.4670E-03  3.9509E+45  0.0000E+00  3.5032E+43  3.9158E+45
  5.0120E-03  4.4365E+45  0.0000E+00  4.2901E+43  4.3936E+45
  5.6230E-03  4.9794E+45  0.0000E+00  5.0186E+43  4.9292E+45
  5.9570E-03  5.2758E+45  0.0000E+00  5.3723E+43  5.2220E+45
  6.6830E-03  5.9187E+45  0.0000E+00  6.0206E+43  5.8585E+45
  7.4990E-03  6.6402E+45  0.0000E+00  6.6427E+43  6.5738E+45
  8.4140E-03  7.4468E+45  0.0000E+00  7.0969E+43  7.3758E+45
  9.4410E-03  8.3513E+45  0.0000E+00  7.5212E+43  8.2761E+45
  1.0590E-02  9.3632E+45  0.0000E+00  7.9949E+43  9.2833E+45
  1.1890E-02  1.0506E+46  0.0000E+00  8.2660E+43  1.0423E+46
  1.3340E-02  1.1780E+46  0.0000E+00  8.5662E+43  1.1694E+46
  1.4960E-02  1.3202E+46  0.0000E+00  8.7914E+43  1.3114E+46
  1.6790E-02  1.4809E+46  0.0000E+00  9.0304E+43  1.4718E+46
  1.8840E-02  1.6608E+46  0.0000E+00  9.2858E+43  1.6515E+46
  2.1130E-02  1.8619E+46  0.0000E+00  9.5127E+43  1.8524E+46
  2.3710E-02  2.0882E+46  0.0000E+00  9.7335E+43  2.0785E+46
  2.6610E-02  2.3426E+46  0.0000E+00  9.9204E+43  2.3326E+46
  2.9850E-02  2.6267E+46  7.3139E-84  1.0067E+44  2.6166E+46
  3.3500E-02  2.9468E+46  4.4254E-69  1.0132E+44  2.9367E+46
  3.7580E-02  3.3050E+46  5.5207E-56  1.0741E+44  3.2942E+46
  4.2170E-02  3.7094E+46  2.2623E-44  1.2738E+44  3.6967E+46
  4.7320E-02  4.1600E+46  5.1382E-34  1.1857E+44  4.1482E+46
  5.3090E-02  4.3309E+46  7.7444E-25  9.6823E+43  4.3212E+46
  6.6830E-02  4.1308E+46  1.5399E-09  4.0010E+43  4.1268E+46
  7.4990E-02  4.0349E+46  3.3432E-03  2.0984E+43  4.0328E+46
  8.4140E-02  3.9435E+46  2.1244E+03  2.4471E+43  3.9410E+46
  9.4410E-02  3.8540E+46  2.9680E+08  2.7920E+43  3.8513E+46
  1.0590E-01  3.5099E+46  1.3558E+13  4.4000E+43  3.5055E+46
  1.1890E-01  2.9528E+46  1.5943E+17  6.0834E+43  2.9467E+46
  1.3340E-01  2.4868E+46  4.0226E+20  7.2176E+43  2.4795E+46
  1.4960E-01  2.0940E+46  5.7835E+23  6.1121E+43  2.0878E+46
  1.5850E-01  1.9195E+46  1.8089E+25  4.9622E+43  1.9145E+46
  1.7780E-01  1.6148E+46  8.5422E+27  3.3607E+43  1.6114E+46
  1.9950E-01  1.3575E+46  1.7146E+30  1.7343E+43  1.3558E+46
  2.2390E-01  1.1415E+46  1.7052E+32  1.1734E+43  1.1403E+46
  2.3710E-01  1.0480E+46  1.3983E+33  1.5689E+43  1.0464E+46
  2.5120E-01  9.6155E+45  9.7233E+33  1.9639E+43  9.5958E+45
  2.6610E-01  8.8224E+45  5.9531E+34  2.1178E+43  8.8012E+45
  2.8180E-01  8.0972E+45  3.2273E+35  2.1163E+43  8.0761E+45
  2.9850E-01  7.4285E+45  1.5688E+36  2.0606E+43  7.4079E+45
  3.1620E-01  6.8147E+45  6.8210E+36  2.0066E+43  6.7947E+45
  3.3500E-01  6.2502E+45  2.7017E+37  1.9433E+43  6.2308E+45
  3.5480E-01  5.7352E+45  9.7606E+37  1.8709E+43  5.7165E+45
  3.7580E-01  5.2621E+45  3.2508E+38  1.7983E+43  5.2442E+45
  3.9810E-01  4.8270E+45  9.9519E+38  1.7312E+43  4.8097E+45
  4.2170E-01  4.4284E+45  2.7998E+39  1.6787E+43  4.4116E+45
  4.4670E-01  4.0630E+45  7.2976E+39  1.6347E+43  4.0466E+45
  4.7320E-01  3.7274E+45  1.7858E+40  1.5925E+43  3.7115E+45
  5.0120E-01  3.4203E+45  4.1111E+40  1.5500E+43  3.4048E+45
  5.3090E-01  3.1384E+45  8.9557E+40  1.5116E+43  3.1232E+45
  5.6230E-01  2.8801E+45  1.8424E+41  1.4750E+43  2.8651E+45
  5.9570E-01  2.6423E+45  3.6055E+41  1.4418E+43  2.6276E+45
  6.3100E-01  2.4251E+45  6.7135E+41  1.4135E+43  2.4103E+45
  6.6830E-01  2.2265E+45  1.1911E+42  1.3912E+43  2.2114E+45
  7.0790E-01  2.0442E+45  2.0248E+42  1.3759E+43  2.0284E+45
  7.4990E-01  1.8774E+45  3.3015E+42  1.3649E+43  1.8605E+45
  7.9430E-01  1.7254E+45  5.1780E+42  1.3613E+43  1.7066E+45
  8.4140E-01  1.5869E+45  7.8417E+42  1.3716E+43  1.5653E+45
  8.9130E-01  1.4613E+45  1.1532E+43  1.4011E+43  1.4357E+45
  9.4410E-01  1.3479E+45  1.6431E+43  1.4524E+43  1.3170E+45
  1.0000E+00  1.2460E+45  2.2688E+43  1.5225E+43  1.2081E+45
  1.0590E+00  1.1552E+45  3.0457E+43  1.6125E+43  1.1086E+45
  1.1220E+00  1.0738E+45  4.0056E+43  1.7216E+43  1.0165E+45
  1.1890E+00  1.0020E+45  5.1711E+43  1.8483E+43  9.3183E+44
  1.2590E+00  9.4053E+44  6.5442E+43  1.9885E+43  8.5520E+44
  1.3340E+00  8.8683E+44  8.1316E+43  2.1403E+43  7.8411E+44
  1.4130E+00  8.4080E+44  9.8589E+43  2.2942E+43  7.1927E+44
  1.4960E+00  8.0172E+44  1.1705E+44  2.4415E+43  6.6026E+44
  1.5850E+00  7.6811E+44  1.3693E+44  2.5748E+43  6.0543E+44
  1.6790E+00  7.3959E+44  1.5747E+44  2.6818E+43  5.5530E+44
  1.7780E+00  7.1496E+44  1.7791E+44  2.7475E+43  5.0957E+44
  1.8840E+00  6.9273E+44  1.9792E+44  2.7617E+43  4.6719E+44
  1.9950E+00  6.7216E+44  2.1625E+44  2.7162E+43  4.2875E+44
  2.1130E+00  6.5159E+44  2.3216E+44  2.6105E+43  3.9333E+44
  2.2390E+00  6.2968E+44  2.4458E+44  2.4495E+43  3.6061E+44
  2.3710E+00  6.0615E+44  2.5279E+44  2.2452E+43  3.3092E+44
  2.5120E+00  5.8030E+44  2.5672E+44  2.0138E+43  3.0344E+44
  2.6610E+00  5.5221E+44  2.5618E+44  1.7705E+43  2.7832E+44
  2.8180E+00  5.2203E+44  2.5136E+44  1.5289E+43  2.5538E+44
  2.9850E+00  4.9022E+44  2.4296E+44  1.2994E+43  2.3426E+44
  3.1620E+00  4.5721E+44  2.3145E+44  1.0895E+43  2.1487E+44
  3.3500E+00  4.2416E+44  2.1810E+44  9.0183E+42  1.9704E+44
  3.5480E+00  3.9113E+44  2.0295E+44  7.3979E+42  1.8078E+44
  3.7580E+00  3.5882E+44  1.8698E+44  6.0126E+42  1.6583E+44
  3.9810E+00  3.2755E+44  1.7060E+44  4.8459E+42  1.5210E+44
  4.2170E+00  2.9769E+44  1.5431E+44  3.8774E+42  1.3951E+44
  4.4670E+00  2.6949E+44  1.3844E+44  3.0814E+42  1.2796E+44
  4.7320E+00  2.4310E+44  1.2331E+44  2.4283E+42  1.1737E+44
  5.0120E+00  2.1894E+44  1.0913E+44  1.9001E+42  1.0791E+44
  5.3090E+00  1.9342E+44  9.5941E+43  1.4511E+42  9.6024E+43
  5.6230E+00  1.6981E+44  8.3910E+43  1.0921E+42  8.4805E+43
  5.9570E+00  1.4822E+44  7.3095E+43  8.0906E+41  7.4316E+43
  6.3100E+00  1.2844E+44  6.3139E+43  5.9194E+41  6.4710E+43
  6.6830E+00  1.1143E+44  5.4991E+43  4.2861E+41  5.6014E+43
  7.0790E+00  9.6057E+43  4.7562E+43  3.0573E+41  4.8190E+43
  7.4990E+00  8.3134E+43  4.1705E+43  1.9969E+41  4.1229E+43
  7.9430E+00  7.4689E+43  3.9482E+43  9.7956E+40  3.5109E+43
  8.4140E+00  6.9517E+43  3.9721E+43  4.4414E+40  2.9752E+43
  8.9130E+00  6.3905E+43  3.8776E+43  2.5160E+40  2.5104E+43
  9.4410E+00  5.8103E+43  3.6985E+43  1.7152E+40  2.1101E+43
  1.0000E+01  5.0851E+43  3.3165E+43  1.4690E+40  1.7671E+43
  1.0590E+01  4.3843E+43  2.9072E+43  1.3065E+40  1.4758E+43
  1.1220E+01  3.7014E+43  2.4735E+43  1.1438E+40  1.2267E+43
  1.1890E+01  3.0954E+43  2.0785E+43  9.7054E+39  1.0159E+43
  1.2590E+01  2.5798E+43  1.7378E+43  8.0415E+39  8.4119E+42
  1.3340E+01  2.1490E+43  1.4552E+43  6.3804E+39  6.9319E+42
  1.4130E+01  1.8356E+43  1.2646E+43  4.6551E+39  5.7050E+42
  1.4960E+01  1.6782E+43  1.2087E+43  3.0859E+39  4.6919E+42
  1.5850E+01  1.5728E+43  1.1884E+43  2.0884E+39  3.8414E+42
  1.6790E+01  1.4894E+43  1.1752E+43  1.4829E+39  3.1409E+42
  1.7780E+01  1.4018E+43  1.1450E+43  1.1258E+39  2.5663E+42
  1.8840E+01  1.2945E+43  1.0856E+43  9.0776E+38  2.0888E+42
  1.9950E+01  1.1733E+43  1.0031E+43  7.5231E+38  1.7013E+42
  2.1130E+01  1.0631E+43  9.2478E+42  6.1109E+38  1.3827E+42
  2.2390E+01  9.7082E+42  8.5875E+42  4.9068E+38  1.1203E+42
  2.3710E+01  8.9254E+42  8.0163E+42  3.9000E+38  9.0864E+41
  2.5120E+01  8.2308E+42  7.4957E+42  3.0800E+38  7.3479E+41
  2.6610E+01  7.5941E+42  7.0000E+42  2.4085E+38  5.9383E+41
  2.8180E+01  6.9978E+42  6.5177E+42  1.8702E+38  4.7994E+41
  2.9850E+01  6.4182E+42  6.0309E+42  1.4393E+38  3.8717E+41
  3.1620E+01  5.8436E+42  5.5315E+42  1.0954E+38  3.1199E+41
  3.3500E+01  5.2720E+42  5.0209E+42  8.2363E+37  2.5106E+41
  3.5480E+01  4.7102E+42  4.5081E+42  6.1176E+37  2.0210E+41
  3.7580E+01  4.1589E+42  3.9963E+42  4.4846E+37  1.6253E+41
  3.9810E+01  3.6207E+42  3.4901E+42  3.2448E+37  1.3054E+41
  4.2170E+01  3.1112E+42  3.0064E+42  2.3137E+37  1.0479E+41
  4.4670E+01  2.6391E+42  2.5550E+42  1.6237E+37  8.4074E+40
  4.7320E+01  2.2113E+42  2.1439E+42  1.1222E+37  6.7400E+40
  5.0120E+01  1.8315E+42  1.7775E+42  7.6424E+36  5.4034E+40
  5.3090E+01  1.4995E+42  1.4562E+42  5.1298E+36  4.3282E+40
  5.6230E+01  1.2152E+42  1.1805E+42  3.3972E+36  3.4667E+40
  5.9570E+01  9.7431E+41  9.4658E+41  2.2195E+36  2.7728E+40
  6.3100E+01  7.7439E+41  7.5221E+41  1.4334E+36  2.2180E+40
  6.6830E+01  6.1051E+41  5.9276E+41  9.1595E+35  1.7744E+40
  7.0790E+01  4.7762E+41  4.6343E+41  5.7934E+35  1.4183E+40
  7.4990E+01  3.7092E+41  3.5959E+41  3.6302E+35  1.1329E+40
  7.9430E+01  2.8631E+41  2.7726E+41  2.2569E+35  9.0505E+39
  8.4140E+01  2.1971E+41  2.1248E+41  1.3922E+35  7.2256E+39
  8.9130E+01  1.6782E+41  1.6205E+41  8.5356E+34  5.7665E+39
  9.4410E+01  1.2761E+41  1.2301E+41  5.2035E+34  4.6021E+39
  1.0000E+02  9.6630E+40  9.2957E+40  3.1552E+34  3.6722E+39
  1.0590E+02  7.2968E+40  7.0037E+40  1.9064E+34  2.9317E+39
  1.1220E+02  5.4921E+40  5.2585E+40  1.1466E+34  2.3358E+39
  1.1890E+02  4.1295E+40  3.9436E+40  6.8832E+33  1.8590E+39
  1.2590E+02  3.1167E+40  2.9683E+40  4.1459E+33  1.4838E+39
  1.3340E+02  2.3545E+40  2.2364E+40  2.5012E+33  1.1811E+39
  1.4130E+02  1.7656E+40  1.6715E+40  1.5031E+33  9.4117E+38
  1.4960E+02  1.3004E+40  1.2253E+40  8.8665E+32  7.5121E+38
  1.5850E+02  9.5081E+39  8.9103E+39  5.1769E+32  5.9781E+38
  1.7780E+02  5.1145E+39  4.7351E+39  1.7716E+32  3.7942E+38
  1.9950E+02  2.7517E+39  2.5113E+39  6.0627E+31  2.4043E+38
  2.2390E+02  1.4774E+39  1.3253E+39  2.0723E+31  1.5216E+38
  2.5120E+02  7.9307E+38  6.9670E+38  7.0884E+30  9.6376E+37
  2.8180E+02  4.2563E+38  3.6459E+38  2.4275E+30  6.1043E+37
  3.1620E+02  2.2845E+38  1.8983E+38  8.3264E+29  3.8617E+37
  3.5480E+02  1.2290E+38  9.8476E+37  2.8665E+29  2.4421E+37
  3.9810E+02  6.6350E+37  5.0908E+37  9.9236E+28  1.5442E+37
  4.4670E+02  3.5994E+37  2.6234E+37  3.4580E+28  9.7603E+36
  5.0120E+02  1.9655E+37  1.3485E+37  1.2149E+28  6.1695E+36
  5.6230E+02  1.0818E+37  6.9178E+36  4.3074E+27  3.9003E+36
  6.3100E+02  6.0009E+36  3.5379E+36  1.5410E+27  2.4629E+36
  7.0790E+02  3.3645E+36  1.8077E+36  5.5753E+26  1.5568E+36
  7.9430E+02  1.9046E+36  9.2139E+35  2.0366E+26  9.8325E+35
  8.9130E+02  1.0895E+36  4.6873E+35  7.5143E+25  6.2077E+35
  1.0000E+03  6.3037E+35  2.3823E+35  2.8019E+25  3.9214E+35
