  1.0000E-03  8.8233E+44  0.0000E+00  5.7070E+42  8.7662E+44
  1.1220E-03  9.9068E+44  0.0000E+00  7.1030E+42  9.8357E+44
  1.2590E-03  1.1121E+45  0.0000E+00  8.3957E+42  1.1037E+45
  1.4130E-03  1.2482E+45  0.0000E+00  9.5043E+42  1.2387E+45
  1.5850E-03  1.3999E+45  0.0000E+00  1.0478E+43  1.3894E+45
  1.7780E-03  1.5714E+45  0.0000E+00  1.2785E+43  1.5586E+45
  1.9950E-03  1.7634E+45  0.0000E+00  1.4555E+43  1.7488E+45
  2.2390E-03  1.9777E+45  0.0000E+00  1.5004E+43  1.9627E+45
  2.5120E-03  2.2209E+45  0.0000E+00  1.8937E+43  2.2020E+45
  2.8180E-03  2.4910E+45  0.0000E+00  2.0768E+43  2.4702E+45
  3.1620E-03  2.7936E+45  0.0000E+00  2.1776E+43  2.7718E+45
  3.5480E-03  3.1326E+45  0.0000E+00  2.2319E+43  3.1103E+45
  3.9810E-03  3.5123E+45  0.0000E+00  2.2507E+43  3.4898E+45
  4.4670E-03  3.9665E+45  0.0000E+00  5.0708E+43  3.9158E+45
  5.0120E-03  4.4505E+45  0.0000E+00  5.6880E+43  4.3936E+45
  5.6230E-03  4.9907E+45  0.0000E+00  6.1500E+43  4.9292E+45
  5.9570E-03  5.2854E+45  0.0000E+00  6.3397E+43  5.2220E+45
  6.6830E-03  5.9254E+45  0.0000E+00  6.6851E+43  5.8585E+45
  7.4990E-03  6.6444E+45  0.0000E+00  7.0625E+43  6.5738E+45
  8.4140E-03  7.4501E+45  0.0000E+00  7.4251E+43  7.3758E+45
  9.4410E-03  8.3536E+45  0.0000E+00  7.7535E+43  8.2761E+45
  1.0590E-02  9.3628E+45  0.0000E+00  7.9526E+43  9.2833E+45
  1.1890E-02  1.0509E+46  0.0000E+00  8.6234E+43  1.0423E+46
  1.3340E-02  1.1784E+46  0.0000E+00  9.0256E+43  1.1694E+46
  1.4960E-02  1.3209E+46  0.0000E+00  9.5256E+43  1.3114E+46
  1.6790E-02  1.4819E+46  0.0000E+00  1.0008E+44  1.4718E+46
  1.8840E-02  1.6620E+46  0.0000E+00  1.0494E+44  1.6515E+46
  2.1130E-02  1.8635E+46  0.0000E+00  1.1140E+44  1.8524E+46
  2.3710E-02  2.0903E+46  0.0000E+00  1.1800E+44  2.0785E+46
  2.6610E-02  2.3451E+46  0.0000E+00  1.2492E+44  2.3326E+46
  2.9850E-02  2.6298E+46  1.1358E-82  1.3212E+44  2.6166E+46
  3.3500E-02  2.9506E+46  7.2698E-68  1.3945E+44  2.9367E+46
  3.7580E-02  3.3093E+46  9.1224E-55  1.5030E+44  3.2942E+46
  4.2170E-02  3.7149E+46  3.9694E-43  1.8177E+44  3.6967E+46
  4.7320E-02  4.1676E+46  1.0519E-32  1.9430E+44  4.1482E+46
  5.3090E-02  4.3405E+46  1.8978E-23  1.9257E+44  4.3212E+46
  6.6830E-02  4.1441E+46  6.8594E-08  1.7243E+44  4.1268E+46
  7.4990E-02  4.0495E+46  2.2369E-01  1.6662E+44  4.0328E+46
  8.4140E-02  3.9570E+46  1.1774E+05  1.5974E+44  3.9410E+46
  9.4410E-02  3.8669E+46  1.4162E+10  1.5648E+44  3.8513E+46
  1.0590E-01  3.5205E+46  4.0441E+14  1.4999E+44  3.5055E+46
  1.1890E-01  2.9594E+46  3.1336E+18  1.2657E+44  2.9467E+46
  1.3340E-01  2.4908E+46  6.4913E+21  1.1278E+44  2.4795E+46
  1.4960E-01  2.0970E+46  7.4122E+24  9.1553E+43  2.0878E+46
  1.5850E-01  1.9225E+46  2.1822E+26  8.0220E+43  1.9145E+46
  1.7780E-01  1.6175E+46  1.1233E+29  6.0560E+43  1.6114E+46
  1.9950E-01  1.3599E+46  3.2408E+31  4.1136E+43  1.3558E+46
  2.2390E-01  1.1441E+46  3.8982E+33  3.7486E+43  1.1403E+46
  2.3710E-01  1.0504E+46  2.6345E+34  3.9251E+43  1.0464E+46
  2.5120E-01  9.6351E+45  1.5238E+35  3.9314E+43  9.5958E+45
  2.6610E-01  8.8389E+45  8.2057E+35  3.7738E+43  8.8012E+45
  2.8180E-01  8.1116E+45  4.0459E+36  3.5501E+43  8.0761E+45
  2.9850E-01  7.4412E+45  1.8167E+37  3.3334E+43  7.4079E+45
  3.1620E-01  6.8262E+45  7.3273E+37  3.1557E+43  6.7947E+45
  3.3500E-01  6.2607E+45  2.6972E+38  2.9915E+43  6.2308E+45
  3.5480E-01  5.7448E+45  9.0884E+38  2.8319E+43  5.7165E+45
  3.7580E-01  5.2709E+45  2.8317E+39  2.6784E+43  5.2442E+45
  3.9810E-01  4.8351E+45  8.1247E+39  2.5398E+43  4.8097E+45
  4.2170E-01  4.4358E+45  2.1411E+40  2.4137E+43  4.4116E+45
  4.4670E-01  4.0697E+45  5.2284E+40  2.3024E+43  4.0466E+45
  4.7320E-01  3.7335E+45  1.2002E+41  2.1927E+43  3.7115E+45
  5.0120E-01  3.4259E+45  2.5969E+41  2.0818E+43  3.4048E+45
  5.3090E-01  3.1434E+45  5.3242E+41  1.9697E+43  3.1232E+45
  5.6230E-01  2.8848E+45  1.0332E+42  1.8619E+43  2.8651E+45
  5.9570E-01  2.6470E+45  1.9101E+42  1.7561E+43  2.6276E+45
  6.3100E-01  2.4302E+45  3.3608E+42  1.6519E+43  2.4103E+45
  6.6830E-01  2.2325E+45  5.6367E+42  1.5480E+43  2.2114E+45
  7.0790E-01  2.0520E+45  9.0463E+42  1.4489E+43  2.0284E+45
  7.4990E-01  1.8879E+45  1.3917E+43  1.3536E+43  1.8605E+45
  7.9430E-01  1.7397E+45  2.0541E+43  1.2612E+43  1.7066E+45
  8.4140E-01  1.6062E+45  2.9201E+43  1.1716E+43  1.5653E+45
  8.9130E-01  1.4866E+45  4.0073E+43  1.0839E+43  1.4357E+45
  9.4410E-01  1.3801E+45  5.3126E+43  9.9856E+42  1.3170E+45
  1.0000E+00  1.2855E+45  6.8193E+43  9.1569E+42  1.2081E+45
  1.0590E+00  1.2018E+45  8.4893E+43  8.3686E+42  1.1086E+45
  1.1220E+00  1.1272E+45  1.0310E+44  7.6042E+42  1.0165E+45
  1.1890E+00  1.0610E+45  1.2228E+44  6.8527E+42  9.3183E+44
  1.2590E+00  1.0025E+45  1.4121E+44  6.1050E+42  8.5520E+44
  1.3340E+00  9.4912E+44  1.5963E+44  5.3852E+42  7.8411E+44
  1.4130E+00  9.0019E+44  1.7620E+44  4.7175E+42  7.1927E+44
  1.4960E+00  8.5483E+44  1.9047E+44  4.0966E+42  6.6026E+44
  1.5850E+00  8.1167E+44  2.0272E+44  3.5141E+42  6.0543E+44
  1.6790E+00  7.7005E+44  2.1178E+44  2.9701E+42  5.5530E+44
  1.7780E+00  7.2922E+44  2.1718E+44  2.4669E+42  5.0957E+44
  1.8840E+00  6.8871E+44  2.1951E+44  2.0105E+42  4.6719E+44
  1.9950E+00  6.4888E+44  2.1852E+44  1.6085E+42  4.2875E+44
  2.1130E+00  6.0935E+44  2.1476E+44  1.2641E+42  3.9333E+44
  2.2390E+00  5.6995E+44  2.0836E+44  9.7678E+41  3.6061E+44
  2.3710E+00  5.3140E+44  1.9974E+44  7.4415E+41  3.3092E+44
  2.5120E+00  4.9363E+44  1.8963E+44  5.6017E+41  3.0344E+44
  2.6610E+00  4.5701E+44  1.7827E+44  4.1754E+41  2.7832E+44
  2.8180E+00  4.2165E+44  1.6596E+44  3.0858E+41  2.5538E+44
  2.9850E+00  3.8778E+44  1.5329E+44  2.2648E+41  2.3426E+44
  3.1620E+00  3.5547E+44  1.4044E+44  1.6524E+41  2.1487E+44
  3.3500E+00  3.2536E+44  1.2820E+44  1.2014E+41  1.9704E+44
  3.5480E+00  2.9700E+44  1.1613E+44  8.6994E+40  1.8078E+44
  3.7580E+00  2.7065E+44  1.0476E+44  6.2802E+40  1.6583E+44
  3.9810E+00  2.4624E+44  9.4100E+43  4.5221E+40  1.5210E+44
  4.2170E+00  2.2375E+44  8.4210E+43  3.2498E+40  1.3951E+44
  4.4670E+00  2.0310E+44  7.5115E+43  2.3312E+40  1.2796E+44
  4.7320E+00  1.8426E+44  6.6880E+43  1.6691E+40  1.1737E+44
  5.0120E+00  1.6742E+44  5.9494E+43  1.1956E+40  1.0791E+44
  5.3090E+00  1.4890E+44  5.2866E+43  8.3780E+39  9.6024E+43
  5.6230E+00  1.3182E+44  4.7006E+43  5.8331E+39  8.4805E+43
  5.9570E+00  1.1620E+44  4.1885E+43  4.0368E+39  7.4316E+43
  6.3100E+00  1.0183E+44  3.7119E+43  2.7704E+39  6.4710E+43
  6.6830E+00  8.9320E+43  3.3305E+43  1.8963E+39  5.6014E+43
  7.0790E+00  7.7908E+43  2.9717E+43  1.2824E+39  4.8190E+43
  7.4990E+00  6.8963E+43  2.7733E+43  8.7043E+38  4.1229E+43
  7.9430E+00  6.6601E+43  3.1491E+43  6.4727E+38  3.5109E+43
  8.4140E+00  7.0639E+43  4.0886E+43  5.6216E+38  2.9752E+43
  8.9130E+00  7.3578E+43  4.8473E+43  5.0972E+38  2.5104E+43
  9.4410E+00  7.4889E+43  5.3788E+43  4.9962E+38  2.1101E+43
  1.0000E+01  6.2445E+43  4.4774E+43  3.5923E+38  1.7671E+43
  1.0590E+01  4.9989E+43  3.5231E+43  2.4083E+38  1.4758E+43
  1.1220E+01  3.8792E+43  2.6525E+43  1.4571E+38  1.2267E+43
  1.1890E+01  3.0473E+43  2.0313E+43  8.9191E+37  1.0159E+43
  1.2590E+01  2.4159E+43  1.5747E+43  5.3840E+37  8.4119E+42
  1.3340E+01  1.9404E+43  1.2472E+43  3.2396E+37  6.9319E+42
  1.4130E+01  1.6186E+43  1.0481E+43  1.9869E+37  5.7050E+42
  1.4960E+01  1.4616E+43  9.9238E+42  1.3566E+37  4.6919E+42
  1.5850E+01  1.3530E+43  9.6884E+42  9.8969E+36  3.8414E+42
  1.6790E+01  1.2639E+43  9.4978E+42  7.5706E+36  3.1409E+42
  1.7780E+01  1.1653E+43  9.0869E+42  5.8869E+36  2.5663E+42
  1.8840E+01  1.0382E+43  8.2931E+42  4.4376E+36  2.0888E+42
  1.9950E+01  8.9337E+42  7.2324E+42  3.1401E+36  1.7013E+42
  2.1130E+01  7.6407E+42  6.2580E+42  2.1398E+36  1.3827E+42
  2.2390E+01  6.5693E+42  5.4490E+42  1.4597E+36  1.1203E+42
  2.3710E+01  5.6734E+42  4.7648E+42  9.9555E+35  9.0864E+41
  2.5120E+01  4.8946E+42  4.1598E+42  6.7985E+35  7.3479E+41
  2.6610E+01  4.2095E+42  3.6157E+42  4.6187E+35  5.9383E+41
  2.8180E+01  3.6040E+42  3.1241E+42  3.1337E+35  4.7994E+41
  2.9850E+01  3.0591E+42  2.6719E+42  2.1141E+35  3.8717E+41
  3.1620E+01  2.5689E+42  2.2569E+42  1.4124E+35  3.1199E+41
  3.3500E+01  2.1308E+42  1.8797E+42  9.3374E+34  2.5106E+41
  3.5480E+01  1.7466E+42  1.5445E+42  6.1115E+34  2.0210E+41
  3.7580E+01  1.4126E+42  1.2501E+42  3.9513E+34  1.6253E+41
  3.9810E+01  1.1260E+42  9.9547E+41  2.5217E+34  1.3054E+41
  4.2170E+01  8.8675E+41  7.8196E+41  1.5904E+34  1.0479E+41
  4.4670E+01  6.9075E+41  6.0667E+41  9.9116E+33  8.4074E+40
  4.7320E+01  5.3304E+41  4.6564E+41  6.1163E+33  6.7400E+40
  5.0120E+01  4.0819E+41  3.5416E+41  3.7436E+33  5.4034E+40
  5.3090E+01  3.1030E+41  2.6702E+41  2.2742E+33  4.3282E+40
  5.6230E+01  2.3464E+41  1.9997E+41  1.3737E+33  3.4667E+40
  5.9570E+01  1.7641E+41  1.4868E+41  8.2498E+32  2.7728E+40
  6.3100E+01  1.3221E+41  1.1003E+41  4.9384E+32  2.2180E+40
  6.6830E+01  9.8838E+40  8.1094E+40  2.9493E+32  1.7744E+40
  7.0790E+01  7.3716E+40  5.9533E+40  1.7575E+32  1.4183E+40
  7.4990E+01  5.4878E+40  4.3549E+40  1.0457E+32  1.1329E+40
  7.9430E+01  4.0833E+40  3.1783E+40  6.2215E+31  9.0505E+39
  8.4140E+01  3.0364E+40  2.3139E+40  3.6999E+31  7.2256E+39
  8.9130E+01  2.2590E+40  1.6824E+40  2.2024E+31  5.7665E+39
  9.4410E+01  1.6819E+40  1.2217E+40  1.3125E+31  4.6021E+39
  1.0000E+02  1.2533E+40  8.8610E+39  7.8316E+30  3.6722E+39
  1.0590E+02  9.3599E+39  6.4282E+39  4.6855E+30  2.9317E+39
  1.1220E+02  6.9960E+39  4.6602E+39  2.8049E+30  2.3358E+39
  1.1890E+02  5.2443E+39  3.3853E+39  1.6840E+30  1.8590E+39
  1.2590E+02  3.9618E+39  2.4780E+39  1.0187E+30  1.4838E+39
  1.3340E+02  3.0022E+39  1.8211E+39  6.1875E+29  1.1811E+39
  1.4130E+02  2.2697E+39  1.3285E+39  3.7668E+29  9.4117E+38
  1.4960E+02  1.6998E+39  9.4857E+38  2.2752E+29  7.5121E+38
  1.5850E+02  1.2701E+39  6.7232E+38  1.3681E+29  5.9781E+38
  1.7780E+02  7.2124E+38  3.4182E+38  5.0157E+28  3.7942E+38
  1.9950E+02  4.1512E+38  1.7469E+38  1.8615E+28  2.4043E+38
  2.2390E+02  2.4147E+38  8.9308E+37  6.9769E+27  1.5216E+38
  2.5120E+02  1.4206E+38  4.5688E+37  2.6415E+27  9.6376E+37
  2.8180E+02  8.4397E+37  2.3353E+37  1.0084E+27  6.1043E+37
  3.1620E+02  5.0531E+37  1.1913E+37  3.8733E+26  3.8617E+37
  3.5480E+02  3.0492E+37  6.0709E+36  1.4962E+26  2.4421E+37
  3.9810E+02  1.8532E+37  3.0902E+36  5.8116E+25  1.5442E+37
  4.4670E+02  1.1331E+37  1.5711E+36  2.2671E+25  9.7603E+36
  5.0120E+02  6.9676E+36  7.9818E+35  8.8794E+24  6.1695E+36
  5.6230E+02  4.3056E+36  4.0529E+35  3.4889E+24  3.9003E+36
  6.3100E+02  2.6684E+36  2.0542E+35  1.3734E+24  2.4629E+36
  7.0790E+02  1.6609E+36  1.0414E+35  5.4238E+23  1.5568E+36
  7.9430E+02  1.0360E+36  5.2717E+34  2.1441E+23  9.8325E+35
  8.9130E+02  6.4743E+35  2.6657E+34  8.4857E+22  6.2077E+35
  1.0000E+03  4.0561E+35  1.3477E+34  3.3647E+22  3.9214E+35
