  1.0000E-03  3.1391E+44  0.0000E+00  2.9913E+42  3.1092E+44
  1.1220E-03  2.7195E+44  0.0000E+00  3.5971E+42  2.6835E+44
  1.2590E-03  2.3190E+44  0.0000E+00  4.1281E+42  2.2777E+44
  1.4130E-03  1.9552E+44  0.0000E+00  4.5592E+42  1.9096E+44
  1.5850E-03  1.7201E+44  0.0000E+00  4.9576E+42  1.6706E+44
  1.7780E-03  1.7783E+44  0.0000E+00  6.1595E+42  1.7167E+44
  1.9950E-03  1.2532E+44  0.0000E+00  6.8669E+42  1.1846E+44
  2.2390E-03  9.8532E+43  0.0000E+00  7.0002E+42  9.1532E+43
  2.5120E-03  9.6079E+43  0.0000E+00  9.1669E+42  8.6912E+43
  2.8180E-03  5.8681E+43  0.0000E+00  9.8815E+42  4.8800E+43
  3.1620E-03  3.9643E+43  0.0000E+00  1.0226E+43  2.9417E+43
  3.5480E-03  2.8754E+43  0.0000E+00  1.0365E+43  1.8389E+43
  3.9810E-03  2.2500E+43  0.0000E+00  1.0369E+43  1.2131E+43
  4.4670E-03  1.3534E+44  0.0000E+00  2.0822E+43  1.1452E+44
  5.0120E-03  8.3696E+43  0.0000E+00  2.2926E+43  6.0770E+43
  5.6230E-03  5.6776E+43  0.0000E+00  2.4334E+43  3.2442E+43
  5.9570E-03  4.8924E+43  0.0000E+00  2.4831E+43  2.4093E+43
  6.6830E-03  3.9948E+43  0.0000E+00  2.5626E+43  1.4321E+43
  7.4990E-03  3.6346E+43  0.0000E+00  2.6647E+43  9.6996E+42
  8.4140E-03  3.3188E+43  0.0000E+00  2.7198E+43  5.9903E+42
  9.4410E-03  3.1806E+43  0.0000E+00  2.7654E+43  4.1525E+42
  1.0590E-02  3.1601E+43  0.0000E+00  2.7893E+43  3.7080E+42
  1.1890E-02  3.2077E+43  0.0000E+00  2.9656E+43  2.4208E+42
  1.3340E-02  3.1974E+43  0.0000E+00  3.0171E+43  1.8031E+42
  1.4960E-02  3.1940E+43  0.0000E+00  3.0733E+43  1.2070E+42
  1.6790E-02  3.1899E+43  0.0000E+00  3.1053E+43  8.4624E+41
  1.8840E-02  3.1889E+43  0.0000E+00  3.1260E+43  6.2905E+41
  2.1130E-02  3.2364E+43  0.0000E+00  3.1920E+43  4.4403E+41
  2.3710E-02  3.2514E+43  0.0000E+00  3.2206E+43  3.0779E+41
  2.6610E-02  3.2344E+43  0.0000E+00  3.2139E+43  2.0435E+41
  2.9850E-02  3.2019E+43  4.1604E-88  3.1883E+43  1.3666E+41
  3.3500E-02  3.1507E+43  1.6591E-73  3.1416E+43  9.0633E+40
  3.7580E-02  3.3695E+43  1.8312E-60  3.3607E+43  8.8446E+40
  4.2170E-02  3.6443E+43  4.9343E-49  3.6385E+43  5.8280E+40
  4.7320E-02  3.1368E+43  4.2843E-39  3.1349E+43  1.8705E+40
  5.3090E-02  2.3719E+43  2.0483E-30  2.3714E+43  4.3642E+39
  6.6830E-02  6.7749E+42  4.1058E-17  6.7749E+42  1.1414E+37
  7.4990E-02  2.7318E+42  5.2317E-12  2.7318E+42  2.5658E+35
  8.4140E-02  3.2966E+42  6.1703E-06  3.2966E+42  6.4081E+35
  9.4410E-02  3.8585E+42  1.3040E+00  3.8585E+42  1.2025E+36
  1.0590E-01  6.9209E+42  3.6431E+05  6.9209E+42  1.5333E+37
  1.1890E-01  1.1606E+43  3.6575E+10  1.1606E+43  2.5747E+38
  1.3340E-01  1.6212E+43  4.8327E+14  1.6210E+43  1.9000E+39
  1.4960E-01  1.8192E+43  1.8710E+18  1.8185E+43  6.4949E+39
  1.5850E-01  1.7662E+43  6.9305E+19  1.7655E+43  7.6948E+39
  1.7780E-01  1.3784E+43  2.5307E+22  1.3780E+43  4.2235E+39
  1.9950E-01  6.1657E+42  8.4845E+23  6.1654E+42  2.8828E+38
  2.2390E-01  3.4711E+42  2.8802E+25  3.4710E+42  5.2852E+37
  2.3710E-01  5.0093E+42  9.8657E+26  5.0090E+42  3.1178E+38
  2.5120E-01  7.0583E+42  3.1324E+28  7.0563E+42  1.9898E+39
  2.6610E-01  8.4436E+42  5.4161E+29  8.4368E+42  6.8000E+39
  2.8180E-01  9.1975E+42  6.2593E+30  9.1814E+42  1.6149E+40
  2.9850E-01  9.6072E+42  5.5340E+31  9.5758E+42  3.1393E+40
  3.1620E-01  9.9127E+42  4.1141E+32  9.8562E+42  5.6483E+40
  3.3500E-01  1.0117E+43  2.6628E+33  1.0021E+43  9.6098E+40
  3.5480E-01  1.0194E+43  1.4921E+34  1.0041E+43  1.5338E+41
  3.7580E-01  1.0233E+43  7.6916E+34  9.9908E+42  2.4257E+41
  3.9810E-01  1.0245E+43  3.4985E+35  9.8791E+42  3.6563E+41
  4.2170E-01  1.0344E+43  1.5162E+36  9.7724E+42  5.7179E+41
  4.4670E-01  1.0531E+43  5.9871E+36  9.6542E+42  8.7661E+41
  4.7320E-01  1.0810E+43  2.2006E+37  9.4836E+42  1.3267E+42
  5.0120E-01  1.1224E+43  7.5104E+37  9.2519E+42  1.9721E+42
  5.3090E-01  1.1912E+43  2.4396E+38  8.9743E+42  2.9377E+42
  5.6230E-01  1.2865E+43  7.2361E+38  8.6581E+42  4.2060E+42
  5.9570E-01  1.4183E+43  2.0021E+39  8.3050E+42  5.8762E+42
  6.3100E-01  1.6061E+43  5.2318E+39  7.9262E+42  8.1300E+42
  6.6830E-01  1.8660E+43  1.2924E+40  7.5175E+42  1.1129E+43
  7.0790E-01  2.2130E+43  3.0154E+40  7.1019E+42  1.4998E+43
  7.4990E-01  2.6422E+43  6.5854E+40  6.6750E+42  1.9681E+43
  7.9430E-01  3.1834E+43  1.3632E+41  6.2396E+42  2.5458E+43
  8.4140E-01  3.8602E+43  2.6921E+41  5.7971E+42  3.2536E+43
  8.9130E-01  4.7418E+43  5.1399E+41  5.3497E+42  4.1554E+43
  9.4410E-01  5.8056E+43  9.3552E+41  4.9020E+42  5.2218E+43
  1.0000E+00  7.0010E+43  1.6121E+42  4.4588E+42  6.3939E+43
  1.0590E+00  8.3239E+43  2.6423E+42  4.0338E+42  7.6563E+43
  1.1220E+00  9.7818E+43  4.1658E+42  3.6230E+42  9.0030E+43
  1.1890E+00  1.1385E+44  6.3417E+42  3.2256E+42  1.0428E+44
  1.2590E+00  1.3181E+44  9.3266E+42  2.8426E+42  1.1964E+44
  1.3340E+00  1.5037E+44  1.3239E+43  2.4833E+42  1.3465E+44
  1.4130E+00  1.6843E+44  1.8015E+43  2.1593E+42  1.4826E+44
  1.4960E+00  1.8594E+44  2.3658E+43  1.8667E+42  1.6041E+44
  1.5850E+00  2.0282E+44  3.0280E+43  1.5991E+42  1.7094E+44
  1.6790E+00  2.1917E+44  3.7727E+43  1.3555E+42  1.8009E+44
  1.7780E+00  2.3463E+44  4.5774E+43  1.1344E+42  1.8773E+44
  1.8840E+00  2.4856E+44  5.4318E+43  9.3544E+41  1.9331E+44
  1.9950E+00  2.6064E+44  6.2901E+43  7.6033E+41  1.9698E+44
  2.1130E+00  2.7026E+44  7.1270E+43  6.0903E+41  1.9838E+44
  2.2390E+00  2.7702E+44  7.9042E+43  4.8112E+41  1.9750E+44
  2.3710E+00  2.8096E+44  8.5790E+43  3.7555E+41  1.9479E+44
  2.5120E+00  2.8192E+44  9.1449E+43  2.9010E+41  1.9019E+44
  2.6610E+00  2.8017E+44  9.5748E+43  2.2214E+41  1.8420E+44
  2.8180E+00  2.7590E+44  9.8525E+43  1.6875E+41  1.7721E+44
  2.9850E+00  2.6939E+44  9.9894E+43  1.2731E+41  1.6937E+44
  3.1620E+00  2.6097E+44  9.9844E+43  9.5461E+40  1.6103E+44
  3.3500E+00  2.5114E+44  9.8783E+43  7.1270E+40  1.5229E+44
  3.5480E+00  2.4005E+44  9.6399E+43  5.2934E+40  1.4359E+44
  3.7580E+00  2.2809E+44  9.3140E+43  3.9143E+40  1.3491E+44
  3.9810E+00  2.1554E+44  8.9158E+43  2.8830E+40  1.2636E+44
  4.2170E+00  2.0266E+44  8.4581E+43  2.1157E+40  1.1806E+44
  4.4670E+00  1.8968E+44  7.9589E+43  1.5471E+40  1.1007E+44
  4.7320E+00  1.7686E+44  7.4440E+43  1.1275E+40  1.0241E+44
  5.0120E+00  1.6464E+44  6.9283E+43  8.2073E+39  9.5345E+43
  5.3090E+00  1.4996E+44  6.4194E+43  5.8498E+39  8.5764E+43
  5.6230E+00  1.3578E+44  5.9330E+43  4.1426E+39  7.6450E+43
  5.9570E+00  1.2233E+44  5.4805E+43  2.9174E+39  6.7520E+43
  6.3100E+00  1.0940E+44  5.0191E+43  2.0364E+39  5.9209E+43
  6.6830E+00  9.7904E+43  4.6349E+43  1.4189E+39  5.1554E+43
  7.0790E+00  8.7043E+43  4.2448E+43  9.7645E+38  4.4594E+43
  7.4990E+00  7.9318E+43  4.1245E+43  6.8411E+38  3.8072E+43
  7.9430E+00  8.2020E+43  5.0787E+43  5.5775E+38  3.1232E+43
  8.4140E+00  9.2803E+43  6.8435E+43  5.4512E+38  2.4367E+43
  8.9130E+00  9.8641E+43  7.9754E+43  5.3435E+38  1.8886E+43
  9.4410E+00  1.0001E+44  8.5387E+43  5.5315E+38  1.4620E+43
  1.0000E+01  8.6596E+43  7.3874E+43  4.0484E+38  1.2722E+43
  1.0590E+01  7.2114E+43  6.0882E+43  2.7407E+38  1.1231E+43
  1.1220E+01  5.7722E+43  4.7793E+43  1.6563E+38  9.9284E+42
  1.1890E+01  4.6263E+43  3.7662E+43  1.0129E+38  8.6000E+42
  1.2590E+01  3.7092E+43  2.9705E+43  6.0914E+37  7.3869E+42
  1.3340E+01  3.0060E+43  2.3805E+43  3.6641E+37  6.2545E+42
  1.4130E+01  2.5523E+43  2.0303E+43  2.2801E+37  5.2201E+42
  1.4960E+01  2.4031E+43  1.9768E+43  1.6338E+37  4.2628E+42
  1.5850E+01  2.3318E+43  1.9875E+43  1.2620E+37  3.4438E+42
  1.6790E+01  2.2802E+43  2.0028E+43  1.0218E+37  2.7736E+42
  1.7780E+01  2.1936E+43  1.9693E+43  8.3639E+36  2.2428E+42
  1.8840E+01  2.0373E+43  1.8547E+43  6.5941E+36  1.8259E+42
  1.9950E+01  1.8282E+43  1.6778E+43  4.8522E+36  1.5037E+42
  2.1130E+01  1.6354E+43  1.5117E+43  3.4427E+36  1.2372E+42
  2.2390E+01  1.4764E+43  1.3752E+43  2.4550E+36  1.0125E+42
  2.3710E+01  1.3420E+43  1.2592E+43  1.7540E+36  8.2817E+41
  2.5120E+01  1.2218E+43  1.1544E+43  1.2577E+36  6.7452E+41
  2.6610E+01  1.1101E+43  1.0553E+43  8.9773E+35  5.4863E+41
  2.8180E+01  1.0043E+43  9.5972E+42  6.3986E+35  4.4591E+41
  2.9850E+01  9.0073E+42  8.6457E+42  4.5325E+35  3.6156E+41
  3.1620E+01  7.9849E+42  7.6922E+42  3.1752E+35  2.9275E+41
  3.3500E+01  6.9823E+42  6.7456E+42  2.1971E+35  2.3666E+41
  3.5480E+01  6.0208E+42  5.8295E+42  1.5014E+35  1.9133E+41
  3.7580E+01  5.1113E+42  4.9568E+42  1.0109E+35  1.5451E+41
  3.9810E+01  4.2661E+42  4.1414E+42  6.6999E+34  1.2463E+41
  4.2170E+01  3.5079E+42  3.4074E+42  4.3746E+34  1.0047E+41
  4.4670E+01  2.8448E+42  2.7639E+42  2.8139E+34  8.0929E+40
  4.7320E+01  2.2788E+42  2.2136E+42  1.7867E+34  6.5125E+40
  5.0120E+01  1.8057E+42  1.7533E+42  1.1216E+34  5.2394E+40
  5.3090E+01  1.4160E+42  1.3739E+42  6.9660E+33  4.2106E+40
  5.6230E+01  1.1010E+42  1.0672E+42  4.2881E+33  3.3826E+40
  5.9570E+01  8.4869E+41  8.2156E+41  2.6159E+33  2.7129E+40
  6.3100E+01  6.4996E+41  6.2820E+41  1.5854E+33  2.1754E+40
  6.6830E+01  4.9493E+41  4.7749E+41  9.5541E+32  1.7441E+40
  7.0790E+01  3.7485E+41  3.6088E+41  5.7266E+32  1.3968E+40
  7.4990E+01  2.8249E+41  2.7131E+41  3.4161E+32  1.1177E+40
  7.9430E+01  2.1210E+41  2.0316E+41  2.0309E+32  8.9428E+39
  8.4140E+01  1.5867E+41  1.5152E+41  1.2030E+32  7.1494E+39
  8.9130E+01  1.1840E+41  1.1268E+41  7.1109E+31  5.7126E+39
  9.4410E+01  8.8143E+40  8.3579E+40  4.1948E+31  4.5639E+39
  1.0000E+02  6.5473E+40  6.1828E+40  2.4698E+31  3.6452E+39
  1.0590E+02  4.8597E+40  4.5685E+40  1.4538E+31  2.9125E+39
  1.1220E+02  3.6016E+40  3.3694E+40  8.5437E+30  2.3222E+39
  1.1890E+02  2.6716E+40  2.4867E+40  5.0271E+30  1.8494E+39
  1.2590E+02  1.9936E+40  1.8459E+40  2.9771E+30  1.4769E+39
  1.3340E+02  1.4914E+40  1.3738E+40  1.7702E+30  1.1761E+39
  1.4130E+02  1.1084E+40  1.0146E+40  1.0500E+30  9.3762E+38
  1.4960E+02  8.0907E+39  7.3420E+39  6.1174E+29  7.4871E+38
  1.5850E+02  5.8677E+39  5.2717E+39  3.5337E+29  5.9605E+38
  1.7780E+02  3.1197E+39  2.7411E+39  1.1913E+29  3.7855E+38
  1.9950E+02  1.6679E+39  1.4279E+39  4.0466E+28  2.4000E+38
  2.2390E+02  8.9411E+38  7.4217E+38  1.3820E+28  1.5194E+38
  2.5120E+02  4.8144E+38  3.8518E+38  4.7523E+27  9.6266E+37
  2.8180E+02  2.6036E+38  1.9937E+38  1.6455E+27  6.0988E+37
  3.1620E+02  1.4142E+38  1.0283E+38  5.7356E+26  3.8590E+37
  3.5480E+02  7.7319E+37  5.2912E+37  2.0159E+26  2.4407E+37
  3.9810E+02  4.2598E+37  2.7163E+37  7.1539E+25  1.5435E+37
  4.4670E+02  2.3670E+37  1.3913E+37  2.5638E+25  9.7568E+36
  5.0120E+02  1.3282E+37  7.1144E+36  9.2860E+24  6.1677E+36
  5.6230E+02  7.5326E+36  3.6332E+36  3.3989E+24  3.8994E+36
  6.3100E+02  4.3132E+36  1.8507E+36  1.2559E+24  2.4625E+36
  7.0790E+02  2.4990E+36  9.4242E+35  4.6915E+23  1.5566E+36
  7.9430E+02  1.4620E+36  4.7891E+35  1.7671E+23  9.8314E+35
  8.9130E+02  8.6371E+35  2.4299E+35  6.7099E+22  6.2071E+35
  1.0000E+03  5.1533E+35  1.2322E+35  2.5687E+22  3.9211E+35
