  1.0000E-03  8.9206E+44  0.0000E+00  1.5440E+43  8.7662E+44
  1.1220E-03  9.9980E+44  0.0000E+00  1.6229E+43  9.8357E+44
  1.2590E-03  1.1202E+45  0.0000E+00  1.6498E+43  1.1037E+45
  1.4130E-03  1.2551E+45  0.0000E+00  1.6369E+43  1.2387E+45
  1.5850E-03  1.4058E+45  0.0000E+00  1.6378E+43  1.3894E+45
  1.7780E-03  1.5778E+45  0.0000E+00  1.9168E+43  1.5586E+45
  1.9950E-03  1.7677E+45  0.0000E+00  1.8881E+43  1.7488E+45
  2.2390E-03  1.9806E+45  0.0000E+00  1.7864E+43  1.9627E+45
  2.5120E-03  2.2233E+45  0.0000E+00  2.1253E+43  2.2020E+45
  2.8180E-03  2.4909E+45  0.0000E+00  2.0635E+43  2.4702E+45
  3.1620E-03  2.7918E+45  0.0000E+00  1.9909E+43  2.7718E+45
  3.5480E-03  3.1294E+45  0.0000E+00  1.9135E+43  3.1103E+45
  3.9810E-03  3.5081E+45  0.0000E+00  1.8285E+43  3.4898E+45
  4.4670E-03  3.9727E+45  0.0000E+00  5.6860E+43  3.9158E+45
  5.0120E-03  4.4509E+45  0.0000E+00  5.7333E+43  4.3936E+45
  5.6230E-03  4.9874E+45  0.0000E+00  5.8186E+43  4.9292E+45
  5.9570E-03  5.2810E+45  0.0000E+00  5.8923E+43  5.2220E+45
  6.6830E-03  5.9198E+45  0.0000E+00  6.1233E+43  5.8585E+45
  7.4990E-03  6.6387E+45  0.0000E+00  6.4932E+43  6.5738E+45
  8.4140E-03  7.4447E+45  0.0000E+00  6.8871E+43  7.3758E+45
  9.4410E-03  8.3495E+45  0.0000E+00  7.3352E+43  8.2761E+45
  1.0590E-02  9.3613E+45  0.0000E+00  7.8017E+43  9.2833E+45
  1.1890E-02  1.0508E+46  0.0000E+00  8.4989E+43  1.0423E+46
  1.3340E-02  1.1785E+46  0.0000E+00  9.1365E+43  1.1694E+46
  1.4960E-02  1.3213E+46  0.0000E+00  9.8672E+43  1.3114E+46
  1.6790E-02  1.4825E+46  0.0000E+00  1.0671E+44  1.4718E+46
  1.8840E-02  1.6631E+46  0.0000E+00  1.1563E+44  1.6515E+46
  2.1130E-02  1.8650E+46  0.0000E+00  1.2599E+44  1.8524E+46
  2.3710E-02  2.0922E+46  0.0000E+00  1.3746E+44  2.0785E+46
  2.6610E-02  2.3477E+46  0.0000E+00  1.5023E+44  2.3326E+46
  2.9850E-02  2.6331E+46  1.0819E-82  1.6419E+44  2.6166E+46
  3.3500E-02  2.9545E+46  6.8070E-68  1.7883E+44  2.9367E+46
  3.7580E-02  3.3135E+46  8.5407E-55  1.9234E+44  3.2942E+46
  4.2170E-02  3.7212E+46  3.6585E-43  2.4489E+44  3.6967E+46
  4.7320E-02  4.1763E+46  9.3482E-33  2.8143E+44  4.1482E+46
  5.3090E-02  4.3508E+46  1.6304E-23  2.9569E+44  4.3212E+46
  6.6830E-02  4.1554E+46  5.4524E-08  2.8529E+44  4.1268E+46
  7.4990E-02  4.0600E+46  1.7077E-01  2.7182E+44  4.0328E+46
  8.4140E-02  3.9673E+46  8.8686E+04  2.6250E+44  3.9410E+46
  9.4410E-02  3.8771E+46  1.0515E+10  2.5838E+44  3.8513E+46
  1.0590E-01  3.5303E+46  2.9951E+14  2.4748E+44  3.5055E+46
  1.1890E-01  2.9662E+46  2.4697E+18  1.9506E+44  2.9467E+46
  1.3340E-01  2.4949E+46  5.6574E+21  1.5343E+44  2.4795E+46
  1.4960E-01  2.0981E+46  7.0221E+24  1.0207E+44  2.0878E+46
  1.5850E-01  1.9228E+46  2.0951E+26  8.2367E+43  1.9145E+46
  1.7780E-01  1.6180E+46  1.0258E+29  6.5207E+43  1.6114E+46
  1.9950E-01  1.3615E+46  2.6120E+31  5.7412E+43  1.3558E+46
  2.2390E-01  1.1462E+46  2.9006E+33  5.8315E+43  1.1403E+46
  2.3710E-01  1.0524E+46  2.0256E+34  5.9155E+43  1.0464E+46
  2.5120E-01  9.6510E+45  1.2340E+35  5.5229E+43  9.5958E+45
  2.6610E-01  8.8505E+45  6.9260E+35  4.9330E+43  8.8012E+45
  2.8180E-01  8.1197E+45  3.5231E+36  4.3646E+43  8.0761E+45
  2.9850E-01  7.4468E+45  1.6232E+37  3.8902E+43  7.4079E+45
  3.1620E-01  6.8298E+45  6.7041E+37  3.5168E+43  6.7947E+45
  3.3500E-01  6.2628E+45  2.5227E+38  3.1969E+43  6.2308E+45
  3.5480E-01  5.7457E+45  8.6690E+38  2.9198E+43  5.7165E+45
  3.7580E-01  5.2710E+45  2.7510E+39  2.6786E+43  5.2442E+45
  3.9810E-01  4.8345E+45  8.0339E+39  2.4729E+43  4.8097E+45
  4.2170E-01  4.4346E+45  2.1568E+40  2.2987E+43  4.4116E+45
  4.4670E-01  4.0682E+45  5.3670E+40  2.1513E+43  4.0466E+45
  4.7320E-01  3.7318E+45  1.2552E+41  2.0193E+43  3.7115E+45
  5.0120E-01  3.4241E+45  2.7661E+41  1.8987E+43  3.4048E+45
  5.3090E-01  3.1417E+45  5.7754E+41  1.7897E+43  3.1232E+45
  5.6230E-01  2.8832E+45  1.1405E+42  1.6926E+43  2.8651E+45
  5.9570E-01  2.6458E+45  2.1446E+42  1.6054E+43  2.6276E+45
  6.3100E-01  2.4294E+45  3.8383E+42  1.5269E+43  2.4103E+45
  6.6830E-01  2.2325E+45  6.5465E+42  1.4561E+43  2.2114E+45
  7.0790E-01  2.0531E+45  1.0688E+43  1.3947E+43  2.0284E+45
  7.4990E-01  1.8906E+45  1.6722E+43  1.3404E+43  1.8605E+45
  7.9430E-01  1.7446E+45  2.5111E+43  1.2934E+43  1.7066E+45
  8.4140E-01  1.6142E+45  3.6326E+43  1.2546E+43  1.5653E+45
  8.9130E-01  1.4988E+45  5.0789E+43  1.2243E+43  1.4357E+45
  9.4410E-01  1.3976E+45  6.8574E+43  1.2008E+43  1.3170E+45
  1.0000E+00  1.3095E+45  8.9532E+43  1.1802E+43  1.2081E+45
  1.0590E+00  1.2335E+45  1.1328E+44  1.1626E+43  1.1086E+45
  1.1220E+00  1.1678E+45  1.3977E+44  1.1451E+43  1.0165E+45
  1.1890E+00  1.1114E+45  1.6836E+44  1.1247E+43  9.3183E+44
  1.2590E+00  1.0636E+45  1.9746E+44  1.0978E+43  8.5520E+44
  1.3340E+00  1.0211E+45  2.2638E+44  1.0642E+43  7.8411E+44
  1.4130E+00  9.8238E+44  2.5287E+44  1.0237E+43  7.1927E+44
  1.4960E+00  9.4613E+44  2.7612E+44  9.7536E+42  6.6026E+44
  1.5850E+00  9.1096E+44  2.9635E+44  9.1814E+42  6.0543E+44
  1.6790E+00  8.7559E+44  3.1177E+44  8.5158E+42  5.5530E+44
  1.7780E+00  8.3886E+44  3.2153E+44  7.7572E+42  5.0957E+44
  1.8840E+00  8.0037E+44  3.2626E+44  6.9246E+42  4.6719E+44
  1.9950E+00  7.6030E+44  3.2551E+44  6.0509E+42  4.2875E+44
  2.1130E+00  7.1848E+44  3.1998E+44  5.1724E+42  3.9333E+44
  2.2390E+00  6.7487E+44  3.0993E+44  4.3250E+42  3.6061E+44
  2.3710E+00  6.3057E+44  2.9611E+44  3.5431E+42  3.3092E+44
  2.5120E+00  5.8596E+44  2.7967E+44  2.8490E+42  3.0344E+44
  2.6610E+00  5.4176E+44  2.6118E+44  2.2529E+42  2.7832E+44
  2.8180E+00  4.9842E+44  2.4129E+44  1.7549E+42  2.5538E+44
  2.9850E+00  4.5654E+44  2.2093E+44  1.3492E+42  2.3426E+44
  3.1620E+00  4.1640E+44  2.0051E+44  1.0255E+42  2.1487E+44
  3.3500E+00  3.7903E+44  1.8122E+44  7.7248E+41  1.9704E+44
  3.5480E+00  3.4390E+44  1.6255E+44  5.7722E+41  1.8078E+44
  3.7580E+00  3.1146E+44  1.4520E+44  4.2831E+41  1.6583E+44
  3.9810E+00  2.8160E+44  1.2919E+44  3.1591E+41  1.5210E+44
  4.2170E+00  2.5432E+44  1.1458E+44  2.3189E+41  1.3951E+44
  4.4670E+00  2.2950E+44  1.0137E+44  1.6950E+41  1.2796E+44
  4.7320E+00  2.0706E+44  8.9573E+43  1.2336E+41  1.1737E+44
  5.0120E+00  1.8712E+44  7.9121E+43  8.9621E+40  1.0791E+44
  5.3090E+00  1.6593E+44  6.9845E+43  6.3715E+40  9.6024E+43
  5.6230E+00  1.4656E+44  6.1708E+43  4.4942E+40  8.4805E+43
  5.9570E+00  1.2898E+44  5.4628E+43  3.1465E+40  7.4316E+43
  6.3100E+00  1.1289E+44  4.8156E+43  2.1836E+40  6.4710E+43
  6.6830E+00  9.9014E+43  4.2985E+43  1.5108E+40  5.6014E+43
  7.0790E+00  8.6414E+43  3.8214E+43  1.0328E+40  4.8190E+43
  7.4990E+00  7.6114E+43  3.4878E+43  6.9680E+39  4.1229E+43
  7.9430E+00  7.0921E+43  3.5807E+43  4.7509E+39  3.5109E+43
  8.4140E+00  7.0345E+43  4.0589E+43  3.4726E+39  2.9752E+43
  8.9130E+00  6.9120E+43  4.4014E+43  2.6965E+39  2.5104E+43
  9.4410E+00  6.7019E+43  4.5916E+43  2.3151E+39  2.1101E+43
  1.0000E+01  5.6871E+43  3.9199E+43  1.7765E+39  1.7671E+43
  1.0590E+01  4.7017E+43  3.2258E+43  1.3175E+39  1.4758E+43
  1.1220E+01  3.8196E+43  2.5928E+43  9.0366E+38  1.2267E+43
  1.1890E+01  3.1296E+43  2.1136E+43  6.1378E+38  1.0159E+43
  1.2590E+01  2.5992E+43  1.7580E+43  4.0938E+38  8.4119E+42
  1.3340E+01  2.1867E+43  1.4935E+43  2.6892E+38  6.9319E+42
  1.4130E+01  1.8960E+43  1.3255E+43  1.7542E+38  5.7050E+42
  1.4960E+01  1.7397E+43  1.2705E+43  1.2088E+38  4.6919E+42
  1.5850E+01  1.6330E+43  1.2489E+43  8.8132E+37  3.8414E+42
  1.6790E+01  1.5539E+43  1.2398E+43  6.7585E+37  3.1409E+42
  1.7780E+01  1.4781E+43  1.2214E+43  5.3712E+37  2.5663E+42
  1.8840E+01  1.3860E+43  1.1771E+43  4.2772E+37  2.0888E+42
  1.9950E+01  1.2791E+43  1.1090E+43  3.2984E+37  1.7013E+42
  2.1130E+01  1.1826E+43  1.0444E+43  2.4704E+37  1.3827E+42
  2.2390E+01  1.1017E+43  9.8969E+42  1.8497E+37  1.1203E+42
  2.3710E+01  1.0314E+43  9.4049E+42  1.3816E+37  9.0864E+41
  2.5120E+01  9.6458E+42  8.9110E+42  1.0309E+37  7.3479E+41
  2.6610E+01  8.9843E+42  8.3905E+42  7.6321E+36  5.9383E+41
  2.8180E+01  8.3100E+42  7.8301E+42  5.6192E+36  4.7994E+41
  2.9850E+01  7.6019E+42  7.2147E+42  4.0977E+36  3.8717E+41
  3.1620E+01  6.8602E+42  6.5482E+42  2.9474E+36  3.1199E+41
  3.3500E+01  6.0956E+42  5.8446E+42  2.0887E+36  2.5106E+41
  3.5480E+01  5.3317E+42  5.1296E+42  1.4582E+36  2.0210E+41
  3.7580E+01  4.5861E+42  4.4236E+42  1.0015E+36  1.6253E+41
  3.9810E+01  3.8756E+42  3.7450E+42  6.7660E+35  1.3054E+41
  4.2170E+01  3.2243E+42  3.1195E+42  4.4988E+35  1.0479E+41
  4.4670E+01  2.6440E+42  2.5600E+42  2.9441E+35  8.4074E+40
  4.7320E+01  2.1404E+42  2.0730E+42  1.9000E+35  6.7400E+40
  5.0120E+01  1.7129E+42  1.6588E+42  1.2111E+35  5.4034E+40
  5.3090E+01  1.3557E+42  1.3125E+42  7.6291E+34  4.3282E+40
  5.6230E+01  1.0634E+42  1.0287E+42  4.7585E+34  3.4667E+40
  5.9570E+01  8.2637E+41  7.9865E+41  2.9388E+34  2.7728E+40
  6.3100E+01  6.3771E+41  6.1553E+41  1.8014E+34  2.2180E+40
  6.6830E+01  4.8907E+41  4.7133E+41  1.0970E+34  1.7744E+40
  7.0790E+01  3.7289E+41  3.5871E+41  6.6394E+33  1.4183E+40
  7.4990E+01  2.8278E+41  2.7145E+41  3.9963E+33  1.1329E+40
  7.9430E+01  2.1355E+41  2.0450E+41  2.3956E+33  9.0505E+39
  8.4140E+01  1.6062E+41  1.5340E+41  1.4299E+33  7.2256E+39
  8.9130E+01  1.2047E+41  1.1470E+41  8.5121E+32  5.7665E+39
  9.4410E+01  9.0111E+40  8.5509E+40  5.0545E+32  4.6021E+39
  1.0000E+02  6.7232E+40  6.3560E+40  2.9941E+32  3.6722E+39
  1.0590E+02  5.0108E+40  4.7176E+40  1.7724E+32  2.9317E+39
  1.1220E+02  3.7283E+40  3.4947E+40  1.0471E+32  2.3358E+39
  1.1890E+02  2.7762E+40  2.5903E+40  6.1934E+31  1.8590E+39
  1.2590E+02  2.0798E+40  1.9315E+40  3.6868E+31  1.4838E+39
  1.3340E+02  1.5626E+40  1.4444E+40  2.2042E+31  1.1811E+39
  1.4130E+02  1.1650E+40  1.0709E+40  1.3131E+31  9.4117E+38
  1.4960E+02  8.5134E+39  7.7622E+39  7.6655E+30  7.5121E+38
  1.5850E+02  6.1799E+39  5.5821E+39  4.4357E+30  5.9781E+38
  1.7780E+02  3.2937E+39  2.9142E+39  1.5017E+30  3.7942E+38
  1.9950E+02  1.7649E+39  1.5244E+39  5.1212E+29  2.4043E+38
  2.2390E+02  9.4757E+38  7.9541E+38  1.7548E+29  1.5216E+38
  2.5120E+02  5.1060E+38  4.1423E+38  6.0497E+28  9.6376E+37
  2.8180E+02  2.7610E+38  2.1506E+38  2.0985E+28  6.1043E+37
  3.1620E+02  1.4984E+38  1.1122E+38  7.3236E+27  3.8617E+37
  3.5480E+02  8.1788E+37  5.7367E+37  2.5755E+27  2.4421E+37
  3.9810E+02  4.4954E+37  2.9512E+37  9.1409E+26  1.5442E+37
  4.4670E+02  2.4905E+37  1.5145E+37  3.2749E+26  9.7603E+36
  5.0120E+02  1.3927E+37  7.7574E+36  1.1854E+26  6.1695E+36
  5.6230E+02  7.8679E+36  3.9675E+36  4.3350E+25  3.9003E+36
  6.3100E+02  4.4867E+36  2.0238E+36  1.6002E+25  2.4629E+36
  7.0790E+02  2.5886E+36  1.0318E+36  5.9706E+24  1.5568E+36
  7.9430E+02  1.5082E+36  5.2490E+35  2.2463E+24  9.8325E+35
  8.9130E+02  8.8737E+35  2.6660E+35  8.5200E+23  6.2077E+35
  1.0000E+03  5.2744E+35  1.3531E+35  3.2582E+23  3.9214E+35
