  1.0000E-03  1.1239E+40  0.0000E+00  1.1239E+40  7.9775E+35
  1.1220E-03  4.2169E+39  0.0000E+00  4.2169E+39  4.6309E+33
  1.2590E-03  1.6139E+39  0.0000E+00  1.6139E+39  1.9313E+31
  1.4130E-03  5.8939E+38  0.0000E+00  5.8939E+38  6.3173E+28
  1.5850E-03  2.4844E+38  0.0000E+00  2.4844E+38  4.9947E+26
  1.7780E-03  2.3210E+38  0.0000E+00  2.3210E+38  1.0362E+26
  1.9950E-03  4.8645E+37  0.0000E+00  4.8645E+37  6.9373E+21
  2.2390E-03  1.2514E+37  0.0000E+00  1.2514E+37  4.6048E+18
  2.5120E-03  1.0038E+37  0.0000E+00  1.0038E+37  1.9956E+17
  2.8180E-03  1.1734E+36  0.0000E+00  1.1734E+36  2.1398E+11
  3.1620E-03  1.6594E+35  0.0000E+00  1.6594E+35  9.5352E+05
  3.5480E-03  2.6177E+34  0.0000E+00  2.6177E+34  8.7851E+00
  3.9810E-03  4.8625E+33  0.0000E+00  4.8625E+33  2.3753E-04
  4.4670E-03  2.3720E+37  0.0000E+00  2.3720E+37  4.8724E+14
  5.0120E-03  2.2750E+36  0.0000E+00  2.2750E+36  1.8074E+08
  5.6230E-03  2.2023E+35  0.0000E+00  2.2023E+35  7.6416E+01
  5.9570E-03  7.2145E+34  0.0000E+00  7.2145E+34  6.8680E-02
  6.6830E-03  9.9059E+33  0.0000E+00  9.9059E+33  2.4908E-07
  7.4990E-03  2.0671E+33  0.0000E+00  2.0671E+33  1.2408E-11
  8.4140E-03  3.4092E+32  0.0000E+00  3.4092E+32  9.4953E-17
  9.4410E-03  7.8975E+31  0.0000E+00  7.8975E+31  7.4054E-21
  1.0590E-02  3.6099E+31  0.0000E+00  3.6099E+31  9.6108E-23
  1.1890E-02  8.2454E+30  0.0000E+00  8.2454E+30  2.1900E-27
  1.3340E-02  2.5109E+30  0.0000E+00  2.5109E+30  7.2421E-31
  1.4960E-02  5.9702E+29  0.0000E+00  5.9702E+29  2.8006E-35
  1.6790E-02  1.6089E+29  0.0000E+00  1.6089E+29  2.7180E-39
  1.8840E-02  5.1143E+28  0.0000E+00  5.1143E+28  8.6448E-43
  2.1130E-02  1.4926E+28  0.0000E+00  1.4926E+28  9.7653E-47
  2.3710E-02  4.1276E+27  0.0000E+00  4.1276E+27  7.6087E-51
  2.6610E-02  1.0170E+27  0.0000E+00  1.0170E+27  2.4911E-55
  2.9850E-02  2.5629E+26  0.0000E+00  2.5629E+26  9.5991E-60
  3.3500E-02  6.2770E+25  0.0000E+00  6.2770E+25  3.1209E-64
  3.7580E-02  4.3927E+25  0.0000E+00  4.3927E+25  2.1430E-65
  4.2170E-02  1.4710E+25  0.0000E+00  1.4710E+25  6.1381E-70
  4.7320E-02  5.5154E+23  0.0000E+00  5.5154E+23  1.1436E-80
  5.3090E-02  9.5907E+21  0.0000E+00  9.5907E+21  1.5270E-93
  6.6830E-02  7.8525E+14  0.0000E+00  7.8525E+14  1.5687-144
  7.4990E-02  1.9536E+10  0.0000E+00  1.9536E+10  4.8867-177
  8.4140E-02  2.4439E+11  0.0000E+00  2.4439E+11  5.2456-169
  9.4410E-02  1.4809E+12  0.0000E+00  1.4809E+12  1.9208-163
  1.0590E-01  2.2774E+15  0.0000E+00  2.2774E+15  7.9909-141
  1.1890E-01  6.7679E+18  0.0000E+00  6.7679E+18  3.5792-115
  1.3340E-01  2.0539E+21  0.0000E+00  2.0539E+21  1.3227E-96
  1.4960E-01  6.0492E+22  6.5367E-86  6.0492E+22  1.1041E-84
  1.5850E-01  1.0211E+23  1.4240E-82  1.0211E+23  1.6190E-82
  1.7780E-01  2.7780E+22  1.2106E-82  2.7780E+22  3.7163E-86
  1.9950E-01  2.6695E+19  0.0000E+00  2.6695E+19  1.1298-107
  2.2390E-01  4.4912E+17  0.0000E+00  4.4912E+17  1.0678-120
  2.3710E-01  8.5762E+19  4.5767E-80  8.5762E+19  1.1221-104
  2.5120E-01  1.7315E+22  3.4247E-69  1.7315E+22  5.6907E-88
  2.6610E-01  5.6882E+23  6.6685E-61  5.6882E+23  1.1900E-76
  2.8180E-01  6.6655E+24  3.3319E-54  6.6655E+24  1.8193E-68
  2.9850E-01  4.5648E+25  1.9504E-48  4.5648E+25  5.2588E-62
  3.1620E-01  2.5952E+26  3.9308E-43  2.5952E+26  3.2773E-56
  3.3500E-01  1.2824E+27  3.4325E-38  1.2824E+27  6.7650E-51
  3.5480E-01  5.3569E+27  1.1655E-33  5.3569E+27  3.8917E-46
  3.7580E-01  2.2038E+28  2.6980E-29  2.2038E+28  1.8883E-41
  3.9810E-01  8.0880E+28  3.0452E-25  8.0880E+28  3.5130E-37
  4.2170E-01  3.3298E+29  3.6198E-21  3.3298E+29  1.3746E-32
  4.4670E-01  1.3268E+30  2.7559E-17  1.3268E+30  3.6047E-28
  4.7320E-01  5.1618E+30  1.4566E-13  5.1618E+30  7.3317E-24
  5.0120E-01  1.9260E+31  5.0913E-10  1.9260E+31  1.0379E-19
  5.3090E-01  7.2941E+31  1.4580E-06  7.2941E+31  1.5448E-15
  5.6230E-01  2.5101E+32  2.3314E-03  2.5101E+32  1.0359E-11
  5.9570E-01  8.1664E+32  2.4717E+00  8.1664E+32  4.2801E-08
  6.3100E-01  2.6112E+33  1.9644E+03  2.6112E+33  1.4483E-04
  6.6830E-01  8.1668E+33  1.1798E+06  8.1668E+33  3.9556E-01
  7.0790E-01  2.4871E+34  5.2725E+08  2.4871E+34  7.9081E+02
  7.4990E-01  7.1211E+34  1.5927E+11  7.1211E+34  9.2561E+05
  7.9430E-01  1.9820E+35  3.6621E+13  1.9820E+35  8.0817E+08
  8.4140E-01  5.3831E+35  6.7137E+15  5.3831E+35  5.5455E+11
  8.9130E-01  1.4743E+36  1.1252E+18  1.4743E+36  3.7457E+14
  9.4410E-01  3.8621E+36  1.5274E+20  3.8621E+36  1.8258E+17
  1.0000E+00  9.3439E+36  1.5413E+22  9.3439E+36  5.2952E+19
  1.0590E+00  2.1114E+37  1.1833E+24  2.1114E+37  9.7572E+21
  1.1220E+00  4.5096E+37  7.3381E+25  4.5096E+37  1.2641E+24
  1.1890E+00  9.1274E+37  3.7384E+27  9.1274E+37  1.2169E+26
  1.2590E+00  1.7635E+38  1.6273E+29  1.7635E+38  9.4548E+27
  1.3340E+00  3.1891E+38  5.3925E+30  3.1891E+38  5.0925E+29
  1.4130E+00  5.3594E+38  1.2458E+32  5.3594E+38  1.7581E+31
  1.4960E+00  8.5339E+38  2.1259E+33  8.5339E+38  4.2295E+32
  1.5850E+00  1.3190E+39  2.8630E+34  1.3189E+39  7.6636E+33
  1.6790E+00  2.0324E+39  3.1502E+35  2.0320E+39  1.1009E+35
  1.7780E+00  3.1981E+39  2.8569E+36  3.1940E+39  1.2688E+36
  1.8840E+00  5.2209E+39  2.1342E+37  5.1879E+39  1.1656E+37
  1.9950E+00  8.8514E+39  1.3077E+38  8.6353E+39  8.5338E+37
  2.1130E+00  1.5500E+40  6.5929E+38  1.4343E+40  4.9822E+38
  2.2390E+00  2.8168E+40  2.7547E+39  2.3071E+40  2.3426E+39
  2.3710E+00  5.3732E+40  9.6189E+39  3.5125E+40  8.9887E+39
  2.5120E+00  1.0713E+41  2.8495E+40  5.0051E+40  2.8589E+40
  2.6610E+00  2.1666E+41  7.2831E+40  6.6664E+40  7.7163E+40
  2.8180E+00  4.2789E+41  1.6359E+41  8.3328E+40  1.8097E+41
  2.9850E+00  8.0076E+41  3.2769E+41  9.8150E+40  3.7492E+41
  3.1620E+00  1.4059E+42  5.9520E+41  1.0983E+41  7.0088E+41
  3.3500E+00  2.2842E+42  9.8341E+41  1.1661E+41  1.1842E+42
  3.5480E+00  3.5026E+42  1.5155E+42  1.1939E+41  1.8678E+42
  3.7580E+00  5.0538E+42  2.1840E+42  1.1774E+41  2.7521E+42
  3.9810E+00  6.9055E+42  2.9675E+42  1.1235E+41  3.8256E+42
  4.2170E+00  8.9980E+42  3.8323E+42  1.0416E+41  5.0615E+42
  4.4670E+00  1.1248E+43  4.7349E+42  9.4117E+40  6.4191E+42
  4.7320E+00  1.3507E+43  5.6068E+42  8.2830E+40  7.8170E+42
  5.0120E+00  1.5666E+43  6.3913E+42  7.1261E+40  9.2037E+42
  5.3090E+00  1.7241E+43  7.0316E+42  5.8739E+40  1.0150E+43
  5.6230E+00  1.8308E+43  7.4870E+42  4.7097E+40  1.0774E+43
  5.9570E+00  1.8788E+43  7.7322E+42  3.6745E+40  1.1019E+43
  6.3100E+00  1.8878E+43  7.8195E+42  2.8141E+40  1.1030E+43
  6.6830E+00  1.8552E+43  7.8037E+42  2.1121E+40  1.0727E+43
  7.0790E+00  1.7961E+43  7.6747E+42  1.5559E+40  1.0270E+43
  7.4990E+00  1.5029E+43  6.6143E+42  1.0121E+40  8.4044E+42
  7.9430E+00  6.5546E+42  3.1918E+42  4.0671E+39  3.3587E+42
  8.4140E+00  1.3919E+42  8.5570E+41  1.0834E+39  5.3510E+41
  8.9130E+00  3.9308E+41  3.1160E+41  3.6881E+38  8.1104E+40
  9.4410E+00  1.8492E+41  1.7185E+41  1.7512E+38  1.2892E+40
  1.0000E+01  2.7935E+41  2.5574E+41  1.9169E+38  2.3416E+40
  1.0590E+01  4.9198E+41  4.3179E+41  2.3645E+38  5.9950E+40
  1.1220E+01  9.6364E+41  7.9063E+41  2.9741E+38  1.7271E+41
  1.1890E+01  1.6105E+42  1.2561E+42  3.3036E+38  3.5413E+41
  1.2590E+01  2.4528E+42  1.8376E+42  3.3693E+38  6.1481E+41
  1.3340E+01  3.2657E+42  2.3897E+42  3.0668E+38  8.7578E+41
  1.4130E+01  3.6257E+42  2.6691E+42  2.3777E+38  9.5632E+41
  1.4960E+01  3.1257E+42  2.4441E+42  1.5322E+38  6.8144E+41
  1.5850E+01  2.5967E+42  2.1706E+42  9.8622E+37  4.2598E+41
  1.6790E+01  2.2162E+42  1.9594E+42  6.6545E+37  2.5670E+41
  1.7780E+01  2.0354E+42  1.8653E+42  4.9071E+37  1.7003E+41
  1.8840E+01  2.0319E+42  1.8928E+42  3.9658E+37  1.3911E+41
  1.9950E+01  2.1447E+42  2.0029E+42  3.3561E+37  1.4172E+41
  2.1130E+01  2.2445E+42  2.0969E+42  2.7534E+37  1.4761E+41
  2.2390E+01  2.2848E+42  2.1384E+42  2.1949E+37  1.4638E+41
  2.3710E+01  2.2760E+42  2.1351E+42  1.7101E+37  1.4089E+41
  2.5120E+01  2.2195E+42  2.0878E+42  1.3101E+37  1.3171E+41
  2.6610E+01  2.1264E+42  2.0052E+42  9.8624E+36  1.2117E+41
  2.8180E+01  2.0021E+42  1.8923E+42  7.3301E+36  1.0976E+41
  2.9850E+01  1.8526E+42  1.7544E+42  5.3751E+36  9.8171E+40
  3.1620E+01  1.6862E+42  1.5990E+42  3.8853E+36  8.7198E+40
  3.3500E+01  1.5094E+42  1.4324E+42  2.7686E+36  7.6922E+40
  3.5480E+01  1.3302E+42  1.2627E+42  1.9469E+36  6.7526E+40
  3.7580E+01  1.1542E+42  1.0951E+42  1.3502E+36  5.9097E+40
  3.9810E+01  9.8599E+41  9.3428E+41  9.2419E+35  5.1711E+40
  4.2170E+01  8.3010E+41  7.8497E+41  6.2381E+35  4.5130E+40
  4.4670E+01  6.8913E+41  6.4989E+41  4.1487E+35  3.9234E+40
  4.7320E+01  5.6462E+41  5.3069E+41  2.7215E+35  3.3926E+40
  5.0120E+01  4.5714E+41  4.2795E+41  1.7630E+35  2.9189E+40
  5.3090E+01  3.6583E+41  3.4087E+41  1.1282E+35  2.4959E+40
  5.6230E+01  2.8985E+41  2.6863E+41  7.1424E+34  2.1220E+40
  5.9570E+01  2.2730E+41  2.0938E+41  4.4727E+34  1.7919E+40
  6.3100E+01  1.7685E+41  1.6179E+41  2.7774E+34  1.5053E+40
  6.6830E+01  1.3663E+41  1.2404E+41  1.7119E+34  1.2582E+40
  7.0790E+01  1.0485E+41  9.4390E+40  1.0477E+34  1.0457E+40
  7.4990E+01  7.9981E+40  7.1331E+40  6.3729E+33  8.6491E+39
  7.9430E+01  6.0739E+40  5.3613E+40  3.8591E+33  7.1262E+39
  8.4140E+01  4.5929E+40  4.0082E+40  2.3262E+33  5.8469E+39
  8.9130E+01  3.4626E+40  2.9847E+40  1.3982E+33  4.7798E+39
  9.4410E+01  2.6040E+40  2.2144E+40  8.3839E+32  3.8966E+39
  1.0000E+02  1.9541E+40  1.6372E+40  5.0168E+32  3.1683E+39
  1.0590E+02  1.4654E+40  1.2082E+40  3.0011E+32  2.5716E+39
  1.1220E+02  1.0971E+40  8.8925E+39  1.7918E+32  2.0787E+39
  1.1890E+02  8.2189E+39  6.5436E+39  1.0706E+32  1.6753E+39
  1.2590E+02  6.1917E+39  4.8401E+39  6.4339E+31  1.3517E+39
  1.3340E+02  4.6724E+39  3.5866E+39  3.8781E+31  1.0858E+39
  1.4130E+02  3.5118E+39  2.6390E+39  2.3380E+31  8.7275E+38
  1.4960E+02  2.6082E+39  1.9055E+39  1.3935E+31  7.0276E+38
  1.5850E+02  1.9291E+39  1.3653E+39  8.2528E+30  5.6372E+38
  1.7780E+02  1.0688E+39  7.0640E+38  2.9283E+30  3.6238E+38
  1.9950E+02  5.9775E+38  3.6587E+38  1.0496E+30  2.3188E+38
  2.2390E+02  3.3692E+38  1.8906E+38  3.7962E+29  1.4786E+38
  2.5120E+02  1.9177E+38  9.7561E+37  1.3873E+29  9.4211E+37
  2.8180E+02  1.1018E+38  5.0224E+37  5.1185E+28  5.9953E+37
  3.1620E+02  6.3840E+37  2.5772E+37  1.9041E+28  3.8068E+37
  3.5480E+02  3.7342E+37  1.3198E+37  7.1432E+27  2.4145E+37
  3.9810E+02  2.2048E+37  6.7451E+36  2.7028E+27  1.5303E+37
  4.4670E+02  1.3131E+37  3.4409E+36  1.0303E+27  9.6903E+36
  5.0120E+02  7.8872E+36  1.7530E+36  3.9549E+26  6.1342E+36
  5.6230E+02  4.7748E+36  8.9219E+35  1.5275E+26  3.8826E+36
  6.3100E+02  2.9071E+36  4.5309E+35  5.9262E+25  2.4540E+36
  7.0790E+02  1.7824E+36  2.3008E+35  2.3120E+25  1.5523E+36
  7.9430E+02  1.0976E+36  1.1663E+35  9.0476E+24  9.8099E+35
  8.9130E+02  6.7868E+35  5.9041E+34  3.5509E+24  6.1964E+35
  1.0000E+03  4.2144E+35  2.9878E+34  1.3983E+24  3.9156E+35
