  1.0000E-03  8.8455E+44  0.0000E+00  7.9328E+42  8.7662E+44
  1.1220E-03  9.9311E+44  0.0000E+00  9.5319E+42  9.8357E+44
  1.2590E-03  1.1146E+45  0.0000E+00  1.0885E+43  1.1037E+45
  1.4130E-03  1.2506E+45  0.0000E+00  1.1920E+43  1.2387E+45
  1.5850E-03  1.4022E+45  0.0000E+00  1.2788E+43  1.3894E+45
  1.7780E-03  1.5740E+45  0.0000E+00  1.5443E+43  1.5586E+45
  1.9950E-03  1.7657E+45  0.0000E+00  1.6869E+43  1.7488E+45
  2.2390E-03  1.9796E+45  0.0000E+00  1.6853E+43  1.9627E+45
  2.5120E-03  2.2230E+45  0.0000E+00  2.1035E+43  2.2020E+45
  2.8180E-03  2.4924E+45  0.0000E+00  2.2154E+43  2.4702E+45
  3.1620E-03  2.7944E+45  0.0000E+00  2.2509E+43  2.7718E+45
  3.5480E-03  3.1328E+45  0.0000E+00  2.2482E+43  3.1103E+45
  3.9810E-03  3.5121E+45  0.0000E+00  2.2209E+43  3.4898E+45
  4.4670E-03  3.9730E+45  0.0000E+00  5.7128E+43  3.9158E+45
  5.0120E-03  4.4546E+45  0.0000E+00  6.1008E+43  4.3936E+45
  5.6230E-03  4.9925E+45  0.0000E+00  6.3272E+43  4.9292E+45
  5.9570E-03  5.2861E+45  0.0000E+00  6.4064E+43  5.2220E+45
  6.6830E-03  5.9241E+45  0.0000E+00  6.5594E+43  5.8585E+45
  7.4990E-03  6.6416E+45  0.0000E+00  6.7785E+43  6.5738E+45
  8.4140E-03  7.4456E+45  0.0000E+00  6.9754E+43  7.3758E+45
  9.4410E-03  8.3477E+45  0.0000E+00  7.1644E+43  8.2761E+45
  1.0590E-02  9.3560E+45  0.0000E+00  7.2692E+43  9.2833E+45
  1.1890E-02  1.0501E+46  0.0000E+00  7.7790E+43  1.0423E+46
  1.3340E-02  1.1775E+46  0.0000E+00  8.0542E+43  1.1694E+46
  1.4960E-02  1.3198E+46  0.0000E+00  8.4087E+43  1.3114E+46
  1.6790E-02  1.4806E+46  0.0000E+00  8.7541E+43  1.4718E+46
  1.8840E-02  1.6607E+46  0.0000E+00  9.1107E+43  1.6515E+46
  2.1130E-02  1.8620E+46  0.0000E+00  9.6077E+43  1.8524E+46
  2.3710E-02  2.0886E+46  0.0000E+00  1.0116E+44  2.0785E+46
  2.6610E-02  2.3433E+46  0.0000E+00  1.0653E+44  2.3326E+46
  2.9850E-02  2.6279E+46  1.0360E-82  1.1220E+44  2.6166E+46
  3.3500E-02  2.9485E+46  6.6069E-68  1.1805E+44  2.9367E+46
  3.7580E-02  3.3069E+46  8.2946E-55  1.2712E+44  3.2942E+46
  4.2170E-02  3.7121E+46  3.5951E-43  1.5354E+44  3.6967E+46
  4.7320E-02  4.1646E+46  9.4287E-33  1.6404E+44  4.1482E+46
  5.3090E-02  4.3376E+46  1.6823E-23  1.6321E+44  4.3212E+46
  6.6830E-02  4.1418E+46  5.8838E-08  1.5013E+44  4.1268E+46
  7.4990E-02  4.0477E+46  1.8848E-01  1.4840E+44  4.0328E+46
  8.4140E-02  3.9551E+46  9.9292E+04  1.4126E+44  3.9410E+46
  9.4410E-02  3.8650E+46  1.1965E+10  1.3757E+44  3.8513E+46
  1.0590E-01  3.5185E+46  3.4540E+14  1.2921E+44  3.5055E+46
  1.1890E-01  2.9574E+46  2.7284E+18  1.0667E+44  2.9467E+46
  1.3340E-01  2.4890E+46  5.7865E+21  9.4176E+43  2.4795E+46
  1.4960E-01  2.0955E+46  6.7478E+24  7.6612E+43  2.0878E+46
  1.5850E-01  1.9212E+46  1.9939E+26  6.7239E+43  1.9145E+46
  1.7780E-01  1.6165E+46  1.0155E+29  5.0530E+43  1.6114E+46
  1.9950E-01  1.3593E+46  2.8339E+31  3.4539E+43  1.3558E+46
  2.2390E-01  1.1435E+46  3.3373E+33  3.2092E+43  1.1403E+46
  2.3710E-01  1.0498E+46  2.2804E+34  3.3309E+43  1.0464E+46
  2.5120E-01  9.6290E+45  1.3388E+35  3.3145E+43  9.5958E+45
  2.6610E-01  8.8330E+45  7.2911E+35  3.1787E+43  8.8012E+45
  2.8180E-01  8.1060E+45  3.6243E+36  2.9965E+43  8.0761E+45
  2.9850E-01  7.4361E+45  1.6380E+37  2.8235E+43  7.4079E+45
  3.1620E-01  6.8215E+45  6.6462E+37  2.6858E+43  6.7947E+45
  3.3500E-01  6.2564E+45  2.4600E+38  2.5608E+43  6.2308E+45
  3.5480E-01  5.7409E+45  8.3304E+38  2.4396E+43  5.7165E+45
  3.7580E-01  5.2674E+45  2.6076E+39  2.3241E+43  5.2442E+45
  3.9810E-01  4.8320E+45  7.5147E+39  2.2208E+43  4.8097E+45
  4.2170E-01  4.4330E+45  1.9895E+40  2.1301E+43  4.4116E+45
  4.4670E-01  4.0672E+45  4.8801E+40  2.0525E+43  4.0466E+45
  4.7320E-01  3.7314E+45  1.1251E+41  1.9763E+43  3.7115E+45
  5.0120E-01  3.4240E+45  2.4447E+41  1.8984E+43  3.4048E+45
  5.3090E-01  3.1419E+45  5.0324E+41  1.8193E+43  3.1232E+45
  5.6230E-01  2.8835E+45  9.8014E+41  1.7423E+43  2.8651E+45
  5.9570E-01  2.6460E+45  1.8182E+42  1.6655E+43  2.6276E+45
  6.3100E-01  2.4294E+45  3.2093E+42  1.5893E+43  2.4103E+45
  6.6830E-01  2.2319E+45  5.3985E+42  1.5119E+43  2.2114E+45
  7.0790E-01  2.0515E+45  8.6880E+42  1.4378E+43  2.0284E+45
  7.4990E-01  1.8875E+45  1.3399E+43  1.3652E+43  1.8605E+45
  7.9430E-01  1.7394E+45  1.9821E+43  1.2942E+43  1.7066E+45
  8.4140E-01  1.6058E+45  2.8237E+43  1.2240E+43  1.5653E+45
  8.9130E-01  1.4861E+45  3.8830E+43  1.1549E+43  1.4357E+45
  9.4410E-01  1.3794E+45  5.1570E+43  1.0858E+43  1.3170E+45
  1.0000E+00  1.2846E+45  6.6286E+43  1.0160E+43  1.2081E+45
  1.0590E+00  1.2007E+45  8.2605E+43  9.4745E+42  1.1086E+45
  1.1220E+00  1.1257E+45  1.0040E+44  8.7871E+42  1.0165E+45
  1.1890E+00  1.0591E+45  1.1916E+44  8.0853E+42  9.3183E+44
  1.2590E+00  1.0002E+45  1.3768E+44  7.3591E+42  8.5520E+44
  1.3340E+00  9.4643E+44  1.5570E+44  6.6294E+42  7.8411E+44
  1.4130E+00  8.9706E+44  1.7186E+44  5.9237E+42  7.1927E+44
  1.4960E+00  8.5126E+44  1.8576E+44  5.2419E+42  6.6026E+44
  1.5850E+00  8.0766E+44  1.9764E+44  4.5788E+42  6.0543E+44
  1.6790E+00  7.6565E+44  2.0641E+44  3.9390E+42  5.5530E+44
  1.7780E+00  7.2452E+44  2.1162E+44  3.3281E+42  5.0957E+44
  1.8840E+00  6.8378E+44  2.1383E+44  2.7571E+42  4.6719E+44
  1.9950E+00  6.4381E+44  2.1283E+44  2.2404E+42  4.2875E+44
  2.1130E+00  6.0424E+44  2.0912E+44  1.7862E+42  3.9333E+44
  2.2390E+00  5.6489E+44  2.0288E+44  1.3987E+42  3.6061E+44
  2.3710E+00  5.2647E+44  1.9448E+44  1.0785E+42  3.3092E+44
  2.5120E+00  4.8891E+44  1.8464E+44  8.2078E+41  3.0344E+44
  2.6610E+00  4.5255E+44  1.7361E+44  6.1783E+41  2.7832E+44
  2.8180E+00  4.1752E+44  1.6167E+44  4.6066E+41  2.5538E+44
  2.9850E+00  3.8399E+44  1.4939E+44  3.4080E+41  2.3426E+44
  3.1620E+00  3.5205E+44  1.3693E+44  2.5045E+41  2.1487E+44
  3.3500E+00  3.2230E+44  1.2508E+44  1.8327E+41  1.9704E+44
  3.5480E+00  2.9430E+44  1.1339E+44  1.3350E+41  1.8078E+44
  3.7580E+00  2.6829E+44  1.0236E+44  9.6899E+40  1.6583E+44
  3.9810E+00  2.4419E+44  9.2024E+43  7.0119E+40  1.5210E+44
  4.2170E+00  2.2199E+44  8.2425E+43  5.0622E+40  1.3951E+44
  4.4670E+00  2.0159E+44  7.3592E+43  3.6466E+40  1.2796E+44
  4.7320E+00  1.8298E+44  6.5588E+43  2.6212E+40  1.1737E+44
  5.0120E+00  1.6634E+44  5.8405E+43  1.8844E+40  1.0791E+44
  5.3090E+00  1.4799E+44  5.1957E+43  1.3248E+40  9.6024E+43
  5.6230E+00  1.3107E+44  4.6255E+43  9.2520E+39  8.4805E+43
  5.9570E+00  1.1559E+44  4.1271E+43  6.4213E+39  7.4316E+43
  6.3100E+00  1.0135E+44  3.6638E+43  4.4201E+39  6.4710E+43
  6.6830E+00  8.8948E+43  3.2932E+43  3.0340E+39  5.6014E+43
  7.0790E+00  7.7646E+43  2.9453E+43  2.0581E+39  4.8190E+43
  7.4990E+00  6.8780E+43  2.7549E+43  1.3986E+39  4.1229E+43
  7.9430E+00  6.6337E+43  3.1226E+43  1.0318E+39  3.5109E+43
  8.4140E+00  7.0034E+43  4.0281E+43  8.7990E+38  2.9752E+43
  8.9130E+00  7.2575E+43  4.7470E+43  7.8429E+38  2.5104E+43
  9.4410E+00  7.3497E+43  5.2396E+43  7.5742E+38  2.1101E+43
  1.0000E+01  6.1498E+43  4.3827E+43  5.5131E+38  1.7671E+43
  1.0590E+01  4.9547E+43  3.4789E+43  3.7631E+38  1.4758E+43
  1.1220E+01  3.8833E+43  2.6565E+43  2.3288E+38  1.2267E+43
  1.1890E+01  3.0859E+43  2.0699E+43  1.4561E+38  1.0159E+43
  1.2590E+01  2.4833E+43  1.6421E+43  8.9939E+37  8.4119E+42
  1.3340E+01  2.0309E+43  1.3377E+43  5.5420E+37  6.9319E+42
  1.4130E+01  1.7270E+43  1.1565E+43  3.4722E+37  5.7050E+42
  1.4960E+01  1.5827E+43  1.1135E+43  2.3991E+37  4.6919E+42
  1.5850E+01  1.4870E+43  1.1028E+43  1.7694E+37  3.8414E+42
  1.6790E+01  1.4123E+43  1.0982E+43  1.3706E+37  3.1409E+42
  1.7780E+01  1.3307E+43  1.0741E+43  1.0855E+37  2.5663E+42
  1.8840E+01  1.2226E+43  1.0137E+43  8.4203E+36  2.0888E+42
  1.9950E+01  1.0956E+43  9.2551E+42  6.1970E+36  1.7013E+42
  2.1130E+01  9.8170E+42  8.4344E+42  4.4156E+36  1.3827E+42
  2.2390E+01  8.8695E+42  7.7492E+42  3.1568E+36  1.1203E+42
  2.3710E+01  8.0615E+42  7.1529E+42  2.2588E+36  9.0864E+41
  2.5120E+01  7.3260E+42  6.5912E+42  1.6193E+36  7.3479E+41
  2.6610E+01  6.6359E+42  6.0421E+42  1.1545E+36  5.9383E+41
  2.8180E+01  5.9751E+42  5.4951E+42  8.2083E+35  4.7994E+41
  2.9850E+01  5.3245E+42  4.9373E+42  5.7921E+35  3.8717E+41
  3.1620E+01  4.6837E+42  4.3717E+42  4.0382E+35  3.1199E+41
  3.3500E+01  4.0589E+42  3.8078E+42  2.7782E+35  2.5106E+41
  3.5480E+01  3.4649E+42  3.2628E+42  1.8860E+35  2.0210E+41
  3.7580E+01  2.9102E+42  2.7476E+42  1.2610E+35  1.6253E+41
  3.9810E+01  2.4029E+42  2.2724E+42  8.3012E+34  1.3054E+41
  4.2170E+01  1.9549E+42  1.8501E+42  5.3847E+34  1.0479E+41
  4.4670E+01  1.5690E+42  1.4849E+42  3.4422E+34  8.4074E+40
  4.7320E+01  1.2443E+42  1.1769E+42  2.1729E+34  6.7400E+40
  5.0120E+01  9.7667E+41  9.2264E+41  1.3568E+34  5.4034E+40
  5.3090E+01  7.5905E+41  7.1576E+41  8.3853E+33  4.3282E+40
  5.6230E+01  5.8529E+41  5.5063E+41  5.1394E+33  3.4667E+40
  5.9570E+01  4.4768E+41  4.1995E+41  3.1235E+33  2.7728E+40
  6.3100E+01  3.4046E+41  3.1828E+41  1.8873E+33  2.2180E+40
  6.6830E+01  2.5765E+41  2.3990E+41  1.1347E+33  1.7744E+40
  7.0790E+01  1.9407E+41  1.7988E+41  6.7906E+32  1.4183E+40
  7.4990E+01  1.4557E+41  1.3424E+41  4.0477E+32  1.1329E+40
  7.9430E+01  1.0887E+41  9.9818E+40  2.4066E+32  9.0505E+39
  8.4140E+01  8.1188E+40  7.3963E+40  1.4268E+32  7.2256E+39
  8.9130E+01  6.0441E+40  5.4675E+40  8.4484E+31  5.7665E+39
  9.4410E+01  4.4931E+40  4.0328E+40  4.9972E+31  4.6021E+39
  1.0000E+02  3.3353E+40  2.9681E+40  2.9529E+31  3.6722E+39
  1.0590E+02  2.4761E+40  2.1829E+40  1.7462E+31  2.9317E+39
  1.1220E+02  1.8368E+40  1.6033E+40  1.0317E+31  2.3358E+39
  1.1890E+02  1.3650E+40  1.1791E+40  6.1089E+30  1.8590E+39
  1.2590E+02  1.0215E+40  8.7310E+39  3.6437E+30  1.4838E+39
  1.3340E+02  7.6696E+39  6.4885E+39  2.1834E+30  1.1811E+39
  1.4130E+02  5.7228E+39  4.7816E+39  1.3063E+30  9.4117E+38
  1.4960E+02  4.1953E+39  3.4441E+39  7.6889E+29  7.5121E+38
  1.5850E+02  3.0594E+39  2.4616E+39  4.4943E+29  5.9781E+38
  1.7780E+02  1.6507E+39  1.2713E+39  1.5572E+29  3.7942E+38
  1.9950E+02  8.9935E+38  6.5892E+38  5.4592E+28  2.4043E+38
  2.2390E+02  4.9325E+38  3.4109E+38  1.9317E+28  1.5216E+38
  2.5120E+02  2.7280E+38  1.7642E+38  6.9069E+27  9.6376E+37
  2.8180E+02  1.5210E+38  9.1054E+37  2.4941E+27  6.1043E+37
  3.1620E+02  8.5465E+37  4.6848E+37  9.0857E+26  3.8617E+37
  3.5480E+02  4.8475E+37  2.4054E+37  3.3411E+26  2.4421E+37
  3.9810E+02  2.7768E+37  1.2326E+37  1.2407E+26  1.5442E+37
  4.4670E+02  1.6064E+37  6.3037E+36  4.6488E+25  9.7603E+36
  5.0120E+02  9.3886E+36  3.2191E+36  1.7571E+25  6.1695E+36
  5.6230E+02  5.5425E+36  1.6421E+36  6.6937E+24  3.9003E+36
  6.3100E+02  3.2986E+36  8.3570E+35  2.5658E+24  2.4629E+36
  7.0790E+02  1.9820E+36  4.2521E+35  9.9069E+23  1.5568E+36
  7.9430E+02  1.1992E+36  2.1593E+35  3.8427E+23  9.8325E+35
  8.9130E+02  7.3027E+35  1.0950E+35  1.4969E+23  6.2077E+35
  1.0000E+03  4.4763E+35  5.5500E+34  5.8581E+22  3.9214E+35
