  1.0000E-03  1.1364E+42  1.2226E+04  1.1364E+42  1.7104E+37
  1.1220E-03  6.2771E+41  8.6912E+03  6.2771E+41  2.1535E+35
  1.2590E-03  3.2382E+41  6.2287E+03  3.2382E+41  2.0427E+33
  1.4130E-03  1.5960E+41  4.2880E+03  1.5960E+41  1.5727E+31
  1.5850E-03  8.9252E+40  3.3525E+03  8.9252E+40  2.5618E+29
  1.7780E-03  9.0184E+40  2.9432E+03  9.0184E+40  6.7257E+28
  1.9950E-03  3.2317E+40  1.7840E+03  3.2317E+40  1.8728E+25
  2.2390E-03  1.4691E+40  1.2110E+03  1.4691E+40  3.6716E+22
  2.5120E-03  1.5633E+40  1.0040E+03  1.5633E+40  2.5247E+21
  2.8180E-03  5.9791E+39  5.0614E+02  5.9791E+39  2.0690E+16
  3.1620E-03  2.8146E+39  2.7661E+02  2.8146E+39  5.7098E+11
  3.5480E-03  1.4356E+39  1.5712E+02  1.4356E+39  2.9293E+07
  3.9810E-03  7.8031E+38  9.4429E+01  7.8031E+38  3.7682E+03
  4.4670E-03  2.8514E+40  3.6439E-01  2.8514E+40  1.8035E+19
  5.0120E-03  1.2192E+40  5.3913E-02  1.2192E+40  5.8961E+13
  5.6230E-03  5.7313E+39  8.3609E-03  5.7313E+39  2.1518E+08
  5.9570E-03  4.0239E+39  3.4876E-03  4.0239E+39  5.4178E+05
  6.6830E-03  2.1428E+39  7.2784E-04  2.1428E+39  1.2381E+01
  7.4990E-03  1.3212E+39  2.1228E-04  1.3212E+39  2.6413E-03
  8.4140E-03  7.3415E+38  4.9047E-05  7.3415E+38  1.1450E-07
  9.4410E-03  4.4951E+38  1.5115E-05  4.4951E+38  3.5924E-11
  1.0590E-02  3.3452E+38  8.7623E-06  3.3452E+38  8.7952E-13
  1.1890E-02  2.1514E+38  2.3110E-06  2.1514E+38  9.6896E-17
  1.3340E-02  1.4147E+38  5.1871E-07  1.4147E+38  1.0421E-19
  1.4960E-02  8.6008E+37  1.4629E-07  8.6008E+37  1.8007E-23
  1.6790E-02  5.3454E+37  4.6336E-08  5.3454E+37  6.8131E-27
  1.8840E-02  3.4614E+37  1.7023E-08  3.4614E+37  7.0831E-30
  2.1130E-02  2.2215E+37  5.5127E-09  2.2215E+37  3.0484E-33
  2.3710E-02  1.3740E+37  1.7080E-09  1.3740E+37  9.5564E-37
  2.6610E-02  8.0518E+36  4.7648E-10  8.0518E+36  1.4296E-40
  2.9850E-02  4.6992E+36  1.3587E-10  4.6992E+36  2.4533E-44
  3.3500E-02  2.6901E+36  3.7997E-11  2.6901E+36  3.6386E-48
  3.7580E-02  2.4628E+36  2.7006E-11  2.4628E+36  3.7664E-49
  4.2170E-02  1.7036E+36  7.4481E-12  1.7036E+36  5.0129E-53
  4.7320E-02  4.2696E+35  4.6999E-02  4.2696E+35  3.4097E-62
  5.3090E-02  7.4407E+34  1.3370E-02  7.4407E+34  3.3722E-73
  6.6830E-02  7.8831E+31  9.6221E-05  7.8831E+31  9.0115-117
  7.4990E-02  9.3604E+29  4.2349E-06  9.3604E+29  1.4453-144
  8.4140E-02  2.5926E+30  9.1242E-06  2.5926E+30  1.0784-137
  9.4410E-02  5.6767E+30  1.5523E-05  5.6767E+30  6.2665-133
  1.0590E-01  1.3435E+32  1.3653E-04  1.3435E+32  1.3973-113
  1.1890E-01  4.2065E+33  1.6283E-03  4.2065E+33  1.2006E-91
  1.3340E-01  5.1535E+34  9.8831E-03  5.1535E+34  9.0284E-76
  1.4960E-01  2.2934E+35  3.1631E-02  2.2934E+35  1.4172E-65
  1.5850E-01  2.8738E+35  3.9186E-02  2.8738E+35  9.9701E-64
  1.7780E-01  1.4605E+35  2.7807E-02  1.4605E+35  7.1543E-67
  1.9950E-01  4.8749E+33  3.5046E-03  4.8749E+33  2.5725E-85
  2.2390E-01  5.7649E+32  1.0090E-03  5.7649E+32  1.7041E-96
  2.3710E-01  5.3500E+33  4.7876E-03  5.3500E+33  8.3049E-83
  2.5120E-01  5.0853E+34  2.4345E-02  5.0853E+34  1.5549E-68
  2.6610E-01  2.1801E+35  7.3502E-02  2.1801E+35  7.2515E-59
  2.8180E-01  5.8713E+35  1.6379E-01  5.8713E+35  7.0348E-52
  2.9850E-01  1.2488E+36  3.0860E-01  1.2488E+36  2.2956E-46
  3.1620E-01  2.4434E+36  5.4533E-01  2.4434E+36  2.0176E-41
  3.3500E-01  4.4785E+36  9.2253E-01  4.4785E+36  6.8934E-37
  3.5480E-01  7.5941E+36  1.4736E+00  7.5941E+36  7.9032E-33
  3.7580E-01  1.2634E+37  2.2475E+00  1.2634E+37  7.8170E-29
  3.9810E-01  2.0051E+37  3.4140E+00  2.0051E+37  3.4132E-25
  4.2170E-01  3.2889E+37  5.3578E+00  3.2889E+37  2.8068E-21
  4.4670E-01  5.3172E+37  1.5409E+01  5.3172E+37  1.6410E-17
  4.7320E-01  8.4476E+37  3.4813E+03  8.4476E+37  7.7201E-14
  5.0120E-01  1.3098E+38  1.3015E+06  1.3098E+38  2.6649E-10
  5.3090E-01  2.0224E+38  4.7617E+08  2.0224E+38  9.5911E-07
  5.6230E-01  3.0064E+38  1.0772E+11  3.0064E+38  1.7487E-03
  5.9570E-01  4.3593E+38  1.7946E+13  4.3593E+38  2.1093E+00
  6.3100E-01  6.2546E+38  2.5590E+15  6.2546E+38  2.1454E+03
  6.6830E-01  8.8742E+38  3.1041E+17  8.8742E+38  1.8169E+06
  7.0790E-01  1.2511E+39  3.0515E+19  1.2511E+39  1.1797E+09
  7.4990E-01  1.7370E+39  2.1630E+21  1.7370E+39  4.8535E+11
  7.9430E-01  2.4170E+39  1.2589E+23  2.4170E+39  1.5560E+14
  8.4140E-01  3.4082E+39  6.2170E+24  3.4082E+39  4.0624E+16
  8.9130E-01  5.0039E+39  2.9440E+26  5.0039E+39  1.0469E+19
  9.4410E-01  7.5795E+39  1.1360E+28  7.5795E+39  2.0426E+21
  1.0000E+00  1.1657E+40  3.2319E+29  1.1657E+40  2.5582E+23
  1.0590E+00  1.8168E+40  7.0306E+30  1.8168E+40  2.1762E+25
  1.1220E+00  2.8540E+40  1.2433E+32  2.8540E+40  1.3710E+27
  1.1890E+00  4.4776E+40  1.8435E+33  4.4776E+40  6.7046E+28
  1.2590E+00  6.9972E+40  2.3875E+34  6.9972E+40  2.7319E+30
  1.3340E+00  1.0602E+41  2.5095E+35  1.0601E+41  8.1403E+31
  1.4130E+00  1.5326E+41  2.0438E+36  1.5326E+41  1.6588E+33
  1.4960E+00  2.1226E+41  1.3521E+37  2.1224E+41  2.4832E+34
  1.5850E+00  2.8287E+41  7.6284E+37  2.8279E+41  2.9174E+35
  1.6790E+00  3.6433E+41  3.7577E+38  3.6396E+41  2.8112E+36
  1.7780E+00  4.5321E+41  1.6260E+39  4.5156E+41  2.2442E+37
  1.8840E+00  5.4418E+41  6.1889E+39  5.3784E+41  1.4758E+38
  1.9950E+00  6.3573E+41  2.0638E+40  6.1429E+41  7.9954E+38
  2.1130E+00  7.3579E+41  6.0449E+40  6.7177E+41  3.5693E+39
  2.2390E+00  8.7332E+41  1.5618E+41  7.0390E+41  1.3242E+40
  2.3710E+00  1.1070E+42  3.5740E+41  7.0832E+41  4.1294E+40
  2.5120E+00  1.5282E+42  7.3226E+41  6.8631E+41  1.0967E+41
  2.6610E+00  2.2532E+42  1.3571E+42  6.4294E+41  2.5315E+41
  2.8180E+00  3.4049E+42  2.3021E+42  5.8451E+41  5.1822E+41
  2.9850E+00  5.0837E+42  3.6124E+42  5.1724E+41  9.5406E+41
  3.1620E+00  7.3555E+42  5.2997E+42  4.4714E+41  1.6087E+42
  3.3500E+00  1.0164E+43  7.2984E+42  3.7797E+41  2.4878E+42
  3.5480E+00  1.3510E+43  9.5685E+42  3.1408E+41  3.6275E+42
  3.7580E+00  1.7230E+43  1.1983E+43  2.5657E+41  4.9903E+42
  3.9810E+00  2.1152E+43  1.4414E+43  2.0641E+41  6.5312E+42
  4.2170E+00  2.5096E+43  1.6737E+43  1.6385E+41  8.1945E+42
  4.4670E+00  2.8888E+43  1.8844E+43  1.2847E+41  9.9156E+42
  4.7320E+00  3.2299E+43  2.0611E+43  9.9494E+40  1.1589E+43
  5.0120E+00  3.5207E+43  2.1966E+43  7.6300E+40  1.3165E+43
  5.3090E+00  3.6989E+43  2.2858E+43  5.6929E+40  1.4075E+43
  5.6230E+00  3.7862E+43  2.3274E+43  4.1873E+40  1.4547E+43
  5.9570E+00  3.7816E+43  2.3237E+43  3.0381E+40  1.4549E+43
  6.3100E+00  3.7107E+43  2.2811E+43  2.1768E+40  1.4274E+43
  6.6830E+00  3.5905E+43  2.2240E+43  1.5468E+40  1.3650E+43
  7.0790E+00  3.4281E+43  2.1402E+43  1.0829E+40  1.2869E+43
  7.4990E+00  3.0027E+43  1.9416E+43  7.2859E+39  1.0604E+43
  7.9430E+00  1.8498E+43  1.3751E+43  4.3999E+39  4.7425E+42
  8.4140E+00  8.2781E+42  7.3072E+42  2.4509E+39  9.6836E+41
  8.9130E+00  4.3671E+42  4.1763E+42  1.4540E+39  1.8938E+41
  9.4410E+00  2.7476E+42  2.7080E+42  9.7881E+38  3.8547E+40
  1.0000E+01  3.2941E+42  3.2308E+42  8.6487E+38  6.2430E+40
  1.0590E+01  4.2823E+42  4.1461E+42  7.7819E+38  1.3539E+41
  1.1220E+01  5.7937E+42  5.4686E+42  6.5676E+38  3.2442E+41
  1.1890E+01  7.0738E+42  6.4917E+42  5.1735E+38  5.8157E+41
  1.2590E+01  8.2272E+42  7.3221E+42  3.8597E+38  9.0477E+41
  1.3340E+01  8.9132E+42  7.7245E+42  2.7271E+38  1.1884E+42
  1.4130E+01  8.8536E+42  7.6089E+42  1.8322E+38  1.2445E+42
  1.4960E+01  7.8657E+42  6.9597E+42  1.2359E+38  9.0587E+41
  1.5850E+01  6.8807E+42  6.2912E+42  8.6850E+37  5.8940E+41
  1.6790E+01  6.0858E+42  5.7141E+42  6.3752E+37  3.7162E+41
  1.7780E+01  5.5535E+42  5.2995E+42  4.8753E+37  2.5392E+41
  1.8840E+01  5.2576E+42  5.0500E+42  3.7937E+37  2.0759E+41
  1.9950E+01  5.1005E+42  4.8960E+42  2.8962E+37  2.0456E+41
  2.1130E+01  4.9092E+42  4.7039E+42  2.1302E+37  2.0536E+41
  2.2390E+01  4.6454E+42  4.4478E+42  1.5464E+37  1.9763E+41
  2.3710E+01  4.3395E+42  4.1541E+42  1.1102E+37  1.8544E+41
  2.5120E+01  3.9927E+42  3.8231E+42  7.9092E+36  1.6965E+41
  2.6610E+01  3.6257E+42  3.4726E+42  5.5699E+36  1.5310E+41
  2.8180E+01  3.2486E+42  3.1122E+42  3.8949E+36  1.3635E+41
  2.9850E+01  2.8676E+42  2.7475E+42  2.6970E+36  1.2010E+41
  3.1620E+01  2.4942E+42  2.3890E+42  1.8443E+36  1.0514E+41
  3.3500E+01  2.1361E+42  2.0446E+42  1.2452E+36  9.1499E+40
  3.5480E+01  1.8035E+42  1.7242E+42  8.3082E+35  7.9301E+40
  3.7580E+01  1.5005E+42  1.4320E+42  5.4698E+35  6.8543E+40
  3.9810E+01  1.2300E+42  1.1707E+42  3.5525E+35  5.9225E+40
  4.2170E+01  9.9497E+41  9.4391E+41  2.2773E+35  5.1057E+40
  4.4670E+01  7.9498E+41  7.5112E+41  1.4405E+35  4.3867E+40
  4.7320E+01  6.2813E+41  5.9062E+41  9.0067E+34  3.7513E+40
  5.0120E+01  4.9151E+41  4.5956E+41  5.5752E+34  3.1943E+40
  5.3090E+01  3.8098E+41  3.5392E+41  3.4184E+34  2.7053E+40
  5.6230E+01  2.9307E+41  2.7027E+41  2.0798E+34  2.2800E+40
  5.9570E+01  2.2366E+41  2.0456E+41  1.2554E+34  1.9101E+40
  6.3100E+01  1.6975E+41  1.5382E+41  7.5383E+33  1.5931E+40
  6.6830E+01  1.2823E+41  1.1500E+41  4.5069E+33  1.3231E+40
  7.0790E+01  9.6438E+40  8.5504E+40  2.6834E+33  1.0934E+40
  7.4990E+01  7.2249E+40  6.3251E+40  1.5924E+33  8.9976E+39
  7.9430E+01  5.3997E+40  4.6617E+40  9.4333E+32  7.3798E+39
  8.4140E+01  4.0261E+40  3.4230E+40  5.5768E+32  6.0309E+39
  8.9130E+01  2.9986E+40  2.5073E+40  3.2953E+32  4.9129E+39
  9.4410E+01  2.2317E+40  1.8324E+40  1.9469E+32  3.9927E+39
  1.0000E+02  1.6601E+40  1.3363E+40  1.1502E+32  3.2375E+39
  1.0590E+02  1.2361E+40  9.7392E+39  6.8067E+31  2.6214E+39
  1.1220E+02  9.2016E+39  7.0872E+39  4.0274E+31  2.1145E+39
  1.1890E+02  6.8640E+39  5.1630E+39  2.3888E+31  1.7010E+39
  1.2590E+02  5.1567E+39  3.7864E+39  1.4277E+31  1.3702E+39
  1.3340E+02  3.8848E+39  2.7855E+39  8.5695E+30  1.0992E+39
  1.4130E+02  2.9172E+39  2.0348E+39  5.1484E+30  8.8244E+38
  1.4960E+02  2.1662E+39  1.4566E+39  3.0589E+30  7.0965E+38
  1.5850E+02  1.6035E+39  1.0350E+39  1.8078E+30  5.6858E+38
  1.7780E+02  8.9284E+38  5.2802E+38  6.4090E+29  3.6482E+38
  1.9950E+02  5.0351E+38  2.7040E+38  2.3029E+29  2.3311E+38
  2.2390E+02  2.8689E+38  1.3841E+38  8.3691E+28  1.4848E+38
  2.5120E+02  1.6538E+38  7.0852E+37  3.0780E+28  9.4524E+37
  2.8180E+02  9.6337E+37  3.6226E+37  1.1440E+28  6.0111E+37
  3.1620E+02  5.6629E+37  1.8481E+37  4.2890E+27  3.8148E+37
  3.5480E+02  3.3601E+37  9.4160E+36  1.6216E+27  2.4185E+37
  3.9810E+02  2.0115E+37  4.7916E+36  6.1817E+26  1.5323E+37
  4.4670E+02  1.2136E+37  2.4352E+36  2.3728E+26  9.7005E+36
  5.0120E+02  7.3760E+36  1.2366E+36  9.1661E+25  6.1394E+36
  5.6230E+02  4.5128E+36  6.2764E+35  3.5600E+25  3.8852E+36
  6.3100E+02  2.7733E+36  3.1797E+35  1.3879E+25  2.4553E+36
  7.0790E+02  1.7141E+36  1.6113E+35  5.4372E+24  1.5530E+36
  7.9430E+02  1.0628E+36  8.1526E+34  2.1352E+24  9.8132E+35
  8.9130E+02  6.6101E+35  4.1207E+34  8.4051E+23  6.1980E+35
  1.0000E+03  4.1247E+35  2.0825E+34  3.3181E+23  3.9165E+35
