  1.0000E-03  8.8280E+44  0.0000E+00  6.1803E+42  8.7662E+44
  1.1220E-03  9.9106E+44  0.0000E+00  7.4888E+42  9.8357E+44
  1.2590E-03  1.1123E+45  0.0000E+00  8.6557E+42  1.1037E+45
  1.4130E-03  1.2483E+45  0.0000E+00  9.6198E+42  1.2387E+45
  1.5850E-03  1.3999E+45  0.0000E+00  1.0469E+43  1.3894E+45
  1.7780E-03  1.5714E+45  0.0000E+00  1.2773E+43  1.5586E+45
  1.9950E-03  1.7632E+45  0.0000E+00  1.4359E+43  1.7488E+45
  2.2390E-03  1.9774E+45  0.0000E+00  1.4652E+43  1.9627E+45
  2.5120E-03  2.2207E+45  0.0000E+00  1.8656E+43  2.2020E+45
  2.8180E-03  2.4906E+45  0.0000E+00  2.0410E+43  2.4702E+45
  3.1620E-03  2.7932E+45  0.0000E+00  2.1395E+43  2.7718E+45
  3.5480E-03  3.1323E+45  0.0000E+00  2.1960E+43  3.1103E+45
  3.9810E-03  3.5121E+45  0.0000E+00  2.2224E+43  3.4898E+45
  4.4670E-03  3.9657E+45  0.0000E+00  4.9861E+43  3.9158E+45
  5.0120E-03  4.4489E+45  0.0000E+00  5.5316E+43  4.3936E+45
  5.6230E-03  4.9884E+45  0.0000E+00  5.9196E+43  4.9292E+45
  5.9570E-03  5.2827E+45  0.0000E+00  6.0687E+43  5.2220E+45
  6.6830E-03  5.9218E+45  0.0000E+00  6.3265E+43  5.8585E+45
  7.4990E-03  6.6399E+45  0.0000E+00  6.6073E+43  6.5738E+45
  8.4140E-03  7.4444E+45  0.0000E+00  6.8599E+43  7.3758E+45
  9.4410E-03  8.3468E+45  0.0000E+00  7.0654E+43  8.2761E+45
  1.0590E-02  9.3545E+45  0.0000E+00  7.1171E+43  9.2833E+45
  1.1890E-02  1.0500E+46  0.0000E+00  7.6700E+43  1.0423E+46
  1.3340E-02  1.1773E+46  0.0000E+00  7.9080E+43  1.1694E+46
  1.4960E-02  1.3196E+46  0.0000E+00  8.2323E+43  1.3114E+46
  1.6790E-02  1.4804E+46  0.0000E+00  8.5067E+43  1.4718E+46
  1.8840E-02  1.6603E+46  0.0000E+00  8.7501E+43  1.6515E+46
  2.1130E-02  1.8615E+46  0.0000E+00  9.1436E+43  1.8524E+46
  2.3710E-02  2.0880E+46  0.0000E+00  9.5046E+43  2.0785E+46
  2.6610E-02  2.3425E+46  0.0000E+00  9.8494E+43  2.3326E+46
  2.9850E-02  2.6268E+46  1.1058E-82  1.0177E+44  2.6166E+46
  3.3500E-02  2.9471E+46  7.0645E-68  1.0484E+44  2.9367E+46
  3.7580E-02  3.3055E+46  8.8758E-55  1.1305E+44  3.2942E+46
  4.2170E-02  3.7099E+46  3.8541E-43  1.3161E+44  3.6967E+46
  4.7320E-02  4.1613E+46  1.0142E-32  1.3153E+44  4.1482E+46
  5.3090E-02  4.3334E+46  1.8167E-23  1.2189E+44  4.3212E+46
  6.6830E-02  4.1363E+46  6.4463E-08  9.4788E+43  4.1268E+46
  7.4990E-02  4.0417E+46  2.0782E-01  8.8753E+43  4.0328E+46
  8.4140E-02  3.9496E+46  1.0912E+05  8.5423E+43  3.9410E+46
  9.4410E-02  3.8597E+46  1.3148E+10  8.4194E+43  3.8513E+46
  1.0590E-01  3.5140E+46  3.7938E+14  8.4265E+43  3.5055E+46
  1.1890E-01  2.9547E+46  2.9907E+18  7.9532E+43  2.9467E+46
  1.3340E-01  2.4876E+46  6.3053E+21  8.0737E+43  2.4795E+46
  1.4960E-01  2.0954E+46  7.3266E+24  7.5239E+43  2.0878E+46
  1.5850E-01  1.9214E+46  2.1647E+26  6.8982E+43  1.9145E+46
  1.7780E-01  1.6165E+46  1.1051E+29  5.1103E+43  1.6114E+46
  1.9950E-01  1.3587E+46  3.1082E+31  2.8617E+43  1.3558E+46
  2.2390E-01  1.1426E+46  3.6815E+33  2.2736E+43  1.1403E+46
  2.3710E-01  1.0490E+46  2.5064E+34  2.5193E+43  1.0464E+46
  2.5120E-01  9.6232E+45  1.4642E+35  2.7411E+43  9.5958E+45
  2.6610E-01  8.8293E+45  7.9435E+35  2.8085E+43  8.8012E+45
  2.8180E-01  8.1037E+45  3.9371E+36  2.7680E+43  8.0761E+45
  2.9850E-01  7.4348E+45  1.7752E+37  2.6916E+43  7.4079E+45
  3.1620E-01  6.8209E+45  7.1865E+37  2.6212E+43  6.7947E+45
  3.3500E-01  6.2563E+45  2.6544E+38  2.5447E+43  6.2308E+45
  3.5480E-01  5.7410E+45  8.9715E+38  2.4555E+43  5.7165E+45
  3.7580E-01  5.2678E+45  2.8026E+39  2.3592E+43  5.2442E+45
  3.9810E-01  4.8324E+45  8.0605E+39  2.2674E+43  4.8097E+45
  4.2170E-01  4.4335E+45  2.1289E+40  2.1797E+43  4.4116E+45
  4.4670E-01  4.0677E+45  5.2089E+40  2.1007E+43  4.0466E+45
  4.7320E-01  3.7318E+45  1.1976E+41  2.0183E+43  3.7115E+45
  5.0120E-01  3.4244E+45  2.5943E+41  1.9304E+43  3.4048E+45
  5.3090E-01  3.1421E+45  5.3219E+41  1.8374E+43  3.1232E+45
  5.6230E-01  2.8836E+45  1.0327E+42  1.7457E+43  2.8651E+45
  5.9570E-01  2.6460E+45  1.9080E+42  1.6534E+43  2.6276E+45
  6.3100E-01  2.4293E+45  3.3529E+42  1.5607E+43  2.4103E+45
  6.6830E-01  2.2317E+45  5.6127E+42  1.4664E+43  2.2114E+45
  7.0790E-01  2.0512E+45  8.9854E+42  1.3759E+43  2.0284E+45
  7.4990E-01  1.8871E+45  1.3780E+43  1.2883E+43  1.8605E+45
  7.9430E-01  1.7389E+45  2.0268E+43  1.2031E+43  1.7066E+45
  8.4140E-01  1.6052E+45  2.8697E+43  1.1196E+43  1.5653E+45
  8.9130E-01  1.4853E+45  3.9212E+43  1.0378E+43  1.4357E+45
  9.4410E-01  1.3783E+45  5.1746E+43  9.5765E+42  1.3170E+45
  1.0000E+00  1.2830E+45  6.6097E+43  8.7945E+42  1.2081E+45
  1.0590E+00  1.1985E+45  8.1880E+43  8.0517E+42  1.1086E+45
  1.1220E+00  1.1228E+45  9.8962E+43  7.3340E+42  1.0165E+45
  1.1890E+00  1.0553E+45  1.1686E+44  6.6316E+42  9.3183E+44
  1.2590E+00  9.9556E+44  1.3442E+44  5.9373E+42  8.5520E+44
  1.3340E+00  9.4084E+44  1.5146E+44  5.2692E+42  7.8411E+44
  1.4130E+00  8.9068E+44  1.6676E+44  4.6481E+42  7.1927E+44
  1.4960E+00  8.4430E+44  1.7997E+44  4.0693E+42  6.6026E+44
  1.5850E+00  8.0037E+44  1.9142E+44  3.5236E+42  6.0543E+44
  1.6790E+00  7.5839E+44  2.0008E+44  3.0113E+42  5.5530E+44
  1.7780E+00  7.1767E+44  2.0556E+44  2.5331E+42  5.0957E+44
  1.8840E+00  6.7772E+44  2.0844E+44  2.0937E+42  4.6719E+44
  1.9950E+00  6.3889E+44  2.0844E+44  1.7007E+42  4.2875E+44
  2.1130E+00  6.0073E+44  2.0605E+44  1.3579E+42  3.9333E+44
  2.2390E+00  5.6302E+44  2.0135E+44  1.0665E+42  3.6061E+44
  2.3710E+00  5.2636E+44  1.9462E+44  8.2584E+41  3.3092E+44
  2.5120E+00  4.9057E+44  1.8650E+44  6.3175E+41  3.0344E+44
  2.6610E+00  4.5594E+44  1.7714E+44  4.7837E+41  2.7832E+44
  2.8180E+00  4.2250E+44  1.6676E+44  3.5899E+41  2.5538E+44
  2.9850E+00  3.9039E+44  1.5586E+44  2.6740E+41  2.3426E+44
  3.1620E+00  3.5965E+44  1.4458E+44  1.9788E+41  2.1487E+44
  3.3500E+00  3.3088E+44  1.3370E+44  1.4582E+41  1.9704E+44
  3.5480E+00  3.0360E+44  1.2271E+44  1.0695E+41  1.8078E+44
  3.7580E+00  2.7808E+44  1.1217E+44  7.8146E+40  1.6583E+44
  3.9810E+00  2.5429E+44  1.0213E+44  5.6914E+40  1.5210E+44
  4.2170E+00  2.3221E+44  9.2661E+43  4.1342E+40  1.3951E+44
  4.4670E+00  2.1180E+44  8.3810E+43  2.9957E+40  1.2796E+44
  4.7320E+00  1.9308E+44  7.5694E+43  2.1654E+40  1.1737E+44
  5.0120E+00  1.7626E+44  6.8327E+43  1.5650E+40  1.0791E+44
  5.3090E+00  1.5768E+44  6.1645E+43  1.1073E+40  9.6024E+43
  5.6230E+00  1.4049E+44  5.5677E+43  7.7847E+39  8.4805E+43
  5.9570E+00  1.2474E+44  5.0414E+43  5.4416E+39  7.4316E+43
  6.3100E+00  1.1014E+44  4.5430E+43  3.7731E+39  6.4710E+43
  6.6830E+00  9.7422E+43  4.1406E+43  2.6102E+39  5.6014E+43
  7.0790E+00  8.5746E+43  3.7554E+43  1.7846E+39  4.8190E+43
  7.4990E+00  7.6786E+43  3.5556E+43  1.2246E+39  4.1229E+43
  7.9430E+00  7.5521E+43  4.0410E+43  9.1768E+38  3.5109E+43
  8.4140E+00  8.1571E+43  5.1818E+43  7.9489E+38  2.9752E+43
  8.9130E+00  8.5880E+43  6.0775E+43  7.1470E+38  2.5104E+43
  9.4410E+00  8.7958E+43  6.6857E+43  6.9378E+38  2.1101E+43
  1.0000E+01  7.3900E+43  5.6228E+43  5.0858E+38  1.7671E+43
  1.0590E+01  5.9766E+43  4.5007E+43  3.4997E+38  1.4758E+43
  1.1220E+01  4.7030E+43  3.4762E+43  2.1842E+38  1.2267E+43
  1.1890E+01  3.7527E+43  2.7368E+43  1.3755E+38  1.0159E+43
  1.2590E+01  3.0326E+43  2.1914E+43  8.5505E+37  8.4119E+42
  1.3340E+01  2.4889E+43  1.7957E+43  5.2953E+37  6.9319E+42
  1.4130E+01  2.1233E+43  1.5528E+43  3.3311E+37  5.7050E+42
  1.4960E+01  1.9560E+43  1.4868E+43  2.3134E+37  4.6919E+42
  1.5850E+01  1.8474E+43  1.4632E+43  1.7149E+37  3.8414E+42
  1.6790E+01  1.7615E+43  1.4475E+43  1.3337E+37  3.1409E+42
  1.7780E+01  1.6613E+43  1.4046E+43  1.0583E+37  2.5663E+42
  1.8840E+01  1.5197E+43  1.3108E+43  8.1989E+36  2.0888E+42
  1.9950E+01  1.3473E+43  1.1772E+43  6.0025E+36  1.7013E+42
  2.1130E+01  1.1883E+43  1.0501E+43  4.2383E+36  1.3827E+42
  2.2390E+01  1.0530E+43  9.4094E+42  2.9930E+36  1.1203E+42
  2.3710E+01  9.3587E+42  8.4500E+42  2.1097E+36  9.0864E+41
  2.5120E+01  8.2962E+42  7.5614E+42  1.4863E+36  7.3479E+41
  2.6610E+01  7.3179E+42  6.7240E+42  1.0396E+36  5.9383E+41
  2.8180E+01  6.4118E+42  5.9318E+42  7.2441E+35  4.7994E+41
  2.9850E+01  5.5581E+42  5.1709E+42  5.0069E+35  3.8717E+41
  3.1620E+01  4.7571E+42  4.4451E+42  3.4189E+35  3.1199E+41
  3.3500E+01  4.0136E+42  3.7626E+42  2.3044E+35  2.5106E+41
  3.5480E+01  3.3398E+42  3.1377E+42  1.5339E+35  2.0210E+41
  3.7580E+01  2.7373E+42  2.5748E+42  1.0064E+35  1.6253E+41
  3.9810E+01  2.2077E+42  2.0772E+42  6.5050E+34  1.3054E+41
  4.2170E+01  1.7564E+42  1.6516E+42  4.1470E+34  1.0479E+41
  4.4670E+01  1.3802E+42  1.2961E+42  2.6076E+34  8.4074E+40
  4.7320E+01  1.0729E+42  1.0055E+42  1.6206E+34  6.7400E+40
  5.0120E+01  8.2646E+41  7.7242E+41  9.9712E+33  5.4034E+40
  5.3090E+01  6.3110E+41  5.8782E+41  6.0781E+33  4.3282E+40
  5.6230E+01  4.7872E+41  4.4405E+41  3.6776E+33  3.4667E+40
  5.9570E+01  3.6059E+41  3.3286E+41  2.2083E+33  2.7728E+40
  6.3100E+01  2.7037E+41  2.4819E+41  1.3195E+33  2.2180E+40
  6.6830E+01  2.0196E+41  1.8421E+41  7.8526E+32  1.7744E+40
  7.0790E+01  1.5031E+41  1.3612E+41  4.6552E+32  1.4183E+40
  7.4990E+01  1.1152E+41  1.0019E+41  2.7511E+32  1.1329E+40
  7.9430E+01  8.2585E+40  7.3535E+40  1.6232E+32  9.0505E+39
  8.4140E+01  6.1046E+40  5.3820E+40  9.5579E+31  7.2256E+39
  8.9130E+01  4.5092E+40  3.9325E+40  5.6255E+31  5.7665E+39
  9.4410E+01  3.3292E+40  2.8690E+40  3.3104E+31  4.6021E+39
  1.0000E+02  2.4570E+40  2.0898E+40  1.9477E+31  3.6722E+39
  1.0590E+02  1.8152E+40  1.5221E+40  1.1477E+31  2.9317E+39
  1.1220E+02  1.3411E+40  1.1076E+40  6.7619E+30  2.3358E+39
  1.1890E+02  9.9327E+39  8.0737E+39  3.9943E+30  1.8590E+39
  1.2590E+02  7.4126E+39  5.9287E+39  2.3780E+30  1.4838E+39
  1.3340E+02  5.5515E+39  4.3704E+39  1.4226E+30  1.1811E+39
  1.4130E+02  4.1383E+39  3.1971E+39  8.5078E+29  9.4117E+38
  1.4960E+02  3.0397E+39  2.2885E+39  5.0185E+29  7.5121E+38
  1.5850E+02  2.2237E+39  1.6259E+39  2.9426E+29  5.9781E+38
  1.7780E+02  1.2098E+39  8.3034E+38  1.0272E+29  3.7942E+38
  1.9950E+02  6.6647E+38  4.2603E+38  3.6345E+28  2.4043E+38
  2.2390E+02  3.7072E+38  2.1856E+38  1.3004E+28  1.5216E+38
  2.5120E+02  2.0852E+38  1.1215E+38  4.7084E+27  9.6376E+37
  2.8180E+02  1.1852E+38  5.7476E+37  1.7235E+27  6.1043E+37
  3.1620E+02  6.8006E+37  2.9388E+37  6.3675E+26  3.8617E+37
  3.5480E+02  3.9428E+37  1.5007E+37  2.3747E+26  2.4421E+37
  3.9810E+02  2.3094E+37  7.6523E+36  8.9396E+25  1.5442E+37
  4.4670E+02  1.3657E+37  3.8967E+36  3.3929E+25  9.7603E+36
  5.0120E+02  8.1519E+36  1.9824E+36  1.2977E+25  6.1695E+36
  5.6230E+02  4.9082E+36  1.0078E+36  4.9966E+24  3.9003E+36
  6.3100E+02  2.9743E+36  5.1137E+35  1.9335E+24  2.4629E+36
  7.0790E+02  1.8163E+36  2.5950E+35  7.5270E+23  1.5568E+36
  7.9430E+02  1.1147E+36  1.3147E+35  2.9403E+23  9.8325E+35
  8.9130E+02  6.8730E+35  6.6530E+34  1.1523E+23  6.2077E+35
  1.0000E+03  4.2579E+35  3.3658E+34  4.5322E+22  3.9214E+35
