  1.0000E-03  4.9460E+42  0.0000E+00  2.6417E+42  2.3043E+42
  1.1220E-03  3.3089E+42  0.0000E+00  2.7344E+42  5.7442E+41
  1.2590E-03  2.8016E+42  0.0000E+00  2.6716E+42  1.2998E+41
  1.4130E-03  2.5040E+42  0.0000E+00  2.4767E+42  2.7355E+40
  1.5850E-03  2.2552E+42  0.0000E+00  2.2479E+42  7.3528E+39
  1.7780E-03  2.3831E+42  0.0000E+00  2.3781E+42  4.9549E+39
  1.9950E-03  1.9913E+42  0.0000E+00  1.9909E+42  3.4125E+38
  2.2390E-03  1.5414E+42  0.0000E+00  1.5414E+42  4.4797E+37
  2.5120E-03  1.5976E+42  0.0000E+00  1.5976E+42  1.9128E+37
  2.8180E-03  1.1868E+42  0.0000E+00  1.1868E+42  4.0454E+35
  3.1620E-03  8.7095E+41  0.0000E+00  8.7095E+41  1.2833E+34
  3.5480E-03  6.4062E+41  0.0000E+00  6.4062E+41  5.0152E+32
  3.9810E-03  4.8194E+41  0.0000E+00  4.8194E+41  2.6718E+31
  4.4670E-03  8.2473E+42  0.0000E+00  8.2473E+42  6.4645E+36
  5.0120E-03  5.3852E+42  0.0000E+00  5.3852E+42  9.8056E+34
  5.6230E-03  3.3678E+42  0.0000E+00  3.3678E+42  1.5388E+33
  5.9570E-03  2.6611E+42  0.0000E+00  2.6611E+42  2.1148E+32
  6.6830E-03  1.7306E+42  0.0000E+00  1.7306E+42  6.1515E+30
  7.4990E-03  1.1961E+42  0.0000E+00  1.1961E+42  3.7761E+29
  8.4140E-03  8.1101E+41  0.0000E+00  8.1101E+41  1.3696E+28
  9.4410E-03  5.7333E+41  0.0000E+00  5.7333E+41  9.6256E+26
  1.0590E-02  4.3040E+41  0.0000E+00  4.3040E+41  2.8856E+26
  1.1890E-02  3.1984E+41  0.0000E+00  3.1984E+41  1.4361E+25
  1.3340E-02  2.3482E+41  0.0000E+00  2.3482E+41  1.5244E+24
  1.4960E-02  1.6867E+41  0.0000E+00  1.6867E+41  8.8008E+22
  1.6790E-02  1.2180E+41  0.0000E+00  1.2180E+41  6.5961E+21
  1.8840E-02  8.9087E+40  0.0000E+00  8.9087E+40  6.9151E+20
  2.1130E-02  6.5837E+40  0.0000E+00  6.5837E+40  5.4032E+19
  2.3710E-02  4.8093E+40  0.0000E+00  4.8093E+40  3.7967E+18
  2.6610E-02  3.4504E+40  0.0000E+00  3.4504E+40  2.0811E+17
  2.9850E-02  2.4807E+40  0.0000E+00  2.4807E+40  1.1905E+16
  3.3500E-02  1.7909E+40  0.0000E+00  1.7909E+40  6.4754E+14
  3.7580E-02  1.7930E+40  5.0771E-80  1.7930E+40  3.2668E+14
  4.2170E-02  1.5714E+40  2.2025E-69  1.5714E+40  1.7130E+13
  4.7320E-02  8.3944E+39  2.6605E-61  8.3944E+39  1.4257E+10
  5.3090E-02  4.5947E+39  7.7001E-55  4.5947E+39  2.6982E+06
  6.6830E-02  8.3972E+38  2.7507E-50  8.3972E+38  4.7106E-09
  7.4990E-02  3.1703E+38  9.8414E-51  3.1703E+38  1.7058E-18
  8.4140E-02  3.6060E+38  2.7879E-43  3.6060E+38  3.7356E-16
  9.4410E-02  4.1292E+38  5.3818E-37  4.1292E+38  1.5797E-14
  1.0590E-01  7.7935E+38  1.1793E-27  7.7935E+38  5.8265E-08
  1.1890E-01  1.4399E+39  2.8968E-18  1.4399E+39  1.5284E+00
  1.3340E-01  3.5789E+39  5.5328E-11  3.5789E+39  3.5028E+05
  1.4960E-01  1.0040E+40  2.4399E-05  1.0040E+40  9.5577E+08
  1.5850E-01  1.1614E+40  2.1841E-03  1.1614E+40  3.8333E+09
  1.7780E-01  4.6873E+39  2.0280E-01  4.6873E+39  2.6773E+08
  1.9950E-01  6.2037E+38  1.5202E-03  6.2037E+38  1.1292E+02
  2.2390E-01  3.9105E+38  3.4002E-04  3.9105E+38  1.4166E-02
  2.3710E-01  7.3017E+38  6.5177E+00  7.3017E+38  5.7963E+02
  2.5120E-01  1.3992E+39  1.5134E+05  1.3992E+39  3.7446E+07
  2.6610E-01  2.3380E+39  2.3224E+08  2.3380E+39  6.6337E+10
  2.8180E-01  3.5481E+39  6.9716E+10  3.5481E+39  1.4416E+13
  2.9850E-01  5.1000E+39  8.1383E+12  5.1000E+39  9.9173E+14
  3.1620E-01  7.2793E+39  6.1614E+14  7.2793E+39  4.3710E+16
  3.3500E-01  1.0209E+40  3.3704E+16  1.0209E+40  1.3977E+18
  3.5480E-01  1.3805E+40  1.2840E+18  1.3805E+40  3.0881E+19
  3.7580E-01  1.8360E+40  4.3835E+19  1.8360E+40  6.4649E+20
  3.9810E-01  2.4002E+40  1.1196E+21  2.4002E+40  1.0288E+22
  4.2170E-01  3.1801E+40  3.1090E+22  3.1801E+40  2.0202E+23
  4.4670E-01  4.2046E+40  7.3488E+23  4.2046E+40  3.5399E+24
  4.7320E-01  5.4954E+40  1.5502E+25  5.4954E+40  5.7614E+25
  5.0120E-01  7.0640E+40  2.8562E+26  7.0640E+40  8.4451E+26
  5.3090E-01  8.9908E+40  5.0667E+27  8.9908E+40  1.2531E+28
  5.6230E-01  1.1221E+41  7.1487E+28  1.1221E+41  1.4808E+29
  5.9570E-01  1.3796E+41  8.6578E+29  1.3796E+41  1.5227E+30
  6.3100E-01  1.6837E+41  9.5821E+30  1.6837E+41  1.4787E+31
  6.6830E-01  2.0334E+41  9.6792E+31  2.0334E+41  1.3497E+32
  7.0790E-01  2.4495E+41  8.7604E+32  2.4495E+41  1.1277E+33
  7.4990E-01  2.9258E+41  6.7638E+33  2.9258E+41  8.0917E+33
  7.9430E-01  3.4857E+41  4.7105E+34  3.4857E+41  5.3462E+34
  8.4140E-01  4.1289E+41  3.0076E+35  4.1289E+41  3.2979E+35
  8.9130E-01  4.8945E+41  1.8592E+36  4.8945E+41  2.0274E+36
  9.4410E-01  5.7263E+41  1.0374E+37  5.7261E+41  1.1351E+37
  1.0000E+00  6.5629E+41  5.0055E+37  6.5618E+41  5.4746E+37
  1.0590E+00  7.4051E+41  2.1215E+38  7.4007E+41  2.3200E+38
  1.1220E+00  8.2416E+41  8.1295E+38  8.2246E+41  8.8897E+38
  1.1890E+00  9.0454E+41  2.8551E+39  8.9856E+41  3.1292E+39
  1.2590E+00  9.8295E+41  9.3393E+39  9.6324E+41  1.0373E+40
  1.3340E+00  1.0669E+42  2.7565E+40  1.0084E+42  3.0921E+40
  1.4130E+00  1.1823E+42  7.1735E+40  1.0294E+42  8.1094E+40
  1.4960E+00  1.3867E+42  1.6821E+41  1.0268E+42  1.9171E+41
  1.5850E+00  1.7820E+42  3.6360E+41  1.0011E+42  4.1731E+41
  1.6790E+00  2.5342E+42  7.3081E+41  9.5366E+41  8.4972E+41
  1.7780E+00  3.8785E+42  1.3685E+42  8.8586E+41  1.6242E+42
  1.8840E+00  6.0979E+42  2.3910E+42  8.0123E+41  2.9057E+42
  1.9950E+00  9.4685E+42  3.8913E+42  7.0573E+41  4.8714E+42
  2.1130E+00  1.4161E+43  5.9087E+42  6.0541E+41  7.6467E+42
  2.2390E+00  2.0160E+43  8.3852E+42  5.0625E+41  1.1268E+43
  2.3710E+00  2.7241E+43  1.1163E+43  4.1381E+41  1.5664E+43
  2.5120E+00  3.4965E+43  1.4023E+43  3.3137E+41  2.0610E+43
  2.6610E+00  4.2838E+43  1.6715E+43  2.6074E+41  2.5862E+43
  2.8180E+00  5.0391E+43  1.9025E+43  2.0207E+41  3.1164E+43
  2.9850E+00  5.7174E+43  2.0802E+43  1.5459E+41  3.6218E+43
  3.1620E+00  6.2939E+43  2.1972E+43  1.1700E+41  4.0851E+43
  3.3500E+00  6.7364E+43  2.2540E+43  8.7792E+40  4.4737E+43
  3.5480E+00  7.0679E+43  2.2575E+43  6.5453E+40  4.8039E+43
  3.7580E+00  7.2781E+43  2.2163E+43  4.8514E+40  5.0570E+43
  3.9810E+00  7.3764E+43  2.1394E+43  3.5791E+40  5.2334E+43
  4.2170E+00  7.3796E+43  2.0380E+43  2.6315E+40  5.3390E+43
  4.4670E+00  7.3034E+43  1.9213E+43  1.9293E+40  5.3802E+43
  4.7320E+00  7.1551E+43  1.7957E+43  1.4101E+40  5.3580E+43
  5.0120E+00  6.9620E+43  1.6676E+43  1.0302E+40  5.2933E+43
  5.3090E+00  6.5536E+43  1.5395E+43  7.3225E+39  5.0133E+43
  5.6230E+00  6.0869E+43  1.4156E+43  5.1584E+39  4.6708E+43
  5.9570E+00  5.5802E+43  1.2982E+43  3.6014E+39  4.2816E+43
  6.3100E+00  5.0674E+43  1.1842E+43  2.4927E+39  3.8829E+43
  6.6830E+00  4.5699E+43  1.0928E+43  1.7146E+39  3.4770E+43
  7.0790E+00  4.0904E+43  1.0043E+43  1.1653E+39  3.0860E+43
  7.4990E+00  3.5140E+43  9.0479E+42  7.7423E+38  2.6092E+43
  7.9430E+00  2.5359E+43  7.4107E+42  4.9840E+38  1.7947E+43
  8.4140E+00  1.4880E+43  5.3987E+42  3.3108E+38  9.4812E+42
  8.9130E+00  8.8885E+42  3.9653E+42  2.3783E+38  4.9229E+42
  9.4410E+00  5.5572E+42  2.9734E+42  1.9269E+38  2.5835E+42
  1.0000E+01  5.8976E+42  3.2026E+42  1.4947E+38  2.6949E+42
  1.0590E+01  6.6677E+42  3.5759E+42  1.1327E+38  3.0917E+42
  1.1220E+01  7.6581E+42  4.0033E+42  7.9897E+37  3.6547E+42
  1.1890E+01  8.0956E+42  4.1821E+42  5.5445E+37  3.9135E+42
  1.2590E+01  8.2812E+42  4.2843E+42  3.7617E+37  3.9968E+42
  1.3340E+01  8.1205E+42  4.2743E+42  2.4966E+37  3.8462E+42
  1.4130E+01  7.6151E+42  4.1854E+42  1.6253E+37  3.4297E+42
  1.4960E+01  6.7476E+42  4.0389E+42  1.0944E+37  2.7087E+42
  1.5850E+01  5.9737E+42  3.9191E+42  7.7704E+36  2.0546E+42
  1.6790E+01  5.3837E+42  3.8428E+42  5.8218E+36  1.5409E+42
  1.7780E+01  5.0182E+42  3.8319E+42  4.5573E+36  1.1863E+42
  1.8840E+01  4.8652E+42  3.8983E+42  3.6093E+36  9.6695E+41
  1.9950E+01  4.8571E+42  4.0181E+42  2.7908E+36  8.3900E+41
  2.1130E+01  4.8812E+42  4.1498E+42  2.1030E+36  7.3140E+41
  2.2390E+01  4.9037E+42  4.2763E+42  1.5883E+36  6.2741E+41
  2.3710E+01  4.9241E+42  4.3901E+42  1.2002E+36  5.3407E+41
  2.5120E+01  4.9211E+42  4.4711E+42  9.0882E+35  4.4992E+41
  2.6610E+01  4.8855E+42  4.5083E+42  6.8481E+35  3.7715E+41
  2.8180E+01  4.8012E+42  4.4864E+42  5.1436E+35  3.1479E+41
  2.9850E+01  4.6548E+42  4.3934E+42  3.8336E+35  2.6146E+41
  3.1620E+01  4.4415E+42  4.2250E+42  2.8217E+35  2.1657E+41
  3.3500E+01  4.1618E+42  3.9830E+42  2.0475E+35  1.7888E+41
  3.5480E+01  3.8264E+42  3.6788E+42  1.4634E+35  1.4759E+41
  3.7580E+01  3.4508E+42  3.3292E+42  1.0288E+35  1.2159E+41
  3.9810E+01  3.0516E+42  2.9515E+42  7.1121E+34  1.0008E+41
  4.2170E+01  2.6503E+42  2.5680E+42  4.8362E+34  8.2283E+40
  4.4670E+01  2.2635E+42  2.1960E+42  3.2348E+34  6.7549E+40
  4.7320E+01  1.9040E+42  1.8487E+42  2.1325E+34  5.5340E+40
  5.0120E+01  1.5797E+42  1.5344E+42  1.3874E+34  4.5273E+40
  5.3090E+01  1.2934E+42  1.2565E+42  8.9156E+33  3.6951E+40
  5.6230E+01  1.0472E+42  1.0171E+42  5.6685E+33  3.0107E+40
  5.9570E+01  8.3855E+41  8.1409E+41  3.5665E+33  2.4459E+40
  6.3100E+01  6.6547E+41  6.4562E+41  2.2256E+33  1.9842E+40
  6.6830E+01  5.2390E+41  5.0783E+41  1.3788E+33  1.6075E+40
  7.0790E+01  4.0937E+41  3.9638E+41  8.4842E+32  1.2994E+40
  7.4990E+01  3.1766E+41  3.0718E+41  5.1886E+32  1.0484E+40
  7.9430E+01  2.4510E+41  2.3665E+41  3.1580E+32  8.4496E+39
  8.4140E+01  1.8808E+41  1.8128E+41  1.9126E+32  6.7990E+39
  8.9130E+01  1.4371E+41  1.3825E+41  1.1545E+32  5.4637E+39
  9.4410E+01  1.0938E+41  1.0500E+41  6.9466E+31  4.3872E+39
  1.0000E+02  8.2937E+40  7.9417E+40  4.1670E+31  3.5197E+39
  1.0590E+02  6.2742E+40  5.9919E+40  2.4963E+31  2.8233E+39
  1.1220E+02  4.7340E+40  4.5081E+40  1.4918E+31  2.2588E+39
  1.1890E+02  3.5718E+40  3.3914E+40  8.9204E+30  1.8042E+39
  1.2590E+02  2.7089E+40  2.5644E+40  5.3654E+30  1.4446E+39
  1.3340E+02  2.0593E+40  1.9440E+40  3.2401E+30  1.1529E+39
  1.4130E+02  1.5511E+40  1.4590E+40  1.9478E+30  9.2097E+38
  1.4960E+02  1.1422E+40  1.0686E+40  1.1460E+30  7.3695E+38
  1.5850E+02  8.3474E+39  7.7596E+39  6.6808E+29  5.8780E+38
  1.7780E+02  4.4996E+39  4.1252E+39  2.2927E+29  3.7444E+38
  1.9950E+02  2.4312E+39  2.1933E+39  7.9127E+28  2.3794E+38
  2.2390E+02  1.3119E+39  1.1610E+39  2.7391E+28  1.5091E+38
  2.5120E+02  7.0807E+38  6.1232E+38  9.5240E+27  9.5748E+37
  2.8180E+02  3.8220E+38  3.2147E+38  3.3268E+27  6.0728E+37
  3.1620E+02  2.0635E+38  1.6790E+38  1.1674E+27  3.8459E+37
  3.5480E+02  1.1169E+38  8.7347E+37  4.1229E+26  2.4341E+37
  3.9810E+02  6.0680E+37  4.5278E+37  1.4677E+26  1.5402E+37
  4.4670E+02  3.3132E+37  2.3392E+37  5.2686E+25  9.7401E+36
  5.0120E+02  1.8212E+37  1.2053E+37  1.9091E+25  6.1593E+36
  5.6230E+02  1.0092E+37  6.1967E+36  6.9844E+24  3.8952E+36
  6.3100E+02  5.6359E+36  3.1755E+36  2.5777E+24  2.4604E+36
  7.0790E+02  3.1811E+36  1.6256E+36  9.6123E+23  1.5555E+36
  7.9430E+02  1.8126E+36  8.2996E+35  3.6134E+23  9.8260E+35
  8.9130E+02  1.0433E+36  4.2288E+35  1.3691E+23  6.2044E+35
  1.0000E+03  6.0721E+35  2.1524E+35  5.2302E+22  3.9197E+35
