  1.0000E-03  8.7790E+44  0.0000E+00  1.2818E+42  8.7662E+44
  1.1220E-03  9.8521E+44  0.0000E+00  1.6343E+42  9.8357E+44
  1.2590E-03  1.1057E+45  0.0000E+00  1.9768E+42  1.1037E+45
  1.4130E-03  1.2410E+45  0.0000E+00  2.2852E+42  1.2387E+45
  1.5850E-03  1.3920E+45  0.0000E+00  2.5502E+42  1.3894E+45
  1.7780E-03  1.5617E+45  0.0000E+00  3.0828E+42  1.5586E+45
  1.9950E-03  1.7524E+45  0.0000E+00  3.6049E+42  1.7488E+45
  2.2390E-03  1.9665E+45  0.0000E+00  3.7590E+42  1.9627E+45
  2.5120E-03  2.2067E+45  0.0000E+00  4.6931E+42  2.2020E+45
  2.8180E-03  2.4755E+45  0.0000E+00  5.3061E+42  2.4702E+45
  3.1620E-03  2.7775E+45  0.0000E+00  5.6870E+42  2.7718E+45
  3.5480E-03  3.1162E+45  0.0000E+00  5.9347E+42  3.1103E+45
  3.9810E-03  3.4959E+45  0.0000E+00  6.0771E+42  3.4898E+45
  4.4670E-03  3.9304E+45  0.0000E+00  1.4549E+43  3.9158E+45
  5.0120E-03  4.4100E+45  0.0000E+00  1.6456E+43  4.3936E+45
  5.6230E-03  4.9470E+45  0.0000E+00  1.7788E+43  4.9292E+45
  5.9570E-03  5.2403E+45  0.0000E+00  1.8290E+43  5.2220E+45
  6.6830E-03  5.8777E+45  0.0000E+00  1.9133E+43  5.8585E+45
  7.4990E-03  6.5937E+45  0.0000E+00  1.9931E+43  6.5738E+45
  8.4140E-03  7.3966E+45  0.0000E+00  2.0784E+43  7.3758E+45
  9.4410E-03  8.2975E+45  0.0000E+00  2.1437E+43  8.2761E+45
  1.0590E-02  9.3048E+45  0.0000E+00  2.1520E+43  9.2833E+45
  1.1890E-02  1.0446E+46  0.0000E+00  2.3179E+43  1.0423E+46
  1.3340E-02  1.1718E+46  0.0000E+00  2.3955E+43  1.1694E+46
  1.4960E-02  1.3139E+46  0.0000E+00  2.5046E+43  1.3114E+46
  1.6790E-02  1.4744E+46  0.0000E+00  2.6028E+43  1.4718E+46
  1.8840E-02  1.6542E+46  0.0000E+00  2.6963E+43  1.6515E+46
  2.1130E-02  1.8552E+46  0.0000E+00  2.8345E+43  1.8524E+46
  2.3710E-02  2.0814E+46  0.0000E+00  2.9741E+43  2.0785E+46
  2.6610E-02  2.3358E+46  0.0000E+00  3.1205E+43  2.3326E+46
  2.9850E-02  2.6199E+46  4.7957E-83  3.2719E+43  2.6166E+46
  3.3500E-02  2.9401E+46  3.0627E-68  3.4272E+43  2.9367E+46
  3.7580E-02  3.2979E+46  3.8383E-55  3.6953E+43  3.2942E+46
  4.2170E-02  3.7011E+46  1.6649E-43  4.4306E+43  3.6967E+46
  4.7320E-02  4.1529E+46  4.3880E-33  4.6928E+43  4.1482E+46
  5.3090E-02  4.3259E+46  7.8642E-24  4.6584E+43  4.3212E+46
  6.6830E-02  4.1312E+46  2.7698E-08  4.3652E+43  4.1268E+46
  7.4990E-02  4.0373E+46  9.0065E-02  4.4190E+43  4.0328E+46
  8.4140E-02  3.9452E+46  4.7413E+04  4.1716E+43  3.9410E+46
  9.4410E-02  3.8553E+46  5.7115E+09  4.0329E+43  3.8513E+46
  1.0590E-01  3.5093E+46  1.6375E+14  3.7073E+43  3.5055E+46
  1.1890E-01  2.9498E+46  1.2575E+18  3.0402E+43  2.9467E+46
  1.3340E-01  2.4823E+46  2.5752E+21  2.7709E+43  2.4795E+46
  1.4960E-01  2.0903E+46  2.9353E+24  2.4314E+43  2.0878E+46
  1.5850E-01  1.9167E+46  8.6491E+25  2.1869E+43  1.9145E+46
  1.7780E-01  1.6130E+46  4.4862E+28  1.5678E+43  1.6114E+46
  1.9950E-01  1.3568E+46  1.3042E+31  9.9151E+42  1.3558E+46
  2.2390E-01  1.1412E+46  1.5867E+33  9.2418E+42  1.1403E+46
  2.3710E-01  1.0474E+46  1.0750E+34  9.5270E+42  1.0464E+46
  2.5120E-01  9.6053E+45  6.2413E+34  9.4703E+42  9.5958E+45
  2.6610E-01  8.8103E+45  3.3751E+35  9.1184E+42  8.8012E+45
  2.8180E-01  8.0847E+45  1.6713E+36  8.6300E+42  8.0761E+45
  2.9850E-01  7.4160E+45  7.5349E+36  8.1547E+42  7.4079E+45
  3.1620E-01  6.8024E+45  3.0518E+37  7.7679E+42  6.7947E+45
  3.3500E-01  6.2382E+45  1.1284E+38  7.4059E+42  6.2308E+45
  3.5480E-01  5.7235E+45  3.8193E+38  7.0442E+42  5.7165E+45
  3.7580E-01  5.2508E+45  1.1961E+39  6.6828E+42  5.2442E+45
  3.9810E-01  4.8161E+45  3.4485E+39  6.3546E+42  4.8097E+45
  4.2170E-01  4.4177E+45  9.1413E+39  6.0457E+42  4.4116E+45
  4.4670E-01  4.0524E+45  2.2453E+40  5.7704E+42  4.0466E+45
  4.7320E-01  3.7170E+45  5.1858E+40  5.4926E+42  3.7115E+45
  5.0120E-01  3.4101E+45  1.1292E+41  5.2062E+42  3.4048E+45
  5.3090E-01  3.1283E+45  2.3312E+41  4.9084E+42  3.1232E+45
  5.6230E-01  2.8702E+45  4.5537E+41  4.6218E+42  2.8651E+45
  5.9570E-01  2.6327E+45  8.4750E+41  4.3389E+42  2.6276E+45
  6.3100E-01  2.4159E+45  1.5015E+42  4.0585E+42  2.4103E+45
  6.6830E-01  2.2177E+45  2.5365E+42  3.7767E+42  2.2114E+45
  7.0790E-01  2.0360E+45  4.1005E+42  3.5080E+42  2.0284E+45
  7.4990E-01  1.8701E+45  6.3531E+42  3.2509E+42  1.8605E+45
  7.9430E-01  1.7190E+45  9.4437E+42  3.0025E+42  1.7066E+45
  8.4140E-01  1.5816E+45  1.3522E+43  2.7605E+42  1.5653E+45
  8.9130E-01  1.4569E+45  1.8693E+43  2.5232E+42  1.4357E+45
  9.4410E-01  1.3442E+45  2.4962E+43  2.2923E+42  1.3170E+45
  1.0000E+00  1.2425E+45  3.2264E+43  2.0695E+42  1.2081E+45
  1.0590E+00  1.1509E+45  4.0424E+43  1.8594E+42  1.1086E+45
  1.1220E+00  1.0676E+45  4.9383E+43  1.6586E+42  1.0165E+45
  1.1890E+00  9.9218E+44  5.8884E+43  1.4651E+42  9.3183E+44
  1.2590E+00  9.2479E+44  6.8305E+43  1.2778E+42  8.5520E+44
  1.3340E+00  8.6271E+44  7.7496E+43  1.1023E+42  7.8411E+44
  1.4130E+00  8.0597E+44  8.5755E+43  9.4424E+41  7.1927E+44
  1.4960E+00  7.5388E+44  9.2819E+43  8.0186E+41  6.6026E+44
  1.5850E+00  7.0489E+44  9.8784E+43  6.7252E+41  6.0543E+44
  1.6790E+00  6.5891E+44  1.0304E+44  5.5602E+41  5.5530E+44
  1.7780E+00  6.1538E+44  1.0535E+44  4.5215E+41  5.0957E+44
  1.8840E+00  5.7353E+44  1.0598E+44  3.6102E+41  4.6719E+44
  1.9950E+00  5.3386E+44  1.0483E+44  2.8338E+41  4.2875E+44
  2.1130E+00  4.9573E+44  1.0218E+44  2.1873E+41  3.9333E+44
  2.2390E+00  4.5892E+44  9.8143E+43  1.6623E+41  3.6061E+44
  2.3710E+00  4.2403E+44  9.2992E+43  1.2477E+41  3.3092E+44
  2.5120E+00  3.9065E+44  8.7114E+43  9.2655E+40  3.0344E+44
  2.6610E+00  3.5908E+44  8.0693E+43  6.8242E+40  2.7832E+44
  2.8180E+00  3.2936E+44  7.3930E+43  4.9924E+40  2.5538E+44
  2.9850E+00  3.0143E+44  6.7130E+43  3.6325E+40  2.3426E+44
  3.1620E+00  2.7531E+44  6.0414E+43  2.6318E+40  2.1487E+44
  3.3500E+00  2.5121E+44  5.4158E+43  1.9022E+40  1.9704E+44
  3.5480E+00  2.2898E+44  4.8189E+43  1.3720E+40  1.8078E+44
  3.7580E+00  2.0856E+44  4.2717E+43  9.8794E+39  1.6583E+44
  3.9810E+00  1.8984E+44  3.7736E+43  7.1052E+39  1.5210E+44
  4.2170E+00  1.7276E+44  3.3248E+43  5.1073E+39  1.3951E+44
  4.4670E+00  1.5721E+44  2.9240E+43  3.6692E+39  1.2796E+44
  4.7320E+00  1.4307E+44  2.5701E+43  2.6338E+39  1.1737E+44
  5.0120E+00  1.3052E+44  2.2603E+43  1.8939E+39  1.0791E+44
  5.3090E+00  1.1590E+44  1.9879E+43  1.3251E+39  9.6024E+43
  5.6230E+00  1.0232E+44  1.7517E+43  9.2029E+38  8.4805E+43
  5.9570E+00  8.9805E+43  1.5488E+43  6.3447E+38  7.4316E+43
  6.3100E+00  7.8342E+43  1.3632E+43  4.3392E+38  6.4710E+43
  6.6830E+00  6.8215E+43  1.2201E+43  2.9523E+38  5.6014E+43
  7.0790E+00  5.9059E+43  1.0869E+43  1.9854E+38  4.8190E+43
  7.4990E+00  5.1321E+43  1.0091E+43  1.3263E+38  4.1229E+43
  7.9430E+00  4.6385E+43  1.1276E+43  9.2596E+37  3.5109E+43
  8.4140E+00  4.4317E+43  1.4564E+43  7.2758E+37  2.9752E+43
  8.9130E+00  4.2604E+43  1.7500E+43  6.1208E+37  2.5104E+43
  9.4410E+00  4.0935E+43  1.9834E+43  5.6928E+37  2.1101E+43
  1.0000E+01  3.4592E+43  1.6922E+43  4.1209E+37  1.7671E+43
  1.0590E+01  2.8388E+43  1.3630E+43  2.8114E+37  1.4758E+43
  1.1220E+01  2.2756E+43  1.0489E+43  1.7480E+37  1.2267E+43
  1.1890E+01  1.8360E+43  8.2007E+42  1.0969E+37  1.0159E+43
  1.2590E+01  1.4897E+43  6.4853E+42  6.7792E+36  8.4119E+42
  1.3340E+01  1.2176E+43  5.2445E+42  4.1594E+36  6.9319E+42
  1.4130E+01  1.0219E+43  4.5140E+42  2.5709E+36  5.7050E+42
  1.4960E+01  9.0954E+42  4.4035E+42  1.7254E+36  4.6919E+42
  1.5850E+01  8.2827E+42  4.4413E+42  1.2314E+36  3.8414E+42
  1.6790E+01  7.6433E+42  4.5024E+42  9.2377E+35  3.1409E+42
  1.7780E+01  7.0226E+42  4.4563E+42  7.1013E+35  2.5663E+42
  1.8840E+01  6.3012E+42  4.2124E+42  5.3469E+35  2.0888E+42
  1.9950E+01  5.5117E+42  3.8104E+42  3.8137E+35  1.7013E+42
  2.1130E+01  4.8116E+42  3.4289E+42  2.6282E+35  1.3827E+42
  2.2390E+01  4.2339E+42  3.1136E+42  1.8153E+35  1.1203E+42
  2.3710E+01  3.7522E+42  2.8436E+42  1.2556E+35  9.0864E+41
  2.5120E+01  3.3320E+42  2.5972E+42  8.7129E+34  7.3479E+41
  2.6610E+01  2.9573E+42  2.3635E+42  6.0273E+34  5.9383E+41
  2.8180E+01  2.6179E+42  2.1380E+42  4.1713E+34  4.7994E+41
  2.9850E+01  2.3013E+42  1.9141E+42  2.8754E+34  3.8717E+41
  3.1620E+01  2.0034E+42  1.6914E+42  1.9656E+34  3.1199E+41
  3.3500E+01  1.7234E+42  1.4723E+42  1.3309E+34  2.5106E+41
  3.5480E+01  1.4645E+42  1.2624E+42  8.9260E+33  2.0210E+41
  3.7580E+01  1.2273E+42  1.0647E+42  5.9149E+33  1.6253E+41
  3.9810E+01  1.0129E+42  8.8234E+41  3.8696E+33  1.3054E+41
  4.2170E+01  8.2488E+41  7.2009E+41  2.5008E+33  1.0479E+41
  4.4670E+01  6.6357E+41  5.7950E+41  1.5963E+33  8.4074E+40
  4.7320E+01  5.2802E+41  4.6062E+41  1.0082E+33  6.7400E+40
  5.0120E+01  4.1624E+41  3.6221E+41  6.3105E+32  5.4034E+40
  5.3090E+01  3.2518E+41  2.8190E+41  3.9166E+32  4.3282E+40
  5.6230E+01  2.5224E+41  2.1758E+41  2.4147E+32  3.4667E+40
  5.9570E+01  1.9422E+41  1.6649E+41  1.4785E+32  2.7728E+40
  6.3100E+01  1.4879E+41  1.2661E+41  9.0133E+31  2.2180E+40
  6.6830E+01  1.1349E+41  9.5743E+40  5.4754E+31  1.7744E+40
  7.0790E+01  8.6205E+40  7.2022E+40  3.3149E+31  1.4183E+40
  7.4990E+01  6.5244E+40  5.3915E+40  2.0015E+31  1.1329E+40
  7.9430E+01  4.9264E+40  4.0213E+40  1.2070E+31  9.0505E+39
  8.4140E+01  3.7110E+40  2.9884E+40  7.2664E+30  7.2256E+39
  8.9130E+01  2.7920E+40  2.2153E+40  4.3736E+30  5.7665E+39
  9.4410E+01  2.0985E+40  1.6383E+40  2.6324E+30  4.6021E+39
  1.0000E+02  1.5760E+40  1.2088E+40  1.5846E+30  3.6722E+39
  1.0590E+02  1.1842E+40  8.9107E+39  9.5533E+29  2.9317E+39
  1.1220E+02  8.8942E+39  6.5585E+39  5.7575E+29  2.3358E+39
  1.1890E+02  6.6911E+39  4.8321E+39  3.4766E+29  1.8590E+39
  1.2590E+02  5.0665E+39  3.5827E+39  2.1132E+29  1.4838E+39
  1.3340E+02  3.8455E+39  2.6644E+39  1.2887E+29  1.1811E+39
  1.4130E+02  2.9070E+39  1.9658E+39  7.8710E+28  9.4117E+38
  1.4960E+02  2.1710E+39  1.4198E+39  4.7661E+28  7.5121E+38
  1.5850E+02  1.6152E+39  1.0174E+39  2.8710E+28  5.9781E+38
  1.7780E+02  9.0691E+38  5.2749E+38  1.0543E+28  3.7942E+38
  1.9950E+02  5.1462E+38  2.7418E+38  3.9118E+27  2.4043E+38
  2.2390E+02  2.9443E+38  1.4227E+38  1.4637E+27  1.5216E+38
  2.5120E+02  1.7011E+38  7.3736E+37  5.5275E+26  9.6376E+37
  2.8180E+02  9.9167E+37  3.8124E+37  2.1036E+26  6.1043E+37
  3.1620E+02  5.8263E+37  1.9645E+37  8.0520E+25  3.8617E+37
  3.5480E+02  3.4522E+37  1.0100E+37  3.0997E+25  2.4421E+37
  3.9810E+02  2.0624E+37  5.1817E+36  1.2001E+25  1.5442E+37
  4.4670E+02  1.2413E+37  2.6527E+36  4.6671E+24  9.7603E+36
  5.0120E+02  7.5253E+36  1.3558E+36  1.8229E+24  6.1695E+36
  5.6230E+02  4.5925E+36  6.9214E+35  7.1452E+23  3.9003E+36
  6.3100E+02  2.8154E+36  3.5247E+35  2.8067E+23  2.4629E+36
  7.0790E+02  1.7362E+36  1.7943E+35  1.1064E+23  1.5568E+36
  7.9430E+02  1.0744E+36  9.1163E+34  4.3672E+22  9.8325E+35
  8.9130E+02  6.6702E+35  4.6247E+34  1.7262E+22  6.2077E+35
  1.0000E+03  4.1558E+35  2.3448E+34  6.8372E+21  3.9214E+35
