  1.0000E-03  8.1184E+44  1.6648E+06  1.2249E+42  8.1061E+44
  1.1220E-03  8.9312E+44  1.6505E+06  1.6018E+42  8.9151E+44
  1.2590E-03  9.8110E+44  1.5790E+06  1.9983E+42  9.7910E+44
  1.4130E-03  1.0765E+45  1.4525E+06  2.3964E+42  1.0741E+45
  1.5850E-03  1.1836E+45  1.3906E+06  2.7944E+42  1.1808E+45
  1.7780E-03  1.3159E+45  1.3868E+06  3.5525E+42  1.3123E+45
  1.9950E-03  1.4218E+45  1.3565E+06  4.3915E+42  1.4174E+45
  2.2390E-03  1.5479E+45  1.2385E+06  4.8742E+42  1.5430E+45
  2.5120E-03  1.7098E+45  1.1956E+06  6.5030E+42  1.7033E+45
  2.8180E-03  1.8187E+45  1.0953E+06  7.8548E+42  1.8109E+45
  3.1620E-03  1.9447E+45  1.0457E+06  8.9649E+42  1.9358E+45
  3.5480E-03  2.0852E+45  9.5779E+05  9.9201E+42  2.0752E+45
  3.9810E-03  2.2449E+45  8.9259E+05  1.0704E+43  2.2342E+45
  4.4670E-03  3.0385E+45  1.1120E+06  1.4374E+43  3.0241E+45
  5.0120E-03  3.2114E+45  1.0498E+06  1.8542E+43  3.1929E+45
  5.6230E-03  3.3940E+45  9.2736E+05  2.2687E+43  3.3713E+45
  5.9570E-03  3.4938E+45  9.2920E+05  2.4693E+43  3.4691E+45
  6.6830E-03  3.7225E+45  8.2194E+05  2.8491E+43  3.6940E+45
  7.4990E-03  4.0050E+45  7.9599E+05  3.2337E+43  3.9727E+45
  8.4140E-03  4.2822E+45  7.4151E+05  3.6309E+43  4.2459E+45
  9.4410E-03  4.6173E+45  7.2690E+05  3.9935E+43  4.5774E+45
  1.0590E-02  5.0666E+45  6.8438E+05  4.2329E+43  5.0243E+45
  1.1890E-02  5.4465E+45  6.4477E+05  4.8429E+43  5.3981E+45
  1.3340E-02  5.9033E+45  6.1489E+05  5.2561E+43  5.8507E+45
  1.4960E-02  6.3477E+45  6.0691E+05  5.7683E+43  6.2900E+45
  1.6790E-02  6.8521E+45  5.5312E+05  6.2531E+43  6.7896E+45
  1.8840E-02  7.4248E+45  5.2954E+05  6.7129E+43  7.3577E+45
  2.1130E-02  8.0136E+45  4.9660E+05  7.3258E+43  7.9403E+45
  2.3710E-02  8.6396E+45  4.8674E+05  7.9289E+43  8.5603E+45
  2.6610E-02  9.2849E+45  4.6215E+05  8.5397E+43  9.1995E+45
  2.9850E-02  9.9756E+45  4.5085E+05  9.1420E+43  9.8842E+45
  3.3500E-02  1.0713E+46  4.2966E+05  9.7326E+43  1.0616E+46
  3.7580E-02  1.1887E+46  4.3179E+05  1.0587E+44  1.1782E+46
  4.2170E-02  1.2770E+46  4.0830E+05  1.2459E+44  1.2646E+46
  4.7320E-02  1.2890E+46  3.9238E+05  1.2948E+44  1.2760E+46
  5.3090E-02  1.1836E+46  3.2532E+05  1.2188E+44  1.1714E+46
  6.6830E-02  6.9487E+45  1.9571E+05  7.9292E+43  6.8694E+45
  7.4990E-02  4.9334E+45  1.4109E+05  5.5102E+43  4.8783E+45
  8.4140E-02  5.2381E+45  1.6267E+05  5.7928E+43  5.1801E+45
  9.4410E-02  5.4324E+45  1.0659E+09  6.1193E+43  5.3712E+45
  1.0590E-01  6.2286E+45  3.6264E+13  7.4131E+43  6.1544E+45
  1.1890E-01  6.7854E+45  3.3545E+17  7.9480E+43  6.7060E+45
  1.3340E-01  6.8972E+45  7.8254E+20  7.9704E+43  6.8175E+45
  1.4960E-01  6.5748E+45  9.8029E+23  7.0797E+43  6.5040E+45
  1.5850E-01  6.1618E+45  2.9446E+25  6.5332E+43  6.0964E+45
  1.7780E-01  4.9535E+45  1.4904E+28  5.4272E+43  4.8992E+45
  1.9950E-01  3.3133E+45  3.6942E+30  3.5791E+43  3.2775E+45
  2.2390E-01  2.4137E+45  4.0676E+32  2.6095E+43  2.3876E+45
  2.3710E-01  2.5875E+45  3.0942E+33  2.9048E+43  2.5585E+45
  2.5120E-01  2.7891E+45  2.0274E+34  3.1026E+43  2.7580E+45
  2.6610E-01  2.8518E+45  1.1902E+35  3.0682E+43  2.8212E+45
  2.8180E-01  2.8277E+45  6.2542E+35  2.9123E+43  2.7986E+45
  2.9850E-01  2.7563E+45  2.9552E+36  2.7269E+43  2.7290E+45
  3.1620E-01  2.6692E+45  1.2487E+37  2.5492E+43  2.6437E+45
  3.3500E-01  2.5722E+45  4.8015E+37  2.3732E+43  2.5485E+45
  3.5480E-01  2.4667E+45  1.6837E+38  2.1982E+43  2.4447E+45
  3.7580E-01  2.3624E+45  5.4605E+38  2.0265E+43  2.3422E+45
  3.9810E-01  2.2539E+45  1.6256E+39  1.8683E+43  2.2352E+45
  4.2170E-01  2.1559E+45  4.4605E+39  1.7162E+43  2.1388E+45
  4.4670E-01  2.0594E+45  1.1330E+40  1.5779E+43  2.0436E+45
  4.7320E-01  1.9648E+45  2.7045E+40  1.4452E+43  1.9503E+45
  5.0120E-01  1.8722E+45  6.0817E+40  1.3178E+43  1.8589E+45
  5.3090E-01  1.7837E+45  1.2972E+41  1.1949E+43  1.7716E+45
  5.6230E-01  1.6945E+45  2.6127E+41  1.0828E+43  1.6834E+45
  5.9570E-01  1.6064E+45  5.0087E+41  9.7851E+42  1.5961E+45
  6.3100E-01  1.5223E+45  9.1412E+41  8.8075E+42  1.5126E+45
  6.6830E-01  1.4418E+45  1.5908E+42  7.8885E+42  1.4323E+45
  7.0790E-01  1.3642E+45  2.6493E+42  7.0451E+42  1.3545E+45
  7.4990E-01  1.2889E+45  4.2263E+42  6.2746E+42  1.2784E+45
  7.9430E-01  1.2175E+45  6.4713E+42  5.5608E+42  1.2054E+45
  8.4140E-01  1.1500E+45  9.5526E+42  4.9011E+42  1.1356E+45
  8.9130E-01  1.0877E+45  1.3640E+43  4.2837E+42  1.0698E+45
  9.4410E-01  1.0292E+45  1.8834E+43  3.7224E+42  1.0066E+45
  1.0000E+00  9.7372E+44  2.5194E+43  3.2204E+42  9.4530E+44
  1.0590E+00  9.2193E+44  3.2712E+43  2.7763E+42  8.8644E+44
  1.1220E+00  8.7348E+44  4.1507E+43  2.3781E+42  8.2960E+44
  1.1890E+00  8.2886E+44  5.1545E+43  2.0200E+42  7.7529E+44
  1.2590E+00  7.8899E+44  6.2448E+43  1.6974E+42  7.2484E+44
  1.3340E+00  7.5168E+44  7.4249E+43  1.4166E+42  6.7601E+44
  1.4130E+00  7.1714E+44  8.6336E+43  1.1810E+42  6.2963E+44
  1.4960E+00  6.8542E+44  9.8480E+43  9.8153E+41  5.8596E+44
  1.5850E+00  6.5581E+44  1.1089E+44  8.0998E+41  5.4411E+44
  1.6790E+00  6.2838E+44  1.2281E+44  6.6225E+41  5.0490E+44
  1.7780E+00  6.0261E+44  1.3375E+44  5.3518E+41  4.6832E+44
  1.8840E+00  5.7791E+44  1.4389E+44  4.2683E+41  4.3359E+44
  1.9950E+00  5.5433E+44  1.5254E+44  3.3612E+41  4.0145E+44
  2.1130E+00  5.3121E+44  1.5974E+44  2.6141E+41  3.7121E+44
  2.2390E+00  5.0813E+44  1.6521E+44  2.0094E+41  3.4272E+44
  2.3710E+00  4.8519E+44  1.6861E+44  1.5293E+41  3.1643E+44
  2.5120E+00  4.6207E+44  1.7025E+44  1.1543E+41  2.9171E+44
  2.6610E+00  4.3878E+44  1.6989E+44  8.6509E+40  2.6879E+44
  2.8180E+00  4.1515E+44  1.6745E+44  6.4397E+40  2.4763E+44
  2.9850E+00  3.9126E+44  1.6326E+44  4.7656E+40  2.2795E+44
  3.1620E+00  3.6711E+44  1.5736E+44  3.5066E+40  2.0972E+44
  3.3500E+00  3.4335E+44  1.5051E+44  2.5707E+40  1.9282E+44
  3.5480E+00  3.1944E+44  1.4211E+44  1.8742E+40  1.7732E+44
  3.7580E+00  2.9591E+44  1.3291E+44  1.3601E+40  1.6299E+44
  3.9810E+00  2.7288E+44  1.2312E+44  9.8269E+39  1.4976E+44
  4.2170E+00  2.5051E+44  1.1292E+44  7.0699E+39  1.3758E+44
  4.4670E+00  2.2894E+44  1.0257E+44  5.0646E+39  1.2637E+44
  4.7320E+00  2.0849E+44  9.2442E+43  3.6139E+39  1.1604E+44
  5.0120E+00  1.8954E+44  8.2730E+43  2.5746E+39  1.0681E+44
  5.3090E+00  1.6867E+44  7.3538E+43  1.7951E+39  9.5130E+43
  5.6230E+00  1.4915E+44  6.5062E+43  1.2426E+39  8.4082E+43
  5.9570E+00  1.3114E+44  5.7403E+43  8.5451E+38  7.3733E+43
  6.3100E+00  1.1435E+44  5.0104E+43  5.8197E+38  6.4241E+43
  6.6830E+00  9.9540E+43  4.3903E+43  3.9461E+38  5.5637E+43
  7.0790E+00  8.5940E+43  3.8052E+43  2.6402E+38  4.7888E+43
  7.4990E+00  7.6782E+43  3.5814E+43  1.8102E+38  4.0968E+43
  7.9430E+00  8.1934E+43  4.7137E+43  1.4877E+38  3.4796E+43
  8.4140E+00  1.0018E+44  7.0866E+43  1.4935E+38  2.9316E+43
  8.9130E+00  1.1331E+44  8.8726E+43  1.4804E+38  2.4588E+43
  9.4410E+00  1.2058E+44  1.0003E+44  1.5297E+38  2.0547E+43
  1.0000E+01  9.6568E+43  7.9313E+43  1.0451E+38  1.7255E+43
  1.0590E+01  7.2756E+43  5.8288E+43  6.5181E+37  1.4468E+43
  1.1220E+01  5.1879E+43  3.9800E+43  3.5947E+37  1.2079E+43
  1.1890E+01  3.7476E+43  2.7440E+43  2.0190E+37  1.0036E+43
  1.2590E+01  2.7033E+43  1.8702E+43  1.1127E+37  8.3317E+42
  1.3340E+01  1.9733E+43  1.2854E+43  6.1359E+36  6.8792E+42
  1.4130E+01  1.5248E+43  9.5804E+42  3.5240E+36  5.6673E+42
  1.4960E+01  1.3468E+43  8.8097E+42  2.3671E+36  4.6586E+42
  1.5850E+01  1.2289E+43  8.4784E+42  1.7081E+36  3.8106E+42
  1.6790E+01  1.1241E+43  8.1292E+42  1.2836E+36  3.1123E+42
  1.7780E+01  9.9596E+42  7.4185E+42  9.6374E+35  2.5411E+42
  1.8840E+01  8.2944E+42  6.2262E+42  6.8456E+35  2.0682E+42
  1.9950E+01  6.5040E+42  4.8181E+42  4.4665E+35  1.6859E+42
  2.1130E+01  5.0214E+42  3.6501E+42  2.7875E+35  1.3713E+42
  2.2390E+01  3.8943E+42  2.7825E+42  1.7416E+35  1.1119E+42
  2.3710E+01  3.0368E+42  2.1344E+42  1.0892E+35  9.0235E+41
  2.5120E+01  2.3717E+42  1.6416E+42  6.8366E+34  7.3006E+41
  2.6610E+01  1.8534E+42  1.2632E+42  4.2832E+34  5.9027E+41
  2.8180E+01  1.4513E+42  9.7407E+41  2.6948E+34  4.7725E+41
  2.9850E+01  1.1351E+42  7.4991E+41  1.6967E+34  3.8514E+41
  3.1620E+01  8.8557E+41  5.7511E+41  1.0656E+34  3.1046E+41
  3.3500E+01  6.8897E+41  4.3906E+41  6.6787E+33  2.4991E+41
  3.5480E+01  5.3544E+41  3.3420E+41  4.1840E+33  2.0124E+41
  3.7580E+01  4.1449E+41  2.5261E+41  2.6115E+33  1.6189E+41
  3.9810E+01  3.1896E+41  1.8889E+41  1.6215E+33  1.3006E+41
  4.2170E+01  2.4458E+41  1.4013E+41  1.0029E+33  1.0445E+41
  4.4670E+01  1.8701E+41  1.0319E+41  6.1747E+32  8.3821E+40
  4.7320E+01  1.4272E+41  7.5505E+40  3.7903E+32  6.7217E+40
  5.0120E+01  1.0887E+41  5.4971E+40  2.3231E+32  5.3902E+40
  5.3090E+01  8.3003E+40  3.9815E+40  1.4217E+32  4.3188E+40
  5.6230E+01  6.3339E+40  2.8739E+40  8.6998E+31  3.4600E+40
  5.9570E+01  4.8328E+40  2.0648E+40  5.3186E+31  2.7680E+40
  6.3100E+01  3.6950E+40  1.4803E+40  3.2557E+31  2.2146E+40
  6.6830E+01  2.8314E+40  1.0594E+40  1.9960E+31  1.7720E+40
  7.0790E+01  2.1733E+40  7.5672E+39  1.2250E+31  1.4166E+40
  7.4990E+01  1.6712E+40  5.3951E+39  7.5278E+30  1.1317E+40
  7.9430E+01  1.2886E+40  3.8442E+39  4.6365E+30  9.0419E+39
  8.4140E+01  9.9561E+39  2.7366E+39  2.8595E+30  7.2195E+39
  8.9130E+01  7.7104E+39  1.9481E+39  1.7670E+30  5.7622E+39
  9.4410E+01  5.9857E+39  1.3867E+39  1.0941E+30  4.5991E+39
  1.0000E+02  4.6570E+39  9.8690E+38  6.7863E+29  3.6701E+39
  1.0590E+02  3.6333E+39  7.0314E+38  4.2199E+29  2.9301E+39
  1.1220E+02  2.8355E+39  5.0083E+38  2.6228E+29  2.3347E+39
  1.1890E+02  2.2156E+39  3.5736E+38  1.6317E+29  1.8583E+39
  1.2590E+02  1.7400E+39  2.5671E+38  1.0201E+29  1.4833E+39
  1.3340E+02  1.3655E+39  1.8484E+38  6.3814E+28  1.1807E+39
  1.4130E+02  1.0735E+39  1.3261E+38  4.0128E+28  9.4089E+38
  1.4960E+02  8.4494E+38  9.3931E+37  2.5228E+28  7.5101E+38
  1.5850E+02  6.6380E+38  6.6129E+37  1.5780E+28  5.9767E+38
  1.7780E+02  4.1243E+38  3.3078E+37  6.2007E+27  3.7935E+38
  1.9950E+02  2.5702E+38  1.6617E+37  2.4423E+27  2.4040E+38
  2.2390E+02  1.6050E+38  8.3593E+36  9.6395E+26  1.5214E+38
  2.5120E+02  1.0058E+38  4.2139E+36  3.8169E+26  9.6367E+37
  2.8180E+02  6.3164E+37  2.1254E+36  1.5144E+26  6.1039E+37
  3.1620E+02  3.9686E+37  1.0712E+36  6.0101E+25  3.8615E+37
  3.5480E+02  2.4960E+37  5.4001E+35  2.3864E+25  2.4420E+37
  3.9810E+02  1.5714E+37  2.7220E+35  9.4864E+24  1.5441E+37
  4.4670E+02  9.8972E+36  1.3717E+35  3.7722E+24  9.7600E+36
  5.0120E+02  6.2385E+36  6.9130E+34  1.5010E+24  6.1693E+36
  5.6230E+02  3.9351E+36  3.4848E+34  5.9751E+23  3.9003E+36
  6.3100E+02  2.4804E+36  1.7546E+34  2.3772E+23  2.4629E+36
  7.0790E+02  1.5656E+36  8.8425E+33  9.4697E+22  1.5568E+36
  7.9430E+02  9.8769E+35  4.4518E+33  3.7699E+22  9.8324E+35
  8.9130E+02  6.2301E+35  2.2401E+33  1.5006E+22  6.2077E+35
  1.0000E+03  3.9326E+35  1.1275E+33  5.9775E+21  3.9213E+35
