  1.0000E-03  8.8575E+44  0.0000E+00  9.1270E+42  8.7662E+44
  1.1220E-03  9.9395E+44  0.0000E+00  1.0378E+43  9.8357E+44
  1.2590E-03  1.1150E+45  0.0000E+00  1.1285E+43  1.1037E+45
  1.4130E-03  1.2505E+45  0.0000E+00  1.1833E+43  1.2387E+45
  1.5850E-03  1.4017E+45  0.0000E+00  1.2303E+43  1.3894E+45
  1.7780E-03  1.5734E+45  0.0000E+00  1.4845E+43  1.5586E+45
  1.9950E-03  1.7643E+45  0.0000E+00  1.5502E+43  1.7488E+45
  2.2390E-03  1.9778E+45  0.0000E+00  1.5044E+43  1.9627E+45
  2.5120E-03  2.2209E+45  0.0000E+00  1.8940E+43  2.2020E+45
  2.8180E-03  2.4896E+45  0.0000E+00  1.9397E+43  2.4702E+45
  3.1620E-03  2.7913E+45  0.0000E+00  1.9443E+43  2.7718E+45
  3.5480E-03  3.1296E+45  0.0000E+00  1.9332E+43  3.1103E+45
  3.9810E-03  3.5090E+45  0.0000E+00  1.9144E+43  3.4898E+45
  4.4670E-03  3.9647E+45  0.0000E+00  4.8864E+43  3.9158E+45
  5.0120E-03  4.4444E+45  0.0000E+00  5.0781E+43  4.3936E+45
  5.6230E-03  4.9811E+45  0.0000E+00  5.1848E+43  4.9292E+45
  5.9570E-03  5.2743E+45  0.0000E+00  5.2224E+43  5.2220E+45
  6.6830E-03  5.9116E+45  0.0000E+00  5.3066E+43  5.8585E+45
  7.4990E-03  6.6284E+45  0.0000E+00  5.4564E+43  6.5738E+45
  8.4140E-03  7.4317E+45  0.0000E+00  5.5830E+43  7.3758E+45
  9.4410E-03  8.3331E+45  0.0000E+00  5.6952E+43  8.2761E+45
  1.0590E-02  9.3404E+45  0.0000E+00  5.7059E+43  9.2833E+45
  1.1890E-02  1.0484E+46  0.0000E+00  6.1197E+43  1.0423E+46
  1.3340E-02  1.1757E+46  0.0000E+00  6.2805E+43  1.1694E+46
  1.4960E-02  1.3179E+46  0.0000E+00  6.5121E+43  1.3114E+46
  1.6790E-02  1.4786E+46  0.0000E+00  6.7065E+43  1.4718E+46
  1.8840E-02  1.6584E+46  0.0000E+00  6.8784E+43  1.6515E+46
  2.1130E-02  1.8595E+46  0.0000E+00  7.1767E+43  1.8524E+46
  2.3710E-02  2.0859E+46  0.0000E+00  7.4466E+43  2.0785E+46
  2.6610E-02  2.3403E+46  0.0000E+00  7.7020E+43  2.3326E+46
  2.9850E-02  2.6246E+46  4.8778E-83  7.9437E+43  2.6166E+46
  3.3500E-02  2.9448E+46  3.1149E-68  8.1713E+43  2.9367E+46
  3.7580E-02  3.3031E+46  3.9115E-55  8.8154E+43  3.2942E+46
  4.2170E-02  3.7069E+46  1.6979E-43  1.0214E+44  3.6967E+46
  4.7320E-02  4.1583E+46  4.4729E-33  1.0164E+44  4.1482E+46
  5.3090E-02  4.3306E+46  8.0290E-24  9.3874E+43  4.3212E+46
  6.6830E-02  4.1341E+46  2.8793E-08  7.2616E+43  4.1268E+46
  7.4990E-02  4.0397E+46  9.4316E-02  6.8174E+43  4.0328E+46
  8.4140E-02  3.9476E+46  4.9415E+04  6.5471E+43  3.9410E+46
  9.4410E-02  3.8577E+46  5.9311E+09  6.4426E+43  3.8513E+46
  1.0590E-01  3.5120E+46  1.6891E+14  6.4281E+43  3.5055E+46
  1.1890E-01  2.9528E+46  1.3103E+18  6.0916E+43  2.9467E+46
  1.3340E-01  2.4858E+46  2.7384E+21  6.2342E+43  2.4795E+46
  1.4960E-01  2.0937E+46  3.1737E+24  5.8953E+43  2.0878E+46
  1.5850E-01  1.9200E+46  9.3743E+25  5.4513E+43  1.9145E+46
  1.7780E-01  1.6155E+46  4.7943E+28  4.0763E+43  1.6114E+46
  1.9950E-01  1.3581E+46  1.3597E+31  2.2683E+43  1.3558E+46
  2.2390E-01  1.1421E+46  1.6267E+33  1.7766E+43  1.1403E+46
  2.3710E-01  1.0484E+46  1.1016E+34  1.9738E+43  1.0464E+46
  2.5120E-01  9.6174E+45  6.4113E+34  2.1598E+43  9.5958E+45
  2.6610E-01  8.8234E+45  3.4750E+35  2.2243E+43  8.8012E+45
  2.8180E-01  8.0981E+45  1.7231E+36  2.2012E+43  8.0761E+45
  2.9850E-01  7.4294E+45  7.7764E+36  2.1473E+43  7.4079E+45
  3.1620E-01  6.8156E+45  3.1523E+37  2.0967E+43  6.7947E+45
  3.3500E-01  6.2512E+45  1.1662E+38  2.0407E+43  6.2308E+45
  3.5480E-01  5.7362E+45  3.9487E+38  1.9741E+43  5.7165E+45
  3.7580E-01  5.2632E+45  1.2363E+39  1.9019E+43  5.2442E+45
  3.9810E-01  4.8281E+45  3.5639E+39  1.8332E+43  4.8097E+45
  4.2170E-01  4.4293E+45  9.4415E+39  1.7688E+43  4.4116E+45
  4.4670E-01  4.0638E+45  2.3179E+40  1.7123E+43  4.0466E+45
  4.7320E-01  3.7281E+45  5.3500E+40  1.6541E+43  3.7115E+45
  5.0120E-01  3.4208E+45  1.1640E+41  1.5926E+43  3.4048E+45
  5.3090E-01  3.1387E+45  2.4001E+41  1.5286E+43  3.1232E+45
  5.6230E-01  2.8803E+45  4.6832E+41  1.4664E+43  2.8651E+45
  5.9570E-01  2.6425E+45  8.7057E+41  1.4043E+43  2.6276E+45
  6.3100E-01  2.4253E+45  1.5406E+42  1.3432E+43  2.4103E+45
  6.6830E-01  2.2268E+45  2.5995E+42  1.2816E+43  2.2114E+45
  7.0790E-01  2.0449E+45  4.1994E+42  1.2241E+43  2.0284E+45
  7.4990E-01  1.8787E+45  6.5052E+42  1.1688E+43  1.8605E+45
  7.9430E-01  1.7274E+45  9.6771E+42  1.1156E+43  1.7066E+45
  8.4140E-01  1.5898E+45  1.3882E+43  1.0639E+43  1.5653E+45
  8.9130E-01  1.4651E+45  1.9266E+43  1.0141E+43  1.4357E+45
  9.4410E-01  1.3525E+45  2.5879E+43  9.6468E+42  1.3170E+45
  1.0000E+00  1.2510E+45  3.3709E+43  9.1406E+42  1.2081E+45
  1.0590E+00  1.1599E+45  4.2664E+43  8.6412E+42  1.1086E+45
  1.1220E+00  1.0775E+45  5.2799E+43  8.1353E+42  1.0165E+45
  1.1890E+00  1.0034E+45  6.3993E+43  7.6106E+42  9.3183E+44
  1.2590E+00  9.3804E+44  7.5774E+43  7.0596E+42  8.5520E+44
  1.3340E+00  8.7864E+44  8.8039E+43  6.4895E+42  7.8411E+44
  1.4130E+00  8.2519E+44  1.0000E+44  5.9209E+42  7.1927E+44
  1.4960E+00  7.7700E+44  1.1139E+44  5.3553E+42  6.6026E+44
  1.5850E+00  7.3256E+44  1.2234E+44  4.7878E+42  6.0543E+44
  1.6790E+00  6.9164E+44  1.3211E+44  4.2241E+42  5.5530E+44
  1.7780E+00  6.5349E+44  1.4025E+44  3.6684E+42  5.0957E+44
  1.8840E+00  6.1721E+44  1.4690E+44  3.1298E+42  4.6719E+44
  1.9950E+00  5.8295E+44  1.5158E+44  2.6240E+42  4.2875E+44
  2.1130E+00  5.4988E+44  1.5439E+44  2.1616E+42  3.9333E+44
  2.2390E+00  5.1752E+44  1.5516E+44  1.7510E+42  3.6061E+44
  2.3710E+00  4.8622E+44  1.5391E+44  1.3976E+42  3.3092E+44
  2.5120E+00  4.5556E+44  1.5102E+44  1.1011E+42  3.0344E+44
  2.6610E+00  4.2572E+44  1.4654E+44  8.5797E+41  2.7832E+44
  2.8180E+00  3.9669E+44  1.4064E+44  6.6187E+41  2.5538E+44
  2.9850E+00  3.6851E+44  1.3374E+44  5.0621E+41  2.3426E+44
  3.1620E+00  3.4127E+44  1.2601E+44  3.8423E+41  2.1487E+44
  3.3500E+00  3.1546E+44  1.1813E+44  2.8993E+41  1.9704E+44
  3.5480E+00  2.9076E+44  1.0976E+44  2.1755E+41  1.8078E+44
  3.7580E+00  2.6742E+44  1.0143E+44  1.6241E+41  1.6583E+44
  3.9810E+00  2.4545E+44  9.3238E+43  1.2070E+41  1.5210E+44
  4.2170E+00  2.2490E+44  8.5297E+43  8.9361E+40  1.3951E+44
  4.4670E+00  2.0574E+44  7.7710E+43  6.5926E+40  1.2796E+44
  4.7320E+00  1.8803E+44  7.0618E+43  4.8459E+40  1.1737E+44
  5.0120E+00  1.7202E+44  6.4075E+43  3.5572E+40  1.0791E+44
  5.3090E+00  1.5411E+44  5.8057E+43  2.5530E+40  9.6024E+43
  5.6230E+00  1.3744E+44  5.2619E+43  1.8184E+40  8.4805E+43
  5.9570E+00  1.2210E+44  4.7776E+43  1.2861E+40  7.4316E+43
  6.3100E+00  1.0787E+44  4.3155E+43  9.0196E+39  6.4710E+43
  6.6830E+00  9.5432E+43  3.9412E+43  6.3048E+39  5.6014E+43
  7.0790E+00  8.4012E+43  3.5818E+43  4.3557E+39  4.8190E+43
  7.4990E+00  7.5156E+43  3.3924E+43  2.9865E+39  4.1229E+43
  7.9430E+00  7.3225E+43  3.8114E+43  2.1313E+39  3.5109E+43
  8.4140E+00  7.7002E+43  4.7248E+43  1.6969E+39  2.9752E+43
  8.9130E+00  7.8489E+43  5.3384E+43  1.4304E+39  2.5104E+43
  9.4410E+00  7.7758E+43  5.6656E+43  1.3223E+39  2.1101E+43
  1.0000E+01  6.6072E+43  4.8400E+43  9.9803E+38  1.7671E+43
  1.0590E+01  5.4502E+43  3.9743E+43  7.1910E+38  1.4758E+43
  1.1220E+01  4.3990E+43  3.1722E+43  4.7714E+38  1.2267E+43
  1.1890E+01  3.5922E+43  2.5762E+43  3.1847E+38  1.0159E+43
  1.2590E+01  2.9759E+43  2.1347E+43  2.1061E+38  8.4119E+42
  1.3340E+01  2.5104E+43  1.8172E+43  1.3882E+38  6.9319E+42
  1.4130E+01  2.2014E+43  1.6309E+43  9.1981E+37  5.7050E+42
  1.4960E+01  2.0645E+43  1.5953E+43  6.5093E+37  4.6919E+42
  1.5850E+01  1.9842E+43  1.6001E+43  4.8913E+37  3.8414E+42
  1.6790E+01  1.9323E+43  1.6182E+43  3.8720E+37  3.1409E+42
  1.7780E+01  1.8825E+43  1.6258E+43  3.1794E+37  2.5663E+42
  1.8840E+01  1.8180E+43  1.6091E+43  2.6236E+37  2.0888E+42
  1.9950E+01  1.7445E+43  1.5744E+43  2.1086E+37  1.7013E+42
  2.1130E+01  1.6922E+43  1.5540E+43  1.6590E+37  1.3827E+42
  2.2390E+01  1.6656E+43  1.5536E+43  1.3136E+37  1.1203E+42
  2.3710E+01  1.6557E+43  1.5648E+43  1.0422E+37  9.0864E+41
  2.5120E+01  1.6514E+43  1.5779E+43  8.2909E+36  7.3479E+41
  2.6610E+01  1.6449E+43  1.5855E+43  6.5576E+36  5.9383E+41
  2.8180E+01  1.6286E+43  1.5806E+43  5.1611E+36  4.7994E+41
  2.9850E+01  1.5958E+43  1.5571E+43  4.0243E+36  3.8717E+41
  3.1620E+01  1.5421E+43  1.5109E+43  3.0935E+36  3.1199E+41
  3.3500E+01  1.4661E+43  1.4409E+43  2.3406E+36  2.5106E+41
  3.5480E+01  1.3694E+43  1.3492E+43  1.7413E+36  2.0210E+41
  3.7580E+01  1.2559E+43  1.2396E+43  1.2726E+36  1.6253E+41
  3.9810E+01  1.1296E+43  1.1166E+43  9.1344E+35  1.3054E+41
  4.2170E+01  9.9802E+42  9.8754E+42  6.4406E+35  1.0479E+41
  4.4670E+01  8.6697E+42  8.5856E+42  4.4603E+35  8.4074E+40
  4.7320E+01  7.4153E+42  7.3479E+42  3.0393E+35  6.7400E+40
  5.0120E+01  6.2519E+42  6.1979E+42  2.0402E+35  5.4034E+40
  5.3090E+01  5.1988E+42  5.1556E+42  1.3502E+35  4.3282E+40
  5.6230E+01  4.2715E+42  4.2368E+42  8.8236E+34  3.4667E+40
  5.9570E+01  3.4678E+42  3.4401E+42  5.6949E+34  2.7728E+40
  6.3100E+01  2.7876E+42  2.7654E+42  3.6379E+34  2.2180E+40
  6.6830E+01  2.2206E+42  2.2028E+42  2.3022E+34  1.7744E+40
  7.0790E+01  1.7540E+42  1.7398E+42  1.4441E+34  1.4183E+40
  7.4990E+01  1.3745E+42  1.3632E+42  8.9854E+33  1.1329E+40
  7.9430E+01  1.0699E+42  1.0609E+42  5.5527E+33  9.0505E+39
  8.4140E+01  8.2748E+41  8.2025E+41  3.4081E+33  7.2256E+39
  8.9130E+01  6.3670E+41  6.3093E+41  2.0810E+33  5.7665E+39
  9.4410E+01  4.8752E+41  4.8292E+41  1.2643E+33  4.6021E+39
  1.0000E+02  3.7155E+41  3.6787E+41  7.6448E+32  3.6722E+39
  1.0590E+02  2.8226E+41  2.7933E+41  4.6084E+32  2.9317E+39
  1.1220E+02  2.1371E+41  2.1137E+41  2.7672E+32  2.3358E+39
  1.1890E+02  1.6166E+41  1.5980E+41  1.6602E+32  1.8590E+39
  1.2590E+02  1.2280E+41  1.2131E+41  1.0004E+32  1.4838E+39
  1.3340E+02  9.3430E+40  9.2249E+40  6.0471E+31  1.1811E+39
  1.4130E+02  7.0408E+40  6.9466E+40  3.6332E+31  9.4117E+38
  1.4960E+02  5.1864E+40  5.1113E+40  2.1314E+31  7.5121E+38
  1.5850E+02  3.7883E+40  3.7286E+40  1.2366E+31  5.9781E+38
  1.7780E+02  2.0344E+40  1.9965E+40  4.1836E+30  3.7942E+38
  1.9950E+02  1.0915E+40  1.0674E+40  1.4147E+30  2.4043E+38
  2.2390E+02  5.8282E+39  5.6760E+39  4.7665E+29  1.5216E+38
  2.5120E+02  3.1011E+39  3.0047E+39  1.6016E+29  9.6376E+37
  2.8180E+02  1.6434E+39  1.5824E+39  5.3656E+28  6.1043E+37
  3.1620E+02  8.6721E+38  8.2859E+38  1.7917E+28  3.8617E+37
  3.5480E+02  4.5645E+38  4.3203E+38  5.9729E+27  2.4421E+37
  3.9810E+02  2.3981E+38  2.2437E+38  1.9906E+27  1.5442E+37
  4.4670E+02  1.2586E+38  1.1610E+38  6.6366E+26  9.7603E+36
  5.0120E+02  6.6070E+37  5.9900E+37  2.2169E+26  6.1695E+36
  5.6230E+02  3.4731E+37  3.0831E+37  7.4273E+25  3.9003E+36
  6.3100E+02  1.8278E+37  1.5815E+37  2.4969E+25  2.4629E+36
  7.0790E+02  9.6592E+36  8.1024E+36  8.4476E+24  1.5568E+36
  7.9430E+02  5.1229E+36  4.1397E+36  2.8748E+24  9.8325E+35
  8.9130E+02  2.7313E+36  2.1105E+36  9.8573E+23  6.2077E+35
  1.0000E+03  1.4669E+36  1.0747E+36  3.4128E+23  3.9214E+35
