  1.0000E-03  6.4208E+44  1.1838E+06  2.6541E+42  6.3942E+44
  1.1220E-03  6.6502E+44  1.0599E+06  3.3336E+42  6.6168E+44
  1.2590E-03  6.8429E+44  9.6475E+05  3.9742E+42  6.8031E+44
  1.4130E-03  7.0022E+44  8.3636E+05  4.5306E+42  6.9569E+44
  1.5850E-03  7.2268E+44  7.6733E+05  5.0147E+42  7.1767E+44
  1.7780E-03  7.7781E+44  7.3782E+05  6.0494E+42  7.7176E+44
  1.9950E-03  7.4756E+44  6.7487E+05  6.7962E+42  7.4076E+44
  2.2390E-03  7.3898E+44  5.7373E+05  6.9419E+42  7.3204E+44
  2.5120E-03  7.7300E+44  5.3859E+05  8.4571E+42  7.6454E+44
  2.8180E-03  6.9776E+44  4.3827E+05  8.8874E+42  6.8887E+44
  3.1620E-03  6.4283E+44  3.8743E+05  8.9153E+42  6.3391E+44
  3.5480E-03  5.9895E+44  3.2075E+05  8.7159E+42  5.9024E+44
  3.9810E-03  5.6784E+44  2.7872E+05  8.3824E+42  5.5945E+44
  4.4670E-03  1.4269E+45  4.8390E+05  2.3878E+43  1.4030E+45
  5.0120E-03  1.2484E+45  4.0366E+05  2.5883E+43  1.2225E+45
  5.6230E-03  1.0917E+45  3.0939E+05  2.6539E+43  1.0651E+45
  5.9570E-03  1.0259E+45  2.9697E+05  2.6529E+43  9.9934E+44
  6.6830E-03  9.2780E+44  2.3676E+05  2.6278E+43  9.0152E+44
  7.4990E-03  8.7201E+44  2.1759E+05  2.6151E+43  8.4586E+44
  8.4140E-03  8.0088E+44  1.8324E+05  2.5619E+43  7.7526E+44
  9.4410E-03  7.6066E+44  1.6863E+05  2.5086E+43  7.3557E+44
  1.0590E-02  7.7464E+44  1.5381E+05  2.4686E+43  7.4995E+44
  1.1890E-02  7.2593E+44  1.3655E+05  2.4776E+43  7.0116E+44
  1.3340E-02  7.0427E+44  1.2141E+05  2.4304E+43  6.7997E+44
  1.4960E-02  6.6316E+44  1.1098E+05  2.3677E+43  6.3948E+44
  1.6790E-02  6.3254E+44  9.6028E+04  2.3014E+43  6.0953E+44
  1.8840E-02  6.1276E+44  8.6678E+04  2.2423E+43  5.9034E+44
  2.1130E-02  5.8514E+44  7.6761E+04  2.1930E+43  5.6321E+44
  2.3710E-02  5.5567E+44  7.2868E+04  2.1282E+43  5.3439E+44
  2.6610E-02  5.2066E+44  6.4444E+04  2.0441E+43  5.0022E+44
  2.9850E-02  4.8774E+44  5.9394E+04  1.9559E+43  4.6818E+44
  3.3500E-02  4.5530E+44  4.9809E+04  1.8587E+43  4.3671E+44
  3.7580E-02  4.8861E+44  5.0284E+04  1.9558E+43  4.6905E+44
  4.2170E-02  4.5773E+44  4.5110E+04  2.1192E+43  4.3654E+44
  4.7320E-02  3.2989E+44  6.8000E+04  1.7300E+43  3.1259E+44
  5.3090E-02  2.0327E+44  5.7585E+04  1.2351E+43  1.9092E+44
  6.6830E-02  2.6700E+43  3.6808E+04  3.0282E+42  2.3672E+43
  7.4990E-02  7.2547E+42  3.0121E+04  1.2511E+42  6.0036E+42
  8.4140E-02  9.8688E+42  3.1605E+04  1.4860E+42  8.3828E+42
  9.4410E-02  1.2292E+43  2.0412E+07  1.7013E+42  1.0591E+43
  1.0590E-01  2.8809E+43  1.2130E+12  3.0322E+42  2.5777E+43
  1.1890E-01  7.0761E+43  2.1236E+16  5.2701E+42  6.5491E+43
  1.3340E-01  1.3173E+44  7.9369E+19  8.1428E+42  1.2359E+44
  1.4960E-01  1.8806E+44  1.3447E+23  9.8776E+42  1.7818E+44
  1.5850E-01  1.8875E+44  4.2490E+24  9.4014E+42  1.7935E+44
  1.7780E-01  1.2822E+44  1.9075E+27  6.0781E+42  1.2214E+44
  1.9950E-01  4.0044E+43  2.6921E+29  2.0715E+42  3.7972E+43
  2.2390E-01  1.8231E+43  2.1002E+31  1.2396E+42  1.6991E+43
  2.3710E-01  3.1859E+43  2.3329E+32  1.9617E+42  2.9898E+43
  2.5120E-01  5.7092E+43  2.2674E+33  2.9974E+42  5.4094E+43
  2.6610E-01  8.2160E+43  1.7369E+34  3.7878E+42  7.8372E+43
  2.8180E-01  1.0386E+44  1.1041E+35  4.2995E+42  9.9557E+43
  2.9850E-01  1.2247E+44  6.0586E+35  4.6499E+42  1.1782E+44
  3.1620E-01  1.4059E+44  2.9254E+36  4.9687E+42  1.3562E+44
  3.3500E-01  1.5824E+44  1.2702E+37  5.2376E+42  1.5300E+44
  3.5480E-01  1.7426E+44  4.9636E+37  5.4301E+42  1.6883E+44
  3.7580E-01  1.9082E+44  1.7880E+38  5.5888E+42  1.8523E+44
  3.9810E-01  2.0590E+44  5.8605E+38  5.7118E+42  2.0019E+44
  4.2170E-01  2.2441E+44  1.7808E+39  5.8601E+42  2.1854E+44
  4.4670E-01  2.4321E+44  4.9907E+39  6.0030E+42  2.3720E+44
  4.7320E-01  2.6237E+44  1.3106E+40  6.1114E+42  2.5625E+44
  5.0120E-01  2.8134E+44  3.2294E+40  6.1717E+42  2.7514E+44
  5.3090E-01  3.0153E+44  7.5441E+40  6.1958E+42  2.9526E+44
  5.6230E-01  3.1938E+44  1.6516E+41  6.1731E+42  3.1304E+44
  5.9570E-01  3.3569E+44  3.4248E+41  6.1091E+42  3.2924E+44
  6.3100E-01  3.5193E+44  6.7434E+41  6.0133E+42  3.4524E+44
  6.6830E-01  3.6784E+44  1.2624E+42  5.8810E+42  3.6070E+44
  7.0790E-01  3.8314E+44  2.2539E+42  5.7274E+42  3.7516E+44
  7.4990E-01  3.9655E+44  3.8331E+42  5.5442E+42  3.8717E+44
  7.9430E-01  4.0965E+44  6.2343E+42  5.3377E+42  3.9808E+44
  8.4140E-01  4.2267E+44  9.7392E+42  5.1120E+42  4.0782E+44
  8.9130E-01  4.3751E+44  1.4690E+43  4.8692E+42  4.1795E+44
  9.4410E-01  4.5207E+44  2.1317E+43  4.6085E+42  4.2614E+44
  1.0000E+00  4.6494E+44  2.9746E+43  4.3296E+42  4.3086E+44
  1.0590E+00  4.7679E+44  4.0015E+43  4.0429E+42  4.3274E+44
  1.1220E+00  4.8810E+44  5.2268E+43  3.7438E+42  4.3209E+44
  1.1890E+00  4.9924E+44  6.6401E+43  3.4299E+42  4.2940E+44
  1.2590E+00  5.1086E+44  8.1845E+43  3.0982E+42  4.2592E+44
  1.3340E+00  5.2047E+44  9.8210E+43  2.7650E+42  4.1950E+44
  1.4130E+00  5.2694E+44  1.1427E+44  2.4456E+42  4.1022E+44
  1.4960E+00  5.3052E+44  1.2943E+44  2.1399E+42  3.9895E+44
  1.5850E+00  5.3117E+44  1.4360E+44  1.8462E+42  3.8572E+44
  1.6790E+00  5.2880E+44  1.5568E+44  1.5660E+42  3.7156E+44
  1.7780E+00  5.2295E+44  1.6490E+44  1.3023E+42  3.5675E+44
  1.8840E+00  5.1326E+44  1.7132E+44  1.0605E+42  3.4088E+44
  1.9950E+00  5.0002E+44  1.7443E+44  8.4609E+41  3.2475E+44
  2.1130E+00  4.8312E+44  1.7443E+44  6.6183E+41  3.0803E+44
  2.2390E+00  4.6272E+44  1.7134E+44  5.0820E+41  2.9087E+44
  2.3710E+00  4.3979E+44  1.6550E+44  3.8421E+41  2.7391E+44
  2.5120E+00  4.1475E+44  1.5758E+44  2.8666E+41  2.5689E+44
  2.6610E+00  3.8842E+44  1.4794E+44  2.1158E+41  2.4027E+44
  2.8180E+00  3.6144E+44  1.3703E+44  1.5471E+41  2.2425E+44
  2.9850E+00  3.3437E+44  1.2549E+44  1.1229E+41  2.0877E+44
  3.1620E+00  3.0770E+44  1.1365E+44  8.0977E+40  1.9397E+44
  3.3500E+00  2.8220E+44  1.0228E+44  5.8188E+40  1.7986E+44
  3.5480E+00  2.5788E+44  9.1188E+43  4.1654E+40  1.6665E+44
  3.7580E+00  2.3504E+44  8.0818E+43  2.9736E+40  1.5419E+44
  3.9810E+00  2.1374E+44  7.1223E+43  2.1182E+40  1.4249E+44
  4.2170E+00  1.9404E+44  6.2459E+43  1.5069E+40  1.3157E+44
  4.4670E+00  1.7594E+44  5.4539E+43  1.0708E+40  1.2139E+44
  4.7320E+00  1.5938E+44  4.7463E+43  7.5995E+39  1.1191E+44
  5.0120E+00  1.4457E+44  4.1200E+43  5.4003E+39  1.0336E+44
  5.3090E+00  1.2798E+44  3.5640E+43  3.7473E+39  9.2334E+43
  5.6230E+00  1.1260E+44  3.0770E+43  2.5822E+39  8.1823E+43
  5.9570E+00  9.8454E+43  2.6542E+43  1.7671E+39  7.1911E+43
  6.3100E+00  8.5481E+43  2.2699E+43  1.1992E+39  6.2780E+43
  6.6830E+00  7.4121E+43  1.9659E+43  8.1108E+38  5.4461E+43
  7.0790E+00  6.3825E+43  1.6877E+43  5.4225E+38  4.6948E+43
  7.4990E+00  5.5138E+43  1.4977E+43  3.6112E+38  4.0160E+43
  7.9430E+00  4.9645E+43  1.5786E+43  2.5303E+38  3.3858E+43
  8.4140E+00  4.7355E+43  1.9307E+43  1.9925E+38  2.8048E+43
  8.9130E+00  4.5374E+43  2.2254E+43  1.6651E+38  2.3119E+43
  9.4410E+00  4.3346E+43  2.4350E+43  1.5234E+38  1.8996E+43
  1.0000E+01  3.6398E+43  2.0315E+43  1.0809E+38  1.6083E+43
  1.0590E+01  2.9564E+43  1.5920E+43  7.2058E+37  1.3644E+43
  1.1220E+01  2.3309E+43  1.1770E+43  4.3738E+37  1.1539E+43
  1.1890E+01  1.8415E+43  8.7368E+42  2.6786E+37  9.6782E+42
  1.2590E+01  1.4552E+43  6.4549E+42  1.6140E+37  8.0969E+42
  1.3340E+01  1.1531E+43  4.8071E+42  9.6588E+36  6.7235E+42
  1.4130E+01  9.3626E+42  3.8072E+42  5.8447E+36  5.5554E+42
  1.4960E+01  8.0833E+42  3.5232E+42  3.8495E+36  4.5601E+42
  1.5850E+01  7.1109E+42  3.3911E+42  2.6766E+36  3.7197E+42
  1.6790E+01  6.2994E+42  3.2709E+42  1.9393E+36  3.0286E+42
  1.7780E+01  5.5078E+42  3.0404E+42  1.4263E+36  2.4674E+42
  1.8840E+01  4.6483E+42  2.6401E+42  1.0184E+36  2.0083E+42
  1.9950E+01  3.7839E+42  2.1432E+42  6.8534E+35  1.6407E+42
  2.1130E+01  3.0476E+42  1.7096E+42  4.4414E+35  1.3379E+42
  2.2390E+01  2.4571E+42  1.3702E+42  2.8728E+35  1.0870E+42
  2.3710E+01  1.9866E+42  1.1030E+42  1.8563E+35  8.8362E+41
  2.5120E+01  1.6040E+42  8.8810E+41  1.2005E+35  7.1593E+41
  2.6610E+01  1.2933E+42  7.1372E+41  7.7385E+34  5.7958E+41
  2.8180E+01  1.0420E+42  5.7283E+41  4.9968E+34  4.6914E+41
  2.9850E+01  8.3630E+41  4.5732E+41  3.2217E+34  3.7898E+41
  3.1620E+01  6.6820E+41  3.6240E+41  2.0687E+34  3.0580E+41
  3.3500E+01  5.3114E+41  2.8474E+41  1.3230E+34  2.4640E+41
  3.5480E+01  4.2069E+41  2.2209E+41  8.4398E+33  1.9860E+41
  3.7580E+01  3.3135E+41  1.7143E+41  5.3569E+33  1.5991E+41
  3.9810E+01  2.5925E+41  1.3064E+41  3.3809E+33  1.2861E+41
  4.2170E+01  2.0193E+41  9.8551E+40  2.1238E+33  1.0338E+41
  4.4670E+01  1.5670E+41  7.3653E+40  1.3273E+33  8.3043E+40
  4.7320E+01  1.2126E+41  5.4607E+40  8.2646E+32  6.6653E+40
  5.0120E+01  9.3720E+40  4.0225E+40  5.1344E+32  5.3495E+40
  5.3090E+01  7.2336E+40  2.9441E+40  3.1829E+32  4.2896E+40
  5.6230E+01  5.5841E+40  2.1450E+40  1.9715E+32  3.4391E+40
  5.9570E+01  4.3073E+40  1.5542E+40  1.2193E+32  2.7531E+40
  6.3100E+01  3.3269E+40  1.1229E+40  7.5449E+31  2.2041E+40
  6.6830E+01  2.5737E+40  8.0924E+39  4.6730E+31  1.7645E+40
  7.0790E+01  1.9930E+40  5.8174E+39  2.8950E+31  1.4113E+40
  7.4990E+01  1.5452E+40  4.1722E+39  1.7948E+31  1.1279E+40
  7.9430E+01  1.2004E+40  2.9891E+39  1.1144E+31  9.0152E+39
  8.4140E+01  9.3392E+39  2.1386E+39  6.9242E+30  7.2006E+39
  8.9130E+01  7.2785E+39  1.5296E+39  4.3079E+30  5.7489E+39
  9.4410E+01  5.6833E+39  1.0937E+39  2.6841E+30  4.5896E+39
  1.0000E+02  4.4451E+39  7.8169E+38  1.6743E+30  3.6634E+39
  1.0590E+02  3.4846E+39  5.5924E+38  1.0465E+30  2.9254E+39
  1.1220E+02  2.7313E+39  4.0000E+38  6.5344E+29  2.3313E+39
  1.1890E+02  2.1426E+39  2.8672E+38  4.0822E+29  1.8559E+39
  1.2590E+02  1.6886E+39  2.0706E+38  2.5616E+29  1.4816E+39
  1.3340E+02  1.3295E+39  1.5003E+38  1.6079E+29  1.1795E+39
  1.4130E+02  1.0482E+39  1.0816E+38  1.0144E+29  9.4001E+38
  1.4960E+02  8.2706E+38  7.6670E+37  6.3959E+28  7.5039E+38
  1.5850E+02  6.5122E+38  5.3989E+37  4.0109E+28  5.9723E+38
  1.7780E+02  4.0620E+38  2.7066E+37  1.5828E+28  3.7913E+38
  1.9950E+02  2.5393E+38  1.3641E+37  6.2555E+27  2.4029E+38
  2.2390E+02  1.5897E+38  6.8850E+36  2.4758E+27  1.5209E+38
  2.5120E+02  9.9822E+37  3.4818E+36  9.8245E+26  9.6340E+37
  2.8180E+02  6.2787E+37  1.7614E+36  3.9046E+26  6.1025E+37
  3.1620E+02  3.9498E+37  8.9023E+35  1.5518E+26  3.8608E+37
  3.5480E+02  2.4866E+37  4.4990E+35  6.1684E+25  2.4416E+37
  3.9810E+02  1.5667E+37  2.2731E+35  2.4541E+25  1.5440E+37
  4.4670E+02  9.8739E+36  1.1480E+35  9.7656E+24  9.7591E+36
  5.0120E+02  6.2269E+36  5.7971E+34  3.8879E+24  6.1689E+36
  5.6230E+02  3.9293E+36  2.9278E+34  1.5484E+24  3.9000E+36
  6.3100E+02  2.4776E+36  1.4767E+34  6.1622E+23  2.4628E+36
  7.0790E+02  1.5642E+36  7.4539E+33  2.4555E+23  1.5567E+36
  7.9430E+02  9.8697E+35  3.7583E+33  9.7775E+22  9.8321E+35
  8.9130E+02  6.2265E+35  1.8937E+33  3.8924E+22  6.2075E+35
  1.0000E+03  3.9308E+35  9.5435E+32  1.5508E+22  3.9213E+35
