  1.0000E-03  8.7964E+44  0.0000E+00  3.0200E+42  8.7662E+44
  1.1220E-03  9.8756E+44  0.0000E+00  3.9853E+42  9.8357E+44
  1.2590E-03  1.1087E+45  0.0000E+00  5.0148E+42  1.1037E+45
  1.4130E-03  1.2448E+45  0.0000E+00  6.0649E+42  1.2387E+45
  1.5850E-03  1.3966E+45  0.0000E+00  7.1264E+42  1.3894E+45
  1.7780E-03  1.5678E+45  0.0000E+00  9.1986E+42  1.5586E+45
  1.9950E-03  1.7605E+45  0.0000E+00  1.1664E+43  1.7488E+45
  2.2390E-03  1.9759E+45  0.0000E+00  1.3163E+43  1.9627E+45
  2.5120E-03  2.2202E+45  0.0000E+00  1.8198E+43  2.2020E+45
  2.8180E-03  2.4931E+45  0.0000E+00  2.2846E+43  2.4702E+45
  3.1620E-03  2.7988E+45  0.0000E+00  2.6953E+43  2.7718E+45
  3.5480E-03  3.1410E+45  0.0000E+00  3.0750E+43  3.1103E+45
  3.9810E-03  3.5240E+45  0.0000E+00  3.4113E+43  3.4898E+45
  4.4670E-03  3.9543E+45  0.0000E+00  3.8490E+43  3.9158E+45
  5.0120E-03  4.4444E+45  0.0000E+00  5.0810E+43  4.3936E+45
  5.6230E-03  4.9933E+45  0.0000E+00  6.4100E+43  4.9292E+45
  5.9570E-03  5.2929E+45  0.0000E+00  7.0911E+43  5.2220E+45
  6.6830E-03  5.9429E+45  0.0000E+00  8.4380E+43  5.8585E+45
  7.4990E-03  6.6724E+45  0.0000E+00  9.8611E+43  6.5738E+45
  8.4140E-03  7.4900E+45  0.0000E+00  1.1413E+44  7.3758E+45
  9.4410E-03  8.4050E+45  0.0000E+00  1.2895E+44  8.2761E+45
  1.0590E-02  9.4226E+45  0.0000E+00  1.3932E+44  9.2833E+45
  1.1890E-02  1.0588E+46  0.0000E+00  1.6492E+44  1.0423E+46
  1.3340E-02  1.1878E+46  0.0000E+00  1.8372E+44  1.1694E+46
  1.4960E-02  1.3322E+46  0.0000E+00  2.0772E+44  1.3114E+46
  1.6790E-02  1.4950E+46  0.0000E+00  2.3156E+44  1.4718E+46
  1.8840E-02  1.6771E+46  0.0000E+00  2.5522E+44  1.6515E+46
  2.1130E-02  1.8810E+46  0.0000E+00  2.8687E+44  1.8524E+46
  2.3710E-02  2.1104E+46  0.0000E+00  3.1969E+44  2.0785E+46
  2.6610E-02  2.3681E+46  0.0000E+00  3.5497E+44  2.3326E+46
  2.9850E-02  2.6558E+46  1.1183E-83  3.9206E+44  2.6166E+46
  3.3500E-02  2.9798E+46  7.2938E-69  4.3116E+44  2.9367E+46
  3.7580E-02  3.3414E+46  9.1748E-56  4.7193E+44  3.2942E+46
  4.2170E-02  3.7538E+46  4.0577E-44  5.7074E+44  3.6967E+46
  4.7320E-02  4.2125E+46  1.1217E-33  6.4308E+44  4.1482E+46
  5.3090E-02  4.3879E+46  2.1189E-24  6.6644E+44  4.3212E+46
  6.6830E-02  4.1875E+46  8.8270E-09  6.0658E+44  4.1268E+46
  7.4990E-02  4.0865E+46  3.1872E-02  5.3626E+44  4.0328E+46
  8.4140E-02  3.9933E+46  1.6403E+04  5.2264E+44  3.9410E+46
  9.4410E-02  3.9034E+46  1.9461E+09  5.2102E+44  3.8513E+46
  1.0590E-01  3.5573E+46  5.2054E+13  5.1722E+44  3.5055E+46
  1.1890E-01  2.9914E+46  3.5705E+17  4.4669E+44  2.9467E+46
  1.3340E-01  2.5177E+46  6.5803E+20  3.8168E+44  2.4795E+46
  1.4960E-01  2.1183E+46  7.0669E+23  3.0465E+44  2.0878E+46
  1.5850E-01  1.9423E+46  2.0677E+25  2.7832E+44  1.9145E+46
  1.7780E-01  1.6365E+46  1.1155E+28  2.5104E+44  1.6114E+46
  1.9950E-01  1.3768E+46  3.6729E+30  2.1025E+44  1.3558E+46
  2.2390E-01  1.1582E+46  4.8677E+32  1.7866E+44  1.1403E+46
  2.3710E-01  1.0642E+46  3.1023E+33  1.7754E+44  1.0464E+46
  2.5120E-01  9.7648E+45  1.6789E+34  1.6898E+44  9.5958E+45
  2.6610E-01  8.9564E+45  8.6520E+34  1.5519E+44  8.8012E+45
  2.8180E-01  8.2163E+45  4.1421E+35  1.4023E+44  8.0761E+45
  2.9850E-01  7.5343E+45  1.8189E+36  1.2647E+44  7.4079E+45
  3.1620E-01  6.9090E+45  7.1981E+36  1.1437E+44  6.7947E+45
  3.3500E-01  6.3341E+45  2.6069E+37  1.0333E+44  6.2308E+45
  3.5480E-01  5.8097E+45  8.6678E+37  9.3200E+43  5.7165E+45
  3.7580E-01  5.3280E+45  2.6698E+38  8.3823E+43  5.2442E+45
  3.9810E-01  4.8852E+45  7.5805E+38  7.5474E+43  4.8097E+45
  4.2170E-01  4.4793E+45  1.9780E+39  6.7633E+43  4.4116E+45
  4.4670E-01  4.1073E+45  4.7857E+39  6.0662E+43  4.0466E+45
  4.7320E-01  3.7657E+45  1.0899E+40  5.4214E+43  3.7115E+45
  5.0120E-01  3.4531E+45  2.3430E+40  4.8263E+43  3.4048E+45
  5.3090E-01  3.1659E+45  4.7802E+40  4.2713E+43  3.1232E+45
  5.6230E-01  2.9030E+45  9.2481E+40  3.7814E+43  2.8651E+45
  5.9570E-01  2.6611E+45  1.7083E+41  3.3396E+43  2.6276E+45
  6.3100E-01  2.4400E+45  3.0100E+41  2.9367E+43  2.4103E+45
  6.6830E-01  2.2376E+45  5.0695E+41  2.5689E+43  2.2114E+45
  7.0790E-01  2.0516E+45  8.1946E+41  2.2395E+43  2.0284E+45
  7.4990E-01  1.8812E+45  1.2744E+42  1.9472E+43  1.8605E+45
  7.9430E-01  1.7253E+45  1.9089E+42  1.6835E+43  1.7066E+45
  8.4140E-01  1.5825E+45  2.7672E+42  1.4461E+43  1.5653E+45
  8.9130E-01  1.4519E+45  3.8913E+42  1.2294E+43  1.4357E+45
  9.4410E-01  1.3327E+45  5.3184E+42  1.0378E+43  1.3170E+45
  1.0000E+00  1.2239E+45  7.0860E+42  8.7164E+42  1.2081E+45
  1.0590E+00  1.1251E+45  9.2186E+42  7.2892E+42  1.1086E+45
  1.1220E+00  1.0344E+45  1.1787E+43  6.0490E+42  1.0165E+45
  1.1890E+00  9.5163E+44  1.4829E+43  4.9711E+42  9.3183E+44
  1.2590E+00  8.7751E+44  1.8274E+43  4.0371E+42  8.5520E+44
  1.3340E+00  8.0959E+44  2.2230E+43  3.2539E+42  7.8411E+44
  1.4130E+00  7.4848E+44  2.6585E+43  2.6202E+42  7.1927E+44
  1.4960E+00  6.9368E+44  3.1314E+43  2.1047E+42  6.6026E+44
  1.5850E+00  6.4367E+44  3.6557E+43  1.6788E+42  6.0543E+44
  1.6790E+00  5.9871E+44  4.2079E+43  1.3286E+42  5.5530E+44
  1.7780E+00  5.5833E+44  4.7716E+43  1.0417E+42  5.0957E+44
  1.8840E+00  5.2157E+44  5.3575E+43  8.0792E+41  4.6719E+44
  1.9950E+00  4.8868E+44  5.9316E+43  6.2090E+41  4.2875E+44
  2.1130E+00  4.5876E+44  6.4953E+43  4.7291E+41  3.9333E+44
  2.2390E+00  4.3130E+44  7.0335E+43  3.5743E+41  3.6061E+44
  2.3710E+00  4.0634E+44  7.5156E+43  2.6870E+41  3.3092E+44
  2.5120E+00  3.8317E+44  7.9524E+43  2.0113E+41  3.0344E+44
  2.6610E+00  3.6167E+44  8.3198E+43  1.5015E+41  2.7832E+44
  2.8180E+00  3.4149E+44  8.5996E+43  1.1183E+41  2.5538E+44
  2.9850E+00  3.2236E+44  8.8013E+43  8.3135E+40  2.3426E+44
  3.1620E+00  3.0407E+44  8.9140E+43  6.1699E+40  2.1487E+44
  3.3500E+00  2.8680E+44  8.9718E+43  4.5775E+40  1.9704E+44
  3.5480E+00  2.7004E+44  8.9230E+43  3.3899E+40  1.8078E+44
  3.7580E+00  2.5394E+44  8.8080E+43  2.5067E+40  1.6583E+44
  3.9810E+00  2.3845E+44  8.6334E+43  1.8511E+40  1.5210E+44
  4.2170E+00  2.2352E+44  8.4001E+43  1.3649E+40  1.3951E+44
  4.4670E+00  2.0916E+44  8.1187E+43  1.0046E+40  1.2796E+44
  4.7320E+00  1.9550E+44  7.8123E+43  7.3810E+39  1.1737E+44
  5.0120E+00  1.8282E+44  7.4901E+43  5.4239E+39  1.0791E+44
  5.3090E+00  1.6760E+44  7.1568E+43  3.9057E+39  9.6024E+43
  5.6230E+00  1.5308E+44  6.8268E+43  2.7986E+39  8.4805E+43
  5.9570E+00  1.3946E+44  6.5137E+43  1.9975E+39  7.4316E+43
  6.3100E+00  1.2625E+44  6.1538E+43  1.4140E+39  6.4710E+43
  6.6830E+00  1.1468E+44  5.8663E+43  1.0011E+39  5.6014E+43
  7.0790E+00  1.0356E+44  5.5366E+43  7.0026E+38  4.8190E+43
  7.4990E+00  9.7231E+43  5.6001E+43  5.0402E+38  4.1229E+43
  7.9430E+00  1.1030E+44  7.5187E+43  4.4203E+38  3.5109E+43
  8.4140E+00  1.4505E+44  1.1530E+44  4.8231E+38  2.9752E+43
  8.9130E+00  1.7682E+44  1.5171E+44  5.2057E+38  2.5104E+43
  9.4410E+00  2.0302E+44  1.8192E+44  5.8691E+38  2.1101E+43
  1.0000E+01  1.7308E+44  1.5540E+44  4.3020E+38  1.7671E+43
  1.0590E+01  1.3877E+44  1.2401E+44  2.8730E+38  1.4758E+43
  1.1220E+01  1.0557E+44  9.3303E+43  1.6942E+38  1.2267E+43
  1.1890E+01  8.1573E+43  7.1414E+43  1.0173E+38  1.0159E+43
  1.2590E+01  6.3220E+43  5.4808E+43  6.0003E+37  8.4119E+42
  1.3340E+01  4.9829E+43  4.2898E+43  3.5471E+37  6.9319E+42
  1.4130E+01  4.1855E+43  3.6150E+43  2.1947E+37  5.7050E+42
  1.4960E+01  4.0614E+43  3.5922E+43  1.6152E+37  4.6919E+42
  1.5850E+01  4.0963E+43  3.7121E+43  1.2898E+37  3.8414E+42
  1.6790E+01  4.1513E+43  3.8372E+43  1.0767E+37  3.1409E+42
  1.7780E+01  4.0767E+43  3.8201E+43  8.9770E+36  2.5663E+42
  1.8840E+01  3.7700E+43  3.5611E+43  7.0716E+36  2.0888E+42
  1.9950E+01  3.2827E+43  3.1125E+43  5.0949E+36  1.7013E+42
  2.1130E+01  2.8210E+43  2.6827E+43  3.5097E+36  1.3827E+42
  2.2390E+01  2.4403E+43  2.3283E+43  2.4235E+36  1.1203E+42
  2.3710E+01  2.1206E+43  2.0298E+43  1.6727E+36  9.0864E+41
  2.5120E+01  1.8432E+43  1.7697E+43  1.1568E+36  7.3479E+41
  2.6610E+01  1.5970E+43  1.5376E+43  7.9535E+35  5.9383E+41
  2.8180E+01  1.3786E+43  1.3306E+43  5.4612E+35  4.7994E+41
  2.9850E+01  1.1810E+43  1.1423E+43  3.7291E+35  3.8717E+41
  3.1620E+01  1.0014E+43  9.7018E+42  2.5205E+35  3.1199E+41
  3.3500E+01  8.3921E+42  8.1410E+42  1.6852E+35  2.5106E+41
  3.5480E+01  6.9545E+42  6.7524E+42  1.1152E+35  2.0210E+41
  3.7580E+01  5.6857E+42  5.5232E+42  7.2835E+34  1.6253E+41
  3.9810E+01  4.5769E+42  4.4464E+42  4.6875E+34  1.3054E+41
  4.2170E+01  3.6365E+42  3.5317E+42  2.9763E+34  1.0479E+41
  4.4670E+01  2.8549E+42  2.7708E+42  1.8643E+34  8.4074E+40
  4.7320E+01  2.2179E+42  2.1505E+42  1.1544E+34  6.7400E+40
  5.0120E+01  1.7077E+42  1.6537E+42  7.0776E+33  5.4034E+40
  5.3090E+01  1.3037E+42  1.2605E+42  4.2996E+33  4.3282E+40
  5.6230E+01  9.8877E+41  9.5410E+41  2.5926E+33  3.4667E+40
  5.9570E+01  7.4454E+41  7.1682E+41  1.5512E+33  2.7728E+40
  6.3100E+01  5.5798E+41  5.3580E+41  9.2333E+32  2.2180E+40
  6.6830E+01  4.1644E+41  3.9870E+41  5.4718E+32  1.7744E+40
  7.0790E+01  3.0959E+41  2.9540E+41  3.2290E+32  1.4183E+40
  7.4990E+01  2.2931E+41  2.1798E+41  1.8985E+32  1.1329E+40
  7.9430E+01  1.6946E+41  1.6041E+41  1.1137E+32  9.0505E+39
  8.4140E+01  1.2492E+41  1.1770E+41  6.5167E+31  7.2256E+39
  8.9130E+01  9.1972E+40  8.6205E+40  3.8087E+31  5.7665E+39
  9.4410E+01  6.7627E+40  6.3025E+40  2.2235E+31  4.6021E+39
  1.0000E+02  4.9669E+40  4.5997E+40  1.2968E+31  3.6722E+39
  1.0590E+02  3.6489E+40  3.3558E+40  7.5680E+30  2.9317E+39
  1.1220E+02  2.6785E+40  2.4449E+40  4.4121E+30  2.3358E+39
  1.1890E+02  1.9688E+40  1.7829E+40  2.5763E+30  1.8590E+39
  1.2590E+02  1.4562E+40  1.3078E+40  1.5143E+30  1.4838E+39
  1.3340E+02  1.0794E+40  9.6126E+39  8.9333E+29  1.1811E+39
  1.4130E+02  7.9670E+39  7.0258E+39  5.2689E+29  9.4117E+38
  1.4960E+02  5.8038E+39  5.0526E+39  3.0662E+29  7.5121E+38
  1.5850E+02  4.2052E+39  3.6073E+39  1.7709E+29  5.9781E+38
  1.7780E+02  2.2320E+39  1.8526E+39  5.9686E+28  3.7942E+38
  1.9950E+02  1.1938E+39  9.5335E+38  2.0304E+28  2.4043E+38
  2.2390E+02  6.4223E+38  4.9007E+38  6.9624E+27  1.5216E+38
  2.5120E+02  3.4822E+38  2.5185E+38  2.4106E+27  9.6376E+37
  2.8180E+02  1.9027E+38  1.2923E+38  8.4260E+26  6.1043E+37
  3.1620E+02  1.0476E+38  6.6138E+37  2.9718E+26  3.8617E+37
  3.5480E+02  5.8219E+37  3.3798E+37  1.0588E+26  2.4421E+37
  3.9810E+02  3.2687E+37  1.7245E+37  3.8146E+25  1.5442E+37
  4.4670E+02  1.8545E+37  8.7848E+36  1.3890E+25  9.7603E+36
  5.0120E+02  1.0640E+37  4.4703E+36  5.1135E+24  6.1695E+36
  5.6230E+02  6.1733E+36  2.2730E+36  1.9020E+24  3.9003E+36
  6.3100E+02  3.6163E+36  1.1533E+36  7.1375E+23  2.4629E+36
  7.0790E+02  2.1420E+36  5.8524E+35  2.7050E+23  1.5568E+36
  7.9430E+02  1.2797E+36  2.9646E+35  1.0324E+23  9.8325E+35
  8.9130E+02  7.7077E+35  1.5000E+35  3.9670E+22  6.2077E+35
  1.0000E+03  4.6800E+35  7.5869E+34  1.5346E+22  3.9214E+35
