  1.0000E-03  1.3386E+43  2.7047E+04  3.5590E+42  9.8275E+42
  1.1220E-03  6.3900E+42  1.7501E+04  2.8489E+42  3.5411E+42
  1.2590E-03  3.3469E+42  1.2054E+04  2.1592E+42  1.1878E+42
  1.4130E-03  1.9413E+42  8.2735E+03  1.5633E+42  3.7797E+41
  1.5850E-03  1.3088E+42  6.4975E+03  1.1635E+42  1.4530E+41
  1.7780E-03  1.2702E+42  5.7435E+03  1.1573E+42  1.1284E+41
  1.9950E-03  6.9738E+41  3.6431E+03  6.8188E+41  1.5500E+40
  2.2390E-03  4.1050E+41  2.5873E+03  4.0701E+41  3.4886E+39
  2.5120E-03  3.8486E+41  2.1936E+03  3.8293E+41  1.9302E+39
  2.8180E-03  1.8447E+41  1.2257E+03  1.8436E+41  1.0866E+38
  3.1620E-03  9.3191E+40  7.4078E+02  9.3183E+40  8.3174E+36
  3.5480E-03  4.8805E+40  4.6445E+02  4.8804E+40  7.4480E+35
  3.9810E-03  2.7170E+40  3.0603E+02  2.7170E+40  8.4156E+34
  4.4670E-03  1.6895E+42  4.6297E+01  1.6887E+42  8.5275E+38
  5.0120E-03  7.0465E+41  1.2496E+01  7.0461E+41  3.8035E+37
  5.6230E-03  2.8995E+41  3.4807E+00  2.8995E+41  1.7442E+36
  5.9570E-03  1.8910E+41  1.9288E+00  1.8910E+41  4.0058E+35
  6.6830E-03  8.8394E+40  6.6687E-01  8.8394E+40  2.9218E+34
  7.4990E-03  4.7695E+40  2.8899E-01  4.7695E+40  3.7505E+33
  8.4140E-03  2.4529E+40  1.0733E-01  2.4529E+40  3.2172E+32
  9.4410E-03  1.4045E+40  4.8600E-02  1.4045E+40  4.5533E+31
  1.0590E-02  9.5085E+39  3.2294E-02  9.5085E+39  1.9396E+31
  1.1890E-02  5.8771E+39  1.3427E-02  5.8771E+39  2.1078E+30
  1.3340E-02  3.7792E+39  6.7862E-03  3.7792E+39  4.0736E+29
  1.4960E-02  2.3686E+39  2.9442E-03  2.3686E+39  4.9561E+28
  1.6790E-02  1.5535E+39  1.3803E-03  1.5535E+39  7.3563E+27
  1.8840E-02  1.0773E+39  7.1604E-04  1.0773E+39  1.4097E+27
  2.1130E-02  7.7945E+38  3.4079E-04  7.7945E+38  2.1606E+26
  2.3710E-02  5.7171E+38  1.5737E-04  5.7171E+38  3.0573E+25
  2.6610E-02  4.2228E+38  6.7733E-05  4.2228E+38  3.5882E+24
  2.9850E-02  3.2173E+38  2.9547E-05  3.2173E+38  4.3583E+23
  3.3500E-02  2.4898E+38  1.1767E-05  2.4898E+38  5.1037E+22
  3.7580E-02  2.3986E+38  9.5301E-06  2.3986E+38  3.1330E+22
  4.2170E-02  2.6012E+38  4.1092E-06  2.6012E+38  3.5694E+21
  4.7320E-02  1.6799E+38  6.7098E-01  1.6799E+38  1.8625E+19
  5.3090E-02  9.2756E+37  2.5211E-01  9.2756E+37  3.1517E+16
  6.6830E-02  7.5244E+36  5.5613E-03  7.5244E+36  2.8706E+05
  7.4990E-02  1.3435E+36  5.0567E-04  1.3435E+36  2.6113E-02
  8.4140E-02  1.8472E+36  9.0973E-04  1.8472E+36  1.4087E+00
  9.4410E-02  2.4182E+36  1.3662E-03  2.4182E+36  2.2245E+01
  1.0590E-01  7.5652E+36  7.2560E-03  7.5652E+36  1.6344E+06
  1.1890E-01  2.0435E+37  4.9069E-02  2.0435E+37  5.1047E+11
  1.3340E-01  4.1069E+37  1.9906E-01  4.1069E+37  4.6760E+15
  1.4960E-01  5.7000E+37  8.5216E+01  5.7000E+37  1.5654E+18
  1.5850E-01  5.7600E+37  5.7245E+03  5.7600E+37  4.3051E+18
  1.7780E-01  3.5334E+37  7.4554E+05  3.5334E+37  6.0503E+17
  1.9950E-01  9.9338E+36  6.4802E+04  9.9338E+36  1.1409E+13
  2.2390E-01  5.7428E+36  8.6787E+04  5.7428E+36  1.4834E+10
  2.3710E-01  1.4205E+37  1.8507E+08  1.4205E+37  4.0459E+13
  2.5120E-01  3.1577E+37  5.3528E+11  3.1577E+37  1.5504E+17
  2.6610E-01  5.0098E+37  2.0887E+14  5.0098E+37  4.0642E+19
  2.8180E-01  6.7436E+37  2.3210E+16  6.7436E+37  2.2334E+21
  2.9850E-01  8.6007E+37  1.2321E+18  8.6007E+37  5.2007E+22
  3.1620E-01  1.1163E+38  4.5843E+19  1.1163E+38  8.6890E+23
  3.3500E-01  1.4712E+38  1.3026E+21  1.4712E+38  1.1428E+25
  3.5480E-01  1.9425E+38  2.7531E+22  1.9425E+38  1.1405E+26
  3.7580E-01  2.6386E+38  5.2500E+23  2.6386E+38  1.0964E+27
  3.9810E-01  3.6310E+38  7.9010E+24  3.6310E+38  8.5689E+27
  4.2170E-01  5.3026E+38  1.2419E+26  5.3026E+38  7.8602E+28
  4.4670E-01  7.9669E+38  1.7022E+27  7.9669E+38  6.6142E+29
  4.7320E-01  1.2147E+39  2.1142E+28  1.2147E+39  5.2676E+30
  5.0120E-01  1.8555E+39  2.3431E+29  1.8555E+39  3.8796E+31
  5.3090E-01  2.8694E+39  2.4979E+30  2.8694E+39  2.8875E+32
  5.6230E-01  4.3526E+39  2.2161E+31  4.3526E+39  1.8095E+33
  5.9570E-01  6.5154E+39  1.7356E+32  6.5154E+39  1.0212E+34
  6.3100E-01  9.7297E+39  1.2582E+33  9.7297E+39  5.5205E+34
  6.6830E-01  1.4415E+40  8.4333E+33  1.4415E+40  2.8497E+35
  7.0790E-01  2.1276E+40  5.1609E+34  2.1275E+40  1.3751E+36
  7.4990E-01  3.0851E+40  2.7759E+35  3.0845E+40  5.9123E+36
  7.9430E-01  4.4446E+40  1.3701E+36  4.4421E+40  2.3867E+37
  8.4140E-01  6.3498E+40  6.2851E+36  6.3401E+40  9.1465E+37
  8.9130E-01  9.1283E+40  2.7980E+37  9.0906E+40  3.4938E+38
  9.4410E-01  1.2933E+41  1.1439E+38  1.2797E+41  1.2439E+39
  1.0000E+00  1.7882E+41  4.1534E+38  1.7445E+41  3.9588E+39
  1.0590E+00  2.4478E+41  1.3567E+39  2.3199E+41  1.1428E+40
  1.1220E+00  3.3706E+41  4.0847E+39  3.0242E+41  3.0558E+40
  1.1890E+00  4.7459E+41  1.1461E+40  3.8650E+41  7.6624E+40
  1.2590E+00  6.9958E+41  3.0347E+40  4.8560E+41  1.8363E+41
  1.3340E+00  1.0735E+42  7.4023E+40  5.9315E+41  4.0628E+41
  1.4130E+00  1.6807E+42  1.6319E+41  7.0077E+41  8.1677E+41
  1.4960E+00  2.6549E+42  3.3111E+41  8.0421E+41  1.5195E+42
  1.5850E+00  4.1863E+42  6.3072E+41  8.9881E+41  2.6567E+42
  1.6790E+00  6.5345E+42  1.1359E+42  9.8003E+41  4.4186E+42
  1.7780E+00  9.9886E+42  1.9385E+42  1.0404E+42  7.0097E+42
  1.8840E+00  1.4795E+43  3.1420E+42  1.0720E+42  1.0581E+43
  1.9950E+00  2.1119E+43  4.8302E+42  1.0712E+42  1.5218E+43
  2.1130E+00  2.8926E+43  7.0528E+42  1.0371E+42  2.0836E+43
  2.2390E+00  3.7975E+43  9.7918E+42  9.7372E+41  2.7209E+43
  2.3710E+00  4.7870E+43  1.2953E+43  8.8882E+41  3.4028E+43
  2.5120E+00  5.8028E+43  1.6399E+43  7.9078E+41  4.0839E+43
  2.6610E+00  6.7942E+43  1.9942E+43  6.8828E+41  4.7312E+43
  2.8180E+00  7.7170E+43  2.3396E+43  5.8785E+41  5.3187E+43
  2.9850E+00  8.5292E+43  2.6604E+43  4.9380E+41  5.8194E+43
  3.1620E+00  9.2111E+43  2.9434E+43  4.0905E+41  6.2267E+43
  3.3500E+00  9.7300E+43  3.1792E+43  3.3428E+41  6.5174E+43
  3.5480E+00  1.0115E+44  3.3645E+43  2.7050E+41  6.7233E+43
  3.7580E+00  1.0352E+44  3.4964E+43  2.1657E+41  6.8336E+43
  3.9810E+00  1.0449E+44  3.5738E+43  1.7170E+41  6.8576E+43
  4.2170E+00  1.0422E+44  3.5990E+43  1.3491E+41  6.8090E+43
  4.4670E+00  1.0286E+44  3.5760E+43  1.0509E+41  6.6990E+43
  4.7320E+00  1.0048E+44  3.5073E+43  8.1081E+40  6.5329E+43
  5.0120E+00  9.7422E+43  3.3990E+43  6.2092E+40  6.3370E+43
  5.3090E+00  9.1665E+43  3.2550E+43  4.6215E+40  5.9069E+43
  5.6230E+00  8.5155E+43  3.0836E+43  3.3920E+40  5.4285E+43
  5.9570E+00  7.8140E+43  2.8926E+43  2.4554E+40  4.9189E+43
  6.3100E+00  7.0994E+43  2.6832E+43  1.7558E+40  4.4144E+43
  6.6830E+00  6.4115E+43  2.4915E+43  1.2433E+40  3.9187E+43
  7.0790E+00  5.7432E+43  2.2920E+43  8.6732E+39  3.4504E+43
  7.4990E+00  4.9890E+43  2.0643E+43  5.7909E+39  2.9241E+43
  7.9430E+00  3.8322E+43  1.7161E+43  3.4365E+39  2.1158E+43
  8.4140E+00  2.5322E+43  1.2811E+43  1.9420E+39  1.2510E+43
  8.9130E+00  1.6976E+43  9.6823E+42  1.2232E+39  7.2924E+42
  9.4410E+00  1.1885E+43  7.6018E+42  8.9535E+38  4.2820E+42
  1.0000E+01  1.2037E+43  7.7990E+42  7.5039E+38  4.2370E+42
  1.0590E+01  1.2739E+43  8.2336E+42  6.3186E+38  4.5046E+42
  1.1220E+01  1.3607E+43  8.7123E+42  5.0258E+38  4.8941E+42
  1.1890E+01  1.3636E+43  8.7086E+42  3.8346E+38  4.9275E+42
  1.2590E+01  1.3251E+43  8.4647E+42  2.8088E+38  4.7856E+42
  1.3340E+01  1.2392E+43  7.9542E+42  1.9657E+38  4.4372E+42
  1.4130E+01  1.1219E+43  7.3380E+42  1.3101E+38  3.8813E+42
  1.4960E+01  9.9084E+42  6.8133E+42  8.7126E+37  3.0950E+42
  1.5850E+01  8.7542E+42  6.3632E+42  6.0297E+37  2.3909E+42
  1.6790E+01  7.7936E+42  5.9630E+42  4.3653E+37  1.8305E+42
  1.7780E+01  7.0274E+42  5.5978E+42  3.2975E+37  1.4295E+42
  1.8840E+01  6.4105E+42  5.2456E+42  2.5332E+37  1.1648E+42
  1.9950E+01  5.8770E+42  4.8814E+42  1.9091E+37  9.9558E+41
  2.1130E+01  5.3521E+42  4.4986E+42  1.3885E+37  8.5352E+41
  2.2390E+01  4.8341E+42  4.1118E+42  9.9827E+36  7.2231E+41
  2.3710E+01  4.3416E+42  3.7337E+42  7.1079E+36  6.0785E+41
  2.5120E+01  3.8648E+42  3.3577E+42  5.0289E+36  5.0713E+41
  2.6610E+01  3.4117E+42  2.9902E+42  3.5218E+36  4.2144E+41
  2.8180E+01  2.9852E+42  2.6361E+42  2.4522E+36  3.4908E+41
  2.9850E+01  2.5826E+42  2.2946E+42  1.6929E+36  2.8793E+41
  3.1620E+01  2.2074E+42  1.9704E+42  1.1557E+36  2.3694E+41
  3.3500E+01  1.8621E+42  1.6676E+42  7.7997E+35  1.9448E+41
  3.5480E+01  1.5518E+42  1.3923E+42  5.2082E+35  1.5951E+41
  3.7580E+01  1.2760E+42  1.1454E+42  3.4354E+35  1.3064E+41
  3.9810E+01  1.0344E+42  9.2752E+41  2.2379E+35  1.0688E+41
  4.2170E+01  8.2822E+41  7.4085E+41  1.4403E+35  8.7363E+40
  4.4670E+01  6.5555E+41  5.8424E+41  9.1539E+34  7.1315E+40
  4.7320E+01  5.1360E+41  4.5548E+41  5.7545E+34  5.8113E+40
  5.0120E+01  3.9888E+41  3.5158E+41  3.5836E+34  4.7305E+40
  5.3090E+01  3.0717E+41  2.6874E+41  2.2116E+34  3.8430E+40
  5.6230E+01  2.3500E+41  2.0382E+41  1.3551E+34  3.1180E+40
  5.9570E+01  1.7854E+41  1.5330E+41  8.2408E+33  2.5233E+40
  6.3100E+01  1.3503E+41  1.1463E+41  4.9872E+33  2.0399E+40
  6.6830E+01  1.0175E+41  8.5276E+40  3.0063E+33  1.6474E+40
  7.0790E+01  7.6403E+40  6.3124E+40  1.8054E+33  1.3280E+40
  7.4990E+01  5.7203E+40  4.6515E+40  1.0811E+33  1.0688E+40
  7.9430E+01  4.2762E+40  3.4167E+40  6.4643E+32  8.5950E+39
  8.4140E+01  3.1918E+40  2.5016E+40  3.8589E+32  6.9026E+39
  8.9130E+01  2.3815E+40  1.8278E+40  2.3032E+32  5.5375E+39
  9.4410E+01  1.7770E+40  1.3330E+40  1.3749E+32  4.4396E+39
  1.0000E+02  1.3260E+40  9.7035E+39  8.2104E+31  3.5570E+39
  1.0590E+02  9.9110E+39  7.0611E+39  4.9123E+31  2.8498E+39
  1.1220E+02  7.4096E+39  5.1319E+39  2.9388E+31  2.2777E+39
  1.1890E+02  5.5525E+39  3.7348E+39  1.7622E+31  1.8177E+39
  1.2590E+02  4.1909E+39  2.7367E+39  1.0643E+31  1.4542E+39
  1.3340E+02  3.1718E+39  2.0120E+39  6.4518E+30  1.1598E+39
  1.4130E+02  2.3948E+39  1.4688E+39  3.9186E+30  9.2595E+38
  1.4960E+02  1.7913E+39  1.0508E+39  2.3602E+30  7.4047E+38
  1.5850E+02  1.3366E+39  7.4635E+38  1.4148E+30  5.9027E+38
  1.7780E+02  7.5626E+38  3.8058E+38  5.1538E+29  3.7567E+38
  1.9950E+02  4.3342E+38  1.9486E+38  1.9000E+29  2.3856E+38
  2.2390E+02  2.5095E+38  9.9736E+37  7.0751E+28  1.5122E+38
  2.5120E+02  1.4697E+38  5.1061E+37  2.6621E+28  9.5904E+37
  2.8180E+02  8.6918E+37  2.6112E+37  1.0104E+28  6.0806E+37
  3.1620E+02  5.1822E+37  1.3324E+37  3.8609E+27  3.8498E+37
  3.5480E+02  3.1152E+37  6.7905E+36  1.4846E+27  2.4361E+37
  3.9810E+02  1.8868E+37  3.4565E+36  5.7437E+26  1.5412E+37
  4.4670E+02  1.1502E+37  1.7572E+36  2.2330E+26  9.7451E+36
  5.0120E+02  7.0544E+36  8.9259E+35  8.7206E+25  6.1618E+36
  5.6230E+02  4.3496E+36  4.5315E+35  3.4183E+25  3.8965E+36
  6.3100E+02  2.6906E+36  2.2963E+35  1.3429E+25  2.4610E+36
  7.0790E+02  1.6722E+36  1.1639E+35  5.2947E+24  1.5558E+36
  7.9430E+02  1.0417E+36  5.8904E+34  2.0902E+24  9.8276E+35
  8.9130E+02  6.5030E+35  2.9779E+34  8.2635E+23  6.2053E+35
  1.0000E+03  4.0706E+35  1.5052E+34  3.2737E+23  3.9201E+35
