  1.0000E-03  9.7427E+43  9.6995E+04  5.0918E+42  9.2335E+43
  1.1220E-03  6.3420E+43  6.2257E+04  4.8038E+42  5.8616E+43
  1.2590E-03  4.0156E+43  4.2690E+04  4.2700E+42  3.5886E+43
  1.4130E-03  2.4990E+43  3.0554E+04  3.6008E+42  2.1389E+43
  1.5850E-03  1.7024E+43  2.3672E+04  3.0277E+42  1.3996E+43
  1.7780E-03  1.6134E+43  2.0861E+04  3.1334E+42  1.3001E+43
  1.9950E-03  7.3715E+42  1.4274E+04  2.2914E+42  5.0801E+42
  2.2390E-03  4.1523E+42  1.1103E+04  1.6135E+42  2.5388E+42
  2.5120E-03  3.6060E+42  9.8079E+03  1.6189E+42  1.9870E+42
  2.8180E-03  1.5361E+42  6.5001E+03  1.0396E+42  4.9642E+41
  3.1620E-03  8.2574E+41  4.6477E+03  6.8107E+41  1.4466E+41
  3.5480E-03  5.0080E+41  3.4350E+03  4.5518E+41  4.5614E+40
  3.9810E-03  3.3215E+41  2.6508E+03  3.1599E+41  1.6166E+40
  4.4670E-03  9.6480E+42  1.3067E+03  7.8282E+42  1.8198E+42
  5.0120E-03  4.8438E+42  5.8344E+02  4.4411E+42  4.0276E+41
  5.6230E-03  2.5547E+42  2.7263E+02  2.4644E+42  9.0337E+40
  5.9570E-03  1.8933E+42  2.4210E+02  1.8490E+42  4.4316E+40
  6.6830E-03  1.1163E+42  1.3391E+02  1.1038E+42  1.2550E+40
  7.4990E-03  7.2233E+41  8.5006E+01  7.1761E+41  4.7175E+39
  8.4140E-03  4.5621E+41  4.9765E+01  4.5476E+41  1.4508E+39
  9.4410E-03  3.0653E+41  3.2471E+01  3.0596E+41  5.7337E+38
  1.0590E-02  2.2574E+41  2.5406E+01  2.2535E+41  3.9302E+38
  1.1890E-02  1.6045E+41  1.6227E+01  1.6031E+41  1.3622E+38
  1.3340E-02  1.1460E+41  1.0959E+01  1.1454E+41  6.2932E+37
  1.4960E-02  7.9913E+40  7.0365E+00  7.9890E+40  2.3063E+37
  1.6790E-02  5.6713E+40  4.6973E+00  5.6704E+40  9.3383E+36
  1.8840E-02  4.1364E+40  3.3453E+00  4.1359E+40  4.2951E+36
  2.1130E-02  3.0748E+40  2.2604E+00  3.0746E+40  1.7664E+36
  2.3710E-02  2.2846E+40  1.5032E+00  2.2845E+40  6.9801E+35
  2.6610E-02  1.6888E+40  9.6238E-01  1.6888E+40  2.5114E+35
  2.9850E-02  1.2727E+40  6.1977E-01  1.2727E+40  9.1854E+34
  3.3500E-02  9.7414E+39  3.6789E-01  9.7413E+39  3.2982E+34
  3.7580E-02  9.6256E+39  3.3380E-01  9.6256E+39  2.7343E+34
  4.2170E-02  9.6506E+39  2.1284E-01  9.6506E+39  9.6825E+33
  4.7320E-02  6.2747E+39  1.4240E+02  6.2747E+39  7.2239E+32
  5.3090E-02  3.8664E+39  8.4330E+01  3.8664E+39  2.9451E+31
  6.6830E-02  7.0882E+38  1.1110E+01  7.0882E+38  7.8742E+25
  7.4990E-02  2.4186E+38  3.1224E+00  2.4186E+38  2.1783E+22
  8.4140E-02  2.8237E+38  4.2479E+00  2.8237E+38  1.6210E+23
  9.4410E-02  3.3041E+38  5.2554E+00  3.3041E+38  6.4931E+23
  1.0590E-01  6.6611E+38  1.2697E+01  6.6611E+38  1.7892E+26
  1.1890E-01  1.1711E+39  9.1670E+03  1.1711E+39  9.8254E+28
  1.3340E-01  2.0327E+39  7.0244E+08  2.0327E+39  9.0851E+30
  1.4960E-01  3.5802E+39  8.4064E+12  3.5802E+39  1.5845E+32
  1.5850E-01  3.8856E+39  3.8226E+14  3.8856E+39  2.5303E+32
  1.7780E-01  1.9075E+39  9.6489E+16  1.9075E+39  8.4881E+31
  1.9950E-01  4.9659E+38  4.2259E+17  4.9659E+38  3.1302E+29
  2.2390E-01  3.4382E+38  4.1280E+18  3.4382E+38  9.8041E+27
  2.3710E-01  6.5391E+38  6.1373E+20  6.5391E+38  5.0691E+29
  2.5120E-01  1.1706E+39  9.1537E+22  1.1706E+39  3.1106E+31
  2.6610E-01  1.7093E+39  4.5449E+24  1.7093E+39  4.9328E+32
  2.8180E-01  2.2742E+39  1.1291E+26  2.2742E+39  3.5549E+33
  2.9850E-01  2.9501E+39  1.8309E+27  2.9500E+39  1.6612E+34
  3.1620E-01  3.9107E+39  2.3495E+28  3.9106E+39  6.5653E+34
  3.3500E-01  5.2262E+39  2.5126E+29  5.2260E+39  2.2993E+35
  3.5480E-01  6.8881E+39  2.2095E+30  6.8874E+39  7.0084E+35
  3.7580E-01  9.1075E+39  1.7754E+31  9.1054E+39  2.0946E+36
  3.9810E-01  1.1964E+40  1.2120E+32  1.1958E+40  5.6422E+36
  4.2170E-01  1.6157E+40  8.1367E+32  1.6141E+40  1.6464E+37
  4.4670E-01  2.1955E+40  4.9039E+33  2.1909E+40  4.6011E+37
  4.7320E-01  2.9727E+40  2.7257E+34  2.9602E+40  1.2506E+38
  5.0120E-01  3.9860E+40  1.3873E+35  3.9533E+40  3.2681E+38
  5.3090E-01  5.3470E+40  6.7429E+35  5.2611E+40  8.5821E+38
  5.6230E-01  7.0794E+40  2.8974E+36  6.8724E+40  2.0676E+39
  5.9570E-01  9.3337E+40  1.1390E+37  8.8600E+40  4.7255E+39
  6.3100E-01  1.2435E+41  4.1983E+37  1.1374E+41  1.0570E+40
  6.6830E-01  1.6817E+41  1.4514E+38  1.4493E+41  2.3102E+40
  7.0790E-01  2.3391E+41  4.6841E+38  1.8463E+41  4.8815E+40
  7.4990E-01  3.3202E+41  1.3844E+39  2.3328E+41  9.7354E+40
  7.9430E-01  4.8651E+41  3.8365E+39  2.9451E+41  1.8816E+41
  8.4140E-01  7.3486E+41  1.0055E+40  3.7050E+41  3.5431E+41
  8.9130E-01  1.1603E+42  2.5541E+40  4.6854E+41  6.6617E+41
  9.4410E-01  1.8560E+42  6.1088E+40  5.8579E+41  1.2091E+42
  1.0000E+00  2.9265E+42  1.3527E+41  7.1682E+41  2.0744E+42
  1.0590E+00  4.5317E+42  2.7955E+41  8.6265E+41  3.3894E+42
  1.1220E+00  6.8989E+42  5.4768E+41  1.0229E+42  5.3282E+42
  1.1890E+00  1.0326E+43  1.0241E+42  1.1930E+42  8.1092E+42
  1.2590E+00  1.5278E+43  1.8384E+42  1.3673E+42  1.2073E+43
  1.3340E+00  2.1919E+43  3.1337E+42  1.5288E+42  1.7257E+43
  1.4130E+00  3.0185E+43  5.0126E+42  1.6618E+42  2.3511E+43
  1.4960E+00  4.0185E+43  7.6081E+42  1.7608E+42  3.0816E+43
  1.5850E+00  5.2046E+43  1.1098E+43  1.8211E+42  3.9126E+43
  1.6790E+00  6.5888E+43  1.5598E+43  1.8388E+42  4.8451E+43
  1.7780E+00  8.1550E+43  2.1140E+43  1.8094E+42  5.8601E+43
  1.8840E+00  9.8511E+43  2.7685E+43  1.7323E+42  6.9094E+43
  1.9950E+00  1.1614E+44  3.4977E+43  1.6136E+42  7.9544E+43
  2.1130E+00  1.3345E+44  4.2670E+43  1.4624E+42  8.9314E+43
  2.2390E+00  1.4944E+44  5.0260E+43  1.2907E+42  9.7887E+43
  2.3710E+00  1.6337E+44  5.7244E+43  1.1120E+42  1.0502E+44
  2.5120E+00  1.7449E+44  6.3245E+43  9.3725E+41  1.1031E+44
  2.6610E+00  1.8255E+44  6.7940E+43  7.7486E+41  1.1383E+44
  2.8180E+00  1.8752E+44  7.1166E+43  6.2972E+41  1.1573E+44
  2.9850E+00  1.8949E+44  7.2956E+43  5.0409E+41  1.1603E+44
  3.1620E+00  1.8881E+44  7.3378E+43  3.9828E+41  1.1504E+44
  3.3500E+00  1.8580E+44  7.2713E+43  3.1107E+41  1.1277E+44
  3.5480E+00  1.8107E+44  7.1053E+43  2.4071E+41  1.0977E+44
  3.7580E+00  1.7489E+44  6.8658E+43  1.8459E+41  1.0605E+44
  3.9810E+00  1.6760E+44  6.5677E+43  1.4041E+41  1.0178E+44
  4.2170E+00  1.5956E+44  6.2279E+43  1.0606E+41  9.7171E+43
  4.4670E+00  1.5102E+44  5.8604E+43  7.9594E+40  9.2338E+43
  4.7320E+00  1.4217E+44  5.4752E+43  5.9316E+40  8.7355E+43
  5.0120E+00  1.3339E+44  5.0829E+43  4.3996E+40  8.2519E+43
  5.3090E+00  1.2207E+44  4.6871E+43  3.1831E+40  7.5170E+43
  5.6230E+00  1.1073E+44  4.2971E+43  2.2776E+40  6.7735E+43
  5.9570E+00  9.9588E+43  3.9202E+43  1.6122E+40  6.0370E+43
  6.3100E+00  8.8839E+43  3.5453E+43  1.1287E+40  5.3375E+43
  6.6830E+00  7.9058E+43  3.2256E+43  7.8516E+39  4.6794E+43
  7.0790E+00  6.9851E+43  2.9114E+43  5.3852E+39  4.0732E+43
  7.4990E+00  6.0834E+43  2.6142E+43  3.5938E+39  3.4688E+43
  7.9430E+00  5.0529E+43  2.3293E+43  2.2892E+39  2.7234E+43
  8.4140E+00  3.9583E+43  2.0299E+43  1.4789E+39  1.9282E+43
  8.9130E+00  3.1076E+43  1.7548E+43  1.0345E+39  1.3527E+43
  9.4410E+00  2.4718E+43  1.5211E+43  8.1870E+38  9.5055E+42
  1.0000E+01  2.3270E+43  1.4617E+43  6.5422E+38  8.6527E+42
  1.0590E+01  2.2186E+43  1.4032E+43  5.1278E+38  8.1528E+42
  1.1220E+01  2.0983E+43  1.3236E+43  3.7277E+38  7.7471E+42
  1.1890E+01  1.9082E+43  1.2009E+43  2.6283E+38  7.0737E+42
  1.2590E+01  1.7074E+43  1.0730E+43  1.7900E+38  6.3431E+42
  1.3340E+01  1.4974E+43  9.4297E+42  1.1792E+38  5.5444E+42
  1.4130E+01  1.3047E+43  8.3432E+42  7.5709E+37  4.7041E+42
  1.4960E+01  1.1526E+43  7.7161E+42  5.0452E+37  3.8096E+42
  1.5850E+01  1.0279E+43  7.2492E+42  3.5331E+37  3.0298E+42
  1.6790E+01  9.2413E+42  6.8441E+42  2.5906E+37  2.3973E+42
  1.7780E+01  8.3267E+42  6.4117E+42  1.9624E+37  1.9150E+42
  1.8840E+01  7.4474E+42  5.8879E+42  1.4842E+37  1.5595E+42
  1.9950E+01  6.5837E+42  5.2825E+42  1.0823E+37  1.3011E+42
  2.1130E+01  5.7755E+42  4.6895E+42  7.6011E+36  1.0860E+42
  2.2390E+01  5.0467E+42  4.1474E+42  5.2970E+36  8.9925E+41
  2.3710E+01  4.4001E+42  3.6572E+42  3.6667E+36  7.4290E+41
  2.5120E+01  3.8119E+42  3.2017E+42  2.5280E+36  6.1018E+41
  2.6610E+01  3.2809E+42  2.7809E+42  1.7280E+36  5.0004E+41
  2.8180E+01  2.8040E+42  2.3949E+42  1.1763E+36  4.0912E+41
  2.9850E+01  2.3722E+42  2.0385E+42  7.9489E+35  3.3372E+41
  3.1620E+01  1.9845E+42  1.7128E+42  5.3157E+35  2.7175E+41
  3.3500E+01  1.6398E+42  1.4190E+42  3.5166E+35  2.2085E+41
  3.5480E+01  1.3397E+42  1.1603E+42  2.3038E+35  1.7945E+41
  3.7580E+01  1.0807E+42  9.3503E+41  1.4917E+35  1.4564E+41
  3.9810E+01  8.5996E+41  7.4190E+41  9.5440E+34  1.1806E+41
  4.2170E+01  6.7660E+41  5.8096E+41  6.0381E+34  9.5641E+40
  4.4670E+01  5.2687E+41  4.4947E+41  3.7768E+34  7.7401E+40
  4.7320E+01  4.0664E+41  3.4408E+41  2.3399E+34  6.2562E+40
  5.0120E+01  3.1158E+41  2.6104E+41  1.4383E+34  5.0541E+40
  5.3090E+01  2.3708E+41  1.9631E+41  8.7759E+33  4.0772E+40
  5.6230E+01  1.7951E+41  1.4664E+41  5.3253E+33  3.2869E+40
  5.9570E+01  1.3518E+41  1.0874E+41  3.2129E+33  2.6445E+40
  6.3100E+01  1.0151E+41  8.0242E+40  1.9325E+33  2.1266E+40
  6.6830E+01  7.6065E+40  5.8971E+40  1.1598E+33  1.7094E+40
  7.0790E+01  5.6885E+40  4.3163E+40  6.9460E+32  1.3722E+40
  7.4990E+01  4.2480E+40  3.1478E+40  4.1545E+32  1.1002E+40
  7.9430E+01  3.1721E+40  2.2902E+40  2.4852E+32  8.8186E+39
  8.4140E+01  2.3683E+40  1.6621E+40  1.4863E+32  7.0614E+39
  8.9130E+01  1.7697E+40  1.2047E+40  8.8985E+31  5.6502E+39
  9.4410E+01  1.3241E+40  8.7210E+39  5.3350E+31  4.5197E+39
  1.0000E+02  9.9193E+39  6.3055E+39  3.2031E+31  3.6139E+39
  1.0590E+02  7.4504E+39  4.5602E+39  1.9286E+31  2.8903E+39
  1.1220E+02  5.6021E+39  3.2957E+39  1.1619E+31  2.3064E+39
  1.1890E+02  4.2246E+39  2.3865E+39  7.0187E+30  1.8381E+39
  1.2590E+02  3.2102E+39  1.7413E+39  4.2712E+30  1.4689E+39
  1.3340E+02  2.4459E+39  1.2755E+39  2.6082E+30  1.1704E+39
  1.4130E+02  1.8613E+39  9.2779E+38  1.5975E+30  9.3349E+38
  1.4960E+02  1.4067E+39  6.6096E+38  9.7257E+29  7.4579E+38
  1.5850E+02  1.0615E+39  4.6747E+38  5.8961E+29  5.9401E+38
  1.7780E+02  6.1421E+38  2.3668E+38  2.1948E+29  3.7753E+38
  1.9950E+02  3.5996E+38  1.2047E+38  8.2595E+28  2.3949E+38
  2.2390E+02  2.1304E+38  6.1358E+37  3.1354E+28  1.5168E+38
  2.5120E+02  1.2742E+38  3.1282E+37  1.2009E+28  9.6138E+37
  2.8180E+02  7.6864E+37  1.5940E+37  4.6321E+27  6.0924E+37
  3.1620E+02  4.6666E+37  8.1085E+36  1.7954E+27  3.8557E+37
  3.5480E+02  2.8512E+37  4.1215E+36  6.9900E+26  2.4391E+37
  3.9810E+02  1.7520E+37  2.0931E+36  2.7336E+26  1.5427E+37
  4.4670E+02  1.0815E+37  1.0620E+36  1.0725E+26  9.7526E+36
  5.0120E+02  6.7041E+36  5.3850E+35  4.2208E+25  6.1656E+36
  5.6230E+02  4.1714E+36  2.7298E+35  1.6651E+25  3.8984E+36
  6.3100E+02  2.6001E+36  1.3815E+35  6.5764E+24  2.4620E+36
  7.0790E+02  1.6262E+36  6.9943E+34  2.6043E+24  1.5563E+36
  7.9430E+02  1.0184E+36  3.5363E+34  1.0318E+24  9.8301E+35
  8.9130E+02  6.3851E+35  1.7862E+34  4.0911E+23  6.2065E+35
  1.0000E+03  4.0110E+35  9.0220E+33  1.6246E+23  3.9207E+35
