  1.0000E-03  8.7782E+44  1.6202E+06  1.2049E+42  8.7662E+44
  1.1220E-03  9.8514E+44  1.5592E+06  1.5658E+42  9.8357E+44
  1.2590E-03  1.1056E+45  1.5345E+06  1.9379E+42  1.1037E+45
  1.4130E-03  1.2410E+45  1.4421E+06  2.3014E+42  1.2387E+45
  1.5850E-03  1.3921E+45  1.4201E+06  2.6459E+42  1.3894E+45
  1.7780E-03  1.5618E+45  1.4147E+06  3.2411E+42  1.5586E+45
  1.9950E-03  1.7527E+45  1.4711E+06  3.8979E+42  1.7488E+45
  2.2390E-03  1.9670E+45  1.3834E+06  4.2336E+42  1.9627E+45
  2.5120E-03  2.2073E+45  1.3652E+06  5.2674E+42  2.2020E+45
  2.8180E-03  2.4763E+45  1.3229E+06  6.0812E+42  2.4702E+45
  3.1620E-03  2.7785E+45  1.3673E+06  6.6520E+42  2.7718E+45
  3.5480E-03  3.1173E+45  1.2871E+06  7.0505E+42  3.1103E+45
  3.9810E-03  3.4971E+45  1.2659E+06  7.2740E+42  3.4898E+45
  4.4670E-03  3.9302E+45  1.2878E+06  1.4407E+43  3.9158E+45
  5.0120E-03  4.4112E+45  1.3263E+06  1.7584E+43  4.3936E+45
  5.6230E-03  4.9497E+45  1.2435E+06  2.0443E+43  4.9292E+45
  5.9570E-03  5.2438E+45  1.3138E+06  2.1771E+43  5.2220E+45
  6.6830E-03  5.8828E+45  1.2406E+06  2.4294E+43  5.8585E+45
  7.4990E-03  6.6007E+45  1.2638E+06  2.6849E+43  6.5738E+45
  8.4140E-03  7.4054E+45  1.2319E+06  2.9596E+43  7.3758E+45
  9.4410E-03  8.3083E+45  1.2853E+06  3.2216E+43  8.2761E+45
  1.0590E-02  9.3176E+45  1.2167E+06  3.4340E+43  9.2833E+45
  1.1890E-02  1.0461E+46  1.2417E+06  3.8238E+43  1.0423E+46
  1.3340E-02  1.1735E+46  1.2110E+06  4.1466E+43  1.1694E+46
  1.4960E-02  1.3159E+46  1.2568E+06  4.5279E+43  1.3114E+46
  1.6790E-02  1.4768E+46  1.1917E+06  4.9281E+43  1.4718E+46
  1.8840E-02  1.6569E+46  1.1849E+06  5.3558E+43  1.6515E+46
  2.1130E-02  1.8582E+46  1.1515E+06  5.8633E+43  1.8524E+46
  2.3710E-02  2.0849E+46  1.1814E+06  6.4195E+43  2.0785E+46
  2.6610E-02  2.3397E+46  1.1610E+06  7.0367E+43  2.3326E+46
  2.9850E-02  2.6243E+46  1.2156E+06  7.7091E+43  2.6166E+46
  3.3500E-02  2.9451E+46  1.1480E+06  8.4207E+43  2.9367E+46
  3.7580E-02  3.3033E+46  1.2032E+06  9.0909E+43  3.2942E+46
  4.2170E-02  3.7082E+46  1.1774E+06  1.1481E+44  3.6967E+46
  4.7320E-02  4.1614E+46  1.1740E+06  1.3243E+44  4.1482E+46
  5.3090E-02  4.3353E+46  1.0894E+06  1.4060E+44  4.3212E+46
  6.6830E-02  4.1412E+46  9.7028E+05  1.4353E+44  4.1268E+46
  7.4990E-02  4.0472E+46  8.6147E+05  1.4411E+44  4.0328E+46
  8.4140E-02  3.9547E+46  1.0187E+06  1.3702E+44  3.9410E+46
  9.4410E-02  3.8646E+46  1.2802E+10  1.3309E+44  3.8513E+46
  1.0590E-01  3.5177E+46  3.5706E+14  1.2204E+44  3.5055E+46
  1.1890E-01  2.9561E+46  2.6465E+18  9.3423E+43  2.9467E+46
  1.3340E-01  2.4869E+46  5.2520E+21  7.3361E+43  2.4795E+46
  1.4960E-01  2.0930E+46  5.8385E+24  5.1165E+43  2.0878E+46
  1.5850E-01  1.9188E+46  1.7121E+26  4.2496E+43  1.9145E+46
  1.7780E-01  1.6148E+46  8.9620E+28  3.3222E+43  1.6114E+46
  1.9950E-01  1.3586E+46  2.7178E+31  2.8499E+43  1.3558E+46
  2.2390E-01  1.1432E+46  3.3834E+33  2.9197E+43  1.1403E+46
  2.3710E-01  1.0493E+46  2.2379E+34  2.8939E+43  1.0464E+46
  2.5120E-01  9.6225E+45  1.2627E+35  2.6640E+43  9.5958E+45
  2.6610E-01  8.8249E+45  6.6850E+35  2.3728E+43  8.8012E+45
  2.8180E-01  8.0971E+45  3.2574E+36  2.1012E+43  8.0761E+45
  2.9850E-01  7.4266E+45  1.4493E+37  1.8751E+43  7.4079E+45
  3.1620E-01  6.8116E+45  5.7987E+37  1.6951E+43  6.7947E+45
  3.3500E-01  6.2462E+45  2.1194E+38  1.5392E+43  6.2308E+45
  3.5480E-01  5.7305E+45  7.0984E+38  1.4022E+43  5.7165E+45
  3.7580E-01  5.2570E+45  2.1997E+39  1.2799E+43  5.2442E+45
  3.9810E-01  4.8215E+45  6.2797E+39  1.1739E+43  4.8097E+45
  4.2170E-01  4.4224E+45  1.6467E+40  1.0795E+43  4.4116E+45
  4.4670E-01  4.0566E+45  4.0019E+40  9.9667E+42  4.0466E+45
  4.7320E-01  3.7208E+45  9.1451E+40  9.1968E+42  3.7115E+45
  5.0120E-01  3.4135E+45  1.9707E+41  8.4713E+42  3.4048E+45
  5.3090E-01  3.1314E+45  4.0253E+41  7.7825E+42  3.1232E+45
  5.6230E-01  2.8731E+45  7.7850E+41  7.1528E+42  2.8651E+45
  5.9570E-01  2.6356E+45  1.4351E+42  6.5672E+42  2.6276E+45
  6.3100E-01  2.4189E+45  2.5185E+42  6.0154E+42  2.4103E+45
  6.6830E-01  2.2211E+45  4.2148E+42  5.4924E+42  2.2114E+45
  7.0790E-01  2.0402E+45  6.7516E+42  5.0058E+42  2.0284E+45
  7.4990E-01  1.8754E+45  1.0371E+43  4.5522E+42  1.8605E+45
  7.9430E-01  1.7260E+45  1.5287E+43  4.1243E+42  1.7066E+45
  8.4140E-01  1.5908E+45  2.1708E+43  3.7240E+42  1.5653E+45
  8.9130E-01  1.4688E+45  2.9761E+43  3.3430E+42  1.4357E+45
  9.4410E-01  1.3594E+45  3.9425E+43  2.9895E+42  1.3170E+45
  1.0000E+00  1.2614E+45  5.0583E+43  2.6640E+42  1.2081E+45
  1.0590E+00  1.1739E+45  6.2944E+43  2.3662E+42  1.1086E+45
  1.1220E+00  1.0950E+45  7.6400E+43  2.0880E+42  1.0165E+45
  1.1890E+00  1.0242E+45  9.0544E+43  1.8259E+42  9.3183E+44
  1.2590E+00  9.6119E+44  1.0441E+44  1.5767E+42  8.5520E+44
  1.3340E+00  9.0327E+44  1.1781E+44  1.3490E+42  7.8411E+44
  1.4130E+00  8.5015E+44  1.2973E+44  1.1484E+42  7.1927E+44
  1.4960E+00  8.0102E+44  1.3980E+44  9.7037E+41  6.6026E+44
  1.5850E+00  7.5441E+44  1.4816E+44  8.1048E+41  6.0543E+44
  1.6790E+00  7.0991E+44  1.5394E+44  6.6724E+41  5.5530E+44
  1.7780E+00  6.6690E+44  1.5679E+44  5.4005E+41  5.0957E+44
  1.8840E+00  6.2476E+44  1.5714E+44  4.2909E+41  4.6719E+44
  1.9950E+00  5.8396E+44  1.5487E+44  3.3500E+41  4.2875E+44
  2.1130E+00  5.4402E+44  1.5043E+44  2.5711E+41  3.9333E+44
  2.2390E+00  5.0479E+44  1.4398E+44  1.9424E+41  3.6061E+44
  2.3710E+00  4.6700E+44  1.3594E+44  1.4487E+41  3.3092E+44
  2.5120E+00  4.3043E+44  1.2688E+44  1.0688E+41  3.0344E+44
  2.6610E+00  3.9548E+44  1.1708E+44  7.8187E+40  2.7832E+44
  2.8180E+00  3.6226E+44  1.0682E+44  5.6786E+40  2.5538E+44
  2.9850E+00  3.3087E+44  9.6563E+43  4.1008E+40  2.3426E+44
  3.1620E+00  3.0137E+44  8.6475E+43  2.9476E+40  2.1487E+44
  3.3500E+00  2.7416E+44  7.7097E+43  2.1138E+40  1.9704E+44
  3.5480E+00  2.4898E+44  6.8183E+43  1.5121E+40  1.8078E+44
  3.7580E+00  2.2587E+44  6.0024E+43  1.0799E+40  1.6583E+44
  3.9810E+00  2.0471E+44  5.2605E+43  7.7018E+39  1.5210E+44
  4.2170E+00  1.8544E+44  4.5926E+43  5.4900E+39  1.3951E+44
  4.4670E+00  1.6793E+44  3.9960E+43  3.9115E+39  1.2796E+44
  4.7320E+00  1.5205E+44  3.4682E+43  2.7848E+39  1.1737E+44
  5.0120E+00  1.3796E+44  3.0047E+43  1.9863E+39  1.0791E+44
  5.3090E+00  1.2198E+44  2.5959E+43  1.3807E+39  9.6024E+43
  5.6230E+00  1.0720E+44  2.2398E+43  9.5296E+38  8.4805E+43
  5.9570E+00  9.3637E+43  1.9320E+43  6.5305E+38  7.4316E+43
  6.3100E+00  8.1238E+43  1.6528E+43  4.4390E+38  6.4710E+43
  6.6830E+00  7.0339E+43  1.4325E+43  3.0040E+38  5.6014E+43
  7.0790E+00  6.0498E+43  1.2307E+43  2.0101E+38  4.8190E+43
  7.4990E+00  5.2217E+43  1.0987E+43  1.3385E+38  4.1229E+43
  7.9430E+00  4.7019E+43  1.1910E+43  9.3314E+37  3.5109E+43
  8.4140E+00  4.4955E+43  1.5202E+43  7.2693E+37  2.9752E+43
  8.9130E+00  4.3220E+43  1.8116E+43  6.0116E+37  2.5104E+43
  9.4410E+00  4.1455E+43  2.0355E+43  5.4452E+37  2.1101E+43
  1.0000E+01  3.4498E+43  1.6828E+43  3.8452E+37  1.7671E+43
  1.0590E+01  2.7753E+43  1.2995E+43  2.5575E+37  1.4758E+43
  1.1220E+01  2.1699E+43  9.4320E+42  1.5543E+37  1.2267E+43
  1.1890E+01  1.7059E+43  6.8996E+42  9.5458E+36  1.0159E+43
  1.2590E+01  1.3436E+43  5.0244E+42  5.7742E+36  8.4119E+42
  1.3340E+01  1.0626E+43  3.6941E+42  3.4698E+36  6.9319E+42
  1.4130E+01  8.6077E+42  2.9028E+42  2.1029E+36  5.7050E+42
  1.4960E+01  7.3878E+42  2.6958E+42  1.3757E+36  4.6919E+42
  1.5850E+01  6.4505E+42  2.6091E+42  9.4694E+35  3.8414E+42
  1.6790E+01  5.6692E+42  2.5283E+42  6.7839E+35  3.1409E+42
  1.7780E+01  4.9203E+42  2.3539E+42  4.9394E+35  2.5663E+42
  1.8840E+01  4.1266E+42  2.0379E+42  3.5030E+35  2.0888E+42
  1.9950E+01  3.3436E+42  1.6423E+42  2.3509E+35  1.7013E+42
  2.1130E+01  2.6820E+42  1.2993E+42  1.5214E+35  1.3827E+42
  2.2390E+01  2.1536E+42  1.0334E+42  9.8243E+34  1.1203E+42
  2.3710E+01  1.7345E+42  8.2587E+41  6.3375E+34  9.0864E+41
  2.5120E+01  1.3953E+42  6.6049E+41  4.0916E+34  7.3479E+41
  2.6610E+01  1.1213E+42  5.2747E+41  2.6337E+34  5.9383E+41
  2.8180E+01  9.0087E+41  4.2093E+41  1.6989E+34  4.7994E+41
  2.9850E+01  7.2150E+41  3.3433E+41  1.0948E+34  3.8717E+41
  3.1620E+01  5.7570E+41  2.6372E+41  7.0322E+33  3.1199E+41
  3.3500E+01  4.5743E+41  2.0637E+41  4.5026E+33  2.5106E+41
  3.5480E+01  3.6251E+41  1.6041E+41  2.8783E+33  2.0210E+41
  3.7580E+01  2.8598E+41  1.2345E+41  1.8325E+33  1.6253E+41
  3.9810E+01  2.2435E+41  9.3818E+40  1.1614E+33  1.3054E+41
  4.2170E+01  1.7539E+41  7.0598E+40  7.3331E+32  1.0479E+41
  4.4670E+01  1.3672E+41  5.2645E+40  4.6103E+32  8.4074E+40
  4.7320E+01  1.0635E+41  3.8954E+40  2.8893E+32  6.7400E+40
  5.0120E+01  8.2677E+40  2.8643E+40  1.8075E+32  5.4034E+40
  5.3090E+01  6.4213E+40  2.0931E+40  1.1287E+32  4.3282E+40
  5.6230E+01  4.9895E+40  1.5228E+40  7.0435E+31  3.4667E+40
  5.9570E+01  3.8748E+40  1.1020E+40  4.3886E+31  2.7728E+40
  6.3100E+01  3.0133E+40  7.9526E+39  2.7357E+31  2.2180E+40
  6.6830E+01  2.3470E+40  5.7254E+39  1.7066E+31  1.7744E+40
  7.0790E+01  1.8295E+40  4.1120E+39  1.0646E+31  1.4183E+40
  7.4990E+01  1.4276E+40  2.9466E+39  6.6439E+30  1.1329E+40
  7.9430E+01  1.1160E+40  2.1094E+39  4.1513E+30  9.0505E+39
  8.4140E+01  8.7338E+39  1.5082E+39  2.5945E+30  7.2256E+39
  8.9130E+01  6.8446E+39  1.0780E+39  1.6230E+30  5.7665E+39
  9.4410E+01  5.3724E+39  7.7035E+38  1.0164E+30  4.6021E+39
  1.0000E+02  4.2225E+39  5.5027E+38  6.3696E+29  3.6722E+39
  1.0590E+02  3.3251E+39  3.9347E+38  3.9983E+29  2.9317E+39
  1.1220E+02  2.6170E+39  2.8128E+38  2.5063E+29  2.3358E+39
  1.1890E+02  2.0605E+39  2.0150E+38  1.5711E+29  1.8590E+39
  1.2590E+02  1.6292E+39  1.4542E+38  9.8887E+28  1.4838E+39
  1.3340E+02  1.2864E+39  1.0528E+38  6.2233E+28  1.1811E+39
  1.4130E+02  1.0170E+39  7.5846E+37  3.9363E+28  9.4117E+38
  1.4960E+02  8.0497E+38  5.3764E+37  2.4888E+28  7.5121E+38
  1.5850E+02  6.3567E+38  3.7861E+37  1.5648E+28  5.9781E+38
  1.7780E+02  3.9840E+38  1.8977E+37  6.2013E+27  3.7942E+38
  1.9950E+02  2.5000E+38  9.5609E+36  2.4590E+27  2.4043E+38
  2.2390E+02  1.5698E+38  4.8238E+36  9.7581E+26  1.5216E+38
  2.5120E+02  9.8814E+37  2.4385E+36  3.8805E+26  9.6376E+37
  2.8180E+02  6.2276E+37  1.2332E+36  1.5449E+26  6.1043E+37
  3.1620E+02  3.9240E+37  6.2308E+35  6.1484E+25  3.8617E+37
  3.5480E+02  2.4736E+37  3.1480E+35  2.4467E+25  2.4421E+37
  3.9810E+02  1.5601E+37  1.5901E+35  9.7432E+24  1.5442E+37
  4.4670E+02  9.8406E+36  8.0285E+34  3.8798E+24  9.7603E+36
  5.0120E+02  6.2100E+36  4.0534E+34  1.5455E+24  6.1695E+36
  5.6230E+02  3.9208E+36  2.0466E+34  6.1579E+23  3.9003E+36
  6.3100E+02  2.4733E+36  1.0321E+34  2.4517E+23  2.4629E+36
  7.0790E+02  1.5620E+36  5.2086E+33  9.7719E+22  1.5568E+36
  7.9430E+02  9.8588E+35  2.6257E+33  3.8920E+22  9.8325E+35
  8.9130E+02  6.2209E+35  1.3228E+33  1.5497E+22  6.2077E+35
  1.0000E+03  3.9280E+35  6.6655E+32  6.1751E+21  3.9214E+35
