  1.0000E-03  9.8374E+44  0.0000E+00  1.0712E+44  8.7662E+44
  1.1220E-03  1.0997E+45  0.0000E+00  1.1611E+44  9.8357E+44
  1.2590E-03  1.2247E+45  0.0000E+00  1.2097E+44  1.1037E+45
  1.4130E-03  1.3616E+45  0.0000E+00  1.2288E+44  1.2387E+45
  1.5850E-03  1.5163E+45  0.0000E+00  1.2685E+44  1.3894E+45
  1.7780E-03  1.7158E+45  0.0000E+00  1.5720E+44  1.5586E+45
  1.9950E-03  1.9092E+45  0.0000E+00  1.6034E+44  1.7488E+45
  2.2390E-03  2.1201E+45  0.0000E+00  1.5739E+44  1.9627E+45
  2.5120E-03  2.4019E+45  0.0000E+00  1.9994E+44  2.2020E+45
  2.8180E-03  2.6693E+45  0.0000E+00  1.9904E+44  2.4702E+45
  3.1620E-03  2.9675E+45  0.0000E+00  1.9564E+44  2.7718E+45
  3.5480E-03  3.3007E+45  0.0000E+00  1.9037E+44  3.1103E+45
  3.9810E-03  3.6730E+45  0.0000E+00  1.8314E+44  3.4898E+45
  4.4670E-03  4.3044E+45  0.0000E+00  3.8856E+44  3.9158E+45
  5.0120E-03  4.8376E+45  0.0000E+00  4.4398E+44  4.3936E+45
  5.6230E-03  5.4298E+45  0.0000E+00  5.0053E+44  4.9292E+45
  5.9570E-03  5.7509E+45  0.0000E+00  5.2885E+44  5.2220E+45
  6.6830E-03  6.4437E+45  0.0000E+00  5.8514E+44  5.8585E+45
  7.4990E-03  7.2232E+45  0.0000E+00  6.4936E+44  6.5738E+45
  8.4140E-03  8.0821E+45  0.0000E+00  7.0625E+44  7.3758E+45
  9.4410E-03  9.0395E+45  0.0000E+00  7.6344E+44  8.2761E+45
  1.0590E-02  1.0103E+46  0.0000E+00  8.1992E+44  9.2833E+45
  1.1890E-02  1.1319E+46  0.0000E+00  8.9614E+44  1.0423E+46
  1.3340E-02  1.2653E+46  0.0000E+00  9.5902E+44  1.1694E+46
  1.4960E-02  1.4140E+46  0.0000E+00  1.0255E+45  1.3114E+46
  1.6790E-02  1.5812E+46  0.0000E+00  1.0934E+45  1.4718E+46
  1.8840E-02  1.7680E+46  0.0000E+00  1.1646E+45  1.6515E+46
  2.1130E-02  1.9769E+46  0.0000E+00  1.2459E+45  1.8524E+46
  2.3710E-02  2.2114E+46  0.0000E+00  1.3291E+45  2.0785E+46
  2.6610E-02  2.4741E+46  0.0000E+00  1.4143E+45  2.3326E+46
  2.9850E-02  2.7668E+46  1.4493E-82  1.5012E+45  2.6166E+46
  3.3500E-02  3.0951E+46  9.1453E-68  1.5841E+45  2.9367E+46
  3.7580E-02  3.4636E+46  1.1424E-54  1.6934E+45  3.2942E+46
  4.2170E-02  3.9062E+46  4.9021E-43  2.0950E+45  3.6967E+46
  4.7320E-02  4.3699E+46  1.2636E-32  2.2176E+45  4.1482E+46
  5.3090E-02  4.5329E+46  2.2160E-23  2.1164E+45  4.3212E+46
  6.6830E-02  4.2786E+46  7.4226E-08  1.5178E+45  4.1268E+46
  7.4990E-02  4.1542E+46  2.3133E-01  1.2139E+45  4.0328E+46
  8.4140E-02  4.0642E+46  1.2101E+05  1.2320E+45  3.9410E+46
  9.4410E-02  3.9777E+46  1.4347E+10  1.2643E+45  3.8513E+46
  1.0590E-01  3.6470E+46  4.0773E+14  1.4149E+45  3.5055E+46
  1.1890E-01  3.0821E+46  3.3054E+18  1.3533E+45  2.9467E+46
  1.3340E-01  2.6036E+46  7.3484E+21  1.2403E+45  2.4795E+46
  1.4960E-01  2.1791E+46  8.7595E+24  9.1244E+44  2.0878E+46
  1.5850E-01  1.9898E+46  2.5863E+26  7.5280E+44  1.9145E+46
  1.7780E-01  1.6696E+46  1.2852E+29  5.8192E+44  1.6114E+46
  1.9950E-01  1.3970E+46  3.4036E+31  4.1159E+44  1.3558E+46
  2.2390E-01  1.1759E+46  3.8405E+33  3.5546E+44  1.1403E+46
  2.3710E-01  1.0866E+46  2.6639E+34  4.0138E+44  1.0464E+46
  2.5120E-01  1.0019E+46  1.6000E+35  4.2324E+44  9.5958E+45
  2.6610E-01  9.2124E+45  8.8569E+35  4.1119E+44  8.8012E+45
  2.8180E-01  8.4615E+45  4.4522E+36  3.8541E+44  8.0761E+45
  2.9850E-01  7.7668E+45  2.0294E+37  3.5890E+44  7.4079E+45
  3.1620E-01  7.1314E+45  8.2936E+37  3.3676E+44  6.7947E+45
  3.3500E-01  6.5470E+45  3.0880E+38  3.1615E+44  6.2308E+45
  3.5480E-01  6.0130E+45  1.0505E+39  2.9655E+44  5.7165E+45
  3.7580E-01  5.5227E+45  3.3010E+39  2.7853E+44  5.2442E+45
  3.9810E-01  5.0721E+45  9.5472E+39  2.6238E+44  4.8097E+45
  4.2170E-01  4.6602E+45  2.5368E+40  2.4856E+44  4.4116E+45
  4.4670E-01  4.2832E+45  6.2461E+40  2.3653E+44  4.0466E+45
  4.7320E-01  3.9368E+45  1.4454E+41  2.2516E+44  3.7115E+45
  5.0120E-01  3.6192E+45  3.1525E+41  2.1413E+44  3.4048E+45
  5.3090E-01  3.3275E+45  6.5155E+41  2.0371E+44  3.1232E+45
  5.6230E-01  3.0603E+45  1.2744E+42  1.9388E+44  2.8651E+45
  5.9570E-01  2.8145E+45  2.3750E+42  1.8453E+44  2.6276E+45
  6.3100E-01  2.5902E+45  4.2145E+42  1.7565E+44  2.4103E+45
  6.6830E-01  2.3857E+45  7.1318E+42  1.6715E+44  2.2114E+45
  7.0790E-01  2.1992E+45  1.1558E+43  1.5918E+44  2.0284E+45
  7.4990E-01  2.0299E+45  1.7968E+43  1.5144E+44  1.8605E+45
  7.9430E-01  1.8774E+45  2.6831E+43  1.4394E+44  1.7066E+45
  8.4140E-01  1.7408E+45  3.8633E+43  1.3689E+44  1.5653E+45
  8.9130E-01  1.6198E+45  5.3791E+43  1.3027E+44  1.4357E+45
  9.4410E-01  1.5136E+45  7.2441E+43  1.2415E+44  1.3170E+45
  1.0000E+00  1.4210E+45  9.4545E+43  1.1832E+44  1.2081E+45
  1.0590E+00  1.3412E+45  1.1981E+44  1.1283E+44  1.1086E+45
  1.1220E+00  1.2723E+45  1.4835E+44  1.0745E+44  1.0165E+45
  1.1890E+00  1.2135E+45  1.7969E+44  1.0199E+44  9.3183E+44
  1.2590E+00  1.1637E+45  2.1222E+44  9.6241E+43  8.5520E+44
  1.3340E+00  1.1202E+45  2.4570E+44  9.0410E+43  7.8411E+44
  1.4130E+00  1.0818E+45  2.7795E+44  8.4631E+43  7.1927E+44
  1.4960E+00  1.0471E+45  3.0813E+44  7.8748E+43  6.6026E+44
  1.5850E+00  1.0147E+45  3.3665E+44  7.2605E+43  6.0543E+44
  1.6790E+00  9.8270E+44  3.6128E+44  6.6107E+43  5.5530E+44
  1.7780E+00  9.4957E+44  3.8078E+44  5.9218E+43  5.0957E+44
  1.8840E+00  9.1500E+44  3.9573E+44  5.2077E+43  4.6719E+44
  1.9950E+00  8.7856E+44  4.0492E+44  4.4895E+43  4.2875E+44
  2.1130E+00  8.4010E+44  4.0884E+44  3.7927E+43  3.9333E+44
  2.2390E+00  7.9927E+44  4.0726E+44  3.1399E+43  3.6061E+44
  2.3710E+00  7.5667E+44  4.0025E+44  2.5504E+43  3.3092E+44
  2.5120E+00  7.1283E+44  3.8901E+44  2.0370E+43  3.0344E+44
  2.6610E+00  6.6805E+44  3.7371E+44  1.6020E+43  2.7832E+44
  2.8180E+00  6.2260E+44  3.5480E+44  1.2419E+43  2.5538E+44
  2.9850E+00  5.7723E+44  3.3346E+44  9.5074E+42  2.3426E+44
  3.1620E+00  5.3223E+44  3.1016E+44  7.1954E+42  2.1487E+44
  3.3500E+00  4.8915E+44  2.8672E+44  5.3982E+42  1.9704E+44
  3.5480E+00  4.4711E+44  2.6232E+44  4.0122E+42  1.8078E+44
  3.7580E+00  4.0713E+44  2.3834E+44  2.9589E+42  1.6583E+44
  3.9810E+00  3.6936E+44  2.1510E+44  2.1669E+42  1.5210E+44
  4.2170E+00  3.3398E+44  1.9290E+44  1.5772E+42  1.3951E+44
  4.4670E+00  3.0111E+44  1.7200E+44  1.1417E+42  1.2796E+44
  4.7320E+00  2.7095E+44  1.5276E+44  8.2222E+41  1.1737E+44
  5.0120E+00  2.4379E+44  1.3528E+44  5.9051E+41  1.0791E+44
  5.3090E+00  2.1592E+44  1.1948E+44  4.1668E+41  9.6024E+43
  5.6230E+00  1.9056E+44  1.0546E+44  2.9204E+41  8.4805E+43
  5.9570E+00  1.6769E+44  9.3168E+43  2.0347E+41  7.4316E+43
  6.3100E+00  1.4667E+44  8.1822E+43  1.4048E+41  6.4710E+43
  6.6830E+00  1.2871E+44  7.2600E+43  9.6883E+40  5.6014E+43
  7.0790E+00  1.1231E+44  6.4057E+43  6.5983E+40  4.8190E+43
  7.4990E+00  1.0063E+44  5.9352E+43  4.5324E+40  4.1229E+43
  7.9430E+00  1.0275E+44  6.7609E+43  3.4556E+40  3.5109E+43
  8.4140E+00  1.1694E+44  8.7158E+43  3.0116E+40  2.9752E+43
  8.9130E+00  1.2620E+44  1.0107E+44  2.6532E+40  2.5104E+43
  9.4410E+00  1.3017E+44  1.0905E+44  2.4870E+40  2.1101E+43
  1.0000E+01  1.0712E+44  8.9429E+43  1.8252E+40  1.7671E+43
  1.0590E+01  8.4347E+43  6.9576E+43  1.2626E+40  1.4758E+43
  1.1220E+01  6.4210E+43  5.1935E+43  7.9122E+39  1.2267E+43
  1.1890E+01  4.9648E+43  3.9484E+43  4.9687E+39  1.0159E+43
  1.2590E+01  3.8883E+43  3.0468E+43  3.0691E+39  8.4119E+42
  1.3340E+01  3.1020E+43  2.4087E+43  1.8849E+39  6.9319E+42
  1.4130E+01  2.5922E+43  2.0216E+43  1.1767E+39  5.7050E+42
  1.4960E+01  2.3690E+43  1.8998E+43  8.1202E+38  4.6919E+42
  1.5850E+01  2.2211E+43  1.8369E+43  5.9677E+38  3.8414E+42
  1.6790E+01  2.0981E+43  1.7840E+43  4.5893E+38  3.1409E+42
  1.7780E+01  1.9539E+43  1.6973E+43  3.5998E+38  2.5663E+42
  1.8840E+01  1.7605E+43  1.5516E+43  2.7653E+38  2.0888E+42
  1.9950E+01  1.5369E+43  1.3667E+43  2.0171E+38  1.7013E+42
  2.1130E+01  1.3369E+43  1.1987E+43  1.4219E+38  1.3827E+42
  2.2390E+01  1.1708E+43  1.0588E+43  1.0031E+38  1.1203E+42
  2.3710E+01  1.0304E+43  9.3957E+42  7.0682E+37  9.0864E+41
  2.5120E+01  9.0591E+42  8.3243E+42  4.9806E+37  7.3479E+41
  2.6610E+01  7.9357E+42  7.3418E+42  3.4860E+37  5.9383E+41
  2.8180E+01  6.9127E+42  6.4328E+42  2.4312E+37  4.7994E+41
  2.9850E+01  5.9624E+42  5.5753E+42  1.6819E+37  3.8717E+41
  3.1620E+01  5.0811E+42  4.7691E+42  1.1496E+37  3.1199E+41
  3.3500E+01  4.2706E+42  4.0196E+42  7.7555E+36  2.5106E+41
  3.5480E+01  3.5415E+42  3.3394E+42  5.1660E+36  2.0210E+41
  3.7580E+01  2.8935E+42  2.7310E+42  3.3913E+36  1.6253E+41
  3.9810E+01  2.3271E+42  2.1966E+42  2.1933E+36  1.3054E+41
  4.2170E+01  1.8466E+42  1.7418E+42  1.3988E+36  1.0479E+41
  4.4670E+01  1.4476E+42  1.3635E+42  8.7982E+35  8.4074E+40
  4.7320E+01  1.1228E+42  1.0554E+42  5.4684E+35  6.7400E+40
  5.0120E+01  8.6313E+41  8.0909E+41  3.3644E+35  5.4034E+40
  5.3090E+01  6.5782E+41  6.1454E+41  2.0502E+35  4.3282E+40
  5.6230E+01  4.9807E+41  4.6341E+41  1.2399E+35  3.4667E+40
  5.9570E+01  3.7452E+41  3.4679E+41  7.4404E+34  2.7728E+40
  6.3100E+01  2.8035E+41  2.5817E+41  4.4418E+34  2.2180E+40
  6.6830E+01  2.0909E+41  1.9134E+41  2.6406E+34  1.7744E+40
  7.0790E+01  1.5539E+41  1.4120E+41  1.5634E+34  1.4183E+40
  7.4990E+01  1.1512E+41  1.0379E+41  9.2263E+33  1.1329E+40
  7.9430E+01  8.5144E+40  7.6093E+40  5.4346E+33  9.0505E+39
  8.4140E+01  6.2858E+40  5.5632E+40  3.1943E+33  7.2256E+39
  8.9130E+01  4.6375E+40  4.0608E+40  1.8763E+33  5.7665E+39
  9.4410E+01  3.4201E+40  2.9599E+40  1.1017E+33  4.6021E+39
  1.0000E+02  2.5214E+40  2.1542E+40  6.4670E+32  3.6722E+39
  1.0590E+02  1.8609E+40  1.5678E+40  3.8013E+32  2.9317E+39
  1.1220E+02  1.3736E+40  1.1401E+40  2.2338E+32  2.3358E+39
  1.1890E+02  1.0165E+40  8.3063E+39  1.3162E+32  1.8590E+39
  1.2590E+02  7.5815E+39  6.0977E+39  7.8168E+31  1.4838E+39
  1.3340E+02  5.6757E+39  4.4946E+39  4.6659E+31  1.1811E+39
  1.4130E+02  4.2283E+39  3.2871E+39  2.7828E+31  9.4117E+38
  1.4960E+02  3.1021E+39  2.3508E+39  1.6345E+31  7.5121E+38
  1.5850E+02  2.2665E+39  1.6687E+39  9.5392E+30  5.9781E+38
  1.7780E+02  1.2306E+39  8.5116E+38  3.3000E+30  3.7942E+38
  1.9950E+02  6.7678E+38  4.3634E+38  1.1572E+30  2.4043E+38
  2.2390E+02  3.7586E+38  2.2370E+38  4.1025E+29  1.5216E+38
  2.5120E+02  2.1110E+38  1.1472E+38  1.4718E+29  9.6376E+37
  2.8180E+02  1.1981E+38  5.8769E+37  5.3388E+28  6.1043E+37
  3.1620E+02  6.8655E+37  3.0038E+37  1.9553E+28  3.8617E+37
  3.5480E+02  3.9754E+37  1.5333E+37  7.2318E+27  2.4421E+37
  3.9810E+02  2.3258E+37  7.8166E+36  2.7017E+27  1.5442E+37
  4.4670E+02  1.3740E+37  3.9795E+36  1.0183E+27  9.7603E+36
  5.0120E+02  8.1936E+36  2.0241E+36  3.8705E+26  6.1695E+36
  5.6230E+02  4.9292E+36  1.0289E+36  1.4822E+26  3.9003E+36
  6.3100E+02  2.9849E+36  5.2197E+35  5.7087E+25  2.4629E+36
  7.0790E+02  1.8216E+36  2.6485E+35  2.2135E+25  1.5568E+36
  7.9430E+02  1.1174E+36  1.3417E+35  8.6174E+24  9.8325E+35
  8.9130E+02  6.8866E+35  6.7892E+34  3.3676E+24  6.2077E+35
  1.0000E+03  4.2648E+35  3.4345E+34  1.3214E+24  3.9214E+35
