  1.0000E-03  7.8172E+44  0.0000E+00  1.3489E+42  7.8037E+44
  1.1220E-03  8.5178E+44  0.0000E+00  1.7383E+42  8.5005E+44
  1.2590E-03  9.2620E+44  0.0000E+00  2.1330E+42  9.2407E+44
  1.4130E-03  1.0055E+45  0.0000E+00  2.5116E+42  1.0030E+45
  1.5850E-03  1.0956E+45  0.0000E+00  2.8751E+42  1.0927E+45
  1.7780E-03  1.2143E+45  0.0000E+00  3.6105E+42  1.2107E+45
  1.9950E-03  1.2890E+45  0.0000E+00  4.3508E+42  1.2847E+45
  2.2390E-03  1.3843E+45  0.0000E+00  4.7093E+42  1.3796E+45
  2.5120E-03  1.5202E+45  0.0000E+00  6.1988E+42  1.5140E+45
  2.8180E-03  1.5766E+45  0.0000E+00  7.2713E+42  1.5694E+45
  3.1620E-03  1.6481E+45  0.0000E+00  8.0857E+42  1.6400E+45
  3.5480E-03  1.7297E+45  0.0000E+00  8.7432E+42  1.7209E+45
  3.9810E-03  1.8264E+45  0.0000E+00  9.2539E+42  1.8172E+45
  4.4670E-03  2.6701E+45  0.0000E+00  1.4641E+43  2.6554E+45
  5.0120E-03  2.7463E+45  0.0000E+00  1.7951E+43  2.7283E+45
  5.6230E-03  2.8250E+45  0.0000E+00  2.0973E+43  2.8041E+45
  5.9570E-03  2.8708E+45  0.0000E+00  2.2353E+43  2.8484E+45
  6.6830E-03  2.9888E+45  0.0000E+00  2.4874E+43  2.9639E+45
  7.4990E-03  3.1573E+45  0.0000E+00  2.7388E+43  3.1299E+45
  8.4140E-03  3.3032E+45  0.0000E+00  2.9871E+43  3.2733E+45
  9.4410E-03  3.4998E+45  0.0000E+00  3.2036E+43  3.4678E+45
  1.0590E-02  3.8089E+45  0.0000E+00  3.3246E+43  3.7756E+45
  1.1890E-02  4.0145E+45  0.0000E+00  3.7204E+43  3.9773E+45
  1.3340E-02  4.2869E+45  0.0000E+00  3.9527E+43  4.2474E+45
  1.4960E-02  4.5240E+45  0.0000E+00  4.2432E+43  4.4815E+45
  1.6790E-02  4.8007E+45  0.0000E+00  4.5021E+43  4.7557E+45
  1.8840E-02  5.1247E+45  0.0000E+00  4.7336E+43  5.0774E+45
  2.1130E-02  5.4389E+45  0.0000E+00  5.0600E+43  5.3883E+45
  2.3710E-02  5.7620E+45  0.0000E+00  5.3612E+43  5.7084E+45
  2.6610E-02  6.0754E+45  0.0000E+00  5.6462E+43  6.0190E+45
  2.9850E-02  6.4059E+45  1.8014E-83  5.9069E+43  6.3468E+45
  3.3500E-02  6.7493E+45  1.0859E-68  6.1421E+43  6.6879E+45
  3.7580E-02  7.4512E+45  1.3422E-55  6.6596E+43  7.3846E+45
  4.2170E-02  7.8512E+45  5.4989E-44  7.6435E+43  7.7748E+45
  4.7320E-02  7.5730E+45  1.2683E-33  7.4850E+43  7.4982E+45
  5.3090E-02  6.5865E+45  1.9476E-24  6.5804E+43  6.5207E+45
  6.6830E-02  3.1209E+45  3.8486E-09  3.3712E+43  3.0872E+45
  7.4990E-02  1.9327E+45  8.7119E-03  1.9894E+43  1.9128E+45
  8.4140E-02  2.1228E+45  4.9657E+03  2.1923E+43  2.1008E+45
  9.4410E-02  2.2538E+45  6.3087E+08  2.4014E+43  2.2298E+45
  1.0590E-01  2.8430E+45  2.3044E+13  3.3235E+43  2.8098E+45
  1.1890E-01  3.4521E+45  2.4108E+17  4.1557E+43  3.4106E+45
  1.3340E-01  3.7963E+45  6.3202E+20  4.6916E+43  3.7494E+45
  1.4960E-01  3.8072E+45  8.4660E+23  4.5594E+43  3.7616E+45
  1.5850E-01  3.6014E+45  2.5669E+25  4.2763E+43  3.5586E+45
  1.7780E-01  2.8514E+45  1.2563E+28  3.3857E+43  2.8175E+45
  1.9950E-01  1.7417E+45  2.7492E+30  1.8859E+43  1.7229E+45
  2.2390E-01  1.2011E+45  2.8060E+32  1.2314E+43  1.1888E+45
  2.3710E-01  1.3776E+45  2.2995E+33  1.4858E+43  1.3627E+45
  2.5120E-01  1.5933E+45  1.6407E+34  1.7271E+43  1.5760E+45
  2.6610E-01  1.7089E+45  1.0232E+35  1.8073E+43  1.6908E+45
  2.8180E-01  1.7540E+45  5.6205E+35  1.7836E+43  1.7362E+45
  2.9850E-01  1.7571E+45  2.7519E+36  1.7210E+43  1.7399E+45
  3.1620E-01  1.7438E+45  1.2007E+37  1.6521E+43  1.7273E+45
  3.3500E-01  1.7187E+45  4.7535E+37  1.5753E+43  1.7030E+45
  3.5480E-01  1.6818E+45  1.7106E+38  1.4903E+43  1.6669E+45
  3.7580E-01  1.6430E+45  5.6883E+38  1.4012E+43  1.6289E+45
  3.9810E-01  1.5961E+45  1.7328E+39  1.3161E+43  1.5829E+45
  4.2170E-01  1.5567E+45  4.8727E+39  1.2322E+43  1.5444E+45
  4.4670E-01  1.5151E+45  1.2673E+40  1.1546E+43  1.5036E+45
  4.7320E-01  1.4722E+45  3.0950E+40  1.0773E+43  1.4614E+45
  5.0120E-01  1.4277E+45  7.1119E+40  1.0003E+43  1.4176E+45
  5.3090E-01  1.3846E+45  1.5494E+41  9.2328E+42  1.3752E+45
  5.6230E-01  1.3370E+45  3.1803E+41  8.5108E+42  1.3281E+45
  5.9570E-01  1.2872E+45  6.2021E+41  7.8206E+42  1.2787E+45
  6.3100E-01  1.2384E+45  1.1500E+42  7.1577E+42  1.2301E+45
  6.6830E-01  1.1905E+45  2.0304E+42  6.5182E+42  1.1819E+45
  7.0790E-01  1.1429E+45  3.4251E+42  5.9212E+42  1.1335E+45
  7.4990E-01  1.0948E+45  5.5216E+42  5.3651E+42  1.0839E+45
  7.9430E-01  1.0483E+45  8.5292E+42  4.8409E+42  1.0349E+45
  8.4140E-01  1.0038E+45  1.2678E+43  4.3468E+42  9.8676E+44
  8.9130E-01  9.6295E+44  1.8206E+43  3.8760E+42  9.4087E+44
  9.4410E-01  9.2417E+44  2.5224E+43  3.4376E+42  8.9551E+44
  1.0000E+00  8.8661E+44  3.3749E+43  3.0349E+42  8.4983E+44
  1.0590E+00  8.5104E+44  4.3710E+43  2.6702E+42  8.0465E+44
  1.1220E+00  8.1739E+44  5.5171E+43  2.3350E+42  7.5989E+44
  1.1890E+00  7.8620E+44  6.7980E+43  2.0249E+42  7.1620E+44
  1.2590E+00  7.5834E+44  8.1567E+43  1.7365E+42  6.7504E+44
  1.3340E+00  7.3147E+44  9.5737E+43  1.4772E+42  6.3426E+44
  1.4130E+00  7.0547E+44  1.0956E+44  1.2521E+42  5.9466E+44
  1.4960E+00  6.8045E+44  1.2267E+44  1.0555E+42  5.5672E+44
  1.5850E+00  6.5588E+44  1.3522E+44  8.8136E+41  5.1978E+44
  1.6790E+00  6.3179E+44  1.4631E+44  7.2723E+41  4.8475E+44
  1.7780E+00  6.0770E+44  1.5540E+44  5.9144E+41  4.5171E+44
  1.8840E+00  5.8315E+44  1.6270E+44  4.7335E+41  4.1998E+44
  1.9950E+00  5.5837E+44  1.6767E+44  3.7302E+41  3.9032E+44
  2.1130E+00  5.3290E+44  1.7048E+44  2.8954E+41  3.6213E+44
  2.2390E+00  5.0654E+44  1.7099E+44  2.2157E+41  3.3533E+44
  2.3710E+00  4.7980E+44  1.6921E+44  1.6754E+41  3.1042E+44
  2.5120E+00  4.5256E+44  1.6562E+44  1.2542E+41  2.8682E+44
  2.6610E+00  4.2517E+44  1.6027E+44  9.3117E+40  2.6481E+44
  2.8180E+00  3.9776E+44  1.5331E+44  6.8619E+40  2.4438E+44
  2.9850E+00  3.7058E+44  1.4524E+44  5.0253E+40  2.2529E+44
  3.1620E+00  3.4379E+44  1.3621E+44  3.6600E+40  2.0754E+44
  3.3500E+00  3.1805E+44  1.2700E+44  2.6568E+40  1.9103E+44
  3.5480E+00  2.9306E+44  1.1720E+44  1.9202E+40  1.7585E+44
  3.7580E+00  2.6921E+44  1.0742E+44  1.3831E+40  1.6178E+44
  3.9810E+00  2.4656E+44  9.7795E+43  9.9325E+39  1.4875E+44
  4.2170E+00  2.2521E+44  8.8452E+43  7.1147E+39  1.3675E+44
  4.4670E+00  2.0520E+44  7.9519E+43  5.0837E+39  1.2568E+44
  4.7320E+00  1.8666E+44  7.1185E+43  3.6242E+39  1.1547E+44
  5.0120E+00  1.6985E+44  6.3520E+43  2.5840E+39  1.0633E+44
  5.3090E+00  1.5125E+44  5.6508E+43  1.8018E+39  9.4741E+43
  5.6230E+00  1.3399E+44  5.0220E+43  1.2481E+39  8.3767E+43
  5.9570E+00  1.1814E+44  4.4666E+43  8.5924E+38  7.3477E+43
  6.3100E+00  1.0347E+44  3.9439E+43  5.8647E+38  6.4034E+43
  6.6830E+00  9.0620E+43  3.5151E+43  3.9884E+38  5.5469E+43
  7.0790E+00  7.8853E+43  3.1099E+43  2.6793E+38  4.7753E+43
  7.4990E+00  7.0273E+43  2.9424E+43  1.8234E+38  4.0849E+43
  7.9430E+00  7.1330E+43  3.6683E+43  1.4172E+38  3.4648E+43
  8.4140E+00  8.1452E+43  5.2351E+43  1.3210E+38  2.9102E+43
  8.9130E+00  8.8914E+43  6.4582E+43  1.2569E+38  2.4332E+43
  9.4410E+00  9.3150E+43  7.2879E+43  1.2722E+38  2.0271E+43
  1.0000E+01  7.6826E+43  5.9779E+43  8.9075E+37  1.7047E+43
  1.0590E+01  6.0234E+43  4.5911E+43  5.7484E+37  1.4323E+43
  1.1220E+01  4.5210E+43  3.3225E+43  3.3126E+37  1.1986E+43
  1.1890E+01  3.4364E+43  2.4389E+43  1.9411E+37  9.9746E+42
  1.2590E+01  2.6217E+43  1.7925E+43  1.1192E+37  8.2920E+42
  1.3340E+01  2.0264E+43  1.3411E+43  6.4502E+36  6.8533E+42
  1.4130E+01  1.6449E+43  1.0800E+43  3.8334E+36  5.6488E+42
  1.4960E+01  1.4907E+43  1.0265E+43  2.6041E+36  4.6422E+42
  1.5850E+01  1.3939E+43  1.0143E+43  1.8979E+36  3.7953E+42
  1.6790E+01  1.3128E+43  1.0030E+43  1.4469E+36  3.0981E+42
  1.7780E+01  1.2092E+43  9.5637E+42  1.1115E+36  2.5285E+42
  1.8840E+01  1.0609E+43  8.5512E+42  8.1668E+35  2.0580E+42
  1.9950E+01  8.8688E+42  7.1905E+42  5.5620E+35  1.6783E+42
  2.1130E+01  7.3406E+42  5.9749E+42  3.6353E+35  1.3657E+42
  2.2390E+01  6.1158E+42  5.0080E+42  2.3805E+35  1.1078E+42
  2.3710E+01  5.1268E+42  4.2275E+42  1.5607E+35  8.9928E+41
  2.5120E+01  4.3040E+42  3.5762E+42  1.0266E+35  7.2778E+41
  2.6610E+01  3.6110E+42  3.0224E+42  6.7348E+34  5.8856E+41
  2.8180E+01  3.0258E+42  2.5498E+42  4.4274E+34  4.7597E+41
  2.9850E+01  2.5219E+42  2.1377E+42  2.9047E+34  3.8418E+41
  3.1620E+01  2.0859E+42  1.7762E+42  1.8944E+34  3.0973E+41
  3.3500E+01  1.7095E+42  1.4602E+42  1.2275E+34  2.4937E+41
  3.5480E+01  1.3889E+42  1.1880E+42  7.9086E+33  2.0084E+41
  3.7580E+01  1.1159E+42  9.5436E+41  5.0512E+33  1.6159E+41
  3.9810E+01  8.8523E+41  7.5539E+41  3.1942E+33  1.2984E+41
  4.2170E+01  6.9487E+41  5.9058E+41  2.0018E+33  1.0429E+41
  4.4670E+01  5.4023E+41  4.5653E+41  1.2431E+33  8.3705E+40
  4.7320E+01  4.1657E+41  3.4943E+41  7.6611E+32  6.7133E+40
  5.0120E+01  3.1907E+41  2.6523E+41  4.6941E+32  5.3842E+40
  5.3090E+01  2.4284E+41  1.9969E+41  2.8606E+32  4.3144E+40
  5.6230E+01  1.8399E+41  1.4942E+41  1.7368E+32  3.4569E+40
  5.9570E+01  1.3870E+41  1.1104E+41  1.0502E+32  2.7658E+40
  6.3100E+01  1.0428E+41  8.2152E+40  6.3402E+31  2.2131E+40
  6.6830E+01  7.8257E+40  6.0548E+40  3.8245E+31  1.7709E+40
  7.0790E+01  5.8616E+40  4.4458E+40  2.3049E+31  1.4158E+40
  7.4990E+01  4.3843E+40  3.2532E+40  1.3887E+31  1.1312E+40
  7.9430E+01  3.2789E+40  2.3752E+40  8.3751E+30  9.0379E+39
  8.4140E+01  2.4517E+40  1.7300E+40  5.0533E+30  7.2167E+39
  8.9130E+01  1.8345E+40  1.2585E+40  3.0540E+30  5.7603E+39
  9.4410E+01  1.3741E+40  9.1429E+39  1.8489E+30  4.5977E+39
  1.0000E+02  1.0303E+40  6.6340E+39  1.1213E+30  3.6691E+39
  1.0590E+02  7.7437E+39  4.8143E+39  6.8200E+29  2.9294E+39
  1.1220E+02  5.8250E+39  3.4908E+39  4.1498E+29  2.3342E+39
  1.1890E+02  4.3932E+39  2.5353E+39  2.5307E+29  1.8579E+39
  1.2590E+02  3.3372E+39  1.8542E+39  1.5535E+29  1.4830E+39
  1.3340E+02  2.5409E+39  1.3604E+39  9.5601E+28  1.1805E+39
  1.4130E+02  1.9325E+39  9.9172E+38  5.9074E+28  9.4076E+38
  1.4960E+02  1.4604E+39  7.0945E+38  3.6376E+28  7.5092E+38
  1.5850E+02  1.1015E+39  5.0388E+38  2.2300E+28  5.9760E+38
  1.7780E+02  6.3610E+38  2.5678E+38  8.4636E+27  3.7932E+38
  1.9950E+02  3.7177E+38  1.3139E+38  3.2380E+27  2.4038E+38
  2.2390E+02  2.1935E+38  6.7221E+37  1.2469E+27  1.5213E+38
  2.5120E+02  1.3077E+38  3.4408E+37  4.8354E+26  9.6363E+37
  2.8180E+02  7.8632E+37  1.7595E+37  1.8851E+26  6.1037E+37
  3.1620E+02  4.7593E+37  8.9788E+36  7.3724E+25  3.8614E+37
  3.5480E+02  2.8996E+37  4.5767E+36  2.8920E+25  2.4419E+37
  3.9810E+02  1.7771E+37  2.3301E+36  1.1381E+25  1.5441E+37
  4.4670E+02  1.0945E+37  1.1848E+36  4.4885E+24  9.7599E+36
  5.0120E+02  6.7712E+36  6.0194E+35  1.7740E+24  6.1693E+36
  5.6230E+02  4.2059E+36  3.0565E+35  7.0231E+23  3.9002E+36
  6.3100E+02  2.6178E+36  1.5491E+35  2.7817E+23  2.4629E+36
  7.0790E+02  1.6353E+36  7.8531E+34  1.1041E+23  1.5568E+36
  7.9430E+02  1.0230E+36  3.9749E+34  4.3826E+22  9.8324E+35
  8.9130E+02  6.4086E+35  2.0097E+34  1.7403E+22  6.2076E+35
  1.0000E+03  4.0229E+35  1.0159E+34  6.9194E+21  3.9213E+35
