  1.0000E-03  8.8863E+44  0.0000E+00  1.2006E+43  8.7662E+44
  1.1220E-03  9.9770E+44  0.0000E+00  1.4121E+43  9.8357E+44
  1.2590E-03  1.1196E+45  0.0000E+00  1.5934E+43  1.1037E+45
  1.4130E-03  1.2561E+45  0.0000E+00  1.7389E+43  1.2387E+45
  1.5850E-03  1.4083E+45  0.0000E+00  1.8823E+43  1.3894E+45
  1.7780E-03  1.5821E+45  0.0000E+00  2.3511E+43  1.5586E+45
  1.9950E-03  1.7749E+45  0.0000E+00  2.6056E+43  1.7488E+45
  2.2390E-03  1.9894E+45  0.0000E+00  2.6692E+43  1.9627E+45
  2.5120E-03  2.2372E+45  0.0000E+00  3.5205E+43  2.2020E+45
  2.8180E-03  2.5086E+45  0.0000E+00  3.8328E+43  2.4702E+45
  3.1620E-03  2.8123E+45  0.0000E+00  4.0429E+43  2.7718E+45
  3.5480E-03  3.1523E+45  0.0000E+00  4.2001E+43  3.1103E+45
  3.9810E-03  3.5330E+45  0.0000E+00  4.3138E+43  3.4898E+45
  4.4670E-03  3.9912E+45  0.0000E+00  7.5369E+43  3.9158E+45
  5.0120E-03  4.4794E+45  0.0000E+00  8.5824E+43  4.3936E+45
  5.6230E-03  5.0247E+45  0.0000E+00  9.5459E+43  4.9292E+45
  5.9570E-03  5.3221E+45  0.0000E+00  1.0002E+44  5.2220E+45
  6.6830E-03  5.9674E+45  0.0000E+00  1.0887E+44  5.8585E+45
  7.4990E-03  6.6928E+45  0.0000E+00  1.1896E+44  6.5738E+45
  8.4140E-03  7.5044E+45  0.0000E+00  1.2858E+44  7.3758E+45
  9.4410E-03  8.4138E+45  0.0000E+00  1.3775E+44  8.2761E+45
  1.0590E-02  9.4276E+45  0.0000E+00  1.4429E+44  9.2833E+45
  1.1890E-02  1.0585E+46  0.0000E+00  1.6185E+44  1.0423E+46
  1.3340E-02  1.1867E+46  0.0000E+00  1.7314E+44  1.1694E+46
  1.4960E-02  1.3301E+46  0.0000E+00  1.8707E+44  1.3114E+46
  1.6790E-02  1.4919E+46  0.0000E+00  2.0034E+44  1.4718E+46
  1.8840E-02  1.6729E+46  0.0000E+00  2.1322E+44  1.6515E+46
  2.1130E-02  1.8754E+46  0.0000E+00  2.3086E+44  1.8524E+46
  2.3710E-02  2.1033E+46  0.0000E+00  2.4812E+44  2.0785E+46
  2.6610E-02  2.3592E+46  0.0000E+00  2.6558E+44  2.3326E+46
  2.9850E-02  2.6450E+46  6.4304E-83  2.8318E+44  2.6166E+46
  3.3500E-02  2.9667E+46  4.1646E-68  3.0074E+44  2.9367E+46
  3.7580E-02  3.3269E+46  5.2302E-55  3.2633E+44  3.2942E+46
  4.2170E-02  3.7352E+46  2.2992E-43  3.8537E+44  3.6967E+46
  4.7320E-02  4.1886E+46  6.2614E-33  4.0432E+44  4.1482E+46
  5.3090E-02  4.3600E+46  1.1636E-23  3.8792E+44  4.3212E+46
  6.6830E-02  4.1555E+46  4.6025E-08  2.8721E+44  4.1268E+46
  7.4990E-02  4.0563E+46  1.5973E-01  2.3425E+44  4.0328E+46
  8.4140E-02  3.9644E+46  8.2817E+04  2.3435E+44  3.9410E+46
  9.4410E-02  3.8751E+46  9.8762E+09  2.3829E+44  3.8513E+46
  1.0590E-01  3.5313E+46  2.7077E+14  2.5798E+44  3.5055E+46
  1.1890E-01  2.9717E+46  1.9387E+18  2.5002E+44  2.9467E+46
  1.3340E-01  2.5033E+46  3.7139E+21  2.3788E+44  2.4795E+46
  1.4960E-01  2.1082E+46  4.0562E+24  2.0396E+44  2.0878E+46
  1.5850E-01  1.9332E+46  1.1872E+26  1.8673E+44  1.9145E+46
  1.7780E-01  1.6271E+46  6.2902E+28  1.5675E+44  1.6114E+46
  1.9950E-01  1.3666E+46  1.9765E+31  1.0808E+44  1.3558E+46
  2.2390E-01  1.1487E+46  2.5274E+33  8.4164E+43  1.1403E+46
  2.3710E-01  1.0556E+46  1.6439E+34  9.1549E+43  1.0464E+46
  2.5120E-01  9.6919E+45  9.1006E+34  9.6049E+43  9.5958E+45
  2.6610E-01  8.8958E+45  4.7576E+35  9.4573E+43  8.8012E+45
  2.8180E-01  8.1661E+45  2.2988E+36  9.0007E+43  8.0761E+45
  2.9850E-01  7.4927E+45  1.0164E+37  8.4776E+43  7.4079E+45
  3.1620E-01  6.8746E+45  4.0452E+37  7.9934E+43  6.7947E+45
  3.3500E-01  6.3060E+45  1.4721E+38  7.5200E+43  6.2308E+45
  3.5480E-01  5.7869E+45  4.9137E+38  7.0471E+43  5.7165E+45
  3.7580E-01  5.3100E+45  1.5186E+39  6.5883E+43  5.2442E+45
  3.9810E-01  4.8714E+45  4.3255E+39  6.1632E+43  4.8097E+45
  4.2170E-01  4.4693E+45  1.1321E+40  5.7647E+43  4.4116E+45
  4.4670E-01  4.1007E+45  2.7471E+40  5.4059E+43  4.0466E+45
  4.7320E-01  3.7621E+45  6.2719E+40  5.0600E+43  3.7115E+45
  5.0120E-01  3.4522E+45  1.3511E+41  4.7238E+43  3.4048E+45
  5.3090E-01  3.1674E+45  2.7607E+41  4.3980E+43  3.1232E+45
  5.6230E-01  2.9066E+45  5.3455E+41  4.0950E+43  2.8651E+45
  5.9570E-01  2.6666E+45  9.8735E+41  3.8075E+43  2.6276E+45
  6.3100E-01  2.4474E+45  1.7379E+42  3.5339E+43  2.4103E+45
  6.6830E-01  2.2470E+45  2.9201E+42  3.2711E+43  2.2114E+45
  7.0790E-01  2.0634E+45  4.7024E+42  3.0257E+43  2.0284E+45
  7.4990E-01  1.8957E+45  7.2720E+42  2.7940E+43  1.8605E+45
  7.9430E-01  1.7431E+45  1.0810E+43  2.5729E+43  1.7066E+45
  8.4140E-01  1.6045E+45  1.5513E+43  2.3617E+43  1.5653E+45
  8.9130E-01  1.4789E+45  2.1539E+43  2.1586E+43  1.4357E+45
  9.4410E-01  1.3656E+45  2.8978E+43  1.9653E+43  1.3170E+45
  1.0000E+00  1.2638E+45  3.7876E+43  1.7819E+43  1.2081E+45
  1.0590E+00  1.1729E+45  4.8174E+43  1.6108E+43  1.1086E+45
  1.1220E+00  1.0910E+45  5.9998E+43  1.4490E+43  1.0165E+45
  1.1890E+00  1.0180E+45  7.3259E+43  1.2950E+43  9.3183E+44
  1.2590E+00  9.5405E+44  8.7369E+43  1.1482E+43  8.5520E+44
  1.3340E+00  8.9670E+44  1.0247E+44  1.0119E+43  7.8411E+44
  1.4130E+00  8.4598E+44  1.1781E+44  8.8978E+42  7.1927E+44
  1.4960E+00  8.0116E+44  1.3310E+44  7.7966E+42  6.6026E+44
  1.5850E+00  7.6088E+44  1.4866E+44  6.7862E+42  6.0543E+44
  1.6790E+00  7.2462E+44  1.6345E+44  5.8578E+42  5.5530E+44
  1.7780E+00  6.9144E+44  1.7687E+44  5.0016E+42  5.0957E+44
  1.8840E+00  6.6061E+44  1.8921E+44  4.2156E+42  4.6719E+44
  1.9950E+00  6.3185E+44  1.9960E+44  3.5060E+42  4.2875E+44
  2.1130E+00  6.0437E+44  2.0816E+44  2.8757E+42  3.9333E+44
  2.2390E+00  5.7752E+44  2.1459E+44  2.3267E+42  3.6061E+44
  2.3710E+00  5.5121E+44  2.1844E+44  1.8587E+42  3.3092E+44
  2.5120E+00  5.2508E+44  2.2016E+44  1.4682E+42  3.0344E+44
  2.6610E+00  4.9895E+44  2.1948E+44  1.1480E+42  2.7832E+44
  2.8180E+00  4.7254E+44  2.1627E+44  8.8883E+41  2.5538E+44
  2.9850E+00  4.4597E+44  2.1103E+44  6.8222E+41  2.3426E+44
  3.1620E+00  4.1916E+44  2.0377E+44  5.1937E+41  2.1487E+44
  3.3500E+00  3.9295E+44  1.9552E+44  3.9294E+41  1.9704E+44
  3.5480E+00  3.6652E+44  1.8545E+44  2.9508E+41  1.8078E+44
  3.7580E+00  3.4060E+44  1.7454E+44  2.2020E+41  1.6583E+44
  3.9810E+00  3.1531E+44  1.6305E+44  1.6336E+41  1.5210E+44
  4.2170E+00  2.9079E+44  1.5116E+44  1.2053E+41  1.3951E+44
  4.4670E+00  2.6721E+44  1.3916E+44  8.8466E+40  1.2796E+44
  4.7320E+00  2.4491E+44  1.2748E+44  6.4622E+40  1.1737E+44
  5.0120E+00  2.2429E+44  1.1633E+44  4.7080E+40  1.0791E+44
  5.3090E+00  2.0184E+44  1.0578E+44  3.3656E+40  9.6024E+43
  5.6230E+00  1.8088E+44  9.6051E+43  2.3901E+40  8.4805E+43
  5.9570E+00  1.6158E+44  8.7251E+43  1.6878E+40  7.4316E+43
  6.3100E+00  1.4336E+44  7.8639E+43  1.1808E+40  6.4710E+43
  6.6830E+00  1.2749E+44  7.1470E+43  8.2489E+39  5.6014E+43
  7.0790E+00  1.1266E+44  6.4465E+43  5.6887E+39  4.8190E+43
  7.4990E+00  1.0343E+44  6.2195E+43  4.0072E+39  4.1229E+43
  7.9430E+00  1.1391E+44  7.8802E+43  3.3109E+39  3.5109E+43
  8.4140E+00  1.4351E+44  1.1376E+44  3.2362E+39  2.9752E+43
  8.9130E+00  1.6679E+44  1.4168E+44  3.1227E+39  2.5104E+43
  9.4410E+00  1.8229E+44  1.6119E+44  3.1633E+39  2.1101E+43
  1.0000E+01  1.5015E+44  1.3248E+44  2.3124E+39  1.7671E+43
  1.0590E+01  1.1696E+44  1.0220E+44  1.5711E+39  1.4758E+43
  1.1220E+01  8.7083E+43  7.4815E+43  9.5653E+38  1.2267E+43
  1.1890E+01  6.6114E+43  5.5954E+43  5.8868E+38  1.0159E+43
  1.2590E+01  5.0764E+43  4.2352E+43  3.5699E+38  8.4119E+42
  1.3340E+01  3.9916E+43  3.2984E+43  2.1690E+38  6.9319E+42
  1.4130E+01  3.3413E+43  2.7708E+43  1.3622E+38  5.7050E+42
  1.4960E+01  3.1593E+43  2.6901E+43  9.7508E+37  4.6919E+42
  1.5850E+01  3.0899E+43  2.7057E+43  7.4936E+37  3.8414E+42
  1.6790E+01  3.0471E+43  2.7330E+43  6.0317E+37  3.1409E+42
  1.7780E+01  2.9500E+43  2.6934E+43  4.9324E+37  2.5663E+42
  1.8840E+01  2.7499E+43  2.5411E+43  3.9314E+37  2.0888E+42
  1.9950E+01  2.4787E+43  2.3085E+43  2.9684E+37  1.7013E+42
  2.1130E+01  2.2412E+43  2.1029E+43  2.1786E+37  1.3827E+42
  2.2390E+01  2.0585E+43  1.9465E+43  1.6128E+37  1.1203E+42
  2.3710E+01  1.9128E+43  1.8219E+43  1.1993E+37  9.0864E+41
  2.5120E+01  1.7866E+43  1.7131E+43  8.9641E+36  7.3479E+41
  2.6610E+01  1.6693E+43  1.6099E+43  6.6761E+36  5.9383E+41
  2.8180E+01  1.5544E+43  1.5064E+43  4.9619E+36  4.7994E+41
  2.9850E+01  1.4352E+43  1.3965E+43  3.6616E+36  3.8717E+41
  3.1620E+01  1.3095E+43  1.2783E+43  2.6687E+36  3.1199E+41
  3.3500E+01  1.1775E+43  1.1524E+43  1.9179E+36  2.5106E+41
  3.5480E+01  1.0428E+43  1.0226E+43  1.3581E+36  2.0210E+41
  3.7580E+01  9.0819E+42  8.9194E+42  9.4586E+35  1.6253E+41
  3.9810E+01  7.7683E+42  7.6378E+42  6.4756E+35  1.3054E+41
  4.2170E+01  6.5387E+42  6.4339E+42  4.3604E+35  1.0479E+41
  4.4670E+01  5.4220E+42  5.3380E+42  2.8877E+35  8.4074E+40
  4.7320E+01  4.4359E+42  4.3685E+42  1.8845E+35  6.7400E+40
  5.0120E+01  3.5856E+42  3.5315E+42  1.2137E+35  5.4034E+40
  5.3090E+01  2.8648E+42  2.8215E+42  7.7203E+34  4.3282E+40
  5.6230E+01  2.2668E+42  2.2321E+42  4.8585E+34  3.4667E+40
  5.9570E+01  1.7761E+42  1.7484E+42  3.0252E+34  2.7728E+40
  6.3100E+01  1.3810E+42  1.3588E+42  1.8682E+34  2.2180E+40
  6.6830E+01  1.0665E+42  1.0488E+42  1.1454E+34  1.7744E+40
  7.0790E+01  8.1834E+41  8.0416E+41  6.9736E+33  1.4183E+40
  7.4990E+01  6.2417E+41  6.1284E+41  4.2196E+33  1.1329E+40
  7.9430E+01  4.7381E+41  4.6476E+41  2.5409E+33  9.0505E+39
  8.4140E+01  3.5802E+41  3.5079E+41  1.5224E+33  7.2256E+39
  8.9130E+01  2.6960E+41  2.6384E+41  9.0906E+32  5.7665E+39
  9.4410E+01  2.0237E+41  1.9777E+41  5.4107E+32  4.6021E+39
  1.0000E+02  1.5143E+41  1.4775E+41  3.2102E+32  3.6722E+39
  1.0590E+02  1.1312E+41  1.1019E+41  1.9019E+32  2.9317E+39
  1.1220E+02  8.4326E+40  8.1990E+40  1.1240E+32  2.3358E+39
  1.1890E+02  6.2883E+40  6.1024E+40  6.6457E+31  1.8590E+39
  1.2590E+02  4.7154E+40  4.5670E+40  3.9526E+31  1.4838E+39
  1.3340E+02  3.5449E+40  3.4268E+40  2.3604E+31  1.1811E+39
  1.4130E+02  2.6430E+40  2.5488E+40  1.4030E+31  9.4117E+38
  1.4960E+02  1.9290E+40  1.8538E+40  8.1544E+30  7.5121E+38
  1.5850E+02  1.3973E+40  1.3375E+40  4.6920E+30  5.9781E+38
  1.7780E+02  7.4018E+39  7.0223E+39  1.5663E+30  3.7942E+38
  1.9950E+02  3.9314E+39  3.6909E+39  5.2474E+29  2.4043E+38
  2.2390E+02  2.0860E+39  1.9339E+39  1.7587E+29  1.5216E+38
  2.5120E+02  1.1071E+39  1.0107E+39  5.9023E+28  9.6376E+37
  2.8180E+02  5.8745E+38  5.2640E+38  1.9830E+28  6.1043E+37
  3.1620E+02  3.1161E+38  2.7299E+38  6.6687E+27  3.8617E+37
  3.5480E+02  1.6557E+38  1.4114E+38  2.2486E+27  2.4421E+37
  3.9810E+02  8.8206E+37  7.2764E+37  7.6152E+26  1.5442E+37
  4.4670E+02  4.7170E+37  3.7410E+37  2.5925E+26  9.7603E+36
  5.0120E+02  2.5363E+37  1.9193E+37  8.8863E+25  6.1695E+36
  5.6230E+02  1.3731E+37  9.8303E+36  3.0704E+25  3.9003E+36
  6.3100E+02  7.4835E+36  5.0206E+36  1.0696E+25  2.4629E+36
  7.0790E+02  4.1192E+36  2.5625E+36  3.7670E+24  1.5568E+36
  7.9430E+02  2.2881E+36  1.3048E+36  1.3397E+24  9.8325E+35
  8.9130E+02  1.2841E+36  6.6328E+35  4.8158E+23  6.2077E+35
  1.0000E+03  7.2903E+35  3.3689E+35  1.7516E+23  3.9214E+35
