  1.0000E-03  8.8844E+44  0.0000E+00  1.1819E+43  8.7662E+44
  1.1220E-03  9.9747E+44  0.0000E+00  1.3891E+43  9.8357E+44
  1.2590E-03  1.1194E+45  0.0000E+00  1.5677E+43  1.1037E+45
  1.4130E-03  1.2558E+45  0.0000E+00  1.7123E+43  1.2387E+45
  1.5850E-03  1.4080E+45  0.0000E+00  1.8565E+43  1.3894E+45
  1.7780E-03  1.5819E+45  0.0000E+00  2.3264E+43  1.5586E+45
  1.9950E-03  1.7747E+45  0.0000E+00  2.5860E+43  1.7488E+45
  2.2390E-03  1.9893E+45  0.0000E+00  2.6577E+43  1.9627E+45
  2.5120E-03  2.2372E+45  0.0000E+00  3.5249E+43  2.2020E+45
  2.8180E-03  2.5088E+45  0.0000E+00  3.8567E+43  2.4702E+45
  3.1620E-03  2.8127E+45  0.0000E+00  4.0880E+43  2.7718E+45
  3.5480E-03  3.1530E+45  0.0000E+00  4.2671E+43  3.1103E+45
  3.9810E-03  3.5339E+45  0.0000E+00  4.4024E+43  3.4898E+45
  4.4670E-03  3.9899E+45  0.0000E+00  7.4078E+43  3.9158E+45
  5.0120E-03  4.4785E+45  0.0000E+00  8.4900E+43  4.3936E+45
  5.6230E-03  5.0243E+45  0.0000E+00  9.5065E+43  4.9292E+45
  5.9570E-03  5.3220E+45  0.0000E+00  9.9930E+43  5.2220E+45
  6.6830E-03  5.9679E+45  0.0000E+00  1.0940E+44  5.8585E+45
  7.4990E-03  6.6940E+45  0.0000E+00  1.2018E+44  6.5738E+45
  8.4140E-03  7.5064E+45  0.0000E+00  1.3053E+44  7.3758E+45
  9.4410E-03  8.4165E+45  0.0000E+00  1.4045E+44  8.2761E+45
  1.0590E-02  9.4309E+45  0.0000E+00  1.4763E+44  9.2833E+45
  1.1890E-02  1.0589E+46  0.0000E+00  1.6649E+44  1.0423E+46
  1.3340E-02  1.1873E+46  0.0000E+00  1.7883E+44  1.1694E+46
  1.4960E-02  1.3308E+46  0.0000E+00  1.9408E+44  1.3114E+46
  1.6790E-02  1.4927E+46  0.0000E+00  2.0870E+44  1.4718E+46
  1.8840E-02  1.6738E+46  0.0000E+00  2.2295E+44  1.6515E+46
  2.1130E-02  1.8766E+46  0.0000E+00  2.4245E+44  1.8524E+46
  2.3710E-02  2.1046E+46  0.0000E+00  2.6164E+44  2.0785E+46
  2.6610E-02  2.3607E+46  0.0000E+00  2.8118E+44  2.3326E+46
  2.9850E-02  2.6467E+46  4.7559E-83  3.0101E+44  2.6166E+46
  3.3500E-02  2.9688E+46  3.0841E-68  3.2098E+44  2.9367E+46
  3.7580E-02  3.3291E+46  3.8738E-55  3.4869E+44  3.2942E+46
  4.2170E-02  3.7379E+46  1.7046E-43  4.1223E+44  3.6967E+46
  4.7320E-02  4.1918E+46  4.6547E-33  4.3587E+44  4.1482E+46
  5.3090E-02  4.3634E+46  8.6751E-24  4.2167E+44  4.3212E+46
  6.6830E-02  4.1585E+46  3.4651E-08  3.1673E+44  4.1268E+46
  7.4990E-02  4.0585E+46  1.2134E-01  2.5690E+44  4.0328E+46
  8.4140E-02  3.9667E+46  6.2886E+04  2.5714E+44  3.9410E+46
  9.4410E-02  3.8774E+46  7.4950E+09  2.6159E+44  3.8513E+46
  1.0590E-01  3.5338E+46  2.0453E+14  2.8227E+44  3.5055E+46
  1.1890E-01  2.9739E+46  1.4475E+18  2.7122E+44  2.9467E+46
  1.3340E-01  2.5050E+46  2.7413E+21  2.5491E+44  2.4795E+46
  1.4960E-01  2.1096E+46  2.9818E+24  2.1706E+44  2.0878E+46
  1.5850E-01  1.9344E+46  8.7297E+25  1.9921E+44  1.9145E+46
  1.7780E-01  1.6284E+46  4.6478E+28  1.7011E+44  1.6114E+46
  1.9950E-01  1.3679E+46  1.4775E+31  1.2128E+44  1.3558E+46
  2.2390E-01  1.1498E+46  1.9047E+33  9.5246E+43  1.1403E+46
  2.3710E-01  1.0567E+46  1.2316E+34  1.0238E+44  1.0464E+46
  2.5120E-01  9.7020E+45  6.7748E+34  1.0618E+44  9.5958E+45
  2.6610E-01  8.9049E+45  3.5276E+35  1.0374E+44  8.8012E+45
  2.8180E-01  8.1743E+45  1.7001E+36  9.8191E+43  8.0761E+45
  2.9850E-01  7.4999E+45  7.5022E+36  9.2067E+43  7.4079E+45
  3.1620E-01  6.8811E+45  2.9815E+37  8.6427E+43  6.7947E+45
  3.3500E-01  6.3118E+45  1.0838E+38  8.0971E+43  6.2308E+45
  3.5480E-01  5.7921E+45  3.6144E+38  7.5589E+43  5.7165E+45
  3.7580E-01  5.3146E+45  1.1163E+39  7.0410E+43  5.2442E+45
  3.9810E-01  4.8754E+45  3.1778E+39  6.5629E+43  4.8097E+45
  4.2170E-01  4.4728E+45  8.3132E+39  6.1150E+43  4.4116E+45
  4.4670E-01  4.1038E+45  2.0164E+40  5.7122E+43  4.0466E+45
  4.7320E-01  3.7648E+45  4.6025E+40  5.3262E+43  3.7115E+45
  5.0120E-01  3.4544E+45  9.9143E+40  4.9537E+43  3.4048E+45
  5.3090E-01  3.1693E+45  2.0261E+41  4.5950E+43  3.1232E+45
  5.6230E-01  2.9082E+45  3.9245E+41  4.2633E+43  2.8651E+45
  5.9570E-01  2.6678E+45  7.2539E+41  3.9502E+43  2.6276E+45
  6.3100E-01  2.4481E+45  1.2781E+42  3.6537E+43  2.4103E+45
  6.6830E-01  2.2473E+45  2.1507E+42  3.3705E+43  2.2114E+45
  7.0790E-01  2.0630E+45  3.4700E+42  3.1066E+43  2.0284E+45
  7.4990E-01  1.8944E+45  5.3795E+42  2.8585E+43  1.8605E+45
  7.9430E-01  1.7408E+45  8.0211E+42  2.6224E+43  1.7066E+45
  8.4140E-01  1.6009E+45  1.1554E+43  2.3976E+43  1.5653E+45
  8.9130E-01  1.4737E+45  1.6114E+43  2.1817E+43  1.4357E+45
  9.4410E-01  1.3586E+45  2.1794E+43  1.9772E+43  1.3170E+45
  1.0000E+00  1.2546E+45  2.8662E+43  1.7839E+43  1.2081E+45
  1.0590E+00  1.1613E+45  3.6711E+43  1.6044E+43  1.1086E+45
  1.1220E+00  1.0770E+45  4.6086E+43  1.4353E+43  1.0165E+45
  1.1890E+00  1.0014E+45  5.6770E+43  1.2752E+43  9.3183E+44
  1.2590E+00  9.3479E+44  6.8349E+43  1.1239E+43  8.5520E+44
  1.3340E+00  8.7495E+44  8.1002E+43  9.8458E+42  7.8411E+44
  1.4130E+00  8.2204E+44  9.4164E+43  8.6085E+42  7.1927E+44
  1.4960E+00  7.7539E+44  1.0763E+44  7.5036E+42  6.6026E+44
  1.5850E+00  7.3361E+44  1.2167E+44  6.4998E+42  6.0543E+44
  1.6790E+00  6.9636E+44  1.3547E+44  5.5879E+42  5.5530E+44
  1.7780E+00  6.6278E+44  1.4845E+44  4.7562E+42  5.0957E+44
  1.8840E+00  6.3208E+44  1.6089E+44  4.0000E+42  4.6719E+44
  1.9950E+00  6.0399E+44  1.7192E+44  3.3229E+42  4.2875E+44
  2.1130E+00  5.7767E+44  1.8162E+44  2.7251E+42  3.9333E+44
  2.2390E+00  5.5245E+44  1.8963E+44  2.2066E+42  3.6061E+44
  2.3710E+00  5.2813E+44  1.9545E+44  1.7658E+42  3.3092E+44
  2.5120E+00  5.0426E+44  1.9941E+44  1.3983E+42  3.0344E+44
  2.6610E+00  4.8059E+44  2.0117E+44  1.0967E+42  2.7832E+44
  2.8180E+00  4.5675E+44  2.0052E+44  8.5230E+41  2.5538E+44
  2.9850E+00  4.3277E+44  1.9785E+44  6.5688E+41  2.3426E+44
  3.1620E+00  4.0849E+44  1.9312E+44  5.0231E+41  2.1487E+44
  3.3500E+00  3.8467E+44  1.8725E+44  3.8180E+41  1.9704E+44
  3.5480E+00  3.6045E+44  1.7938E+44  2.8808E+41  1.8078E+44
  3.7580E+00  3.3651E+44  1.7046E+44  2.1601E+41  1.6583E+44
  3.9810E+00  3.1297E+44  1.6072E+44  1.6102E+41  1.5210E+44
  4.2170E+00  2.8995E+44  1.5032E+44  1.1936E+41  1.3951E+44
  4.4670E+00  2.6761E+44  1.3956E+44  8.8009E+40  1.2796E+44
  4.7320E+00  2.4632E+44  1.2889E+44  6.4571E+40  1.1737E+44
  5.0120E+00  2.2649E+44  1.1853E+44  4.7239E+40  1.0791E+44
  5.3090E+00  2.0463E+44  1.0857E+44  3.3908E+40  9.6024E+43
  5.6230E+00  1.8410E+44  9.9267E+43  2.4176E+40  8.4805E+43
  5.9570E+00  1.6510E+44  9.0762E+43  1.7141E+40  7.4316E+43
  6.3100E+00  1.4700E+44  8.2279E+43  1.2037E+40  6.4710E+43
  6.6830E+00  1.3120E+44  7.5181E+43  8.4398E+39  5.6014E+43
  7.0790E+00  1.1632E+44  6.8123E+43  5.8401E+39  4.8190E+43
  7.4990E+00  1.0743E+44  6.6197E+43  4.1383E+39  4.1229E+43
  7.9430E+00  1.2046E+44  8.5350E+43  3.4775E+39  3.5109E+43
  8.4140E+00  1.5515E+44  1.2539E+44  3.4694E+39  2.9752E+43
  8.9130E+00  1.8302E+44  1.5792E+44  3.3948E+39  2.5104E+43
  9.4410E+00  2.0227E+44  1.8117E+44  3.4756E+39  2.1101E+43
  1.0000E+01  1.6700E+44  1.4933E+44  2.5486E+39  1.7671E+43
  1.0590E+01  1.3005E+44  1.1529E+44  1.7329E+39  1.4758E+43
  1.1220E+01  9.6456E+43  8.4187E+43  1.0525E+39  1.2267E+43
  1.1890E+01  7.2871E+43  6.2711E+43  6.4551E+38  1.0159E+43
  1.2590E+01  5.5534E+43  4.7121E+43  3.8920E+38  8.4119E+42
  1.3340E+01  4.3288E+43  3.6356E+43  2.3489E+38  6.9319E+42
  1.4130E+01  3.6017E+43  3.0312E+43  1.4691E+38  5.7050E+42
  1.4960E+01  3.4184E+43  2.9492E+43  1.0570E+38  4.6919E+42
  1.5850E+01  3.3629E+43  2.9788E+43  8.1827E+37  3.8414E+42
  1.6790E+01  3.3342E+43  3.0201E+43  6.6327E+37  3.1409E+42
  1.7780E+01  3.2370E+43  2.9804E+43  5.4510E+37  2.5663E+42
  1.8840E+01  3.0154E+43  2.8065E+43  4.3542E+37  2.0888E+42
  1.9950E+01  2.7091E+43  2.5390E+43  3.2881E+37  1.7013E+42
  2.1130E+01  2.4446E+43  2.3064E+43  2.4164E+37  1.3827E+42
  2.2390E+01  2.2482E+43  2.1362E+43  1.7963E+37  1.1203E+42
  2.3710E+01  2.0989E+43  2.0080E+43  1.3452E+37  9.0864E+41
  2.5120E+01  1.9769E+43  1.9035E+43  1.0158E+37  7.3479E+41
  2.6610E+01  1.8687E+43  1.8093E+43  7.6623E+36  5.9383E+41
  2.8180E+01  1.7654E+43  1.7174E+43  5.7811E+36  4.7994E+41
  2.9850E+01  1.6579E+43  1.6192E+43  4.3391E+36  3.8717E+41
  3.1620E+01  1.5412E+43  1.5100E+43  3.2211E+36  3.1199E+41
  3.3500E+01  1.4139E+43  1.3888E+43  2.3601E+36  2.5106E+41
  3.5480E+01  1.2783E+43  1.2581E+43  1.7046E+36  2.0210E+41
  3.7580E+01  1.1370E+43  1.1208E+43  1.2112E+36  1.6253E+41
  3.9810E+01  9.9348E+42  9.8042E+42  8.4604E+35  1.3054E+41
  4.2170E+01  8.5403E+42  8.4355E+42  5.8107E+35  1.0479E+41
  4.4670E+01  7.2299E+42  7.1458E+42  3.9235E+35  8.4074E+40
  4.7320E+01  6.0357E+42  5.9683E+42  2.6093E+35  6.7400E+40
  5.0120E+01  4.9747E+42  4.9207E+42  1.7114E+35  5.4034E+40
  5.3090E+01  4.0502E+42  4.0069E+42  1.1078E+35  4.3282E+40
  5.6230E+01  3.2629E+42  3.2283E+42  7.0893E+34  3.4667E+40
  5.9570E+01  2.6010E+42  2.5733E+42  4.4856E+34  2.7728E+40
  6.3100E+01  2.0557E+42  2.0335E+42  2.8124E+34  2.2180E+40
  6.6830E+01  1.6122E+42  1.5944E+42  1.7491E+34  1.7744E+40
  7.0790E+01  1.2552E+42  1.2410E+42  1.0794E+34  1.4183E+40
  7.4990E+01  9.7061E+41  9.5928E+41  6.6152E+33  1.1329E+40
  7.9430E+01  7.4633E+41  7.3728E+41  4.0311E+33  9.0505E+39
  8.4140E+01  5.7077E+41  5.6355E+41  2.4423E+33  7.2256E+39
  8.9130E+01  4.3467E+41  4.2891E+41  1.4736E+33  5.7665E+39
  9.4410E+01  3.2970E+41  3.2510E+41  8.8552E+32  4.6021E+39
  1.0000E+02  2.4910E+41  2.4543E+41  5.3007E+32  3.6722E+39
  1.0590E+02  1.8776E+41  1.8483E+41  3.1661E+32  2.9317E+39
  1.1220E+02  1.4113E+41  1.3879E+41  1.8852E+32  2.3358E+39
  1.1890E+02  1.0605E+41  1.0419E+41  1.1224E+32  1.8590E+39
  1.2590E+02  8.0074E+40  7.8591E+40  6.7168E+31  1.4838E+39
  1.3340E+02  6.0585E+40  5.9404E+40  4.0341E+31  1.1811E+39
  1.4130E+02  4.5429E+40  4.4488E+40  2.4099E+31  9.4117E+38
  1.4960E+02  3.3323E+40  3.2572E+40  1.4066E+31  7.5121E+38
  1.5850E+02  2.4247E+40  2.3649E+40  8.1228E+30  5.9781E+38
  1.7780E+02  1.2936E+40  1.2557E+40  2.7264E+30  3.7942E+38
  1.9950E+02  6.9054E+39  6.6650E+39  9.1624E+29  2.4043E+38
  2.2390E+02  3.6742E+39  3.5221E+39  3.0731E+29  1.5216E+38
  2.5120E+02  1.9509E+39  1.8546E+39  1.0295E+29  9.6376E+37
  2.8180E+02  1.0332E+39  9.7218E+38  3.4433E+28  6.1043E+37
  3.1620E+02  5.4567E+38  5.0706E+38  1.1496E+28  3.8617E+37
  3.5480E+02  2.8789E+38  2.6347E+38  3.8370E+27  2.4421E+37
  3.9810E+02  1.5187E+38  1.3642E+38  1.2822E+27  1.5442E+37
  4.4670E+02  8.0170E+37  7.0409E+37  4.2928E+26  9.7603E+36
  5.0120E+02  4.2415E+37  3.6245E+37  1.4423E+26  6.1695E+36
  5.6230E+02  2.2519E+37  1.8619E+37  4.8680E+25  3.9003E+36
  6.3100E+02  1.1997E+37  9.5341E+36  1.6514E+25  2.4629E+36
  7.0790E+02  6.4340E+36  4.8772E+36  5.6477E+24  1.5568E+36
  7.9430E+02  3.4718E+36  2.4886E+36  1.9458E+24  9.8325E+35
  8.9130E+02  1.8880E+36  1.2673E+36  6.7648E+23  6.2077E+35
  1.0000E+03  1.0368E+36  6.4467E+35  2.3775E+23  3.9214E+35
