  1.0000E-03  9.1316E+44  1.4678E+06  3.6544E+43  8.7662E+44
  1.1220E-03  1.0293E+45  1.4129E+06  4.5742E+43  9.8357E+44
  1.2590E-03  1.1582E+45  1.3298E+06  5.4507E+43  1.1037E+45
  1.4130E-03  1.3011E+45  1.1998E+06  6.2364E+43  1.2387E+45
  1.5850E-03  1.4595E+45  1.1345E+06  7.0038E+43  1.3894E+45
  1.7780E-03  1.6472E+45  1.1143E+06  8.8635E+43  1.5586E+45
  1.9950E-03  1.8508E+45  1.0674E+06  1.0195E+44  1.7488E+45
  2.2390E-03  2.0699E+45  9.6000E+05  1.0718E+44  1.9627E+45
  2.5120E-03  2.3430E+45  9.2017E+05  1.4096E+44  2.2020E+45
  2.8180E-03  2.6245E+45  8.2053E+05  1.5432E+44  2.4702E+45
  3.1620E-03  2.9332E+45  7.8035E+05  1.6132E+44  2.7718E+45
  3.5480E-03  3.2746E+45  7.0202E+05  1.6426E+44  3.1103E+45
  3.9810E-03  3.6538E+45  6.5237E+05  1.6397E+44  3.4898E+45
  4.4670E-03  4.2061E+45  8.5526E+05  2.9025E+44  3.9158E+45
  5.0120E-03  4.7430E+45  7.9742E+05  3.4946E+44  4.3936E+45
  5.6230E-03  5.3305E+45  6.8885E+05  4.0121E+44  4.9292E+45
  5.9570E-03  5.6464E+45  6.8681E+05  4.2433E+44  5.2220E+45
  6.6830E-03  6.3249E+45  6.0761E+05  4.6641E+44  5.8585E+45
  7.4990E-03  7.0860E+45  5.8243E+05  5.1219E+44  6.5738E+45
  8.4140E-03  7.9270E+45  5.4214E+05  5.5116E+44  7.3758E+45
  9.4410E-03  8.8642E+45  5.4058E+05  5.8814E+44  8.2761E+45
  1.0590E-02  9.9033E+45  5.0218E+05  6.1999E+44  9.2833E+45
  1.1890E-02  1.1105E+46  4.7507E+05  6.8214E+44  1.0423E+46
  1.3340E-02  1.2418E+46  4.5089E+05  7.2409E+44  1.1694E+46
  1.4960E-02  1.3885E+46  4.5765E+05  7.7127E+44  1.3114E+46
  1.6790E-02  1.5536E+46  4.1864E+05  8.1714E+44  1.4718E+46
  1.8840E-02  1.7379E+46  4.0513E+05  8.6371E+44  1.6515E+46
  2.1130E-02  1.9447E+46  3.8289E+05  9.2339E+44  1.8524E+46
  2.3710E-02  2.1767E+46  3.7314E+05  9.8204E+44  2.0785E+46
  2.6610E-02  2.4367E+46  3.5968E+05  1.0410E+45  2.3326E+46
  2.9850E-02  2.7268E+46  3.6480E+05  1.1011E+45  2.6166E+46
  3.3500E-02  3.0526E+46  3.5079E+05  1.1598E+45  2.9367E+46
  3.7580E-02  3.4187E+46  3.5971E+05  1.2445E+45  3.2942E+46
  4.2170E-02  3.8478E+46  3.4216E+05  1.5113E+45  3.6967E+46
  4.7320E-02  4.3075E+46  3.3783E+05  1.5931E+45  4.1482E+46
  5.3090E-02  4.4742E+46  2.8731E+05  1.5293E+45  4.3212E+46
  6.6830E-02  4.2414E+46  2.1781E+05  1.1461E+45  4.1268E+46
  7.4990E-02  4.1280E+46  1.7425E+05  9.5195E+44  4.0328E+46
  8.4140E-02  4.0362E+46  2.4334E+05  9.5185E+44  3.9410E+46
  9.4410E-02  3.9479E+46  7.0585E+09  9.6607E+44  3.8513E+46
  1.0590E-01  3.6096E+46  1.9258E+14  1.0410E+45  3.5055E+46
  1.1890E-01  3.0438E+46  1.4390E+18  9.7047E+44  2.9467E+46
  1.3340E-01  2.5684E+46  2.9631E+21  8.8818E+44  2.4795E+46
  1.4960E-01  2.1572E+46  3.4052E+24  6.9338E+44  2.0878E+46
  1.5850E-01  1.9747E+46  1.0061E+26  6.0159E+44  1.9145E+46
  1.7780E-01  1.6601E+46  5.2200E+28  4.8629E+44  1.6114E+46
  1.9950E-01  1.3898E+46  1.5270E+31  3.3969E+44  1.3558E+46
  2.2390E-01  1.1688E+46  1.8374E+33  2.8516E+44  1.1403E+46
  2.3710E-01  1.0782E+46  1.2270E+34  3.1715E+44  1.0464E+46
  2.5120E-01  9.9305E+45  7.0636E+34  3.3466E+44  9.5958E+45
  2.6610E-01  9.1303E+45  3.8063E+35  3.2906E+44  8.8012E+45
  2.8180E-01  8.3890E+45  1.8818E+36  3.1288E+44  8.0761E+45
  2.9850E-01  7.7031E+45  8.4812E+36  2.9527E+44  7.4079E+45
  3.1620E-01  7.0749E+45  3.4366E+37  2.8022E+44  6.7947E+45
  3.3500E-01  6.4967E+45  1.2718E+38  2.6589E+44  6.2308E+45
  3.5480E-01  5.9681E+45  4.3103E+38  2.5165E+44  5.7165E+45
  3.7580E-01  5.4823E+45  1.3521E+39  2.3818E+44  5.2442E+45
  3.9810E-01  5.0355E+45  3.9076E+39  2.2573E+44  4.8097E+45
  4.2170E-01  4.6263E+45  1.0394E+40  2.1467E+44  4.4116E+45
  4.4670E-01  4.2514E+45  2.5649E+40  2.0480E+44  4.0466E+45
  4.7320E-01  3.9066E+45  5.9594E+40  1.9507E+44  3.7115E+45
  5.0120E-01  3.5901E+45  1.3074E+41  1.8522E+44  3.4048E+45
  5.3090E-01  3.2989E+45  2.7240E+41  1.7544E+44  3.1232E+45
  5.6230E-01  3.0315E+45  5.3785E+41  1.6587E+44  2.8651E+45
  5.9570E-01  2.7850E+45  1.0135E+42  1.5639E+44  2.6276E+45
  6.3100E-01  2.5591E+45  1.8217E+42  1.4698E+44  2.4103E+45
  6.6830E-01  2.3521E+45  3.1290E+42  1.3757E+44  2.2114E+45
  7.0790E-01  2.1620E+45  5.1553E+42  1.2839E+44  2.0284E+45
  7.4990E-01  1.9879E+45  8.1565E+42  1.1930E+44  1.8605E+45
  7.9430E-01  1.8293E+45  1.2413E+43  1.1028E+44  1.7066E+45
  8.4140E-01  1.6850E+45  1.8245E+43  1.0145E+44  1.5653E+45
  8.9130E-01  1.5544E+45  2.5986E+43  9.2729E+43  1.4357E+45
  9.4410E-01  1.4372E+45  3.5852E+43  8.4342E+43  1.3170E+45
  1.0000E+00  1.3325E+45  4.7979E+43  7.6351E+43  1.2081E+45
  1.0590E+00  1.2398E+45  6.2385E+43  6.8878E+43  1.1086E+45
  1.1220E+00  1.1576E+45  7.9323E+43  6.1786E+43  1.0165E+45
  1.1890E+00  1.0856E+45  9.8754E+43  5.5025E+43  9.3183E+44
  1.2590E+00  1.0237E+45  1.1998E+44  4.8529E+43  8.5520E+44
  1.3340E+00  9.6965E+44  1.4300E+44  4.2540E+43  7.8411E+44
  1.4130E+00  9.2302E+44  1.6654E+44  3.7214E+43  7.1927E+44
  1.4960E+00  8.8275E+44  1.9008E+44  3.2422E+43  6.6026E+44
  1.5850E+00  8.4738E+44  2.1391E+44  2.8032E+43  6.0543E+44
  1.6790E+00  8.1581E+44  2.3653E+44  2.3975E+43  5.5530E+44
  1.7780E+00  7.8669E+44  2.5690E+44  2.0217E+43  5.0957E+44
  1.8840E+00  7.5920E+44  2.7523E+44  1.6786E+43  4.6719E+44
  1.9950E+00  7.3268E+44  2.9022E+44  1.3714E+43  4.2875E+44
  2.1130E+00  7.0626E+44  3.0191E+44  1.1027E+43  3.9333E+44
  2.2390E+00  6.7910E+44  3.0976E+44  8.7309E+42  3.6061E+44
  2.3710E+00  6.5104E+44  3.1331E+44  6.8165E+42  3.3092E+44
  2.5120E+00  6.2189E+44  3.1318E+44  5.2592E+42  3.0344E+44
  2.6610E+00  5.9150E+44  3.0916E+44  4.0143E+42  2.7832E+44
  2.8180E+00  5.5972E+44  3.0130E+44  3.0326E+42  2.5538E+44
  2.9850E+00  5.2692E+44  2.9039E+44  2.2708E+42  2.3426E+44
  3.1620E+00  4.9322E+44  2.7667E+44  1.6860E+42  2.1487E+44
  3.3500E+00  4.5989E+44  2.6160E+44  1.2447E+42  1.9704E+44
  3.5480E+00  4.2607E+44  2.4438E+44  9.1166E+41  1.8078E+44
  3.7580E+00  3.9279E+44  2.2629E+44  6.6354E+41  1.6583E+44
  3.9810E+00  3.6030E+44  2.0772E+44  4.8009E+41  1.5210E+44
  4.2170E+00  3.2886E+44  1.8900E+44  3.4541E+41  1.3951E+44
  4.4670E+00  2.9872E+44  1.7051E+44  2.4715E+41  1.2796E+44
  4.7320E+00  2.7032E+44  1.5278E+44  1.7596E+41  1.1737E+44
  5.0120E+00  2.4410E+44  1.3606E+44  1.2491E+41  1.0791E+44
  5.3090E+00  2.1655E+44  1.2044E+44  8.7124E+40  9.6024E+43
  5.6230E+00  1.9104E+44  1.0617E+44  6.0343E+40  8.4805E+43
  5.9570E+00  1.6771E+44  9.3350E+43  4.1536E+40  7.4316E+43
  6.3100E+00  1.4598E+44  8.1240E+43  2.8298E+40  6.4710E+43
  6.6830E+00  1.2710E+44  7.1068E+43  1.9228E+40  5.6014E+43
  7.0790E+00  1.0973E+44  6.1526E+43  1.2884E+40  4.8190E+43
  7.4990E+00  9.8283E+43  5.7045E+43  8.8719E+39  4.1229E+43
  7.9430E+00  1.0584E+44  7.0727E+43  7.3897E+39  3.5109E+43
  8.4140E+00  1.2994E+44  1.0018E+44  7.4604E+39  2.9752E+43
  8.9130E+00  1.4663E+44  1.2152E+44  7.3543E+39  2.5104E+43
  9.4410E+00  1.5552E+44  1.3441E+44  7.5273E+39  2.1101E+43
  1.0000E+01  1.2549E+44  1.0782E+44  5.2140E+39  1.7671E+43
  1.0590E+01  9.5434E+43  8.0672E+43  3.3068E+39  1.4758E+43
  1.1220E+01  6.8708E+43  5.6439E+43  1.8538E+39  1.2267E+43
  1.1890E+01  4.9980E+43  3.9820E+43  1.0527E+39  1.0159E+43
  1.2590E+01  3.6251E+43  2.7839E+43  5.8433E+38  8.4119E+42
  1.3340E+01  2.6560E+43  1.9627E+43  3.2336E+38  6.9319E+42
  1.4130E+01  2.0612E+43  1.4907E+43  1.8636E+38  5.7050E+42
  1.4960E+01  1.8393E+43  1.3701E+43  1.2663E+38  4.6919E+42
  1.5850E+01  1.6981E+43  1.3139E+43  9.2633E+37  3.8414E+42
  1.6790E+01  1.5712E+43  1.2571E+43  7.0537E+37  3.1409E+42
  1.7780E+01  1.4068E+43  1.1501E+43  5.3584E+37  2.5663E+42
  1.8840E+01  1.1831E+43  9.7424E+42  3.8473E+37  2.0888E+42
  1.9950E+01  9.3601E+42  7.6587E+42  2.5340E+37  1.7013E+42
  2.1130E+01  7.2878E+42  5.9052E+42  1.5949E+37  1.3827E+42
  2.2390E+01  5.6996E+42  4.5793E+42  1.0046E+37  1.1203E+42
  2.3710E+01  4.4806E+42  3.5720E+42  6.3308E+36  9.0864E+41
  2.5120E+01  3.5264E+42  2.7916E+42  4.0019E+36  7.3479E+41
  2.6610E+01  2.7754E+42  2.1815E+42  2.5230E+36  5.9383E+41
  2.8180E+01  2.1867E+42  1.7068E+42  1.5959E+36  4.7994E+41
  2.9850E+01  1.7189E+42  1.3318E+42  1.0090E+36  3.8717E+41
  3.1620E+01  1.3461E+42  1.0341E+42  6.3539E+35  3.1199E+41
  3.3500E+01  1.0494E+42  7.9833E+41  3.9858E+35  2.5106E+41
  3.5480E+01  8.1573E+41  6.1363E+41  2.4945E+35  2.0210E+41
  3.7580E+01  6.3040E+41  4.6787E+41  1.5522E+35  1.6253E+41
  3.9810E+01  4.8324E+41  3.5271E+41  9.5863E+34  1.3054E+41
  4.2170E+01  3.6840E+41  2.6360E+41  5.8839E+34  1.0479E+41
  4.4670E+01  2.7950E+41  1.9542E+41  3.5878E+34  8.4074E+40
  4.7320E+01  2.1128E+41  1.4388E+41  2.1770E+34  6.7400E+40
  5.0120E+01  1.5937E+41  1.0534E+41  1.3166E+34  5.4034E+40
  5.3090E+01  1.1997E+41  7.6684E+40  7.9381E+33  4.3282E+40
  5.6230E+01  9.0275E+40  5.5607E+40  4.7797E+33  3.4667E+40
  5.9570E+01  6.7849E+40  4.0121E+40  2.8721E+33  2.7728E+40
  6.3100E+01  5.1056E+40  2.8876E+40  1.7267E+33  2.2180E+40
  6.6830E+01  3.8482E+40  2.0738E+40  1.0392E+33  1.7744E+40
  7.0790E+01  2.9043E+40  1.4860E+40  6.2591E+32  1.4183E+40
  7.4990E+01  2.1955E+40  1.0626E+40  3.7747E+32  1.1329E+40
  7.9430E+01  1.6642E+40  7.5919E+39  2.2820E+32  9.0505E+39
  8.4140E+01  1.2643E+40  5.4178E+39  1.3820E+32  7.2256E+39
  8.9130E+01  9.6322E+39  3.8657E+39  8.3907E+31  5.7665E+39
  9.4410E+01  7.3596E+39  2.7575E+39  5.1081E+31  4.6021E+39
  1.0000E+02  5.6386E+39  1.9664E+39  3.1173E+31  3.6722E+39
  1.0590E+02  4.3354E+39  1.4037E+39  1.9089E+31  2.9317E+39
  1.1220E+02  3.3374E+39  1.0017E+39  1.1696E+31  2.3358E+39
  1.1890E+02  2.5752E+39  7.1616E+38  7.1819E+30  1.8590E+39
  1.2590E+02  1.9994E+39  5.1561E+38  4.4372E+30  1.4838E+39
  1.3340E+02  1.5533E+39  3.7223E+38  2.7468E+30  1.1811E+39
  1.4130E+02  1.2088E+39  2.6759E+38  1.7093E+30  9.4117E+38
  1.4960E+02  9.4083E+38  1.8962E+38  1.0625E+30  7.5121E+38
  1.5850E+02  7.3133E+38  1.3352E+38  6.5753E+29  5.9781E+38
  1.7780E+02  4.4628E+38  6.6858E+37  2.5375E+29  3.7942E+38
  1.9950E+02  2.7407E+38  3.3634E+37  9.8495E+28  2.4043E+38
  2.2390E+02  1.6910E+38  1.6943E+37  3.8415E+28  1.5216E+38
  2.5120E+02  1.0493E+38  8.5517E+36  1.5063E+28  9.6376E+37
  2.8180E+02  6.5362E+37  4.3184E+36  5.9289E+27  6.1043E+37
  3.1620E+02  4.0796E+37  2.1789E+36  2.3378E+27  3.8617E+37
  3.5480E+02  2.5521E+37  1.0995E+36  9.2343E+26  2.4421E+37
  3.9810E+02  1.5997E+37  5.5473E+35  3.6552E+26  1.5442E+37
  4.4670E+02  1.0040E+37  2.7978E+35  1.4485E+26  9.7603E+36
  5.0120E+02  6.3106E+36  1.4111E+35  5.7479E+25  6.1695E+36
  5.6230E+02  3.9715E+36  7.1182E+34  2.2830E+25  3.9003E+36
  6.3100E+02  2.4988E+36  3.5865E+34  9.0668E+24  2.4629E+36
  7.0790E+02  1.5749E+36  1.8085E+34  3.6067E+24  1.5568E+36
  7.9430E+02  9.9236E+35  9.1103E+33  1.4342E+24  9.8325E+35
  8.9130E+02  6.2536E+35  4.5865E+33  5.7034E+23  6.2077E+35
  1.0000E+03  3.9444E+35  2.3096E+33  2.2703E+23  3.9214E+35
