  1.0000E-03  8.9365E+44  1.9412E-01  1.7029E+43  8.7662E+44
  1.1220E-03  9.9744E+44  1.0182E-01  1.3865E+43  9.8357E+44
  1.2590E-03  1.1155E+45  5.9331E-02  1.1767E+43  1.1037E+45
  1.4130E-03  1.2491E+45  3.8683E-02  1.0438E+43  1.2387E+45
  1.5850E-03  1.3995E+45  2.8813E-02  1.0079E+43  1.3894E+45
  1.7780E-03  1.5706E+45  2.5709E-02  1.2023E+43  1.5586E+45
  1.9950E-03  1.7601E+45  2.0259E-02  1.1309E+43  1.7488E+45
  2.2390E-03  1.9738E+45  1.8555E-02  1.1056E+43  1.9627E+45
  2.5120E-03  2.2151E+45  1.9184E-02  1.3078E+43  2.2020E+45
  2.8180E-03  2.4822E+45  1.8539E-02  1.1978E+43  2.4702E+45
  3.1620E-03  2.7827E+45  1.8260E-02  1.0885E+43  2.7718E+45
  3.5480E-03  3.1199E+45  1.7967E-02  9.6295E+42  3.1103E+45
  3.9810E-03  3.4981E+45  1.7648E-02  8.2456E+42  3.4898E+45
  4.4670E-03  3.9362E+45  9.9208E-02  2.0401E+43  3.9158E+45
  5.0120E-03  4.4225E+45  6.1350E-02  2.8873E+43  4.3936E+45
  5.6230E-03  4.9755E+45  6.6422E-02  4.6286E+43  4.9292E+45
  5.9570E-03  5.2813E+45  7.6568E-02  5.9244E+43  5.2220E+45
  6.6830E-03  5.9551E+45  1.0962E-01  9.6608E+43  5.8585E+45
  7.4990E-03  6.7386E+45  1.7096E-01  1.6479E+44  6.5738E+45
  8.4140E-03  7.6498E+45  2.7072E-01  2.7392E+44  7.3758E+45
  9.4410E-03  8.6893E+45  3.9548E-01  4.1319E+44  8.2761E+45
  1.0590E-02  9.8156E+45  4.9436E-01  5.3231E+44  9.2833E+45
  1.1890E-02  1.1073E+46  6.0131E-01  6.4996E+44  1.0423E+46
  1.3340E-02  1.2355E+46  6.1029E-01  6.6057E+44  1.1694E+46
  1.4960E-02  1.3737E+46  5.8002E-01  6.2256E+44  1.3114E+46
  1.6790E-02  1.5266E+46  5.1514E-01  5.4731E+44  1.4718E+46
  1.8840E-02  1.6983E+46  4.4449E-01  4.6756E+44  1.6515E+46
  2.1130E-02  1.8925E+46  3.8645E-01  4.0116E+44  1.8524E+46
  2.3710E-02  2.1126E+46  3.3374E-01  3.4128E+44  2.0785E+46
  2.6610E-02  2.3617E+46  2.8867E-01  2.9031E+44  2.3326E+46
  2.9850E-02  2.6414E+46  2.5017E-01  2.4733E+44  2.6166E+46
  3.3500E-02  2.9573E+46  2.1373E-01  2.0657E+44  2.9367E+46
  3.7580E-02  3.3122E+46  1.9468E-01  1.7988E+44  3.2942E+46
  4.2170E-02  3.7397E+46  4.0629E-01  4.3039E+44  3.6967E+46
  4.7320E-02  4.1869E+46  3.5101E-01  3.8722E+44  4.1482E+46
  5.3090E-02  4.3461E+46  2.1946E-01  2.4890E+44  4.3212E+46
  6.6830E-02  4.1334E+46  5.0779E-02  6.6019E+43  4.1268E+46
  7.4990E-02  4.0363E+46  8.9333E-02  3.4221E+43  4.0328E+46
  8.4140E-02  3.9448E+46  3.4251E+04  3.8116E+43  3.9410E+46
  9.4410E-02  3.8556E+46  3.9388E+09  4.3289E+43  3.8513E+46
  1.0590E-01  3.5137E+46  1.0989E+14  8.1667E+43  3.5055E+46
  1.1890E-01  2.9592E+46  9.9790E+17  1.2417E+44  2.9467E+46
  1.3340E-01  2.4936E+46  2.8420E+21  1.4063E+44  2.4795E+46
  1.4960E-01  2.0937E+46  4.0743E+24  5.8873E+43  2.0878E+46
  1.5850E-01  1.9184E+46  1.2258E+26  3.8373E+43  1.9145E+46
  1.7780E-01  1.6139E+46  5.3696E+28  2.4846E+43  1.6114E+46
  1.9950E-01  1.3572E+46  1.0427E+31  1.4117E+43  1.3558E+46
  2.2390E-01  1.1415E+46  9.3224E+32  1.2155E+43  1.1403E+46
  2.3710E-01  1.0484E+46  6.9236E+33  1.9317E+43  1.0464E+46
  2.5120E-01  9.6233E+45  4.7250E+34  2.7477E+43  9.5958E+45
  2.6610E-01  8.8305E+45  2.9055E+35  2.9343E+43  8.8012E+45
  2.8180E-01  8.1033E+45  1.5833E+36  2.7280E+43  8.0761E+45
  2.9850E-01  7.4328E+45  7.7235E+36  2.4914E+43  7.4079E+45
  3.1620E-01  6.8181E+45  3.3616E+37  2.3419E+43  6.7947E+45
  3.3500E-01  6.2529E+45  1.3261E+38  2.2040E+43  6.2308E+45
  3.5480E-01  5.7372E+45  4.7386E+38  2.0709E+43  5.7165E+45
  3.7580E-01  5.2637E+45  1.5573E+39  1.9553E+43  5.2442E+45
  3.9810E-01  4.8284E+45  4.6971E+39  1.8646E+43  4.8097E+45
  4.2170E-01  4.4297E+45  1.3042E+40  1.8072E+43  4.4116E+45
  4.4670E-01  4.0644E+45  3.3520E+40  1.7710E+43  4.0466E+45
  4.7320E-01  3.7290E+45  8.0778E+40  1.7389E+43  3.7115E+45
  5.0120E-01  3.4221E+45  1.8306E+41  1.7098E+43  3.4048E+45
  5.3090E-01  3.1406E+45  3.9304E+41  1.7008E+43  3.1232E+45
  5.6230E-01  2.8832E+45  7.9655E+41  1.7253E+43  2.8651E+45
  5.9570E-01  2.6472E+45  1.5358E+42  1.8072E+43  2.6276E+45
  6.3100E-01  2.4329E+45  2.8196E+42  1.9721E+43  2.4103E+45
  6.6830E-01  2.2389E+45  4.9362E+42  2.2569E+43  2.2114E+45
  7.0790E-01  2.0637E+45  8.2817E+42  2.6994E+43  2.0284E+45
  7.4990E-01  1.9070E+45  1.3315E+43  3.3181E+43  1.8605E+45
  7.9430E-01  1.7683E+45  2.0583E+43  4.1122E+43  1.7066E+45
  8.4140E-01  1.6470E+45  3.0703E+43  5.0969E+43  1.5653E+45
  8.9130E-01  1.5424E+45  4.4445E+43  6.2219E+43  1.4357E+45
  9.4410E-01  1.4539E+45  6.2251E+43  7.4666E+43  1.3170E+45
  1.0000E+00  1.3801E+45  8.4372E+43  8.7641E+43  1.2081E+45
  1.0590E+00  1.3198E+45  1.1098E+44  1.0023E+44  1.1086E+45
  1.1220E+00  1.2708E+45  1.4269E+44  1.1158E+44  1.0165E+45
  1.1890E+00  1.2322E+45  1.7967E+44  1.2075E+44  9.3183E+44
  1.2590E+00  1.2031E+45  2.2141E+44  1.2653E+44  8.5520E+44
  1.3340E+00  1.1818E+45  2.6749E+44  1.3017E+44  7.8411E+44
  1.4130E+00  1.1664E+45  3.1530E+44  1.3184E+44  7.1927E+44
  1.4960E+00  1.1556E+45  3.6402E+44  1.3136E+44  6.6026E+44
  1.5850E+00  1.1484E+45  4.1407E+44  1.2887E+44  6.0543E+44
  1.6790E+00  1.1432E+45  4.6375E+44  1.2413E+44  5.5530E+44
  1.7780E+00  1.1388E+45  5.1184E+44  1.1736E+44  5.0957E+44
  1.8840E+00  1.1344E+45  5.5812E+44  1.0910E+44  4.6719E+44
  1.9950E+00  1.1292E+45  6.0073E+44  9.9766E+43  4.2875E+44
  2.1130E+00  1.1217E+45  6.3856E+44  8.9860E+43  3.9333E+44
  2.2390E+00  1.1099E+45  6.6955E+44  7.9732E+43  3.6061E+44
  2.3710E+00  1.0928E+45  6.9214E+44  6.9725E+43  3.3092E+44
  2.5120E+00  1.0688E+45  7.0520E+44  6.0136E+43  3.0344E+44
  2.6610E+00  1.0372E+45  7.0773E+44  5.1161E+43  2.7832E+44
  2.8180E+00  9.9787E+44  6.9954E+44  4.2949E+43  2.5538E+44
  2.9850E+00  9.5110E+44  6.8125E+44  3.5593E+43  2.3426E+44
  3.1620E+00  8.9779E+44  6.5378E+44  2.9147E+43  2.1487E+44
  3.3500E+00  8.4010E+44  6.1948E+44  2.3583E+43  1.9704E+44
  3.5480E+00  7.7909E+44  5.7940E+44  1.8909E+43  1.8078E+44
  3.7580E+00  7.1649E+44  5.3564E+44  1.5013E+43  1.6583E+44
  3.9810E+00  6.5356E+44  4.8966E+44  1.1808E+43  1.5210E+44
  4.2170E+00  5.9180E+44  4.4308E+44  9.2100E+42  1.3951E+44
  4.4670E+00  5.3221E+44  3.9712E+44  7.1268E+42  1.2796E+44
  4.7320E+00  4.7564E+44  3.5281E+44  5.4626E+42  1.1737E+44
  5.0120E+00  4.2308E+44  3.1102E+44  4.1515E+42  1.0791E+44
  5.3090E+00  3.7115E+44  2.7202E+44  3.1030E+42  9.6024E+43
  5.6230E+00  3.2350E+44  2.3641E+44  2.2888E+42  8.4805E+43
  5.9570E+00  2.8032E+44  2.0434E+44  1.6647E+42  7.4316E+43
  6.3100E+00  2.4109E+44  1.7518E+44  1.1967E+42  6.4710E+43
  6.6830E+00  2.0776E+44  1.5090E+44  8.5396E+41  5.6014E+43
  7.0790E+00  1.7787E+44  1.2908E+44  6.0080E+41  4.8190E+43
  7.4990E+00  1.5352E+44  1.1190E+44  3.9028E+41  4.1229E+43
  7.9430E+00  1.3937E+44  1.0407E+44  1.9484E+41  3.5109E+43
  8.4140E+00  1.2951E+44  9.9668E+43  8.8541E+40  2.9752E+43
  8.9130E+00  1.1723E+44  9.2078E+43  4.9139E+40  2.5104E+43
  9.4410E+00  1.0484E+44  8.3703E+43  3.2331E+40  2.1101E+43
  1.0000E+01  9.1706E+43  7.4008E+43  2.7247E+40  1.7671E+43
  1.0590E+01  7.9496E+43  6.4713E+43  2.4272E+40  1.4758E+43
  1.1220E+01  6.7751E+43  5.5463E+43  2.1601E+40  1.2267E+43
  1.1890E+01  5.6977E+43  4.6800E+43  1.8536E+40  1.0159E+43
  1.2590E+01  4.7472E+43  3.9044E+43  1.5397E+40  8.4119E+42
  1.3340E+01  3.9275E+43  3.2331E+43  1.2124E+40  6.9319E+42
  1.4130E+01  3.3232E+43  2.7518E+43  8.7476E+39  5.7050E+42
  1.4960E+01  3.0237E+43  2.5540E+43  5.7823E+39  4.6919E+42
  1.5850E+01  2.8141E+43  2.4296E+43  3.8983E+39  3.8414E+42
  1.6790E+01  2.6375E+43  2.3231E+43  2.7488E+39  3.1409E+42
  1.7780E+01  2.4540E+43  2.1971E+43  2.0693E+39  2.5663E+42
  1.8840E+01  2.2434E+43  2.0343E+43  1.6551E+39  2.0888E+42
  1.9950E+01  2.0155E+43  1.8452E+43  1.3592E+39  1.7013E+42
  2.1130E+01  1.8095E+43  1.6711E+43  1.0912E+39  1.3827E+42
  2.2390E+01  1.6380E+43  1.5259E+43  8.6496E+38  1.1203E+42
  2.3710E+01  1.4949E+43  1.4040E+43  6.7856E+38  9.0864E+41
  2.5120E+01  1.3717E+43  1.2981E+43  5.2929E+38  7.3479E+41
  2.6610E+01  1.2628E+43  1.2033E+43  4.0918E+38  5.9383E+41
  2.8180E+01  1.1649E+43  1.1168E+43  3.1462E+38  4.7994E+41
  2.9850E+01  1.0733E+43  1.0346E+43  2.4020E+38  3.8717E+41
  3.1620E+01  9.8505E+42  9.5383E+42  1.8161E+38  3.1199E+41
  3.3500E+01  8.9884E+42  8.7372E+42  1.3590E+38  2.5106E+41
  3.5480E+01  8.1475E+42  7.9453E+42  1.0062E+38  2.0210E+41
  3.7580E+01  7.3182E+42  7.1556E+42  7.3619E+37  1.6253E+41
  3.9810E+01  6.4945E+42  6.3639E+42  5.3190E+37  1.3054E+41
  4.2170E+01  5.6988E+42  5.5940E+42  3.7903E+37  1.0479E+41
  4.4670E+01  4.9438E+42  4.8597E+42  2.6605E+37  8.4074E+40
  4.7320E+01  4.2418E+42  4.1744E+42  1.8409E+37  6.7400E+40
  5.0120E+01  3.6007E+42  3.5466E+42  1.2565E+37  5.4034E+40
  5.3090E+01  3.0234E+42  2.9801E+42  8.4601E+36  4.3282E+40
  5.6230E+01  2.5137E+42  2.4790E+42  5.6260E+36  3.4667E+40
  5.9570E+01  2.0683E+42  2.0405E+42  3.6945E+36  2.7728E+40
  6.3100E+01  1.6867E+42  1.6645E+42  2.4003E+36  2.2180E+40
  6.6830E+01  1.3639E+42  1.3462E+42  1.5441E+36  1.7744E+40
  7.0790E+01  1.0940E+42  1.0799E+42  9.8403E+35  1.4183E+40
  7.4990E+01  8.7062E+41  8.5929E+41  6.2159E+35  1.1329E+40
  7.9430E+01  6.8808E+41  6.7903E+41  3.8973E+35  9.0505E+39
  8.4140E+01  5.4018E+41  5.3295E+41  2.4253E+35  7.2256E+39
  8.9130E+01  4.2171E+41  4.1595E+41  1.5004E+35  5.7665E+39
  9.4410E+01  3.2741E+41  3.2281E+41  9.2293E+34  4.6021E+39
  1.0000E+02  2.5286E+41  2.4919E+41  5.6463E+34  3.6722E+39
  1.0590E+02  1.9450E+41  1.9157E+41  3.4411E+34  2.9317E+39
  1.1220E+02  1.4899E+41  1.4666E+41  2.0872E+34  2.3358E+39
  1.1890E+02  1.1389E+41  1.1203E+41  1.2634E+34  1.8590E+39
  1.2590E+02  8.7269E+40  8.5785E+40  7.6686E+33  1.4838E+39
  1.3340E+02  6.6881E+40  6.5700E+40  4.6616E+33  1.1811E+39
  1.4130E+02  5.0808E+40  4.9867E+40  2.8202E+33  9.4117E+38
  1.4960E+02  3.7844E+40  3.7093E+40  1.6723E+33  7.5121E+38
  1.5850E+02  2.7953E+40  2.7356E+40  9.8094E+32  5.9781E+38
  1.7780E+02  1.5295E+40  1.4915E+40  3.3812E+32  3.7942E+38
  1.9950E+02  8.3328E+39  8.0923E+39  1.1619E+32  2.4043E+38
  2.2390E+02  4.5094E+39  4.3572E+39  3.9740E+31  1.5216E+38
  2.5120E+02  2.4279E+39  2.3315E+39  1.3550E+31  9.6376E+37
  2.8180E+02  1.3003E+39  1.2392E+39  4.6066E+30  6.1043E+37
  3.1620E+02  6.9278E+38  6.5416E+38  1.5619E+30  3.8617E+37
  3.5480E+02  3.6791E+38  3.4349E+38  5.2918E+29  2.4421E+37
  3.9810E+02  1.9492E+38  1.7948E+38  1.7947E+29  1.5442E+37
  4.4670E+02  1.0313E+38  9.3366E+37  6.0993E+28  9.7603E+36
  5.0120E+02  5.4564E+37  4.8395E+37  2.0809E+28  6.1695E+36
  5.6230E+02  2.8910E+37  2.5009E+37  7.1364E+27  3.9003E+36
  6.3100E+02  1.5337E+37  1.2874E+37  2.4615E+27  2.4629E+36
  7.0790E+02  8.1726E+36  6.6158E+36  8.5645E+26  1.5568E+36
  7.9430E+02  4.3724E+36  3.3892E+36  3.0040E+26  9.8325E+35
  8.9130E+02  2.3527E+36  1.7319E+36  1.0636E+26  6.2077E+35
  1.0000E+03  1.2759E+36  8.8378E+35  3.8080E+25  3.9214E+35
