  1.0000E-03  8.9459E+44  4.4811E+00  1.7970E+43  8.7662E+44
  1.1220E-03  1.0024E+45  4.4873E+00  1.8851E+43  9.8357E+44
  1.2590E-03  1.1228E+45  4.4630E+00  1.9107E+43  1.1037E+45
  1.4130E-03  1.2576E+45  4.4155E+00  1.8938E+43  1.2387E+45
  1.5850E-03  1.4085E+45  4.4278E+00  1.9062E+43  1.3894E+45
  1.7780E-03  1.5814E+45  4.6970E+00  2.2764E+43  1.5586E+45
  1.9950E-03  1.7713E+45  4.3064E+00  2.2486E+43  1.7488E+45
  2.2390E-03  1.9842E+45  4.1061E+00  2.1519E+43  1.9627E+45
  2.5120E-03  2.2283E+45  4.2066E+00  2.6337E+43  2.2020E+45
  2.8180E-03  2.4960E+45  3.6046E+00  2.5791E+43  2.4702E+45
  3.1620E-03  2.7970E+45  3.1851E+00  2.5141E+43  2.7718E+45
  3.5480E-03  3.1347E+45  2.8647E+00  2.4397E+43  3.1103E+45
  3.9810E-03  3.5134E+45  2.6372E+00  2.3516E+43  3.4898E+45
  4.4670E-03  3.9752E+45  8.1585E+00  5.9415E+43  3.9158E+45
  5.0120E-03  4.4568E+45  6.8158E+00  6.3246E+43  4.3936E+45
  5.6230E-03  4.9963E+45  5.7535E+00  6.7033E+43  4.9292E+45
  5.9570E-03  5.2911E+45  5.3332E+00  6.9066E+43  5.2220E+45
  6.6830E-03  5.9322E+45  4.7260E+00  7.3675E+43  5.8585E+45
  7.4990E-03  6.6536E+45  4.3739E+00  7.9779E+43  6.5738E+45
  8.4140E-03  7.4616E+45  3.9716E+00  8.5758E+43  7.3758E+45
  9.4410E-03  8.3684E+45  3.7344E+00  9.2296E+43  8.2761E+45
  1.0590E-02  9.3824E+45  3.7529E+00  9.9096E+43  9.2833E+45
  1.1890E-02  1.0532E+46  3.4878E+00  1.0882E+44  1.0423E+46
  1.3340E-02  1.1811E+46  3.3514E+00  1.1748E+44  1.1694E+46
  1.4960E-02  1.3241E+46  3.1355E+00  1.2717E+44  1.3114E+46
  1.6790E-02  1.4856E+46  2.9709E+00  1.3762E+44  1.4718E+46
  1.8840E-02  1.6664E+46  2.8551E+00  1.4907E+44  1.6515E+46
  2.1130E-02  1.8686E+46  2.7109E+00  1.6234E+44  1.8524E+46
  2.3710E-02  2.0961E+46  2.5634E+00  1.7671E+44  2.0785E+46
  2.6610E-02  2.3519E+46  2.3966E+00  1.9239E+44  2.3326E+46
  2.9850E-02  2.6376E+46  2.2385E+00  2.0931E+44  2.6166E+46
  3.3500E-02  2.9593E+46  2.0816E+00  2.2660E+44  2.9367E+46
  3.7580E-02  3.3184E+46  2.2233E+00  2.4202E+44  3.2942E+46
  4.2170E-02  3.7281E+46  2.1600E+00  3.1387E+44  3.6967E+46
  4.7320E-02  4.1843E+46  1.5814E+00  3.6168E+44  4.1482E+46
  5.3090E-02  4.3592E+46  9.9484E-01  3.7973E+44  4.3212E+46
  6.6830E-02  4.1635E+46  1.5772E-01  3.6720E+44  4.1268E+46
  7.4990E-02  4.0680E+46  1.7703E-01  3.5137E+44  4.0328E+46
  8.4140E-02  3.9745E+46  6.8316E+04  3.3531E+44  3.9410E+46
  9.4410E-02  3.8842E+46  8.1118E+09  3.2979E+44  3.8513E+46
  1.0590E-01  3.5375E+46  2.3859E+14  3.1949E+44  3.5055E+46
  1.1890E-01  2.9713E+46  2.1111E+18  2.4589E+44  2.9467E+46
  1.3340E-01  2.4986E+46  5.1675E+21  1.9041E+44  2.4795E+46
  1.4960E-01  2.1001E+46  6.6888E+24  1.2251E+44  2.0878E+46
  1.5850E-01  1.9244E+46  1.9954E+26  9.8355E+43  1.9145E+46
  1.7780E-01  1.6193E+46  9.2419E+28  7.8636E+43  1.6114E+46
  1.9950E-01  1.3625E+46  2.1506E+31  6.7337E+43  1.3558E+46
  2.2390E-01  1.1472E+46  2.3089E+33  6.9076E+43  1.1403E+46
  2.3710E-01  1.0537E+46  1.6610E+34  7.2547E+43  1.0464E+46
  2.5120E-01  9.6648E+45  1.0470E+35  6.9020E+43  9.5958E+45
  2.6610E-01  8.8634E+45  6.0275E+35  6.2156E+43  8.8012E+45
  2.8180E-01  8.1314E+45  3.1239E+36  5.5313E+43  8.0761E+45
  2.9850E-01  7.4575E+45  1.4608E+37  4.9618E+43  7.4079E+45
  3.1620E-01  6.8399E+45  6.1117E+37  4.5202E+43  6.7947E+45
  3.3500E-01  6.2722E+45  2.3248E+38  4.1416E+43  6.2308E+45
  3.5480E-01  5.7546E+45  8.0590E+38  3.8103E+43  5.7165E+45
  3.7580E-01  5.2794E+45  2.5763E+39  3.5215E+43  5.2442E+45
  3.9810E-01  4.8425E+45  7.5795E+39  3.2727E+43  4.8097E+45
  4.2170E-01  4.4423E+45  2.0497E+40  3.0625E+43  4.4116E+45
  4.4670E-01  4.0755E+45  5.1395E+40  2.8831E+43  4.0466E+45
  4.7320E-01  3.7388E+45  1.2112E+41  2.7195E+43  3.7115E+45
  5.0120E-01  3.4307E+45  2.6893E+41  2.5670E+43  3.4048E+45
  5.3090E-01  3.1480E+45  5.6567E+41  2.4272E+43  3.1232E+45
  5.6230E-01  2.8893E+45  1.1256E+42  2.3002E+43  2.8651E+45
  5.9570E-01  2.6515E+45  2.1333E+42  2.1843E+43  2.6276E+45
  6.3100E-01  2.4350E+45  3.8493E+42  2.0792E+43  2.4103E+45
  6.6830E-01  2.2379E+45  6.6192E+42  1.9842E+43  2.2114E+45
  7.0790E-01  2.0584E+45  1.0905E+43  1.9022E+43  2.0284E+45
  7.4990E-01  1.8960E+45  1.7232E+43  1.8304E+43  1.8605E+45
  7.9430E-01  1.7505E+45  2.6168E+43  1.7692E+43  1.7066E+45
  8.4140E-01  1.6208E+45  3.8314E+43  1.7202E+43  1.5653E+45
  8.9130E-01  1.5069E+45  5.4309E+43  1.6831E+43  1.4357E+45
  9.4410E-01  1.4079E+45  7.4393E+43  1.6562E+43  1.3170E+45
  1.0000E+00  1.3230E+45  9.8565E+43  1.6345E+43  1.2081E+45
  1.0590E+00  1.2514E+45  1.2667E+44  1.6170E+43  1.1086E+45
  1.1220E+00  1.1915E+45  1.5894E+44  1.5992E+43  1.0165E+45
  1.1890E+00  1.1426E+45  1.9498E+44  1.5764E+43  9.3183E+44
  1.2590E+00  1.1039E+45  2.3324E+44  1.5432E+43  8.5520E+44
  1.3340E+00  1.0720E+45  2.7290E+44  1.5003E+43  7.8411E+44
  1.4130E+00  1.0448E+45  3.1102E+44  1.4476E+43  7.1927E+44
  1.4960E+00  1.0206E+45  3.4649E+44  1.3833E+43  6.6026E+44
  1.5850E+00  9.9797E+44  3.7948E+44  1.3060E+43  6.0543E+44
  1.6790E+00  9.7497E+44  4.0752E+44  1.2142E+43  5.5530E+44
  1.7780E+00  9.4974E+44  4.2909E+44  1.1079E+43  5.0957E+44
  1.8840E+00  9.2159E+44  4.4450E+44  9.9009E+42  4.6719E+44
  1.9950E+00  8.8991E+44  4.5250E+44  8.6555E+42  4.2875E+44
  2.1130E+00  8.5427E+44  4.5355E+44  7.3986E+42  3.9333E+44
  2.2390E+00  8.1432E+44  4.4753E+44  6.1834E+42  3.6061E+44
  2.3710E+00  7.7100E+44  4.3502E+44  5.0603E+42  3.3092E+44
  2.5120E+00  7.2499E+44  4.1749E+44  4.0634E+42  3.0344E+44
  2.6610E+00  6.7713E+44  3.9560E+44  3.2073E+42  2.7832E+44
  2.8180E+00  6.2813E+44  3.7025E+44  2.4921E+42  2.5538E+44
  2.9850E+00  5.7907E+44  3.4289E+44  1.9099E+42  2.3426E+44
  3.1620E+00  5.3054E+44  3.1423E+44  1.4457E+42  2.1487E+44
  3.3500E+00  4.8428E+44  2.8616E+44  1.0838E+42  1.9704E+44
  3.5480E+00  4.3970E+44  2.5812E+44  8.0489E+41  1.8078E+44
  3.7580E+00  3.9774E+44  2.3132E+44  5.9290E+41  1.6583E+44
  3.9810E+00  3.5854E+44  2.0601E+44  4.3359E+41  1.5210E+44
  4.2170E+00  3.2226E+44  1.8243E+44  3.1514E+41  1.3951E+44
  4.4670E+00  2.8893E+44  1.6074E+44  2.2777E+41  1.2796E+44
  4.7320E+00  2.5861E+44  1.4109E+44  1.6373E+41  1.1737E+44
  5.0120E+00  2.3151E+44  1.2348E+44  1.1733E+41  1.0791E+44
  5.3090E+00  2.0385E+44  1.0774E+44  8.2486E+40  9.6024E+43
  5.6230E+00  1.7874E+44  9.3877E+43  5.7530E+40  8.4805E+43
  5.9570E+00  1.5613E+44  8.1777E+43  3.9826E+40  7.4316E+43
  6.3100E+00  1.3553E+44  7.0795E+43  2.7308E+40  6.4710E+43
  6.6830E+00  1.1793E+44  6.1899E+43  1.8677E+40  5.6014E+43
  7.0790E+00  1.0201E+44  5.3812E+43  1.2609E+40  4.8190E+43
  7.4990E+00  8.9587E+43  4.8349E+43  8.4667E+39  4.1229E+43
  7.9430E+00  8.5659E+43  5.0544E+43  5.9596E+39  3.5109E+43
  8.4140E+00  8.9030E+43  5.9274E+43  4.6057E+39  2.9752E+43
  8.9130E+00  9.0266E+43  6.5159E+43  3.7005E+39  2.5104E+43
  9.4410E+00  8.9235E+43  6.8131E+43  3.2336E+39  2.1101E+43
  1.0000E+01  7.4425E+43  5.6752E+43  2.4276E+39  1.7671E+43
  1.0590E+01  5.9940E+43  4.5180E+43  1.7438E+39  1.4758E+43
  1.1220E+01  4.6971E+43  3.4703E+43  1.1450E+39  1.2267E+43
  1.1890E+01  3.7159E+43  2.6999E+43  7.4482E+38  1.0159E+43
  1.2590E+01  2.9721E+43  2.1309E+43  4.7403E+38  8.4119E+42
  1.3340E+01  2.4109E+43  1.7177E+43  2.9739E+38  6.9319E+42
  1.4130E+01  2.0323E+43  1.4618E+43  1.8712E+38  5.7050E+42
  1.4960E+01  1.8498E+43  1.3806E+43  1.2749E+38  4.6919E+42
  1.5850E+01  1.7289E+43  1.3448E+43  9.2289E+37  3.8414E+42
  1.6790E+01  1.6364E+43  1.3224E+43  7.0128E+37  3.1409E+42
  1.7780E+01  1.5395E+43  1.2828E+43  5.4777E+37  2.5663E+42
  1.8840E+01  1.4154E+43  1.2065E+43  4.2348E+37  2.0888E+42
  1.9950E+01  1.2728E+43  1.1027E+43  3.1384E+37  1.7013E+42
  2.1130E+01  1.1488E+43  1.0105E+43  2.2570E+37  1.3827E+42
  2.2390E+01  1.0510E+43  9.3896E+42  1.6290E+37  1.1203E+42
  2.3710E+01  9.7262E+42  8.8175E+42  1.1785E+37  9.0864E+41
  2.5120E+01  9.0559E+42  8.3211E+42  8.5628E+36  7.3479E+41
  2.6610E+01  8.4549E+42  7.8611E+42  6.2066E+36  5.9383E+41
  2.8180E+01  7.8901E+42  7.4102E+42  4.5000E+36  4.7994E+41
  2.9850E+01  7.3256E+42  6.9384E+42  3.2491E+36  3.8717E+41
  3.1620E+01  6.7436E+42  6.4316E+42  2.3254E+36  3.1199E+41
  3.3500E+01  6.1386E+42  5.8876E+42  1.6471E+36  2.5106E+41
  3.5480E+01  5.5184E+42  5.3163E+42  1.1539E+36  2.0210E+41
  3.7580E+01  4.8911E+42  4.7286E+42  7.9786E+35  1.6253E+41
  3.9810E+01  4.2672E+42  4.1366E+42  5.4406E+35  1.3054E+41
  4.2170E+01  3.6697E+42  3.5649E+42  3.6595E+35  1.0479E+41
  4.4670E+01  3.1130E+42  3.0290E+42  2.4271E+35  8.4074E+40
  4.7320E+01  2.6080E+42  2.5406E+42  1.5898E+35  6.7400E+40
  5.0120E+01  2.1596E+42  2.1056E+42  1.0296E+35  5.4034E+40
  5.3090E+01  1.7682E+42  1.7249E+42  6.5954E+34  4.3282E+40
  5.6230E+01  1.4337E+42  1.3990E+42  4.1855E+34  3.4667E+40
  5.9570E+01  1.1510E+42  1.1232E+42  2.6309E+34  2.7728E+40
  6.3100E+01  9.1653E+41  8.9435E+41  1.6415E+34  2.2180E+40
  6.6830E+01  7.2445E+41  7.0670E+41  1.0174E+34  1.7744E+40
  7.0790E+01  5.6862E+41  5.5443E+41  6.2659E+33  1.4183E+40
  7.4990E+01  4.4333E+41  4.3200E+41  3.8365E+33  1.1329E+40
  7.9430E+01  3.4372E+41  3.3467E+41  2.3382E+33  9.0505E+39
  8.4140E+01  2.6504E+41  2.5782E+41  1.4182E+33  7.2256E+39
  8.9130E+01  2.0350E+41  1.9774E+41  8.5735E+32  5.7665E+39
  9.4410E+01  1.5561E+41  1.5101E+41  5.1663E+32  4.6021E+39
  1.0000E+02  1.1851E+41  1.1484E+41  3.1033E+32  3.6722E+39
  1.0590E+02  9.0022E+40  8.7090E+40  1.8614E+32  2.9317E+39
  1.1220E+02  6.8186E+40  6.5850E+40  1.1135E+32  2.3358E+39
  1.1890E+02  5.1625E+40  4.9766E+40  6.6638E+31  1.8590E+39
  1.2590E+02  3.9266E+40  3.7782E+40  4.0099E+31  1.4838E+39
  1.3340E+02  2.9925E+40  2.8744E+40  2.4220E+31  1.1811E+39
  1.4130E+02  2.2593E+40  2.1652E+40  1.4562E+31  9.4117E+38
  1.4960E+02  1.6679E+40  1.5927E+40  8.5702E+30  7.5121E+38
  1.5850E+02  1.2215E+40  1.1617E+40  4.9960E+30  5.9781E+38
  1.7780E+02  6.6023E+39  6.2229E+39  1.7125E+30  3.7942E+38
  1.9950E+02  3.5704E+39  3.3300E+39  5.8948E+29  2.4043E+38
  2.2390E+02  1.9248E+39  1.7726E+39  2.0326E+29  1.5216E+38
  2.5120E+02  1.0358E+39  9.3947E+38  7.0303E+28  9.6376E+37
  2.8180E+02  5.5636E+38  4.9532E+38  2.4396E+28  6.1043E+37
  3.1620E+02  2.9828E+38  2.5966E+38  8.4944E+27  3.8617E+37
  3.5480E+02  1.5995E+38  1.3553E+38  2.9733E+27  2.4421E+37
  3.9810E+02  8.5900E+37  7.0458E+37  1.0481E+27  1.5442E+37
  4.4670E+02  4.6253E+37  3.6493E+37  3.7228E+26  9.7603E+36
  5.0120E+02  2.5014E+37  1.8845E+37  1.3342E+26  6.1695E+36
  5.6230E+02  1.3608E+37  9.7072E+36  4.8270E+25  3.9003E+36
  6.3100E+02  7.4459E+36  4.9829E+36  1.7619E+25  2.4629E+36
  7.0790E+02  4.1114E+36  2.5546E+36  6.5008E+24  1.5568E+36
  7.9430E+02  2.2893E+36  1.3060E+36  2.4194E+24  9.8325E+35
  8.9130E+02  1.2870E+36  6.6620E+35  9.0832E+23  6.2077E+35
  1.0000E+03  7.3156E+35  3.3942E+35  3.4411E+23  3.9214E+35
