  1.0000E-03  9.1643E+44  0.0000E+00  3.9813E+43  8.7662E+44
  1.1220E-03  1.0218E+45  0.0000E+00  3.8254E+43  9.8357E+44
  1.2590E-03  1.1402E+45  0.0000E+00  3.6520E+43  1.1037E+45
  1.4130E-03  1.2734E+45  0.0000E+00  3.4746E+43  1.2387E+45
  1.5850E-03  1.4235E+45  0.0000E+00  3.4040E+43  1.3894E+45
  1.7780E-03  1.5977E+45  0.0000E+00  3.9124E+43  1.5586E+45
  1.9950E-03  1.7858E+45  0.0000E+00  3.7034E+43  1.7488E+45
  2.2390E-03  1.9974E+45  0.0000E+00  3.4717E+43  1.9627E+45
  2.5120E-03  2.2411E+45  0.0000E+00  3.9136E+43  2.2020E+45
  2.8180E-03  2.5065E+45  0.0000E+00  3.6257E+43  2.4702E+45
  3.1620E-03  2.8056E+45  0.0000E+00  3.3721E+43  2.7718E+45
  3.5480E-03  3.1415E+45  0.0000E+00  3.1237E+43  3.1103E+45
  3.9810E-03  3.5185E+45  0.0000E+00  2.8632E+43  3.4898E+45
  4.4670E-03  4.0162E+45  0.0000E+00  1.0033E+44  3.9158E+45
  5.0120E-03  4.5021E+45  0.0000E+00  1.0855E+44  4.3936E+45
  5.6230E-03  5.0457E+45  0.0000E+00  1.1648E+44  4.9292E+45
  5.9570E-03  5.3425E+45  0.0000E+00  1.2044E+44  5.2220E+45
  6.6830E-03  5.9870E+45  0.0000E+00  1.2852E+44  5.8585E+45
  7.4990E-03  6.7113E+45  0.0000E+00  1.3745E+44  6.5738E+45
  8.4140E-03  7.5210E+45  0.0000E+00  1.4520E+44  7.3758E+45
  9.4410E-03  8.4290E+45  0.0000E+00  1.5287E+44  8.2761E+45
  1.0590E-02  9.4438E+45  0.0000E+00  1.6055E+44  9.2833E+45
  1.1890E-02  1.0591E+46  0.0000E+00  1.6852E+44  1.0423E+46
  1.3340E-02  1.1870E+46  0.0000E+00  1.7592E+44  1.1694E+46
  1.4960E-02  1.3297E+46  0.0000E+00  1.8330E+44  1.3114E+46
  1.6790E-02  1.4910E+46  0.0000E+00  1.9113E+44  1.4718E+46
  1.8840E-02  1.6715E+46  0.0000E+00  1.9949E+44  1.6515E+46
  2.1130E-02  1.8732E+46  0.0000E+00  2.0845E+44  1.8524E+46
  2.3710E-02  2.1002E+46  0.0000E+00  2.1794E+44  2.0785E+46
  2.6610E-02  2.3554E+46  0.0000E+00  2.2767E+44  2.3326E+46
  2.9850E-02  2.6404E+46  4.3727E-83  2.3724E+44  2.6166E+46
  3.3500E-02  2.9612E+46  2.7636E-68  2.4569E+44  2.9367E+46
  3.7580E-02  3.3204E+46  3.4741E-55  2.6131E+44  3.2942E+46
  4.2170E-02  3.7289E+46  1.4922E-43  3.2247E+44  3.6967E+46
  4.7320E-02  4.1810E+46  3.8608E-33  3.2813E+44  4.1482E+46
  5.3090E-02  4.3512E+46  6.8314E-24  2.9979E+44  4.3212E+46
  6.6830E-02  4.1460E+46  2.3429E-08  1.9201E+44  4.1268E+46
  7.4990E-02  4.0472E+46  7.2536E-02  1.4360E+44  4.0328E+46
  8.4140E-02  3.9559E+46  3.6223E+04  1.4900E+44  3.9410E+46
  9.4410E-02  3.8668E+46  4.1039E+09  1.5576E+44  3.8513E+46
  1.0590E-01  3.5242E+46  1.0761E+14  1.8677E+44  3.5055E+46
  1.1890E-01  2.9663E+46  8.5112E+17  1.9572E+44  2.9467E+46
  1.3340E-01  2.4990E+46  1.9869E+21  1.9485E+44  2.4795E+46
  1.4960E-01  2.1027E+46  2.5627E+24  1.4856E+44  2.0878E+46
  1.5850E-01  1.9264E+46  7.7158E+25  1.1908E+44  1.9145E+46
  1.7780E-01  1.6198E+46  3.7386E+28  8.4158E+43  1.6114E+46
  1.9950E-01  1.3612E+46  9.3029E+30  5.4293E+43  1.3558E+46
  2.2390E-01  1.1448E+46  9.8119E+32  4.5210E+43  1.1403E+46
  2.3710E-01  1.0517E+46  6.7659E+33  5.2800E+43  1.0464E+46
  2.5120E-01  9.6534E+45  4.1205E+34  5.7532E+43  9.5958E+45
  2.6610E-01  8.8581E+45  2.3151E+35  5.6849E+43  8.8012E+45
  2.8180E-01  8.1297E+45  1.1778E+36  5.3658E+43  8.0761E+45
  2.9850E-01  7.4580E+45  5.4283E+36  5.0134E+43  7.4079E+45
  3.1620E-01  6.8418E+45  2.2439E+37  4.7191E+43  6.7947E+45
  3.3500E-01  6.2752E+45  8.4552E+37  4.4408E+43  6.2308E+45
  3.5480E-01  5.7582E+45  2.9093E+38  4.1745E+43  5.7165E+45
  3.7580E-01  5.2834E+45  9.2412E+38  3.9272E+43  5.2442E+45
  3.9810E-01  4.8468E+45  2.7020E+39  3.7108E+43  4.8097E+45
  4.2170E-01  4.4470E+45  7.2625E+39  3.5308E+43  4.4116E+45
  4.4670E-01  4.0804E+45  1.8101E+40  3.3795E+43  4.0466E+45
  4.7320E-01  3.7439E+45  4.2411E+40  3.2395E+43  3.7115E+45
  5.0120E-01  3.4359E+45  9.3647E+40  3.1059E+43  3.4048E+45
  5.3090E-01  3.1532E+45  1.9592E+41  2.9828E+43  3.1232E+45
  5.6230E-01  2.8942E+45  3.8785E+41  2.8707E+43  2.8651E+45
  5.9570E-01  2.6560E+45  7.3145E+41  2.7692E+43  2.6276E+45
  6.3100E-01  2.4384E+45  1.3136E+42  2.6790E+43  2.4103E+45
  6.6830E-01  2.2396E+45  2.2492E+42  2.5996E+43  2.2114E+45
  7.0790E-01  2.0575E+45  3.6909E+42  2.5354E+43  2.0284E+45
  7.4990E-01  1.8911E+45  5.8118E+42  2.4819E+43  1.8605E+45
  7.9430E-01  1.7398E+45  8.7995E+42  2.4424E+43  1.7066E+45
  8.4140E-01  1.6024E+45  1.2855E+43  2.4230E+43  1.5653E+45
  8.9130E-01  1.4782E+45  1.8196E+43  2.4271E+43  1.4357E+45
  9.4410E-01  1.3664E+45  2.4919E+43  2.4537E+43  1.3170E+45
  1.0000E+00  1.2661E+45  3.3044E+43  2.4945E+43  1.2081E+45
  1.0590E+00  1.1766E+45  4.2549E+43  2.5488E+43  1.1086E+45
  1.1220E+00  1.0962E+45  5.3565E+43  2.6100E+43  1.0165E+45
  1.1890E+00  1.0245E+45  6.6019E+43  2.6698E+43  9.3183E+44
  1.2590E+00  9.6185E+44  7.9483E+43  2.7165E+43  8.5520E+44
  1.3340E+00  9.0532E+44  9.3728E+43  2.7482E+43  7.8411E+44
  1.4130E+00  8.5462E+44  1.0776E+44  2.7587E+43  7.1927E+44
  1.4960E+00  8.0888E+44  1.2121E+44  2.7418E+43  6.6026E+44
  1.5850E+00  7.6651E+44  1.3414E+44  2.6937E+43  6.0543E+44
  1.6790E+00  7.2712E+44  1.4572E+44  2.6086E+43  5.5530E+44
  1.7780E+00  6.8980E+44  1.5538E+44  2.4838E+43  5.0957E+44
  1.8840E+00  6.5359E+44  1.6316E+44  2.3240E+43  4.6719E+44
  1.9950E+00  6.1866E+44  1.6854E+44  2.1369E+43  4.2875E+44
  2.1130E+00  5.8428E+44  1.7161E+44  1.9337E+43  3.9333E+44
  2.2390E+00  5.5011E+44  1.7226E+44  1.7247E+43  3.6061E+44
  2.3710E+00  5.1676E+44  1.7065E+44  1.5195E+43  3.3092E+44
  2.5120E+00  4.8395E+44  1.6726E+44  1.3250E+43  3.0344E+44
  2.6610E+00  4.5205E+44  1.6228E+44  1.1444E+43  2.7832E+44
  2.8180E+00  4.2113E+44  1.5596E+44  9.7906E+42  2.5538E+44
  2.9850E+00  3.9127E+44  1.4871E+44  8.2933E+42  2.3426E+44
  3.1620E+00  3.6252E+44  1.4070E+44  6.9540E+42  2.1487E+44
  3.3500E+00  3.3529E+44  1.3249E+44  5.7627E+42  1.9704E+44
  3.5480E+00  3.0936E+44  1.2386E+44  4.7285E+42  1.8078E+44
  3.7580E+00  2.8486E+44  1.1519E+44  3.8354E+42  1.6583E+44
  3.9810E+00  2.6170E+44  1.0653E+44  3.0753E+42  1.5210E+44
  4.2170E+00  2.3996E+44  9.8006E+43  2.4392E+42  1.3951E+44
  4.4670E+00  2.1958E+44  8.9705E+43  1.9145E+42  1.2796E+44
  4.7320E+00  2.0055E+44  8.1702E+43  1.4853E+42  1.1737E+44
  5.0120E+00  1.8313E+44  7.4074E+43  1.1413E+42  1.0791E+44
  5.3090E+00  1.6368E+44  6.6799E+43  8.5448E+41  9.6024E+43
  5.6230E+00  1.4540E+44  5.9964E+43  6.3019E+41  8.4805E+43
  5.9570E+00  1.2839E+44  5.3615E+43  4.5795E+41  7.4316E+43
  6.3100E+00  1.1260E+44  4.7560E+43  3.2847E+41  6.4710E+43
  6.6830E+00  9.8732E+43  4.2484E+43  2.3357E+41  5.6014E+43
  7.0790E+00  8.6038E+43  3.7685E+43  1.6357E+41  4.8190E+43
  7.4990E+00  7.4653E+43  3.3315E+43  1.0836E+41  4.1229E+43
  7.9430E+00  6.4740E+43  2.9570E+43  6.0381E+40  3.5109E+43
  8.4140E+00  5.7028E+43  2.7245E+43  3.0526E+40  2.9752E+43
  8.9130E+00  5.1119E+43  2.5997E+43  1.7763E+40  2.5104E+43
  9.4410E+00  4.6268E+43  2.5155E+43  1.2384E+40  2.1101E+43
  1.0000E+01  3.9721E+43  2.2039E+43  1.0503E+40  1.7671E+43
  1.0590E+01  3.3822E+43  1.9055E+43  9.1734E+39  1.4758E+43
  1.1220E+01  2.8745E+43  1.6470E+43  7.7758E+39  1.2267E+43
  1.1890E+01  2.4515E+43  1.4349E+43  6.2957E+39  1.0159E+43
  1.2590E+01  2.1073E+43  1.2656E+43  4.8921E+39  8.4119E+42
  1.3340E+01  1.8142E+43  1.1206E+43  3.6066E+39  6.9319E+42
  1.4130E+01  1.5789E+43  1.0082E+43  2.4932E+39  5.7050E+42
  1.4960E+01  1.4130E+43  9.4367E+42  1.6668E+39  4.6919E+42
  1.5850E+01  1.2836E+43  8.9932E+42  1.1536E+39  3.8414E+42
  1.6790E+01  1.1803E+43  8.6617E+42  8.3760E+38  3.1409E+42
  1.7780E+01  1.0917E+43  8.3498E+42  6.4257E+38  2.5663E+42
  1.8840E+01  1.0070E+43  7.9804E+42  5.1203E+38  2.0888E+42
  1.9950E+01  9.2419E+42  7.5402E+42  4.0832E+38  1.7013E+42
  2.1130E+01  8.4917E+42  7.1087E+42  3.1620E+38  1.3827E+42
  2.2390E+01  7.8316E+42  6.7111E+42  2.4217E+38  1.1203E+42
  2.3710E+01  7.2423E+42  6.3335E+42  1.8365E+38  9.0864E+41
  2.5120E+01  6.6849E+42  5.9499E+42  1.3837E+38  7.3479E+41
  2.6610E+01  6.1459E+42  5.5520E+42  1.0314E+38  5.9383E+41
  2.8180E+01  5.6169E+42  5.1369E+42  7.6308E+37  4.7994E+41
  2.9850E+01  5.0857E+42  4.6985E+42  5.5893E+37  3.8717E+41
  3.1620E+01  4.5523E+42  4.2403E+42  4.0410E+37  3.1199E+41
  3.3500E+01  4.0218E+42  3.7707E+42  2.8819E+37  2.5106E+41
  3.5480E+01  3.5069E+42  3.3048E+42  2.0280E+37  2.0210E+41
  3.7580E+01  3.0138E+42  2.8512E+42  1.4064E+37  1.6253E+41
  3.9810E+01  2.5490E+42  2.4185E+42  9.6096E+36  1.3054E+41
  4.2170E+01  2.1254E+42  2.0206E+42  6.4695E+36  1.0479E+41
  4.4670E+01  1.7484E+42  1.6644E+42  4.2895E+36  8.4074E+40
  4.7320E+01  1.4208E+42  1.3534E+42  2.8052E+36  6.7400E+40
  5.0120E+01  1.1418E+42  1.0878E+42  1.8117E+36  5.4034E+40
  5.3090E+01  9.0790E+41  8.6461E+41  1.1562E+36  4.3282E+40
  5.6230E+01  7.1544E+41  6.8077E+41  7.3022E+35  3.4667E+40
  5.9570E+01  5.5856E+41  5.3084E+41  4.5637E+35  2.7728E+40
  6.3100E+01  4.3301E+41  4.1083E+41  2.8291E+35  2.2180E+40
  6.6830E+01  3.3355E+41  3.1581E+41  1.7412E+35  1.7744E+40
  7.0790E+01  2.5539E+41  2.4121E+41  1.0642E+35  1.4183E+40
  7.4990E+01  1.9445E+41  1.8312E+41  6.4643E+34  1.1329E+40
  7.9430E+01  1.4741E+41  1.3836E+41  3.9080E+34  9.0505E+39
  8.4140E+01  1.1127E+41  1.0405E+41  2.3510E+34  7.2256E+39
  8.9130E+01  8.3738E+40  7.7972E+40  1.4096E+34  5.7665E+39
  9.4410E+01  6.2836E+40  5.8234E+40  8.4258E+33  4.6021E+39
  1.0000E+02  4.7024E+40  4.3352E+40  5.0220E+33  3.6722E+39
  1.0590E+02  3.5146E+40  3.2215E+40  2.9897E+33  2.9317E+39
  1.1220E+02  2.6216E+40  2.3880E+40  1.7754E+33  2.3358E+39
  1.1890E+02  1.9560E+40  1.7701E+40  1.0546E+33  1.8590E+39
  1.2590E+02  1.4673E+40  1.3189E+40  6.2991E+32  1.4838E+39
  1.3340E+02  1.1028E+40  9.8470E+39  3.7748E+32  1.1811E+39
  1.4130E+02  8.2360E+39  7.2949E+39  2.2565E+32  9.4117E+38
  1.4960E+02  6.0471E+39  5.2959E+39  1.3258E+32  7.5121E+38
  1.5850E+02  4.4128E+39  3.8150E+39  7.7246E+31  5.9781E+38
  1.7780E+02  2.3743E+39  1.9949E+39  2.6472E+31  3.7942E+38
  1.9950E+02  1.2842E+39  1.0438E+39  9.1322E+30  2.4043E+38
  2.2390E+02  6.9661E+38  5.4445E+38  3.1664E+30  1.5216E+38
  2.5120E+02  3.7974E+38  2.8336E+38  1.1054E+30  9.6376E+37
  2.8180E+02  2.0804E+38  1.4700E+38  3.8862E+29  6.1043E+37
  3.1620E+02  1.1457E+38  7.5957E+37  1.3756E+29  3.8617E+37
  3.5480E+02  6.3562E+37  3.9141E+37  4.9103E+28  2.4421E+37
  3.9810E+02  3.5559E+37  2.0117E+37  1.7696E+28  1.5442E+37
  4.4670E+02  2.0074E+37  1.0314E+37  6.4389E+27  9.7603E+36
  5.0120E+02  1.1448E+37  5.2782E+36  2.3665E+27  6.1695E+36
  5.6230E+02  6.5975E+36  2.6971E+36  8.7833E+26  3.9003E+36
  6.3100E+02  3.8376E+36  1.3746E+36  3.2877E+26  2.4629E+36
  7.0790E+02  2.2571E+36  7.0028E+35  1.2427E+26  1.5568E+36
  7.9430E+02  1.3392E+36  3.5598E+35  4.7307E+25  9.8325E+35
  8.9130E+02  8.0145E+35  1.8068E+35  1.8132E+25  6.2077E+35
  1.0000E+03  4.8378E+35  9.1641E+34  6.9979E+24  3.9214E+35
