  1.0000E-03  8.8905E+44  0.0000E+00  1.2436E+43  8.7662E+44
  1.1220E-03  9.9697E+44  0.0000E+00  1.3400E+43  9.8357E+44
  1.2590E-03  1.1175E+45  0.0000E+00  1.3843E+43  1.1037E+45
  1.4130E-03  1.2525E+45  0.0000E+00  1.3816E+43  1.2387E+45
  1.5850E-03  1.4032E+45  0.0000E+00  1.3724E+43  1.3894E+45
  1.7780E-03  1.5745E+45  0.0000E+00  1.5910E+43  1.5586E+45
  1.9950E-03  1.7644E+45  0.0000E+00  1.5594E+43  1.7488E+45
  2.2390E-03  1.9770E+45  0.0000E+00  1.4310E+43  1.9627E+45
  2.5120E-03  2.2191E+45  0.0000E+00  1.7072E+43  2.2020E+45
  2.8180E-03  2.4866E+45  0.0000E+00  1.6390E+43  2.4702E+45
  3.1620E-03  2.7874E+45  0.0000E+00  1.5524E+43  2.7718E+45
  3.5480E-03  3.1250E+45  0.0000E+00  1.4662E+43  3.1103E+45
  3.9810E-03  3.5037E+45  0.0000E+00  1.3872E+43  3.4898E+45
  4.4670E-03  3.9703E+45  0.0000E+00  5.4481E+43  3.9158E+45
  5.0120E-03  4.4449E+45  0.0000E+00  5.1339E+43  4.3936E+45
  5.6230E-03  4.9769E+45  0.0000E+00  4.7695E+43  4.9292E+45
  5.9570E-03  5.2680E+45  0.0000E+00  4.5981E+43  5.2220E+45
  6.6830E-03  5.9018E+45  0.0000E+00  4.3324E+43  5.8585E+45
  7.4990E-03  6.6156E+45  0.0000E+00  4.1785E+43  6.5738E+45
  8.4140E-03  7.4163E+45  0.0000E+00  4.0429E+43  7.3758E+45
  9.4410E-03  8.3155E+45  0.0000E+00  3.9420E+43  8.2761E+45
  1.0590E-02  9.3215E+45  0.0000E+00  3.8252E+43  9.2833E+45
  1.1890E-02  1.0462E+46  0.0000E+00  3.9407E+43  1.0423E+46
  1.3340E-02  1.1733E+46  0.0000E+00  3.9393E+43  1.1694E+46
  1.4960E-02  1.3154E+46  0.0000E+00  3.9874E+43  1.3114E+46
  1.6790E-02  1.4759E+46  0.0000E+00  4.0437E+43  1.4718E+46
  1.8840E-02  1.6557E+46  0.0000E+00  4.1201E+43  1.6515E+46
  2.1130E-02  1.8566E+46  0.0000E+00  4.2733E+43  1.8524E+46
  2.3710E-02  2.0829E+46  0.0000E+00  4.4451E+43  2.0785E+46
  2.6610E-02  2.3373E+46  0.0000E+00  4.6447E+43  2.3326E+46
  2.9850E-02  2.6215E+46  7.2762E-83  4.8773E+43  2.6166E+46
  3.3500E-02  2.9418E+46  4.5903E-68  5.1386E+43  2.9367E+46
  3.7580E-02  3.2998E+46  5.7580E-55  5.5284E+43  3.2942E+46
  4.2170E-02  3.7035E+46  2.4782E-43  6.7569E+43  3.6967E+46
  4.7320E-02  4.1556E+46  6.4110E-33  7.4498E+43  4.1482E+46
  5.3090E-02  4.3290E+46  1.1352E-23  7.7558E+43  4.3212E+46
  6.6830E-02  4.1350E+46  3.9486E-08  8.1287E+43  4.1268E+46
  7.4990E-02  4.0413E+46  1.2624E-01  8.4692E+43  4.0328E+46
  8.4140E-02  3.9490E+46  6.4744E+04  7.9516E+43  3.9410E+46
  9.4410E-02  3.8589E+46  7.6063E+09  7.6485E+43  3.8513E+46
  1.0590E-01  3.5123E+46  2.1020E+14  6.7991E+43  3.5055E+46
  1.1890E-01  2.9518E+46  1.6937E+18  5.0991E+43  2.9467E+46
  1.3340E-01  2.4837E+46  3.8376E+21  4.1652E+43  2.4795E+46
  1.4960E-01  2.0911E+46  4.6747E+24  3.2971E+43  2.0878E+46
  1.5850E-01  1.9174E+46  1.3887E+26  2.8863E+43  1.9145E+46
  1.7780E-01  1.6136E+46  6.8550E+28  2.1171E+43  1.6114E+46
  1.9950E-01  1.3574E+46  1.8060E+31  1.5811E+43  1.3558E+46
  2.2390E-01  1.1419E+46  2.0229E+33  1.6208E+43  1.1403E+46
  2.3710E-01  1.0480E+46  1.3978E+34  1.6029E+43  1.0464E+46
  2.5120E-01  9.6108E+45  8.4469E+34  1.5024E+43  9.5958E+45
  2.6610E-01  8.8151E+45  4.7080E+35  1.3879E+43  8.8012E+45
  2.8180E-01  8.0889E+45  2.3809E+36  1.2834E+43  8.0761E+45
  2.9850E-01  7.4199E+45  1.0911E+37  1.1990E+43  7.4079E+45
  3.1620E-01  6.8060E+45  4.4830E+37  1.1392E+43  6.7947E+45
  3.3500E-01  6.2417E+45  1.6782E+38  1.0910E+43  6.2308E+45
  3.5480E-01  5.7270E+45  5.7370E+38  1.0482E+43  5.7165E+45
  3.7580E-01  5.2543E+45  1.8118E+39  1.0101E+43  5.2442E+45
  3.9810E-01  4.8195E+45  5.2646E+39  9.7915E+42  4.8097E+45
  4.2170E-01  4.4212E+45  1.4068E+40  9.5594E+42  4.4116E+45
  4.4670E-01  4.0561E+45  3.4844E+40  9.4043E+42  4.0466E+45
  4.7320E-01  3.7208E+45  8.1113E+40  9.2657E+42  3.7115E+45
  5.0120E-01  3.4141E+45  1.7792E+41  9.1232E+42  3.4048E+45
  5.3090E-01  3.1325E+45  3.6977E+41  8.9772E+42  3.1232E+45
  5.6230E-01  2.8747E+45  7.2659E+41  8.8387E+42  2.8651E+45
  5.9570E-01  2.6376E+45  1.3591E+42  8.6984E+42  2.6276E+45
  6.3100E-01  2.4213E+45  2.4191E+42  8.5629E+42  2.4103E+45
  6.6830E-01  2.2239E+45  4.1022E+42  8.4189E+42  2.2114E+45
  7.0790E-01  2.0434E+45  6.6575E+42  8.3003E+42  2.0284E+45
  7.4990E-01  1.8790E+45  1.0351E+43  8.1909E+42  1.8605E+45
  7.9430E-01  1.7301E+45  1.5450E+43  8.0971E+42  1.7066E+45
  8.4140E-01  1.5955E+45  2.2215E+43  8.0100E+42  1.5653E+45
  8.9130E-01  1.4746E+45  3.0888E+43  7.9432E+42  1.4357E+45
  9.4410E-01  1.3663E+45  4.1477E+43  7.8658E+42  1.3170E+45
  1.0000E+00  1.2697E+45  5.3843E+43  7.7534E+42  1.2081E+45
  1.0590E+00  1.1839E+45  6.7748E+43  7.6231E+42  1.1086E+45
  1.1220E+00  1.1072E+45  8.3154E+43  7.4660E+42  1.0165E+45
  1.1890E+00  1.0388E+45  9.9707E+43  7.2674E+42  9.3183E+44
  1.2590E+00  9.7876E+44  1.1654E+44  7.0187E+42  8.5520E+44
  1.3340E+00  9.2401E+44  1.3319E+44  6.7101E+42  7.8411E+44
  1.4130E+00  8.7397E+44  1.4835E+44  6.3515E+42  7.1927E+44
  1.4960E+00  8.2781E+44  1.6160E+44  5.9485E+42  6.6026E+44
  1.5850E+00  7.8409E+44  1.7315E+44  5.4999E+42  6.0543E+44
  1.6790E+00  7.4243E+44  1.8211E+44  5.0147E+42  5.5530E+44
  1.7780E+00  7.0214E+44  1.8807E+44  4.4983E+42  5.0957E+44
  1.8840E+00  6.6256E+44  1.9141E+44  3.9605E+42  4.6719E+44
  1.9950E+00  6.2410E+44  1.9193E+44  3.4228E+42  4.2875E+44
  2.1130E+00  5.8625E+44  1.9002E+44  2.9020E+42  3.9333E+44
  2.2390E+00  5.4882E+44  1.8580E+44  2.4150E+42  3.6061E+44
  2.3710E+00  5.1254E+44  1.7964E+44  1.9767E+42  3.3092E+44
  2.5120E+00  4.7721E+44  1.7217E+44  1.5937E+42  3.0344E+44
  2.6610E+00  4.4320E+44  1.6361E+44  1.2683E+42  2.7832E+44
  2.8180E+00  4.1060E+44  1.5422E+44  9.9787E+41  2.5538E+44
  2.9850E+00  3.7950E+44  1.4446E+44  7.7714E+41  2.3426E+44
  3.1620E+00  3.4994E+44  1.3447E+44  5.9995E+41  2.1487E+44
  3.3500E+00  3.2239E+44  1.2489E+44  4.5968E+41  1.9704E+44
  3.5480E+00  2.9644E+44  1.1531E+44  3.5000E+41  1.8078E+44
  3.7580E+00  2.7224E+44  1.0614E+44  2.6484E+41  1.6583E+44
  3.9810E+00  2.4969E+44  9.7393E+43  1.9928E+41  1.5210E+44
  4.2170E+00  2.2877E+44  8.9106E+43  1.4923E+41  1.3951E+44
  4.4670E+00  2.0938E+44  8.1308E+43  1.1124E+41  1.2796E+44
  4.7320E+00  1.9150E+44  7.4057E+43  8.2511E+40  1.1737E+44
  5.0120E+00  1.7534E+44  6.7362E+43  6.1031E+40  1.0791E+44
  5.3090E+00  1.5724E+44  6.1171E+43  4.4062E+40  9.6024E+43
  5.6230E+00  1.4035E+44  5.5512E+43  3.1522E+40  8.4805E+43
  5.9570E+00  1.2473E+44  5.0394E+43  2.2355E+40  7.4316E+43
  6.3100E+00  1.1022E+44  4.5498E+43  1.5707E+40  6.4710E+43
  6.6830E+00  9.7496E+43  4.1471E+43  1.0983E+40  5.6014E+43
  7.0790E+00  8.5807E+43  3.7609E+43  7.5850E+39  4.8190E+43
  7.4990E+00  7.6132E+43  3.4898E+43  5.1413E+39  4.1229E+43
  7.9430E+00  7.1171E+43  3.6058E+43  3.4408E+39  3.5109E+43
  8.4140E+00  7.0572E+43  4.0817E+43  2.4209E+39  2.9752E+43
  8.9130E+00  6.9446E+43  4.4340E+43  1.8298E+39  2.5104E+43
  9.4410E+00  6.7570E+43  4.6467E+43  1.5467E+39  2.1101E+43
  1.0000E+01  5.8162E+43  4.0491E+43  1.2098E+39  1.7671E+43
  1.0590E+01  4.8856E+43  3.4097E+43  9.2168E+38  1.4758E+43
  1.1220E+01  4.0348E+43  2.8080E+43  6.5372E+38  1.2267E+43
  1.1890E+01  3.3570E+43  2.3411E+43  4.5815E+38  1.0159E+43
  1.2590E+01  2.8292E+43  1.9880E+43  3.1493E+38  8.4119E+42
  1.3340E+01  2.4154E+43  1.7222E+43  2.1256E+38  6.9319E+42
  1.4130E+01  2.1267E+43  1.5562E+43  1.4149E+38  5.7050E+42
  1.4960E+01  1.9871E+43  1.5179E+43  9.8276E+37  4.6919E+42
  1.5850E+01  1.9047E+43  1.5205E+43  7.2059E+37  3.8414E+42
  1.6790E+01  1.8544E+43  1.5403E+43  5.5588E+37  3.1409E+42
  1.7780E+01  1.8069E+43  1.5503E+43  4.4608E+37  2.5663E+42
  1.8840E+01  1.7369E+43  1.5281E+43  3.6130E+37  2.0888E+42
  1.9950E+01  1.6427E+43  1.4725E+43  2.8543E+37  1.7013E+42
  2.1130E+01  1.5562E+43  1.4179E+43  2.1930E+37  1.3827E+42
  2.2390E+01  1.4854E+43  1.3733E+43  1.6828E+37  1.1203E+42
  2.3710E+01  1.4236E+43  1.3327E+43  1.2867E+37  9.0864E+41
  2.5120E+01  1.3627E+43  1.2892E+43  9.8213E+36  7.3479E+41
  2.6610E+01  1.2980E+43  1.2386E+43  7.4326E+36  5.9383E+41
  2.8180E+01  1.2270E+43  1.1790E+43  5.5900E+36  4.7994E+41
  2.9850E+01  1.1466E+43  1.1079E+43  4.1627E+36  3.8717E+41
  3.1620E+01  1.0565E+43  1.0253E+43  3.0568E+36  3.1199E+41
  3.3500E+01  9.5821E+42  9.3310E+42  2.2113E+36  2.5106E+41
  3.5480E+01  8.5518E+42  8.3497E+42  1.5756E+36  2.0210E+41
  3.7580E+01  7.5027E+42  7.3402E+42  1.1043E+36  1.6253E+41
  3.9810E+01  6.4629E+42  6.3324E+42  7.6127E+35  1.3054E+41
  4.2170E+01  5.4770E+42  5.3722E+42  5.1627E+35  1.0479E+41
  4.4670E+01  4.5711E+42  4.4871E+42  3.4439E+35  8.4074E+40
  4.7320E+01  3.7629E+42  3.6955E+42  2.2636E+35  6.7400E+40
  5.0120E+01  3.0591E+42  3.0051E+42  1.4681E+35  5.4034E+40
  5.3090E+01  2.4574E+42  2.4141E+42  9.4006E+34  4.3282E+40
  5.6230E+01  1.9541E+42  1.9195E+42  5.9533E+34  3.4667E+40
  5.9570E+01  1.5381E+42  1.5104E+42  3.7288E+34  2.7728E+40
  6.3100E+01  1.2009E+42  1.1787E+42  2.3153E+34  2.2180E+40
  6.6830E+01  9.3089E+41  9.1315E+41  1.4265E+34  1.7744E+40
  7.0790E+01  7.1669E+41  7.0251E+41  8.7254E+33  1.4183E+40
  7.4990E+01  5.4828E+41  5.3696E+41  5.3017E+33  1.1329E+40
  7.9430E+01  4.1733E+41  4.0828E+41  3.2047E+33  9.0505E+39
  8.4140E+01  3.1609E+41  3.0887E+41  1.9268E+33  7.2256E+39
  8.9130E+01  2.3853E+41  2.3277E+41  1.1543E+33  5.7665E+39
  9.4410E+01  1.7938E+41  1.7478E+41  6.8906E+32  4.6021E+39
  1.0000E+02  1.3445E+41  1.3077E+41  4.0996E+32  3.6722E+39
  1.0590E+02  1.0058E+41  9.7649E+40  2.4352E+32  2.9317E+39
  1.1220E+02  7.5067E+40  7.2732E+40  1.4425E+32  2.3358E+39
  1.1890E+02  5.6031E+40  5.4172E+40  8.5474E+31  1.8590E+39
  1.2590E+02  4.2040E+40  4.0556E+40  5.0928E+31  1.4838E+39
  1.3340E+02  3.1614E+40  3.0433E+40  3.0458E+31  1.1811E+39
  1.4130E+02  2.3582E+40  2.2641E+40  1.8138E+31  9.4117E+38
  1.4960E+02  1.7233E+40  1.6481E+40  1.0575E+31  7.5121E+38
  1.5850E+02  1.2500E+40  1.1902E+40  6.1061E+30  5.9781E+38
  1.7780E+02  6.6363E+39  6.2569E+39  2.0527E+30  3.7942E+38
  1.9950E+02  3.5316E+39  3.2912E+39  6.9285E+29  2.4043E+38
  2.2390E+02  1.8774E+39  1.7253E+39  2.3417E+29  1.5216E+38
  2.5120E+02  9.9839E+38  9.0202E+38  7.9355E+28  9.6376E+37
  2.8180E+02  5.3092E+38  4.6988E+38  2.6963E+28  6.1043E+37
  3.1620E+02  2.8232E+38  2.4371E+38  9.1862E+27  3.8617E+37
  3.5480E+02  1.5043E+38  1.2601E+38  3.1440E+27  2.4421E+37
  3.9810E+02  8.0404E+37  6.4962E+37  1.0829E+27  1.5442E+37
  4.4670E+02  4.3159E+37  3.3398E+37  3.7567E+26  9.7603E+36
  5.0120E+02  2.3304E+37  1.7134E+37  1.3146E+26  6.1695E+36
  5.6230E+02  1.2675E+37  8.7751E+36  4.6444E+25  3.9003E+36
  6.3100E+02  6.9443E+36  4.4814E+36  1.6563E+25  2.4629E+36
  7.0790E+02  3.8439E+36  2.2871E+36  5.9759E+24  1.5568E+36
  7.9430E+02  2.1478E+36  1.1645E+36  2.1776E+24  9.8325E+35
  8.9130E+02  1.2127E+36  5.9190E+35  8.0168E+23  6.2077E+35
  1.0000E+03  6.9275E+35  3.0061E+35  2.9835E+23  3.9214E+35
