  1.0000E-03  7.2233E+42  0.0000E+00  4.9045E+42  2.3188E+42
  1.1220E-03  2.8036E+42  0.0000E+00  2.2243E+42  5.7929E+41
  1.2590E-03  1.1314E+42  0.0000E+00  9.9995E+41  1.3148E+41
  1.4130E-03  4.8179E+41  0.0000E+00  4.5400E+41  2.7787E+40
  1.5850E-03  2.5399E+41  0.0000E+00  2.4647E+41  7.5139E+39
  1.7780E-03  2.8033E+41  0.0000E+00  2.7522E+41  5.1102E+39
  1.9950E-03  1.0474E+41  0.0000E+00  1.0439E+41  3.5459E+38
  2.2390E-03  4.6464E+40  0.0000E+00  4.6417E+40  4.7010E+37
  2.5120E-03  5.6405E+40  0.0000E+00  5.6384E+40  2.0328E+37
  2.8180E-03  1.9973E+40  0.0000E+00  1.9973E+40  4.3377E+35
  3.1620E-03  8.0583E+39  0.0000E+00  8.0583E+39  1.3884E+34
  3.5480E-03  3.4725E+39  0.0000E+00  3.4725E+39  5.4709E+32
  3.9810E-03  1.6119E+39  0.0000E+00  1.6119E+39  2.9355E+31
  4.4670E-03  1.1213E+41  0.0000E+00  1.1212E+41  6.4271E+36
  5.0120E-03  4.3007E+40  0.0000E+00  4.3007E+40  9.9305E+34
  5.6230E-03  1.7259E+40  0.0000E+00  1.7259E+40  1.5890E+33
  5.9570E-03  1.1214E+40  0.0000E+00  1.1214E+40  2.2047E+32
  6.6830E-03  5.2233E+39  0.0000E+00  5.2233E+39  6.5272E+30
  7.4990E-03  2.9302E+39  0.0000E+00  2.9302E+39  4.0761E+29
  8.4140E-03  1.4627E+39  0.0000E+00  1.4627E+39  1.5008E+28
  9.4410E-03  8.2127E+38  0.0000E+00  8.2127E+38  1.0704E+27
  1.0590E-02  5.7302E+38  0.0000E+00  5.7302E+38  3.2604E+26
  1.1890E-02  3.4986E+38  0.0000E+00  3.4986E+38  1.6444E+25
  1.3340E-02  2.1593E+38  0.0000E+00  2.1593E+38  1.7706E+24
  1.4960E-02  1.2374E+38  0.0000E+00  1.2374E+38  1.0363E+23
  1.6790E-02  7.2733E+37  0.0000E+00  7.2733E+37  7.8772E+21
  1.8840E-02  4.4740E+37  0.0000E+00  4.4740E+37  8.3803E+20
  2.1130E-02  2.7718E+37  0.0000E+00  2.7718E+37  6.6432E+19
  2.3710E-02  1.6542E+37  0.0000E+00  1.6542E+37  4.7370E+18
  2.6610E-02  9.3782E+36  0.0000E+00  9.3782E+36  2.6365E+17
  2.9850E-02  5.3190E+36  0.0000E+00  5.3190E+36  1.5330E+16
  3.3500E-02  2.9669E+36  0.0000E+00  2.9669E+36  8.4819E+14
  3.7580E-02  2.6444E+36  2.2147E-86  2.6444E+36  4.2851E+14
  4.2170E-02  2.0000E+36  4.5949E-76  2.0000E+36  2.2860E+13
  4.7320E-02  5.3117E+35  9.6244E-69  5.3117E+35  1.9914E+10
  5.3090E-02  1.0330E+35  3.4137E-63  1.0330E+35  3.9733E+06
  6.6830E-02  2.3894E+32  2.9633E-62  2.3894E+32  8.2447E-09
  7.4990E-02  5.0017E+30  4.5325E-65  5.0017E+30  3.4164E-18
  8.4140E-02  1.1640E+31  4.7185E-57  1.1640E+31  7.1495E-16
  9.4410E-02  2.3064E+31  2.1940E-50  2.3064E+31  2.9150E-14
  1.0590E-01  3.7387E+32  1.9131E-39  3.7387E+32  9.5701E-08
  1.1890E-01  7.3239E+33  3.7442E-28  7.3239E+33  2.2117E+00
  1.3340E-01  6.9675E+34  1.9352E-19  6.9675E+34  4.6093E+05
  1.4960E-01  2.5729E+35  6.6324E-13  2.5729E+35  1.1720E+09
  1.5850E-01  3.1266E+35  8.4266E-11  3.1266E+35  4.6535E+09
  1.7780E-01  1.6992E+35  3.8170E-09  1.6992E+35  3.4106E+08
  1.9950E-01  7.0312E+33  6.6645E-13  7.0312E+33  1.6615E+02
  2.2390E-01  1.0764E+33  1.3501E-14  1.0764E+33  2.3095E-02
  2.3710E-01  8.7278E+33  3.7229E-09  8.7278E+33  8.9133E+02
  2.5120E-01  7.1668E+34  1.4114E-03  7.1668E+34  5.4152E+07
  2.6610E-01  2.8292E+35  1.4115E+01  2.8292E+35  9.2202E+10
  2.8180E-01  7.2647E+35  1.6129E+04  7.2647E+35  1.9527E+13
  2.9850E-01  1.5121E+36  5.3561E+06  1.5121E+36  1.3179E+15
  3.1620E-01  2.9554E+36  1.0265E+09  2.9554E+36  5.7143E+16
  3.3500E-01  5.4800E+36  1.3047E+11  5.4800E+36  1.8011E+18
  3.5480E-01  9.4732E+36  1.0492E+13  9.4732E+36  3.9308E+19
  3.7580E-01  1.6208E+37  7.4045E+14  1.6208E+37  8.1419E+20
  3.9810E-01  2.6659E+37  3.6572E+16  2.6659E+37  1.2826E+22
  4.2170E-01  4.5840E+37  2.0493E+18  4.5840E+37  2.4939E+23
  4.4670E-01  7.8435E+37  9.4894E+19  7.8435E+37  4.3275E+24
  4.7320E-01  1.3277E+38  3.8377E+21  1.3277E+38  6.9781E+25
  5.0120E-01  2.2042E+38  1.3178E+23  2.2042E+38  1.0139E+27
  5.3090E-01  3.6730E+38  4.3453E+24  3.6730E+38  1.4923E+28
  5.6230E-01  5.9078E+38  1.0796E+26  5.9078E+38  1.7496E+29
  5.9570E-01  9.2968E+38  2.2249E+27  9.2968E+38  1.7857E+30
  6.3100E-01  1.4535E+39  4.1214E+28  1.4535E+39  1.7215E+31
  6.6830E-01  2.2532E+39  6.8430E+29  2.2531E+39  1.5604E+32
  7.0790E-01  3.4735E+39  9.9528E+30  3.4735E+39  1.2945E+33
  7.4990E-01  5.2445E+39  1.1915E+32  5.2445E+39  9.2224E+33
  7.9430E-01  7.8704E+39  1.2596E+33  7.8703E+39  6.0484E+34
  8.4140E-01  1.1805E+40  1.1979E+34  1.1804E+40  3.7037E+35
  8.9130E-01  1.8049E+40  1.0962E+35  1.8047E+40  2.2594E+36
  9.4410E-01  2.7665E+40  8.8311E+35  2.7651E+40  1.2556E+37
  1.0000E+00  4.1924E+40  5.9377E+36  4.1858E+40  6.0138E+37
  1.0590E+00  6.3423E+40  3.4026E+37  6.3136E+40  2.5312E+38
  1.1220E+00  9.6612E+40  1.7219E+38  9.5477E+40  9.6333E+38
  1.1890E+00  1.4920E+41  7.8260E+38  1.4505E+41  3.3681E+39
  1.2590E+00  2.3720E+41  3.2604E+39  2.2285E+41  1.1089E+40
  1.3340E+00  3.8640E+41  1.1985E+40  3.4157E+41  3.2848E+40
  1.4130E+00  6.3883E+41  3.7869E+40  5.1531E+41  8.5649E+40
  1.4960E+00  1.0729E+42  1.0567E+41  7.6577E+41  2.0141E+41
  1.5850E+00  1.8260E+42  2.6783E+41  1.1219E+42  4.3626E+41
  1.6790E+00  3.1248E+42  6.2374E+41  1.6168E+42  8.8419E+41
  1.7780E+00  5.2931E+42  1.3390E+42  2.2715E+42  1.6827E+42
  1.8840E+00  8.7303E+42  2.6553E+42  3.0768E+42  2.9982E+42
  1.9950E+00  1.3847E+43  4.8564E+42  3.9825E+42  5.0079E+42
  2.1130E+00  2.0939E+43  8.2110E+42  4.8938E+42  7.8347E+42
  2.2390E+00  3.0070E+43  1.2868E+43  5.6918E+42  1.1511E+43
  2.3710E+00  4.0986E+43  1.8762E+43  6.2644E+42  1.5960E+43
  2.5120E+00  5.3123E+43  2.5629E+43  6.5426E+42  2.0951E+43
  2.6610E+00  6.5759E+43  3.3008E+43  6.5133E+42  2.6238E+43
  2.8180E+00  7.8129E+43  4.0355E+43  6.2118E+42  3.1562E+43
  2.9850E+00  8.9475E+43  4.7149E+43  5.7016E+42  3.6624E+43
  3.1620E+00  9.9276E+43  5.2958E+43  5.0636E+42  4.1254E+43
  3.3500E+00  1.0695E+44  5.7462E+43  4.3610E+42  4.5127E+43
  3.5480E+00  1.1265E+44  6.0572E+43  3.6687E+42  4.8410E+43
  3.7580E+00  1.1619E+44  6.2259E+43  3.0185E+42  5.0915E+43
  3.9810E+00  1.1768E+44  6.2591E+43  2.4359E+42  5.2650E+43
  4.2170E+00  1.1735E+44  6.1741E+43  1.9339E+42  5.3677E+43
  4.4670E+00  1.1549E+44  5.9922E+43  1.5136E+42  5.4058E+43
  4.7320E+00  1.1230E+44  5.7328E+43  1.1684E+42  5.3807E+43
  5.0120E+00  1.0822E+44  5.4190E+43  8.9249E+41  5.3133E+43
  5.3090E+00  1.0162E+44  5.0657E+43  6.6369E+41  5.0301E+43
  5.6230E+00  9.4269E+43  4.6934E+43  4.8647E+41  4.6848E+43
  5.9570E+00  8.6459E+43  4.3178E+43  3.5177E+41  4.2929E+43
  6.3100E+00  7.8524E+43  3.9353E+43  2.5127E+41  3.8920E+43
  6.6830E+00  7.1079E+43  3.6058E+43  1.7821E+41  3.4843E+43
  7.0790E+00  6.3839E+43  3.2797E+43  1.2460E+41  3.0917E+43
  7.4990E+00  5.5755E+43  2.9538E+43  8.3481E+40  2.6134E+43
  7.9430E+00  4.3231E+43  2.5215E+43  4.9197E+40  1.7967E+43
  8.4140E+00  2.8189E+43  1.8680E+43  2.5847E+40  9.4833E+42
  8.9130E+00  1.7846E+43  1.2912E+43  1.4263E+40  4.9197E+42
  9.4410E+00  1.1268E+43  8.6798E+42  8.8251E+39  2.5797E+42
  1.0000E+01  1.1827E+43  9.1274E+42  7.9688E+39  2.6914E+42
  1.0590E+01  1.3191E+43  1.0095E+43  7.4426E+39  3.0888E+42
  1.1220E+01  1.4836E+43  1.1176E+43  6.5745E+39  3.6529E+42
  1.1890E+01  1.5347E+43  1.1429E+43  5.3658E+39  3.9126E+42
  1.2590E+01  1.5362E+43  1.1361E+43  4.1546E+39  3.9969E+42
  1.3340E+01  1.4799E+43  1.0949E+43  3.0472E+39  3.8470E+42
  1.4130E+01  1.3775E+43  1.0343E+43  2.1092E+39  3.4306E+42
  1.4960E+01  1.2316E+43  9.6058E+42  1.4250E+39  2.7092E+42
  1.5850E+01  1.0979E+43  8.9231E+42  9.9709E+38  2.0548E+42
  1.6790E+01  9.8864E+42  8.3448E+42  7.3123E+38  1.5408E+42
  1.7780E+01  9.1432E+42  7.9565E+42  5.6795E+38  1.1862E+42
  1.8840E+01  8.7846E+42  7.8173E+42  4.6182E+38  9.6684E+41
  1.9950E+01  8.7199E+42  7.8805E+42  3.7937E+38  8.3901E+41
  2.1130E+01  8.7257E+42  7.9938E+42  3.0474E+38  7.3151E+41
  2.2390E+01  8.7351E+42  8.1073E+42  2.4346E+38  6.2759E+41
  2.3710E+01  8.7514E+42  8.2170E+42  1.9347E+38  5.3428E+41
  2.5120E+01  8.7425E+42  8.2922E+42  1.5338E+38  4.5014E+41
  2.6610E+01  8.6955E+42  8.3180E+42  1.2065E+38  3.7737E+41
  2.8180E+01  8.5855E+42  8.2704E+42  9.4358E+37  3.1500E+41
  2.9850E+01  8.3906E+42  8.1289E+42  7.3144E+37  2.6165E+41
  3.1620E+01  8.0986E+42  7.8818E+42  5.5984E+37  2.1674E+41
  3.3500E+01  7.7049E+42  7.5258E+42  4.2260E+37  1.7902E+41
  3.5480E+01  7.2189E+42  7.0711E+42  3.1437E+37  1.4771E+41
  3.7580E+01  6.6560E+42  6.5343E+42  2.3026E+37  1.2168E+41
  3.9810E+01  6.0320E+42  5.9318E+42  1.6600E+37  1.0015E+41
  4.2170E+01  5.3787E+42  5.2963E+42  1.1776E+37  8.2339E+40
  4.4670E+01  4.7222E+42  4.6546E+42  8.2151E+36  6.7593E+40
  4.7320E+01  4.0863E+42  4.0310E+42  5.6445E+36  5.5373E+40
  5.0120E+01  3.4882E+42  3.4429E+42  3.8232E+36  4.5298E+40
  5.3090E+01  2.9385E+42  2.9015E+42  2.5542E+36  3.6969E+40
  5.6230E+01  2.4466E+42  2.4164E+42  1.6855E+36  3.0120E+40
  5.9570E+01  2.0131E+42  1.9886E+42  1.0986E+36  2.4469E+40
  6.3100E+01  1.6400E+42  1.6201E+42  7.0876E+35  1.9849E+40
  6.6830E+01  1.3237E+42  1.3076E+42  4.5293E+35  1.6080E+40
  7.0790E+01  1.0592E+42  1.0462E+42  2.8687E+35  1.2997E+40
  7.4990E+01  8.4061E+41  8.3012E+41  1.8019E+35  1.0486E+40
  7.9430E+01  6.6237E+41  6.5392E+41  1.1238E+35  8.4514E+39
  8.4140E+01  5.1837E+41  5.1157E+41  6.9601E+34  6.8004E+39
  8.9130E+01  4.0341E+41  3.9794E+41  4.2869E+34  5.4647E+39
  9.4410E+01  3.1225E+41  3.0786E+41  2.6265E+34  4.3879E+39
  1.0000E+02  2.4043E+41  2.3691E+41  1.6010E+34  3.5202E+39
  1.0590E+02  1.8444E+41  1.8161E+41  9.7251E+33  2.8236E+39
  1.1220E+02  1.4093E+41  1.3868E+41  5.8827E+33  2.2590E+39
  1.1890E+02  1.0753E+41  1.0572E+41  3.5538E+33  1.8044E+39
  1.2590E+02  8.2305E+40  8.0860E+40  2.1549E+33  1.4447E+39
  1.3340E+02  6.3060E+40  6.1907E+40  1.3100E+33  1.1530E+39
  1.4130E+02  4.7851E+40  4.6930E+40  7.9158E+32  9.2103E+38
  1.4960E+02  3.5517E+40  3.4780E+40  4.6738E+32  7.3700E+38
  1.5850E+02  2.6139E+40  2.5551E+40  2.7293E+32  5.8783E+38
  1.7780E+02  1.4227E+40  1.3852E+40  9.3437E+31  3.7446E+38
  1.9950E+02  7.7227E+39  7.4847E+39  3.1936E+31  2.3795E+38
  2.2390E+02  4.1677E+39  4.0168E+39  1.0869E+31  1.5091E+38
  2.5120E+02  2.2391E+39  2.1434E+39  3.6872E+30  9.5750E+37
  2.8180E+02  1.1973E+39  1.1366E+39  1.2468E+30  6.0729E+37
  3.1620E+02  6.3727E+38  5.9881E+38  4.2021E+29  3.8459E+37
  3.5480E+02  3.3823E+38  3.1389E+38  1.4141E+29  2.4342E+37
  3.9810E+02  1.7918E+38  1.6378E+38  4.7590E+28  1.5402E+37
  4.4670E+02  9.4833E+37  8.5092E+37  1.6031E+28  9.7402E+36
  5.0120E+02  5.0220E+37  4.4060E+37  5.4141E+27  6.1594E+36
  5.6230E+02  2.6644E+37  2.2749E+37  1.8356E+27  3.8952E+36
  6.3100E+02  1.4162E+37  1.1701E+37  6.2503E+26  2.4604E+36
  7.0790E+02  7.5650E+36  6.0095E+36  2.1442E+26  1.5555E+36
  7.9430E+02  4.0595E+36  3.0769E+36  7.4060E+25  9.8260E+35
  8.9130E+02  2.1921E+36  1.5716E+36  2.5799E+25  6.2045E+35
  1.0000E+03  1.1936E+36  8.0166E+35  9.0809E+24  3.9197E+35
