  1.0000E-03  5.6085E+44  0.0000E+00  4.3513E+42  5.5650E+44
  1.1220E-03  5.6149E+44  0.0000E+00  5.0548E+42  5.5644E+44
  1.2590E-03  5.5771E+44  0.0000E+00  5.5360E+42  5.5217E+44
  1.4130E-03  5.5060E+44  0.0000E+00  5.7639E+42  5.4483E+44
  1.5850E-03  5.5294E+44  0.0000E+00  5.8476E+42  5.4709E+44
  1.7780E-03  5.9532E+44  0.0000E+00  6.7225E+42  5.8860E+44
  1.9950E-03  5.3940E+44  0.0000E+00  6.6808E+42  5.3272E+44
  2.2390E-03  5.1222E+44  0.0000E+00  6.0701E+42  5.0615E+44
  2.5120E-03  5.3251E+44  0.0000E+00  7.0525E+42  5.2546E+44
  2.8180E-03  4.4089E+44  0.0000E+00  6.4911E+42  4.3440E+44
  3.1620E-03  3.7628E+44  0.0000E+00  5.8034E+42  3.7048E+44
  3.5480E-03  3.2622E+44  0.0000E+00  5.1338E+42  3.2108E+44
  3.9810E-03  2.8956E+44  0.0000E+00  4.5521E+42  2.8501E+44
  4.4670E-03  8.6607E+44  0.0000E+00  2.4833E+43  8.4124E+44
  5.0120E-03  6.9796E+44  0.0000E+00  2.1838E+43  6.7613E+44
  5.6230E-03  5.6305E+44  0.0000E+00  1.8431E+43  5.4462E+44
  5.9570E-03  5.0919E+44  0.0000E+00  1.6834E+43  4.9236E+44
  6.6830E-03  4.3013E+44  0.0000E+00  1.4222E+43  4.1590E+44
  7.4990E-03  3.8435E+44  0.0000E+00  1.2353E+43  3.7200E+44
  8.4140E-03  3.3043E+44  0.0000E+00  1.0579E+43  3.1985E+44
  9.4410E-03  2.9846E+44  0.0000E+00  9.1859E+42  2.8927E+44
  1.0590E-02  3.0008E+44  0.0000E+00  8.1149E+42  2.9196E+44
  1.1890E-02  2.6482E+44  0.0000E+00  7.3622E+42  2.5746E+44
  1.3340E-02  2.4677E+44  0.0000E+00  6.4871E+42  2.4028E+44
  1.4960E-02  2.1970E+44  0.0000E+00  5.6668E+42  2.1404E+44
  1.6790E-02  1.9954E+44  0.0000E+00  4.9336E+42  1.9460E+44
  1.8840E-02  1.8575E+44  0.0000E+00  4.3029E+42  1.8144E+44
  2.1130E-02  1.6916E+44  0.0000E+00  3.7851E+42  1.6538E+44
  2.3710E-02  1.5285E+44  0.0000E+00  3.2847E+42  1.4956E+44
  2.6610E-02  1.3553E+44  0.0000E+00  2.7997E+42  1.3273E+44
  2.9850E-02  1.2044E+44  4.0546E-85  2.3648E+42  1.1808E+44
  3.3500E-02  1.0664E+44  2.0699E-70  1.9773E+42  1.0467E+44
  3.7580E-02  1.1248E+44  2.4476E-57  2.0530E+42  1.1043E+44
  4.2170E-02  9.9523E+43  8.4763E-46  1.9234E+42  9.7600E+43
  4.7320E-02  6.3484E+43  1.3184E-35  1.1367E+42  6.2348E+43
  5.3090E-02  3.3718E+43  1.2651E-26  5.7629E+41  3.3142E+43
  6.6830E-02  2.3260E+42  3.9372E-12  6.5885E+40  2.2601E+42
  7.4990E-02  4.2882E+41  2.7511E-06  2.4037E+40  4.0478E+41
  8.4140E-02  6.3406E+41  2.0952E+00  2.8002E+40  6.0606E+41
  9.4410E-02  8.3103E+41  3.2535E+05  3.2719E+40  7.9831E+41
  1.0590E-01  2.4756E+42  2.6944E+10  7.3019E+40  2.4026E+42
  1.1890E-01  8.0517E+42  7.1618E+14  2.2546E+41  7.8263E+42
  1.3340E-01  1.8252E+43  3.7049E+18  6.4590E+41  1.7607E+43
  1.4960E-01  2.9369E+43  7.6994E+21  1.3053E+42  2.8064E+43
  1.5850E-01  3.0271E+43  2.5301E+23  1.3842E+42  2.8887E+43
  1.7780E-01  2.0540E+43  1.0843E+26  7.3238E+41  1.9807E+43
  1.9950E-01  5.3789E+42  1.0811E+28  1.0616E+41  5.2728E+42
  2.2390E-01  2.2321E+42  6.8469E+29  3.8139E+40  2.1939E+42
  2.3710E-01  4.7168E+42  1.0045E+31  8.1693E+40  4.6351E+42
  2.5120E-01  1.0326E+43  1.3183E+32  1.8365E+41  1.0142E+43
  2.6610E-01  1.7071E+43  1.2441E+33  3.0928E+41  1.6761E+43
  2.8180E-01  2.3946E+43  9.2270E+33  4.3064E+41  2.3515E+43
  2.9850E-01  3.0695E+43  5.7290E+34  5.4589E+41  3.0149E+43
  3.1620E-01  3.8002E+43  3.0943E+35  6.6987E+41  3.7332E+43
  3.3500E-01  4.5872E+43  1.4904E+36  7.9943E+41  4.5073E+43
  3.5480E-01  5.3820E+43  6.3953E+36  9.2348E+41  5.2896E+43
  3.7580E-01  6.2834E+43  2.5293E+37  1.0491E+42  6.1785E+43
  3.9810E-01  7.1826E+43  9.0275E+37  1.1757E+42  7.0650E+43
  4.2170E-01  8.3409E+43  3.0105E+38  1.3228E+42  8.2086E+43
  4.4670E-01  9.6036E+43  9.2299E+38  1.4840E+42  9.4552E+43
  4.7320E-01  1.0993E+44  2.6474E+39  1.6496E+42  1.0828E+44
  5.0120E-01  1.2483E+44  7.1063E+39  1.8123E+42  1.2301E+44
  5.3090E-01  1.4183E+44  1.8107E+40  1.9752E+42  1.3984E+44
  5.6230E-01  1.5841E+44  4.2933E+40  2.1281E+42  1.5623E+44
  5.9570E-01  1.7502E+44  9.6006E+40  2.2708E+42  1.7265E+44
  6.3100E-01  1.9260E+44  2.0355E+41  2.4088E+42  1.8999E+44
  6.6830E-01  2.1104E+44  4.0964E+41  2.5353E+42  2.0810E+44
  7.0790E-01  2.2981E+44  7.8393E+41  2.6604E+42  2.2636E+44
  7.4990E-01  2.4758E+44  1.4216E+42  2.7745E+42  2.4338E+44
  7.9430E-01  2.6543E+44  2.4587E+42  2.8831E+42  2.6009E+44
  8.4140E-01  2.8352E+44  4.0752E+42  2.9814E+42  2.7647E+44
  8.9130E-01  3.0343E+44  6.5224E+42  3.0765E+42  2.9383E+44
  9.4410E-01  3.2323E+44  1.0012E+43  3.1483E+42  3.1007E+44
  1.0000E+00  3.4137E+44  1.4705E+43  3.1832E+42  3.2348E+44
  1.0590E+00  3.5814E+44  2.0726E+43  3.1890E+42  3.3423E+44
  1.1220E+00  3.7391E+44  2.8263E+43  3.1625E+42  3.4248E+44
  1.1890E+00  3.8903E+44  3.7374E+43  3.0964E+42  3.4856E+44
  1.2590E+00  4.0437E+44  4.7860E+43  2.9849E+42  3.5353E+44
  1.3340E+00  4.1758E+44  5.9438E+43  2.8285E+42  3.5531E+44
  1.4130E+00  4.2762E+44  7.1248E+43  2.6375E+42  3.5373E+44
  1.4960E+00  4.3480E+44  8.2829E+43  2.4193E+42  3.4955E+44
  1.5850E+00  4.3909E+44  9.4034E+43  2.1786E+42  3.4288E+44
  1.6790E+00  4.4065E+44  1.0405E+44  1.9225E+42  3.3468E+44
  1.7780E+00  4.3911E+44  1.1223E+44  1.6586E+42  3.2522E+44
  1.8840E+00  4.3397E+44  1.1842E+44  1.3968E+42  3.1415E+44
  1.9950E+00  4.2550E+44  1.2215E+44  1.1491E+42  3.0220E+44
  2.1130E+00  4.1347E+44  1.2343E+44  9.2402E+41  2.8911E+44
  2.2390E+00  3.9799E+44  1.2218E+44  7.2721E+41  2.7508E+44
  2.3710E+00  3.7997E+44  1.1865E+44  5.6196E+41  2.6076E+44
  2.5120E+00  3.5970E+44  1.1331E+44  4.2746E+41  2.4596E+44
  2.6610E+00  3.3800E+44  1.0649E+44  3.2097E+41  2.3119E+44
  2.8180E+00  3.1553E+44  9.8585E+43  2.3840E+41  2.1670E+44
  2.9850E+00  2.9277E+44  9.0099E+43  1.7550E+41  2.0249E+44
  3.1620E+00  2.7023E+44  8.1343E+43  1.2826E+41  1.8876E+44
  3.3500E+00  2.4852E+44  7.2914E+43  9.3292E+40  1.7551E+44
  3.5480E+00  2.2782E+44  6.4733E+43  6.7584E+40  1.6302E+44
  3.7580E+00  2.0834E+44  5.7129E+43  4.8804E+40  1.5117E+44
  3.9810E+00  1.9015E+44  5.0155E+43  3.5158E+40  1.3996E+44
  4.2170E+00  1.7333E+44  4.3859E+43  2.5292E+40  1.2945E+44
  4.4670E+00  1.5788E+44  3.8248E+43  1.8174E+40  1.1961E+44
  4.7320E+00  1.4374E+44  3.3308E+43  1.3042E+40  1.1041E+44
  5.0120E+00  1.3111E+44  2.9007E+43  9.3710E+39  1.0209E+44
  5.3090E+00  1.1655E+44  2.5251E+43  6.5610E+39  9.1289E+43
  5.6230E+00  1.0298E+44  2.2014E+43  4.5597E+39  8.0962E+43
  5.9570E+00  9.0454E+43  1.9251E+43  3.1455E+39  7.1200E+43
  6.3100E+00  7.8969E+43  1.6773E+43  2.1525E+39  6.2195E+43
  6.6830E+00  6.8850E+43  1.4868E+43  1.4662E+39  5.3980E+43
  7.0790E+00  5.9692E+43  1.3137E+43  9.8710E+38  4.6554E+43
  7.4990E+00  5.1685E+43  1.1887E+43  6.5712E+38  3.9797E+43
  7.9430E+00  4.5313E+43  1.1964E+43  4.4693E+38  3.3349E+43
  8.4140E+00  4.0598E+43  1.3329E+43  3.3297E+38  2.7269E+43
  8.9130E+00  3.6618E+43  1.4438E+43  2.6604E+38  2.2180E+43
  9.4410E+00  3.3160E+43  1.5169E+43  2.3616E+38  1.7991E+43
  1.0000E+01  2.8657E+43  1.3338E+43  1.7467E+38  1.5319E+43
  1.0590E+01  2.4388E+43  1.1282E+43  1.2320E+38  1.3106E+43
  1.1220E+01  2.0457E+43  9.2680E+42  7.9775E+37  1.1189E+43
  1.1890E+01  1.7114E+43  7.6658E+42  5.1712E+37  9.4481E+42
  1.2590E+01  1.4382E+43  6.4339E+42  3.2985E+37  7.9485E+42
  1.3340E+01  1.2129E+43  5.5014E+42  2.0811E+37  6.6275E+42
  1.4130E+01  1.0409E+43  4.9214E+42  1.3121E+37  5.4877E+42
  1.4960E+01  9.2839E+42  4.7845E+42  8.8308E+36  4.4994E+42
  1.5850E+01  8.4368E+42  4.7742E+42  6.3022E+36  3.6626E+42
  1.6790E+01  7.7805E+42  4.8054E+42  4.7355E+36  2.9751E+42
  1.7780E+01  7.2110E+42  4.7910E+42  3.6756E+36  2.4200E+42
  1.8840E+01  6.6382E+42  4.6683E+42  2.8345E+36  1.9699E+42
  1.9950E+01  6.0636E+42  4.4515E+42  2.1016E+36  1.6122E+42
  2.1130E+01  5.5723E+42  4.2552E+42  1.5155E+36  1.3172E+42
  2.2390E+01  5.1777E+42  4.1059E+42  1.0983E+36  1.0718E+42
  2.3710E+01  4.8559E+42  3.9834E+42  7.9866E+35  8.7250E+41
  2.5120E+01  4.5696E+42  3.8618E+42  5.8352E+35  7.0774E+41
  2.6610E+01  4.3001E+42  3.7266E+42  4.2530E+35  5.7355E+41
  2.8180E+01  4.0313E+42  3.5666E+42  3.0986E+35  4.6468E+41
  2.9850E+01  3.7470E+42  3.3713E+42  2.2456E+35  3.7568E+41
  3.1620E+01  3.4415E+42  3.1381E+42  1.6108E+35  3.0336E+41
  3.3500E+01  3.1149E+42  2.8703E+42  1.1414E+35  2.4460E+41
  3.5480E+01  2.7752E+42  2.5780E+42  7.9831E+34  1.9727E+41
  3.7580E+01  2.4311E+42  2.2722E+42  5.5006E+34  1.5894E+41
  3.9810E+01  2.0921E+42  1.9642E+42  3.7318E+34  1.2789E+41
  4.2170E+01  1.7715E+42  1.6687E+42  2.4937E+34  1.0286E+41
  4.4670E+01  1.4778E+42  1.3951E+42  1.6413E+34  8.2667E+40
  4.7320E+01  1.2162E+42  1.1498E+42  1.0658E+34  6.6383E+40
  5.0120E+01  9.8888E+41  9.3558E+41  6.8397E+33  5.3302E+40
  5.3090E+01  7.9477E+41  7.5201E+41  4.3400E+33  4.2757E+40
  5.6230E+01  6.3260E+41  5.9831E+41  2.7278E+33  3.4292E+40
  5.9570E+01  4.9865E+41  4.7119E+41  1.6983E+33  2.7461E+40
  6.3100E+01  3.9010E+41  3.6811E+41  1.0499E+33  2.1991E+40
  6.6830E+01  3.0314E+41  2.8553E+41  6.4501E+32  1.7609E+40
  7.0790E+01  2.3408E+41  2.1999E+41  3.9395E+32  1.4087E+40
  7.4990E+01  1.7970E+41  1.6844E+41  2.3937E+32  1.1262E+40
  7.9430E+01  1.3732E+41  1.2832E+41  1.4489E+32  9.0026E+39
  8.4140E+01  1.0447E+41  9.7275E+40  8.7351E+31  7.1917E+39
  8.9130E+01  7.9215E+40  7.3473E+40  5.2531E+31  5.7426E+39
  9.4410E+01  5.9888E+40  5.5303E+40  3.1520E+31  4.5851E+39
  1.0000E+02  4.5144E+40  4.1484E+40  1.8871E+31  3.6602E+39
  1.0590E+02  3.3983E+40  3.1060E+40  1.1293E+31  2.9232E+39
  1.1220E+02  2.5531E+40  2.3202E+40  6.7461E+30  2.3297E+39
  1.1890E+02  1.9193E+40  1.7338E+40  4.0343E+30  1.8547E+39
  1.2590E+02  1.4512E+40  1.3031E+40  2.4279E+30  1.4808E+39
  1.3340E+02  1.1001E+40  9.8218E+39  1.4669E+30  1.1789E+39
  1.4130E+02  8.2724E+39  7.3328E+39  8.8376E+29  9.3960E+38
  1.4960E+02  6.0949E+39  5.3448E+39  5.2281E+29  7.5010E+38
  1.5850E+02  4.4606E+39  3.8635E+39  3.0683E+29  5.9703E+38
  1.7780E+02  2.4160E+39  2.0370E+39  1.0690E+29  3.7903E+38
  1.9950E+02  1.3155E+39  1.0752E+39  3.7563E+28  2.4024E+38
  2.2390E+02  7.1769E+38  5.6563E+38  1.3281E+28  1.5206E+38
  2.5120E+02  3.9304E+38  2.9671E+38  4.7322E+27  9.6327E+37
  2.8180E+02  2.1606E+38  1.5504E+38  1.6988E+27  6.1019E+37
  3.1620E+02  1.1925E+38  8.0646E+37  6.1418E+26  3.8605E+37
  3.5480E+02  6.6222E+37  4.1807E+37  2.2386E+26  2.4415E+37
  3.9810E+02  3.7043E+37  2.1604E+37  8.2334E+25  1.5439E+37
  4.4670E+02  2.0890E+37  1.1131E+37  3.0544E+25  9.7587E+36
  5.0120E+02  1.1891E+37  5.7219E+36  1.1432E+25  6.1687E+36
  5.6230E+02  6.8356E+36  2.9357E+36  4.3142E+24  3.8999E+36
  6.3100E+02  3.9644E+36  1.5017E+36  1.6394E+24  2.4627E+36
  7.0790E+02  2.3242E+36  7.6750E+35  6.2797E+23  1.5567E+36
  7.9430E+02  1.3745E+36  3.9131E+35  2.4186E+23  9.8320E+35
  8.9130E+02  8.1988E+35  1.9913E+35  9.3637E+22  6.2075E+35
  1.0000E+03  4.9336E+35  1.0124E+35  3.6449E+22  3.9212E+35
