  1.0000E-03  9.8696E+44  0.0000E+00  1.1034E+44  8.7662E+44
  1.1220E-03  1.1013E+45  0.0000E+00  1.1777E+44  9.8357E+44
  1.2590E-03  1.2232E+45  0.0000E+00  1.1953E+44  1.1037E+45
  1.4130E-03  1.3559E+45  0.0000E+00  1.1722E+44  1.2387E+45
  1.5850E-03  1.5051E+45  0.0000E+00  1.1570E+44  1.3894E+45
  1.7780E-03  1.6918E+45  0.0000E+00  1.3321E+44  1.5586E+45
  1.9950E-03  1.8772E+45  0.0000E+00  1.2834E+44  1.7488E+45
  2.2390E-03  2.0832E+45  0.0000E+00  1.2046E+44  1.9627E+45
  2.5120E-03  2.3393E+45  0.0000E+00  1.3734E+44  2.2020E+45
  2.8180E-03  2.5996E+45  0.0000E+00  1.2940E+44  2.4702E+45
  3.1620E-03  2.8938E+45  0.0000E+00  1.2196E+44  2.7718E+45
  3.5480E-03  3.2247E+45  0.0000E+00  1.1442E+44  3.1103E+45
  3.9810E-03  3.5958E+45  0.0000E+00  1.0595E+44  3.4898E+45
  4.4670E-03  4.2975E+45  0.0000E+00  3.8167E+44  3.9158E+45
  5.0120E-03  4.7813E+45  0.0000E+00  3.8768E+44  4.3936E+45
  5.6230E-03  5.3414E+45  0.0000E+00  4.1214E+44  4.9292E+45
  5.9570E-03  5.6519E+45  0.0000E+00  4.2984E+44  5.2220E+45
  6.6830E-03  6.3303E+45  0.0000E+00  4.7178E+44  5.8585E+45
  7.4990E-03  7.0952E+45  0.0000E+00  5.2142E+44  6.5738E+45
  8.4140E-03  7.9449E+45  0.0000E+00  5.6902E+44  7.3758E+45
  9.4410E-03  8.8929E+45  0.0000E+00  6.1678E+44  8.2761E+45
  1.0590E-02  9.9476E+45  0.0000E+00  6.6429E+44  9.2833E+45
  1.1890E-02  1.1136E+46  0.0000E+00  7.1349E+44  1.0423E+46
  1.3340E-02  1.2455E+46  0.0000E+00  7.6055E+44  1.1694E+46
  1.4960E-02  1.3922E+46  0.0000E+00  8.0777E+44  1.3114E+46
  1.6790E-02  1.5575E+46  0.0000E+00  8.5672E+44  1.4718E+46
  1.8840E-02  1.7423E+46  0.0000E+00  9.0771E+44  1.6515E+46
  2.1130E-02  1.9484E+46  0.0000E+00  9.6094E+44  1.8524E+46
  2.3710E-02  2.1801E+46  0.0000E+00  1.0166E+45  2.0785E+46
  2.6610E-02  2.4400E+46  0.0000E+00  1.0735E+45  2.3326E+46
  2.9850E-02  2.7296E+46  1.5300E-82  1.1295E+45  2.6166E+46
  3.3500E-02  3.0546E+46  9.5632E-68  1.1796E+45  2.9367E+46
  3.7580E-02  3.4197E+46  1.1986E-54  1.2551E+45  3.2942E+46
  4.2170E-02  3.8530E+46  5.0948E-43  1.5631E+45  3.6967E+46
  4.7320E-02  4.3096E+46  1.2808E-32  1.6145E+45  4.1482E+46
  5.3090E-02  4.4704E+46  2.1926E-23  1.4917E+45  4.3212E+46
  6.6830E-02  4.2239E+46  6.8886E-08  9.7125E+44  4.1268E+46
  7.4990E-02  4.1058E+46  2.0553E-01  7.2959E+44  4.0328E+46
  8.4140E-02  4.0165E+46  1.0621E+05  7.5531E+44  3.9410E+46
  9.4410E-02  3.9301E+46  1.2451E+10  7.8869E+44  3.8513E+46
  1.0590E-01  3.5997E+46  3.5463E+14  9.4170E+44  3.5055E+46
  1.1890E-01  3.0440E+46  3.0481E+18  9.7217E+44  2.9467E+46
  1.3340E-01  2.5742E+46  7.4518E+21  9.4648E+44  2.4795E+46
  1.4960E-01  2.1577E+46  9.7305E+24  6.9854E+44  2.0878E+46
  1.5850E-01  1.9700E+46  2.9255E+26  5.5503E+44  1.9145E+46
  1.7780E-01  1.6515E+46  1.3922E+29  4.0027E+44  1.6114E+46
  1.9950E-01  1.3826E+46  3.2742E+31  2.6781E+44  1.3558E+46
  2.2390E-01  1.1629E+46  3.4026E+33  2.2580E+44  1.1403E+46
  2.3710E-01  1.0728E+46  2.4262E+34  2.6314E+44  1.0464E+46
  2.5120E-01  9.8801E+45  1.5244E+35  2.8426E+44  9.5958E+45
  2.6610E-01  9.0792E+45  8.7476E+35  2.7799E+44  8.8012E+45
  2.8180E-01  8.3359E+45  4.5166E+36  2.5980E+44  8.0761E+45
  2.9850E-01  7.6483E+45  2.1048E+37  2.4043E+44  7.4079E+45
  3.1620E-01  7.0187E+45  8.7774E+37  2.2408E+44  6.7947E+45
  3.3500E-01  6.4395E+45  3.3293E+38  2.0867E+44  6.2308E+45
  3.5480E-01  5.9106E+45  1.1510E+39  1.9408E+44  5.7165E+45
  3.7580E-01  5.4248E+45  3.6682E+39  1.8059E+44  5.2442E+45
  3.9810E-01  4.9784E+45  1.0752E+40  1.6867E+44  4.8097E+45
  4.2170E-01  4.5701E+45  2.8941E+40  1.5844E+44  4.4116E+45
  4.4670E-01  4.1962E+45  7.2167E+40  1.4955E+44  4.0466E+45
  4.7320E-01  3.8529E+45  1.6899E+41  1.4124E+44  3.7115E+45
  5.0120E-01  3.5385E+45  3.7259E+41  1.3334E+44  3.4048E+45
  5.3090E-01  3.2500E+45  7.7764E+41  1.2600E+44  3.1232E+45
  5.6230E-01  2.9860E+45  1.5348E+42  1.1930E+44  2.8651E+45
  5.9570E-01  2.7437E+45  2.8836E+42  1.1321E+44  2.6276E+45
  6.3100E-01  2.5232E+45  5.1550E+42  1.0769E+44  2.4103E+45
  6.6830E-01  2.3229E+45  8.7794E+42  1.0275E+44  2.2114E+45
  7.0790E-01  2.1412E+45  1.4313E+43  9.8500E+43  2.0284E+45
  7.4990E-01  1.9776E+45  2.2368E+43  9.4812E+43  1.8605E+45
  7.9430E-01  1.8319E+45  3.3557E+43  9.1757E+43  1.7066E+45
  8.4140E-01  1.7034E+45  4.8497E+43  8.9579E+43  1.5653E+45
  8.9130E-01  1.5918E+45  6.7733E+43  8.8287E+43  1.4357E+45
  9.4410E-01  1.4962E+45  9.1352E+43  8.7868E+43  1.3170E+45
  1.0000E+00  1.4153E+45  1.1915E+44  8.7993E+43  1.2081E+45
  1.0590E+00  1.3477E+45  1.5065E+44  8.8501E+43  1.1086E+45
  1.1220E+00  1.2914E+45  1.8577E+44  8.9046E+43  1.0165E+45
  1.1890E+00  1.2447E+45  2.2368E+44  8.9220E+43  9.3183E+44
  1.2590E+00  1.2059E+45  2.6220E+44  8.8489E+43  8.5520E+44
  1.3340E+00  1.1714E+45  3.0044E+44  8.6873E+43  7.8411E+44
  1.4130E+00  1.1390E+45  3.3540E+44  8.4280E+43  7.1927E+44
  1.4960E+00  1.1068E+45  3.6595E+44  8.0587E+43  6.6026E+44
  1.5850E+00  1.0735E+45  3.9233E+44  7.5765E+43  6.0543E+44
  1.6790E+00  1.0372E+45  4.1210E+44  6.9777E+43  5.5530E+44
  1.7780E+00  9.9641E+44  4.2408E+44  6.2749E+43  5.0957E+44
  1.8840E+00  9.5130E+44  4.2908E+44  5.5041E+43  4.6719E+44
  1.9950E+00  9.0231E+44  4.2650E+44  4.7065E+43  4.2875E+44
  2.1130E+00  8.4990E+44  4.1732E+44  3.9260E+43  3.9333E+44
  2.2390E+00  7.9450E+44  4.0191E+44  3.1973E+43  3.6061E+44
  2.3710E+00  7.3780E+44  3.8140E+44  2.5484E+43  3.3092E+44
  2.5120E+00  6.8074E+44  3.5736E+44  1.9934E+43  3.0344E+44
  2.6610E+00  6.2434E+44  3.3068E+44  1.5337E+43  2.7832E+44
  2.8180E+00  5.6933E+44  3.0232E+44  1.1628E+43  2.5538E+44
  2.9850E+00  5.1655E+44  2.7358E+44  8.7077E+42  2.3426E+44
  3.1620E+00  4.6639E+44  2.4508E+44  6.4506E+42  2.1487E+44
  3.3500E+00  4.2014E+44  2.1837E+44  4.7415E+42  1.9704E+44
  3.5480E+00  3.7715E+44  1.9292E+44  3.4595E+42  1.8078E+44
  3.7580E+00  3.3790E+44  1.6956E+44  2.5092E+42  1.6583E+44
  3.9810E+00  3.0222E+44  1.4831E+44  1.8108E+42  1.5210E+44
  4.2170E+00  2.7005E+44  1.2924E+44  1.3018E+42  1.3951E+44
  4.4670E+00  2.4117E+44  1.1228E+44  9.3288E+41  1.2796E+44
  4.7320E+00  2.1540E+44  9.7369E+43  6.6640E+41  1.1737E+44
  5.0120E+00  1.9277E+44  8.4383E+43  4.7567E+41  1.0791E+44
  5.3090E+00  1.6941E+44  7.3050E+43  3.3283E+41  9.6024E+43
  5.6230E+00  1.4831E+44  6.3275E+43  2.3124E+41  8.4805E+43
  5.9570E+00  1.2938E+44  5.4905E+43  1.5957E+41  7.4316E+43
  6.3100E+00  1.1225E+44  4.7432E+43  1.0918E+41  6.4710E+43
  6.6830E+00  9.7648E+43  4.1559E+43  7.4549E+40  5.6014E+43
  7.0790E+00  8.4509E+43  3.6269E+43  5.0295E+40  4.8190E+43
  7.4990E+00  7.3615E+43  3.2352E+43  3.3567E+40  4.1229E+43
  7.9430E+00  6.7048E+43  3.1916E+43  2.2860E+40  3.5109E+43
  8.4140E+00  6.4538E+43  3.4769E+43  1.6894E+40  2.9752E+43
  8.9130E+00  6.2093E+43  3.6976E+43  1.3263E+40  2.5104E+43
  9.4410E+00  5.9405E+43  3.8293E+43  1.1475E+40  2.1101E+43
  1.0000E+01  5.0333E+43  3.2654E+43  8.6055E+39  1.7671E+43
  1.0590E+01  4.1570E+43  2.6806E+43  6.1925E+39  1.4758E+43
  1.1220E+01  3.3716E+43  2.1444E+43  4.1004E+39  1.2267E+43
  1.1890E+01  2.7486E+43  1.7324E+43  2.6951E+39  1.0159E+43
  1.2590E+01  2.2640E+43  1.4226E+43  1.7381E+39  8.4119E+42
  1.3340E+01  1.8809E+43  1.1876E+43  1.1043E+39  6.9319E+42
  1.4130E+01  1.6031E+43  1.0326E+43  6.9926E+38  5.7050E+42
  1.4960E+01  1.4411E+43  9.7191E+42  4.7220E+38  4.6919E+42
  1.5850E+01  1.3222E+43  9.3805E+42  3.3748E+38  3.8414E+42
  1.6790E+01  1.2271E+43  9.1296E+42  2.5314E+38  3.1409E+42
  1.7780E+01  1.1343E+43  8.7765E+42  1.9543E+38  2.5663E+42
  1.8840E+01  1.0269E+43  8.1802E+42  1.4936E+38  2.0888E+42
  1.9950E+01  9.0866E+42  7.3852E+42  1.0927E+38  1.7013E+42
  2.1130E+01  8.0116E+42  6.6289E+42  7.7268E+37  1.3827E+42
  2.2390E+01  7.0908E+42  5.9704E+42  5.4532E+37  1.1203E+42
  2.3710E+01  6.2939E+42  5.3853E+42  3.8381E+37  9.0864E+41
  2.5120E+01  5.5710E+42  4.8362E+42  2.6978E+37  7.3479E+41
  2.6610E+01  4.9079E+42  4.3140E+42  1.8826E+37  5.9383E+41
  2.8180E+01  4.2954E+42  3.8154E+42  1.3086E+37  4.7994E+41
  2.9850E+01  3.7199E+42  3.3327E+42  9.0238E+36  3.8717E+41
  3.1620E+01  3.1815E+42  2.8695E+42  6.1499E+36  3.1199E+41
  3.3500E+01  2.6829E+42  2.4318E+42  4.1385E+36  2.5106E+41
  3.5480E+01  2.2316E+42  2.0295E+42  2.7513E+36  2.0210E+41
  3.7580E+01  1.8287E+42  1.6662E+42  1.8038E+36  1.6253E+41
  3.9810E+01  1.4753E+42  1.3447E+42  1.1660E+36  1.3054E+41
  4.2170E+01  1.1744E+42  1.0696E+42  7.4382E+35  1.0479E+41
  4.4670E+01  9.2364E+41  8.3957E+41  4.6830E+35  8.4074E+40
  4.7320E+01  7.1890E+41  6.5150E+41  2.9157E+35  6.7400E+40
  5.0120E+01  5.5464E+41  5.0061E+41  1.7984E+35  5.4034E+40
  5.3090E+01  4.2434E+41  3.8105E+41  1.0995E+35  4.3282E+40
  5.6230E+01  3.2259E+41  2.8792E+41  6.6765E+34  3.4667E+40
  5.9570E+01  2.4361E+41  2.1588E+41  4.0259E+34  2.7728E+40
  6.3100E+01  1.8319E+41  1.6101E+41  2.4170E+34  2.2180E+40
  6.6830E+01  1.3728E+41  1.1954E+41  1.4462E+34  1.7744E+40
  7.0790E+01  1.0255E+41  8.8363E+40  8.6249E+33  1.4183E+40
  7.4990E+01  7.6387E+40  6.5058E+40  5.1310E+33  1.1329E+40
  7.9430E+01  5.6818E+40  4.7768E+40  3.0493E+33  9.0505E+39
  8.4140E+01  4.2200E+40  3.4975E+40  1.8097E+33  7.2256E+39
  8.9130E+01  3.1332E+40  2.5566E+40  1.0741E+33  5.7665E+39
  9.4410E+01  2.3262E+40  1.8660E+40  6.3781E+32  4.6021E+39
  1.0000E+02  1.7270E+40  1.3598E+40  3.7889E+32  3.6722E+39
  1.0590E+02  1.2841E+40  9.9090E+39  2.2554E+32  2.9317E+39
  1.1220E+02  9.5504E+39  7.2147E+39  1.3429E+32  2.3358E+39
  1.1890E+02  7.1220E+39  5.2629E+39  8.0176E+31  1.8590E+39
  1.2590E+02  5.3522E+39  3.8684E+39  4.8241E+31  1.4838E+39
  1.3340E+02  4.0363E+39  2.8552E+39  2.9156E+31  1.1811E+39
  1.4130E+02  3.0316E+39  2.0904E+39  1.7637E+31  9.4117E+38
  1.4960E+02  2.2473E+39  1.4960E+39  1.0551E+31  7.5121E+38
  1.5850E+02  1.6604E+39  1.0626E+39  6.2793E+30  5.9781E+38
  1.7780E+02  9.2219E+38  5.4277E+38  2.2580E+30  3.7942E+38
  1.9950E+02  5.1907E+38  2.7863E+38  8.2277E+29  2.4043E+38
  2.2390E+02  2.9519E+38  1.4303E+38  3.0301E+29  1.5216E+38
  2.5120E+02  1.6981E+38  7.3435E+37  1.1283E+29  9.6376E+37
  2.8180E+02  9.8701E+37  3.7658E+37  4.2418E+28  6.1043E+37
  3.1620E+02  5.7883E+37  1.9265E+37  1.6066E+28  3.8617E+37
  3.5480E+02  3.4263E+37  9.8424E+36  6.1293E+27  2.4421E+37
  3.9810E+02  2.0463E+37  5.0213E+36  2.3550E+27  1.5442E+37
  4.4670E+02  1.2318E+37  2.5581E+36  9.1004E+26  9.7603E+36
  5.0120E+02  7.4714E+36  1.3019E+36  3.5356E+26  6.1695E+36
  5.6230E+02  4.5625E+36  6.6214E+35  1.3798E+26  3.9003E+36
  6.3100E+02  2.7990E+36  3.3608E+35  5.4006E+25  2.4629E+36
  7.0790E+02  1.7274E+36  1.7060E+35  2.1227E+25  1.5568E+36
  7.9430E+02  1.0697E+36  8.6461E+34  8.3585E+24  9.8325E+35
  8.9130E+02  6.6454E+35  4.3765E+34  3.2974E+24  6.2077E+35
  1.0000E+03  4.1428E+35  2.2147E+34  1.3040E+24  3.9214E+35
