  1.0000E-03  9.1830E+44  0.0000E+00  4.1676E+43  8.7662E+44
  1.1220E-03  1.0372E+45  0.0000E+00  5.3674E+43  9.8357E+44
  1.2590E-03  1.1694E+45  0.0000E+00  6.5754E+43  1.1037E+45
  1.4130E-03  1.3160E+45  0.0000E+00  7.7265E+43  1.2387E+45
  1.5850E-03  1.4781E+45  0.0000E+00  8.8640E+43  1.3894E+45
  1.7780E-03  1.6731E+45  0.0000E+00  1.1453E+44  1.5586E+45
  1.9950E-03  1.8880E+45  0.0000E+00  1.3917E+44  1.7488E+45
  2.2390E-03  2.1142E+45  0.0000E+00  1.5148E+44  1.9627E+45
  2.5120E-03  2.4119E+45  0.0000E+00  2.0986E+44  2.2020E+45
  2.8180E-03  2.7195E+45  0.0000E+00  2.4926E+44  2.4702E+45
  3.1620E-03  3.0514E+45  0.0000E+00  2.7960E+44  2.7718E+45
  3.5480E-03  3.4145E+45  0.0000E+00  3.0418E+44  3.1103E+45
  3.9810E-03  3.8128E+45  0.0000E+00  3.2298E+44  3.4898E+45
  4.4670E-03  4.3481E+45  0.0000E+00  4.3232E+44  3.9158E+45
  5.0120E-03  4.9393E+45  0.0000E+00  5.4574E+44  4.3936E+45
  5.6230E-03  5.5891E+45  0.0000E+00  6.5986E+44  4.9292E+45
  5.9570E-03  5.9377E+45  0.0000E+00  7.1564E+44  5.2220E+45
  6.6830E-03  6.6809E+45  0.0000E+00  8.2234E+44  5.8585E+45
  7.4990E-03  7.5108E+45  0.0000E+00  9.3700E+44  6.5738E+45
  8.4140E-03  8.4268E+45  0.0000E+00  1.0510E+45  7.3758E+45
  9.4410E-03  9.4336E+45  0.0000E+00  1.1575E+45  8.2761E+45
  1.0590E-02  1.0516E+46  0.0000E+00  1.2323E+45  9.2833E+45
  1.1890E-02  1.1851E+46  0.0000E+00  1.4279E+45  1.0423E+46
  1.3340E-02  1.3253E+46  0.0000E+00  1.5589E+45  1.1694E+46
  1.4960E-02  1.4837E+46  0.0000E+00  1.7230E+45  1.3114E+46
  1.6790E-02  1.6600E+46  0.0000E+00  1.8812E+45  1.4718E+46
  1.8840E-02  1.8552E+46  0.0000E+00  2.0363E+45  1.6515E+46
  2.1130E-02  2.0773E+46  0.0000E+00  2.2496E+45  1.8524E+46
  2.3710E-02  2.3247E+46  0.0000E+00  2.4627E+45  2.0785E+46
  2.6610E-02  2.6010E+46  0.0000E+00  2.6841E+45  2.3326E+46
  2.9850E-02  2.9080E+46  1.9152E-83  2.9136E+45  2.6166E+46
  3.3500E-02  3.2516E+46  1.2444E-68  3.1498E+45  2.9367E+46
  3.7580E-02  3.6361E+46  1.5608E-55  3.4186E+45  3.2942E+46
  4.2170E-02  4.1106E+46  6.8756E-44  4.1387E+45  3.6967E+46
  4.7320E-02  4.6036E+46  1.8891E-33  4.5544E+45  4.1482E+46
  5.3090E-02  4.7814E+46  3.5459E-24  4.6016E+45  4.3212E+46
  6.6830E-02  4.5181E+46  1.4527E-08  3.9128E+45  4.1268E+46
  7.4990E-02  4.3721E+46  5.1900E-02  3.3930E+45  4.0328E+46
  8.4140E-02  4.2719E+46  2.6678E+04  3.3087E+45  3.9410E+46
  9.4410E-02  4.1815E+46  3.1615E+09  3.3024E+45  3.8513E+46
  1.0590E-01  3.8390E+46  8.4678E+13  3.3342E+45  3.5055E+46
  1.1890E-01  3.2397E+46  5.8146E+17  2.9294E+45  2.9467E+46
  1.3340E-01  2.7347E+46  1.0744E+21  2.5519E+45  2.4795E+46
  1.4960E-01  2.2912E+46  1.1540E+24  2.0339E+45  2.0878E+46
  1.5850E-01  2.0997E+46  3.3706E+25  1.8514E+45  1.9145E+46
  1.7780E-01  1.7784E+46  1.8073E+28  1.6697E+45  1.6114E+46
  1.9950E-01  1.4913E+46  5.8902E+30  1.3549E+45  1.3558E+46
  2.2390E-01  1.2555E+46  7.7427E+32  1.1522E+45  1.1403E+46
  2.3710E-01  1.1654E+46  4.9450E+33  1.1898E+45  1.0464E+46
  2.5120E-01  1.0772E+46  2.6842E+34  1.1763E+45  9.5958E+45
  2.6610E-01  9.9108E+45  1.3858E+35  1.1096E+45  8.8012E+45
  2.8180E-01  9.0992E+45  6.6412E+35  1.0232E+45  8.0761E+45
  2.9850E-01  8.3473E+45  2.9185E+36  9.3944E+44  7.4079E+45
  3.1620E-01  7.6602E+45  1.1558E+37  8.6556E+44  6.7947E+45
  3.3500E-01  7.0277E+45  4.1885E+37  7.9691E+44  6.2308E+45
  3.5480E-01  6.4484E+45  1.3935E+38  7.3194E+44  5.7165E+45
  3.7580E-01  5.9153E+45  4.2951E+38  6.7113E+44  5.2442E+45
  3.9810E-01  5.4257E+45  1.2206E+39  6.1591E+44  4.8097E+45
  4.2170E-01  4.9758E+45  3.1882E+39  5.6420E+44  4.4116E+45
  4.4670E-01  4.5644E+45  7.7236E+39  5.1777E+44  4.0466E+45
  4.7320E-01  4.1853E+45  1.7615E+40  4.7376E+44  3.7115E+45
  5.0120E-01  3.8367E+45  3.7933E+40  4.3188E+44  3.4048E+45
  5.3090E-01  3.5152E+45  7.7547E+40  3.9191E+44  3.1232E+45
  5.6230E-01  3.2208E+45  1.5038E+41  3.5548E+44  2.8651E+45
  5.9570E-01  2.9494E+45  2.7857E+41  3.2158E+44  2.6276E+45
  6.3100E-01  2.7006E+45  4.9247E+41  2.8974E+44  2.4103E+45
  6.6830E-01  2.4720E+45  8.3271E+41  2.5974E+44  2.2114E+45
  7.0790E-01  2.2618E+45  1.3524E+42  2.3204E+44  2.0284E+45
  7.4990E-01  2.0691E+45  2.1148E+42  2.0653E+44  1.8605E+45
  7.9430E-01  1.8925E+45  3.1885E+42  1.8271E+44  1.7066E+45
  8.4140E-01  1.7305E+45  4.6570E+42  1.6055E+44  1.5653E+45
  8.9130E-01  1.5820E+45  6.6058E+42  1.3969E+44  1.4357E+45
  9.4410E-01  1.4468E+45  9.1169E+42  1.2065E+44  1.3170E+45
  1.0000E+00  1.3240E+45  1.2279E+43  1.0357E+44  1.2081E+45
  1.0590E+00  1.2132E+45  1.6164E+43  8.8452E+43  1.1086E+45
  1.1220E+00  1.1124E+45  2.0932E+43  7.4938E+43  1.0165E+45
  1.1890E+00  1.0214E+45  2.6689E+43  6.2874E+43  9.3183E+44
  1.2590E+00  9.4070E+44  3.3340E+43  5.2152E+43  8.5520E+44
  1.3340E+00  8.6819E+44  4.1130E+43  4.2953E+43  7.8411E+44
  1.4130E+00  8.0450E+44  4.9870E+43  3.5355E+43  7.1927E+44
  1.4960E+00  7.4883E+44  5.9523E+43  2.9050E+43  6.6026E+44
  1.5850E+00  6.9955E+44  7.0377E+43  2.3737E+43  6.0543E+44
  1.6790E+00  6.5655E+44  8.1971E+43  1.9270E+43  5.5530E+44
  1.7780E+00  6.1905E+44  9.3961E+43  1.5518E+43  5.0957E+44
  1.8840E+00  5.8610E+44  1.0654E+44  1.2380E+43  4.6719E+44
  1.9950E+00  5.5749E+44  1.1896E+44  9.7921E+42  4.2875E+44
  2.1130E+00  5.3221E+44  1.3120E+44  7.6810E+42  3.9333E+44
  2.2390E+00  5.0951E+44  1.4292E+44  5.9799E+42  3.6061E+44
  2.3710E+00  4.8895E+44  1.5341E+44  4.6265E+42  3.3092E+44
  2.5120E+00  4.6985E+44  1.6284E+44  3.5620E+42  3.0344E+44
  2.6610E+00  4.5173E+44  1.7067E+44  2.7310E+42  2.7832E+44
  2.8180E+00  4.3396E+44  1.7650E+44  2.0846E+42  2.5538E+44
  2.9850E+00  4.1632E+44  1.8047E+44  1.5852E+42  2.3426E+44
  3.1620E+00  3.9843E+44  1.8236E+44  1.2005E+42  2.1487E+44
  3.3500E+00  3.8080E+44  1.8286E+44  9.0716E+41  1.9704E+44
  3.5480E+00  3.6239E+44  1.8093E+44  6.8208E+41  1.8078E+44
  3.7580E+00  3.4376E+44  1.7741E+44  5.1084E+41  1.6583E+44
  3.9810E+00  3.2495E+44  1.7248E+44  3.8112E+41  1.5210E+44
  4.2170E+00  3.0598E+44  1.6619E+44  2.8318E+41  1.3951E+44
  4.4670E+00  2.8699E+44  1.5882E+44  2.0950E+41  1.2796E+44
  4.7320E+00  2.6839E+44  1.5087E+44  1.5439E+41  1.1737E+44
  5.0120E+00  2.5060E+44  1.4258E+44  1.1352E+41  1.0791E+44
  5.3090E+00  2.3020E+44  1.3410E+44  8.2097E+40  9.6024E+43
  5.6230E+00  2.1062E+44  1.2575E+44  5.9043E+40  8.4805E+43
  5.9570E+00  1.9217E+44  1.1781E+44  4.2285E+40  7.4316E+43
  6.3100E+00  1.7395E+44  1.0921E+44  2.9980E+40  6.4710E+43
  6.6830E+00  1.5800E+44  1.0196E+44  2.1259E+40  5.6014E+43
  7.0790E+00  1.4240E+44  9.4192E+43  1.4864E+40  4.8190E+43
  7.4990E+00  1.3474E+44  9.3503E+43  1.0798E+40  4.1229E+43
  7.9430E+00  1.5972E+44  1.2460E+44  9.9047E+39  3.5109E+43
  8.4140E+00  2.1916E+44  1.8940E+44  1.1242E+40  2.9752E+43
  8.9130E+00  2.7013E+44  2.4501E+44  1.2208E+40  2.5104E+43
  9.4410E+00  3.0889E+44  2.8777E+44  1.3635E+40  2.1101E+43
  1.0000E+01  2.5782E+44  2.4014E+44  9.8304E+39  1.7671E+43
  1.0590E+01  2.0158E+44  1.8681E+44  6.4400E+39  1.4758E+43
  1.1220E+01  1.4876E+44  1.3649E+44  3.7071E+39  1.2267E+43
  1.1890E+01  1.1138E+44  1.0121E+44  2.1674E+39  1.0159E+43
  1.2590E+01  8.3383E+43  7.4970E+43  1.2401E+39  8.4119E+42
  1.3340E+01  6.3384E+43  5.6452E+43  7.0962E+38  6.9319E+42
  1.4130E+01  5.1511E+43  4.5805E+43  4.2616E+38  5.7050E+42
  1.4960E+01  4.8902E+43  4.4210E+43  3.0766E+38  4.6919E+42
  1.5850E+01  4.8234E+43  4.4393E+43  2.4087E+38  3.8414E+42
  1.6790E+01  4.7665E+43  4.4524E+43  1.9655E+38  3.1409E+42
  1.7780E+01  4.5442E+43  4.2876E+43  1.5955E+38  2.5663E+42
  1.8840E+01  4.0576E+43  3.8487E+43  1.2186E+38  2.0888E+42
  1.9950E+01  3.3974E+43  3.2273E+43  8.4863E+37  1.7013E+42
  2.1130E+01  2.8026E+43  2.6643E+43  5.6431E+37  1.3827E+42
  2.2390E+01  2.3264E+43  2.2144E+43  3.7605E+37  1.1203E+42
  2.3710E+01  1.9411E+43  1.8502E+43  2.5062E+37  9.0864E+41
  2.5120E+01  1.6208E+43  1.5473E+43  1.6746E+37  7.3479E+41
  2.6610E+01  1.3507E+43  1.2913E+43  1.1136E+37  5.9383E+41
  2.8180E+01  1.1234E+43  1.0754E+43  7.4068E+36  4.7994E+41
  2.9850E+01  9.2869E+42  8.8997E+42  4.9063E+36  3.8717E+41
  3.1620E+01  7.6127E+42  7.3007E+42  3.2223E+36  3.1199E+41
  3.3500E+01  6.1796E+42  5.9286E+42  2.0971E+36  2.5106E+41
  3.5480E+01  4.9714E+42  4.7693E+42  1.3535E+36  2.0210E+41
  3.7580E+01  3.9530E+42  3.7904E+42  8.6362E+35  1.6253E+41
  3.9810E+01  3.0999E+42  2.9694E+42  5.4378E+35  1.3054E+41
  4.2170E+01  2.4037E+42  2.2989E+42  3.3832E+35  1.0479E+41
  4.4670E+01  1.8446E+42  1.7605E+42  2.0795E+35  8.4074E+40
  4.7320E+01  1.4030E+42  1.3356E+42  1.2653E+35  6.7400E+40
  5.0120E+01  1.0593E+42  1.0053E+42  7.6327E+34  5.4034E+40
  5.3090E+01  7.9419E+41  7.5090E+41  4.5677E+34  4.3282E+40
  5.6230E+01  5.9233E+41  5.5767E+41  2.7166E+34  3.4667E+40
  5.9570E+01  4.3921E+41  4.1148E+41  1.6050E+34  2.7728E+40
  6.3100E+01  3.2458E+41  3.0240E+41  9.4443E+33  2.2180E+40
  6.6830E+01  2.3921E+41  2.2146E+41  5.5393E+33  1.7744E+40
  7.0790E+01  1.7582E+41  1.6163E+41  3.2388E+33  1.4183E+40
  7.4990E+01  1.2892E+41  1.1759E+41  1.8888E+33  1.1329E+40
  7.9430E+01  9.4440E+40  8.5389E+40  1.1003E+33  9.0505E+39
  8.4140E+01  6.9099E+40  6.1873E+40  6.3996E+32  7.2256E+39
  8.9130E+01  5.0553E+40  4.4787E+40  3.7219E+32  5.7665E+39
  9.4410E+01  3.6986E+40  3.2384E+40  2.1646E+32  4.6021E+39
  1.0000E+02  2.7063E+40  2.3391E+40  1.2590E+32  3.6722E+39
  1.0590E+02  1.9832E+40  1.6901E+40  7.3351E+31  2.9317E+39
  1.1220E+02  1.4537E+40  1.2202E+40  4.2730E+31  2.3358E+39
  1.1890E+02  1.0681E+40  8.8222E+39  2.4954E+31  1.8590E+39
  1.2590E+02  7.9050E+39  6.4212E+39  1.4682E+31  1.4838E+39
  1.3340E+02  5.8670E+39  4.6859E+39  8.6751E+30  1.1811E+39
  1.4130E+02  4.3427E+39  3.4015E+39  5.1310E+30  9.4117E+38
  1.4960E+02  3.1805E+39  2.4293E+39  3.0007E+30  7.5121E+38
  1.5850E+02  2.3208E+39  1.7229E+39  1.7441E+30  5.9781E+38
  1.7780E+02  1.2539E+39  8.7450E+38  5.9709E+29  3.7942E+38
  1.9950E+02  6.8591E+38  4.4547E+38  2.0707E+29  2.4043E+38
  2.2390E+02  3.7911E+38  2.2696E+38  7.2635E+28  1.5216E+38
  2.5120E+02  2.1210E+38  1.1572E+38  2.5802E+28  9.6376E+37
  2.8180E+02  1.2001E+38  5.8970E+37  9.2745E+27  6.1043E+37
  3.1620E+02  6.8615E+37  2.9997E+37  3.3688E+27  3.8617E+37
  3.5480E+02  3.9668E+37  1.5247E+37  1.2369E+27  2.4421E+37
  3.9810E+02  2.3184E+37  7.7424E+36  4.5914E+26  1.5442E+37
  4.4670E+02  1.3688E+37  3.9276E+36  1.7209E+26  9.7603E+36
  5.0120E+02  8.1607E+36  1.9912E+36  6.5100E+25  6.1695E+36
  5.6230E+02  4.9095E+36  1.0091E+36  2.4830E+25  3.9003E+36
  6.3100E+02  2.9735E+36  5.1057E+35  9.5309E+24  2.4629E+36
  7.0790E+02  1.8152E+36  2.5841E+35  3.6852E+24  1.5568E+36
  7.9430E+02  1.1139E+36  1.3061E+35  1.4314E+24  9.8325E+35
  8.9130E+02  6.8672E+35  6.5949E+34  5.5835E+23  6.2077E+35
  1.0000E+03  4.2543E+35  3.3298E+34  2.1877E+23  3.9214E+35
