  1.0000E-03  8.7887E+44  0.0000E+00  2.2509E+42  8.7662E+44
  1.1220E-03  9.8647E+44  0.0000E+00  2.8945E+42  9.8357E+44
  1.2590E-03  1.1072E+45  0.0000E+00  3.5553E+42  1.1037E+45
  1.4130E-03  1.2429E+45  0.0000E+00  4.2042E+42  1.2387E+45
  1.5850E-03  1.3943E+45  0.0000E+00  4.8508E+42  1.3894E+45
  1.7780E-03  1.5648E+45  0.0000E+00  6.2080E+42  1.5586E+45
  1.9950E-03  1.7565E+45  0.0000E+00  7.6589E+42  1.7488E+45
  2.2390E-03  1.9712E+45  0.0000E+00  8.4714E+42  1.9627E+45
  2.5120E-03  2.2136E+45  0.0000E+00  1.1592E+43  2.2020E+45
  2.8180E-03  2.4844E+45  0.0000E+00  1.4194E+43  2.4702E+45
  3.1620E-03  2.7883E+45  0.0000E+00  1.6438E+43  2.7718E+45
  3.5480E-03  3.1288E+45  0.0000E+00  1.8485E+43  3.1103E+45
  3.9810E-03  3.5101E+45  0.0000E+00  2.0281E+43  3.4898E+45
  4.4670E-03  3.9408E+45  0.0000E+00  2.4999E+43  3.9158E+45
  5.0120E-03  4.4256E+45  0.0000E+00  3.2031E+43  4.3936E+45
  5.6230E-03  4.9687E+45  0.0000E+00  3.9420E+43  4.9292E+45
  5.9570E-03  5.2652E+45  0.0000E+00  4.3149E+43  5.2220E+45
  6.6830E-03  5.9090E+45  0.0000E+00  5.0456E+43  5.8585E+45
  7.4990E-03  6.6320E+45  0.0000E+00  5.8146E+43  6.5738E+45
  8.4140E-03  7.4423E+45  0.0000E+00  6.6423E+43  7.3758E+45
  9.4410E-03  8.3503E+45  0.0000E+00  7.4217E+43  8.2761E+45
  1.0590E-02  9.3627E+45  0.0000E+00  7.9445E+43  9.2833E+45
  1.1890E-02  1.0516E+46  0.0000E+00  9.3153E+43  1.0423E+46
  1.3340E-02  1.1797E+46  0.0000E+00  1.0283E+44  1.1694E+46
  1.4960E-02  1.3229E+46  0.0000E+00  1.1519E+44  1.3114E+46
  1.6790E-02  1.4846E+46  0.0000E+00  1.2726E+44  1.4718E+46
  1.8840E-02  1.6654E+46  0.0000E+00  1.3903E+44  1.6515E+46
  2.1130E-02  1.8678E+46  0.0000E+00  1.5493E+44  1.8524E+46
  2.3710E-02  2.0956E+46  0.0000E+00  1.7115E+44  2.0785E+46
  2.6610E-02  2.3515E+46  0.0000E+00  1.8828E+44  2.3326E+46
  2.9850E-02  2.6372E+46  1.2093E-83  2.0598E+44  2.6166E+46
  3.3500E-02  2.9591E+46  7.7865E-69  2.2430E+44  2.9367E+46
  3.7580E-02  3.3188E+46  9.7631E-56  2.4525E+44  3.2942E+46
  4.2170E-02  3.7260E+46  4.2662E-44  2.9341E+44  3.6967E+46
  4.7320E-02  4.1804E+46  1.1478E-33  3.2225E+44  4.1482E+46
  5.3090E-02  4.3537E+46  2.1056E-24  3.2434E+44  4.3212E+46
  6.6830E-02  4.1536E+46  8.0215E-09  2.6753E+44  4.1268E+46
  7.4990E-02  4.0549E+46  2.7723E-02  2.2028E+44  4.0328E+46
  8.4140E-02  3.9630E+46  1.4415E+04  2.1940E+44  3.9410E+46
  9.4410E-02  3.8735E+46  1.7239E+09  2.2254E+44  3.8513E+46
  1.0590E-01  3.5290E+46  4.7660E+13  2.3428E+44  3.5055E+46
  1.1890E-01  2.9684E+46  3.4213E+17  2.1633E+44  2.9467E+46
  1.3340E-01  2.4990E+46  6.5659E+20  1.9452E+44  2.4795E+46
  1.4960E-01  2.1040E+46  7.2537E+23  1.6150E+44  2.0878E+46
  1.5850E-01  1.9294E+46  2.1322E+25  1.4863E+44  1.9145E+46
  1.7780E-01  1.6246E+46  1.1366E+28  1.3135E+44  1.6114E+46
  1.9950E-01  1.3660E+46  3.5567E+30  1.0242E+44  1.3558E+46
  2.2390E-01  1.1486E+46  4.5759E+32  8.2722E+43  1.1403E+46
  2.3710E-01  1.0549E+46  3.0056E+33  8.4872E+43  1.0464E+46
  2.5120E-01  9.6794E+45  1.6864E+34  8.3617E+43  9.5958E+45
  2.6610E-01  8.8798E+45  8.9280E+34  7.8587E+43  8.8012E+45
  2.8180E-01  8.1482E+45  4.3636E+35  7.2128E+43  8.0761E+45
  2.9850E-01  7.4737E+45  1.9493E+36  6.5833E+43  7.4079E+45
  3.1620E-01  6.8548E+45  7.8396E+36  6.0158E+43  6.7947E+45
  3.3500E-01  6.2857E+45  2.8832E+37  5.4865E+43  6.2308E+45
  3.5480E-01  5.7664E+45  9.7240E+37  4.9899E+43  5.7165E+45
  3.7580E-01  5.2894E+45  3.0387E+38  4.5222E+43  5.2442E+45
  3.9810E-01  4.8508E+45  8.7477E+38  4.1016E+43  4.8097E+45
  4.2170E-01  4.4487E+45  2.3175E+39  3.7032E+43  4.4116E+45
  4.4670E-01  4.0801E+45  5.6931E+39  3.3470E+43  4.0466E+45
  4.7320E-01  3.7416E+45  1.3165E+40  3.0143E+43  3.7115E+45
  5.0120E-01  3.4319E+45  2.8738E+40  2.7041E+43  3.4048E+45
  5.3090E-01  3.1474E+45  5.9561E+40  2.4122E+43  3.1232E+45
  5.6230E-01  2.8868E+45  1.1696E+41  2.1526E+43  2.8651E+45
  5.9570E-01  2.6469E+45  2.1920E+41  1.9166E+43  2.6276E+45
  6.3100E-01  2.4277E+45  3.9182E+41  1.6999E+43  2.4103E+45
  6.6830E-01  2.2271E+45  6.6936E+41  1.5006E+43  2.2114E+45
  7.0790E-01  2.0427E+45  1.0970E+42  1.3210E+43  2.0284E+45
  7.4990E-01  1.8738E+45  1.7282E+42  1.1605E+43  1.8605E+45
  7.9430E-01  1.7194E+45  2.6208E+42  1.0146E+43  1.7066E+45
  8.4140E-01  1.5780E+45  3.8437E+42  8.8213E+42  1.5653E+45
  8.9130E-01  1.4488E+45  5.4670E+42  7.6014E+42  1.4357E+45
  9.4410E-01  1.3310E+45  7.5498E+42  6.5105E+42  1.3170E+45
  1.0000E+00  1.2238E+45  1.0148E+43  5.5508E+42  1.2081E+45
  1.0590E+00  1.1266E+45  1.3300E+43  4.7152E+42  1.1086E+45
  1.1220E+00  1.0376E+45  1.7109E+43  3.9786E+42  1.0165E+45
  1.1890E+00  9.5679E+44  2.1628E+43  3.3283E+42  9.3183E+44
  1.2590E+00  8.8471E+44  2.6756E+43  2.7550E+42  8.5520E+44
  1.3340E+00  8.1900E+44  3.2627E+43  2.2649E+42  7.8411E+44
  1.4130E+00  7.6019E+44  3.9054E+43  1.8605E+42  7.1927E+44
  1.4960E+00  7.0777E+44  4.5987E+43  1.5249E+42  6.6026E+44
  1.5850E+00  6.6029E+44  5.3610E+43  1.2420E+42  6.0543E+44
  1.6790E+00  6.1788E+44  6.1572E+43  1.0042E+42  5.5530E+44
  1.7780E+00  5.8000E+44  6.9620E+43  8.0462E+41  5.0957E+44
  1.8840E+00  5.4571E+44  7.7882E+43  6.3796E+41  4.6719E+44
  1.9950E+00  5.1511E+44  8.5863E+43  5.0112E+41  4.2875E+44
  2.1130E+00  4.8728E+44  9.3561E+43  3.8998E+41  3.9333E+44
  2.2390E+00  4.6165E+44  1.0074E+44  3.0097E+41  3.6061E+44
  2.3710E+00  4.3812E+44  1.0698E+44  2.3077E+41  3.3092E+44
  2.5120E+00  4.1603E+44  1.1241E+44  1.7601E+41  3.0344E+44
  2.6610E+00  3.9517E+44  1.1671E+44  1.3370E+41  2.7832E+44
  2.8180E+00  3.7514E+44  1.1966E+44  1.0116E+41  2.5538E+44
  2.9850E+00  3.5573E+44  1.2139E+44  7.6293E+40  2.3426E+44
  3.1620E+00  3.3671E+44  1.2178E+44  5.7352E+40  2.1487E+44
  3.3500E+00  3.1841E+44  1.2133E+44  4.3038E+40  1.9704E+44
  3.5480E+00  3.0019E+44  1.1938E+44  3.2185E+40  1.8078E+44
  3.7580E+00  2.8236E+44  1.1650E+44  2.4000E+40  1.6583E+44
  3.9810E+00  2.6493E+44  1.1282E+44  1.7847E+40  1.5210E+44
  4.2170E+00  2.4789E+44  1.0837E+44  1.3234E+40  1.3951E+44
  4.4670E+00  2.3131E+44  1.0334E+44  9.7842E+39  1.2796E+44
  4.7320E+00  2.1542E+44  9.8044E+43  7.2126E+39  1.1737E+44
  5.0120E+00  2.0055E+44  9.2628E+43  5.3115E+39  1.0791E+44
  5.3090E+00  1.8320E+44  8.7173E+43  3.8370E+39  9.6024E+43
  5.6230E+00  1.6668E+44  8.1871E+43  2.7565E+39  8.4805E+43
  5.9570E+00  1.5120E+44  7.6884E+43  1.9714E+39  7.4316E+43
  6.3100E+00  1.3622E+44  7.1512E+43  1.3974E+39  6.4710E+43
  6.6830E+00  1.2308E+44  6.7066E+43  9.9027E+38  5.6014E+43
  7.0790E+00  1.1049E+44  6.2298E+43  6.9288E+38  4.8190E+43
  7.4990E+00  1.0323E+44  6.1997E+43  4.9786E+38  4.1229E+43
  7.9430E+00  1.1674E+44  8.1634E+43  4.3124E+38  3.5109E+43
  8.4140E+00  1.5167E+44  1.2192E+44  4.5704E+38  2.9752E+43
  8.9130E+00  1.8107E+44  1.5596E+44  4.7844E+38  2.5104E+43
  9.4410E+00  2.0287E+44  1.8177E+44  5.2389E+38  2.1101E+43
  1.0000E+01  1.7118E+44  1.5351E+44  3.8399E+38  1.7671E+43
  1.0590E+01  1.3624E+44  1.2149E+44  2.5796E+38  1.4758E+43
  1.1220E+01  1.0308E+44  9.0811E+43  1.5375E+38  1.2267E+43
  1.1890E+01  7.9129E+43  6.8969E+43  9.3120E+37  1.0159E+43
  1.2590E+01  6.0949E+43  5.2537E+43  5.5421E+37  8.4119E+42
  1.3340E+01  4.7750E+43  4.0818E+43  3.3018E+37  6.9319E+42
  1.4130E+01  3.9815E+43  3.4110E+43  2.0484E+37  5.7050E+42
  1.4960E+01  3.8126E+43  3.3434E+43  1.4913E+37  4.6919E+42
  1.5850E+01  3.7866E+43  3.4024E+43  1.1733E+37  3.8414E+42
  1.6790E+01  3.7787E+43  3.4646E+43  9.6468E+36  3.1409E+42
  1.7780E+01  3.6648E+43  3.4082E+43  7.9538E+36  2.5663E+42
  1.8840E+01  3.3664E+43  3.1575E+43  6.2446E+36  2.0888E+42
  1.9950E+01  2.9328E+43  2.7627E+43  4.5241E+36  1.7013E+42
  2.1130E+01  2.5319E+43  2.3936E+43  3.1447E+36  1.3827E+42
  2.2390E+01  2.2052E+43  2.0932E+43  2.1930E+36  1.1203E+42
  2.3710E+01  1.9338E+43  1.8429E+43  1.5302E+36  9.0864E+41
  2.5120E+01  1.6993E+43  1.6258E+43  1.0708E+36  7.3479E+41
  2.6610E+01  1.4911E+43  1.4317E+43  7.4561E+35  5.9383E+41
  2.8180E+01  1.3049E+43  1.2569E+43  5.1871E+35  4.7994E+41
  2.9850E+01  1.1341E+43  1.0954E+43  3.5894E+35  3.8717E+41
  3.1620E+01  9.7598E+42  9.4478E+42  2.4591E+35  3.1199E+41
  3.3500E+01  8.3018E+42  8.0508E+42  1.6664E+35  2.5106E+41
  3.5480E+01  6.9803E+42  6.7782E+42  1.1172E+35  2.0210E+41
  3.7580E+01  5.7886E+42  5.6261E+42  7.3908E+34  1.6253E+41
  3.9810E+01  4.7258E+42  4.5953E+42  4.8179E+34  1.3054E+41
  4.2170E+01  3.8067E+42  3.7019E+42  3.0978E+34  1.0479E+41
  4.4670E+01  3.0285E+42  2.9444E+42  1.9644E+34  8.4074E+40
  4.7320E+01  2.3829E+42  2.3155E+42  1.2308E+34  6.7400E+40
  5.0120E+01  1.8572E+42  1.8032E+42  7.6316E+33  5.4034E+40
  5.3090E+01  1.4343E+42  1.3910E+42  4.6858E+33  4.3282E+40
  5.6230E+01  1.0996E+42  1.0649E+42  2.8539E+33  3.4667E+40
  5.9570E+01  8.3645E+41  8.0872E+41  1.7237E+33  2.7728E+40
  6.3100E+01  6.3285E+41  6.1067E+41  1.0350E+33  2.2180E+40
  6.6830E+01  4.7652E+41  4.5878E+41  6.1832E+32  1.7744E+40
  7.0790E+01  3.5718E+41  3.4299E+41  3.6760E+32  1.4183E+40
  7.4990E+01  2.6660E+41  2.5527E+41  2.1760E+32  1.1329E+40
  7.9430E+01  1.9840E+41  1.8935E+41  1.2844E+32  9.0505E+39
  8.4140E+01  1.4721E+41  1.3999E+41  7.5569E+31  7.2256E+39
  8.9130E+01  1.0903E+41  1.0326E+41  4.4385E+31  5.7665E+39
  9.4410E+01  8.0607E+40  7.6005E+40  2.6026E+31  4.6021E+39
  1.0000E+02  5.9495E+40  5.5823E+40  1.5237E+31  3.6722E+39
  1.0590E+02  4.3903E+40  4.0971E+40  8.9217E+30  2.9317E+39
  1.1220E+02  3.2360E+40  3.0024E+40  5.2164E+30  2.3358E+39
  1.1890E+02  2.3879E+40  2.2020E+40  3.0540E+30  1.8590E+39
  1.2590E+02  1.7730E+40  1.6246E+40  1.7996E+30  1.4838E+39
  1.3340E+02  1.3196E+40  1.2015E+40  1.0646E+30  1.1811E+39
  1.4130E+02  9.7675E+39  8.8263E+39  6.2877E+29  9.4117E+38
  1.4960E+02  7.1162E+39  6.3650E+39  3.6545E+29  7.5121E+38
  1.5850E+02  5.1538E+39  4.5560E+39  2.1065E+29  5.9781E+38
  1.7780E+02  2.7330E+39  2.3536E+39  7.0698E+28  3.7942E+38
  1.9950E+02  1.4587E+39  1.2183E+39  2.3915E+28  2.4043E+38
  2.2390E+02  7.8181E+38  6.2966E+38  8.1397E+27  1.5216E+38
  2.5120E+02  4.2152E+38  3.2514E+38  2.7918E+27  9.6376E+37
  2.8180E+02  2.2859E+38  1.6755E+38  9.6493E+26  6.1043E+37
  3.1620E+02  1.2470E+38  8.6081E+37  3.3600E+26  3.8617E+37
  3.5480E+02  6.8560E+37  4.4139E+37  1.1805E+26  2.4421E+37
  3.9810E+02  3.8031E+37  2.2589E+37  4.1903E+25  1.5442E+37
  4.4670E+02  2.1299E+37  1.1539E+37  1.5028E+25  9.7603E+36
  5.0120E+02  1.2055E+37  5.8860E+36  5.4490E+24  6.1695E+36
  5.6230E+02  6.8996E+36  2.9993E+36  1.9972E+24  3.9003E+36
  6.3100E+02  3.9878E+36  1.5249E+36  7.3911E+23  2.4629E+36
  7.0790E+02  2.3319E+36  7.7514E+35  2.7653E+23  1.5568E+36
  7.9430E+02  1.3765E+36  3.9329E+35  1.0433E+23  9.8325E+35
  8.9130E+02  8.2005E+35  1.9927E+35  3.9674E+22  6.2077E+35
  1.0000E+03  4.9306E+35  1.0092E+35  1.5209E+22  3.9214E+35
