  1.0000E-03  8.8466E+44  0.0000E+00  8.0364E+42  8.7662E+44
  1.1220E-03  9.9318E+44  0.0000E+00  9.6070E+42  9.8357E+44
  1.2590E-03  1.1147E+45  0.0000E+00  1.0986E+43  1.1037E+45
  1.4130E-03  1.2508E+45  0.0000E+00  1.2107E+43  1.2387E+45
  1.5850E-03  1.4025E+45  0.0000E+00  1.3116E+43  1.3894E+45
  1.7780E-03  1.5747E+45  0.0000E+00  1.6096E+43  1.5586E+45
  1.9950E-03  1.7668E+45  0.0000E+00  1.7939E+43  1.7488E+45
  2.2390E-03  1.9810E+45  0.0000E+00  1.8232E+43  1.9627E+45
  2.5120E-03  2.2254E+45  0.0000E+00  2.3439E+43  2.2020E+45
  2.8180E-03  2.4956E+45  0.0000E+00  2.5413E+43  2.4702E+45
  3.1620E-03  2.7983E+45  0.0000E+00  2.6485E+43  2.7718E+45
  3.5480E-03  3.1374E+45  0.0000E+00  2.7088E+43  3.1103E+45
  3.9810E-03  3.5172E+45  0.0000E+00  2.7368E+43  3.4898E+45
  4.4670E-03  3.9748E+45  0.0000E+00  5.8985E+43  3.9158E+45
  5.0120E-03  4.4587E+45  0.0000E+00  6.5146E+43  4.3936E+45
  5.6230E-03  4.9989E+45  0.0000E+00  6.9636E+43  4.9292E+45
  5.9570E-03  5.2935E+45  0.0000E+00  7.1420E+43  5.2220E+45
  6.6830E-03  5.9331E+45  0.0000E+00  7.4602E+43  5.8585E+45
  7.4990E-03  6.6521E+45  0.0000E+00  7.8269E+43  6.5738E+45
  8.4140E-03  7.4573E+45  0.0000E+00  8.1482E+43  7.3758E+45
  9.4410E-03  8.3603E+45  0.0000E+00  8.4240E+43  8.2761E+45
  1.0590E-02  9.3686E+45  0.0000E+00  8.5284E+43  9.2833E+45
  1.1890E-02  1.0515E+46  0.0000E+00  9.2436E+43  1.0423E+46
  1.3340E-02  1.1790E+46  0.0000E+00  9.5704E+43  1.1694E+46
  1.4960E-02  1.3214E+46  0.0000E+00  1.0004E+44  1.3114E+46
  1.6790E-02  1.4822E+46  0.0000E+00  1.0375E+44  1.4718E+46
  1.8840E-02  1.6622E+46  0.0000E+00  1.0704E+44  1.6515E+46
  2.1130E-02  1.8636E+46  0.0000E+00  1.1230E+44  1.8524E+46
  2.3710E-02  2.0902E+46  0.0000E+00  1.1704E+44  2.0785E+46
  2.6610E-02  2.3448E+46  0.0000E+00  1.2148E+44  2.3326E+46
  2.9850E-02  2.6292E+46  9.2054E-83  1.2561E+44  2.6166E+46
  3.3500E-02  2.9496E+46  5.9132E-68  1.2941E+44  2.9367E+46
  3.7580E-02  3.3082E+46  7.4317E-55  1.3972E+44  3.2942E+46
  4.2170E-02  3.7128E+46  3.2440E-43  1.6139E+44  3.6967E+46
  4.7320E-02  4.1641E+46  8.6509E-33  1.5941E+44  4.1482E+46
  5.3090E-02  4.3357E+46  1.5712E-23  1.4478E+44  4.3212E+46
  6.6830E-02  4.1370E+46  5.7839E-08  1.0152E+44  4.1268E+46
  7.4990E-02  4.0417E+46  1.9093E-01  8.8445E+43  4.0328E+46
  8.4140E-02  3.9497E+46  1.0025E+05  8.6710E+43  3.9410E+46
  9.4410E-02  3.8599E+46  1.2051E+10  8.6878E+43  3.8513E+46
  1.0590E-01  3.5148E+46  3.4160E+14  9.2421E+43  3.5055E+46
  1.1890E-01  2.9561E+46  2.6076E+18  9.3666E+43  2.9467E+46
  1.3340E-01  2.4894E+46  5.3300E+21  9.8333E+43  2.4795E+46
  1.4960E-01  2.0972E+46  6.0489E+24  9.3096E+43  2.0878E+46
  1.5850E-01  1.9231E+46  1.7804E+26  8.6180E+43  1.9145E+46
  1.7780E-01  1.6180E+46  9.2230E+28  6.5594E+43  1.6114E+46
  1.9950E-01  1.3594E+46  2.7033E+31  3.6388E+43  1.3558E+46
  2.2390E-01  1.1430E+46  3.2865E+33  2.6978E+43  1.1403E+46
  2.3710E-01  1.0495E+46  2.2054E+34  3.0788E+43  1.0464E+46
  2.5120E-01  9.6303E+45  1.2660E+35  3.4459E+43  9.5958E+45
  2.6610E-01  8.8370E+45  6.7839E+35  3.5798E+43  8.8012E+45
  2.8180E-01  8.1116E+45  3.3338E+36  3.5509E+43  8.0761E+45
  2.9850E-01  7.4425E+45  1.4932E+37  3.4625E+43  7.4079E+45
  3.1620E-01  6.8284E+45  6.0101E+37  3.3736E+43  6.7947E+45
  3.3500E-01  6.2635E+45  2.2085E+38  3.2731E+43  6.2308E+45
  3.5480E-01  5.7480E+45  7.4311E+38  3.1543E+43  5.7165E+45
  3.7580E-01  5.2744E+45  2.3125E+39  3.0263E+43  5.2442E+45
  3.9810E-01  4.8388E+45  6.6273E+39  2.9032E+43  4.8097E+45
  4.2170E-01  4.4395E+45  1.7445E+40  2.7855E+43  4.4116E+45
  4.4670E-01  4.0734E+45  4.2550E+40  2.6794E+43  4.0466E+45
  4.7320E-01  3.7373E+45  9.7559E+40  2.5699E+43  3.7115E+45
  5.0120E-01  3.4296E+45  2.1085E+41  2.4550E+43  3.4048E+45
  5.3090E-01  3.1470E+45  4.3176E+41  2.3353E+43  3.1232E+45
  5.6230E-01  2.8881E+45  8.3674E+41  2.2182E+43  2.8651E+45
  5.9570E-01  2.6501E+45  1.5448E+42  2.1010E+43  2.6276E+45
  6.3100E-01  2.4329E+45  2.7139E+42  1.9841E+43  2.4103E+45
  6.6830E-01  2.2346E+45  4.5442E+42  1.8658E+43  2.2114E+45
  7.0790E-01  2.0532E+45  7.2801E+42  1.7521E+43  2.0284E+45
  7.4990E-01  1.8881E+45  1.1179E+43  1.6416E+43  1.8605E+45
  7.9430E-01  1.7384E+45  1.6467E+43  1.5335E+43  1.7066E+45
  8.4140E-01  1.6030E+45  2.3365E+43  1.4271E+43  1.5653E+45
  8.9130E-01  1.4810E+45  3.2005E+43  1.3222E+43  1.4357E+45
  9.4410E-01  1.3715E+45  4.2365E+43  1.2191E+43  1.3170E+45
  1.0000E+00  1.2736E+45  5.4318E+43  1.1179E+43  1.2081E+45
  1.0590E+00  1.1864E+45  6.7581E+43  1.0214E+43  1.1086E+45
  1.1220E+00  1.1079E+45  8.2080E+43  9.2814E+42  1.0165E+45
  1.1890E+00  1.0377E+45  9.7452E+43  8.3711E+42  9.3183E+44
  1.2590E+00  9.7544E+44  1.1276E+44  7.4781E+42  8.5520E+44
  1.3340E+00  9.1863E+44  1.2789E+44  6.6251E+42  7.8411E+44
  1.4130E+00  8.6695E+44  1.4184E+44  5.8392E+42  7.1927E+44
  1.4960E+00  8.1967E+44  1.5430E+44  5.1130E+42  6.6026E+44
  1.5850E+00  7.7541E+44  1.6554E+44  4.4333E+42  6.0543E+44
  1.6790E+00  7.3373E+44  1.7463E+44  3.7994E+42  5.5530E+44
  1.7780E+00  6.9394E+44  1.8115E+44  3.2102E+42  5.0957E+44
  1.8840E+00  6.5544E+44  1.8558E+44  2.6688E+42  4.6719E+44
  1.9950E+00  6.1848E+44  1.8755E+44  2.1835E+42  4.2875E+44
  2.1130E+00  5.8252E+44  1.8743E+44  1.7578E+42  3.9333E+44
  2.2390E+00  5.4723E+44  1.8523E+44  1.3931E+42  3.6061E+44
  2.3710E+00  5.1307E+44  1.8106E+44  1.0891E+42  3.3092E+44
  2.5120E+00  4.7976E+44  1.7548E+44  8.4136E+41  3.0344E+44
  2.6610E+00  4.4750E+44  1.6853E+44  6.4336E+41  2.7832E+44
  2.8180E+00  4.1623E+44  1.6036E+44  4.8746E+41  2.5538E+44
  2.9850E+00  3.8606E+44  1.5143E+44  3.6646E+41  2.3426E+44
  3.1620E+00  3.5700E+44  1.4186E+44  2.7359E+41  2.1487E+44
  3.3500E+00  3.2962E+44  1.3238E+44  2.0326E+41  1.9704E+44
  3.5480E+00  3.0342E+44  1.2250E+44  1.5021E+41  1.8078E+44
  3.7580E+00  2.7873E+44  1.1279E+44  1.1052E+41  1.6583E+44
  3.9810E+00  2.5552E+44  1.0334E+44  8.0990E+40  1.5210E+44
  4.2170E+00  2.3381E+44  9.4243E+43  5.9155E+40  1.3951E+44
  4.4670E+00  2.1359E+44  8.5584E+43  4.3070E+40  1.2796E+44
  4.7320E+00  1.9493E+44  7.7528E+43  3.1264E+40  1.1737E+44
  5.0120E+00  1.7806E+44  7.0123E+43  2.2677E+40  1.0791E+44
  5.3090E+00  1.5938E+44  6.3337E+43  1.6096E+40  9.6024E+43
  5.6230E+00  1.4205E+44  5.7230E+43  1.1350E+40  8.4805E+43
  5.9570E+00  1.2614E+44  5.1819E+43  7.9556E+39  7.4316E+43
  6.3100E+00  1.1137E+44  4.6654E+43  5.5303E+39  6.4710E+43
  6.6830E+00  9.8487E+43  4.2470E+43  3.8356E+39  5.6014E+43
  7.0790E+00  8.6642E+43  3.8449E+43  2.6292E+39  4.8190E+43
  7.4990E+00  7.7928E+43  3.6697E+43  1.8139E+39  4.1229E+43
  7.9430E+00  7.8717E+43  4.3606E+43  1.3832E+39  3.5109E+43
  8.4140E+00  8.8659E+43  5.8905E+43  1.2249E+39  2.9752E+43
  8.9130E+00  9.6225E+43  7.1120E+43  1.1169E+39  2.5104E+43
  9.4410E+00  1.0075E+44  7.9646E+43  1.0943E+39  2.1101E+43
  1.0000E+01  8.4234E+43  6.6563E+43  8.0644E+38  1.7671E+43
  1.0590E+01  6.7452E+43  5.2694E+43  5.5771E+38  1.4758E+43
  1.1220E+01  5.2334E+43  4.0066E+43  3.4962E+38  1.2267E+43
  1.1890E+01  4.1343E+43  3.1183E+43  2.2156E+38  1.0159E+43
  1.2590E+01  3.3159E+43  2.4747E+43  1.3891E+38  8.4119E+42
  1.3340E+01  2.7181E+43  2.0249E+43  8.7138E+37  6.9319E+42
  1.4130E+01  2.3398E+43  1.7693E+43  5.5840E+37  5.7050E+42
  1.4960E+01  2.2045E+43  1.7353E+43  3.9696E+37  4.6919E+42
  1.5850E+01  2.1401E+43  1.7559E+43  3.0197E+37  3.8414E+42
  1.6790E+01  2.1034E+43  1.7893E+43  2.4148E+37  3.1409E+42
  1.7780E+01  2.0503E+43  1.7937E+43  1.9783E+37  2.5663E+42
  1.8840E+01  1.9494E+43  1.7405E+43  1.5951E+37  2.0888E+42
  1.9950E+01  1.8100E+43  1.6399E+43  1.2272E+37  1.7013E+42
  2.1130E+01  1.6868E+43  1.5485E+43  9.1790E+36  1.3827E+42
  2.2390E+01  1.5914E+43  1.4794E+43  6.9055E+36  1.1203E+42
  2.3710E+01  1.5135E+43  1.4227E+43  5.2043E+36  9.0864E+41
  2.5120E+01  1.4420E+43  1.3685E+43  3.9323E+36  7.3479E+41
  2.6610E+01  1.3701E+43  1.3107E+43  2.9539E+36  5.9383E+41
  2.8180E+01  1.2937E+43  1.2457E+43  2.2100E+36  4.7994E+41
  2.9850E+01  1.2084E+43  1.1697E+43  1.6389E+36  3.8717E+41
  3.1620E+01  1.1132E+43  1.0820E+43  1.1989E+36  3.1199E+41
  3.3500E+01  1.0090E+43  9.8391E+42  8.6391E+35  2.5106E+41
  3.5480E+01  8.9944E+42  8.7923E+42  6.1285E+35  2.0210E+41
  3.7580E+01  7.8765E+42  7.7139E+42  4.2737E+35  1.6253E+41
  3.9810E+01  6.7693E+42  6.6387E+42  2.9285E+35  1.3054E+41
  4.2170E+01  5.7211E+42  5.6163E+42  1.9731E+35  1.0479E+41
  4.4670E+01  4.7607E+42  4.6766E+42  1.3072E+35  8.4074E+40
  4.7320E+01  3.9068E+42  3.8394E+42  8.5335E+34  6.7400E+40
  5.0120E+01  3.1663E+42  3.1123E+42  5.4970E+34  5.4034E+40
  5.3090E+01  2.5358E+42  2.4925E+42  3.4970E+34  4.3282E+40
  5.6230E+01  2.0107E+42  1.9760E+42  2.2010E+34  3.4667E+40
  5.9570E+01  1.5784E+42  1.5506E+42  1.3706E+34  2.7728E+40
  6.3100E+01  1.2293E+42  1.2072E+42  8.4657E+33  2.2180E+40
  6.6830E+01  9.5082E+41  9.3308E+41  5.1910E+33  1.7744E+40
  7.0790E+01  7.3060E+41  7.1641E+41  3.1613E+33  1.4183E+40
  7.4990E+01  5.5797E+41  5.4664E+41  1.9134E+33  1.1329E+40
  7.9430E+01  4.2407E+41  4.1502E+41  1.1525E+33  9.0505E+39
  8.4140E+01  3.2079E+41  3.1356E+41  6.9083E+32  7.2256E+39
  8.9130E+01  2.4182E+41  2.3605E+41  4.1271E+32  5.7665E+39
  9.4410E+01  1.8169E+41  1.7709E+41  2.4577E+32  4.6021E+39
  1.0000E+02  1.3608E+41  1.3241E+41  1.4591E+32  3.6722E+39
  1.0590E+02  1.0175E+41  9.8820E+40  8.6505E+31  2.9317E+39
  1.1220E+02  7.5916E+40  7.3581E+40  5.1160E+31  2.3358E+39
  1.1890E+02  5.6660E+40  5.4801E+40  3.0274E+31  1.8590E+39
  1.2590E+02  4.2523E+40  4.1039E+40  1.8021E+31  1.4838E+39
  1.3340E+02  3.1993E+40  3.0812E+40  1.0771E+31  1.1811E+39
  1.4130E+02  2.3871E+40  2.2930E+40  6.4084E+30  9.4117E+38
  1.4960E+02  1.7436E+40  1.6685E+40  3.7300E+30  7.5121E+38
  1.5850E+02  1.2641E+40  1.2043E+40  2.1496E+30  5.9781E+38
  1.7780E+02  6.7067E+39  6.3273E+39  7.2014E+29  3.7942E+38
  1.9950E+02  3.5682E+39  3.3278E+39  2.4225E+29  2.4043E+38
  2.2390E+02  1.8967E+39  1.7446E+39  8.1588E+28  1.5216E+38
  2.5120E+02  1.0086E+39  9.1226E+38  2.7539E+28  9.6376E+37
  2.8180E+02  5.3638E+38  4.7533E+38  9.3154E+27  6.1043E+37
  3.1620E+02  2.8522E+38  2.4661E+38  3.1575E+27  3.8617E+37
  3.5480E+02  1.5197E+38  1.2755E+38  1.0744E+27  2.4421E+37
  3.9810E+02  8.1215E+37  6.5774E+37  3.6765E+26  1.5442E+37
  4.4670E+02  4.3586E+37  3.3825E+37  1.2662E+26  9.7603E+36
  5.0120E+02  2.3528E+37  1.7358E+37  4.3962E+25  6.1695E+36
  5.6230E+02  1.2793E+37  8.8923E+36  1.5402E+25  3.9003E+36
  6.3100E+02  7.0054E+36  4.5424E+36  5.4449E+24  2.4629E+36
  7.0790E+02  3.8756E+36  2.3188E+36  1.9471E+24  1.5568E+36
  7.9430E+02  2.1642E+36  1.1809E+36  7.0328E+23  9.8325E+35
  8.9130E+02  1.2211E+36  6.0038E+35  2.5671E+23  6.2077E+35
  1.0000E+03  6.9711E+35  3.0497E+35  9.4764E+22  3.9214E+35
