  1.0000E-03  9.9237E+44  0.0000E+00  1.1575E+44  8.7662E+44
  1.1220E-03  1.1124E+45  0.0000E+00  1.2886E+44  9.8357E+44
  1.2590E-03  1.2416E+45  0.0000E+00  1.3797E+44  1.1037E+45
  1.4130E-03  1.3825E+45  0.0000E+00  1.4380E+44  1.2387E+45
  1.5850E-03  1.5408E+45  0.0000E+00  1.5134E+44  1.3894E+45
  1.7780E-03  1.7511E+45  0.0000E+00  1.9248E+44  1.5586E+45
  1.9950E-03  1.9550E+45  0.0000E+00  2.0617E+44  1.7488E+45
  2.2390E-03  2.1699E+45  0.0000E+00  2.0720E+44  1.9627E+45
  2.5120E-03  2.4836E+45  0.0000E+00  2.8161E+44  2.2020E+45
  2.8180E-03  2.7724E+45  0.0000E+00  3.0214E+44  2.4702E+45
  3.1620E-03  3.0881E+45  0.0000E+00  3.1627E+44  2.7718E+45
  3.5480E-03  3.4371E+45  0.0000E+00  3.2676E+44  3.1103E+45
  3.9810E-03  3.8235E+45  0.0000E+00  3.3366E+44  3.4898E+45
  4.4670E-03  4.4722E+45  0.0000E+00  5.5633E+44  3.9158E+45
  5.0120E-03  5.0385E+45  0.0000E+00  6.4494E+44  4.3936E+45
  5.6230E-03  5.6636E+45  0.0000E+00  7.3434E+44  4.9292E+45
  5.9570E-03  6.0006E+45  0.0000E+00  7.7861E+44  5.2220E+45
  6.6830E-03  6.7241E+45  0.0000E+00  8.6560E+44  5.8585E+45
  7.4990E-03  7.5400E+45  0.0000E+00  9.6620E+44  6.5738E+45
  8.4140E-03  8.4373E+45  0.0000E+00  1.0615E+45  7.3758E+45
  9.4410E-03  9.4297E+45  0.0000E+00  1.1536E+45  8.2761E+45
  1.0590E-02  1.0508E+46  0.0000E+00  1.2245E+45  9.2833E+45
  1.1890E-02  1.1819E+46  0.0000E+00  1.3962E+45  1.0423E+46
  1.3340E-02  1.3206E+46  0.0000E+00  1.5121E+45  1.1694E+46
  1.4960E-02  1.4768E+46  0.0000E+00  1.6540E+45  1.3114E+46
  1.6790E-02  1.6511E+46  0.0000E+00  1.7922E+45  1.4718E+46
  1.8840E-02  1.8445E+46  0.0000E+00  1.9301E+45  1.6515E+46
  2.1130E-02  2.0640E+46  0.0000E+00  2.1162E+45  1.8524E+46
  2.3710E-02  2.3087E+46  0.0000E+00  2.3020E+45  2.0785E+46
  2.6610E-02  2.5821E+46  0.0000E+00  2.4943E+45  2.3326E+46
  2.9850E-02  2.8860E+46  4.0908E-83  2.6938E+45  2.6166E+46
  3.3500E-02  3.2264E+46  2.6600E-68  2.8975E+45  2.9367E+46
  3.7580E-02  3.6077E+46  3.3433E-55  3.1348E+45  3.2942E+46
  4.2170E-02  4.0773E+46  1.4732E-43  3.8059E+45  3.6967E+46
  4.7320E-02  4.5642E+46  4.0397E-33  4.1602E+45  4.1482E+46
  5.3090E-02  4.7375E+46  7.5599E-24  4.1630E+45  4.3212E+46
  6.6830E-02  4.4700E+46  3.0515E-08  3.4318E+45  4.1268E+46
  7.4990E-02  4.3286E+46  1.0766E-01  2.9578E+45  4.0328E+46
  8.4140E-02  4.2309E+46  5.5668E+04  2.8993E+45  3.9410E+46
  9.4410E-02  4.1412E+46  6.6138E+09  2.8998E+45  3.8513E+46
  1.0590E-01  3.8016E+46  1.7828E+14  2.9603E+45  3.5055E+46
  1.1890E-01  3.2085E+46  1.2378E+18  2.6173E+45  2.9467E+46
  1.3340E-01  2.7083E+46  2.3213E+21  2.2878E+45  2.4795E+46
  1.4960E-01  2.2673E+46  2.5204E+24  1.7948E+45  2.0878E+46
  1.5850E-01  2.0756E+46  7.3765E+25  1.6105E+45  1.9145E+46
  1.7780E-01  1.7536E+46  3.9395E+28  1.4216E+45  1.6114E+46
  1.9950E-01  1.4681E+46  1.2635E+31  1.1232E+45  1.3558E+46
  2.2390E-01  1.2362E+46  1.6349E+33  9.5900E+44  1.1403E+46
  2.3710E-01  1.1475E+46  1.0507E+34  1.0107E+45  1.0464E+46
  2.5120E-01  1.0611E+46  5.7496E+34  1.0154E+45  9.5958E+45
  2.6610E-01  9.7682E+45  2.9841E+35  9.6702E+44  8.8012E+45
  2.8180E-01  8.9741E+45  1.4350E+36  8.9801E+44  8.0761E+45
  2.9850E-01  8.2377E+45  6.3219E+36  8.2984E+44  7.4079E+45
  3.1620E-01  7.5647E+45  2.5089E+37  7.7006E+44  6.7947E+45
  3.3500E-01  6.9451E+45  9.1087E+37  7.1432E+44  6.2308E+45
  3.5480E-01  6.3777E+45  3.0346E+38  6.6118E+44  5.7165E+45
  3.7580E-01  5.8557E+45  9.3638E+38  6.1158E+44  5.2442E+45
  3.9810E-01  5.3761E+45  2.6634E+39  5.6640E+44  4.8097E+45
  4.2170E-01  4.9364E+45  6.9622E+39  5.2479E+44  4.4116E+45
  4.4670E-01  4.5343E+45  1.6877E+40  4.8767E+44  4.0466E+45
  4.7320E-01  4.1640E+45  3.8506E+40  4.5247E+44  3.7115E+45
  5.0120E-01  3.8237E+45  8.2939E+40  4.1886E+44  3.4048E+45
  5.3090E-01  3.5103E+45  1.6954E+41  3.8690E+44  3.1232E+45
  5.6230E-01  3.2230E+45  3.2866E+41  3.5759E+44  2.8651E+45
  5.9570E-01  2.9584E+45  6.0836E+41  3.3019E+44  2.6276E+45
  6.3100E-01  2.7158E+45  1.0743E+42  3.0443E+44  2.4103E+45
  6.6830E-01  2.4933E+45  1.8135E+42  2.8006E+44  2.2114E+45
  7.0790E-01  2.2889E+45  2.9386E+42  2.5750E+44  2.0284E+45
  7.4990E-01  2.1015E+45  4.5815E+42  2.3641E+44  1.8605E+45
  7.9430E-01  1.9299E+45  6.8807E+42  2.1645E+44  1.7066E+45
  8.4140E-01  1.7730E+45  1.0000E+43  1.9765E+44  1.5653E+45
  8.9130E-01  1.6296E+45  1.4099E+43  1.7981E+44  1.4357E+45
  9.4410E-01  1.4995E+45  1.9313E+43  1.6322E+44  1.3170E+45
  1.0000E+00  1.3817E+45  2.5778E+43  1.4780E+44  1.2081E+45
  1.0590E+00  1.2758E+45  3.3576E+43  1.3368E+44  1.1086E+45
  1.1220E+00  1.1800E+45  4.2949E+43  1.2052E+44  1.0165E+45
  1.1890E+00  1.0940E+45  5.4003E+43  1.0819E+44  9.3183E+44
  1.2590E+00  1.0183E+45  6.6442E+43  9.6626E+43  8.5520E+44
  1.3340E+00  9.5074E+44  8.0584E+43  8.6051E+43  7.8411E+44
  1.4130E+00  8.9190E+44  9.5936E+43  7.6698E+43  7.1927E+44
  1.4960E+00  8.4089E+44  1.1232E+44  6.8320E+43  6.6026E+44
  1.5850E+00  7.9616E+44  1.3011E+44  6.0621E+43  6.0543E+44
  1.6790E+00  7.5717E+44  1.4837E+44  5.3498E+43  5.5530E+44
  1.7780E+00  7.2282E+44  1.6644E+44  4.6814E+43  5.0957E+44
  1.8840E+00  6.9225E+44  1.8455E+44  4.0516E+43  4.6719E+44
  1.9950E+00  6.6489E+44  2.0151E+44  3.4638E+43  4.2875E+44
  2.1130E+00  6.3984E+44  2.1729E+44  2.9223E+43  3.9333E+44
  2.2390E+00  6.1627E+44  2.3134E+44  2.4324E+43  3.6061E+44
  2.3710E+00  5.9365E+44  2.4276E+44  1.9978E+43  3.3092E+44
  2.5120E+00  5.7153E+44  2.5187E+44  1.6215E+43  3.0344E+44
  2.6610E+00  5.4938E+44  2.5804E+44  1.3012E+43  2.7832E+44
  2.8180E+00  5.2658E+44  2.6087E+44  1.0326E+43  2.5538E+44
  2.9850E+00  5.0313E+44  2.6075E+44  8.1131E+42  2.3426E+44
  3.1620E+00  4.7873E+44  2.5755E+44  6.3127E+42  2.1487E+44
  3.3500E+00  4.5430E+44  2.5239E+44  4.8742E+42  1.9704E+44
  3.5480E+00  4.2860E+44  2.4410E+44  3.7285E+42  1.8078E+44
  3.7580E+00  4.0259E+44  2.3392E+44  2.8294E+42  1.6583E+44
  3.9810E+00  3.7643E+44  2.2220E+44  2.1312E+42  1.5210E+44
  4.2170E+00  3.5028E+44  2.0918E+44  1.5938E+42  1.3951E+44
  4.4670E+00  3.2442E+44  1.9527E+44  1.1836E+42  1.2796E+44
  4.7320E+00  2.9941E+44  1.8117E+44  8.7350E+41  1.1737E+44
  5.0120E+00  2.7578E+44  1.6723E+44  6.4185E+41  1.0791E+44
  5.3090E+00  2.5011E+44  1.5362E+44  4.6353E+41  9.6024E+43
  5.6230E+00  2.2588E+44  1.4074E+44  3.3240E+41  8.4805E+43
  5.9570E+00  2.0340E+44  1.2884E+44  2.3701E+41  7.4316E+43
  6.3100E+00  1.8171E+44  1.1683E+44  1.6721E+41  6.4710E+43
  6.6830E+00  1.6281E+44  1.0668E+44  1.1782E+41  5.6014E+43
  7.0790E+00  1.4477E+44  9.6493E+43  8.1846E+40  4.8190E+43
  7.4990E+00  1.3520E+44  9.3915E+43  5.8624E+40  4.1229E+43
  7.9430E+00  1.5806E+44  1.2290E+44  5.1034E+40  3.5109E+43
  8.4140E+00  2.1303E+44  1.8322E+44  5.2517E+40  2.9752E+43
  8.9130E+00  2.5735E+44  2.3220E+44  5.1815E+40  2.5104E+43
  9.4410E+00  2.8828E+44  2.6713E+44  5.2936E+40  2.1101E+43
  1.0000E+01  2.3686E+44  2.1915E+44  3.8930E+40  1.7671E+43
  1.0590E+01  1.8270E+44  1.6791E+44  2.6500E+40  1.4758E+43
  1.1220E+01  1.3343E+44  1.2115E+44  1.6028E+40  1.2267E+43
  1.1890E+01  9.9130E+43  8.8961E+43  9.7431E+39  1.0159E+43
  1.2590E+01  7.4012E+43  6.5594E+43  5.7912E+39  8.4119E+42
  1.3340E+01  5.6411E+43  4.9475E+43  3.4335E+39  6.9319E+42
  1.4130E+01  4.6078E+43  4.0371E+43  2.1141E+39  5.7050E+42
  1.4960E+01  4.3580E+43  3.8887E+43  1.5155E+39  4.6919E+42
  1.5850E+01  4.2776E+43  3.8933E+43  1.1695E+39  3.8414E+42
  1.6790E+01  4.2186E+43  3.9044E+43  9.4234E+38  3.1409E+42
  1.7780E+01  4.0479E+43  3.7912E+43  7.6591E+38  2.5663E+42
  1.8840E+01  3.6936E+43  3.4847E+43  6.0114E+38  2.0888E+42
  1.9950E+01  3.2240E+43  3.0538E+43  4.4346E+38  1.7013E+42
  2.1130E+01  2.8173E+43  2.6790E+43  3.1761E+38  1.3827E+42
  2.2390E+01  2.5084E+43  2.3964E+43  2.3011E+38  1.1203E+42
  2.3710E+01  2.2696E+43  2.1787E+43  1.6813E+38  9.0864E+41
  2.5120E+01  2.0749E+43  2.0014E+43  1.2405E+38  7.3479E+41
  2.6610E+01  1.9076E+43  1.8482E+43  9.1620E+37  5.9383E+41
  2.8180E+01  1.7574E+43  1.7094E+43  6.7837E+37  4.7994E+41
  2.9850E+01  1.6130E+43  1.5743E+43  5.0071E+37  3.8717E+41
  3.1620E+01  1.4686E+43  1.4374E+43  3.6623E+37  3.1199E+41
  3.3500E+01  1.3223E+43  1.2972E+43  2.6483E+37  2.5106E+41
  3.5480E+01  1.1754E+43  1.1552E+43  1.8908E+37  2.0210E+41
  3.7580E+01  1.0294E+43  1.0132E+43  1.3296E+37  1.6253E+41
  3.9810E+01  8.8663E+42  8.7357E+42  9.1999E+36  1.3054E+41
  4.2170E+01  7.5216E+42  7.4168E+42  6.2646E+36  1.0479E+41
  4.4670E+01  6.2901E+42  6.2060E+42  4.1969E+36  8.4074E+40
  4.7320E+01  5.1920E+42  5.1246E+42  2.7712E+36  6.7400E+40
  5.0120E+01  4.2348E+42  4.1807E+42  1.8056E+36  5.4034E+40
  5.3090E+01  3.4144E+42  3.3712E+42  1.1618E+36  4.3282E+40
  5.6230E+01  2.7262E+42  2.6915E+42  7.3935E+35  3.4667E+40
  5.9570E+01  2.1551E+42  2.1274E+42  4.6541E+35  2.7728E+40
  6.3100E+01  1.6903E+42  1.6681E+42  2.9044E+35  2.2180E+40
  6.6830E+01  1.3162E+42  1.2985E+42  1.7985E+35  1.7744E+40
  7.0790E+01  1.0181E+42  1.0039E+42  1.1055E+35  1.4183E+40
  7.4990E+01  7.8255E+41  7.7122E+41  6.7505E+34  1.1329E+40
  7.9430E+01  5.9841E+41  5.8936E+41  4.0999E+34  9.0505E+39
  8.4140E+01  4.5532E+41  4.4809E+41  2.4764E+34  7.2256E+39
  8.9130E+01  3.4513E+41  3.3937E+41  1.4900E+34  5.7665E+39
  9.4410E+01  2.6067E+41  2.5607E+41  8.9311E+33  4.6021E+39
  1.0000E+02  1.9619E+41  1.9251E+41  5.3338E+33  3.6722E+39
  1.0590E+02  1.4735E+41  1.4442E+41  3.1793E+33  2.9317E+39
  1.1220E+02  1.1040E+41  1.0807E+41  1.8895E+33  2.3358E+39
  1.1890E+02  8.2725E+40  8.0866E+40  1.1231E+33  1.8590E+39
  1.2590E+02  6.2308E+40  6.0824E+40  6.7116E+32  1.4838E+39
  1.3340E+02  4.7040E+40  4.5859E+40  4.0261E+32  1.1811E+39
  1.4130E+02  3.5202E+40  3.4261E+40  2.4023E+32  9.4117E+38
  1.4960E+02  2.5770E+40  2.5019E+40  1.4005E+32  7.5121E+38
  1.5850E+02  1.8718E+40  1.8120E+40  8.0792E+31  5.9781E+38
  1.7780E+02  9.9595E+39  9.5801E+39  2.7076E+31  3.7942E+38
  1.9950E+02  5.3071E+39  5.0667E+39  9.0905E+30  2.4043E+38
  2.2390E+02  2.8215E+39  2.6693E+39  3.0478E+30  1.5216E+38
  2.5120E+02  1.4982E+39  1.4019E+39  1.0212E+30  9.6376E+37
  2.8180E+02  7.9426E+38  7.3322E+38  3.4182E+29  6.1043E+37
  3.1620E+02  4.2029E+38  3.8168E+38  1.1427E+29  3.8617E+37
  3.5480E+02  2.2241E+38  1.9799E+38  3.8215E+28  2.4421E+37
  3.9810E+02  1.1781E+38  1.0237E+38  1.2804E+28  1.5442E+37
  4.4670E+02  6.2524E+37  5.2764E+37  4.3011E+27  9.7603E+36
  5.0120E+02  3.3301E+37  2.7132E+37  1.4510E+27  6.1695E+36
  5.6230E+02  1.7824E+37  1.3924E+37  4.9217E+26  3.9003E+36
  6.3100E+02  9.5868E+36  7.1239E+36  1.6792E+26  2.4629E+36
  7.0790E+02  5.1984E+36  3.6416E+36  5.7797E+25  1.5568E+36
  7.9430E+02  2.8402E+36  1.8569E+36  2.0056E+25  9.8325E+35
  8.9130E+02  1.5658E+36  9.4506E+35  7.0265E+24  6.2077E+35
  1.0000E+03  8.7266E+35  4.8053E+35  2.4897E+24  3.9214E+35
