  1.0000E-03  3.6666E+41  2.4909E+04  2.4675E+41  1.1991E+41
  1.1220E-03  9.0616E+40  1.9356E+04  7.6456E+40  1.4160E+40
  1.2590E-03  2.7689E+40  1.4860E+04  2.6241E+40  1.4487E+39
  1.4130E-03  9.5547E+39  1.2301E+04  9.4214E+39  1.3326E+38
  1.5850E-03  4.2071E+39  1.0126E+04  4.1894E+39  1.7764E+37
  1.7780E-03  4.3819E+39  9.4757E+03  4.3724E+39  9.4615E+36
  1.9950E-03  1.0672E+39  6.8518E+03  1.0670E+39  1.6414E+35
  2.2390E-03  3.2812E+38  5.4024E+03  3.2811E+38  7.5284E+33
  2.5120E-03  3.1740E+38  4.8040E+03  3.1740E+38  2.0372E+33
  2.8180E-03  5.1880E+37  3.2001E+03  5.1880E+37  6.0346E+30
  3.1620E-03  1.0429E+37  2.2342E+03  1.0429E+37  3.2830E+28
  3.5480E-03  2.3573E+36  1.6016E+03  2.3573E+36  2.4388E+26
  3.9810E-03  6.1675E+35  1.1888E+03  6.1675E+35  2.8765E+24
  4.4670E-03  4.7127E+38  2.2876E+01  4.7127E+38  2.6091E+32
  5.0120E-03  7.4238E+37  7.6862E+00  7.4238E+37  4.7897E+29
  5.6230E-03  1.2371E+37  2.7091E+00  1.2371E+37  9.2725E+26
  5.9570E-03  5.3087E+36  1.6728E+00  5.3087E+36  4.6860E+25
  6.6830E-03  1.1881E+36  7.0664E-01  1.1881E+36  2.2802E+23
  7.4990E-03  3.7128E+35  3.6094E-01  3.7128E+35  3.3971E+21
  8.4140E-03  9.3884E+34  1.6393E-01  9.3884E+34  2.2889E+19
  9.4410E-03  3.0595E+34  8.5682E-02  3.0595E+34  4.1560E+17
  1.0590E-02  1.6767E+34  6.4708E-02  1.6767E+34  6.6632E+16
  1.1890E-02  5.3505E+33  3.1561E-02  5.3505E+33  7.1869E+14
  1.3340E-02  2.0711E+33  1.2069E-02  2.0711E+33  2.4196E+13
  1.4960E-02  6.5054E+32  6.0438E-03  6.5054E+32  3.2650E+11
  1.6790E-02  2.2169E+32  3.2256E-03  2.2169E+32  6.5194E+09
  1.8840E-02  8.4832E+31  1.8671E-03  8.4832E+31  2.1562E+08
  2.1130E-02  3.0221E+31  1.0090E-03  3.0221E+31  4.5876E+06
  2.3710E-02  1.0163E+31  5.3233E-04  1.0163E+31  8.3268E+04
  2.6610E-02  3.0749E+30  2.6529E-04  3.0749E+30  1.0426E+03
  2.9850E-02  9.3642E+29  1.3384E-04  9.3642E+29  1.3950E+01
  3.3500E-02  2.7679E+29  6.6820E-05  2.7679E+29  1.7331E-01
  3.7580E-02  2.1173E+29  5.5471E-05  2.1173E+29  5.8824E-02
  4.2170E-02  7.7762E+28  2.7493E-05  7.7762E+28  6.9201E-04
  4.7320E-02  4.1872E+27  2.2055E+01  4.1872E+27  1.7303E-08
  5.3090E-02  1.1757E+26  1.1057E+01  1.1757E+26  4.9459E-14
  6.6830E-02  1.0327E+20  7.4551E-01  1.0327E+20  5.3635E-36
  7.4990E-02  1.3061E+16  1.3595E-01  1.3061E+16  4.9976E-50
  8.4140E-02  1.1256E+17  2.0612E-01  1.1256E+17  1.4865E-46
  9.4410E-02  5.3962E+17  2.7489E-01  5.3962E+17  3.8251E-44
  1.0590E-01  3.0398E+20  8.9750E-01  3.0398E+20  2.2126E-34
  1.1890E-01  3.4092E+23  3.4687E+00  3.4092E+23  2.4704E-23
  1.3340E-01  5.8870E+25  9.2942E+00  5.8870E+25  2.4100E-15
  1.4960E-01  1.4541E+27  1.7572E+01  1.4541E+27  3.2186E-10
  1.5850E-01  2.4625E+27  1.9755E+01  2.4625E+27  2.6420E-09
  1.7780E-01  6.9189E+26  1.6367E+01  6.9189E+26  5.8880E-11
  1.9950E-01  9.8131E+23  5.2557E+00  9.8131E+23  2.3922E-20
  2.2390E-01  1.9136E+22  2.6628E+00  1.9136E+22  4.5611E-26
  2.3710E-01  1.7469E+24  6.2390E+00  1.7469E+24  3.4736E-19
  2.5120E-01  1.7787E+26  1.5182E+01  1.7787E+26  5.2168E-12
  2.6610E-01  3.8159E+27  2.8041E+01  3.8159E+27  3.7281E-07
  2.8180E-01  3.3023E+28  4.3976E+01  3.3023E+28  1.1791E-03
  2.9850E-01  1.7741E+29  6.1959E+01  1.7741E+29  6.7393E-01
  3.1620E-01  8.0119E+29  8.5062E+01  8.0119E+29  1.9870E+02
  3.3500E-01  3.1731E+30  1.0768E+02  3.1731E+30  3.6362E+04
  3.5480E-01  1.0758E+31  1.3796E+02  1.0758E+31  3.8381E+06
  3.7580E-01  3.5443E+31  2.5306E+02  3.5443E+31  3.7500E+08
  3.9810E-01  1.0530E+32  1.6809E+04  1.0530E+32  2.4311E+10
  4.2170E-01  3.3952E+32  4.4792E+06  3.3952E+32  2.1618E+12
  4.4670E-01  1.0568E+33  9.4421E+08  1.0568E+33  1.6206E+14
  4.7320E-01  3.1926E+33  1.6778E+11  3.1926E+33  1.0887E+16
  5.0120E-01  9.2362E+33  2.4034E+13  9.2362E+33  6.2573E+17
  5.3090E-01  2.6824E+34  3.3324E+15  2.6824E+34  3.6680E+19
  5.6230E-01  7.1717E+34  3.1012E+17  7.1717E+34  1.5290E+21
  5.9570E-01  1.8245E+35  2.2319E+19  1.8245E+35  5.1788E+22
  6.3100E-01  4.5652E+35  1.4027E+21  4.5652E+35  1.6102E+24
  6.6830E-01  1.1211E+36  7.6615E+22  1.1211E+36  4.5654E+25
  7.0790E-01  2.6958E+36  3.5045E+24  2.6958E+36  1.1334E+27
  7.4990E-01  6.1716E+36  1.2206E+26  6.1716E+36  2.2395E+28
  7.9430E-01  1.3835E+37  3.5992E+27  1.3835E+37  3.9075E+29
  8.4140E-01  3.0550E+37  9.2241E+28  3.0550E+37  6.1516E+30
  8.9130E-01  6.8463E+37  2.2727E+30  6.8463E+37  9.6278E+31
  9.4410E-01  1.4955E+38  4.7048E+31  1.4955E+38  1.3103E+33
  1.0000E+00  3.0929E+38  7.5378E+32  3.0927E+38  1.4273E+34
  1.0590E+00  6.1158E+38  9.6343E+33  6.1144E+38  1.2808E+35
  1.1220E+00  1.1686E+39  1.0334E+35  1.1675E+39  9.8855E+35
  1.1890E+00  2.1695E+39  9.5360E+35  2.1618E+39  6.7199E+36
  1.2590E+00  3.9738E+39  7.8203E+36  3.9243E+39  4.1719E+37
  1.3340E+00  7.1728E+39  5.3613E+37  6.8980E+39  2.2118E+38
  1.4130E+00  1.2993E+40  2.9555E+38  1.1729E+40  9.6864E+38
  1.4960E+00  2.4725E+40  1.3625E+39  1.9730E+40  3.6331E+39
  1.5850E+00  5.1128E+40  5.4662E+39  3.3606E+40  1.2056E+40
  1.6790E+00  1.1445E+41  1.9446E+40  5.8797E+40  3.6210E+40
  1.7780E+00  2.6552E+41  6.1640E+40  1.0493E+41  9.8953E+40
  1.8840E+00  6.0589E+41  1.7429E+41  1.8645E+41  2.4515E+41
  1.9950E+00  1.3103E+42  4.3865E+41  3.2055E+41  5.5108E+41
  2.1130E+00  2.6291E+42  9.8526E+41  5.2046E+41  1.1234E+42
  2.2390E+00  4.8554E+42  1.9833E+42  7.8669E+41  2.0854E+42
  2.3710E+00  8.2468E+42  3.5989E+42  1.0999E+42  3.5480E+42
  2.5120E+00  1.2933E+43  5.9444E+42  1.4241E+42  5.5647E+42
  2.6610E+00  1.8877E+43  9.0275E+42  1.7174E+42  8.1322E+42
  2.8180E+00  2.5874E+43  1.2742E+43  1.9440E+42  1.1188E+43
  2.9850E+00  3.3542E+43  1.6875E+43  2.0793E+42  1.4587E+43
  3.1620E+00  4.1479E+43  2.1166E+43  2.1192E+42  1.8194E+43
  3.3500E+00  4.9050E+43  2.5268E+43  2.0615E+42  2.1720E+43
  3.5480E+00  5.6147E+43  2.9031E+43  1.9387E+42  2.5177E+43
  3.7580E+00  6.2311E+43  3.2209E+43  1.7636E+42  2.8338E+43
  3.9810E+00  6.7315E+43  3.4657E+43  1.5582E+42  3.1100E+43
  4.2170E+00  7.1077E+43  3.6322E+43  1.3426E+42  3.3412E+43
  4.4670E+00  7.3584E+43  3.7207E+43  1.1313E+42  3.5246E+43
  4.7320E+00  7.4764E+43  3.7297E+43  9.3224E+41  3.6534E+43
  5.0120E+00  7.4807E+43  3.6677E+43  7.5391E+41  3.7376E+43
  5.3090E+00  7.2486E+43  3.5409E+43  5.8919E+41  3.6488E+43
  5.6230E+00  6.8964E+43  3.3625E+43  4.5026E+41  3.4889E+43
  5.9570E+00  6.4477E+43  3.1455E+43  3.3673E+41  3.2685E+43
  6.3100E+00  5.9498E+43  2.9019E+43  2.4765E+41  3.0231E+43
  6.6830E+00  5.4462E+43  2.6764E+43  1.7969E+41  2.7519E+43
  7.0790E+00  4.9346E+43  2.4422E+43  1.2811E+41  2.4796E+43
  7.4990E+00  4.2077E+43  2.1164E+43  8.3708E+40  2.0830E+43
  7.9430E+00  2.7569E+43  1.4666E+43  3.9652E+40  1.2864E+43
  8.4140E+00  1.3032E+43  7.6618E+42  1.3914E+40  5.3563E+42
  8.9130E+00  6.2518E+42  4.0683E+42  5.5153E+39  2.1780E+42
  9.4410E+00  3.2236E+42  2.3192E+42  2.6814E+39  9.0171E+41
  1.0000E+01  3.8926E+42  2.8397E+42  2.8030E+39  1.0501E+42
  1.0590E+01  5.1931E+42  3.7770E+42  3.2054E+39  1.4129E+42
  1.1220E+01  7.0627E+42  5.0658E+42  3.5682E+39  1.9934E+42
  1.1890E+01  8.3947E+42  5.9628E+42  3.4804E+39  2.4284E+42
  1.2590E+01  9.3289E+42  6.5701E+42  3.1122E+39  2.7557E+42
  1.3340E+01  9.6075E+42  6.7383E+42  2.5240E+39  2.8666E+42
  1.4130E+01  9.1620E+42  6.4990E+42  1.8228E+39  2.6611E+42
  1.4960E+01  8.0162E+42  5.9559E+42  1.1871E+39  2.0592E+42
  1.5850E+01  6.9287E+42  5.4248E+42  7.8404E+38  1.5031E+42
  1.6790E+01  6.0422E+42  4.9623E+42  5.3970E+38  1.0794E+42
  1.7780E+01  5.4249E+42  4.6180E+42  3.9722E+38  8.0655E+41
  1.8840E+01  5.0571E+42  4.3989E+42  3.1174E+38  6.5789E+41
  1.9950E+01  4.8357E+42  4.2461E+42  2.5077E+38  5.8932E+41
  2.1130E+01  4.5888E+42  4.0564E+42  1.9525E+38  5.3221E+41
  2.2390E+01  4.2877E+42  3.8177E+42  1.4859E+38  4.6988E+41
  2.3710E+01  3.9621E+42  3.5522E+42  1.1109E+38  4.0985E+41
  2.5120E+01  3.6142E+42  3.2616E+42  8.1984E+37  3.5247E+41
  2.6610E+01  3.2597E+42  2.9586E+42  5.9625E+37  3.0097E+41
  2.8180E+01  2.9066E+42  2.6512E+42  4.2932E+37  2.5533E+41
  2.9850E+01  2.5581E+42  2.3429E+42  3.0555E+37  2.1521E+41
  3.1620E+01  2.2216E+42  2.0408E+42  2.1461E+37  1.8075E+41
  3.3500E+01  1.9023E+42  1.7510E+42  1.4873E+37  1.5126E+41
  3.5480E+01  1.6077E+42  1.4814E+42  1.0182E+37  1.2635E+41
  3.7580E+01  1.3399E+42  1.2346E+42  6.8777E+36  1.0534E+41
  3.9810E+01  1.1004E+42  1.0126E+42  4.5857E+36  8.7766E+40
  4.2170E+01  8.9200E+41  8.1898E+41  3.0173E+36  7.3022E+40
  4.4670E+01  7.1424E+41  6.5361E+41  1.9579E+36  6.0634E+40
  4.7320E+01  5.6558E+41  5.1537E+41  1.2547E+36  5.0210E+40
  5.0120E+01  4.4356E+41  4.0207E+41  7.9510E+35  4.1490E+40
  5.3090E+01  3.4460E+41  3.1042E+41  4.9848E+35  3.4178E+40
  5.6230E+01  2.6571E+41  2.3763E+41  3.0968E+35  2.8084E+40
  5.9570E+01  2.0327E+41  1.8028E+41  1.9061E+35  2.2992E+40
  6.3100E+01  1.5465E+41  1.3587E+41  1.1654E+35  1.8782E+40
  6.6830E+01  1.1712E+41  1.0181E+41  7.0846E+34  1.5311E+40
  7.0790E+01  8.8309E+40  7.5864E+40  4.2833E+34  1.2445E+40
  7.4990E+01  6.6333E+40  5.6243E+40  2.5779E+34  1.0090E+40
  7.9430E+01  4.9709E+40  4.1541E+40  1.5470E+34  8.1682E+39
  8.4140E+01  3.7166E+40  3.0568E+40  9.2541E+33  6.5981E+39
  8.9130E+01  2.7758E+40  2.2437E+40  5.5276E+33  5.3204E+39
  9.4410E+01  2.0716E+40  1.6431E+40  3.2982E+33  4.2850E+39
  1.0000E+02  1.5453E+40  1.2006E+40  1.9663E+33  3.4469E+39
  1.0590E+02  1.1538E+40  8.7663E+39  1.1732E+33  2.7714E+39
  1.1220E+02  8.6123E+39  6.3905E+39  6.9939E+32  2.2218E+39
  1.1890E+02  6.4408E+39  4.6630E+39  4.1762E+32  1.7778E+39
  1.2590E+02  4.8497E+39  3.4241E+39  2.5104E+32  1.4256E+39
  1.3340E+02  3.6609E+39  2.5217E+39  1.5145E+32  1.1392E+39
  1.4130E+02  2.7554E+39  1.8442E+39  9.1449E+31  9.1117E+38
  1.4960E+02  2.0526E+39  1.3226E+39  5.4649E+31  7.3002E+38
  1.5850E+02  1.5245E+39  9.4160E+38  3.2478E+31  5.8293E+38
  1.7780E+02  8.5400E+38  4.8199E+38  1.1623E+31  3.7201E+38
  1.9950E+02  4.8424E+38  2.4751E+38  4.2089E+30  2.3673E+38
  2.2390E+02  2.7730E+38  1.2700E+38  1.5395E+30  1.5030E+38
  2.5120E+02  1.6059E+38  6.5152E+37  5.6934E+29  9.5441E+37
  2.8180E+02  9.3948E+37  3.3375E+37  2.1260E+29  6.0573E+37
  3.1620E+02  5.5435E+37  1.7055E+37  8.0019E+28  3.8381E+37
  3.5480E+02  3.3005E+37  8.7027E+36  3.0353E+28  2.4302E+37
  3.9810E+02  1.9817E+37  4.4345E+36  1.1603E+28  1.5382E+37
  4.4670E+02  1.1987E+37  2.2564E+36  4.4636E+27  9.7302E+36
  5.0120E+02  7.3014E+36  1.1471E+36  1.7275E+27  6.1543E+36
  5.6230E+02  4.4754E+36  5.8271E+35  6.7196E+26  3.8927E+36
  6.3100E+02  2.7546E+36  2.9545E+35  2.6228E+26  2.4591E+36
  7.0790E+02  1.7047E+36  1.4982E+35  1.0286E+26  1.5549E+36
  7.9430E+02  1.0581E+36  7.5856E+34  4.0425E+25  9.8228E+35
  8.9130E+02  6.5865E+35  3.8363E+34  1.5923E+25  6.2028E+35
  1.0000E+03  4.1129E+35  1.9397E+34  6.2892E+24  3.9189E+35
