  1.0000E-03  8.8466E+44  0.0000E+00  8.0398E+42  8.7662E+44
  1.1220E-03  9.9341E+44  0.0000E+00  9.8312E+42  9.8357E+44
  1.2590E-03  1.1152E+45  0.0000E+00  1.1495E+43  1.1037E+45
  1.4130E-03  1.2517E+45  0.0000E+00  1.2965E+43  1.2387E+45
  1.5850E-03  1.4038E+45  0.0000E+00  1.4411E+43  1.3894E+45
  1.7780E-03  1.5768E+45  0.0000E+00  1.8209E+43  1.5586E+45
  1.9950E-03  1.7699E+45  0.0000E+00  2.1066E+43  1.7488E+45
  2.2390E-03  1.9850E+45  0.0000E+00  2.2263E+43  1.9627E+45
  2.5120E-03  2.2319E+45  0.0000E+00  2.9858E+43  2.2020E+45
  2.8180E-03  2.5042E+45  0.0000E+00  3.3973E+43  2.4702E+45
  3.1620E-03  2.8089E+45  0.0000E+00  3.7054E+43  2.7718E+45
  3.5480E-03  3.1498E+45  0.0000E+00  3.9537E+43  3.1103E+45
  3.9810E-03  3.5313E+45  0.0000E+00  4.1471E+43  3.4898E+45
  4.4670E-03  3.9789E+45  0.0000E+00  6.3050E+43  3.9158E+45
  5.0120E-03  4.4687E+45  0.0000E+00  7.5136E+43  4.3936E+45
  5.6230E-03  5.0160E+45  0.0000E+00  8.6711E+43  4.9292E+45
  5.9570E-03  5.3143E+45  0.0000E+00  9.2246E+43  5.2220E+45
  6.6830E-03  5.9614E+45  0.0000E+00  1.0284E+44  5.8585E+45
  7.4990E-03  6.6882E+45  0.0000E+00  1.1438E+44  6.5738E+45
  8.4140E-03  7.5015E+45  0.0000E+00  1.2568E+44  7.3758E+45
  9.4410E-03  8.4125E+45  0.0000E+00  1.3635E+44  8.2761E+45
  1.0590E-02  9.4273E+45  0.0000E+00  1.4400E+44  9.2833E+45
  1.1890E-02  1.0587E+46  0.0000E+00  1.6361E+44  1.0423E+46
  1.3340E-02  1.1871E+46  0.0000E+00  1.7668E+44  1.1694E+46
  1.4960E-02  1.3307E+46  0.0000E+00  1.9281E+44  1.3114E+46
  1.6790E-02  1.4927E+46  0.0000E+00  2.0832E+44  1.4718E+46
  1.8840E-02  1.6739E+46  0.0000E+00  2.2344E+44  1.6515E+46
  2.1130E-02  1.8768E+46  0.0000E+00  2.4399E+44  1.8524E+46
  2.3710E-02  2.1049E+46  0.0000E+00  2.6432E+44  2.0785E+46
  2.6610E-02  2.3611E+46  0.0000E+00  2.8512E+44  2.3326E+46
  2.9850E-02  2.6473E+46  3.7863E-83  3.0630E+44  2.6166E+46
  3.3500E-02  2.9694E+46  2.4558E-68  3.2775E+44  2.9367E+46
  3.7580E-02  3.3299E+46  3.0835E-55  3.5635E+44  3.2942E+46
  4.2170E-02  3.7389E+46  1.3567E-43  4.2203E+44  3.6967E+46
  4.7320E-02  4.1931E+46  3.7075E-33  4.4925E+44  4.1482E+46
  5.3090E-02  4.3650E+46  6.9151E-24  4.3776E+44  4.3212E+46
  6.6830E-02  4.1603E+46  2.7682E-08  3.3441E+44  4.1268E+46
  7.4990E-02  4.0601E+46  9.7108E-02  2.7223E+44  4.0328E+46
  8.4140E-02  3.9682E+46  5.0294E+04  2.7199E+44  3.9410E+46
  9.4410E-02  3.8789E+46  5.9954E+09  2.7632E+44  3.8513E+46
  1.0590E-01  3.5351E+46  1.6342E+14  2.9603E+44  3.5055E+46
  1.1890E-01  2.9749E+46  1.1500E+18  2.8148E+44  2.9467E+46
  1.3340E-01  2.5057E+46  2.1681E+21  2.6170E+44  2.4795E+46
  1.4960E-01  2.1100E+46  2.3567E+24  2.2131E+44  2.0878E+46
  1.5850E-01  1.9348E+46  6.8977E+25  2.0323E+44  1.9145E+46
  1.7780E-01  1.6290E+46  3.6759E+28  1.7533E+44  1.6114E+46
  1.9950E-01  1.3686E+46  1.1723E+31  1.2798E+44  1.3558E+46
  2.2390E-01  1.1505E+46  1.5156E+33  1.0145E+44  1.1403E+46
  2.3710E-01  1.0572E+46  9.7829E+33  1.0804E+44  1.0464E+46
  2.5120E-01  9.7068E+45  5.3719E+34  1.1099E+44  9.5958E+45
  2.6610E-01  8.9089E+45  2.7940E+35  1.0772E+44  8.8012E+45
  2.8180E-01  8.1775E+45  1.3456E+36  1.0147E+44  8.0761E+45
  2.9850E-01  7.5026E+45  5.9346E+36  9.4760E+43  7.4079E+45
  3.1620E-01  6.8833E+45  2.3574E+37  8.8599E+43  6.7947E+45
  3.3500E-01  6.3135E+45  8.5661E+37  8.2676E+43  6.2308E+45
  3.5480E-01  5.7934E+45  2.8562E+38  7.6880E+43  5.7165E+45
  3.7580E-01  5.3155E+45  8.8199E+38  7.1323E+43  5.2442E+45
  3.9810E-01  4.8759E+45  2.5106E+39  6.6197E+43  4.8097E+45
  4.2170E-01  4.4730E+45  6.5677E+39  6.1370E+43  4.4116E+45
  4.4670E-01  4.1036E+45  1.5931E+40  5.7007E+43  4.0466E+45
  4.7320E-01  3.7643E+45  3.6370E+40  5.2823E+43  3.7115E+45
  5.0120E-01  3.4537E+45  7.8372E+40  4.8790E+43  3.4048E+45
  5.3090E-01  3.1682E+45  1.6024E+41  4.4898E+43  3.1232E+45
  5.6230E-01  2.9067E+45  3.1058E+41  4.1301E+43  2.8651E+45
  5.9570E-01  2.6660E+45  5.7459E+41  3.7909E+43  2.6276E+45
  6.3100E-01  2.4460E+45  1.0136E+42  3.4694E+43  2.4103E+45
  6.6830E-01  2.2447E+45  1.7081E+42  3.1626E+43  2.2114E+45
  7.0790E-01  2.0600E+45  2.7608E+42  2.8768E+43  2.0284E+45
  7.4990E-01  1.8909E+45  4.2894E+42  2.6100E+43  1.8605E+45
  7.9430E-01  1.7366E+45  6.4126E+42  2.3578E+43  1.7066E+45
  8.4140E-01  1.5958E+45  9.2656E+42  2.1198E+43  1.5653E+45
  8.9130E-01  1.4676E+45  1.2970E+43  1.8929E+43  1.4357E+45
  9.4410E-01  1.3514E+45  1.7614E+43  1.6813E+43  1.3170E+45
  1.0000E+00  1.2463E+45  2.3273E+43  1.4862E+43  1.2081E+45
  1.0590E+00  1.1516E+45  2.9965E+43  1.3089E+43  1.1086E+45
  1.1220E+00  1.0658E+45  3.7836E+43  1.1458E+43  1.0165E+45
  1.1890E+00  9.8869E+44  4.6905E+43  9.9554E+42  9.3183E+44
  1.2590E+00  9.2063E+44  5.6854E+43  8.5716E+42  8.5520E+44
  1.3340E+00  8.5931E+44  6.7871E+43  7.3335E+42  7.8411E+44
  1.4130E+00  8.0504E+44  7.9504E+43  6.2650E+42  7.1927E+44
  1.4960E+00  7.5718E+44  9.1589E+43  5.3372E+42  6.6026E+44
  1.5850E+00  7.1435E+44  1.0440E+44  4.5181E+42  6.0543E+44
  1.6790E+00  6.7631E+44  1.1721E+44  3.7952E+42  5.5530E+44
  1.7780E+00  6.4227E+44  1.2954E+44  3.1563E+42  5.0957E+44
  1.8840E+00  6.1139E+44  1.4161E+44  2.5939E+42  4.6719E+44
  1.9950E+00  5.8346E+44  1.5261E+44  2.1069E+42  4.2875E+44
  2.1130E+00  5.5760E+44  1.6258E+44  1.6909E+42  3.9333E+44
  2.2390E+00  5.3314E+44  1.7119E+44  1.3416E+42  3.6061E+44
  2.3710E+00  5.0985E+44  1.7788E+44  1.0536E+42  3.3092E+44
  2.5120E+00  4.8722E+44  1.8295E+44  8.2012E+41  3.0344E+44
  2.6610E+00  4.6497E+44  1.8601E+44  6.3348E+41  2.7832E+44
  2.8180E+00  4.4269E+44  1.8683E+44  4.8564E+41  2.5538E+44
  2.9850E+00  4.2034E+44  1.8571E+44  3.6987E+41  2.3426E+44
  3.1620E+00  3.9774E+44  1.8259E+44  2.7992E+41  2.1487E+44
  3.3500E+00  3.7553E+44  1.7828E+44  2.1092E+41  1.9704E+44
  3.5480E+00  3.5290E+44  1.7197E+44  1.5794E+41  1.8078E+44
  3.7580E+00  3.3045E+44  1.6450E+44  1.1767E+41  1.6583E+44
  3.9810E+00  3.0829E+44  1.5611E+44  8.7249E+40  1.5210E+44
  4.2170E+00  2.8651E+44  1.4694E+44  6.4392E+40  1.3951E+44
  4.4670E+00  2.6527E+44  1.3726E+44  4.7304E+40  1.2796E+44
  4.7320E+00  2.4493E+44  1.2753E+44  3.4605E+40  1.1737E+44
  5.0120E+00  2.2591E+44  1.1797E+44  2.5259E+40  1.0791E+44
  5.3090E+00  2.0472E+44  1.0868E+44  1.8103E+40  9.6024E+43
  5.6230E+00  1.8472E+44  9.9907E+43  1.2895E+40  8.4805E+43
  5.9570E+00  1.6616E+44  9.1831E+43  9.1404E+39  7.4316E+43
  6.3100E+00  1.4837E+44  8.3654E+43  6.4181E+39  6.4710E+43
  6.6830E+00  1.3282E+44  7.6801E+43  4.5031E+39  5.6014E+43
  7.0790E+00  1.1808E+44  6.9889E+43  3.1181E+39  4.8190E+43
  7.4990E+00  1.0949E+44  6.8258E+43  2.2219E+39  4.1229E+43
  7.9430E+00  1.2387E+44  8.8760E+43  1.9195E+39  3.5109E+43
  8.4140E+00  1.6124E+44  1.3149E+44  2.0092E+39  2.9752E+43
  8.9130E+00  1.9170E+44  1.6659E+44  2.0504E+39  2.5104E+43
  9.4410E+00  2.1318E+44  1.9208E+44  2.1764E+39  2.1101E+43
  1.0000E+01  1.7655E+44  1.5888E+44  1.5800E+39  1.7671E+43
  1.0590E+01  1.3774E+44  1.2298E+44  1.0547E+39  1.4758E+43
  1.1220E+01  1.0217E+44  8.9902E+43  6.2513E+38  1.2267E+43
  1.1890E+01  7.7115E+43  6.6956E+43  3.7570E+38  1.0159E+43
  1.2590E+01  5.8593E+43  5.0181E+43  2.2204E+38  8.4119E+42
  1.3340E+01  4.5455E+43  3.8523E+43  1.3155E+38  6.9319E+42
  1.4130E+01  3.7635E+43  3.1930E+43  8.1236E+37  5.7050E+42
  1.4960E+01  3.5705E+43  3.1013E+43  5.8590E+37  4.6919E+42
  1.5850E+01  3.5114E+43  3.1272E+43  4.5603E+37  3.8414E+42
  1.6790E+01  3.4738E+43  3.1598E+43  3.7123E+37  3.1409E+42
  1.7780E+01  3.3516E+43  3.0950E+43  3.0433E+37  2.5663E+42
  1.8840E+01  3.0816E+43  2.8727E+43  2.3955E+37  2.0888E+42
  1.9950E+01  2.7098E+43  2.5397E+43  1.7580E+37  1.7013E+42
  2.1130E+01  2.3773E+43  2.2391E+43  1.2463E+37  1.3827E+42
  2.2390E+01  2.1145E+43  2.0024E+43  8.9010E+36  1.1203E+42
  2.3710E+01  1.9010E+43  1.8102E+43  6.3830E+36  9.0864E+41
  2.5120E+01  1.7178E+43  1.6444E+43  4.6023E+36  7.3479E+41
  2.6610E+01  1.5535E+43  1.4941E+43  3.3082E+36  5.9383E+41
  2.8180E+01  1.4022E+43  1.3542E+43  2.3769E+36  4.7994E+41
  2.9850E+01  1.2570E+43  1.2183E+43  1.6984E+36  3.8717E+41
  3.1620E+01  1.1152E+43  1.0840E+43  1.2006E+36  3.1199E+41
  3.3500E+01  9.7679E+42  9.5168E+42  8.3840E+35  2.5106E+41
  3.5480E+01  8.4421E+42  8.2400E+42  5.7805E+35  2.0210E+41
  3.7580E+01  7.1857E+42  7.0231E+42  3.9260E+35  1.6253E+41
  3.9810E+01  6.0143E+42  5.8837E+42  2.6241E+35  1.3054E+41
  4.2170E+01  4.9598E+42  4.8551E+42  1.7273E+35  1.0479E+41
  4.4670E+01  4.0344E+42  3.9503E+42  1.1197E+35  8.4074E+40
  4.7320E+01  3.2414E+42  3.1740E+42  7.1619E+34  6.7400E+40
  5.0120E+01  2.5761E+42  2.5220E+42  4.5267E+34  5.4034E+40
  5.3090E+01  2.0260E+42  1.9827E+42  2.8293E+34  4.3282E+40
  5.6230E+01  1.5797E+42  1.5451E+42  1.7518E+34  3.4667E+40
  5.9570E+01  1.2209E+42  1.1932E+42  1.0744E+34  2.7728E+40
  6.3100E+01  9.3734E+41  9.1516E+41  6.5426E+33  2.2180E+40
  6.6830E+01  7.1542E+41  6.9768E+41  3.9597E+33  1.7744E+40
  7.0790E+01  5.4302E+41  5.2884E+41  2.3824E+33  1.4183E+40
  7.4990E+01  4.1004E+41  3.9871E+41  1.4259E+33  1.1329E+40
  7.9430E+01  3.0841E+41  2.9936E+41  8.5009E+32  9.0505E+39
  8.4140E+01  2.3108E+41  2.2385E+41  5.0472E+32  7.2256E+39
  8.9130E+01  1.7267E+41  1.6690E+41  2.9889E+32  5.7665E+39
  9.4410E+01  1.2869E+41  1.2409E+41  1.7656E+32  4.6021E+39
  1.0000E+02  9.5683E+40  9.2011E+40  1.0405E+32  3.6722E+39
  1.0590E+02  7.1069E+40  6.8137E+40  6.1274E+31  2.9317E+39
  1.1220E+02  5.2699E+40  5.0363E+40  3.6012E+31  2.3358E+39
  1.1890E+02  3.9108E+40  3.7249E+40  2.1186E+31  1.8590E+39
  1.2590E+02  2.9196E+40  2.7712E+40  1.2542E+31  1.4838E+39
  1.3340E+02  2.1853E+40  2.0672E+40  7.4560E+30  1.1811E+39
  1.4130E+02  1.6238E+40  1.5297E+40  4.4166E+30  9.4117E+38
  1.4960E+02  1.1833E+40  1.1082E+40  2.5639E+30  7.5121E+38
  1.5850E+02  8.5628E+39  7.9650E+39  1.4744E+30  5.9781E+38
  1.7780E+02  4.5306E+39  4.1512E+39  4.9213E+29  3.7942E+38
  1.9950E+02  2.4078E+39  2.1674E+39  1.6517E+29  2.4043E+38
  2.2390E+02  1.2811E+39  1.1289E+39  5.5589E+28  1.5216E+38
  2.5120E+02  6.8339E+38  5.8702E+38  1.8785E+28  9.6376E+37
  2.8180E+02  3.6540E+38  3.0436E+38  6.3726E+27  6.1043E+37
  3.1620E+02  1.9584E+38  1.5722E+38  2.1702E+27  3.8617E+37
  3.5480E+02  1.0543E+38  8.1008E+37  7.4325E+26  2.4421E+37
  3.9810E+02  5.7078E+37  4.1636E+37  2.5642E+26  1.5442E+37
  4.4670E+02  3.1110E+37  2.1349E+37  8.9178E+25  9.7603E+36
  5.0120E+02  1.7097E+37  1.0927E+37  3.1308E+25  6.1695E+36
  5.6230E+02  9.4855E+36  5.5852E+36  1.1104E+25  3.9003E+36
  6.3100E+02  5.3102E+36  2.8473E+36  3.9768E+24  2.4629E+36
  7.0790E+02  3.0077E+36  1.4509E+36  1.4414E+24  1.5568E+36
  7.9430E+02  1.7210E+36  7.3774E+35  5.2767E+23  9.8325E+35
  8.9130E+02  9.9530E+35  3.7453E+35  1.9516E+23  6.2077E+35
  1.0000E+03  5.8215E+35  1.9001E+35  7.2949E+22  3.9214E+35
