  1.0000E-03  9.1255E+44  7.7497E+04  3.5929E+43  8.7662E+44
  1.1220E-03  1.0157E+45  5.5640E+04  3.2153E+43  9.8357E+44
  1.2590E-03  1.1328E+45  4.0840E+04  2.9075E+43  1.1037E+45
  1.4130E-03  1.2653E+45  2.8298E+04  2.6582E+43  1.2387E+45
  1.5850E-03  1.4148E+45  2.1411E+04  2.5417E+43  1.3894E+45
  1.7780E-03  1.5872E+45  1.6748E+04  2.8565E+43  1.5586E+45
  1.9950E-03  1.7747E+45  1.1245E+04  2.5847E+43  1.7488E+45
  2.2390E-03  1.9867E+45  7.9447E+03  2.3939E+43  1.9627E+45
  2.5120E-03  2.2282E+45  5.9198E+03  2.6218E+43  2.2020E+45
  2.8180E-03  2.4936E+45  4.1795E+03  2.3366E+43  2.4702E+45
  3.1620E-03  2.7930E+45  3.2092E+03  2.1202E+43  2.7718E+45
  3.5480E-03  3.1295E+45  2.6141E+03  1.9249E+43  3.1103E+45
  3.9810E-03  3.5072E+45  2.2420E+03  1.7329E+43  3.4898E+45
  4.4670E-03  3.9749E+45  2.4418E+04  5.9089E+43  3.9158E+45
  5.0120E-03  4.4605E+45  1.2401E+04  6.6887E+43  4.3936E+45
  5.6230E-03  5.0014E+45  6.6687E+03  7.2142E+43  4.9292E+45
  5.9570E-03  5.2963E+45  5.1056E+03  7.4266E+43  5.2220E+45
  6.6830E-03  5.9365E+45  3.3594E+03  7.7986E+43  5.8585E+45
  7.4990E-03  6.6555E+45  2.4501E+03  8.1657E+43  6.5738E+45
  8.4140E-03  7.4598E+45  1.9192E+03  8.3937E+43  7.3758E+45
  9.4410E-03  8.3622E+45  1.6208E+03  8.6146E+43  8.2761E+45
  1.0590E-02  9.3720E+45  1.3696E+03  8.8735E+43  9.2833E+45
  1.1890E-02  1.0513E+46  1.1998E+03  9.0174E+43  1.0423E+46
  1.3340E-02  1.1786E+46  1.0631E+03  9.1577E+43  1.1694E+46
  1.4960E-02  1.3206E+46  9.7211E+02  9.2421E+43  1.3114E+46
  1.6790E-02  1.4812E+46  8.6188E+02  9.3362E+43  1.4718E+46
  1.8840E-02  1.6610E+46  7.6597E+02  9.4405E+43  1.6515E+46
  2.1130E-02  1.8619E+46  6.8034E+02  9.5291E+43  1.8524E+46
  2.3710E-02  2.0881E+46  6.0516E+02  9.6057E+43  2.0785E+46
  2.6610E-02  2.3423E+46  5.3815E+02  9.6418E+43  2.3326E+46
  2.9850E-02  2.6263E+46  4.7581E+02  9.6283E+43  2.6166E+46
  3.3500E-02  2.9462E+46  4.2147E+02  9.5351E+43  2.9367E+46
  3.7580E-02  3.3044E+46  4.0713E+02  1.0124E+44  3.2942E+46
  4.2170E-02  3.7084E+46  3.5901E+02  1.1680E+44  3.6967E+46
  4.7320E-02  4.1585E+46  2.6930E+02  1.0365E+44  4.1482E+46
  5.3090E-02  4.3293E+46  7.2757E+01  8.0239E+43  4.3212E+46
  6.6830E-02  4.1296E+46  2.7945E+01  2.7412E+43  4.1268E+46
  7.4990E-02  4.0341E+46  1.4032E+01  1.2264E+43  4.0328E+46
  8.4140E-02  3.9425E+46  1.7488E+01  1.5077E+43  3.9410E+46
  9.4410E-02  3.8530E+46  2.5229E+01  1.7914E+43  3.8513E+46
  1.0590E-01  3.5088E+46  9.5079E+05  3.2106E+43  3.5055E+46
  1.1890E-01  2.9518E+46  5.4781E+10  5.0981E+43  2.9467E+46
  1.3340E-01  2.4863E+46  9.4230E+14  6.7146E+43  2.4795E+46
  1.4960E-01  2.0941E+46  7.6424E+18  6.2610E+43  2.0878E+46
  1.5850E-01  1.9197E+46  5.1721E+20  5.1970E+43  1.9145E+46
  1.7780E-01  1.6148E+46  9.8094E+23  3.3421E+43  1.6114E+46
  1.9950E-01  1.3573E+46  6.7100E+26  1.4660E+43  1.3558E+46
  2.2390E-01  1.1412E+46  1.5443E+29  8.8453E+42  1.1403E+46
  2.3710E-01  1.0477E+46  1.8450E+30  1.2576E+43  1.0464E+46
  2.5120E-01  9.6126E+45  1.9719E+31  1.6805E+43  9.5958E+45
  2.6610E-01  8.8201E+45  1.8344E+32  1.8946E+43  8.8012E+45
  2.8180E-01  8.0956E+45  1.4717E+33  1.9531E+43  8.0761E+45
  2.9850E-01  7.4274E+45  1.0391E+34  1.9485E+43  7.4079E+45
  3.1620E-01  6.8140E+45  6.4335E+34  1.9378E+43  6.7947E+45
  3.3500E-01  6.2499E+45  3.5611E+35  1.9130E+43  6.2308E+45
  3.5480E-01  5.7352E+45  1.7577E+36  1.8735E+43  5.7165E+45
  3.7580E-01  5.2625E+45  7.8483E+36  1.8288E+43  5.2442E+45
  3.9810E-01  4.8276E+45  3.1631E+37  1.7868E+43  4.8097E+45
  4.2170E-01  4.4292E+45  1.1520E+38  1.7575E+43  4.4116E+45
  4.4670E-01  4.0640E+45  3.8242E+38  1.7361E+43  4.0466E+45
  4.7320E-01  3.7286E+45  1.1735E+39  1.7146E+43  3.7115E+45
  5.0120E-01  3.4217E+45  3.3366E+39  1.6907E+43  3.4048E+45
  5.3090E-01  3.1399E+45  8.8567E+39  1.6682E+43  3.1232E+45
  5.6230E-01  2.8816E+45  2.1898E+40  1.6450E+43  2.8651E+45
  5.9570E-01  2.6438E+45  5.0892E+40  1.6221E+43  2.6276E+45
  6.3100E-01  2.4264E+45  1.1116E+41  1.6009E+43  2.4103E+45
  6.6830E-01  2.2274E+45  2.2862E+41  1.5807E+43  2.2114E+45
  7.0790E-01  2.0445E+45  4.4579E+41  1.5631E+43  2.0284E+45
  7.4990E-01  1.8767E+45  8.2507E+41  1.5435E+43  1.8605E+45
  7.9430E-01  1.7233E+45  1.4537E+42  1.5242E+43  1.7066E+45
  8.4140E-01  1.5829E+45  2.4498E+42  1.5089E+43  1.5653E+45
  8.9130E-01  1.4547E+45  3.9715E+42  1.5019E+43  1.4357E+45
  9.4410E-01  1.3382E+45  6.1811E+42  1.5032E+43  1.3170E+45
  1.0000E+00  1.2325E+45  9.2440E+42  1.5099E+43  1.2081E+45
  1.0590E+00  1.1372E+45  1.3332E+43  1.5256E+43  1.1086E+45
  1.1220E+00  1.0508E+45  1.8710E+43  1.5506E+43  1.0165E+45
  1.1890E+00  9.7329E+44  2.5602E+43  1.5855E+43  9.3183E+44
  1.2590E+00  9.0561E+44  3.4095E+43  1.6309E+43  8.5520E+44
  1.3340E+00  8.4532E+44  4.4362E+43  1.6856E+43  7.8411E+44
  1.4130E+00  7.9277E+44  5.6033E+43  1.7461E+43  7.1927E+44
  1.4960E+00  7.4732E+44  6.8990E+43  1.8078E+43  6.6026E+44
  1.5850E+00  7.0752E+44  8.3434E+43  1.8656E+43  6.0543E+44
  1.6790E+00  6.7330E+44  9.8864E+43  1.9129E+43  5.5530E+44
  1.7780E+00  6.4375E+44  1.1477E+44  1.9404E+43  5.0957E+44
  1.8840E+00  6.1754E+44  1.3095E+44  1.9404E+43  4.6719E+44
  1.9950E+00  5.9426E+44  1.4644E+44  1.9069E+43  4.2875E+44
  2.1130E+00  5.7242E+44  1.6071E+44  1.8381E+43  3.9333E+44
  2.2390E+00  5.5086E+44  1.7290E+44  1.7355E+43  3.6061E+44
  2.3710E+00  5.2921E+44  1.8225E+44  1.6048E+43  3.3092E+44
  2.5120E+00  5.0661E+44  1.8861E+44  1.4551E+43  3.0344E+44
  2.6610E+00  4.8290E+44  1.9162E+44  1.2952E+43  2.7832E+44
  2.8180E+00  4.5795E+44  1.9124E+44  1.1335E+43  2.5538E+44
  2.9850E+00  4.3190E+44  1.8787E+44  9.7682E+42  2.3426E+44
  3.1620E+00  4.0493E+44  1.8176E+44  8.3056E+42  2.1487E+44
  3.3500E+00  3.7784E+44  1.7383E+44  6.9677E+42  1.9704E+44
  3.5480E+00  3.5062E+44  1.6405E+44  5.7876E+42  1.8078E+44
  3.7580E+00  3.2378E+44  1.5319E+44  4.7561E+42  1.6583E+44
  3.9810E+00  2.9756E+44  1.4160E+44  3.8687E+42  1.5210E+44
  4.2170E+00  2.7229E+44  1.2966E+44  3.1176E+42  1.3951E+44
  4.4670E+00  2.4817E+44  1.1772E+44  2.4896E+42  1.2796E+44
  4.7320E+00  2.2538E+44  1.0604E+44  1.9669E+42  1.1737E+44
  5.0120E+00  2.0433E+44  9.4877E+43  1.5397E+42  1.0791E+44
  5.3090E+00  1.8149E+44  8.4291E+43  1.1737E+42  9.6024E+43
  5.6230E+00  1.6016E+44  7.4471E+43  8.8058E+41  8.4805E+43
  5.9570E+00  1.4047E+44  6.5508E+43  6.4991E+41  7.4316E+43
  6.3100E+00  1.2232E+44  5.7132E+43  4.7330E+41  6.4710E+43
  6.6830E+00  1.0654E+44  5.0180E+43  3.4098E+41  5.6014E+43
  7.0790E+00  9.2194E+43  4.3762E+43  2.4189E+41  4.8190E+43
  7.4990E+00  8.0098E+43  3.8709E+43  1.5919E+41  4.1229E+43
  7.9430E+00  7.2166E+43  3.6974E+43  8.2077E+40  3.5109E+43
  8.4140E+00  6.7119E+43  3.7328E+43  3.8494E+40  2.9752E+43
  8.9130E+00  6.1595E+43  3.6470E+43  2.1969E+40  2.5104E+43
  9.4410E+00  5.5937E+43  3.4821E+43  1.5025E+40  2.1101E+43
  1.0000E+01  4.8644E+43  3.0961E+43  1.2773E+40  1.7671E+43
  1.0590E+01  4.1775E+43  2.7005E+43  1.1289E+40  1.4758E+43
  1.1220E+01  3.5287E+43  2.3010E+43  9.8288E+39  1.2267E+43
  1.1890E+01  2.9612E+43  1.9445E+43  8.2743E+39  1.0159E+43
  1.2590E+01  2.4796E+43  1.6378E+43  6.7507E+39  8.4119E+42
  1.3340E+01  2.0745E+43  1.3807E+43  5.2343E+39  6.9319E+42
  1.4130E+01  1.7729E+43  1.2020E+43  3.7399E+39  5.7050E+42
  1.4960E+01  1.6071E+43  1.1377E+43  2.4765E+39  4.6919E+42
  1.5850E+01  1.4852E+43  1.1009E+43  1.6740E+39  3.8414E+42
  1.6790E+01  1.3811E+43  1.0669E+43  1.1796E+39  3.1409E+42
  1.7780E+01  1.2740E+43  1.0172E+43  8.8126E+38  2.5663E+42
  1.8840E+01  1.1525E+43  9.4360E+42  6.9293E+38  2.0888E+42
  1.9950E+01  1.0232E+43  8.5297E+42  5.5505E+38  1.7013E+42
  2.1130E+01  9.0394E+42  7.6563E+42  4.3277E+38  1.3827E+42
  2.2390E+01  7.9984E+42  6.8778E+42  3.3192E+38  1.1203E+42
  2.3710E+01  7.0879E+42  6.1790E+42  2.5106E+38  9.0864E+41
  2.5120E+01  6.2655E+42  5.5305E+42  1.8802E+38  7.3479E+41
  2.6610E+01  5.5173E+42  4.9233E+42  1.3904E+38  5.9383E+41
  2.8180E+01  4.8356E+42  4.3555E+42  1.0194E+38  4.7994E+41
  2.9850E+01  4.2048E+42  3.8176E+42  7.3954E+37  3.8717E+41
  3.1620E+01  3.6217E+42  3.3097E+42  5.2997E+37  3.1199E+41
  3.3500E+01  3.0858E+42  2.8347E+42  3.7501E+37  2.5106E+41
  3.5480E+01  2.6021E+42  2.4000E+42  2.6220E+37  2.0210E+41
  3.7580E+01  2.1676E+42  2.0050E+42  1.8096E+37  1.6253E+41
  3.9810E+01  1.7808E+42  1.6502E+42  1.2331E+37  1.3054E+41
  4.2170E+01  1.4452E+42  1.3404E+42  8.2895E+36  1.0479E+41
  4.4670E+01  1.1593E+42  1.0752E+42  5.4929E+36  8.4074E+40
  4.7320E+01  9.2009E+41  8.5269E+41  3.5911E+36  6.7400E+40
  5.0120E+01  7.2335E+41  6.6932E+41  2.3190E+36  5.4034E+40
  5.3090E+01  5.6338E+41  5.2009E+41  1.4795E+36  4.3282E+40
  5.6230E+01  4.3544E+41  4.0077E+41  9.3387E+35  3.4667E+40
  5.9570E+01  3.3381E+41  3.0608E+41  5.8308E+35  2.7728E+40
  6.3100E+01  2.5441E+41  2.3223E+41  3.6098E+35  2.2180E+40
  6.6830E+01  1.9290E+41  1.7515E+41  2.2181E+35  1.7744E+40
  7.0790E+01  1.4554E+41  1.3136E+41  1.3531E+35  1.4183E+40
  7.4990E+01  1.0932E+41  9.7992E+40  8.2019E+34  1.1329E+40
  7.9430E+01  8.1863E+40  7.2813E+40  4.9483E+34  9.0505E+39
  8.4140E+01  6.1115E+40  5.3889E+40  2.9710E+34  7.2256E+39
  8.9130E+01  4.5541E+40  3.9774E+40  1.7782E+34  5.7665E+39
  9.4410E+01  3.3882E+40  2.9280E+40  1.0613E+34  4.6021E+39
  1.0000E+02  2.5173E+40  2.1501E+40  6.3196E+33  3.6722E+39
  1.0590E+02  1.8703E+40  1.5772E+40  3.7605E+33  2.9317E+39
  1.1220E+02  1.3883E+40  1.1548E+40  2.2328E+33  2.3358E+39
  1.1890E+02  1.0319E+40  8.4596E+39  1.3265E+33  1.8590E+39
  1.2590E+02  7.7174E+39  6.2335E+39  7.9260E+32  1.4838E+39
  1.3340E+02  5.7856E+39  4.6045E+39  4.7510E+32  1.1811E+39
  1.4130E+02  4.3190E+39  3.3779E+39  2.8457E+32  9.4117E+38
  1.4960E+02  3.1825E+39  2.4313E+39  1.6814E+32  7.5121E+38
  1.5850E+02  2.3350E+39  1.7372E+39  9.8650E+31  5.9781E+38
  1.7780E+02  1.2743E+39  8.9485E+38  3.4335E+31  3.7942E+38
  1.9950E+02  7.0239E+38  4.6195E+38  1.2064E+31  2.4043E+38
  2.2390E+02  3.9027E+38  2.3811E+38  4.2739E+30  1.5216E+38
  2.5120E+02  2.1901E+38  1.2264E+38  1.5292E+30  9.6376E+37
  2.8180E+02  1.2408E+38  6.3038E+37  5.5241E+29  6.1043E+37
  3.1620E+02  7.0927E+37  3.2310E+37  2.0130E+29  3.8617E+37
  3.5480E+02  4.0952E+37  1.6531E+37  7.4049E+28  2.4421E+37
  3.9810E+02  2.3885E+37  8.4433E+36  2.7508E+28  1.5442E+37
  4.4670E+02  1.4065E+37  4.3049E+36  1.0311E+28  9.7603E+36
  5.0120E+02  8.3618E+36  2.1923E+36  3.8988E+27  6.1695E+36
  5.6230E+02  5.0158E+36  1.1155E+36  1.4859E+27  3.9003E+36
  6.3100E+02  3.0293E+36  5.6634E+35  5.6985E+26  2.4629E+36
  7.0790E+02  1.8443E+36  2.8754E+35  2.2012E+26  1.5568E+36
  7.9430E+02  1.1290E+36  1.4573E+35  8.5418E+25  9.8325E+35
  8.9130E+02  6.9454E+35  7.3771E+34  3.3288E+25  6.2077E+35
  1.0000E+03  4.2947E+35  3.7330E+34  1.3032E+25  3.9214E+35
