  1.0000E-03  8.8998E+44  0.0000E+00  1.3365E+43  8.7662E+44
  1.1220E-03  9.9856E+44  0.0000E+00  1.4987E+43  9.8357E+44
  1.2590E-03  1.1198E+45  0.0000E+00  1.6157E+43  1.1037E+45
  1.4130E-03  1.2556E+45  0.0000E+00  1.6896E+43  1.2387E+45
  1.5850E-03  1.4071E+45  0.0000E+00  1.7658E+43  1.3894E+45
  1.7780E-03  1.5802E+45  0.0000E+00  2.1630E+43  1.5586E+45
  1.9950E-03  1.7716E+45  0.0000E+00  2.2820E+43  1.7488E+45
  2.2390E-03  1.9853E+45  0.0000E+00  2.2532E+43  1.9627E+45
  2.5120E-03  2.2310E+45  0.0000E+00  2.9029E+43  2.2020E+45
  2.8180E-03  2.5006E+45  0.0000E+00  3.0368E+43  2.4702E+45
  3.1620E-03  2.8029E+45  0.0000E+00  3.1093E+43  2.7718E+45
  3.5480E-03  3.1418E+45  0.0000E+00  3.1530E+43  3.1103E+45
  3.9810E-03  3.5216E+45  0.0000E+00  3.1760E+43  3.4898E+45
  4.4670E-03  3.9830E+45  0.0000E+00  6.7181E+43  3.9158E+45
  5.0120E-03  4.4663E+45  0.0000E+00  7.2679E+43  4.3936E+45
  5.6230E-03  5.0065E+45  0.0000E+00  7.7302E+43  4.9292E+45
  5.9570E-03  5.3014E+45  0.0000E+00  7.9385E+43  5.2220E+45
  6.6830E-03  5.9420E+45  0.0000E+00  8.3459E+43  5.8585E+45
  7.4990E-03  6.6623E+45  0.0000E+00  8.8477E+43  6.5738E+45
  8.4140E-03  7.4688E+45  0.0000E+00  9.3000E+43  7.3758E+45
  9.4410E-03  8.3733E+45  0.0000E+00  9.7175E+43  8.2761E+45
  1.0590E-02  9.3828E+45  0.0000E+00  9.9500E+43  9.2833E+45
  1.1890E-02  1.0532E+46  0.0000E+00  1.0910E+44  1.0423E+46
  1.3340E-02  1.1808E+46  0.0000E+00  1.1419E+44  1.1694E+46
  1.4960E-02  1.3235E+46  0.0000E+00  1.2070E+44  1.3114E+46
  1.6790E-02  1.4845E+46  0.0000E+00  1.2654E+44  1.4718E+46
  1.8840E-02  1.6647E+46  0.0000E+00  1.3191E+44  1.6515E+46
  2.1130E-02  1.8663E+46  0.0000E+00  1.3989E+44  1.8524E+46
  2.3710E-02  2.0932E+46  0.0000E+00  1.4730E+44  2.0785E+46
  2.6610E-02  2.3481E+46  0.0000E+00  1.5441E+44  2.3326E+46
  2.9850E-02  2.6328E+46  8.9124E-83  1.6120E+44  2.6166E+46
  3.3500E-02  2.9534E+46  5.7379E-68  1.6760E+44  2.9367E+46
  3.7580E-02  3.3124E+46  7.2168E-55  1.8130E+44  3.2942E+46
  4.2170E-02  3.7177E+46  3.1558E-43  2.1030E+44  3.6967E+46
  4.7320E-02  4.1692E+46  8.4494E-33  2.1054E+44  4.1482E+46
  5.3090E-02  4.3405E+46  1.5408E-23  1.9267E+44  4.3212E+46
  6.6830E-02  4.1398E+46  5.7284E-08  1.3010E+44  4.1268E+46
  7.4990E-02  4.0435E+46  1.8977E-01  1.0617E+44  4.0328E+46
  8.4140E-02  3.9516E+46  9.9195E+04  1.0604E+44  3.9410E+46
  9.4410E-02  3.8620E+46  1.1897E+10  1.0788E+44  3.8513E+46
  1.0590E-01  3.5175E+46  3.3561E+14  1.1978E+44  3.5055E+46
  1.1890E-01  2.9592E+46  2.5472E+18  1.2426E+44  2.9467E+46
  1.3340E-01  2.4924E+46  5.1807E+21  1.2856E+44  2.4795E+46
  1.4960E-01  2.0997E+46  5.8623E+24  1.1877E+44  2.0878E+46
  1.5850E-01  1.9255E+46  1.7252E+26  1.0987E+44  1.9145E+46
  1.7780E-01  1.6201E+46  8.9616E+28  8.6862E+43  1.6114E+46
  1.9950E-01  1.3609E+46  2.6441E+31  5.1261E+43  1.3558E+46
  2.2390E-01  1.1441E+46  3.2275E+33  3.7442E+43  1.1403E+46
  2.3710E-01  1.0507E+46  2.1605E+34  4.2698E+43  1.0464E+46
  2.5120E-01  9.6432E+45  1.2366E+35  4.7411E+43  9.5958E+45
  2.6610E-01  8.8499E+45  6.6125E+35  4.8700E+43  8.8012E+45
  2.8180E-01  8.1239E+45  3.2450E+36  4.7795E+43  8.0761E+45
  2.9850E-01  7.4540E+45  1.4519E+37  4.6145E+43  7.4079E+45
  3.1620E-01  6.8392E+45  5.8385E+37  4.4506E+43  6.7947E+45
  3.3500E-01  6.2736E+45  2.1438E+38  4.2755E+43  6.2308E+45
  3.5480E-01  5.7573E+45  7.2093E+38  4.0827E+43  5.7165E+45
  3.7580E-01  5.2830E+45  2.2425E+39  3.8836E+43  5.2442E+45
  3.9810E-01  4.8467E+45  6.4246E+39  3.6947E+43  4.8097E+45
  4.2170E-01  4.4468E+45  1.6907E+40  3.5156E+43  4.4116E+45
  4.4670E-01  4.0802E+45  4.1230E+40  3.3544E+43  4.0466E+45
  4.7320E-01  3.7435E+45  9.4527E+40  3.1937E+43  3.7115E+45
  5.0120E-01  3.4353E+45  2.0431E+41  3.0312E+43  3.4048E+45
  5.3090E-01  3.1523E+45  4.1846E+41  2.8685E+43  3.1232E+45
  5.6230E-01  2.8931E+45  8.1126E+41  2.7136E+43  2.8651E+45
  5.9570E-01  2.6547E+45  1.4986E+42  2.5631E+43  2.6276E+45
  6.3100E-01  2.4371E+45  2.6347E+42  2.4174E+43  2.4103E+45
  6.6830E-01  2.2386E+45  4.4160E+42  2.2745E+43  2.2114E+45
  7.0790E-01  2.0569E+45  7.0837E+42  2.1408E+43  2.0284E+45
  7.4990E-01  1.8915E+45  1.0895E+43  2.0134E+43  1.8605E+45
  7.9430E-01  1.7416E+45  1.6081E+43  1.8916E+43  1.7066E+45
  8.4140E-01  1.6059E+45  2.2874E+43  1.7746E+43  1.5653E+45
  8.9130E-01  1.4838E+45  3.1427E+43  1.6627E+43  1.4357E+45
  9.4410E-01  1.3743E+45  4.1752E+43  1.5550E+43  1.3170E+45
  1.0000E+00  1.2764E+45  5.3767E+43  1.4502E+43  1.2081E+45
  1.0590E+00  1.1893E+45  6.7241E+43  1.3508E+43  1.1086E+45
  1.1220E+00  1.1112E+45  8.2162E+43  1.2544E+43  1.0165E+45
  1.1890E+00  1.0417E+45  9.8232E+43  1.1594E+43  9.3183E+44
  1.2590E+00  9.8041E+44  1.1455E+44  1.0648E+43  8.5520E+44
  1.3340E+00  9.2492E+44  1.3109E+44  9.7175E+42  7.8411E+44
  1.4130E+00  8.7493E+44  1.4683E+44  8.8306E+42  7.1927E+44
  1.4960E+00  8.2966E+44  1.6143E+44  7.9786E+42  6.6026E+44
  1.5850E+00  7.8778E+44  1.7521E+44  7.1452E+42  6.0543E+44
  1.6790E+00  7.4874E+44  1.8711E+44  6.3313E+42  5.5530E+44
  1.7780E+00  7.1172E+44  1.9661E+44  5.5356E+42  5.0957E+44
  1.8840E+00  6.7611E+44  2.0415E+44  4.7651E+42  4.6719E+44
  1.9950E+00  6.4194E+44  2.0916E+44  4.0375E+42  4.2875E+44
  2.1130E+00  6.0863E+44  2.1193E+44  3.3662E+42  3.9333E+44
  2.2390E+00  5.7574E+44  2.1237E+44  2.7630E+42  3.6061E+44
  2.3710E+00  5.4356E+44  2.1041E+44  2.2364E+42  3.3092E+44
  2.5120E+00  5.1185E+44  2.0662E+44  1.7880E+42  3.0344E+44
  2.6610E+00  4.8070E+44  2.0096E+44  1.4143E+42  2.7832E+44
  2.8180E+00  4.5001E+44  1.9352E+44  1.1078E+42  2.5538E+44
  2.9850E+00  4.1994E+44  1.8481E+44  8.6022E+41  2.3426E+44
  3.1620E+00  3.9049E+44  1.7496E+44  6.6277E+41  2.1487E+44
  3.3500E+00  3.6240E+44  1.6486E+44  5.0738E+41  1.9704E+44
  3.5480E+00  3.3506E+44  1.5389E+44  3.8590E+41  1.8078E+44
  3.7580E+00  3.0896E+44  1.4283E+44  2.9175E+41  1.6583E+44
  3.9810E+00  2.8415E+44  1.3183E+44  2.1935E+41  1.5210E+44
  4.2170E+00  2.6069E+44  1.2102E+44  1.6409E+41  1.3951E+44
  4.4670E+00  2.3865E+44  1.1056E+44  1.2216E+41  1.2796E+44
  4.7320E+00  2.1818E+44  1.0072E+44  9.0517E+40  1.1737E+44
  5.0120E+00  1.9957E+44  9.1588E+43  6.6893E+40  1.0791E+44
  5.3090E+00  1.7923E+44  8.3155E+43  4.8395E+40  9.6024E+43
  5.6230E+00  1.6036E+44  7.5524E+43  3.4743E+40  8.4805E+43
  5.9570E+00  1.4307E+44  6.8731E+43  2.4768E+40  7.4316E+43
  6.3100E+00  1.2693E+44  6.2198E+43  1.7501E+40  6.4710E+43
  6.6830E+00  1.1290E+44  5.6878E+43  1.2332E+40  5.6014E+43
  7.0790E+00  9.9932E+43  5.1734E+43  8.5863E+39  4.8190E+43
  7.4990E+00  9.0870E+43  4.9635E+43  5.9665E+39  4.1229E+43
  7.9430E+00  9.4357E+43  5.9243E+43  4.3976E+39  3.5109E+43
  8.4140E+00  1.0971E+44  7.9951E+43  3.6132E+39  2.9752E+43
  8.9130E+00  1.2126E+44  9.6149E+43  3.0999E+39  2.5104E+43
  9.4410E+00  1.2825E+44  1.0715E+44  2.8984E+39  2.1101E+43
  1.0000E+01  1.0727E+44  8.9597E+43  2.1943E+39  1.7671E+43
  1.0590E+01  8.5885E+43  7.1125E+43  1.5853E+39  1.4758E+43
  1.1220E+01  6.6647E+43  5.4379E+43  1.0551E+39  1.2267E+43
  1.1890E+01  5.2779E+43  4.2619E+43  7.0741E+38  1.0159E+43
  1.2590E+01  4.2555E+43  3.4143E+43  4.7011E+38  8.4119E+42
  1.3340E+01  3.5196E+43  2.8263E+43  3.1166E+38  6.9319E+42
  1.4130E+01  3.0687E+43  2.4982E+43  2.0818E+38  5.7050E+42
  1.4960E+01  2.9348E+43  2.4656E+43  1.4910E+38  4.6919E+42
  1.5850E+01  2.8947E+43  2.5106E+43  1.1331E+38  3.8414E+42
  1.6790E+01  2.8938E+43  2.5797E+43  9.0539E+37  3.1409E+42
  1.7780E+01  2.8773E+43  2.6207E+43  7.5002E+37  2.5663E+42
  1.8840E+01  2.8079E+43  2.5990E+43  6.2584E+37  2.0888E+42
  1.9950E+01  2.6969E+43  2.5268E+43  5.1070E+37  1.7013E+42
  2.1130E+01  2.6159E+43  2.4776E+43  4.0880E+37  1.3827E+42
  2.2390E+01  2.5800E+43  2.4679E+43  3.2954E+37  1.1203E+42
  2.3710E+01  2.5723E+43  2.4815E+43  2.6616E+37  9.0864E+41
  2.5120E+01  2.5765E+43  2.5030E+43  2.1556E+37  7.3479E+41
  2.6610E+01  2.5782E+43  2.5188E+43  1.7352E+37  5.9383E+41
  2.8180E+01  2.5661E+43  2.5181E+43  1.3894E+37  4.7994E+41
  2.9850E+01  2.5293E+43  2.4906E+43  1.1019E+37  3.8717E+41
  3.1620E+01  2.4600E+43  2.4288E+43  8.6140E+36  3.1199E+41
  3.3500E+01  2.3555E+43  2.3304E+43  6.6276E+36  2.5106E+41
  3.5480E+01  2.2176E+43  2.1974E+43  5.0134E+36  2.0210E+41
  3.7580E+01  2.0509E+43  2.0346E+43  3.7252E+36  1.6253E+41
  3.9810E+01  1.8606E+43  1.8475E+43  2.7181E+36  1.3054E+41
  4.2170E+01  1.6583E+43  1.6478E+43  1.9474E+36  1.0479E+41
  4.4670E+01  1.4533E+43  1.4448E+43  1.3695E+36  8.4074E+40
  4.7320E+01  1.2539E+43  1.2471E+43  9.4684E+35  6.7400E+40
  5.0120E+01  1.0662E+43  1.0608E+43  6.4433E+35  5.4034E+40
  5.3090E+01  8.9401E+42  8.8968E+42  4.3186E+35  4.3282E+40
  5.6230E+01  7.4040E+42  7.3694E+42  2.8554E+35  3.4667E+40
  5.9570E+01  6.0568E+42  6.0291E+42  1.8628E+35  2.7728E+40
  6.3100E+01  4.9036E+42  4.8814E+42  1.2016E+35  2.2180E+40
  6.6830E+01  3.9323E+42  3.9146E+42  7.6711E+34  1.7744E+40
  7.0790E+01  3.1256E+42  3.1114E+42  4.8503E+34  1.4183E+40
  7.4990E+01  2.4635E+42  2.4522E+42  3.0395E+34  1.1329E+40
  7.9430E+01  1.9278E+42  1.9187E+42  1.8904E+34  9.0505E+39
  8.4140E+01  1.4983E+42  1.4911E+42  1.1669E+34  7.2256E+39
  8.9130E+01  1.1581E+42  1.1523E+42  7.1619E+33  5.7665E+39
  9.4410E+01  8.9035E+41  8.8575E+41  4.3712E+33  4.6021E+39
  1.0000E+02  6.8106E+41  6.7738E+41  2.6537E+33  3.6722E+39
  1.0590E+02  5.1910E+41  5.1617E+41  1.6053E+33  2.9317E+39
  1.1220E+02  3.9417E+41  3.9184E+41  9.6693E+32  2.3358E+39
  1.1890E+02  2.9892E+41  2.9706E+41  5.8163E+32  1.8590E+39
  1.2590E+02  2.2750E+41  2.2601E+41  3.5119E+32  1.4838E+39
  1.3340E+02  1.7335E+41  1.7217E+41  2.1261E+32  1.1811E+39
  1.4130E+02  1.3083E+41  1.2989E+41  1.2793E+32  9.4117E+38
  1.4960E+02  9.6578E+40  9.5827E+40  7.5186E+31  7.5121E+38
  1.5850E+02  7.0685E+40  7.0088E+40  4.3690E+31  5.9781E+38
  1.7780E+02  3.8068E+40  3.7689E+40  1.4810E+31  3.7942E+38
  1.9950E+02  2.0457E+40  2.0217E+40  5.0107E+30  2.4043E+38
  2.2390E+02  1.0932E+40  1.0780E+40  1.6872E+30  1.5216E+38
  2.5120E+02  5.8160E+39  5.7196E+39  5.6587E+29  9.6376E+37
  2.8180E+02  3.0789E+39  3.0179E+39  1.8896E+29  6.1043E+37
  3.1620E+02  1.6215E+39  1.5829E+39  6.2805E+28  3.8617E+37
  3.5480E+02  8.5090E+38  8.2647E+38  2.0806E+28  2.4421E+37
  3.9810E+02  4.4517E+38  4.2973E+38  6.8773E+27  1.5442E+37
  4.4670E+02  2.3235E+38  2.2259E+38  2.2694E+27  9.7603E+36
  5.0120E+02  1.2111E+38  1.1494E+38  7.4849E+26  6.1695E+36
  5.6230E+02  6.3107E+37  5.9207E+37  2.4692E+26  3.9003E+36
  6.3100E+02  3.2853E+37  3.0390E+37  8.1486E+25  2.4629E+36
  7.0790E+02  1.7135E+37  1.5578E+37  2.6973E+25  1.5568E+36
  7.9430E+02  8.9462E+36  7.9630E+36  8.9486E+24  9.8325E+35
  8.9130E+02  4.6822E+36  4.0614E+36  2.9803E+24  6.2077E+35
  1.0000E+03  2.4611E+36  2.0689E+36  9.9856E+23  3.9214E+35
