  1.0000E-03  8.7783E+44  0.0000E+00  1.2078E+42  8.7662E+44
  1.1220E-03  9.8516E+44  0.0000E+00  1.5854E+42  9.8357E+44
  1.2590E-03  1.1057E+45  0.0000E+00  1.9824E+42  1.1037E+45
  1.4130E-03  1.2411E+45  0.0000E+00  2.3793E+42  1.2387E+45
  1.5850E-03  1.3922E+45  0.0000E+00  2.7663E+42  1.3894E+45
  1.7780E-03  1.5621E+45  0.0000E+00  3.4905E+42  1.5586E+45
  1.9950E-03  1.7531E+45  0.0000E+00  4.3365E+42  1.7488E+45
  2.2390E-03  1.9675E+45  0.0000E+00  4.7984E+42  1.9627E+45
  2.5120E-03  2.2084E+45  0.0000E+00  6.3704E+42  2.2020E+45
  2.8180E-03  2.4780E+45  0.0000E+00  7.7621E+42  2.4702E+45
  3.1620E-03  2.7807E+45  0.0000E+00  8.9054E+42  2.7718E+45
  3.5480E-03  3.1202E+45  0.0000E+00  9.8933E+42  3.1103E+45
  3.9810E-03  3.5006E+45  0.0000E+00  1.0708E+43  3.4898E+45
  4.4670E-03  3.9312E+45  0.0000E+00  1.5400E+43  3.9158E+45
  5.0120E-03  4.4132E+45  0.0000E+00  1.9614E+43  4.3936E+45
  5.6230E-03  4.9530E+45  0.0000E+00  2.3759E+43  4.9292E+45
  5.9570E-03  5.2478E+45  0.0000E+00  2.5750E+43  5.2220E+45
  6.6830E-03  5.8880E+45  0.0000E+00  2.9501E+43  5.8585E+45
  7.4990E-03  6.6070E+45  0.0000E+00  3.3223E+43  6.5738E+45
  8.4140E-03  7.4130E+45  0.0000E+00  3.7168E+43  7.3758E+45
  9.4410E-03  8.3168E+45  0.0000E+00  4.0683E+43  8.2761E+45
  1.0590E-02  9.3260E+45  0.0000E+00  4.2732E+43  9.2833E+45
  1.1890E-02  1.0472E+46  0.0000E+00  4.8754E+43  1.0423E+46
  1.3340E-02  1.1747E+46  0.0000E+00  5.2670E+43  1.1694E+46
  1.4960E-02  1.3172E+46  0.0000E+00  5.7631E+43  1.3114E+46
  1.6790E-02  1.4781E+46  0.0000E+00  6.2258E+43  1.4718E+46
  1.8840E-02  1.6582E+46  0.0000E+00  6.6572E+43  1.6515E+46
  2.1130E-02  1.8596E+46  0.0000E+00  7.2365E+43  1.8524E+46
  2.3710E-02  2.0863E+46  0.0000E+00  7.8070E+43  2.0785E+46
  2.6610E-02  2.3410E+46  0.0000E+00  8.3871E+43  2.3326E+46
  2.9850E-02  2.6256E+46  2.9464E-83  8.9553E+43  2.6166E+46
  3.3500E-02  2.9462E+46  1.8946E-68  9.5100E+43  2.9367E+46
  3.7580E-02  3.3046E+46  2.3742E-55  1.0339E+44  3.2942E+46
  4.2170E-02  3.7089E+46  1.0359E-43  1.2215E+44  3.6967E+46
  4.7320E-02  4.1609E+46  2.7754E-33  1.2713E+44  4.1482E+46
  5.3090E-02  4.3333E+46  5.0624E-24  1.2061E+44  4.3212E+46
  6.6830E-02  4.1355E+46  1.8770E-08  8.7211E+43  4.1268E+46
  7.4990E-02  4.0400E+46  6.3051E-02  7.1660E+43  4.0328E+46
  8.4140E-02  3.9482E+46  3.2942E+04  7.1574E+43  3.9410E+46
  9.4410E-02  3.8585E+46  3.9448E+09  7.2781E+43  3.8513E+46
  1.0590E-01  3.5135E+46  1.1036E+14  8.0030E+43  3.5055E+46
  1.1890E-01  2.9548E+46  8.1013E+17  8.0741E+43  2.9467E+46
  1.3340E-01  2.4876E+46  1.5866E+21  8.0429E+43  2.4795E+46
  1.4960E-01  2.0950E+46  1.7616E+24  7.1851E+43  2.0878E+46
  1.5850E-01  1.9211E+46  5.1719E+25  6.5958E+43  1.9145E+46
  1.7780E-01  1.6167E+46  2.7278E+28  5.2656E+43  1.6114E+46
  1.9950E-01  1.3591E+46  8.3391E+30  3.2919E+43  1.3558E+46
  2.2390E-01  1.1428E+46  1.0491E+33  2.4608E+43  1.1403E+46
  2.3710E-01  1.0492E+46  6.9483E+33  2.7242E+43  1.0464E+46
  2.5120E-01  9.6248E+45  3.9290E+34  2.8987E+43  9.5958E+45
  2.6610E-01  8.8299E+45  2.0860E+35  2.8677E+43  8.8012E+45
  2.8180E-01  8.1033E+45  1.0197E+36  2.7255E+43  8.0761E+45
  2.9850E-01  7.4334E+45  4.5504E+36  2.5567E+43  7.4079E+45
  3.1620E-01  6.8186E+45  1.8265E+37  2.3961E+43  6.7947E+45
  3.3500E-01  6.2532E+45  6.6986E+37  2.2362E+43  6.2308E+45
  3.5480E-01  5.7372E+45  2.2514E+38  2.0759E+43  5.7165E+45
  3.7580E-01  5.2633E+45  7.0053E+38  1.9166E+43  5.2442E+45
  3.9810E-01  4.8274E+45  2.0073E+39  1.7701E+43  4.8097E+45
  4.2170E-01  4.4279E+45  5.2880E+39  1.6278E+43  4.4116E+45
  4.4670E-01  4.0616E+45  1.2910E+40  1.4983E+43  4.0466E+45
  4.7320E-01  3.7252E+45  2.9645E+40  1.3732E+43  3.7115E+45
  5.0120E-01  3.4174E+45  6.4207E+40  1.2523E+43  3.4048E+45
  5.3090E-01  3.1347E+45  1.3188E+41  1.1346E+43  3.1232E+45
  5.6230E-01  2.8757E+45  2.5647E+41  1.0272E+43  2.8651E+45
  5.9570E-01  2.6373E+45  4.7548E+41  9.2720E+42  2.6276E+45
  6.3100E-01  2.4195E+45  8.3957E+41  8.3316E+42  2.4103E+45
  6.6830E-01  2.2203E+45  1.4144E+42  7.4447E+42  2.2114E+45
  7.0790E-01  2.0373E+45  2.2817E+42  6.6319E+42  2.0284E+45
  7.4990E-01  1.8699E+45  3.5306E+42  5.8916E+42  1.8605E+45
  7.9430E-01  1.7170E+45  5.2454E+42  5.2074E+42  1.7066E+45
  8.4140E-01  1.5774E+45  7.5138E+42  4.5749E+42  1.5653E+45
  8.9130E-01  1.4501E+45  1.0400E+43  3.9830E+42  1.4357E+45
  9.4410E-01  1.3344E+45  1.3924E+43  3.4442E+42  1.3170E+45
  1.0000E+00  1.2292E+45  1.8071E+43  2.9622E+42  1.2081E+45
  1.0590E+00  1.1339E+45  2.2770E+43  2.5363E+42  1.1086E+45
  1.1220E+00  1.0467E+45  2.8024E+43  2.1554E+42  1.0165E+45
  1.1890E+00  9.6737E+44  3.3728E+43  1.8140E+42  9.3183E+44
  1.2590E+00  8.9627E+44  3.9560E+43  1.5083E+42  8.5520E+44
  1.3340E+00  8.3085E+44  4.5501E+43  1.2433E+42  7.8411E+44
  1.4130E+00  7.7147E+44  5.1179E+43  1.0219E+42  7.1927E+44
  1.4960E+00  7.1755E+44  5.6458E+43  8.3599E+41  6.6026E+44
  1.5850E+00  6.6755E+44  6.1438E+43  6.7769E+41  6.0543E+44
  1.6790E+00  6.2158E+44  6.5732E+43  5.4357E+41  5.5530E+44
  1.7780E+00  5.7915E+44  6.9145E+43  4.3056E+41  5.0957E+44
  1.8840E+00  5.3937E+44  7.1844E+43  3.3620E+41  4.6719E+44
  1.9950E+00  5.0264E+44  7.3630E+43  2.5917E+41  4.2875E+44
  2.1130E+00  4.6816E+44  7.4635E+43  1.9728E+41  3.9333E+44
  2.2390E+00  4.3559E+44  7.4832E+43  1.4846E+41  3.6061E+44
  2.3710E+00  4.0524E+44  7.4217E+43  1.1075E+41  3.3092E+44
  2.5120E+00  3.7653E+44  7.3008E+43  8.2008E+40  3.0344E+44
  2.6610E+00  3.4957E+44  7.1191E+43  6.0405E+40  2.7832E+44
  2.8180E+00  3.2422E+44  6.8791E+43  4.4297E+40  2.5538E+44
  2.9850E+00  3.0029E+44  6.5994E+43  3.2368E+40  2.3426E+44
  3.1620E+00  2.7772E+44  6.2825E+43  2.3584E+40  2.1487E+44
  3.3500E+00  2.5666E+44  5.9606E+43  1.7159E+40  1.9704E+44
  3.5480E+00  2.3687E+44  5.6080E+43  1.2462E+40  1.8078E+44
  3.7580E+00  2.1836E+44  5.2513E+43  9.0361E+39  1.6583E+44
  3.9810E+00  2.0105E+44  4.8945E+43  6.5432E+39  1.5210E+44
  4.2170E+00  1.8492E+44  4.5401E+43  4.7332E+39  1.3951E+44
  4.4670E+00  1.6990E+44  4.1930E+43  3.4198E+39  1.2796E+44
  4.7320E+00  1.5599E+44  3.8624E+43  2.4674E+39  1.1737E+44
  5.0120E+00  1.4343E+44  3.5515E+43  1.7821E+39  1.0791E+44
  5.3090E+00  1.2862E+44  3.2597E+43  1.2545E+39  9.6024E+43
  5.6230E+00  1.1472E+44  2.9919E+43  8.7704E+38  8.4805E+43
  5.9570E+00  1.0183E+44  2.7513E+43  6.0922E+38  7.4316E+43
  6.3100E+00  8.9823E+43  2.5113E+43  4.1974E+38  6.4710E+43
  6.6830E+00  7.9196E+43  2.3182E+43  2.8803E+38  5.6014E+43
  7.0790E+00  6.9426E+43  2.1236E+43  1.9534E+38  4.8190E+43
  7.4990E+00  6.2030E+43  2.0801E+43  1.3351E+38  4.1229E+43
  7.9430E+00  6.1938E+43  2.6829E+43  1.0213E+38  3.5109E+43
  8.4140E+00  6.9535E+43  3.9783E+43  9.3542E+37  2.9752E+43
  8.9130E+00  7.6220E+43  5.1116E+43  8.9401E+37  2.5104E+43
  9.4410E+00  8.1189E+43  6.0088E+43  9.2170E+37  2.1101E+43
  1.0000E+01  6.8338E+43  5.0667E+43  6.6141E+37  1.7671E+43
  1.0590E+01  5.4727E+43  3.9969E+43  4.3789E+37  1.4758E+43
  1.1220E+01  4.2035E+43  2.9767E+43  2.5924E+37  1.2267E+43
  1.1890E+01  3.2723E+43  2.2564E+43  1.5605E+37  1.0159E+43
  1.2590E+01  2.5589E+43  1.7177E+43  9.2444E+36  8.4119E+42
  1.3340E+01  2.0287E+43  1.3355E+43  5.4719E+36  6.9319E+42
  1.4130E+01  1.6891E+43  1.1186E+43  3.3363E+36  5.7050E+42
  1.4960E+01  1.5717E+43  1.1025E+43  2.3265E+36  4.6919E+42
  1.5850E+01  1.5145E+43  1.1304E+43  1.7481E+36  3.8414E+42
  1.6790E+01  1.4749E+43  1.1608E+43  1.3792E+36  3.1409E+42
  1.7780E+01  1.4075E+43  1.1509E+43  1.0992E+36  2.5663E+42
  1.8840E+01  1.2807E+43  1.0718E+43  8.3861E+35  2.0888E+42
  1.9950E+01  1.1093E+43  9.3919E+42  5.9232E+35  1.7013E+42
  2.1130E+01  9.5166E+42  8.1340E+42  4.0149E+35  1.3827E+42
  2.2390E+01  8.2233E+42  7.1031E+42  2.7287E+35  1.1203E+42
  2.3710E+01  7.1462E+42  6.2375E+42  1.8561E+35  9.0864E+41
  2.5120E+01  6.2172E+42  5.4824E+42  1.2666E+35  7.3479E+41
  2.6610E+01  5.3987E+42  4.8049E+42  8.6087E+34  5.9383E+41
  2.8180E+01  4.6750E+42  4.1950E+42  5.8541E+34  4.7994E+41
  2.9850E+01  4.0205E+42  3.6334E+42  3.9658E+34  3.8717E+41
  3.1620E+01  3.4251E+42  3.1131E+42  2.6645E+34  3.1199E+41
  3.3500E+01  2.8855E+42  2.6345E+42  1.7741E+34  2.5106E+41
  3.5480E+01  2.4047E+42  2.2026E+42  1.1711E+34  2.0210E+41
  3.7580E+01  1.9779E+42  1.8154E+42  7.6421E+33  1.6253E+41
  3.9810E+01  1.6027E+42  1.4722E+42  4.9228E+33  1.3054E+41
  4.2170E+01  1.2824E+42  1.1776E+42  3.1334E+33  1.0479E+41
  4.4670E+01  1.0141E+42  9.3007E+41  1.9704E+33  8.4074E+40
  4.7320E+01  7.9385E+41  7.2645E+41  1.2263E+33  6.7400E+40
  5.0120E+01  6.1603E+41  5.6200E+41  7.5671E+32  5.4034E+40
  5.3090E+01  4.7411E+41  4.3083E+41  4.6318E+32  4.3282E+40
  5.6230E+01  3.6255E+41  3.2788E+41  2.8174E+32  3.4667E+40
  5.9570E+01  2.7533E+41  2.4761E+41  1.7024E+32  2.7728E+40
  6.3100E+01  2.0816E+41  1.8598E+41  1.0246E+32  2.2180E+40
  6.6830E+01  1.5677E+41  1.3903E+41  6.1464E+31  1.7744E+40
  7.0790E+01  1.1764E+41  1.0346E+41  3.6759E+31  1.4183E+40
  7.4990E+01  8.7986E+40  7.6657E+40  2.1929E+31  1.1329E+40
  7.9430E+01  6.5680E+40  5.6629E+40  1.3069E+31  9.0505E+39
  8.4140E+01  4.8930E+40  4.1704E+40  7.7782E+30  7.2256E+39
  8.9130E+01  3.6418E+40  3.0652E+40  4.6293E+30  5.7665E+39
  9.4410E+01  2.7086E+40  2.2484E+40  2.7557E+30  4.6021E+39
  1.0000E+02  2.0133E+40  1.6460E+40  1.6409E+30  3.6722E+39
  1.0590E+02  1.4976E+40  1.2045E+40  9.7886E+29  2.9317E+39
  1.1220E+02  1.1136E+40  8.8007E+39  5.8384E+29  2.3358E+39
  1.1890E+02  8.2950E+39  6.4359E+39  3.4898E+29  1.8590E+39
  1.2590E+02  6.2180E+39  4.7342E+39  2.1002E+29  1.4838E+39
  1.3340E+02  4.6711E+39  3.4900E+39  1.2681E+29  1.1811E+39
  1.4130E+02  3.4984E+39  2.5573E+39  7.6747E+28  9.4117E+38
  1.4960E+02  2.5931E+39  1.8419E+39  4.6090E+28  7.5121E+38
  1.5850E+02  1.9148E+39  1.3170E+39  2.7535E+28  5.9781E+38
  1.7780E+02  1.0578E+39  6.7839E+38  9.9476E+27  3.7942E+38
  1.9950E+02  5.9058E+38  3.5015E+38  3.6348E+27  2.4043E+38
  2.2390E+02  3.3264E+38  1.8048E+38  1.3413E+27  1.5216E+38
  2.5120E+02  1.8935E+38  9.2978E+37  5.0024E+26  9.6376E+37
  2.8180E+02  1.0886E+38  4.7812E+37  1.8829E+26  6.1043E+37
  3.1620E+02  6.3135E+37  2.4518E+37  7.1382E+25  3.8617E+37
  3.5480E+02  3.6972E+37  1.2551E+37  2.7252E+25  2.4421E+37
  3.9810E+02  2.1856E+37  6.4138E+36  1.0477E+25  1.5442E+37
  4.4670E+02  1.3032E+37  3.2719E+36  4.0504E+24  9.7603E+36
  5.0120E+02  7.8365E+36  1.6670E+36  1.5742E+24  6.1695E+36
  5.6230E+02  4.7489E+36  8.4854E+35  6.1450E+23  3.9003E+36
  6.3100E+02  2.8939E+36  4.3099E+35  2.4057E+23  2.4629E+36
  7.0790E+02  1.7757E+36  2.1889E+35  9.4571E+22  1.5568E+36
  7.9430E+02  1.0942E+36  1.1097E+35  3.7244E+22  9.8325E+35
  8.9130E+02  6.7696E+35  5.6188E+34  1.4694E+22  6.2077E+35
  1.0000E+03  4.2057E+35  2.8439E+34  5.8117E+21  3.9214E+35
