  1.0000E-03  2.1316E+41  0.0000E+00  2.1316E+41  1.2842E+32
  1.1220E-03  7.8885E+40  0.0000E+00  7.8885E+40  8.1928E+28
  1.2590E-03  2.8438E+40  0.0000E+00  2.8438E+40  3.2710E+25
  1.4130E-03  1.0545E+40  0.0000E+00  1.0545E+40  9.2579E+21
  1.5850E-03  5.0252E+39  0.0000E+00  5.0252E+39  9.1915E+18
  1.7780E-03  5.2905E+39  0.0000E+00  5.2905E+39  9.4666E+17
  1.9950E-03  1.7149E+39  0.0000E+00  1.7149E+39  1.0748E+12
  2.2390E-03  7.1701E+38  0.0000E+00  7.1701E+38  3.1764E+07
  2.5120E-03  8.1220E+38  0.0000E+00  8.1220E+38  3.5518E+05
  2.8180E-03  2.2948E+38  0.0000E+00  2.2948E+38  1.1402E-03
  3.1620E-03  7.2802E+37  0.0000E+00  7.2802E+37  2.7659E-11
  3.5480E-03  2.4446E+37  0.0000E+00  2.4446E+37  1.8808E-18
  3.9810E-03  8.9495E+36  0.0000E+00  8.9495E+36  5.8925E-25
  4.4670E-03  1.1698E+39  0.0000E+00  1.1698E+39  5.1349E+01
  5.0120E-03  3.3647E+38  0.0000E+00  3.3647E+38  3.6831E-08
  5.6230E-03  9.8023E+37  0.0000E+00  9.8023E+37  3.1837E-17
  5.9570E-03  5.4425E+37  0.0000E+00  5.4425E+37  1.4819E-21
  6.6830E-03  1.9163E+37  0.0000E+00  1.9163E+37  2.7046E-29
  7.4990E-03  8.6797E+36  0.0000E+00  8.6797E+36  2.0358E-35
  8.4140E-03  3.3516E+36  0.0000E+00  3.3516E+36  1.0702E-42
  9.4410E-03  1.5503E+36  0.0000E+00  1.5503E+36  1.5189E-48
  1.0590E-02  1.0133E+36  0.0000E+00  1.0133E+36  3.0751E-51
  1.1890E-02  4.9588E+35  0.0000E+00  4.9588E+35  7.5965E-58
  1.3340E-02  2.6332E+35  0.0000E+00  2.6332E+35  8.3814E-63
  1.4960E-02  1.2407E+35  0.0000E+00  1.2407E+35  4.3910E-69
  1.6790E-02  6.1408E+34  0.0000E+00  6.1408E+34  8.4959E-75
  1.8840E-02  3.2690E+34  0.0000E+00  3.2690E+34  8.8723E-80
  2.1130E-02  1.7196E+34  0.0000E+00  1.7196E+34  2.1308E-85
  2.3710E-02  8.6436E+33  0.0000E+00  8.6436E+33  3.0202E-91
  2.6610E-02  4.0523E+33  0.0000E+00  4.0523E+33  1.2505E-97
  2.9850E-02  1.9079E+33  0.0000E+00  1.9079E+33  0.0000E+00
  3.3500E-02  8.7998E+32  0.0000E+00  8.7998E+32  0.0000E+00
  3.7580E-02  7.4340E+32  0.0000E+00  7.4340E+32  0.0000E+00
  4.2170E-02  4.5270E+32  0.0000E+00  4.5270E+32  0.0000E+00
  4.7320E-02  7.3997E+31  0.0000E+00  7.3997E+31  0.0000E+00
  5.3090E-02  7.7480E+30  0.0000E+00  7.7480E+30  0.0000E+00
  6.6830E-02  1.0009E+27  0.0000E+00  1.0009E+27  0.0000E+00
  7.4990E-02  2.6945E+24  0.0000E+00  2.6945E+24  0.0000E+00
  8.4140E-02  1.0579E+25  0.0000E+00  1.0579E+25  0.0000E+00
  9.4410E-02  2.9599E+25  0.0000E+00  2.9599E+25  0.0000E+00
  1.0590E-01  1.8459E+27  0.0000E+00  1.8459E+27  0.0000E+00
  1.1890E-01  1.5444E+29  0.0000E+00  1.5444E+29  0.0000E+00
  1.3340E-01  3.7545E+30  0.0000E+00  3.7545E+30  0.0000E+00
  1.4960E-01  2.4161E+31  0.0000E+00  2.4161E+31  0.0000E+00
  1.5850E-01  3.2974E+31  0.0000E+00  3.2974E+31  0.0000E+00
  1.7780E-01  1.6961E+31  0.0000E+00  1.6961E+31  0.0000E+00
  1.9950E-01  2.8359E+29  0.0000E+00  2.8359E+29  0.0000E+00
  2.2390E-01  2.2551E+28  0.0000E+00  2.2551E+28  0.0000E+00
  2.3710E-01  4.2150E+29  0.0000E+00  4.2150E+29  0.0000E+00
  2.5120E-01  8.0141E+30  0.0000E+00  8.0141E+30  0.0000E+00
  2.6610E-01  5.4466E+31  0.0000E+00  5.4466E+31  0.0000E+00
  2.8180E-01  2.0472E+32  0.0000E+00  2.0472E+32  0.0000E+00
  2.9850E-01  5.7069E+32  0.0000E+00  5.7069E+32  0.0000E+00
  3.1620E-01  1.4404E+33  0.0000E+00  1.4404E+33  1.2119E-98
  3.3500E-01  3.3688E+33  6.1180E-85  3.3688E+33  4.3628E-91
  3.5480E-01  7.1695E+33  2.9200E-78  7.1695E+33  2.5639E-84
  3.7580E-01  1.5110E+34  1.0021E-71  1.5110E+34  1.1850E-77
  3.9810E-01  3.0085E+34  9.9213E-66  3.0085E+34  1.4050E-71
  4.2170E-01  6.3928E+34  2.0580E-59  6.3928E+34  4.7888E-65
  4.4670E-01  1.3471E+35  2.3702E-53  1.3471E+35  9.2465E-59
  4.7320E-01  2.8124E+35  1.8174E-47  2.8124E+35  1.2452E-52
  5.0120E-01  5.7557E+35  8.1739E-42  5.7557E+35  1.0028E-46
  5.3090E-01  1.1931E+36  3.5230E-36  1.1931E+36  8.6767E-41
  5.6230E-01  2.3531E+36  5.4345E-31  2.3531E+36  2.4206E-35
  5.9570E-01  4.5016E+36  4.3797E-26  4.5016E+36  3.3972E-30
  6.3100E-01  8.5271E+36  2.5444E-21  8.5271E+36  3.5908E-25
  6.6830E-01  1.5927E+37  1.0536E-16  1.5927E+37  2.8005E-20
  7.0790E-01  2.9220E+37  2.8051E-12  2.9220E+37  1.4025E-15
  7.4990E-01  5.1453E+37  3.7127E-08  5.1453E+37  3.2842E-11
  7.9430E-01  8.8568E+37  3.2378E-04  8.8568E+37  5.0715E-07
  8.4140E-01  1.4968E+38  1.9998E+00  1.4968E+38  5.5629E-03
  8.9130E-01  2.5380E+38  1.1465E+04  2.5380E+38  5.9652E+01
  9.4410E-01  4.2192E+38  4.2695E+07  4.2192E+38  4.0261E+05
  1.0000E+00  6.7963E+38  8.2419E+10  6.7963E+38  1.3006E+09
  1.0590E+00  1.0817E+39  8.8884E+13  1.0817E+39  2.2065E+12
  1.1220E+00  1.7388E+39  6.1042E+16  1.7388E+39  2.2711E+15
  1.1890E+00  2.8761E+39  2.8490E+19  2.8761E+39  1.5335E+18
  1.2590E+00  4.9902E+39  9.9142E+21  4.9902E+39  7.6335E+20
  1.3340E+00  8.8669E+39  2.1663E+24  8.8669E+39  2.2605E+23
  1.4130E+00  1.5588E+40  2.6617E+26  1.5588E+40  3.5607E+25
  1.4960E+00  2.6759E+40  2.0372E+28  2.6759E+40  3.3593E+27
  1.5850E+00  4.4537E+40  1.0790E+30  4.4537E+40  2.1207E+29
  1.6790E+00  7.1555E+40  4.1829E+31  7.1555E+40  9.6305E+30
  1.7780E+00  1.0998E+41  1.2027E+33  1.0998E+41  3.1986E+32
  1.8840E+00  1.6022E+41  2.5596E+34  1.6022E+41  7.7041E+33
  1.9950E+00  2.2010E+41  4.0022E+35  2.2009E+41  1.3444E+35
  2.1130E+00  2.8421E+41  4.6177E+36  2.8421E+41  1.7020E+36
  2.2390E+00  3.4512E+41  3.9786E+37  3.4506E+41  1.5855E+37
  2.3710E+00  3.9517E+41  2.5934E+38  3.9480E+41  1.1066E+38
  2.5120E+00  4.2942E+41  1.3111E+39  4.2751E+41  5.9206E+38
  2.6610E+00  4.4845E+41  5.2855E+39  4.4065E+41  2.5096E+39
  2.8180E+00  4.6106E+41  1.7511E+40  4.3484E+41  8.7142E+39
  2.9850E+00  4.8705E+41  4.8851E+40  4.1282E+41  2.5381E+40
  3.1620E+00  5.6101E+41  1.1790E+41  3.7921E+41  6.3905E+40
  3.3500E+00  7.2488E+41  2.4786E+41  3.3761E+41  1.3941E+41
  3.5480E+00  1.0402E+42  4.7085E+41  2.9359E+41  2.7580E+41
  3.7580E+00  1.5581E+42  8.1302E+41  2.4960E+41  4.9545E+41
  3.9810E+00  2.3207E+42  1.2932E+42  2.0804E+41  8.1950E+41
  4.2170E+00  3.3513E+42  1.9171E+42  1.7049E+41  1.2638E+42
  4.4670E+00  4.6489E+42  2.6760E+42  1.3764E+41  1.8353E+42
  4.7320E+00  6.1583E+42  3.5325E+42  1.0951E+41  2.5162E+42
  5.0120E+00  7.8117E+42  4.4402E+42  8.6132E+40  3.2853E+42
  5.3090E+00  9.3707E+42  5.3414E+42  6.5841E+40  3.9635E+42
  5.6230E+00  1.0768E+43  6.1754E+42  4.9562E+40  4.5429E+42
  5.9570E+00  1.1880E+43  6.8871E+42  3.6770E+40  4.9560E+42
  6.3100E+00  1.2779E+43  7.4926E+42  2.6946E+40  5.2590E+42
  6.6830E+00  1.3385E+43  7.9963E+42  1.9577E+40  5.3695E+42
  7.0790E+00  1.3777E+43  8.3868E+42  1.4024E+40  5.3759E+42
  7.4990E+00  1.1948E+43  7.6219E+42  9.5512E+39  4.3167E+42
  7.9430E+00  4.7825E+42  3.5219E+42  5.5156E+39  1.2551E+42
  8.4140E+00  7.5797E+41  6.5615E+41  2.7626E+39  9.9054E+40
  8.9130E+00  1.3605E+41  1.2727E+41  1.4746E+39  7.2964E+39
  9.4410E+00  3.4231E+40  3.2765E+40  8.9001E+38  5.7601E+38
  1.0000E+01  6.6549E+40  6.4282E+40  8.1929E+38  1.4483E+39
  1.0590E+01  1.7212E+41  1.6539E+41  7.9220E+38  5.9361E+39
  1.1220E+01  5.0892E+41  4.7935E+41  7.3812E+38  2.8829E+40
  1.1890E+01  1.1213E+42  1.0342E+42  6.3856E+38  8.6512E+40
  1.2590E+01  2.1362E+42  1.9307E+42  5.2763E+38  2.0500E+41
  1.3340E+01  3.3832E+42  3.0153E+42  4.1331E+38  3.6751E+41
  1.4130E+01  4.2049E+42  3.7527E+42  3.0150E+38  4.5192E+41
  1.4960E+01  3.6529E+42  3.3495E+42  2.0697E+38  3.0319E+41
  1.5850E+01  2.9776E+42  2.8082E+42  1.4591E+38  1.6921E+41
  1.6790E+01  2.5075E+42  2.4177E+42  1.0791E+38  8.9698E+40
  1.7780E+01  2.3920E+42  2.3375E+42  8.5628E+37  5.4395E+40
  1.8840E+01  2.6838E+42  2.6391E+42  7.2824E+37  4.4605E+40
  1.9950E+01  3.3770E+42  3.3270E+42  6.3965E+37  4.9920E+40
  2.1130E+01  4.2458E+42  4.1880E+42  5.5148E+37  5.7711E+40
  2.2390E+01  5.1484E+42  5.0860E+42  4.7061E+37  6.2304E+40
  2.3710E+01  6.0568E+42  5.9924E+42  3.9702E+37  6.4444E+40
  2.5120E+01  6.9291E+42  6.8650E+42  3.3219E+37  6.4029E+40
  2.6610E+01  7.7342E+42  7.6720E+42  2.7414E+37  6.2205E+40
  2.8180E+01  8.4147E+42  8.3556E+42  2.2355E+37  5.9117E+40
  2.9850E+01  8.9352E+42  8.8800E+42  1.7976E+37  5.5217E+40
  3.1620E+01  9.2681E+42  9.2170E+42  1.4207E+37  5.1094E+40
  3.3500E+01  9.3886E+42  9.3417E+42  1.1029E+37  4.6846E+40
  3.5480E+01  9.2910E+42  9.2484E+42  8.4073E+36  4.2647E+40
  3.7580E+01  8.9947E+42  8.9561E+42  6.2912E+36  3.8672E+40
  3.9810E+01  8.5221E+42  8.4870E+42  4.6218E+36  3.5077E+40
  4.2170E+01  7.9074E+42  7.8757E+42  3.3320E+36  3.1705E+40
  4.4670E+01  7.1915E+42  7.1630E+42  2.3564E+36  2.8507E+40
  4.7320E+01  6.4179E+42  6.3924E+42  1.6372E+36  2.5445E+40
  5.0120E+01  5.6266E+42  5.6040E+42  1.1187E+36  2.2550E+40
  5.3090E+01  4.8493E+42  4.8295E+42  7.5245E+35  1.9817E+40
  5.6230E+01  4.1157E+42  4.0984E+42  4.9890E+35  1.7275E+40
  5.9570E+01  3.4408E+42  3.4259E+42  3.2618E+35  1.4924E+40
  6.3100E+01  2.8395E+42  2.8267E+42  2.1073E+35  1.2796E+40
  6.6830E+01  2.3155E+42  2.3046E+42  1.3469E+35  1.0894E+40
  7.0790E+01  1.8674E+42  1.8582E+42  8.5217E+34  9.2038E+39
  7.4990E+01  1.4905E+42  1.4828E+42  5.3416E+34  7.7242E+39
  7.9430E+01  1.1791E+42  1.1727E+42  3.3221E+34  6.4470E+39
  8.4140E+01  9.2502E+41  9.1967E+41  2.0502E+34  5.3506E+39
  8.9130E+01  7.2065E+41  7.1624E+41  1.2576E+34  4.4184E+39
  9.4410E+01  5.5780E+41  5.5417E+41  7.6704E+33  3.6342E+39
  1.0000E+02  4.2913E+41  4.2615E+41  4.6529E+33  2.9783E+39
  1.0590E+02  3.2866E+41  3.2622E+41  2.8121E+33  2.4342E+39
  1.1220E+02  2.5053E+41  2.4855E+41  1.6919E+33  1.9796E+39
  1.1890E+02  1.9054E+41  1.8894E+41  1.0164E+33  1.6038E+39
  1.2590E+02  1.4530E+41  1.4400E+41  6.1269E+32  1.2999E+39
  1.3340E+02  1.1083E+41  1.0978E+41  3.7018E+32  1.0482E+39
  1.4130E+02  8.3770E+40  8.2925E+40  2.2243E+32  8.4558E+38
  1.4960E+02  6.2015E+40  6.1332E+40  1.3070E+32  6.8341E+38
  1.5850E+02  4.5514E+40  4.4964E+40  7.5954E+31  5.5002E+38
  1.7780E+02  2.4606E+40  2.4250E+40  2.5736E+31  3.5546E+38
  1.9950E+02  1.3256E+40  1.3028E+40  8.7022E+30  2.2839E+38
  2.2390E+02  7.0975E+39  6.9514E+39  2.9292E+30  1.4609E+38
  2.5120E+02  3.7825E+39  3.6892E+39  9.8243E+29  9.3318E+37
  2.8180E+02  2.0059E+39  1.9464E+39  3.2824E+29  5.9502E+37
  3.1620E+02  1.0584E+39  1.0206E+39  1.0922E+29  3.7841E+37
  3.5480E+02  5.5668E+38  5.3265E+38  3.6248E+28  2.4030E+37
  3.9810E+02  2.9206E+38  2.7682E+38  1.2013E+28  1.5245E+37
  4.4670E+02  1.5296E+38  1.4330E+38  3.9784E+27  9.6611E+36
  5.0120E+02  8.0078E+37  7.3959E+37  1.3182E+27  6.1195E+36
  5.6230E+02  4.1948E+37  3.8073E+37  4.3744E+26  3.8752E+36
  6.3100E+02  2.1981E+37  1.9531E+37  1.4541E+26  2.4503E+36
  7.0790E+02  1.1557E+37  1.0006E+37  4.8561E+25  1.5504E+36
  7.9430E+02  6.0923E+36  5.1122E+36  1.6281E+25  9.8005E+35
  8.9130E+02  3.2253E+36  2.6061E+36  5.4901E+24  6.1916E+35
  1.0000E+03  1.7183E+36  1.3270E+36  1.8659E+24  3.9132E+35
