  1.0000E-03  8.7780E+44  0.0000E+00  1.1831E+42  8.7662E+44
  1.1220E-03  9.8512E+44  0.0000E+00  1.5500E+42  9.8357E+44
  1.2590E-03  1.1056E+45  0.0000E+00  1.9384E+42  1.1037E+45
  1.4130E-03  1.2410E+45  0.0000E+00  2.3321E+42  1.2387E+45
  1.5850E-03  1.3922E+45  0.0000E+00  2.7278E+42  1.3894E+45
  1.7780E-03  1.5621E+45  0.0000E+00  3.4745E+42  1.5586E+45
  1.9950E-03  1.7531E+45  0.0000E+00  4.3371E+42  1.7488E+45
  2.2390E-03  1.9676E+45  0.0000E+00  4.8505E+42  1.9627E+45
  2.5120E-03  2.2085E+45  0.0000E+00  6.5064E+42  2.2020E+45
  2.8180E-03  2.4782E+45  0.0000E+00  7.9860E+42  2.4702E+45
  3.1620E-03  2.7811E+45  0.0000E+00  9.2470E+42  2.7718E+45
  3.5480E-03  3.1207E+45  0.0000E+00  1.0370E+43  3.1103E+45
  3.9810E-03  3.5012E+45  0.0000E+00  1.1321E+43  3.4898E+45
  4.4670E-03  3.9303E+45  0.0000E+00  1.4466E+43  3.9158E+45
  5.0120E-03  4.4125E+45  0.0000E+00  1.8934E+43  4.3936E+45
  5.6230E-03  4.9528E+45  0.0000E+00  2.3564E+43  4.9292E+45
  5.9570E-03  5.2479E+45  0.0000E+00  2.5871E+43  5.2220E+45
  6.6830E-03  5.8889E+45  0.0000E+00  3.0334E+43  5.8585E+45
  7.4990E-03  6.6087E+45  0.0000E+00  3.4898E+43  6.5738E+45
  8.4140E-03  7.4156E+45  0.0000E+00  3.9795E+43  7.3758E+45
  9.4410E-03  8.3204E+45  0.0000E+00  4.4342E+43  8.2761E+45
  1.0590E-02  9.3307E+45  0.0000E+00  4.7399E+43  9.2833E+45
  1.1890E-02  1.0478E+46  0.0000E+00  5.4927E+43  1.0423E+46
  1.3340E-02  1.1754E+46  0.0000E+00  6.0292E+43  1.1694E+46
  1.4960E-02  1.3181E+46  0.0000E+00  6.7023E+43  1.3114E+46
  1.6790E-02  1.4792E+46  0.0000E+00  7.3553E+43  1.4718E+46
  1.8840E-02  1.6595E+46  0.0000E+00  7.9881E+43  1.6515E+46
  2.1130E-02  1.8612E+46  0.0000E+00  8.8189E+43  1.8524E+46
  2.3710E-02  2.0881E+46  0.0000E+00  9.6633E+43  2.0785E+46
  2.6610E-02  2.3432E+46  0.0000E+00  1.0549E+44  2.3326E+46
  2.9850E-02  2.6281E+46  3.2051E-83  1.1449E+44  2.6166E+46
  3.3500E-02  2.9490E+46  2.0576E-68  1.2361E+44  2.9367E+46
  3.7580E-02  3.3077E+46  2.5785E-55  1.3471E+44  3.2942E+46
  4.2170E-02  3.7128E+46  1.1231E-43  1.6149E+44  3.6967E+46
  4.7320E-02  4.1656E+46  2.9952E-33  1.7447E+44  4.1482E+46
  5.3090E-02  4.3384E+46  5.4353E-24  1.7205E+44  4.3212E+46
  6.6830E-02  4.1404E+46  1.9858E-08  1.3568E+44  4.1268E+46
  7.4990E-02  4.0441E+46  6.6282E-02  1.1240E+44  4.0328E+46
  8.4140E-02  3.9522E+46  3.4758E+04  1.1225E+44  3.9410E+46
  9.4410E-02  3.8627E+46  4.1751E+09  1.1401E+44  3.8513E+46
  1.0590E-01  3.5178E+46  1.1771E+14  1.2223E+44  3.5055E+46
  1.1890E-01  2.9584E+46  8.6970E+17  1.1613E+44  2.9467E+46
  1.3340E-01  2.4903E+46  1.7113E+21  1.0785E+44  2.4795E+46
  1.4960E-01  2.0969E+46  1.9114E+24  9.0556E+43  2.0878E+46
  1.5850E-01  1.9228E+46  5.6193E+25  8.2360E+43  1.9145E+46
  1.7780E-01  1.6183E+46  2.9579E+28  6.8983E+43  1.6114E+46
  1.9950E-01  1.3607E+46  8.9605E+30  4.9006E+43  1.3558E+46
  2.2390E-01  1.1442E+46  1.1217E+33  3.8592E+43  1.1403E+46
  2.3710E-01  1.0505E+46  7.4616E+33  4.0963E+43  1.0464E+46
  2.5120E-01  9.6373E+45  4.2411E+34  4.1530E+43  9.5958E+45
  2.6610E-01  8.8409E+45  2.2605E+35  3.9670E+43  8.8012E+45
  2.8180E-01  8.1128E+45  1.1083E+36  3.6765E+43  8.0761E+45
  2.9850E-01  7.4417E+45  4.9585E+36  3.3805E+43  7.4079E+45
  3.1620E-01  6.8258E+45  1.9953E+37  3.1114E+43  6.7947E+45
  3.3500E-01  6.2594E+45  7.3362E+37  2.8561E+43  6.2308E+45
  3.5480E-01  5.7426E+45  2.4717E+38  2.6130E+43  5.7165E+45
  3.7580E-01  5.2680E+45  7.7100E+38  2.3807E+43  5.2442E+45
  3.9810E-01  4.8314E+45  2.2147E+39  2.1711E+43  4.8097E+45
  4.2170E-01  4.4314E+45  5.8503E+39  1.9716E+43  4.4116E+45
  4.4670E-01  4.0645E+45  1.4323E+40  1.7924E+43  4.0466E+45
  4.7320E-01  3.7277E+45  3.2987E+40  1.6234E+43  3.7115E+45
  5.0120E-01  3.4195E+45  7.1664E+40  1.4642E+43  3.4048E+45
  5.3090E-01  3.1365E+45  1.4768E+41  1.3130E+43  3.1232E+45
  5.6230E-01  2.8772E+45  2.8817E+41  1.1774E+43  2.8651E+45
  5.9570E-01  2.6386E+45  5.3614E+41  1.0533E+43  2.6276E+45
  6.3100E-01  2.4207E+45  9.5035E+41  9.3845E+42  2.4103E+45
  6.6830E-01  2.2213E+45  1.6078E+42  8.3206E+42  2.2114E+45
  7.0790E-01  2.0384E+45  2.6057E+42  7.3562E+42  2.0284E+45
  7.4990E-01  1.8710E+45  4.0525E+42  6.4877E+42  1.8605E+45
  7.9430E-01  1.7183E+45  6.0554E+42  5.6933E+42  1.7066E+45
  8.4140E-01  1.5790E+45  8.7301E+42  4.9682E+42  1.5653E+45
  8.9130E-01  1.4522E+45  1.2173E+43  4.2971E+42  1.4357E+45
  9.4410E-01  1.3371E+45  1.6433E+43  3.6946E+42  1.3170E+45
  1.0000E+00  1.2328E+45  2.1527E+43  3.1627E+42  1.2081E+45
  1.0590E+00  1.1387E+45  2.7410E+43  2.6975E+42  1.1086E+45
  1.1220E+00  1.0530E+45  3.4135E+43  2.2852E+42  1.0165E+45
  1.1890E+00  9.7538E+44  4.1633E+43  1.9188E+42  9.3183E+44
  1.2590E+00  9.0635E+44  4.9554E+43  1.5932E+42  8.5520E+44
  1.3340E+00  8.4336E+44  5.7938E+43  1.3133E+42  7.8411E+44
  1.4130E+00  7.8669E+44  6.6340E+43  1.0812E+42  7.1927E+44
  1.4960E+00  7.3574E+44  7.4597E+43  8.8736E+41  6.6026E+44
  1.5850E+00  6.8903E+44  8.2876E+43  7.2278E+41  6.0543E+44
  1.6790E+00  6.4652E+44  9.0634E+43  5.8330E+41  5.5530E+44
  1.7780E+00  6.0759E+44  9.7553E+43  4.6542E+41  5.0957E+44
  1.8840E+00  5.7138E+44  1.0383E+44  3.6658E+41  4.6719E+44
  1.9950E+00  5.3807E+44  1.0904E+44  2.8531E+41  4.2875E+44
  2.1130E+00  5.0683E+44  1.1328E+44  2.1946E+41  3.9333E+44
  2.2390E+00  4.7721E+44  1.1643E+44  1.6700E+41  3.6061E+44
  2.3710E+00  4.4933E+44  1.1829E+44  1.2600E+41  3.3092E+44
  2.5120E+00  4.2267E+44  1.1913E+44  9.4397E+40  3.0344E+44
  2.6610E+00  3.9720E+44  1.1880E+44  7.0328E+40  2.7832E+44
  2.8180E+00  3.7269E+44  1.1726E+44  5.2136E+40  2.5538E+44
  2.9850E+00  3.4904E+44  1.1474E+44  3.8489E+40  2.3426E+44
  3.1620E+00  3.2615E+44  1.1125E+44  2.8306E+40  2.1487E+44
  3.3500E+00  3.0437E+44  1.0731E+44  2.0774E+40  1.9704E+44
  3.5480E+00  2.8323E+44  1.0244E+44  1.5194E+40  1.8078E+44
  3.7580E+00  2.6297E+44  9.7129E+43  1.1082E+40  1.6583E+44
  3.9810E+00  2.4359E+44  9.1481E+43  8.0610E+39  1.5210E+44
  4.2170E+00  2.2507E+44  8.5558E+43  5.8488E+39  1.3951E+44
  4.4670E+00  2.0745E+44  7.9485E+43  4.2322E+39  1.2796E+44
  4.7320E+00  1.9085E+44  7.3480E+43  3.0542E+39  1.1737E+44
  5.0120E+00  1.7556E+44  6.7642E+43  2.2029E+39  1.0791E+44
  5.3090E+00  1.5803E+44  6.2002E+43  1.5535E+39  9.6024E+43
  5.6230E+00  1.4149E+44  5.6687E+43  1.0881E+39  8.4805E+43
  5.9570E+00  1.2610E+44  5.1783E+43  7.5734E+38  7.4316E+43
  6.3100E+00  1.1155E+44  4.6835E+43  5.2227E+38  6.4710E+43
  6.6830E+00  9.8670E+43  4.2656E+43  3.5889E+38  5.6014E+43
  7.0790E+00  8.6635E+43  3.8445E+43  2.4340E+38  4.8190E+43
  7.4990E+00  7.8485E+43  3.7256E+43  1.6842E+38  4.1229E+43
  7.9430E+00  8.3954E+43  4.8845E+43  1.3771E+38  3.5109E+43
  8.4140E+00  1.0328E+44  7.3528E+43  1.3797E+38  2.9752E+43
  8.9130E+00  1.1923E+44  9.4131E+43  1.3875E+38  2.5104E+43
  9.4410E+00  1.3045E+44  1.0935E+44  1.4679E+38  2.1101E+43
  1.0000E+01  1.0764E+44  8.9969E+43  1.0331E+38  1.7671E+43
  1.0590E+01  8.3558E+43  6.8800E+43  6.6387E+37  1.4758E+43
  1.1220E+01  6.1411E+43  4.9144E+43  3.7700E+37  1.2267E+43
  1.1890E+01  4.5665E+43  3.5506E+43  2.1749E+37  1.0159E+43
  1.2590E+01  3.3879E+43  2.5467E+43  1.2285E+37  8.4119E+42
  1.3340E+01  2.5408E+43  1.8476E+43  6.9259E+36  6.9319E+42
  1.4130E+01  2.0173E+43  1.4468E+43  4.0601E+36  5.7050E+42
  1.4960E+01  1.8401E+43  1.3709E+43  2.7962E+36  4.6919E+42
  1.5850E+01  1.7396E+43  1.3554E+43  2.0775E+36  3.8414E+42
  1.6790E+01  1.6508E+43  1.3367E+43  1.6109E+36  3.1409E+42
  1.7780E+01  1.5158E+43  1.2591E+43  1.2478E+36  2.5663E+42
  1.8840E+01  1.3055E+43  1.0966E+43  9.1252E+35  2.0888E+42
  1.9950E+01  1.0550E+43  8.8484E+42  6.1049E+35  1.7013E+42
  2.1130E+01  8.3838E+42  7.0011E+42  3.8987E+35  1.3827E+42
  2.2390E+01  6.6920E+42  5.5717E+42  2.4914E+35  1.1203E+42
  2.3710E+01  5.3660E+42  4.4574E+42  1.5921E+35  9.0864E+41
  2.5120E+01  4.3057E+42  3.5709E+42  1.0201E+35  7.3479E+41
  2.6610E+01  3.4515E+42  2.8577E+42  6.5146E+34  5.9383E+41
  2.8180E+01  2.7666E+42  2.2867E+42  4.1706E+34  4.7994E+41
  2.9850E+01  2.2096E+42  1.8225E+42  2.6666E+34  3.8717E+41
  3.1620E+01  1.7553E+42  1.4433E+42  1.6966E+34  3.1199E+41
  3.3500E+01  1.3858E+42  1.1347E+42  1.0741E+34  2.5106E+41
  3.5480E+01  1.0888E+42  8.8666E+41  6.7764E+33  2.0210E+41
  3.7580E+01  8.4877E+41  6.8624E+41  4.2458E+33  1.6253E+41
  3.9810E+01  6.5503E+41  5.2450E+41  2.6374E+33  1.3054E+41
  4.2170E+01  5.0174E+41  3.9695E+41  1.6264E+33  1.0479E+41
  4.4670E+01  3.8176E+41  2.9769E+41  9.9535E+32  8.4074E+40
  4.7320E+01  2.8891E+41  2.2151E+41  6.0557E+32  6.7400E+40
  5.0120E+01  2.1780E+41  1.6377E+41  3.6688E+32  5.4034E+40
  5.3090E+01  1.6360E+41  1.2031E+41  2.2142E+32  4.3282E+40
  5.6230E+01  1.2265E+41  8.7987E+40  1.3334E+32  3.4667E+40
  5.9570E+01  9.1720E+40  6.3992E+40  8.0079E+31  2.7728E+40
  6.3100E+01  6.8582E+40  4.6401E+40  4.8086E+31  2.2180E+40
  6.6830E+01  5.1303E+40  3.3558E+40  2.8887E+31  1.7744E+40
  7.0790E+01  3.8390E+40  2.4207E+40  1.7359E+31  1.4183E+40
  7.4990E+01  2.8748E+40  1.7418E+40  1.0440E+31  1.1329E+40
  7.9430E+01  2.1569E+40  1.2519E+40  6.2915E+30  9.0505E+39
  8.4140E+01  1.6209E+40  8.9837E+39  3.7968E+30  7.2256E+39
  8.9130E+01  1.2211E+40  6.4440E+39  2.2967E+30  5.7665E+39
  9.4410E+01  9.2218E+39  4.6197E+39  1.3928E+30  4.6021E+39
  1.0000E+02  6.9823E+39  3.3100E+39  8.4656E+29  3.6722E+39
  1.0590E+02  5.3051E+39  2.3734E+39  5.1630E+29  2.9317E+39
  1.1220E+02  4.0367E+39  1.7010E+39  3.1509E+29  2.3358E+39
  1.1890E+02  3.0802E+39  1.2211E+39  1.9273E+29  1.8590E+39
  1.2590E+02  2.3664E+39  8.8257E+38  1.1864E+29  1.4838E+39
  1.3340E+02  1.8206E+39  6.3952E+38  7.3193E+28  1.1811E+39
  1.4130E+02  1.4025E+39  4.6135E+38  4.5384E+28  9.4117E+38
  1.4960E+02  1.0792E+39  3.2797E+38  2.8097E+28  7.5121E+38
  1.5850E+02  8.2945E+38  2.3164E+38  1.7320E+28  5.9781E+38
  1.7780E+02  4.9605E+38  1.1663E+38  6.6377E+27  3.7942E+38
  1.9950E+02  2.9940E+38  5.8960E+37  2.5612E+27  2.4043E+38
  2.2390E+02  1.8199E+38  2.9832E+37  9.9383E+26  1.5216E+38
  2.5120E+02  1.1149E+38  1.5117E+37  3.8800E+26  9.6376E+37
  2.8180E+02  6.8704E+37  7.6607E+36  1.5216E+26  6.1043E+37
  3.1620E+02  4.2495E+37  3.8776E+36  5.9812E+25  3.8617E+37
  3.5480E+02  2.6383E+37  1.9622E+36  2.3565E+25  2.4421E+37
  3.9810E+02  1.6434E+37  9.9246E+35  9.3081E+24  1.5442E+37
  4.4670E+02  1.0262E+37  5.0168E+35  3.6823E+24  9.7603E+36
  5.0120E+02  6.4230E+36  2.5354E+35  1.4591E+24  6.1695E+36
  5.6230E+02  4.0285E+36  1.2813E+35  5.7887E+23  3.9003E+36
  6.3100E+02  2.5276E+36  6.4659E+34  2.2968E+23  2.4629E+36
  7.0790E+02  1.5894E+36  3.2651E+34  9.1294E+22  1.5568E+36
  7.9430E+02  9.9972E+35  1.6469E+34  3.6281E+22  9.8325E+35
  8.9130E+02  6.2907E+35  8.3004E+33  1.4421E+22  6.2077E+35
  1.0000E+03  3.9632E+35  4.1841E+33  5.7379E+21  3.9214E+35
