  1.0000E-03  1.1373E+44  0.0000E+00  3.6648E+42  1.1007E+44
  1.1220E-03  7.7082E+43  0.0000E+00  4.0494E+42  7.3033E+43
  1.2590E-03  5.1110E+43  0.0000E+00  4.2557E+42  4.6855E+43
  1.4130E-03  3.3598E+43  0.0000E+00  4.2821E+42  2.9316E+43
  1.5850E-03  2.4229E+43  0.0000E+00  4.2530E+42  1.9976E+43
  1.7780E-03  2.3711E+43  0.0000E+00  4.9382E+42  1.8773E+43
  1.9950E-03  1.2687E+43  0.0000E+00  4.7346E+42  7.9522E+42
  2.2390E-03  8.4325E+42  0.0000E+00  4.2106E+42  4.2218E+42
  2.5120E-03  8.3679E+42  0.0000E+00  4.9833E+42  3.3846E+42
  2.8180E-03  5.3508E+42  0.0000E+00  4.4017E+42  9.4915E+41
  3.1620E-03  4.1060E+42  0.0000E+00  3.7993E+42  3.0673E+41
  3.5480E-03  3.3590E+42  0.0000E+00  3.2524E+42  1.0661E+41
  3.9810E-03  2.8402E+42  0.0000E+00  2.7989E+42  4.1282E+40
  4.4670E-03  1.8370E+43  0.0000E+00  1.5025E+43  3.3442E+42
  5.0120E-03  1.3604E+43  0.0000E+00  1.2768E+43  8.3602E+41
  5.6230E-03  1.0668E+43  0.0000E+00  1.0456E+43  2.1150E+41
  5.9570E-03  9.5303E+42  0.0000E+00  9.4204E+42  1.0989E+41
  6.6830E-03  7.8071E+42  0.0000E+00  7.7726E+42  3.4483E+40
  7.4990E-03  6.6781E+42  0.0000E+00  6.6640E+42  1.4047E+40
  8.4140E-03  5.5736E+42  0.0000E+00  5.5688E+42  4.7599E+39
  9.4410E-03  4.7592E+42  0.0000E+00  4.7572E+42  2.0323E+39
  1.0590E-02  4.2130E+42  0.0000E+00  4.2115E+42  1.4402E+39
  1.1890E-02  3.7559E+42  0.0000E+00  3.7554E+42  5.4521E+38
  1.3340E-02  3.2698E+42  0.0000E+00  3.2695E+42  2.6882E+38
  1.4960E-02  2.8026E+42  0.0000E+00  2.8025E+42  1.0710E+38
  1.6790E-02  2.3994E+42  0.0000E+00  2.3994E+42  4.6773E+37
  1.8840E-02  2.0642E+42  0.0000E+00  2.0642E+42  2.2965E+37
  2.1130E-02  1.7892E+42  0.0000E+00  1.7892E+42  1.0172E+37
  2.3710E-02  1.5254E+42  0.0000E+00  1.5254E+42  4.3426E+36
  2.6610E-02  1.2727E+42  0.0000E+00  1.2727E+42  1.7003E+36
  2.9850E-02  1.0522E+42  0.0000E+00  1.0522E+42  6.7556E+35
  3.3500E-02  8.5994E+41  4.2357E-77  8.5994E+41  2.6384E+35
  3.7580E-02  8.8766E+41  4.2841E-64  8.8766E+41  2.2391E+35
  4.2170E-02  8.0560E+41  8.2867E-53  8.0560E+41  8.6332E+34
  4.7320E-02  4.4192E+41  3.3177E-43  4.4192E+41  7.8525E+33
  5.3090E-02  1.9977E+41  6.3246E-35  1.9977E+41  4.0596E+32
  6.6830E-02  1.1704E+40  3.5969E-23  1.1704E+40  2.8054E+27
  7.4990E-02  2.3725E+39  5.0235E-19  2.3725E+39  1.4115E+24
  8.4140E-02  3.2417E+39  1.0313E-12  3.2417E+39  9.0911E+24
  9.4410E-02  4.3761E+39  3.2225E-07  4.3761E+39  3.2996E+25
  1.0590E-01  1.5898E+40  4.3528E-01  1.5898E+40  6.0312E+27
  1.1890E-01  7.1325E+40  2.5666E+05  7.1325E+40  2.0749E+30
  1.3340E-01  2.2646E+41  1.2283E+10  2.2646E+41  1.3685E+32
  1.4960E-01  4.5973E+41  1.1188E+14  4.5973E+41  1.9257E+33
  1.5850E-01  4.9149E+41  4.8656E+15  4.9149E+41  2.9536E+33
  1.7780E-01  2.8001E+41  1.3836E+18  2.8001E+41  1.0476E+33
  1.9950E-01  3.9798E+40  1.0239E+19  3.9798E+40  5.6399E+30
  2.2390E-01  1.1146E+40  1.4252E+20  1.1146E+40  2.2097E+29
  2.3710E-01  2.8450E+40  1.4926E+22  2.8450E+40  8.4808E+30
  2.5120E-01  7.4357E+40  1.5378E+24  7.4357E+40  3.8149E+32
  2.6610E-01  1.3571E+41  5.9700E+25  1.3571E+41  4.8975E+33
  2.8180E-01  1.9873E+41  1.2461E+27  1.9873E+41  3.0263E+34
  2.9850E-01  2.6145E+41  1.7640E+28  2.6145E+41  1.2518E+35
  3.1620E-01  3.3116E+41  2.0062E+29  3.3116E+41  4.4336E+35
  3.3500E-01  4.0675E+41  1.9225E+30  4.0675E+41  1.4038E+36
  3.5480E-01  4.8206E+41  1.5340E+31  4.8206E+41  3.9084E+36
  3.7580E-01  5.6217E+41  1.1216E+32  5.6216E+41  1.0680E+37
  3.9810E-01  6.4494E+41  7.0250E+32  6.4491E+41  2.6516E+37
  4.2170E-01  7.4457E+41  4.3010E+33  7.4450E+41  7.0854E+37
  4.4670E-01  8.5621E+41  2.3716E+34  8.5603E+41  1.8195E+38
  4.7320E-01  9.7526E+41  1.2090E+35  9.7481E+41  4.5535E+38
  5.0120E-01  1.0974E+42  5.6637E+35  1.0963E+42  1.0988E+39
  5.3090E-01  1.2263E+42  2.5337E+36  1.2236E+42  2.6630E+39
  5.6230E-01  1.3528E+42  1.0092E+37  1.3468E+42  5.9610E+39
  5.9570E-01  1.4783E+42  3.6941E+37  1.4656E+42  1.2709E+40
  6.3100E-01  1.6104E+42  1.2703E+38  1.5837E+42  2.6563E+40
  6.6830E-01  1.7509E+42  4.1062E+38  1.6961E+42  5.4338E+40
  7.0790E-01  1.9168E+42  1.2423E+39  1.8078E+42  1.0776E+41
  7.4990E-01  2.1165E+42  3.4580E+39  1.9104E+42  2.0262E+41
  7.9430E-01  2.3873E+42  9.0454E+39  2.0081E+42  3.7018E+41
  8.4140E-01  2.7800E+42  2.2423E+40  2.0973E+42  6.6024E+41
  8.9130E-01  3.4145E+42  5.3847E+40  2.1845E+42  1.1761E+42
  9.4410E-01  4.4041E+42  1.2209E+41  2.2541E+42  2.0279E+42
  1.0000E+00  5.8725E+42  2.5743E+41  2.2957E+42  3.3194E+42
  1.0590E+00  8.0184E+42  5.0823E+41  2.3158E+42  5.1943E+42
  1.1220E+00  1.1110E+43  9.5298E+41  2.3136E+42  7.8437E+42
  1.1890E+00  1.5488E+43  1.7069E+42  2.2850E+42  1.1496E+43
  1.2590E+00  2.1672E+43  2.9325E+42  2.2279E+42  1.6512E+43
  1.3340E+00  2.9767E+43  4.7875E+42  2.1393E+42  2.2840E+43
  1.4130E+00  3.9593E+43  7.3469E+42  2.0251E+42  3.0221E+43
  1.4960E+00  5.1176E+43  1.0703E+43  1.8898E+42  3.8584E+43
  1.5850E+00  6.4542E+43  1.4978E+43  1.7355E+42  4.7828E+43
  1.6790E+00  7.9665E+43  2.0165E+43  1.5667E+42  5.7933E+43
  1.7780E+00  9.6186E+43  2.6136E+43  1.3870E+42  6.8663E+43
  1.8840E+00  1.1339E+44  3.2707E+43  1.2018E+42  7.9477E+43
  1.9950E+00  1.3049E+44  3.9477E+43  1.0192E+42  8.9991E+43
  2.1130E+00  1.4645E+44  4.6045E+43  8.4599E+41  9.9560E+43
  2.2390E+00  1.6033E+44  5.1938E+43  6.8773E+41  1.0770E+44
  2.3710E+00  1.7155E+44  5.6770E+43  5.4893E+41  1.1423E+44
  2.5120E+00  1.7959E+44  6.0353E+43  4.3101E+41  1.1880E+44
  2.6610E+00  1.8443E+44  6.2548E+43  3.3376E+41  1.2155E+44
  2.8180E+00  1.8625E+44  6.3351E+43  2.5536E+41  1.2265E+44
  2.9850E+00  1.8530E+44  6.2932E+43  1.9338E+41  1.2218E+44
  3.1620E+00  1.8203E+44  6.1441E+43  1.4519E+41  1.2044E+44
  3.3500E+00  1.7684E+44  5.9236E+43  1.0829E+41  1.1750E+44
  3.5480E+00  1.7033E+44  5.6371E+43  8.0325E+40  1.1388E+44
  3.7580E+00  1.6279E+44  5.3134E+43  5.9286E+40  1.0960E+44
  3.9810E+00  1.5455E+44  4.9666E+43  4.3579E+40  1.0484E+44
  4.2170E+00  1.4594E+44  4.6104E+43  3.1931E+40  9.9800E+43
  4.4670E+00  1.3717E+44  4.2558E+43  2.3330E+40  9.4592E+43
  4.7320E+00  1.2842E+44  3.9119E+43  1.6994E+40  8.9285E+43
  5.0120E+00  1.2004E+44  3.5854E+43  1.2372E+40  8.4176E+43
  5.3090E+00  1.0932E+44  3.2767E+43  8.7861E+39  7.6548E+43
  5.6230E+00  9.8793E+43  2.9910E+43  6.1905E+39  6.8877E+43
  5.9570E+00  8.8624E+43  2.7307E+43  4.3288E+39  6.1312E+43
  6.3100E+00  7.8950E+43  2.4798E+43  3.0015E+39  5.4149E+43
  6.6830E+00  7.0203E+43  2.2772E+43  2.0723E+39  4.7429E+43
  7.0790E+00  6.2062E+43  2.0810E+43  1.4139E+39  4.1250E+43
  7.4990E+00  5.4529E+43  1.9383E+43  9.5484E+38  3.5145E+43
  7.9430E+00  4.7308E+43  1.9532E+43  6.6205E+38  2.7776E+43
  8.4140E+00  4.0218E+43  2.0264E+43  5.0283E+38  1.9953E+43
  8.9130E+00  3.3988E+43  1.9780E+43  4.0629E+38  1.4208E+43
  9.4410E+00  2.8686E+43  1.8556E+43  3.6264E+38  1.0129E+43
  1.0000E+01  2.6302E+43  1.7142E+43  2.7456E+38  9.1591E+42
  1.0590E+01  2.4186E+43  1.5639E+43  1.9891E+38  8.5471E+42
  1.1220E+01  2.2049E+43  1.4013E+43  1.3234E+38  8.0351E+42
  1.1890E+01  1.9665E+43  1.2386E+43  8.7769E+37  7.2796E+42
  1.2590E+01  1.7482E+43  1.0995E+43  5.7226E+37  6.4861E+42
  1.3340E+01  1.5459E+43  9.8158E+42  3.6874E+37  5.6427E+42
  1.4130E+01  1.3762E+43  8.9865E+42  2.3743E+37  4.7759E+42
  1.4960E+01  1.2526E+43  8.6537E+42  1.6349E+37  3.8726E+42
  1.5850E+01  1.1555E+43  8.4675E+42  1.1948E+37  3.0871E+42
  1.6790E+01  1.0782E+43  8.3332E+42  9.1853E+36  2.4490E+42
  1.7780E+01  1.0132E+43  8.1725E+42  7.2883E+36  1.9599E+42
  1.8840E+01  9.5248E+42  7.9288E+42  5.7479E+36  1.5960E+42
  1.9950E+01  8.9286E+42  7.5996E+42  4.3545E+36  1.3290E+42
  2.1130E+01  8.3786E+42  7.2717E+42  3.1974E+36  1.1069E+42
  2.2390E+01  7.8807E+42  6.9658E+42  2.3485E+36  9.1492E+41
  2.3710E+01  7.4201E+42  6.6654E+42  1.7219E+36  7.5471E+41
  2.5120E+01  6.9559E+42  6.3368E+42  1.2617E+36  6.1910E+41
  2.6610E+01  6.4782E+42  5.9714E+42  9.1759E+35  5.0678E+41
  2.8180E+01  5.9781E+42  5.5639E+42  6.6404E+35  4.1422E+41
  2.9850E+01  5.4458E+42  5.1083E+42  4.7612E+35  3.3758E+41
  3.1620E+01  4.8875E+42  4.6128E+42  3.3680E+35  2.7466E+41
  3.3500E+01  4.3135E+42  4.0905E+42  2.3478E+35  2.2304E+41
  3.5480E+01  3.7440E+42  3.5629E+42  1.6128E+35  1.8110E+41
  3.7580E+01  3.1935E+42  3.0467E+42  1.0902E+35  1.4687E+41
  3.9810E+01  2.6756E+42  2.5567E+42  7.2500E+34  1.1897E+41
  4.2170E+01  2.2065E+42  2.1102E+42  4.7471E+34  9.6311E+40
  4.4670E+01  1.7935E+42  1.7156E+42  3.0609E+34  7.7891E+40
  4.7320E+01  1.4390E+42  1.3761E+42  1.9476E+34  6.2918E+40
  5.0120E+01  1.1416E+42  1.0908E+42  1.2249E+34  5.0799E+40
  5.3090E+01  8.9600E+41  8.5504E+41  7.6200E+33  4.0958E+40
  5.6230E+01  6.9707E+41  6.6407E+41  4.6980E+33  3.3002E+40
  5.9570E+01  5.3750E+41  5.1096E+41  2.8705E+33  2.6540E+40
  6.3100E+01  4.1174E+41  3.9041E+41  1.7425E+33  2.1335E+40
  6.6830E+01  3.1362E+41  2.9647E+41  1.0520E+33  1.7143E+40
  7.0790E+01  2.3759E+41  2.2383E+41  6.3181E+32  1.3756E+40
  7.4990E+01  1.7912E+41  1.6809E+41  3.7775E+32  1.1027E+40
  7.9430E+01  1.3456E+41  1.2572E+41  2.2516E+32  8.8360E+39
  8.4140E+01  1.0073E+41  9.3653E+40  1.3376E+32  7.0738E+39
  8.9130E+01  7.5229E+40  6.9570E+40  7.9327E+31  5.6590E+39
  9.4410E+01  5.6072E+40  5.1546E+40  4.6973E+31  4.5259E+39
  1.0000E+02  4.1712E+40  3.8093E+40  2.7774E+31  3.6183E+39
  1.0590E+02  3.1015E+40  2.8122E+40  1.6427E+31  2.8934E+39
  1.1220E+02  2.3035E+40  2.0727E+40  9.7047E+30  2.3086E+39
  1.1890E+02  1.7131E+40  1.5291E+40  5.7434E+30  1.8397E+39
  1.2590E+02  1.2825E+40  1.1355E+40  3.4233E+30  1.4700E+39
  1.3340E+02  9.6315E+39  8.4603E+39  2.0498E+30  1.1712E+39
  1.4130E+02  7.1838E+39  6.2497E+39  1.2246E+30  9.3407E+38
  1.4960E+02  5.2586E+39  4.5124E+39  7.1885E+29  7.4620E+38
  1.5850E+02  3.8269E+39  3.2326E+39  4.1882E+29  5.9430E+38
  1.7780E+02  2.0539E+39  1.6762E+39  1.4406E+29  3.7767E+38
  1.9950E+02  1.1113E+39  8.7175E+38  5.0083E+28  2.3956E+38
  2.2390E+02  6.0431E+38  4.5259E+38  1.7555E+28  1.5172E+38
  2.5120E+02  3.3083E+38  2.3467E+38  6.2119E+27  9.6156E+37
  2.8180E+02  1.8231E+38  1.2138E+38  2.2183E+27  6.0933E+37
  3.1620E+02  1.0113E+38  6.2566E+37  7.9892E+26  3.8562E+37
  3.5480E+02  5.6569E+37  3.2176E+37  2.9042E+26  2.4393E+37
  3.9810E+02  3.1939E+37  1.6511E+37  1.0664E+26  1.5428E+37
  4.4670E+02  1.8207E+37  8.4543E+36  3.9530E+25  9.7532E+36
  5.0120E+02  1.0488E+37  4.3220E+36  1.4792E+25  6.1659E+36
  5.6230E+02  6.1053E+36  2.2067E+36  5.5836E+24  3.8985E+36
  6.3100E+02  3.5860E+36  1.1239E+36  2.1228E+24  2.4620E+36
  7.0790E+02  2.1286E+36  5.7227E+35  8.1374E+23  1.5563E+36
  7.9430E+02  1.2738E+36  2.9079E+35  3.1366E+23  9.8302E+35
  8.9130E+02  7.6820E+35  1.4754E+35  1.2153E+23  6.2066E+35
  1.0000E+03  4.6689E+35  7.4816E+34  4.7346E+22  3.9208E+35
