  1.0000E-03  8.8798E+44  0.0000E+00  1.1365E+43  8.7662E+44
  1.1220E-03  9.9649E+44  0.0000E+00  1.2914E+43  9.8357E+44
  1.2590E-03  1.1177E+45  0.0000E+00  1.3988E+43  1.1037E+45
  1.4130E-03  1.2533E+45  0.0000E+00  1.4573E+43  1.2387E+45
  1.5850E-03  1.4044E+45  0.0000E+00  1.4995E+43  1.3894E+45
  1.7780E-03  1.5763E+45  0.0000E+00  1.7663E+43  1.5586E+45
  1.9950E-03  1.7669E+45  0.0000E+00  1.8116E+43  1.7488E+45
  2.2390E-03  1.9800E+45  0.0000E+00  1.7264E+43  1.9627E+45
  2.5120E-03  2.2228E+45  0.0000E+00  2.0832E+43  2.2020E+45
  2.8180E-03  2.4908E+45  0.0000E+00  2.0625E+43  2.4702E+45
  3.1620E-03  2.7918E+45  0.0000E+00  1.9980E+43  2.7718E+45
  3.5480E-03  3.1295E+45  0.0000E+00  1.9193E+43  3.1103E+45
  3.9810E-03  3.5082E+45  0.0000E+00  1.8364E+43  3.4898E+45
  4.4670E-03  3.9770E+45  0.0000E+00  6.1163E+43  3.9158E+45
  5.0120E-03  4.4542E+45  0.0000E+00  6.0574E+43  4.3936E+45
  5.6230E-03  4.9884E+45  0.0000E+00  5.9126E+43  4.9292E+45
  5.9570E-03  5.2805E+45  0.0000E+00  5.8436E+43  5.2220E+45
  6.6830E-03  5.9163E+45  0.0000E+00  5.7736E+43  5.8585E+45
  7.4990E-03  6.6321E+45  0.0000E+00  5.8261E+43  6.5738E+45
  8.4140E-03  7.4348E+45  0.0000E+00  5.8911E+43  7.3758E+45
  9.4410E-03  8.3360E+45  0.0000E+00  5.9935E+43  8.2761E+45
  1.0590E-02  9.3441E+45  0.0000E+00  6.0783E+43  9.2833E+45
  1.1890E-02  1.0487E+46  0.0000E+00  6.4457E+43  1.0423E+46
  1.3340E-02  1.1761E+46  0.0000E+00  6.6817E+43  1.1694E+46
  1.4960E-02  1.3184E+46  0.0000E+00  6.9895E+43  1.3114E+46
  1.6790E-02  1.4792E+46  0.0000E+00  7.3232E+43  1.4718E+46
  1.8840E-02  1.6592E+46  0.0000E+00  7.6987E+43  1.6515E+46
  2.1130E-02  1.8605E+46  0.0000E+00  8.1890E+43  1.8524E+46
  2.3710E-02  2.0872E+46  0.0000E+00  8.7276E+43  2.0785E+46
  2.6610E-02  2.3420E+46  0.0000E+00  9.3283E+43  2.3326E+46
  2.9850E-02  2.6266E+46  1.1451E-82  9.9932E+43  2.6166E+46
  3.3500E-02  2.9474E+46  7.2498E-68  1.0703E+44  2.9367E+46
  3.7580E-02  3.3058E+46  9.1051E-55  1.1521E+44  3.2942E+46
  4.2170E-02  3.7110E+46  3.9222E-43  1.4320E+44  3.6967E+46
  4.7320E-02  4.1642E+46  1.0125E-32  1.6055E+44  4.1482E+46
  5.3090E-02  4.3380E+46  1.7802E-23  1.6728E+44  4.3212E+46
  6.6830E-02  4.1437E+46  6.0437E-08  1.6886E+44  4.1268E+46
  7.4990E-02  4.0500E+46  1.9128E-01  1.7117E+44  4.0328E+46
  8.4140E-02  3.9572E+46  1.0063E+05  1.6208E+44  3.9410E+46
  9.4410E-02  3.8670E+46  1.2109E+10  1.5700E+44  3.8513E+46
  1.0590E-01  3.5199E+46  3.5172E+14  1.4321E+44  3.5055E+46
  1.1890E-01  2.9578E+46  2.8681E+18  1.1025E+44  2.9467E+46
  1.3340E-01  2.4885E+46  6.3522E+21  8.9097E+43  2.4795E+46
  1.4960E-01  2.0944E+46  7.6699E+24  6.5266E+43  2.0878E+46
  1.5850E-01  1.9200E+46  2.2791E+26  5.5081E+43  1.9145E+46
  1.7780E-01  1.6156E+46  1.1362E+29  4.1943E+43  1.6114E+46
  1.9950E-01  1.3592E+46  3.0099E+31  3.3678E+43  1.3558E+46
  2.2390E-01  1.1437E+46  3.4423E+33  3.4202E+43  1.1403E+46
  2.3710E-01  1.0499E+46  2.3857E+34  3.4160E+43  1.0464E+46
  2.5120E-01  9.6278E+45  1.4303E+35  3.2026E+43  9.5958E+45
  2.6610E-01  8.8304E+45  7.9181E+35  2.9190E+43  8.8012E+45
  2.8180E-01  8.1025E+45  3.9843E+36  2.6471E+43  8.0761E+45
  2.9850E-01  7.4321E+45  1.8187E+37  2.4200E+43  7.4079E+45
  3.1620E-01  6.8171E+45  7.4458E+37  2.2457E+43  6.7947E+45
  3.3500E-01  6.2518E+45  2.7786E+38  2.0975E+43  6.2308E+45
  3.5480E-01  5.7361E+45  9.4768E+38  1.9665E+43  5.7165E+45
  3.7580E-01  5.2627E+45  2.9856E+39  1.8506E+43  5.2442E+45
  3.9810E-01  4.8273E+45  8.6568E+39  1.7520E+43  4.8097E+45
  4.2170E-01  4.4284E+45  2.3058E+40  1.6703E+43  4.4116E+45
  4.4670E-01  4.0627E+45  5.6903E+40  1.6039E+43  4.0466E+45
  4.7320E-01  3.7271E+45  1.3194E+41  1.5437E+43  3.7115E+45
  5.0120E-01  3.4199E+45  2.8820E+41  1.4865E+43  3.4048E+45
  5.3090E-01  3.1381E+45  5.9614E+41  1.4324E+43  3.1232E+45
  5.6230E-01  2.8801E+45  1.1661E+42  1.3827E+43  2.8651E+45
  5.9570E-01  2.6431E+45  2.1716E+42  1.3357E+43  2.6276E+45
  6.3100E-01  2.4271E+45  3.8466E+42  1.2916E+43  2.4103E+45
  6.6830E-01  2.2304E+45  6.4901E+42  1.2487E+43  2.2114E+45
  7.0790E-01  2.0510E+45  1.0474E+43  1.2104E+43  2.0284E+45
  7.4990E-01  1.8884E+45  1.6192E+43  1.1744E+43  1.8605E+45
  7.9430E-01  1.7420E+45  2.4007E+43  1.1411E+43  1.7066E+45
  8.4140E-01  1.6107E+45  3.4264E+43  1.1100E+43  1.5653E+45
  8.9130E-01  1.4938E+45  4.7205E+43  1.0817E+43  1.4357E+45
  9.4410E-01  1.3903E+45  6.2779E+43  1.0532E+43  1.3170E+45
  1.0000E+00  1.2991E+45  8.0743E+43  1.0221E+43  1.2081E+45
  1.0590E+00  1.2191E+45  1.0063E+44  9.8961E+42  1.1086E+45
  1.1220E+00  1.1483E+45  1.2227E+44  9.5418E+42  1.0165E+45
  1.1890E+00  1.0860E+45  1.4500E+44  9.1370E+42  9.3183E+44
  1.2590E+00  1.0312E+45  1.6737E+44  8.6633E+42  8.5520E+44
  1.3340E+00  9.8115E+44  1.8892E+44  8.1266E+42  7.8411E+44
  1.4130E+00  9.3478E+44  2.0797E+44  7.5466E+42  7.1927E+44
  1.4960E+00  8.9116E+44  2.2398E+44  6.9278E+42  6.6026E+44
  1.5850E+00  8.4895E+44  2.3725E+44  6.2700E+42  6.0543E+44
  1.6790E+00  8.0738E+44  2.4649E+44  5.5816E+42  5.5530E+44
  1.7780E+00  7.6568E+44  2.5123E+44  4.8733E+42  5.0957E+44
  1.8840E+00  7.2351E+44  2.5216E+44  4.1650E+42  4.6719E+44
  1.9950E+00  6.8134E+44  2.4911E+44  3.4842E+42  4.2875E+44
  2.1130E+00  6.3893E+44  2.4275E+44  2.8529E+42  3.9333E+44
  2.2390E+00  5.9627E+44  2.3337E+44  2.2883E+42  3.6061E+44
  2.3710E+00  5.5429E+44  2.2158E+44  1.8024E+42  3.3092E+44
  2.5120E+00  5.1308E+44  2.0824E+44  1.3973E+42  3.0344E+44
  2.6610E+00  4.7315E+44  1.9376E+44  1.0687E+42  2.7832E+44
  2.8180E+00  4.3474E+44  1.7855E+44  8.0789E+41  2.5538E+44
  2.9850E+00  3.9813E+44  1.6326E+44  6.0476E+41  2.3426E+44
  3.1620E+00  3.6345E+44  1.4813E+44  4.4897E+41  2.1487E+44
  3.3500E+00  3.3136E+44  1.3399E+44  3.3138E+41  1.9704E+44
  3.5480E+00  3.0141E+44  1.2039E+44  2.4327E+41  1.8078E+44
  3.7580E+00  2.7383E+44  1.0781E+44  1.7779E+41  1.6583E+44
  3.9810E+00  2.4849E+44  9.6259E+43  1.2946E+41  1.5210E+44
  4.2170E+00  2.2534E+44  8.5733E+43  9.4008E+40  1.3951E+44
  4.4670E+00  2.0425E+44  7.6221E+43  6.8095E+40  1.2796E+44
  4.7320E+00  1.8514E+44  6.7728E+43  4.9200E+40  1.1737E+44
  5.0120E+00  1.6815E+44  6.0202E+43  3.5543E+40  1.0791E+44
  5.3090E+00  1.4957E+44  5.3517E+43  2.5107E+40  9.6024E+43
  5.6230E+00  1.3247E+44  4.7649E+43  1.7611E+40  8.4805E+43
  5.9570E+00  1.1687E+44  4.2542E+43  1.2272E+40  7.4316E+43
  6.3100E+00  1.0256E+44  3.7837E+43  8.4823E+39  6.4710E+43
  6.6830E+00  9.0114E+43  3.4094E+43  5.8454E+39  5.6014E+43
  7.0790E+00  7.8800E+43  3.0606E+43  3.9817E+39  4.8190E+43
  7.4990E+00  6.9570E+43  2.8338E+43  2.6943E+39  4.1229E+43
  7.9430E+00  6.5160E+43  3.0049E+43  1.9001E+39  3.5109E+43
  8.4140E+00  6.5308E+43  3.5555E+43  1.4890E+39  2.9752E+43
  8.9130E+00  6.4960E+43  3.9855E+43  1.2347E+39  2.5104E+43
  9.4410E+00  6.3793E+43  4.2691E+43  1.1239E+39  2.1101E+43
  1.0000E+01  5.4082E+43  3.6411E+43  8.4037E+38  1.7671E+43
  1.0590E+01  4.4567E+43  2.9808E+43  5.9880E+38  1.4758E+43
  1.1220E+01  3.6050E+43  2.3782E+43  3.9152E+38  1.2267E+43
  1.1890E+01  2.9476E+43  1.9316E+43  2.5638E+38  1.0159E+43
  1.2590E+01  2.4447E+43  1.6035E+43  1.6567E+38  8.4119E+42
  1.3340E+01  2.0567E+43  1.3635E+43  1.0621E+38  6.9319E+42
  1.4130E+01  1.7858E+43  1.2152E+43  6.8341E+37  5.7050E+42
  1.4960E+01  1.6434E+43  1.1742E+43  4.7246E+37  4.6919E+42
  1.5850E+01  1.5471E+43  1.1629E+43  3.4693E+37  3.8414E+42
  1.6790E+01  1.4754E+43  1.1613E+43  2.6794E+37  3.1409E+42
  1.7780E+01  1.4051E+43  1.1484E+43  2.1340E+37  2.5663E+42
  1.8840E+01  1.3171E+43  1.1082E+43  1.6882E+37  2.0888E+42
  1.9950E+01  1.2136E+43  1.0435E+43  1.2831E+37  1.7013E+42
  2.1130E+01  1.1197E+43  9.8138E+42  9.4632E+36  1.3827E+42
  2.2390E+01  1.0402E+43  9.2820E+42  6.9880E+36  1.1203E+42
  2.3710E+01  9.7059E+42  8.7972E+42  5.1536E+36  9.0864E+41
  2.5120E+01  9.0401E+42  8.3053E+42  3.7995E+36  7.3479E+41
  2.6610E+01  8.3791E+42  7.7852E+42  2.7806E+36  5.9383E+41
  2.8180E+01  7.7063E+42  7.2264E+42  2.0245E+36  4.7994E+41
  2.9850E+01  7.0039E+42  6.6167E+42  1.4602E+36  3.8717E+41
  3.1620E+01  6.2749E+42  5.9629E+42  1.0388E+36  3.1199E+41
  3.3500E+01  5.5314E+42  5.2803E+42  7.2805E+35  2.5106E+41
  3.5480E+01  4.7971E+42  4.5950E+42  5.0268E+35  2.0210E+41
  3.7580E+01  4.0893E+42  3.9268E+42  3.4143E+35  1.6253E+41
  3.9810E+01  3.4240E+42  3.2935E+42  2.2810E+35  1.3054E+41
  4.2170E+01  2.8222E+42  2.7175E+42  1.5000E+35  1.0479E+41
  4.4670E+01  2.2930E+42  2.2089E+42  9.7115E+34  8.4074E+40
  4.7320E+01  1.8393E+42  1.7719E+42  6.2027E+34  6.7400E+40
  5.0120E+01  1.4590E+42  1.4050E+42  3.9146E+34  5.4034E+40
  5.3090E+01  1.1450E+42  1.1017E+42  2.4429E+34  4.3282E+40
  5.6230E+01  8.9078E+41  8.5611E+41  1.5104E+34  3.4667E+40
  5.9570E+01  6.8690E+41  6.5918E+41  9.2512E+33  2.7728E+40
  6.3100E+01  5.2624E+41  5.0406E+41  5.6279E+33  2.2180E+40
  6.6830E+01  4.0086E+41  3.8311E+41  3.4037E+33  1.7744E+40
  7.0790E+01  3.0371E+41  2.8952E+41  2.0471E+33  1.4183E+40
  7.4990E+01  2.2897E+41  2.1765E+41  1.2252E+33  1.1329E+40
  7.9430E+01  1.7200E+41  1.6295E+41  7.3079E+32  9.0505E+39
  8.4140E+01  1.2874E+41  1.2152E+41  4.3429E+32  7.2256E+39
  8.9130E+01  9.6133E+40  9.0366E+40  2.5755E+32  5.7665E+39
  9.4410E+01  7.1629E+40  6.7027E+40  1.5245E+32  4.6021E+39
  1.0000E+02  5.3259E+40  4.9586E+40  9.0076E+31  3.6722E+39
  1.0590E+02  3.9576E+40  3.6645E+40  5.3217E+31  2.9317E+39
  1.1220E+02  2.9372E+40  2.7036E+40  3.1396E+31  2.3358E+39
  1.1890E+02  2.1826E+40  1.9967E+40  1.8552E+31  1.8590E+39
  1.2590E+02  1.6325E+40  1.4842E+40  1.1039E+31  1.4838E+39
  1.3340E+02  1.2250E+40  1.1069E+40  6.5994E+30  1.1811E+39
  1.4130E+02  9.1254E+39  8.1843E+39  3.9333E+30  9.4117E+38
  1.4960E+02  6.6644E+39  5.9132E+39  2.2996E+30  7.5121E+38
  1.5850E+02  4.8368E+39  4.2390E+39  1.3335E+30  5.9781E+38
  1.7780E+02  2.5806E+39  2.2012E+39  4.5414E+29  3.7942E+38
  1.9950E+02  1.3868E+39  1.1463E+39  1.5613E+29  2.4043E+38
  2.2390E+02  7.4802E+38  5.9586E+38  5.4047E+28  1.5216E+38
  2.5120E+02  4.0568E+38  3.0930E+38  1.8863E+28  9.6376E+37
  2.8180E+02  2.2118E+38  1.6014E+38  6.6369E+27  6.1043E+37
  3.1620E+02  1.2123E+38  8.2618E+37  2.3532E+27  3.8617E+37
  3.5480E+02  6.6943E+37  4.2522E+37  8.4185E+26  2.4421E+37
  3.9810E+02  3.7277E+37  2.1835E+37  3.0421E+26  1.5442E+37
  4.4670E+02  2.0948E+37  1.1187E+37  1.1101E+26  9.7603E+36
  5.0120E+02  1.1892E+37  5.7223E+36  4.0926E+25  6.1695E+36
  5.6230E+02  6.8235E+36  2.9232E+36  1.5235E+25  3.9003E+36
  6.3100E+02  3.9524E+36  1.4895E+36  5.7192E+24  2.4629E+36
  7.0790E+02  2.3155E+36  7.5870E+35  2.1675E+24  1.5568E+36
  7.9430E+02  1.3689E+36  3.8566E+35  8.2713E+23  9.8325E+35
  8.9130E+02  8.1651E+35  1.9574E+35  3.1770E+23  6.2077E+35
  1.0000E+03  4.9142E+35  9.9284E+34  1.2284E+23  3.9214E+35
