  1.0000E-03  1.0033E+45  0.0000E+00  1.2670E+44  8.7662E+44
  1.1220E-03  1.1197E+45  0.0000E+00  1.3618E+44  9.8357E+44
  1.2590E-03  1.2463E+45  0.0000E+00  1.4265E+44  1.1037E+45
  1.4130E-03  1.3855E+45  0.0000E+00  1.4684E+44  1.2387E+45
  1.5850E-03  1.5431E+45  0.0000E+00  1.5370E+44  1.3894E+45
  1.7780E-03  1.7531E+45  0.0000E+00  1.9454E+44  1.5586E+45
  1.9950E-03  1.9552E+45  0.0000E+00  2.0634E+44  1.7488E+45
  2.2390E-03  2.1696E+45  0.0000E+00  2.0683E+44  1.9627E+45
  2.5120E-03  2.4789E+45  0.0000E+00  2.7692E+44  2.2020E+45
  2.8180E-03  2.7627E+45  0.0000E+00  2.9252E+44  2.4702E+45
  3.1620E-03  3.0738E+45  0.0000E+00  3.0195E+44  2.7718E+45
  3.5480E-03  3.4179E+45  0.0000E+00  3.0756E+44  3.1103E+45
  3.9810E-03  3.7993E+45  0.0000E+00  3.0943E+44  3.4898E+45
  4.4670E-03  4.4570E+45  0.0000E+00  5.4113E+44  3.9158E+45
  5.0120E-03  5.0209E+45  0.0000E+00  6.2732E+44  4.3936E+45
  5.6230E-03  5.6434E+45  0.0000E+00  7.1416E+44  4.9292E+45
  5.9570E-03  5.9792E+45  0.0000E+00  7.5720E+44  5.2220E+45
  6.6830E-03  6.7005E+45  0.0000E+00  8.4199E+44  5.8585E+45
  7.4990E-03  7.5137E+45  0.0000E+00  9.3986E+44  6.5738E+45
  8.4140E-03  8.4066E+45  0.0000E+00  1.0308E+45  7.3758E+45
  9.4410E-03  9.3963E+45  0.0000E+00  1.1202E+45  8.2761E+45
  1.0590E-02  1.0480E+46  0.0000E+00  1.1967E+45  9.2833E+45
  1.1890E-02  1.1771E+46  0.0000E+00  1.3483E+45  1.0423E+46
  1.3340E-02  1.3152E+46  0.0000E+00  1.4576E+45  1.1694E+46
  1.4960E-02  1.4699E+46  0.0000E+00  1.5852E+45  1.3114E+46
  1.6790E-02  1.6430E+46  0.0000E+00  1.7118E+45  1.4718E+46
  1.8840E-02  1.8356E+46  0.0000E+00  1.8409E+45  1.6515E+46
  2.1130E-02  2.0529E+46  0.0000E+00  2.0056E+45  1.8524E+46
  2.3710E-02  2.2956E+46  0.0000E+00  2.1715E+45  2.0785E+46
  2.6610E-02  2.5669E+46  0.0000E+00  2.3430E+45  2.3326E+46
  2.9850E-02  2.8687E+46  8.4827E-83  2.5209E+45  2.6166E+46
  3.3500E-02  3.2066E+46  5.4966E-68  2.6999E+45  2.9367E+46
  3.7580E-02  3.5851E+46  6.9126E-55  2.9087E+45  3.2942E+46
  4.2170E-02  4.0530E+46  3.0398E-43  3.5630E+45  3.6967E+46
  4.7320E-02  4.5360E+46  8.2757E-33  3.8778E+45  4.1482E+46
  5.3090E-02  4.7057E+46  1.5370E-23  3.8444E+45  4.3212E+46
  6.6830E-02  4.4348E+46  6.0371E-08  3.0794E+45  4.1268E+46
  7.4990E-02  4.2962E+46  2.0765E-01  2.6339E+45  4.0328E+46
  8.4140E-02  4.2013E+46  1.0754E+05  2.6026E+45  3.9410E+46
  9.4410E-02  4.1128E+46  1.2770E+10  2.6151E+45  3.8513E+46
  1.0590E-01  3.7771E+46  3.4880E+14  2.7157E+45  3.5055E+46
  1.1890E-01  3.1882E+46  2.5125E+18  2.4143E+45  2.9467E+46
  1.3340E-01  2.6903E+46  4.8802E+21  2.1072E+45  2.4795E+46
  1.4960E-01  2.2472E+46  5.4004E+24  1.5939E+45  2.0878E+46
  1.5850E-01  2.0534E+46  1.5850E+26  1.3883E+45  1.9145E+46
  1.7780E-01  1.7294E+46  8.3798E+28  1.1796E+45  1.6114E+46
  1.9950E-01  1.4464E+46  2.6006E+31  9.0627E+44  1.3558E+46
  2.2390E-01  1.2189E+46  3.2740E+33  7.8608E+44  1.1403E+46
  2.3710E-01  1.1312E+46  2.1373E+34  8.4789E+44  1.0464E+46
  2.5120E-01  1.0460E+46  1.1914E+35  8.6415E+44  9.5958E+45
  2.6610E-01  9.6289E+45  6.2618E+35  8.2765E+44  8.8012E+45
  2.8180E-01  8.8472E+45  3.0372E+36  7.7114E+44  8.0761E+45
  2.9850E-01  8.1228E+45  1.3469E+37  7.1489E+44  7.4079E+45
  3.1620E-01  7.4610E+45  5.3750E+37  6.6636E+44  6.7947E+45
  3.3500E-01  6.8519E+45  1.9604E+38  6.2110E+44  6.2308E+45
  3.5480E-01  6.2944E+45  6.5550E+38  5.7788E+44  5.7165E+45
  3.7580E-01  5.7819E+45  2.0286E+39  5.3769E+44  5.2442E+45
  3.9810E-01  5.3108E+45  5.7846E+39  5.0103E+44  4.8097E+45
  4.2170E-01  4.8795E+45  1.5155E+40  4.6781E+44  4.4116E+45
  4.4670E-01  4.4848E+45  3.6808E+40  4.3815E+44  4.0466E+45
  4.7320E-01  4.1214E+45  8.4103E+40  4.0987E+44  3.7115E+45
  5.0120E-01  3.7876E+45  1.8132E+41  3.8258E+44  3.4048E+45
  5.3090E-01  3.4801E+45  3.7079E+41  3.5652E+44  3.1232E+45
  5.6230E-01  3.1981E+45  7.1863E+41  3.3227E+44  2.8651E+45
  5.9570E-01  2.9383E+45  1.3289E+42  3.0936E+44  2.6276E+45
  6.3100E-01  2.7003E+45  2.3427E+42  2.8763E+44  2.4103E+45
  6.6830E-01  2.4822E+45  3.9443E+42  2.6690E+44  2.2114E+45
  7.0790E-01  2.2823E+45  6.3682E+42  2.4751E+44  2.0284E+45
  7.4990E-01  2.0995E+45  9.8807E+42  2.2912E+44  1.8605E+45
  7.9430E-01  1.9329E+45  1.4749E+43  2.1154E+44  1.7066E+45
  8.4140E-01  1.7815E+45  2.1271E+43  1.9491E+44  1.5653E+45
  8.9130E-01  1.6445E+45  2.9714E+43  1.7909E+44  1.4357E+45
  9.4410E-01  1.5216E+45  4.0255E+43  1.6435E+44  1.3170E+45
  1.0000E+00  1.4117E+45  5.3028E+43  1.5060E+44  1.2081E+45
  1.0590E+00  1.3146E+45  6.8031E+43  1.3800E+44  1.1086E+45
  1.1220E+00  1.2283E+45  8.5530E+43  1.2625E+44  1.0165E+45
  1.1890E+00  1.1525E+45  1.0549E+44  1.1523E+44  9.3183E+44
  1.2590E+00  1.0872E+45  1.2711E+44  1.0484E+44  8.5520E+44
  1.3340E+00  1.0301E+45  1.5066E+44  9.5336E+43  7.8411E+44
  1.4130E+00  9.8122E+44  1.7501E+44  8.6934E+43  7.1927E+44
  1.4960E+00  9.3930E+44  1.9968E+44  7.9357E+43  6.6026E+44
  1.5850E+00  9.0285E+44  2.2511E+44  7.2303E+43  6.0543E+44
  1.6790E+00  8.7055E+44  2.4965E+44  6.5598E+43  5.5530E+44
  1.7780E+00  8.4082E+44  2.7220E+44  5.9054E+43  5.0957E+44
  1.8840E+00  8.1291E+44  2.9312E+44  5.2606E+43  4.6719E+44
  1.9950E+00  7.8589E+44  3.1088E+44  4.6265E+43  4.2875E+44
  2.1130E+00  7.5902E+44  3.2558E+44  4.0109E+43  3.9333E+44
  2.2390E+00  7.3145E+44  3.3660E+44  3.4239E+43  3.6061E+44
  2.3710E+00  7.0287E+44  3.4319E+44  2.8766E+43  3.3092E+44
  2.5120E+00  6.7329E+44  3.4604E+44  2.3813E+43  3.0344E+44
  2.6610E+00  6.4242E+44  3.4467E+44  1.9429E+43  2.7832E+44
  2.8180E+00  6.0999E+44  3.3898E+44  1.5628E+43  2.5538E+44
  2.9850E+00  5.7642E+44  3.2975E+44  1.2407E+43  2.3426E+44
  3.1620E+00  5.4173E+44  3.1713E+44  9.7286E+42  2.1487E+44
  3.3500E+00  5.0735E+44  3.0276E+44  7.5494E+42  1.9704E+44
  3.5480E+00  4.7207E+44  2.8550E+44  5.7929E+42  1.8078E+44
  3.7580E+00  4.3715E+44  2.6691E+44  4.4013E+42  1.6583E+44
  3.9810E+00  4.0288E+44  2.4747E+44  3.3137E+42  1.5210E+44
  4.2170E+00  3.6952E+44  2.2754E+44  2.4738E+42  1.3951E+44
  4.4670E+00  3.3739E+44  2.0760E+44  1.8321E+42  1.2796E+44
  4.7320E+00  3.0705E+44  1.8834E+44  1.3470E+42  1.1737E+44
  5.0120E+00  2.7899E+44  1.7009E+44  9.8531E+41  1.0791E+44
  5.3090E+00  2.4970E+44  1.5297E+44  7.0794E+41  9.6024E+43
  5.6230E+00  2.2261E+44  1.3730E+44  5.0465E+41  8.4805E+43
  5.9570E+00  1.9789E+44  1.2321E+44  3.5736E+41  7.4316E+43
  6.3100E+00  1.7465E+44  1.0968E+44  2.5043E+41  6.4710E+43
  6.6830E+00  1.5459E+44  9.8399E+43  1.7514E+41  5.6014E+43
  7.0790E+00  1.3590E+44  8.7592E+43  1.2081E+41  4.8190E+43
  7.4990E+00  1.2479E+44  8.3477E+43  8.4970E+40  4.1229E+43
  7.9430E+00  1.4010E+44  1.0492E+44  6.9149E+40  3.5109E+43
  8.4140E+00  1.8010E+44  1.5029E+44  6.4255E+40  2.9752E+43
  8.9130E+00  2.1040E+44  1.8524E+44  5.8350E+40  2.5104E+43
  9.4410E+00  2.2947E+44  2.0831E+44  5.5655E+40  2.1101E+43
  1.0000E+01  1.8686E+44  1.6915E+44  4.1353E+40  1.7671E+43
  1.0590E+01  1.4359E+44  1.2880E+44  2.8897E+40  1.4758E+43
  1.1220E+01  1.0518E+44  9.2898E+43  1.8182E+40  1.2267E+43
  1.1890E+01  7.8561E+43  6.8390E+43  1.1437E+40  1.0159E+43
  1.2590E+01  5.9307E+43  5.0888E+43  7.0476E+39  8.4119E+42
  1.3340E+01  4.5870E+43  3.8934E+43  4.3225E+39  6.9319E+42
  1.4130E+01  3.7869E+43  3.2162E+43  2.7177E+39  5.7050E+42
  1.4960E+01  3.5493E+43  3.0799E+43  1.9217E+39  4.6919E+42
  1.5850E+01  3.4403E+43  3.0560E+43  1.4517E+39  3.8414E+42
  1.6790E+01  3.3586E+43  3.0444E+43  1.1467E+39  3.1409E+42
  1.7780E+01  3.2153E+43  2.9585E+43  9.2381E+38  2.5663E+42
  1.8840E+01  2.9618E+43  2.7528E+43  7.3216E+38  2.0888E+42
  1.9950E+01  2.6404E+43  2.4702E+43  5.5544E+38  1.7013E+42
  2.1130E+01  2.3656E+43  2.2273E+43  4.1089E+38  1.3827E+42
  2.2390E+01  2.1574E+43  2.0453E+43  3.0667E+38  1.1203E+42
  2.3710E+01  1.9945E+43  1.9036E+43  2.3006E+38  9.0864E+41
  2.5120E+01  1.8569E+43  1.7834E+43  1.7356E+38  7.3479E+41
  2.6610E+01  1.7321E+43  1.6727E+43  1.3054E+38  5.9383E+41
  2.8180E+01  1.6124E+43  1.5644E+43  9.7995E+37  4.7994E+41
  2.9850E+01  1.4899E+43  1.4512E+43  7.3052E+37  3.8717E+41
  3.1620E+01  1.3616E+43  1.3304E+43  5.3793E+37  3.1199E+41
  3.3500E+01  1.2272E+43  1.2021E+43  3.9058E+37  2.5106E+41
  3.5480E+01  1.0899E+43  1.0697E+43  2.7939E+37  2.0210E+41
  3.7580E+01  9.5230E+42  9.3605E+42  1.9656E+37  1.6253E+41
  3.9810E+01  8.1750E+42  8.0444E+42  1.3594E+37  1.3054E+41
  4.2170E+01  6.9073E+42  6.8025E+42  9.2449E+36  1.0479E+41
  4.4670E+01  5.7503E+42  5.6662E+42  6.1820E+36  8.4074E+40
  4.7320E+01  4.7234E+42  4.6560E+42  4.0723E+36  6.7400E+40
  5.0120E+01  3.8331E+42  3.7790E+42  2.6462E+36  5.4034E+40
  5.3090E+01  3.0745E+42  3.0312E+42  1.6975E+36  4.3282E+40
  5.6230E+01  2.4420E+42  2.4073E+42  1.0768E+36  3.4667E+40
  5.9570E+01  1.9203E+42  1.8926E+42  6.7550E+35  2.7728E+40
  6.3100E+01  1.4984E+42  1.4762E+42  4.2007E+35  2.2180E+40
  6.6830E+01  1.1610E+42  1.1432E+42  2.5920E+35  1.7744E+40
  7.0790E+01  8.9363E+41  8.7944E+41  1.5876E+35  1.4183E+40
  7.4990E+01  6.8361E+41  6.7228E+41  9.6599E+34  1.1329E+40
  7.9430E+01  5.2037E+41  5.1132E+41  5.8464E+34  9.0505E+39
  8.4140E+01  3.9422E+41  3.8699E+41  3.5193E+34  7.2256E+39
  8.9130E+01  2.9758E+41  2.9181E+41  2.1105E+34  5.7665E+39
  9.4410E+01  2.2386E+41  2.1926E+41  1.2610E+34  4.6021E+39
  1.0000E+02  1.6786E+41  1.6418E+41  7.5083E+33  3.6722E+39
  1.0590E+02  1.2563E+41  1.2270E+41  4.4625E+33  2.9317E+39
  1.1220E+02  9.3815E+40  9.1479E+40  2.6448E+33  2.3358E+39
  1.1890E+02  7.0071E+40  6.8212E+40  1.5679E+33  1.8590E+39
  1.2590E+02  5.2621E+40  5.1137E+40  9.3464E+32  1.4838E+39
  1.3340E+02  3.9614E+40  3.8433E+40  5.5935E+32  1.1811E+39
  1.4130E+02  2.9569E+40  2.8628E+40  3.3305E+32  9.4117E+38
  1.4960E+02  2.1600E+40  2.0849E+40  1.9382E+32  7.5121E+38
  1.5850E+02  1.5659E+40  1.5061E+40  1.1163E+32  5.9781E+38
  1.7780E+02  8.3055E+39  7.9261E+39  3.7317E+31  3.7942E+38
  1.9950E+02  4.4151E+39  4.1746E+39  1.2507E+31  2.4043E+38
  2.2390E+02  2.3434E+39  2.1913E+39  4.1893E+30  1.5216E+38
  2.5120E+02  1.2434E+39  1.1471E+39  1.4036E+30  9.6376E+37
  2.8180E+02  6.5927E+38  5.9823E+38  4.7021E+29  6.1043E+37
  3.1620E+02  3.4923E+38  3.1061E+38  1.5749E+29  3.8617E+37
  3.5480E+02  1.8518E+38  1.6076E+38  5.2820E+28  2.4421E+37
  3.9810E+02  9.8396E+37  8.2954E+37  1.7769E+28  1.5442E+37
  4.4670E+02  5.2444E+37  4.2683E+37  6.0005E+27  9.7603E+36
  5.0120E+02  2.8083E+37  2.1914E+37  2.0375E+27  6.1695E+36
  5.6230E+02  1.5131E+37  1.1231E+37  6.9646E+26  3.9003E+36
  6.3100E+02  8.2019E+36  5.7390E+36  2.3974E+26  2.4629E+36
  7.0790E+02  4.4873E+36  2.9305E+36  8.3352E+25  1.5568E+36
  7.9430E+02  2.4761E+36  1.4929E+36  2.9242E+25  9.8325E+35
  8.9130E+02  1.3799E+36  7.5916E+35  1.0365E+25  6.2077E+35
  1.0000E+03  7.7785E+35  3.8572E+35  3.7172E+24  3.9214E+35
