  1.0000E-03  9.2500E+44  2.0125E+05  4.8378E+43  8.7662E+44
  1.1220E-03  1.0266E+45  1.4848E+05  4.3001E+43  9.8357E+44
  1.2590E-03  1.1424E+45  1.1115E+05  3.8678E+43  1.1037E+45
  1.4130E-03  1.2740E+45  8.1607E+04  3.5347E+43  1.2387E+45
  1.5850E-03  1.4234E+45  6.4861E+04  3.4003E+43  1.3894E+45
  1.7780E-03  1.5970E+45  5.4117E+04  3.8410E+43  1.5586E+45
  1.9950E-03  1.7836E+45  3.6940E+04  3.4745E+43  1.7488E+45
  2.2390E-03  1.9951E+45  2.6904E+04  3.2408E+43  1.9627E+45
  2.5120E-03  2.2371E+45  2.1085E+04  3.5084E+43  2.2020E+45
  2.8180E-03  2.5015E+45  1.4344E+04  3.1255E+43  2.4702E+45
  3.1620E-03  2.8003E+45  1.0651E+04  2.8443E+43  2.7718E+45
  3.5480E-03  3.1362E+45  8.7066E+03  2.5908E+43  3.1103E+45
  3.9810E-03  3.5132E+45  7.2148E+03  2.3359E+43  3.4898E+45
  4.4670E-03  3.9881E+45  5.6711E+04  7.2317E+43  3.9158E+45
  5.0120E-03  4.4822E+45  3.3401E+04  8.8582E+43  4.3936E+45
  5.6230E-03  5.0287E+45  1.9591E+04  9.9468E+43  4.9292E+45
  5.9570E-03  5.3259E+45  1.5483E+04  1.0383E+44  5.2220E+45
  6.6830E-03  5.9700E+45  1.0500E+04  1.1145E+44  5.8585E+45
  7.4990E-03  6.6926E+45  7.5751E+03  1.1883E+44  6.5738E+45
  8.4140E-03  7.5001E+45  5.7813E+03  1.2429E+44  7.3758E+45
  9.4410E-03  8.4057E+45  4.6437E+03  1.2961E+44  8.2761E+45
  1.0590E-02  9.4189E+45  3.9094E+03  1.3558E+44  9.2833E+45
  1.1890E-02  1.0563E+46  3.2908E+03  1.3967E+44  1.0423E+46
  1.3340E-02  1.1838E+46  2.8613E+03  1.4406E+44  1.1694E+46
  1.4960E-02  1.3262E+46  2.5714E+03  1.4779E+44  1.3114E+46
  1.6790E-02  1.4870E+46  2.3046E+03  1.5189E+44  1.4718E+46
  1.8840E-02  1.6672E+46  2.0658E+03  1.5638E+44  1.6515E+46
  2.1130E-02  1.8684E+46  1.8947E+03  1.6081E+44  1.8524E+46
  2.3710E-02  2.0950E+46  1.7220E+03  1.6540E+44  2.0785E+46
  2.6610E-02  2.3496E+46  1.5791E+03  1.6974E+44  2.3326E+46
  2.9850E-02  2.6340E+46  1.4514E+03  1.7363E+44  2.6166E+46
  3.3500E-02  2.9543E+46  1.3322E+03  1.7640E+44  2.9367E+46
  3.7580E-02  3.3130E+46  1.2956E+03  1.8758E+44  3.2942E+46
  4.2170E-02  3.7191E+46  1.1939E+03  2.2397E+44  3.6967E+46
  4.7320E-02  4.1696E+46  1.0078E+03  2.1450E+44  4.1482E+46
  5.3090E-02  4.3395E+46  3.3978E+02  1.8234E+44  4.3212E+46
  6.6830E-02  4.1357E+46  1.9548E+02  8.9187E+43  4.1268E+46
  7.4990E-02  4.0382E+46  1.3375E+02  5.3575E+43  4.0328E+46
  8.4140E-02  3.9470E+46  3.8795E+03  5.9839E+43  3.9410E+46
  9.4410E-02  3.8579E+46  5.1452E+08  6.6056E+43  3.8513E+46
  1.0590E-01  3.5149E+46  2.1321E+13  9.3658E+43  3.5055E+46
  1.1890E-01  2.9585E+46  2.2172E+17  1.1710E+44  2.9467E+46
  1.3340E-01  2.4927E+46  5.2170E+20  1.3130E+44  2.4795E+46
  1.4960E-01  2.0988E+46  7.3766E+23  1.0922E+44  2.0878E+46
  1.5850E-01  1.9234E+46  2.3201E+25  8.8780E+43  1.9145E+46
  1.7780E-01  1.6175E+46  1.1441E+28  6.0545E+43  1.6114E+46
  1.9950E-01  1.3592E+46  2.5951E+30  3.3512E+43  1.3558E+46
  2.2390E-01  1.1428E+46  2.8689E+32  2.4308E+43  1.1403E+46
  2.3710E-01  1.0495E+46  2.2303E+33  3.0748E+43  1.0464E+46
  2.5120E-01  9.6323E+45  1.4719E+34  3.6515E+43  9.5958E+45
  2.6610E-01  8.8394E+45  8.7570E+34  3.8202E+43  8.8012E+45
  2.8180E-01  8.1136E+45  4.6755E+35  3.7484E+43  8.0761E+45
  2.9850E-01  7.4439E+45  2.2523E+36  3.6043E+43  7.4079E+45
  3.1620E-01  6.8294E+45  9.7306E+36  3.4746E+43  6.7947E+45
  3.3500E-01  6.2642E+45  3.8373E+37  3.3376E+43  6.2308E+45
  3.5480E-01  5.7484E+45  1.3827E+38  3.1929E+43  5.7165E+45
  3.7580E-01  5.2747E+45  4.5977E+38  3.0519E+43  5.2442E+45
  3.9810E-01  4.8390E+45  1.4061E+39  2.9249E+43  4.8097E+45
  4.2170E-01  4.4399E+45  3.9514E+39  2.8235E+43  4.4116E+45
  4.4670E-01  4.0740E+45  1.0288E+40  2.7396E+43  4.0466E+45
  4.7320E-01  3.7381E+45  2.5152E+40  2.6607E+43  3.7115E+45
  5.0120E-01  3.4307E+45  5.7856E+40  2.5832E+43  3.4048E+45
  5.3090E-01  3.1484E+45  1.2591E+41  2.5127E+43  3.1232E+45
  5.6230E-01  2.8899E+45  2.5878E+41  2.4466E+43  2.8651E+45
  5.9570E-01  2.6519E+45  5.0590E+41  2.3863E+43  2.6276E+45
  6.3100E-01  2.4346E+45  9.4067E+41  2.3336E+43  2.4103E+45
  6.6830E-01  2.2359E+45  1.6659E+42  2.2885E+43  2.2114E+45
  7.0790E-01  2.0538E+45  2.8258E+42  2.2535E+43  2.0284E+45
  7.4990E-01  1.8873E+45  4.5964E+42  2.2235E+43  1.8605E+45
  7.9430E-01  1.7358E+45  7.1885E+42  2.2028E+43  1.7066E+45
  8.4140E-01  1.5982E+45  1.0850E+43  2.1991E+43  1.5653E+45
  8.9130E-01  1.4738E+45  1.5891E+43  2.2191E+43  1.4357E+45
  9.4410E-01  1.3622E+45  2.2534E+43  2.2643E+43  1.3170E+45
  1.0000E+00  1.2624E+45  3.0954E+43  2.3294E+43  1.2081E+45
  1.0590E+00  1.1741E+45  4.1321E+43  2.4165E+43  1.1086E+45
  1.1220E+00  1.0958E+45  5.4007E+43  2.5233E+43  1.0165E+45
  1.1890E+00  1.0275E+45  6.9233E+43  2.6462E+43  9.3183E+44
  1.2590E+00  9.6988E+44  8.6893E+43  2.7786E+43  8.5520E+44
  1.3340E+00  9.2023E+44  1.0695E+44  2.9168E+43  7.8411E+44
  1.4130E+00  8.7809E+44  1.2832E+44  3.0498E+43  7.1927E+44
  1.4960E+00  8.4252E+44  1.5059E+44  3.1670E+43  6.6026E+44
  1.5850E+00  8.1194E+44  1.7392E+44  3.2592E+43  6.0543E+44
  1.6790E+00  7.8556E+44  1.9713E+44  3.3126E+43  5.5530E+44
  1.7780E+00  7.6188E+44  2.1918E+44  3.3123E+43  5.0957E+44
  1.8840E+00  7.3933E+44  2.3963E+44  3.2505E+43  4.6719E+44
  1.9950E+00  7.1706E+44  2.5708E+44  3.1235E+43  4.2875E+44
  2.1130E+00  6.9356E+44  2.7086E+44  2.9362E+43  3.9333E+44
  2.2390E+00  6.6765E+44  2.8006E+44  2.6983E+43  3.6061E+44
  2.3710E+00  6.3938E+44  2.8421E+44  2.4255E+43  3.3092E+44
  2.5120E+00  6.0846E+44  2.8365E+44  2.1360E+43  3.0344E+44
  2.6610E+00  5.7525E+44  2.7848E+44  1.8453E+43  2.7832E+44
  2.8180E+00  5.4016E+44  2.6912E+44  1.5657E+43  2.5538E+44
  2.9850E+00  5.0389E+44  2.5656E+44  1.3067E+43  2.3426E+44
  3.1620E+00  4.6699E+44  2.4138E+44  1.0744E+43  2.1487E+44
  3.3500E+00  4.3076E+44  2.2501E+44  8.7086E+42  1.9704E+44
  3.5480E+00  3.9517E+44  2.0742E+44  6.9767E+42  1.8078E+44
  3.7580E+00  3.6094E+44  1.8958E+44  5.5232E+42  1.6583E+44
  3.9810E+00  3.2830E+44  1.7187E+44  4.3240E+42  1.5210E+44
  4.2170E+00  2.9754E+44  1.5468E+44  3.3515E+42  1.3951E+44
  4.4670E+00  2.6880E+44  1.3827E+44  2.5734E+42  1.2796E+44
  4.7320E+00  2.4217E+44  1.2285E+44  1.9557E+42  1.1737E+44
  5.0120E+00  2.1797E+44  1.0858E+44  1.4742E+42  1.0791E+44
  5.3090E+00  1.9253E+44  9.5418E+43  1.0845E+42  9.6024E+43
  5.6230E+00  1.6907E+44  8.3478E+43  7.8699E+41  8.4805E+43
  5.9570E+00  1.4766E+44  7.2783E+43  5.6346E+41  7.4316E+43
  6.3100E+00  1.2805E+44  6.2939E+43  3.9840E+41  6.4710E+43
  6.6830E+00  1.1121E+44  5.4920E+43  2.7973E+41  5.6014E+43
  7.0790E+00  9.5970E+43  4.7586E+43  1.9350E+41  4.8190E+43
  7.4990E+00  8.3022E+43  4.1666E+43  1.2762E+41  4.1229E+43
  7.9430E+00  7.4068E+43  3.8885E+43  7.3409E+40  3.5109E+43
  8.4140E+00  6.8463E+43  3.8671E+43  3.9743E+40  2.9752E+43
  8.9130E+00  6.3068E+43  3.7940E+43  2.4300E+40  2.5104E+43
  9.4410E+00  5.7799E+43  3.6681E+43  1.7302E+40  2.1101E+43
  1.0000E+01  5.0366E+43  3.2681E+43  1.4535E+40  1.7671E+43
  1.0590E+01  4.3158E+43  2.8388E+43  1.2402E+40  1.4758E+43
  1.1220E+01  3.6230E+43  2.3953E+43  1.0093E+40  1.2267E+43
  1.1890E+01  3.0164E+43  1.9997E+43  7.8466E+39  1.0159E+43
  1.2590E+01  2.5054E+43  1.6636E+43  5.8438E+39  8.4119E+42
  1.3340E+01  2.0781E+43  1.3845E+43  4.1436E+39  6.9319E+42
  1.4130E+01  1.7622E+43  1.1915E+43  2.7876E+39  5.7050E+42
  1.4960E+01  1.5909E+43  1.1215E+43  1.8631E+39  4.6919E+42
  1.5850E+01  1.4685E+43  1.0842E+43  1.2943E+39  3.8414E+42
  1.6790E+01  1.3675E+43  1.0534E+43  9.3934E+38  3.1409E+42
  1.7780E+01  1.2619E+43  1.0052E+43  7.1138E+38  2.5663E+42
  1.8840E+01  1.1348E+43  9.2586E+42  5.4979E+38  2.0888E+42
  1.9950E+01  9.9257E+42  8.2240E+42  4.1877E+38  1.7013E+42
  2.1130E+01  8.6110E+42  7.2281E+42  3.0811E+38  1.3827E+42
  2.2390E+01  7.4781E+42  6.3576E+42  2.2393E+38  1.1203E+42
  2.3710E+01  6.5016E+42  5.5928E+42  1.6106E+38  9.0864E+41
  2.5120E+01  5.6357E+42  4.9007E+42  1.1506E+38  7.3479E+41
  2.6610E+01  4.8639E+42  4.2700E+42  8.1324E+37  5.9383E+41
  2.8180E+01  4.1772E+42  3.6972E+42  5.7126E+37  4.7994E+41
  2.9850E+01  3.5579E+42  3.1707E+42  3.9774E+37  3.8717E+41
  3.1620E+01  3.0004E+42  2.6884E+42  2.7378E+37  3.1199E+41
  3.3500E+01  2.5023E+42  2.2512E+42  1.8624E+37  2.5106E+41
  3.5480E+01  2.0652E+42  1.8631E+42  1.2532E+37  2.0210E+41
  3.7580E+01  1.6836E+42  1.5211E+42  8.3276E+36  1.6253E+41
  3.9810E+01  1.3536E+42  1.2230E+42  5.4628E+36  1.3054E+41
  4.2170E+01  1.0755E+42  9.7073E+41  3.5384E+36  1.0479E+41
  4.4670E+01  8.4531E+41  7.6123E+41  2.2620E+36  8.4074E+40
  4.7320E+01  6.5798E+41  5.9058E+41  1.4294E+36  6.7400E+40
  5.0120E+01  5.0797E+41  4.5394E+41  8.9407E+35  5.4034E+40
  5.3090E+01  3.8903E+41  3.4575E+41  5.5380E+35  4.3282E+40
  5.6230E+01  2.9612E+41  2.6145E+41  3.4028E+35  3.4667E+40
  5.9570E+01  2.2390E+41  1.9617E+41  2.0735E+35  2.7728E+40
  6.3100E+01  1.6858E+41  1.4640E+41  1.2563E+35  2.2180E+40
  6.6830E+01  1.2649E+41  1.0874E+41  7.5750E+34  1.7744E+40
  7.0790E+01  9.4588E+40  8.0405E+40  4.5465E+34  1.4183E+40
  7.4990E+01  7.0530E+40  5.9201E+40  2.7186E+34  1.1329E+40
  7.9430E+01  5.2512E+40  4.3462E+40  1.6219E+34  9.0505E+39
  8.4140E+01  3.9037E+40  3.1811E+40  9.6529E+33  7.2256E+39
  8.9130E+01  2.9007E+40  2.3241E+40  5.7397E+33  5.7665E+39
  9.4410E+01  2.1552E+40  1.6950E+40  3.4109E+33  4.6021E+39
  1.0000E+02  1.6013E+40  1.2340E+40  2.0262E+33  3.6722E+39
  1.0590E+02  1.1914E+40  8.9819E+39  1.2052E+33  2.9317E+39
  1.1220E+02  8.8655E+39  6.5297E+39  7.1644E+32  2.3358E+39
  1.1890E+02  6.6123E+39  4.7532E+39  4.2677E+32  1.8590E+39
  1.2590E+02  4.9671E+39  3.4833E+39  2.5601E+32  1.4838E+39
  1.3340E+02  3.7419E+39  2.5608E+39  1.5416E+32  1.1811E+39
  1.4130E+02  2.8110E+39  1.8698E+39  9.2932E+31  9.4117E+38
  1.4960E+02  2.0900E+39  1.3388E+39  5.5439E+31  7.5121E+38
  1.5850E+02  1.5495E+39  9.5170E+38  3.2896E+31  5.9781E+38
  1.7780E+02  8.6543E+38  4.8601E+38  1.1742E+31  3.7942E+38
  1.9950E+02  4.8957E+38  2.4913E+38  4.2436E+30  2.4043E+38
  2.2390E+02  2.7981E+38  1.2765E+38  1.5498E+30  1.5216E+38
  2.5120E+02  1.6179E+38  6.5417E+37  5.7239E+29  9.6376E+37
  2.8180E+02  9.4525E+37  3.3482E+37  2.1352E+29  6.1043E+37
  3.1620E+02  5.5715E+37  1.7098E+37  8.0297E+28  3.8617E+37
  3.5480E+02  3.3141E+37  8.7203E+36  3.0438E+28  2.4421E+37
  3.9810E+02  1.9884E+37  4.4416E+36  1.1629E+28  1.5442E+37
  4.4670E+02  1.2020E+37  2.2593E+36  4.4717E+27  9.7603E+36
  5.0120E+02  7.3177E+36  1.1482E+36  1.7300E+27  6.1695E+36
  5.6230E+02  4.4835E+36  5.8318E+35  6.7274E+26  3.9003E+36
  6.3100E+02  2.7586E+36  2.9564E+35  2.6253E+26  2.4629E+36
  7.0790E+02  1.7067E+36  1.4990E+35  1.0293E+26  1.5568E+36
  7.9430E+02  1.0591E+36  7.5886E+34  4.0449E+25  9.8325E+35
  8.9130E+02  6.5915E+35  3.8375E+34  1.5931E+25  6.2077E+35
  1.0000E+03  4.1154E+35  1.9402E+34  6.2916E+24  3.9214E+35
