  1.0000E-03  8.8355E+44  0.0000E+00  6.9262E+42  8.7662E+44
  1.1220E-03  9.9161E+44  0.0000E+00  8.0379E+42  9.8357E+44
  1.2590E-03  1.1126E+45  0.0000E+00  8.9532E+42  1.1037E+45
  1.4130E-03  1.2483E+45  0.0000E+00  9.6455E+42  1.2387E+45
  1.5850E-03  1.3997E+45  0.0000E+00  1.0265E+43  1.3894E+45
  1.7780E-03  1.5711E+45  0.0000E+00  1.2450E+43  1.5586E+45
  1.9950E-03  1.7624E+45  0.0000E+00  1.3598E+43  1.7488E+45
  2.2390E-03  1.9764E+45  0.0000E+00  1.3628E+43  1.9627E+45
  2.5120E-03  2.2194E+45  0.0000E+00  1.7363E+43  2.2020E+45
  2.8180E-03  2.4888E+45  0.0000E+00  1.8566E+43  2.4702E+45
  3.1620E-03  2.7910E+45  0.0000E+00  1.9127E+43  2.7718E+45
  3.5480E-03  3.1296E+45  0.0000E+00  1.9355E+43  3.1103E+45
  3.9810E-03  3.5092E+45  0.0000E+00  1.9366E+43  3.4898E+45
  4.4670E-03  3.9617E+45  0.0000E+00  4.5872E+43  3.9158E+45
  5.0120E-03  4.4425E+45  0.0000E+00  4.8913E+43  4.3936E+45
  5.6230E-03  4.9802E+45  0.0000E+00  5.0917E+43  4.9292E+45
  5.9570E-03  5.2737E+45  0.0000E+00  5.1671E+43  5.2220E+45
  6.6830E-03  5.9116E+45  0.0000E+00  5.3089E+43  5.8585E+45
  7.4990E-03  6.6289E+45  0.0000E+00  5.5039E+43  6.5738E+45
  8.4140E-03  7.4325E+45  0.0000E+00  5.6653E+43  7.3758E+45
  9.4410E-03  8.3342E+45  0.0000E+00  5.8074E+43  8.2761E+45
  1.0590E-02  9.3418E+45  0.0000E+00  5.8551E+43  9.2833E+45
  1.1890E-02  1.0486E+46  0.0000E+00  6.2963E+43  1.0423E+46
  1.3340E-02  1.1759E+46  0.0000E+00  6.4848E+43  1.1694E+46
  1.4960E-02  1.3181E+46  0.0000E+00  6.7382E+43  1.3114E+46
  1.6790E-02  1.4788E+46  0.0000E+00  6.9560E+43  1.4718E+46
  1.8840E-02  1.6587E+46  0.0000E+00  7.1553E+43  1.6515E+46
  2.1130E-02  1.8598E+46  0.0000E+00  7.4821E+43  1.8524E+46
  2.3710E-02  2.0862E+46  0.0000E+00  7.7794E+43  2.0785E+46
  2.6610E-02  2.3407E+46  0.0000E+00  8.0611E+43  2.3326E+46
  2.9850E-02  2.6250E+46  4.9029E-83  8.3325E+43  2.6166E+46
  3.3500E-02  2.9452E+46  3.1077E-68  8.5899E+43  2.9367E+46
  3.7580E-02  3.3035E+46  3.9015E-55  9.2569E+43  3.2942E+46
  4.2170E-02  3.7075E+46  1.6856E-43  1.0776E+44  3.6967E+46
  4.7320E-02  4.1590E+46  4.4059E-33  1.0802E+44  4.1482E+46
  5.3090E-02  4.3313E+46  7.8832E-24  1.0033E+44  4.3212E+46
  6.6830E-02  4.1345E+46  2.8124E-08  7.7187E+43  4.1268E+46
  7.4990E-02  4.0399E+46  9.0892E-02  7.1126E+43  4.0328E+46
  8.4140E-02  3.9479E+46  4.5795E+04  6.8635E+43  3.9410E+46
  9.4410E-02  3.8580E+46  5.2740E+09  6.7800E+43  3.8513E+46
  1.0590E-01  3.5124E+46  1.3924E+14  6.8280E+43  3.5055E+46
  1.1890E-01  2.9532E+46  1.0898E+18  6.4104E+43  2.9467E+46
  1.3340E-01  2.4860E+46  2.4684E+21  6.4225E+43  2.4795E+46
  1.4960E-01  2.0938E+46  2.9795E+24  5.9105E+43  2.0878E+46
  1.5850E-01  1.9200E+46  8.8201E+25  5.4336E+43  1.9145E+46
  1.7780E-01  1.6156E+46  4.3906E+28  4.1329E+43  1.6114E+46
  1.9950E-01  1.3582E+46  1.1742E+31  2.3836E+43  1.3558E+46
  2.2390E-01  1.1422E+46  1.2981E+33  1.8926E+43  1.1403E+46
  2.3710E-01  1.0485E+46  8.8700E+33  2.1085E+43  1.0464E+46
  2.5120E-01  9.6188E+45  5.3360E+34  2.3006E+43  9.5958E+45
  2.6610E-01  8.8248E+45  2.9659E+35  2.3603E+43  8.8012E+45
  2.8180E-01  8.0994E+45  1.4960E+36  2.3300E+43  8.0761E+45
  2.9850E-01  7.4306E+45  6.8374E+36  2.2697E+43  7.4079E+45
  3.1620E-01  6.8168E+45  2.8009E+37  2.2143E+43  6.7947E+45
  3.3500E-01  6.2524E+45  1.0448E+38  2.1542E+43  6.2308E+45
  3.5480E-01  5.7373E+45  3.5572E+38  2.0835E+43  5.7165E+45
  3.7580E-01  5.2642E+45  1.1186E+39  2.0082E+43  5.2442E+45
  3.9810E-01  4.8291E+45  3.2349E+39  1.9359E+43  4.8097E+45
  4.2170E-01  4.4303E+45  8.6040E+39  1.8686E+43  4.4116E+45
  4.4670E-01  4.0647E+45  2.1204E+40  1.8088E+43  4.0466E+45
  4.7320E-01  3.7290E+45  4.9117E+40  1.7463E+43  3.7115E+45
  5.0120E-01  3.4217E+45  1.0723E+41  1.6793E+43  3.4048E+45
  5.3090E-01  3.1395E+45  2.2195E+41  1.6086E+43  3.1232E+45
  5.6230E-01  2.8809E+45  4.3451E+41  1.5381E+43  2.8651E+45
  5.9570E-01  2.6430E+45  8.1020E+41  1.4661E+43  2.6276E+45
  6.3100E-01  2.4257E+45  1.4389E+42  1.3934E+43  2.4103E+45
  6.6830E-01  2.2270E+45  2.4379E+42  1.3186E+43  2.2114E+45
  7.0790E-01  2.0448E+45  3.9577E+42  1.2460E+43  2.0284E+45
  7.4990E-01  1.8784E+45  6.1630E+42  1.1743E+43  1.8605E+45
  7.9430E-01  1.7269E+45  9.2278E+42  1.1034E+43  1.7066E+45
  8.4140E-01  1.5890E+45  1.3339E+43  1.0329E+43  1.5653E+45
  8.9130E-01  1.4641E+45  1.8701E+43  9.6284E+42  1.4357E+45
  9.4410E-01  1.3513E+45  2.5400E+43  8.9327E+42  1.3170E+45
  1.0000E+00  1.2498E+45  3.3447E+43  8.2439E+42  1.2081E+45
  1.0590E+00  1.1590E+45  4.2814E+43  7.5841E+42  1.1086E+45
  1.1220E+00  1.0771E+45  5.3634E+43  6.9449E+42  1.0165E+45
  1.1890E+00  1.0040E+45  6.5869E+43  6.3209E+42  9.3183E+44
  1.2590E+00  9.4008E+44  7.9163E+43  5.7103E+42  8.5520E+44
  1.3340E+00  8.8257E+44  9.3334E+43  5.1260E+42  7.8411E+44
  1.4130E+00  8.3133E+44  1.0747E+44  4.5849E+42  7.1927E+44
  1.4960E+00  7.8562E+44  1.2128E+44  4.0812E+42  6.6026E+44
  1.5850E+00  7.4396E+44  1.3492E+44  3.6039E+42  6.0543E+44
  1.6790E+00  7.0609E+44  1.4763E+44  3.1520E+42  5.5530E+44
  1.7780E+00  6.7116E+44  1.5887E+44  2.7229E+42  5.0957E+44
  1.8840E+00  6.3820E+44  1.6869E+44  2.3177E+42  4.6719E+44
  1.9950E+00  6.0718E+44  1.7649E+44  1.9430E+42  4.2875E+44
  2.1130E+00  5.7716E+44  1.8223E+44  1.6027E+42  3.9333E+44
  2.2390E+00  5.4751E+44  1.8560E+44  1.3009E+42  3.6061E+44
  2.3710E+00  5.1844E+44  1.8649E+44  1.0405E+42  3.3092E+44
  2.5120E+00  4.8948E+44  1.8522E+44  8.2098E+41  3.0344E+44
  2.6610E+00  4.6075E+44  1.8179E+44  6.4004E+41  2.7832E+44
  2.8180E+00  4.3219E+44  1.7631E+44  4.9345E+41  2.5538E+44
  2.9850E+00  4.0390E+44  1.6926E+44  3.7666E+41  2.3426E+44
  3.1620E+00  3.7595E+44  1.6080E+44  2.8493E+41  2.1487E+44
  3.3500E+00  3.4899E+44  1.5173E+44  2.1397E+41  1.9704E+44
  3.5480E+00  3.2266E+44  1.4172E+44  1.5952E+41  1.8078E+44
  3.7580E+00  2.9735E+44  1.3140E+44  1.1813E+41  1.6583E+44
  3.9810E+00  2.7314E+44  1.2096E+44  8.6957E+40  1.5210E+44
  4.2170E+00  2.5016E+44  1.1059E+44  6.3664E+40  1.3951E+44
  4.4670E+00  2.2848E+44  1.0047E+44  4.6373E+40  1.2796E+44
  4.7320E+00  2.0822E+44  9.0823E+43  3.3608E+40  1.1737E+44
  5.0120E+00  1.8970E+44  8.1763E+43  2.4290E+40  1.0791E+44
  5.3090E+00  1.6935E+44  7.3308E+43  1.7174E+40  9.6024E+43
  5.6230E+00  1.5038E+44  6.5561E+43  1.2043E+40  8.4805E+43
  5.9570E+00  1.3289E+44  5.8562E+43  8.3784E+39  7.4316E+43
  6.3100E+00  1.1665E+44  5.1939E+43  5.7729E+39  6.4710E+43
  6.6830E+00  1.0243E+44  4.6416E+43  3.9602E+39  5.6014E+43
  7.0790E+00  8.9402E+43  4.1209E+43  2.6809E+39  4.8190E+43
  7.4990E+00  7.9191E+43  3.7959E+43  1.8145E+39  4.1229E+43
  7.9430E+00  7.6372E+43  4.1261E+43  1.3227E+39  3.5109E+43
  8.4140E+00  7.9554E+43  4.9800E+43  1.0873E+39  2.9752E+43
  8.9130E+00  8.0358E+43  5.5253E+43  9.2195E+38  2.5104E+43
  9.4410E+00  7.8945E+43  5.7844E+43  8.4446E+38  2.1101E+43
  1.0000E+01  6.6680E+43  4.9009E+43  6.2440E+38  1.7671E+43
  1.0590E+01  5.4481E+43  3.9723E+43  4.3673E+38  1.4758E+43
  1.1220E+01  4.3236E+43  3.0968E+43  2.7670E+38  1.2267E+43
  1.1890E+01  3.4486E+43  2.4326E+43  1.7474E+38  1.0159E+43
  1.2590E+01  2.7667E+43  1.9255E+43  1.0789E+38  8.4119E+42
  1.3340E+01  2.2415E+43  1.5483E+43  6.5805E+37  6.9319E+42
  1.4130E+01  1.8820E+43  1.3115E+43  4.0531E+37  5.7050E+42
  1.4960E+01  1.7076E+43  1.2384E+43  2.7505E+37  4.6919E+42
  1.5850E+01  1.5879E+43  1.2038E+43  1.9887E+37  3.8414E+42
  1.6790E+01  1.4901E+43  1.1760E+43  1.5059E+37  3.1409E+42
  1.7780E+01  1.3825E+43  1.1259E+43  1.1627E+37  2.5663E+42
  1.8840E+01  1.2442E+43  1.0354E+43  8.7650E+36  2.0888E+42
  1.9950E+01  1.0856E+43  9.1547E+42  6.2469E+36  1.7013E+42
  2.1130E+01  9.4231E+42  8.0404E+42  4.2893E+36  1.3827E+42
  2.2390E+01  8.2222E+42  7.1019E+42  2.9438E+36  1.1203E+42
  2.3710E+01  7.2051E+42  6.2965E+42  2.0181E+36  9.0864E+41
  2.5120E+01  6.3069E+42  5.5721E+42  1.3847E+36  7.3479E+41
  2.6610E+01  5.5025E+42  4.9086E+42  9.4505E+35  5.9383E+41
  2.8180E+01  4.7772E+42  4.2973E+42  6.4416E+35  4.7994E+41
  2.9850E+01  4.1104E+42  3.7233E+42  4.3665E+35  3.8717E+41
  3.1620E+01  3.4975E+42  3.1855E+42  2.9319E+35  3.1199E+41
  3.3500E+01  2.9380E+42  2.6869E+42  1.9484E+35  2.5106E+41
  3.5480E+01  2.4374E+42  2.2353E+42  1.2822E+35  2.0210E+41
  3.7580E+01  1.9938E+42  1.8313E+42  8.3355E+34  1.6253E+41
  3.9810E+01  1.6063E+42  1.4758E+42  5.3497E+34  1.3054E+41
  4.2170E+01  1.2775E+42  1.1727E+42  3.3924E+34  1.0479E+41
  4.4670E+01  1.0041E+42  9.2006E+41  2.1254E+34  8.4074E+40
  4.7320E+01  7.8119E+41  7.1379E+41  1.3180E+34  6.7400E+40
  5.0120E+01  6.0251E+41  5.4848E+41  8.1031E+33  5.4034E+40
  5.3090E+01  4.6084E+41  4.1756E+41  4.9419E+33  4.3282E+40
  5.6230E+01  3.5027E+41  3.1560E+41  2.9954E+33  3.4667E+40
  5.9570E+01  2.6444E+41  2.3672E+41  1.8039E+33  2.7728E+40
  6.3100E+01  1.9879E+41  1.7661E+41  1.0822E+33  2.2180E+40
  6.6830E+01  1.4892E+41  1.3118E+41  6.4733E+32  1.7744E+40
  7.0790E+01  1.1118E+41  9.7001E+40  3.8613E+32  1.4183E+40
  7.4990E+01  8.2772E+40  7.1443E+40  2.2984E+32  1.1329E+40
  7.9430E+01  6.1524E+40  5.2474E+40  1.3673E+32  9.0505E+39
  8.4140E+01  4.5658E+40  3.8432E+40  8.1259E+31  7.2256E+39
  8.9130E+01  3.3867E+40  2.8100E+40  4.8314E+31  5.7665E+39
  9.4410E+01  2.5116E+40  2.0514E+40  2.8746E+31  4.6021E+39
  1.0000E+02  1.8624E+40  1.4952E+40  1.7116E+31  3.6722E+39
  1.0590E+02  1.3828E+40  1.0896E+40  1.0215E+31  2.9317E+39
  1.1220E+02  1.0269E+40  7.9333E+39  6.0983E+30  2.3358E+39
  1.1890E+02  7.6448E+39  5.7858E+39  3.6506E+30  1.8590E+39
  1.2590E+02  5.7342E+39  4.2503E+39  2.2020E+30  1.4838E+39
  1.3340E+02  4.3152E+39  3.1341E+39  1.3336E+30  1.1811E+39
  1.4130E+02  3.2348E+39  2.2936E+39  8.0904E+29  9.4117E+38
  1.4960E+02  2.3938E+39  1.6426E+39  4.8636E+29  7.5121E+38
  1.5850E+02  1.7655E+39  1.1677E+39  2.9100E+29  5.9781E+38
  1.7780E+02  9.7633E+38  5.9691E+38  1.0567E+29  3.7942E+38
  1.9950E+02  5.4694E+38  3.0651E+38  3.8859E+28  2.4043E+38
  2.2390E+02  3.0951E+38  1.5735E+38  1.4437E+28  1.5216E+38
  2.5120E+02  1.7716E+38  8.0787E+37  5.4209E+27  9.6376E+37
  2.8180E+02  1.0247E+38  4.1425E+37  2.0538E+27  6.1043E+37
  3.1620E+02  5.9808E+37  2.1191E+37  7.8340E+26  3.8617E+37
  3.5480E+02  3.5246E+37  1.0825E+37  3.0077E+26  2.4421E+37
  3.9810E+02  2.0964E+37  5.5220E+36  1.1621E+26  1.5442E+37
  4.4670E+02  1.2573E+37  2.8128E+36  4.5126E+25  9.7603E+36
  5.0120E+02  7.6008E+36  1.4313E+36  1.7605E+25  6.1695E+36
  5.6230E+02  4.6282E+36  7.2785E+35  6.8948E+24  3.9003E+36
  6.3100E+02  2.8323E+36  3.6938E+35  2.7067E+24  2.4629E+36
  7.0790E+02  1.7443E+36  1.8748E+35  1.0665E+24  1.5568E+36
  7.9430E+02  1.0782E+36  9.4998E+34  4.2081E+23  9.8325E+35
  8.9130E+02  6.6885E+35  4.8080E+34  1.6629E+23  6.2077E+35
  1.0000E+03  4.1646E+35  2.4327E+34  6.5854E+22  3.9214E+35
