  1.0000E-03  8.8922E+44  0.0000E+00  1.2597E+43  8.7662E+44
  1.1220E-03  9.9611E+44  0.0000E+00  1.2534E+43  9.8357E+44
  1.2590E-03  1.1160E+45  0.0000E+00  1.2287E+43  1.1037E+45
  1.4130E-03  1.2506E+45  0.0000E+00  1.1927E+43  1.2387E+45
  1.5850E-03  1.4013E+45  0.0000E+00  1.1855E+43  1.3894E+45
  1.7780E-03  1.5727E+45  0.0000E+00  1.4091E+43  1.5586E+45
  1.9950E-03  1.7627E+45  0.0000E+00  1.3895E+43  1.7488E+45
  2.2390E-03  1.9761E+45  0.0000E+00  1.3340E+43  1.9627E+45
  2.5120E-03  2.2184E+45  0.0000E+00  1.6447E+43  2.2020E+45
  2.8180E-03  2.4864E+45  0.0000E+00  1.6207E+43  2.4702E+45
  3.1620E-03  2.7877E+45  0.0000E+00  1.5881E+43  2.7718E+45
  3.5480E-03  3.1258E+45  0.0000E+00  1.5474E+43  3.1103E+45
  3.9810E-03  3.5048E+45  0.0000E+00  1.4958E+43  3.4898E+45
  4.4670E-03  3.9540E+45  0.0000E+00  3.8204E+43  3.9158E+45
  5.0120E-03  4.4324E+45  0.0000E+00  3.8805E+43  4.3936E+45
  5.6230E-03  4.9702E+45  0.0000E+00  4.0973E+43  4.9292E+45
  5.9570E-03  5.2645E+45  0.0000E+00  4.2464E+43  5.2220E+45
  6.6830E-03  5.9045E+45  0.0000E+00  4.5995E+43  5.8585E+45
  7.4990E-03  6.6244E+45  0.0000E+00  5.0540E+43  6.5738E+45
  8.4140E-03  7.4308E+45  0.0000E+00  5.4901E+43  7.3758E+45
  9.4410E-03  8.3356E+45  0.0000E+00  5.9499E+43  8.2761E+45
  1.0590E-02  9.3475E+45  0.0000E+00  6.4157E+43  9.2833E+45
  1.1890E-02  1.0493E+46  0.0000E+00  7.0469E+43  1.0423E+46
  1.3340E-02  1.1770E+46  0.0000E+00  7.5947E+43  1.1694E+46
  1.4960E-02  1.3196E+46  0.0000E+00  8.1859E+43  1.3114E+46
  1.6790E-02  1.4806E+46  0.0000E+00  8.8030E+43  1.4718E+46
  1.8840E-02  1.6610E+46  0.0000E+00  9.4587E+43  1.6515E+46
  2.1130E-02  1.8626E+46  0.0000E+00  1.0204E+44  1.8524E+46
  2.3710E-02  2.0894E+46  0.0000E+00  1.0985E+44  2.0785E+46
  2.6610E-02  2.3444E+46  0.0000E+00  1.1803E+44  2.3326E+46
  2.9850E-02  2.6293E+46  6.1122E-83  1.2652E+44  2.6166E+46
  3.3500E-02  2.9501E+46  3.8583E-68  1.3481E+44  2.9367E+46
  3.7580E-02  3.3086E+46  4.8505E-55  1.4397E+44  3.2942E+46
  4.2170E-02  3.7149E+46  2.0854E-43  1.8164E+44  3.6967E+46
  4.7320E-02  4.1680E+46  5.3767E-33  1.9823E+44  4.1482E+46
  5.3090E-02  4.3407E+46  9.4539E-24  1.9505E+44  4.3212E+46
  6.6830E-02  4.1418E+46  3.1298E-08  1.4955E+44  4.1268E+46
  7.4990E-02  4.0450E+46  9.4003E-02  1.2129E+44  4.0328E+46
  8.4140E-02  3.9533E+46  4.7508E+04  1.2245E+44  3.9410E+46
  9.4410E-02  3.8638E+46  5.4417E+09  1.2523E+44  3.8513E+46
  1.0590E-01  3.5193E+46  1.4690E+14  1.3766E+44  3.5055E+46
  1.1890E-01  2.9592E+46  1.2092E+18  1.2436E+44  2.9467E+46
  1.3340E-01  2.4903E+46  2.8937E+21  1.0784E+44  2.4795E+46
  1.4960E-01  2.0954E+46  3.6696E+24  7.5313E+43  2.0878E+46
  1.5850E-01  1.9207E+46  1.0953E+26  6.1432E+43  1.9145E+46
  1.7780E-01  1.6162E+46  5.3065E+28  4.7918E+43  1.6114E+46
  1.9950E-01  1.3594E+46  1.3113E+31  3.5978E+43  1.3558E+46
  2.2390E-01  1.1436E+46  1.3659E+33  3.2825E+43  1.1403E+46
  2.3710E-01  1.0501E+46  9.5672E+33  3.6609E+43  1.0464E+46
  2.5120E-01  9.6333E+45  5.9200E+34  3.7478E+43  9.5958E+45
  2.6610E-01  8.8367E+45  3.3571E+35  3.5471E+43  8.8012E+45
  2.8180E-01  8.1087E+45  1.7175E+36  3.2605E+43  8.0761E+45
  2.9850E-01  7.4378E+45  7.9419E+36  2.9918E+43  7.4079E+45
  3.1620E-01  6.8224E+45  3.2881E+37  2.7738E+43  6.7947E+45
  3.3500E-01  6.2566E+45  1.2385E+38  2.5773E+43  6.2308E+45
  3.5480E-01  5.7404E+45  4.2528E+38  2.3969E+43  5.7165E+45
  3.7580E-01  5.2665E+45  1.3472E+39  2.2344E+43  5.2442E+45
  3.9810E-01  4.8307E+45  3.9239E+39  2.0910E+43  4.8097E+45
  4.2170E-01  4.4313E+45  1.0505E+40  1.9684E+43  4.4116E+45
  4.4670E-01  4.0653E+45  2.6059E+40  1.8621E+43  4.0466E+45
  4.7320E-01  3.7292E+45  6.0726E+40  1.7633E+43  3.7115E+45
  5.0120E-01  3.4216E+45  1.3331E+41  1.6693E+43  3.4048E+45
  5.3090E-01  3.1393E+45  2.7733E+41  1.5821E+43  3.1232E+45
  5.6230E-01  2.8807E+45  5.4556E+41  1.5018E+43  2.8651E+45
  5.9570E-01  2.6429E+45  1.0220E+42  1.4278E+43  2.6276E+45
  6.3100E-01  2.4258E+45  1.8230E+42  1.3602E+43  2.4103E+45
  6.6830E-01  2.2275E+45  3.1012E+42  1.2988E+43  2.2114E+45
  7.0790E-01  2.0459E+45  5.0552E+42  1.2452E+43  2.0284E+45
  7.4990E-01  1.8803E+45  7.9043E+42  1.1975E+43  1.8605E+45
  7.9430E-01  1.7300E+45  1.1885E+43  1.1556E+43  1.7066E+45
  8.4140E-01  1.5938E+45  1.7252E+43  1.1207E+43  1.5653E+45
  8.9130E-01  1.4709E+45  2.4296E+43  1.0917E+43  1.4357E+45
  9.4410E-01  1.3608E+45  3.3150E+43  1.0676E+43  1.3170E+45
  1.0000E+00  1.2624E+45  4.3857E+43  1.0452E+43  1.2081E+45
  1.0590E+00  1.1752E+45  5.6425E+43  1.0239E+43  1.1086E+45
  1.1220E+00  1.0976E+45  7.1102E+43  1.0011E+43  1.0165E+45
  1.1890E+00  1.0295E+45  8.7929E+43  9.7474E+42  9.3183E+44
  1.2590E+00  9.7121E+44  1.0657E+44  9.4266E+42  8.5520E+44
  1.3340E+00  9.2002E+44  1.2685E+44  9.0709E+42  7.8411E+44
  1.4130E+00  8.7546E+44  1.4750E+44  8.6924E+42  7.1927E+44
  1.4960E+00  8.3667E+44  1.6812E+44  8.2864E+42  6.6026E+44
  1.5850E+00  8.0219E+44  1.8891E+44  7.8454E+42  6.0543E+44
  1.6790E+00  7.7145E+44  2.0878E+44  7.3636E+42  5.5530E+44
  1.7780E+00  7.4327E+44  2.2686E+44  6.8342E+42  5.0957E+44
  1.8840E+00  7.1644E+44  2.4299E+44  6.2586E+42  4.6719E+44
  1.9950E+00  6.9051E+44  2.5612E+44  5.6463E+42  4.2875E+44
  2.1130E+00  6.6423E+44  2.6590E+44  5.0093E+42  3.9333E+44
  2.2390E+00  6.3667E+44  2.7170E+44  4.3644E+42  3.6061E+44
  2.3710E+00  6.0798E+44  2.7333E+44  3.7343E+42  3.3092E+44
  2.5120E+00  5.7774E+44  2.7116E+44  3.1391E+42  3.0344E+44
  2.6610E+00  5.4622E+44  2.6530E+44  2.5947E+42  2.7832E+44
  2.8180E+00  5.1358E+44  2.5609E+44  2.1105E+42  2.5538E+44
  2.9850E+00  4.8025E+44  2.4429E+44  1.6913E+42  2.3426E+44
  3.1620E+00  4.4654E+44  2.3034E+44  1.3369E+42  2.1487E+44
  3.3500E+00  4.1351E+44  2.1543E+44  1.0437E+42  1.9704E+44
  3.5480E+00  3.8094E+44  1.9935E+44  8.0597E+41  1.8078E+44
  3.7580E+00  3.4945E+44  1.8300E+44  6.1579E+41  1.6583E+44
  3.9810E+00  3.1923E+44  1.6666E+44  4.6591E+41  1.5210E+44
  4.2170E+00  2.9054E+44  1.5068E+44  3.4945E+41  1.3951E+44
  4.4670E+00  2.6353E+44  1.3530E+44  2.5998E+41  1.2796E+44
  4.7320E+00  2.3835E+44  1.2079E+44  1.9182E+41  1.1737E+44
  5.0120E+00  2.1536E+44  1.0730E+44  1.4070E+41  1.0791E+44
  5.3090E+00  1.9096E+44  9.4836E+43  1.0090E+41  9.6024E+43
  5.6230E+00  1.6839E+44  8.3510E+43  7.1575E+40  8.4805E+43
  5.9570E+00  1.4771E+44  7.3347E+43  5.0253E+40  7.4316E+43
  6.3100E+00  1.2868E+44  6.3935E+43  3.4895E+40  6.4710E+43
  6.6830E+00  1.1216E+44  5.6120E+43  2.4093E+40  5.6014E+43
  7.0790E+00  9.7131E+43  4.8925E+43  1.6402E+40  4.8190E+43
  7.4990E+00  8.5041E+43  4.3801E+43  1.0969E+40  4.1229E+43
  7.9430E+00  7.9663E+43  4.4546E+43  7.2910E+39  3.5109E+43
  8.4140E+00  7.9179E+43  4.9422E+43  5.0210E+39  2.9752E+43
  8.9130E+00  7.6703E+43  5.1595E+43  3.6456E+39  2.5104E+43
  9.4410E+00  7.2722E+43  5.1619E+43  2.9381E+39  2.1101E+43
  1.0000E+01  6.1885E+43  4.4212E+43  2.3047E+39  1.7671E+43
  1.0590E+01  5.1308E+43  3.6548E+43  1.7658E+39  1.4758E+43
  1.1220E+01  4.1451E+43  2.9182E+43  1.2493E+39  1.2267E+43
  1.1890E+01  3.3459E+43  2.3299E+43  8.6037E+38  1.0159E+43
  1.2590E+01  2.7070E+43  1.8658E+43  5.7254E+38  8.4119E+42
  1.3340E+01  2.2024E+43  1.5092E+43  3.6992E+38  6.9319E+42
  1.4130E+01  1.8487E+43  1.2782E+43  2.3526E+38  5.7050E+42
  1.4960E+01  1.6695E+43  1.2003E+43  1.5829E+38  4.6919E+42
  1.5850E+01  1.5454E+43  1.1613E+43  1.1240E+38  3.8414E+42
  1.6790E+01  1.4457E+43  1.1316E+43  8.3581E+37  3.1409E+42
  1.7780E+01  1.3409E+43  1.0843E+43  6.4066E+37  2.5663E+42
  1.8840E+01  1.2114E+43  1.0025E+43  4.8915E+37  2.0888E+42
  1.9950E+01  1.0646E+43  8.9446E+42  3.5959E+37  1.7013E+42
  2.1130E+01  9.3180E+42  7.9354E+42  2.5522E+37  1.3827E+42
  2.2390E+01  8.2052E+42  7.0848E+42  1.8042E+37  1.1203E+42
  2.3710E+01  7.2620E+42  6.3534E+42  1.2707E+37  9.0864E+41
  2.5120E+01  6.4285E+42  5.6937E+42  8.9393E+36  7.3479E+41
  2.6610E+01  5.6783E+42  5.0845E+42  6.2475E+36  5.9383E+41
  2.8180E+01  4.9965E+42  4.5166E+42  4.3546E+36  4.7994E+41
  2.9850E+01  4.3622E+42  3.9750E+42  3.0157E+36  3.8717E+41
  3.1620E+01  3.7695E+42  3.4576E+42  2.0674E+36  3.1199E+41
  3.3500E+01  3.2185E+42  2.9674E+42  1.4019E+36  2.5106E+41
  3.5480E+01  2.7154E+42  2.5133E+42  9.4061E+35  2.0210E+41
  3.7580E+01  2.2598E+42  2.0973E+42  6.2319E+35  1.6253E+41
  3.9810E+01  1.8522E+42  1.7217E+42  4.0740E+35  1.3054E+41
  4.2170E+01  1.4983E+42  1.3935E+42  2.6295E+35  1.0479E+41
  4.4670E+01  1.1973E+42  1.1132E+42  1.6751E+35  8.4074E+40
  4.7320E+01  9.4647E+41  8.7907E+41  1.0551E+35  6.7400E+40
  5.0120E+01  7.4116E+41  6.8712E+41  6.5805E+34  5.4034E+40
  5.3090E+01  5.7510E+41  5.3182E+41  4.0659E+34  4.3282E+40
  5.6230E+01  4.4303E+41  4.0836E+41  2.4931E+34  3.4667E+40
  5.9570E+01  3.3868E+41  3.1095E+41  1.5168E+34  2.7728E+40
  6.3100E+01  2.5753E+41  2.3535E+41  9.1792E+33  2.2180E+40
  6.6830E+01  1.9493E+41  1.7718E+41  5.5305E+33  1.7744E+40
  7.0790E+01  1.4690E+41  1.3271E+41  3.3180E+33  1.4183E+40
  7.4990E+01  1.1027E+41  9.8936E+40  1.9837E+33  1.1329E+40
  7.9430E+01  8.2549E+40  7.3498E+40  1.1835E+33  9.0505E+39
  8.4140E+01  6.1636E+40  5.4410E+40  7.0445E+32  7.2256E+39
  8.9130E+01  4.5951E+40  4.0185E+40  4.1896E+32  5.7665E+39
  9.4410E+01  3.4215E+40  2.9613E+40  2.4902E+32  4.6021E+39
  1.0000E+02  2.5446E+40  2.1774E+40  1.4794E+32  3.6722E+39
  1.0590E+02  1.8929E+40  1.5998E+40  8.7996E+31  2.9317E+39
  1.1220E+02  1.4072E+40  1.1736E+40  5.2310E+31  2.3358E+39
  1.1890E+02  1.0478E+40  8.6194E+39  3.1161E+31  1.8590E+39
  1.2590E+02  7.8548E+39  6.3710E+39  1.8695E+31  1.4838E+39
  1.3340E+02  5.9051E+39  4.7240E+39  1.1262E+31  1.1811E+39
  1.4130E+02  4.4169E+39  3.4757E+39  6.7850E+30  9.4117E+38
  1.4960E+02  3.2548E+39  2.5036E+39  4.0379E+30  7.5121E+38
  1.5850E+02  2.3877E+39  1.7899E+39  2.3892E+30  5.9781E+38
  1.7780E+02  1.3036E+39  9.2420E+38  8.4812E+29  3.7942E+38
  1.9950E+02  7.1907E+38  4.7863E+38  3.0473E+29  2.4043E+38
  2.2390E+02  3.9969E+38  2.4753E+38  1.1059E+29  1.5216E+38
  2.5120E+02  2.2428E+38  1.2791E+38  4.0573E+28  9.6376E+37
  2.8180E+02  1.2700E+38  6.5952E+37  1.5032E+28  6.1043E+37
  3.1620E+02  7.2519E+37  3.3902E+37  5.6152E+27  3.8617E+37
  3.5480E+02  4.1814E+37  1.7393E+37  2.1149E+27  2.4421E+37
  3.9810E+02  2.4347E+37  8.9054E+36  8.0312E+26  1.5442E+37
  4.4670E+02  1.4311E+37  4.5511E+36  3.0713E+26  9.7603E+36
  5.0120E+02  8.4920E+36  2.3225E+36  1.1824E+26  6.1695E+36
  5.6230E+02  5.0843E+36  1.1840E+36  4.5781E+25  3.9003E+36
  6.3100E+02  3.0651E+36  6.0221E+35  1.7799E+25  2.4629E+36
  7.0790E+02  1.8630E+36  3.0624E+35  6.9562E+24  1.5568E+36
  7.9430E+02  1.1387E+36  1.5544E+35  2.7261E+24  9.8325E+35
  8.9130E+02  6.9956E+35  7.8789E+34  1.0712E+24  6.2077E+35
  1.0000E+03  4.3205E+35  3.9917E+34  4.2226E+23  3.9214E+35
