  1.0000E-03  4.7864E+42  0.0000E+00  2.4852E+42  2.3012E+42
  1.1220E-03  1.4568E+42  0.0000E+00  8.8326E+41  5.7357E+41
  1.2590E-03  4.3664E+41  0.0000E+00  3.0685E+41  1.2979E+41
  1.4130E-03  1.3627E+41  0.0000E+00  1.0895E+41  2.7327E+40
  1.5850E-03  5.6399E+40  0.0000E+00  4.9045E+40  7.3537E+39
  1.7780E-03  5.7904E+40  0.0000E+00  5.2935E+40  4.9688E+39
  1.9950E-03  1.5098E+40  0.0000E+00  1.4755E+40  3.4250E+38
  2.2390E-03  5.0891E+39  0.0000E+00  5.0440E+39  4.5050E+37
  2.5120E-03  5.6264E+39  0.0000E+00  5.6071E+39  1.9304E+37
  2.8180E-03  1.2098E+39  0.0000E+00  1.2094E+39  4.0852E+35
  3.1620E-03  3.0881E+38  0.0000E+00  3.0880E+38  1.2971E+34
  3.5480E-03  8.7093E+37  0.0000E+00  8.7092E+37  5.0729E+32
  3.9810E-03  2.7761E+37  0.0000E+00  2.7761E+37  2.7041E+31
  4.4670E-03  9.7900E+39  0.0000E+00  9.7836E+39  6.3787E+36
  5.0120E-03  2.1874E+39  0.0000E+00  2.1873E+39  9.7097E+34
  5.6230E-03  5.2052E+38  0.0000E+00  5.2051E+38  1.5297E+33
  5.9570E-03  2.6583E+38  0.0000E+00  2.6583E+38  2.1063E+32
  6.6830E-03  8.1709E+37  0.0000E+00  8.1709E+37  6.1491E+30
  7.4990E-03  3.3357E+37  0.0000E+00  3.3357E+37  3.7895E+29
  8.4140E-03  1.1620E+37  0.0000E+00  1.1620E+37  1.3784E+28
  9.4410E-03  4.8984E+36  0.0000E+00  4.8984E+36  9.7188E+26
  1.0590E-02  2.9313E+36  0.0000E+00  2.9313E+36  2.9264E+26
  1.1890E-02  1.3391E+36  0.0000E+00  1.3391E+36  1.4601E+25
  1.3340E-02  6.5541E+35  0.0000E+00  6.5541E+35  1.5550E+24
  1.4960E-02  2.8509E+35  0.0000E+00  2.8509E+35  9.0020E+22
  1.6790E-02  1.3033E+35  0.0000E+00  1.3033E+35  6.7674E+21
  1.8840E-02  6.4234E+34  0.0000E+00  6.4234E+34  7.1190E+20
  2.1130E-02  3.1450E+34  0.0000E+00  3.1450E+34  5.5801E+19
  2.3710E-02  1.4714E+34  0.0000E+00  1.4714E+34  3.9334E+18
  2.6610E-02  6.4215E+33  0.0000E+00  6.4215E+33  2.1631E+17
  2.9850E-02  2.8173E+33  0.0000E+00  2.8173E+33  1.2418E+16
  3.3500E-02  1.2115E+33  0.0000E+00  1.2115E+33  6.7804E+14
  3.7580E-02  1.0027E+33  1.9261E-86  1.0027E+33  3.4207E+14
  4.2170E-02  6.0568E+32  3.9460E-76  6.0568E+32  1.8006E+13
  4.7320E-02  8.8804E+31  8.0247E-69  8.8804E+31  1.5146E+10
  5.3090E-02  8.4580E+30  2.7534E-63  8.4580E+30  2.9018E+06
  6.6830E-02  1.1020E+27  2.1393E-62  1.1020E+27  5.2553E-09
  7.4990E-02  3.5382E+24  3.0330E-65  3.5382E+24  1.9636E-18
  8.4140E-02  1.3091E+25  3.1991E-57  1.3091E+25  4.2505E-16
  9.4410E-02  3.5875E+25  1.5079E-50  3.5875E+25  1.7801E-14
  1.0590E-01  2.1836E+27  1.3837E-39  2.1836E+27  6.3776E-08
  1.1890E-01  1.8976E+29  2.8686E-28  1.8976E+29  1.6215E+00
  1.3340E-01  5.2834E+30  1.5699E-19  5.2834E+30  3.6293E+05
  1.4960E-01  3.8341E+31  5.6988E-13  3.8341E+31  9.7238E+08
  1.5850E-01  5.2513E+31  7.3357E-11  5.2513E+31  3.8905E+09
  1.7780E-01  2.2833E+31  3.2579E-09  2.2833E+31  2.7561E+08
  1.9950E-01  2.6616E+29  5.2389E-13  2.6616E+29  1.2080E+02
  2.2390E-01  1.9216E+28  9.9807E-15  1.9216E+28  1.5587E-02
  2.3710E-01  3.9265E+29  2.8406E-09  3.9265E+29  6.2966E+02
  2.5120E-01  8.2869E+30  1.1202E-03  8.2869E+30  4.0131E+07
  2.6610E-01  6.1366E+31  1.1526E+01  6.1366E+31  7.0488E+10
  2.8180E-01  2.4678E+32  1.3444E+04  2.4678E+32  1.5238E+13
  2.9850E-01  7.3178E+32  4.5393E+06  7.3178E+32  1.0444E+15
  3.1620E-01  1.9705E+33  8.8362E+08  1.9705E+33  4.5887E+16
  3.3500E-01  4.9170E+33  1.1400E+11  4.9170E+33  1.4634E+18
  3.5480E-01  1.1123E+34  9.2949E+12  1.1123E+34  3.2263E+19
  3.7580E-01  2.4872E+34  6.6479E+14  2.4872E+34  6.7430E+20
  3.9810E-01  5.2536E+34  3.3257E+16  5.2536E+34  1.0713E+22
  4.2170E-01  1.1877E+35  1.8887E+18  1.1877E+35  2.1005E+23
  4.4670E-01  2.6673E+35  8.8647E+19  2.6673E+35  3.6752E+24
  4.7320E-01  5.9280E+35  3.6332E+21  5.9280E+35  5.9734E+25
  5.0120E-01  1.2889E+36  1.2639E+23  1.2889E+36  8.7449E+26
  5.3090E-01  2.8389E+36  4.2216E+24  2.8389E+36  1.2962E+28
  5.6230E-01  5.9573E+36  1.0617E+26  5.9573E+36  1.5300E+29
  5.9570E-01  1.2165E+37  2.2138E+27  1.2165E+37  1.5717E+30
  6.3100E-01  2.4748E+37  4.1481E+28  2.4748E+37  1.5247E+31
  6.6830E-01  5.0015E+37  6.9642E+29  5.0015E+37  1.3904E+32
  7.0790E-01  1.0044E+38  1.0241E+31  1.0044E+38  1.1604E+33
  7.4990E-01  1.9547E+38  1.2389E+32  1.9546E+38  8.3173E+33
  7.9430E-01  3.7626E+38  1.3236E+33  3.7620E+38  5.4883E+34
  8.4140E-01  7.1945E+38  1.2716E+34  7.1909E+38  3.3812E+35
  8.9130E-01  1.4003E+39  1.1758E+35  1.3982E+39  2.0756E+36
  9.4410E-01  2.6888E+39  9.5649E+35  2.6762E+39  1.1605E+37
  1.0000E+00  4.9866E+39  6.4867E+36  4.9242E+39  5.5898E+37
  1.0590E+00  9.0854E+39  3.7458E+37  8.8114E+39  2.3657E+38
  1.1220E+00  1.6635E+40  1.9086E+38  1.5539E+40  9.0520E+38
  1.1890E+00  3.1350E+40  8.7263E+38  2.7296E+40  3.1818E+39
  1.2590E+00  6.2844E+40  3.6541E+39  4.8658E+40  1.0532E+40
  1.3340E+00  1.3202E+41  1.3479E+40  8.7194E+40  3.1351E+40
  1.4130E+00  2.7921E+41  4.2665E+40  1.5443E+41  8.2117E+40
  1.4960E+00  5.8221E+41  1.1907E+41  2.6923E+41  1.9390E+41
  1.5850E+00  1.1826E+42  3.0139E+41  4.5964E+41  4.2161E+41
  1.6790E+00  2.3198E+42  6.9996E+41  7.6229E+41  8.5757E+41
  1.7780E+00  4.3456E+42  1.4966E+42  1.2115E+42  1.6375E+42
  1.8840E+00  7.7007E+42  2.9523E+42  1.8215E+42  2.9269E+42
  1.9950E+00  1.2838E+43  5.3661E+42  2.5694E+42  4.9027E+42
  2.1130E+00  2.0085E+43  9.0094E+42  3.3857E+42  7.6898E+42
  2.2390E+00  2.9502E+43  1.4012E+43  4.1667E+42  1.1324E+43
  2.3710E+00  4.0804E+43  2.0272E+43  4.8004E+42  1.5732E+43
  2.5120E+00  5.3369E+43  2.7476E+43  5.2041E+42  2.0689E+43
  2.6610E+00  6.6409E+43  3.5118E+43  5.3429E+42  2.5948E+43
  2.8180E+00  7.9112E+43  4.2628E+43  5.2290E+42  3.1255E+43
  2.9850E+00  9.0690E+43  4.9473E+43  4.9060E+42  3.6310E+43
  3.1620E+00  1.0062E+44  5.5235E+43  4.4404E+42  4.0942E+43
  3.3500E+00  1.0833E+44  5.9614E+43  3.8869E+42  4.4825E+43
  3.5480E+00  1.1401E+44  6.2565E+43  3.3178E+42  4.8122E+43
  3.7580E+00  1.1749E+44  6.4079E+43  2.7650E+42  5.0647E+43
  3.9810E+00  1.1890E+44  6.4243E+43  2.2571E+42  5.2404E+43
  4.2170E+00  1.1851E+44  6.3248E+43  1.8105E+42  5.3454E+43
  4.4670E+00  1.1660E+44  6.1312E+43  1.4301E+42  5.3858E+43
  4.7320E+00  1.1336E+44  5.8615E+43  1.1130E+42  5.3630E+43
  5.0120E+00  1.0922E+44  5.5383E+43  8.5614E+41  5.2977E+43
  5.3090E+00  1.0256E+44  5.1751E+43  6.4062E+41  5.0169E+43
  5.6230E+00  9.5126E+43  4.7916E+43  4.7198E+41  4.6738E+43
  5.9570E+00  8.7209E+43  4.4028E+43  3.4265E+41  4.2839E+43
  6.3100E+00  7.9162E+43  4.0070E+43  2.4557E+41  3.8847E+43
  6.6830E+00  7.1607E+43  3.6649E+43  1.7460E+41  3.4784E+43
  7.0790E+00  6.4256E+43  3.3263E+43  1.2231E+41  3.0871E+43
  7.4990E+00  5.5820E+43  2.9640E+43  8.1477E+40  2.6099E+43
  7.9430E+00  4.2229E+43  2.4236E+43  4.6162E+40  1.7947E+43
  8.4140E+00  2.6438E+43  1.6940E+43  2.2556E+40  9.4757E+42
  8.9130E+00  1.6211E+43  1.1282E+43  1.1686E+40  4.9173E+42
  9.4410E+00  9.9963E+42  7.4103E+42  6.8616E+39  2.5792E+42
  1.0000E+01  1.0634E+43  7.9366E+42  6.3761E+39  2.6909E+42
  1.0590E+01  1.2080E+43  8.9859E+42  6.1904E+39  3.0880E+42
  1.1220E+01  1.3860E+43  1.0203E+43  5.7028E+39  3.6516E+42
  1.1890E+01  1.4541E+43  1.0625E+43  4.7949E+39  3.9111E+42
  1.2590E+01  1.4705E+43  1.0706E+43  3.7982E+39  3.9951E+42
  1.3340E+01  1.4246E+43  1.0398E+43  2.8261E+39  3.8452E+42
  1.4130E+01  1.3266E+43  9.8351E+42  1.9648E+39  3.4290E+42
  1.4960E+01  1.1821E+43  9.1121E+42  1.3180E+39  2.7080E+42
  1.5850E+01  1.0507E+43  8.4524E+42  9.1349E+38  2.0540E+42
  1.6790E+01  9.4445E+42  7.9036E+42  6.6345E+38  1.5402E+42
  1.7780E+01  8.7169E+42  7.5306E+42  5.1074E+38  1.1858E+42
  1.8840E+01  8.3311E+42  7.3642E+42  4.1169E+38  9.6649E+41
  1.9950E+01  8.1783E+42  7.3393E+42  3.3464E+38  8.3867E+41
  2.1130E+01  8.0492E+42  7.3178E+42  2.6475E+38  7.3117E+41
  2.2390E+01  7.8895E+42  7.2620E+42  2.0730E+38  6.2726E+41
  2.3710E+01  7.7076E+42  7.1735E+42  1.6082E+38  5.3398E+41
  2.5120E+01  7.4789E+42  7.0289E+42  1.2399E+38  4.4986E+41
  2.6610E+01  7.2006E+42  6.8234E+42  9.4575E+37  3.7712E+41
  2.8180E+01  6.8637E+42  6.5488E+42  7.1563E+37  3.1478E+41
  2.9850E+01  6.4598E+42  6.1983E+42  5.3564E+37  2.6146E+41
  3.1620E+01  5.9926E+42  5.7759E+42  3.9529E+37  2.1658E+41
  3.3500E+01  5.4708E+42  5.2919E+42  2.8737E+37  1.7889E+41
  3.5480E+01  4.9145E+42  4.7668E+42  2.0579E+37  1.4760E+41
  3.7580E+01  4.3408E+42  4.2192E+42  1.4502E+37  1.2160E+41
  3.9810E+01  3.7663E+42  3.6662E+42  1.0056E+37  1.0008E+41
  4.2170E+01  3.2152E+42  3.1329E+42  6.8613E+36  8.2290E+40
  4.4670E+01  2.7029E+42  2.6353E+42  4.6052E+36  6.7555E+40
  4.7320E+01  2.2406E+42  2.1852E+42  3.0454E+36  5.5344E+40
  5.0120E+01  1.8338E+42  1.7886E+42  1.9869E+36  4.5277E+40
  5.3090E+01  1.4826E+42  1.4456E+42  1.2796E+36  3.6953E+40
  5.6230E+01  1.1861E+42  1.1560E+42  8.1490E+35  3.0109E+40
  5.9570E+01  9.3895E+41  9.1449E+41  5.1313E+35  2.4460E+40
  6.3100E+01  7.3706E+41  7.1721E+41  3.2024E+35  1.9843E+40
  6.6830E+01  5.7421E+41  5.5814E+41  1.9827E+35  1.6076E+40
  7.0790E+01  4.4418E+41  4.3119E+41  1.2183E+35  1.2994E+40
  7.4990E+01  3.4133E+41  3.3084E+41  7.4356E+34  1.0484E+40
  7.9430E+01  2.6090E+41  2.5245E+41  4.5136E+34  8.4498E+39
  8.4140E+01  1.9840E+41  1.9160E+41  2.7249E+34  6.7992E+39
  8.9130E+01  1.5029E+41  1.4483E+41  1.6387E+34  5.4639E+39
  9.4410E+01  1.1343E+41  1.0904E+41  9.8191E+33  4.3873E+39
  1.0000E+02  8.5315E+40  8.1795E+40  5.8632E+33  3.5198E+39
  1.0590E+02  6.4040E+40  6.1216E+40  3.4950E+33  2.8234E+39
  1.1220E+02  4.7949E+40  4.5691E+40  2.0774E+33  2.2588E+39
  1.1890E+02  3.5898E+40  3.4094E+40  1.2349E+33  1.8043E+39
  1.2590E+02  2.7010E+40  2.5566E+40  7.3796E+32  1.4446E+39
  1.3340E+02  2.0363E+40  1.9210E+40  4.4254E+32  1.1529E+39
  1.4130E+02  1.5232E+40  1.4311E+40  2.6432E+32  9.2098E+38
  1.4960E+02  1.1172E+40  1.0435E+40  1.5470E+32  7.3696E+38
  1.5850E+02  8.1356E+39  7.5477E+39  8.9688E+31  5.8781E+38
  1.7780E+02  4.3528E+39  3.9784E+39  3.0392E+31  3.7444E+38
  1.9950E+02  2.3351E+39  2.0972E+39  1.0342E+31  2.3794E+38
  2.2390E+02  1.2523E+39  1.1014E+39  3.5260E+30  1.5091E+38
  2.5120E+02  6.7245E+38  5.7670E+38  1.2062E+30  9.5749E+37
  2.8180E+02  3.6154E+38  3.0081E+38  4.1409E+29  6.0728E+37
  3.1620E+02  1.9466E+38  1.5620E+38  1.4268E+29  3.8459E+37
  3.5480E+02  1.0518E+38  8.0842E+37  4.9436E+28  2.4341E+37
  3.9810E+02  5.7114E+37  4.1712E+37  1.7254E+28  1.5402E+37
  4.4670E+02  3.1201E+37  2.1461E+37  6.0706E+27  9.7401E+36
  5.0120E+02  1.7176E+37  1.1017E+37  2.1558E+27  6.1593E+36
  5.6230E+02  9.5406E+36  5.6454E+36  7.7322E+26  3.8952E+36
  6.3100E+02  5.3448E+36  2.8845E+36  2.7997E+26  2.4604E+36
  7.0790E+02  3.0282E+36  1.4727E+36  1.0253E+26  1.5555E+36
  7.9430E+02  1.7327E+36  7.5013E+35  3.7902E+25  9.8260E+35
  8.9130E+02  1.0018E+36  3.8140E+35  1.4144E+25  6.2044E+35
  1.0000E+03  5.8573E+35  1.9376E+35  5.3300E+24  3.9197E+35
