  1.0000E-03  8.7919E+44  0.0000E+00  2.5725E+42  8.7662E+44
  1.1220E-03  9.8686E+44  0.0000E+00  3.2885E+42  9.8357E+44
  1.2590E-03  1.1077E+45  0.0000E+00  3.9983E+42  1.1037E+45
  1.4130E-03  1.2434E+45  0.0000E+00  4.6605E+42  1.2387E+45
  1.5850E-03  1.3947E+45  0.0000E+00  5.2779E+42  1.3894E+45
  1.7780E-03  1.5652E+45  0.0000E+00  6.5592E+42  1.5586E+45
  1.9950E-03  1.7566E+45  0.0000E+00  7.7938E+42  1.7488E+45
  2.2390E-03  1.9710E+45  0.0000E+00  8.3208E+42  1.9627E+45
  2.5120E-03  2.2128E+45  0.0000E+00  1.0798E+43  2.2020E+45
  2.8180E-03  2.4827E+45  0.0000E+00  1.2464E+43  2.4702E+45
  3.1620E-03  2.7855E+45  0.0000E+00  1.3662E+43  2.7718E+45
  3.5480E-03  3.1249E+45  0.0000E+00  1.4580E+43  3.1103E+45
  3.9810E-03  3.5051E+45  0.0000E+00  1.5250E+43  3.4898E+45
  4.4670E-03  3.9429E+45  0.0000E+00  2.7019E+43  3.9158E+45
  5.0120E-03  4.4259E+45  0.0000E+00  3.2301E+43  4.3936E+45
  5.6230E-03  4.9662E+45  0.0000E+00  3.6946E+43  4.9292E+45
  5.9570E-03  5.2611E+45  0.0000E+00  3.9032E+43  5.2220E+45
  6.6830E-03  5.9014E+45  0.0000E+00  4.2843E+43  5.8585E+45
  7.4990E-03  6.6205E+45  0.0000E+00  4.6666E+43  6.5738E+45
  8.4140E-03  7.4264E+45  0.0000E+00  5.0503E+43  7.3758E+45
  9.4410E-03  8.3300E+45  0.0000E+00  5.3863E+43  8.2761E+45
  1.0590E-02  9.3390E+45  0.0000E+00  5.5712E+43  9.2833E+45
  1.1890E-02  1.0485E+46  0.0000E+00  6.1924E+43  1.0423E+46
  1.3340E-02  1.1760E+46  0.0000E+00  6.5639E+43  1.1694E+46
  1.4960E-02  1.3184E+46  0.0000E+00  7.0338E+43  1.3114E+46
  1.6790E-02  1.4793E+46  0.0000E+00  7.4650E+43  1.4718E+46
  1.8840E-02  1.6594E+46  0.0000E+00  7.8663E+43  1.6515E+46
  2.1130E-02  1.8608E+46  0.0000E+00  8.4186E+43  1.8524E+46
  2.3710E-02  2.0874E+46  0.0000E+00  8.9553E+43  2.0785E+46
  2.6610E-02  2.3421E+46  0.0000E+00  9.4944E+43  2.3326E+46
  2.9850E-02  2.6267E+46  8.8348E-83  1.0022E+44  2.6166E+46
  3.3500E-02  2.9472E+46  5.5914E-68  1.0535E+44  2.9367E+46
  3.7580E-02  3.3056E+46  7.0092E-55  1.1409E+44  3.2942E+46
  4.2170E-02  3.7102E+46  3.0170E-43  1.3467E+44  3.6967E+46
  4.7320E-02  4.1621E+46  7.8005E-33  1.3907E+44  4.1482E+46
  5.3090E-02  4.3345E+46  1.3741E-23  1.3214E+44  4.3212E+46
  6.6830E-02  4.1372E+46  4.6922E-08  1.0387E+44  4.1268E+46
  7.4990E-02  4.0424E+46  1.4993E-01  9.5146E+43  4.0328E+46
  8.4140E-02  3.9502E+46  7.8637E+04  9.2060E+43  3.9410E+46
  9.4410E-02  3.8604E+46  9.4298E+09  9.1197E+43  3.8513E+46
  1.0590E-01  3.5148E+46  2.7122E+14  9.2589E+43  3.5055E+46
  1.1890E-01  2.9555E+46  2.1733E+18  8.7428E+43  2.9467E+46
  1.3340E-01  2.4881E+46  4.7338E+21  8.5915E+43  2.4795E+46
  1.4960E-01  2.0955E+46  5.6533E+24  7.6780E+43  2.0878E+46
  1.5850E-01  1.9215E+46  1.6770E+26  7.0054E+43  1.9145E+46
  1.7780E-01  1.6169E+46  8.4156E+28  5.4262E+43  1.6114E+46
  1.9950E-01  1.3591E+46  2.2695E+31  3.3078E+43  1.3558E+46
  2.2390E-01  1.1429E+46  2.6343E+33  2.6085E+43  1.1403E+46
  2.3710E-01  1.0493E+46  1.8160E+34  2.8563E+43  1.0464E+46
  2.5120E-01  9.6261E+45  1.0825E+35  3.0294E+43  9.5958E+45
  2.6610E-01  8.8314E+45  5.9735E+35  3.0166E+43  8.8012E+45
  2.8180E-01  8.1050E+45  3.0013E+36  2.8957E+43  8.0761E+45
  2.9850E-01  7.4354E+45  1.3689E+37  2.7475E+43  7.4079E+45
  3.1620E-01  6.8207E+45  5.6017E+37  2.6094E+43  6.7947E+45
  3.3500E-01  6.2555E+45  2.0901E+38  2.4706E+43  6.2308E+45
  3.5480E-01  5.7398E+45  7.1289E+38  2.3275E+43  5.7165E+45
  3.7580E-01  5.2660E+45  2.2469E+39  2.1832E+43  5.2442E+45
  3.9810E-01  4.8302E+45  6.5175E+39  2.0492E+43  4.8097E+45
  4.2170E-01  4.4309E+45  1.7374E+40  1.9201E+43  4.4116E+45
  4.4670E-01  4.0647E+45  4.2908E+40  1.8028E+43  4.0466E+45
  4.7320E-01  3.7285E+45  9.9582E+40  1.6871E+43  3.7115E+45
  5.0120E-01  3.4207E+45  2.1774E+41  1.5721E+43  3.4048E+45
  5.3090E-01  3.1382E+45  4.5098E+41  1.4575E+43  3.1232E+45
  5.6230E-01  2.8795E+45  8.8325E+41  1.3501E+43  2.8651E+45
  5.9570E-01  2.6417E+45  1.6468E+42  1.2474E+43  2.6276E+45
  6.3100E-01  2.4247E+45  2.9210E+42  1.1485E+43  2.4103E+45
  6.6830E-01  2.2269E+45  4.9359E+42  1.0527E+43  2.2114E+45
  7.0790E-01  2.0460E+45  7.9785E+42  9.6318E+42  2.0284E+45
  7.4990E-01  1.8816E+45  1.2354E+43  8.7955E+42  1.8605E+45
  7.9430E-01  1.7329E+45  1.8349E+43  8.0052E+42  1.7066E+45
  8.4140E-01  1.5988E+45  2.6243E+43  7.2574E+42  1.5653E+45
  8.9130E-01  1.4785E+45  3.6245E+43  6.5419E+42  1.4357E+45
  9.4410E-01  1.3712E+45  4.8349E+43  5.8700E+42  1.3170E+45
  1.0000E+00  1.2758E+45  6.2413E+43  5.2454E+42  1.2081E+45
  1.0590E+00  1.1914E+45  7.8126E+43  4.6737E+42  1.1086E+45
  1.1220E+00  1.1161E+45  9.5422E+43  4.1414E+42  1.0165E+45
  1.1890E+00  1.0493E+45  1.1388E+44  3.6411E+42  9.3183E+44
  1.2590E+00  9.9079E+44  1.3242E+44  3.1663E+42  8.5520E+44
  1.3340E+00  9.3764E+44  1.5081E+44  2.7304E+42  7.8411E+44
  1.4130E+00  8.8934E+44  1.6772E+44  2.3436E+42  7.1927E+44
  1.4960E+00  8.4502E+44  1.8277E+44  1.9985E+42  6.6026E+44
  1.5850E+00  8.0334E+44  1.9622E+44  1.6866E+42  6.0543E+44
  1.6790E+00  7.6365E+44  2.0694E+44  1.4050E+42  5.5530E+44
  1.7780E+00  7.2514E+44  2.1441E+44  1.1522E+42  5.0957E+44
  1.8840E+00  6.8724E+44  2.1912E+44  9.2887E+41  4.6719E+44
  1.9950E+00  6.5013E+44  2.2065E+44  7.3638E+41  4.2875E+44
  2.1130E+00  6.1332E+44  2.1941E+44  5.7431E+41  3.9333E+44
  2.2390E+00  5.7649E+44  2.1544E+44  4.4106E+41  3.6061E+44
  2.3710E+00  5.4021E+44  2.0896E+44  3.3435E+41  3.3092E+44
  2.5120E+00  5.0435E+44  2.0065E+44  2.5067E+41  3.0344E+44
  2.6610E+00  4.6920E+44  1.9069E+44  1.8622E+41  2.7832E+44
  2.8180E+00  4.3485E+44  1.7933E+44  1.3721E+41  2.5538E+44
  2.9850E+00  4.0153E+44  1.6717E+44  1.0042E+41  2.3426E+44
  3.1620E+00  3.6935E+44  1.5441E+44  7.3051E+40  2.1487E+44
  3.3500E+00  3.3900E+44  1.4191E+44  5.2949E+40  1.9704E+44
  3.5480E+00  3.1004E+44  1.2923E+44  3.8204E+40  1.8078E+44
  3.7580E+00  2.8283E+44  1.1697E+44  2.7467E+40  1.6583E+44
  3.9810E+00  2.5738E+44  1.0526E+44  1.9687E+40  1.5210E+44
  4.2170E+00  2.3371E+44  9.4184E+43  1.4074E+40  1.3951E+44
  4.4670E+00  2.1181E+44  8.3835E+43  1.0037E+40  1.2796E+44
  4.7320E+00  1.9173E+44  7.4355E+43  7.1421E+39  1.1737E+44
  5.0120E+00  1.7369E+44  6.5774E+43  5.0825E+39  1.0791E+44
  5.3090E+00  1.5406E+44  5.8034E+43  3.5391E+39  9.6024E+43
  5.6230E+00  1.3598E+44  5.1171E+43  2.4483E+39  8.4805E+43
  5.9570E+00  1.1948E+44  4.5165E+43  1.6833E+39  7.4316E+43
  6.3100E+00  1.0431E+44  3.9604E+43  1.1474E+39  6.4710E+43
  6.6830E+00  9.1098E+43  3.5084E+43  7.7958E+38  5.6014E+43
  7.0790E+00  7.9070E+43  3.0880E+43  5.2317E+38  4.8190E+43
  7.4990E+00  7.0027E+43  2.8798E+43  3.5447E+38  4.1229E+43
  7.9430E+00  6.9396E+43  3.4286E+43  2.7027E+38  3.5109E+43
  8.4140E+00  7.6633E+43  4.6881E+43  2.4470E+38  2.9752E+43
  8.9130E+00  8.1776E+43  5.6672E+43  2.2772E+38  2.5104E+43
  9.4410E+00  8.4340E+43  6.3239E+43  2.2652E+38  2.1101E+43
  1.0000E+01  6.9493E+43  5.1822E+43  1.5946E+38  1.7671E+43
  1.0590E+01  5.4678E+43  3.9920E+43  1.0397E+38  1.4758E+43
  1.1220E+01  4.1437E+43  2.9170E+43  6.0805E+37  1.2267E+43
  1.1890E+01  3.1841E+43  2.1682E+43  3.6109E+37  1.0159E+43
  1.2590E+01  2.4652E+43  1.6240E+43  2.1130E+37  8.4119E+42
  1.3340E+01  1.9366E+43  1.2434E+43  1.2352E+37  6.9319E+42
  1.4130E+01  1.5914E+43  1.0210E+43  7.4136E+36  5.7050E+42
  1.4960E+01  1.4393E+43  9.7010E+42  5.0292E+36  4.6919E+42
  1.5850E+01  1.3396E+43  9.5543E+42  3.6543E+36  3.8414E+42
  1.6790E+01  1.2580E+43  9.4387E+42  2.7810E+36  3.1409E+42
  1.7780E+01  1.1618E+43  9.0514E+42  2.1418E+36  2.5663E+42
  1.8840E+01  1.0309E+43  8.2199E+42  1.5880E+36  2.0888E+42
  1.9950E+01  8.7917E+42  7.0904E+42  1.0986E+36  1.7013E+42
  2.1130E+01  7.4526E+42  6.0699E+42  7.3128E+35  1.3827E+42
  2.2390E+01  6.3659E+42  5.2456E+42  4.8801E+35  1.1203E+42
  2.3710E+01  5.4742E+42  4.5656E+42  3.2619E+35  9.0864E+41
  2.5120E+01  4.7142E+42  3.9794E+42  2.1878E+35  7.3479E+41
  2.6610E+01  4.0556E+42  3.4618E+42  1.4631E+35  5.9383E+41
  2.8180E+01  3.4804E+42  3.0005E+42  9.7972E+34  4.7994E+41
  2.9850E+01  2.9666E+42  2.5794E+42  6.5404E+34  3.8717E+41
  3.1620E+01  2.5053E+42  2.1933E+42  4.3347E+34  3.1199E+41
  3.3500E+01  2.0923E+42  1.8413E+42  2.8497E+34  2.5106E+41
  3.5480E+01  1.7285E+42  1.5264E+42  1.8591E+34  2.0210E+41
  3.7580E+01  1.4096E+42  1.2471E+42  1.2004E+34  1.6253E+41
  3.9810E+01  1.1332E+42  1.0027E+42  7.6624E+33  1.3054E+41
  4.2170E+01  9.0012E+41  7.9533E+41  4.8399E+33  1.0479E+41
  4.4670E+01  7.0714E+41  6.2307E+41  3.0246E+33  8.4074E+40
  4.7320E+01  5.5024E+41  4.8284E+41  1.8733E+33  6.7400E+40
  5.0120E+01  4.2473E+41  3.7070E+41  1.1519E+33  5.4034E+40
  5.3090E+01  3.2535E+41  2.8207E+41  7.0353E+32  4.3282E+40
  5.6230E+01  2.4779E+41  2.1313E+41  4.2755E+32  3.4667E+40
  5.9570E+01  1.8757E+41  1.5984E+41  2.5846E+32  2.7728E+40
  6.3100E+01  1.4145E+41  1.1927E+41  1.5582E+32  2.2180E+40
  6.6830E+01  1.0635E+41  8.8601E+40  9.3762E+31  1.7744E+40
  7.0790E+01  7.9724E+40  6.5541E+40  5.6314E+31  1.4183E+40
  7.4990E+01  5.9622E+40  4.8293E+40  3.3782E+31  1.1329E+40
  7.9430E+01  4.4539E+40  3.5488E+40  2.0269E+31  9.0505E+39
  8.4140E+01  3.3232E+40  2.6006E+40  1.2159E+31  7.2256E+39
  8.9130E+01  2.4793E+40  1.9027E+40  7.3009E+30  5.7665E+39
  9.4410E+01  1.8500E+40  1.3898E+40  4.3894E+30  4.6021E+39
  1.0000E+02  1.3808E+40  1.0136E+40  2.6423E+30  3.6722E+39
  1.0590E+02  1.0323E+40  7.3912E+39  1.5947E+30  2.9317E+39
  1.1220E+02  7.7201E+39  5.3844E+39  9.6286E+29  2.3358E+39
  1.1890E+02  5.7878E+39  3.9287E+39  5.8279E+29  1.8590E+39
  1.2590E+02  4.3707E+39  2.8868E+39  3.5522E+29  1.4838E+39
  1.3340E+02  3.3098E+39  2.1287E+39  2.1721E+29  1.1811E+39
  1.4130E+02  2.4994E+39  1.5583E+39  1.3322E+29  9.4117E+38
  1.4960E+02  1.8684E+39  1.1172E+39  8.1218E+28  7.5121E+38
  1.5850E+02  1.3929E+39  7.9510E+38  4.9295E+28  5.9781E+38
  1.7780E+02  7.8649E+38  4.0707E+38  1.8376E+28  3.7942E+38
  1.9950E+02  4.4969E+38  2.0926E+38  6.9200E+27  2.4043E+38
  2.2390E+02  2.5968E+38  1.0752E+38  2.6274E+27  1.5216E+38
  2.5120E+02  1.5163E+38  5.5250E+37  1.0062E+27  9.6376E+37
  2.8180E+02  8.9394E+37  2.8350E+37  3.8795E+26  6.1043E+37
  3.1620E+02  5.3129E+37  1.4512E+37  1.5029E+26  3.8617E+37
  3.5480E+02  3.1838E+37  7.4173E+36  5.8477E+25  2.4421E+37
  3.9810E+02  1.9227E+37  3.7856E+36  2.2855E+25  1.5442E+37
  4.4670E+02  1.1689E+37  1.9291E+36  8.9617E+24  9.7603E+36
  5.0120E+02  7.1515E+36  9.8203E+35  3.5250E+24  6.1695E+36
  5.6230E+02  4.3999E+36  4.9954E+35  1.3899E+24  3.9003E+36
  6.3100E+02  2.7165E+36  2.5358E+35  5.4872E+23  2.4629E+36
  7.0790E+02  1.6855E+36  1.2874E+35  2.1722E+23  1.5568E+36
  7.9430E+02  1.0485E+36  6.5245E+34  8.6033E+22  9.8325E+35
  8.9130E+02  6.5380E+35  3.3027E+34  3.4103E+22  6.2077E+35
  1.0000E+03  4.0885E+35  1.6713E+34  1.3539E+22  3.9214E+35
