  1.0000E-03  8.8857E+44  0.0000E+00  1.1952E+43  8.7662E+44
  1.1220E-03  9.9746E+44  0.0000E+00  1.3884E+43  9.8357E+44
  1.2590E-03  1.1191E+45  0.0000E+00  1.5434E+43  1.1037E+45
  1.4130E-03  1.2552E+45  0.0000E+00  1.6560E+43  1.2387E+45
  1.5850E-03  1.4070E+45  0.0000E+00  1.7593E+43  1.3894E+45
  1.7780E-03  1.5801E+45  0.0000E+00  2.1479E+43  1.5586E+45
  1.9950E-03  1.7719E+45  0.0000E+00  2.3101E+43  1.7488E+45
  2.2390E-03  1.9857E+45  0.0000E+00  2.3018E+43  1.9627E+45
  2.5120E-03  2.2313E+45  0.0000E+00  2.9264E+43  2.2020E+45
  2.8180E-03  2.5009E+45  0.0000E+00  3.0632E+43  2.4702E+45
  3.1620E-03  2.8030E+45  0.0000E+00  3.1168E+43  2.7718E+45
  3.5480E-03  3.1416E+45  0.0000E+00  3.1300E+43  3.1103E+45
  3.9810E-03  3.5210E+45  0.0000E+00  3.1157E+43  3.4898E+45
  4.4670E-03  3.9864E+45  0.0000E+00  7.0548E+43  3.9158E+45
  5.0120E-03  4.4699E+45  0.0000E+00  7.6269E+43  4.3936E+45
  5.6230E-03  5.0099E+45  0.0000E+00  8.0666E+43  4.9292E+45
  5.9570E-03  5.3046E+45  0.0000E+00  8.2577E+43  5.2220E+45
  6.6830E-03  5.9449E+45  0.0000E+00  8.6352E+43  5.8585E+45
  7.4990E-03  6.6649E+45  0.0000E+00  9.1129E+43  6.5738E+45
  8.4140E-03  7.4713E+45  0.0000E+00  9.5442E+43  7.3758E+45
  9.4410E-03  8.3757E+45  0.0000E+00  9.9591E+43  8.2761E+45
  1.0590E-02  9.3857E+45  0.0000E+00  1.0239E+44  9.2833E+45
  1.1890E-02  1.0534E+46  0.0000E+00  1.1131E+44  1.0423E+46
  1.3340E-02  1.1811E+46  0.0000E+00  1.1656E+44  1.1694E+46
  1.4960E-02  1.3237E+46  0.0000E+00  1.2303E+44  1.3114E+46
  1.6790E-02  1.4848E+46  0.0000E+00  1.2917E+44  1.4718E+46
  1.8840E-02  1.6651E+46  0.0000E+00  1.3523E+44  1.6515E+46
  2.1130E-02  1.8667E+46  0.0000E+00  1.4354E+44  1.8524E+46
  2.3710E-02  2.0936E+46  0.0000E+00  1.5171E+44  2.0785E+46
  2.6610E-02  2.3486E+46  0.0000E+00  1.6000E+44  2.3326E+46
  2.9850E-02  2.6335E+46  1.1547E-82  1.6839E+44  2.6166E+46
  3.3500E-02  2.9543E+46  7.3949E-68  1.7670E+44  2.9367E+46
  3.7580E-02  3.3133E+46  9.2882E-55  1.9061E+44  3.2942E+46
  4.2170E-02  3.7194E+46  4.0425E-43  2.2709E+44  3.6967E+46
  4.7320E-02  4.1719E+46  1.0706E-32  2.3688E+44  4.1482E+46
  5.3090E-02  4.3440E+46  1.9298E-23  2.2788E+44  4.3212E+46
  6.6830E-02  4.1454E+46  6.9449E-08  1.8585E+44  4.1268E+46
  7.4990E-02  4.0500E+46  2.2559E-01  1.7196E+44  4.0328E+46
  8.4140E-02  3.9577E+46  1.1867E+05  1.6648E+44  3.9410E+46
  9.4410E-02  3.8677E+46  1.4284E+10  1.6466E+44  3.8513E+46
  1.0590E-01  3.5220E+46  4.0923E+14  1.6453E+44  3.5055E+46
  1.1890E-01  2.9616E+46  3.1854E+18  1.4841E+44  2.9467E+46
  1.3340E-01  2.4935E+46  6.6294E+21  1.3918E+44  2.4795E+46
  1.4960E-01  2.0996E+46  7.6060E+24  1.1758E+44  2.0878E+46
  1.5850E-01  1.9250E+46  2.2413E+26  1.0489E+44  1.9145E+46
  1.7780E-01  1.6195E+46  1.1514E+29  8.1099E+43  1.6114E+46
  1.9950E-01  1.3610E+46  3.2992E+31  5.2162E+43  1.3558E+46
  2.2390E-01  1.1447E+46  3.9495E+33  4.3830E+43  1.1403E+46
  2.3710E-01  1.0512E+46  2.6747E+34  4.7472E+43  1.0464E+46
  2.5120E-01  9.6454E+45  1.5514E+35  4.9585E+43  9.5958E+45
  2.6610E-01  8.8502E+45  8.3710E+35  4.8971E+43  8.8012E+45
  2.8180E-01  8.1230E+45  4.1330E+36  4.6922E+43  8.0761E+45
  2.9850E-01  7.4525E+45  1.8578E+37  4.4611E+43  7.4079E+45
  3.1620E-01  6.8373E+45  7.5005E+37  4.2608E+43  6.7947E+45
  3.3500E-01  6.2715E+45  2.7635E+38  4.0667E+43  6.2308E+45
  3.5480E-01  5.7552E+45  9.3198E+38  3.8690E+43  5.7165E+45
  3.7580E-01  5.2809E+45  2.9061E+39  3.6749E+43  5.2442E+45
  3.9810E-01  4.8447E+45  8.3448E+39  3.4962E+43  4.8097E+45
  4.2170E-01  4.4450E+45  2.2009E+40  3.3335E+43  4.4116E+45
  4.4670E-01  4.0786E+45  5.3785E+40  3.1902E+43  4.0466E+45
  4.7320E-01  3.7421E+45  1.2356E+41  3.0492E+43  3.7115E+45
  5.0120E-01  3.4341E+45  2.6753E+41  2.9074E+43  3.4048E+45
  5.3090E-01  3.1514E+45  5.4883E+41  2.7660E+43  3.1232E+45
  5.6230E-01  2.8925E+45  1.0656E+42  2.6307E+43  2.8651E+45
  5.9570E-01  2.6545E+45  1.9708E+42  2.4986E+43  2.6276E+45
  6.3100E-01  2.4375E+45  3.4688E+42  2.3700E+43  2.4103E+45
  6.6830E-01  2.2396E+45  5.8193E+42  2.2426E+43  2.2114E+45
  7.0790E-01  2.0590E+45  9.3414E+42  2.1223E+43  2.0284E+45
  7.4990E-01  1.8949E+45  1.4374E+43  2.0062E+43  1.8605E+45
  7.9430E-01  1.7468E+45  2.1221E+43  1.8936E+43  1.7066E+45
  8.4140E-01  1.6133E+45  3.0178E+43  1.7842E+43  1.5653E+45
  8.9130E-01  1.4939E+45  4.1437E+43  1.6778E+43  1.4357E+45
  9.4410E-01  1.3877E+45  5.4981E+43  1.5735E+43  1.3170E+45
  1.0000E+00  1.2935E+45  7.0661E+43  1.4701E+43  1.2081E+45
  1.0590E+00  1.2104E+45  8.8116E+43  1.3701E+43  1.1086E+45
  1.1220E+00  1.1365E+45  1.0727E+44  1.2714E+43  1.0165E+45
  1.1890E+00  1.0712E+45  1.2764E+44  1.1725E+43  9.3183E+44
  1.2590E+00  1.0139E+45  1.4799E+44  1.0720E+43  8.5520E+44
  1.3340E+00  9.6200E+44  1.6817E+44  9.7236E+42  7.8411E+44
  1.4130E+00  9.1483E+44  1.8679E+44  8.7699E+42  7.1927E+44
  1.4960E+00  8.7152E+44  2.0341E+44  7.8526E+42  6.6026E+44
  1.5850E+00  8.3077E+44  2.1838E+44  6.9585E+42  6.0543E+44
  1.6790E+00  7.9180E+44  2.3041E+44  6.0890E+42  5.5530E+44
  1.7780E+00  7.5375E+44  2.3893E+44  5.2462E+42  5.0957E+44
  1.8840E+00  7.1618E+44  2.4455E+44  4.4417E+42  4.6719E+44
  1.9950E+00  6.7920E+44  2.4676E+44  3.6943E+42  4.2875E+44
  2.1130E+00  6.4240E+44  2.4606E+44  3.0178E+42  3.9333E+44
  2.2390E+00  6.0549E+44  2.4246E+44  2.4225E+42  3.6061E+44
  2.3710E+00  5.6899E+44  2.3616E+44  1.9144E+42  3.3092E+44
  2.5120E+00  5.3284E+44  2.2791E+44  1.4922E+42  3.0344E+44
  2.6610E+00  4.9730E+44  2.1783E+44  1.1492E+42  2.7832E+44
  2.8180E+00  4.6241E+44  2.0616E+44  8.7556E+41  2.5538E+44
  2.9850E+00  4.2845E+44  1.9353E+44  6.6088E+41  2.3426E+44
  3.1620E+00  3.9549E+44  1.8013E+44  4.9473E+41  2.1487E+44
  3.3500E+00  3.6435E+44  1.6694E+44  3.6815E+41  1.9704E+44
  3.5480E+00  3.3443E+44  1.5338E+44  2.7221E+41  1.8078E+44
  3.7580E+00  3.0622E+44  1.4018E+44  2.0021E+41  1.6583E+44
  3.9810E+00  2.7971E+44  1.2746E+44  1.4657E+41  1.5210E+44
  4.2170E+00  2.5495E+44  1.1533E+44  1.0687E+41  1.3951E+44
  4.4670E+00  2.3194E+44  1.0390E+44  7.7645E+40  1.2796E+44
  4.7320E+00  2.1078E+44  9.3361E+43  5.6215E+40  1.1737E+44
  5.0120E+00  1.9171E+44  8.3754E+43  4.0653E+40  1.0791E+44
  5.3090E+00  1.7108E+44  7.5023E+43  2.8802E+40  9.6024E+43
  5.6230E+00  1.5205E+44  6.7227E+43  2.0272E+40  8.4805E+43
  5.9570E+00  1.3469E+44  6.0359E+43  1.4184E+40  7.4316E+43
  6.3100E+00  1.1862E+44  5.3905E+43  9.8416E+39  6.4710E+43
  6.6830E+00  1.0469E+44  4.8670E+43  6.8148E+39  5.6014E+43
  7.0790E+00  9.1916E+43  4.3721E+43  4.6634E+39  4.8190E+43
  7.4990E+00  8.2503E+43  4.1271E+43  3.2096E+39  4.1229E+43
  7.9430E+00  8.3026E+43  4.7914E+43  2.4296E+39  3.5109E+43
  8.4140E+00  9.2877E+43  6.3123E+43  2.1196E+39  2.9752E+43
  8.9130E+00  1.0002E+44  7.4913E+43  1.9001E+39  2.5104E+43
  9.4410E+00  1.0386E+44  8.2756E+43  1.8293E+39  2.1101E+43
  1.0000E+01  8.6403E+43  6.8731E+43  1.3460E+39  1.7671E+43
  1.0590E+01  6.8929E+43  5.4170E+43  9.3190E+38  1.4758E+43
  1.1220E+01  5.3372E+43  4.1104E+43  5.8601E+38  1.2267E+43
  1.1890E+01  4.2077E+43  3.1917E+43  3.7174E+38  1.0159E+43
  1.2590E+01  3.3705E+43  2.5293E+43  2.3318E+38  8.4119E+42
  1.3340E+01  2.7575E+43  2.0643E+43  1.4609E+38  6.9319E+42
  1.4130E+01  2.3624E+43  1.7919E+43  9.3157E+37  5.7050E+42
  1.4960E+01  2.2011E+43  1.7319E+43  6.5420E+37  4.6919E+42
  1.5850E+01  2.1066E+43  1.7224E+43  4.9002E+37  3.8414E+42
  1.6790E+01  2.0375E+43  1.7235E+43  3.8523E+37  3.1409E+42
  1.7780E+01  1.9532E+43  1.6966E+43  3.1021E+37  2.5663E+42
  1.8840E+01  1.8252E+43  1.6163E+43  2.4599E+37  2.0888E+42
  1.9950E+01  1.6641E+43  1.4940E+43  1.8620E+37  1.7013E+42
  2.1130E+01  1.5188E+43  1.3805E+43  1.3675E+37  1.3827E+42
  2.2390E+01  1.3989E+43  1.2868E+43  1.0075E+37  1.1203E+42
  2.3710E+01  1.2960E+43  1.2052E+43  7.4224E+36  9.0864E+41
  2.5120E+01  1.2002E+43  1.1267E+43  5.4722E+36  7.3479E+41
  2.6610E+01  1.1071E+43  1.0477E+43  4.0067E+36  5.9383E+41
  2.8180E+01  1.0141E+43  9.6610E+42  2.9199E+36  4.7994E+41
  2.9850E+01  9.1852E+42  8.7981E+42  2.1084E+36  3.8717E+41
  3.1620E+01  8.2049E+42  7.8929E+42  1.5017E+36  3.1199E+41
  3.3500E+01  7.2140E+42  6.9630E+42  1.0538E+36  2.5106E+41
  3.5480E+01  6.2424E+42  6.0403E+42  7.2845E+35  2.0210E+41
  3.7580E+01  5.3107E+42  5.1481E+42  4.9531E+35  1.6253E+41
  3.9810E+01  4.4381E+42  4.3076E+42  3.3119E+35  1.3054E+41
  4.2170E+01  3.6514E+42  3.5466E+42  2.1795E+35  1.0479E+41
  4.4670E+01  2.9614E+42  2.8773E+42  1.4117E+35  8.4074E+40
  4.7320E+01  2.3714E+42  2.3040E+42  9.0192E+34  6.7400E+40
  5.0120E+01  1.8779E+42  1.8239E+42  5.6925E+34  5.4034E+40
  5.3090E+01  1.4714E+42  1.4281E+42  3.5520E+34  4.3282E+40
  5.6230E+01  1.1429E+42  1.1082E+42  2.1953E+34  3.4667E+40
  5.9570E+01  8.7988E+41  8.5215E+41  1.3439E+34  2.7728E+40
  6.3100E+01  6.7300E+41  6.5082E+41  8.1693E+33  2.2180E+40
  6.6830E+01  5.1183E+41  4.9408E+41  4.9358E+33  1.7744E+40
  7.0790E+01  3.8715E+41  3.7297E+41  2.9649E+33  1.4183E+40
  7.4990E+01  2.9140E+41  2.8007E+41  1.7720E+33  1.1329E+40
  7.9430E+01  2.1853E+41  2.0948E+41  1.0551E+33  9.0505E+39
  8.4140E+01  1.6329E+41  1.5606E+41  6.2584E+32  7.2256E+39
  8.9130E+01  1.2171E+41  1.1595E+41  3.7036E+32  5.7665E+39
  9.4410E+01  9.0526E+40  8.5924E+40  2.1870E+32  4.6021E+39
  1.0000E+02  6.7185E+40  6.3512E+40  1.2888E+32  3.6722E+39
  1.0590E+02  4.9829E+40  4.6897E+40  7.5922E+31  2.9317E+39
  1.1220E+02  3.6908E+40  3.4572E+40  4.4653E+31  2.3358E+39
  1.1890E+02  2.7370E+40  2.5511E+40  2.6300E+31  1.8590E+39
  1.2590E+02  2.0430E+40  1.8947E+40  1.5597E+31  1.4838E+39
  1.3340E+02  1.5299E+40  1.4118E+40  9.2930E+30  1.1811E+39
  1.4130E+02  1.1372E+40  1.0430E+40  5.5175E+30  9.4117E+38
  1.4960E+02  8.2843E+39  7.5331E+39  3.2098E+30  7.5121E+38
  1.5850E+02  5.9961E+39  5.3983E+39  1.8510E+30  5.9781E+38
  1.7780E+02  3.1802E+39  2.8008E+39  6.2279E+29  3.7942E+38
  1.9950E+02  1.6978E+39  1.4573E+39  2.1125E+29  2.4043E+38
  2.2390E+02  9.0909E+38  7.5693E+38  7.2042E+28  1.5216E+38
  2.5120E+02  4.8900E+38  3.9262E+38  2.4731E+28  9.6376E+37
  2.8180E+02  2.6418E+38  2.0314E+38  8.5462E+27  6.1043E+37
  3.1620E+02  1.4336E+38  1.0474E+38  2.9723E+27  3.8617E+37
  3.5480E+02  7.8302E+37  5.3881E+37  1.0421E+27  2.4421E+37
  3.9810E+02  4.3096E+37  2.7655E+37  3.6882E+26  1.5442E+37
  4.4670E+02  2.3923E+37  1.4163E+37  1.3181E+26  9.7603E+36
  5.0120E+02  1.3411E+37  7.2417E+36  4.7607E+25  6.1695E+36
  5.6230E+02  7.5984E+36  3.6981E+36  1.7377E+25  3.9003E+36
  6.3100E+02  4.3467E+36  1.8838E+36  6.4037E+24  2.4629E+36
  7.0790E+02  2.5161E+36  9.5927E+35  2.3860E+24  1.5568E+36
  7.9430E+02  1.4707E+36  4.8749E+35  8.9660E+23  9.8325E+35
  8.9130E+02  8.6814E+35  2.4737E+35  3.3972E+23  6.2077E+35
  1.0000E+03  5.1758E+35  1.2545E+35  1.2980E+23  3.9214E+35
