  1.0000E-03  9.3738E+44  0.0000E+00  6.0764E+43  8.7662E+44
  1.1220E-03  1.0387E+45  0.0000E+00  5.5091E+43  9.8357E+44
  1.2590E-03  1.1537E+45  0.0000E+00  5.0055E+43  1.1037E+45
  1.4130E-03  1.2844E+45  0.0000E+00  4.5758E+43  1.2387E+45
  1.5850E-03  1.4330E+45  0.0000E+00  4.3603E+43  1.3894E+45
  1.7780E-03  1.6079E+45  0.0000E+00  4.9315E+43  1.5586E+45
  1.9950E-03  1.7936E+45  0.0000E+00  4.4801E+43  1.7488E+45
  2.2390E-03  2.0038E+45  0.0000E+00  4.1118E+43  1.9627E+45
  2.5120E-03  2.2474E+45  0.0000E+00  4.5400E+43  2.2020E+45
  2.8180E-03  2.5112E+45  0.0000E+00  4.0929E+43  2.4702E+45
  3.1620E-03  2.8093E+45  0.0000E+00  3.7450E+43  2.7718E+45
  3.5480E-03  3.1446E+45  0.0000E+00  3.4267E+43  3.1103E+45
  3.9810E-03  3.5209E+45  0.0000E+00  3.1067E+43  3.4898E+45
  4.4670E-03  4.0368E+45  0.0000E+00  1.2099E+44  3.9158E+45
  5.0120E-03  4.5223E+45  0.0000E+00  1.2872E+44  4.3936E+45
  5.6230E-03  5.0661E+45  0.0000E+00  1.3690E+44  4.9292E+45
  5.9570E-03  5.3635E+45  0.0000E+00  1.4145E+44  5.2220E+45
  6.6830E-03  6.0099E+45  0.0000E+00  1.5138E+44  5.8585E+45
  7.4990E-03  6.7366E+45  0.0000E+00  1.6281E+44  6.5738E+45
  8.4140E-03  7.5488E+45  0.0000E+00  1.7296E+44  7.3758E+45
  9.4410E-03  8.4590E+45  0.0000E+00  1.8290E+44  8.2761E+45
  1.0590E-02  9.4760E+45  0.0000E+00  1.9268E+44  9.2833E+45
  1.1890E-02  1.0625E+46  0.0000E+00  2.0251E+44  1.0423E+46
  1.3340E-02  1.1905E+46  0.0000E+00  2.1151E+44  1.1694E+46
  1.4960E-02  1.3334E+46  0.0000E+00  2.2026E+44  1.3114E+46
  1.6790E-02  1.4948E+46  0.0000E+00  2.2935E+44  1.4718E+46
  1.8840E-02  1.6754E+46  0.0000E+00  2.3890E+44  1.6515E+46
  2.1130E-02  1.8773E+46  0.0000E+00  2.4897E+44  1.8524E+46
  2.3710E-02  2.1044E+46  0.0000E+00  2.5946E+44  2.0785E+46
  2.6610E-02  2.3596E+46  0.0000E+00  2.6998E+44  2.3326E+46
  2.9850E-02  2.6446E+46  6.2778E-83  2.7999E+44  2.6166E+46
  3.3500E-02  2.9655E+46  3.9368E-68  2.8809E+44  2.9367E+46
  3.7580E-02  3.3246E+46  4.9522E-55  3.0398E+44  3.2942E+46
  4.2170E-02  3.7351E+46  2.1140E-43  3.8371E+44  3.6967E+46
  4.7320E-02  4.1871E+46  5.3633E-33  3.8941E+44  4.1482E+46
  5.3090E-02  4.3564E+46  9.2745E-24  3.5135E+44  4.3212E+46
  6.6830E-02  4.1477E+46  2.9085E-08  2.0924E+44  4.1268E+46
  7.4990E-02  4.0474E+46  8.3029E-02  1.4530E+44  4.0328E+46
  8.4140E-02  3.9564E+46  4.2293E+04  1.5378E+44  3.9410E+46
  9.4410E-02  3.8676E+46  4.8586E+09  1.6378E+44  3.8513E+46
  1.0590E-01  3.5265E+46  1.3222E+14  2.0950E+44  3.5055E+46
  1.1890E-01  2.9694E+46  1.1284E+18  2.2673E+44  2.9467E+46
  1.3340E-01  2.5023E+46  2.8965E+21  2.2744E+44  2.4795E+46
  1.4960E-01  2.1046E+46  3.8968E+24  1.6767E+44  2.0878E+46
  1.5850E-01  1.9277E+46  1.1782E+26  1.3227E+44  1.9145E+46
  1.7780E-01  1.6207E+46  5.5754E+28  9.2691E+43  1.6114E+46
  1.9950E-01  1.3616E+46  1.2789E+31  5.8427E+43  1.3558E+46
  2.2390E-01  1.1451E+46  1.2446E+33  4.8260E+43  1.1403E+46
  2.3710E-01  1.0523E+46  8.8977E+33  5.8709E+43  1.0464E+46
  2.5120E-01  9.6614E+45  5.6827E+34  6.5536E+43  9.5958E+45
  2.6610E-01  8.8663E+45  3.2994E+35  6.5120E+43  8.8012E+45
  2.8180E-01  8.1375E+45  1.7171E+36  6.1399E+43  8.0761E+45
  2.9850E-01  7.4651E+45  8.0541E+36  5.7255E+43  7.4079E+45
  3.1620E-01  6.8485E+45  3.3794E+37  5.3844E+43  6.7947E+45
  3.3500E-01  6.2814E+45  1.2891E+38  5.0616E+43  6.2308E+45
  3.5480E-01  5.7640E+45  4.4768E+38  4.7526E+43  5.7165E+45
  3.7580E-01  5.2888E+45  1.4327E+39  4.4665E+43  5.2442E+45
  3.9810E-01  4.8519E+45  4.2161E+39  4.2173E+43  4.8097E+45
  4.2170E-01  4.4518E+45  1.1402E+40  4.0115E+43  4.4116E+45
  4.4670E-01  4.0850E+45  2.8576E+40  3.8395E+43  4.0466E+45
  4.7320E-01  3.7484E+45  6.7278E+40  3.6804E+43  3.7115E+45
  5.0120E-01  3.4402E+45  1.4920E+41  3.5291E+43  3.4048E+45
  5.3090E-01  3.1574E+45  3.1346E+41  3.3919E+43  3.1232E+45
  5.6230E-01  2.8984E+45  6.2293E+41  3.2698E+43  2.8651E+45
  5.9570E-01  2.6604E+45  1.1792E+42  3.1647E+43  2.6276E+45
  6.3100E-01  2.4432E+45  2.1260E+42  3.0786E+43  2.4103E+45
  6.6830E-01  2.2452E+45  3.6557E+42  3.0144E+43  2.2114E+45
  7.0790E-01  2.0642E+45  6.0271E+42  2.9791E+43  2.0284E+45
  7.4990E-01  1.8997E+45  9.5379E+42  2.9702E+43  1.8605E+45
  7.9430E-01  1.7511E+45  1.4524E+43  2.9936E+43  1.7066E+45
  8.4140E-01  1.6173E+45  2.1358E+43  3.0602E+43  1.5653E+45
  8.9130E-01  1.4980E+45  3.0486E+43  3.1754E+43  1.4357E+45
  9.4410E-01  1.3925E+45  4.2148E+43  3.3386E+43  1.3170E+45
  1.0000E+00  1.2999E+45  5.6461E+43  3.5367E+43  1.2081E+45
  1.0590E+00  1.2197E+45  7.3514E+43  3.7640E+43  1.1086E+45
  1.1220E+00  1.1503E+45  9.3695E+43  4.0096E+43  1.0165E+45
  1.1890E+00  1.0915E+45  1.1708E+44  4.2570E+43  9.3183E+44
  1.2590E+00  1.0432E+45  1.4321E+44  4.4821E+43  8.5520E+44
  1.3340E+00  1.0026E+45  1.7167E+44  4.6820E+43  7.8411E+44
  1.4130E+00  9.6824E+44  2.0058E+44  4.8388E+43  7.1927E+44
  1.4960E+00  9.3883E+44  2.2919E+44  4.9388E+43  6.6026E+44
  1.5850E+00  9.1272E+44  2.5756E+44  4.9736E+43  6.0543E+44
  1.6790E+00  8.8859E+44  2.8402E+44  4.9266E+43  5.5530E+44
  1.7780E+00  8.6469E+44  3.0724E+44  4.7869E+43  5.0957E+44
  1.8840E+00  8.3961E+44  3.2685E+44  4.5575E+43  4.6719E+44
  1.9950E+00  8.1267E+44  3.4146E+44  4.2469E+43  4.2875E+44
  2.1130E+00  7.8277E+44  3.5070E+44  3.8738E+43  3.9333E+44
  2.2390E+00  7.4918E+44  3.5397E+44  3.4600E+43  3.6061E+44
  2.3710E+00  7.1258E+44  3.5135E+44  3.0311E+43  3.3092E+44
  2.5120E+00  6.7321E+44  3.4366E+44  2.6106E+43  3.0344E+44
  2.6610E+00  6.3185E+44  3.3138E+44  2.2151E+43  2.7832E+44
  2.8180E+00  5.8919E+44  3.1526E+44  1.8553E+43  2.5538E+44
  2.9850E+00  5.4610E+44  2.9647E+44  1.5369E+43  2.3426E+44
  3.1620E+00  5.0318E+44  2.7570E+44  1.2617E+43  2.1487E+44
  3.3500E+00  4.6182E+44  2.5452E+44  1.0270E+43  1.9704E+44
  3.5480E+00  4.2180E+44  2.3271E+44  8.3118E+42  1.8078E+44
  3.7580E+00  3.8380E+44  2.1128E+44  6.6853E+42  1.6583E+44
  3.9810E+00  3.4795E+44  1.9051E+44  5.3455E+42  1.5210E+44
  4.2170E+00  3.1448E+44  1.7072E+44  4.2517E+42  1.3951E+44
  4.4670E+00  2.8342E+44  1.5210E+44  3.3638E+42  1.2796E+44
  4.7320E+00  2.5484E+44  1.3483E+44  2.6421E+42  1.1737E+44
  5.0120E+00  2.2898E+44  1.1901E+44  2.0624E+42  1.0791E+44
  5.3090E+00  2.0214E+44  1.0454E+44  1.5732E+42  9.6024E+43
  5.6230E+00  1.7751E+44  9.1521E+43  1.1834E+42  8.4805E+43
  5.9570E+00  1.5511E+44  7.9920E+43  8.7693E+41  7.4316E+43
  6.3100E+00  1.3462E+44  6.9271E+43  6.4184E+41  6.4710E+43
  6.6830E+00  1.1702E+44  6.0540E+43  4.6501E+41  5.6014E+43
  7.0790E+00  1.0108E+44  5.2560E+43  3.3184E+41  4.8190E+43
  7.4990E+00  8.7955E+43  4.6508E+43  2.1786E+41  4.1229E+43
  7.9430E+00  8.0630E+43  4.5410E+43  1.0986E+41  3.5109E+43
  8.4140E+00  7.7894E+43  4.8090E+43  5.2521E+40  2.9752E+43
  8.9130E+00  7.4195E+43  4.9060E+43  3.1282E+40  2.5104E+43
  9.4410E+00  6.9666E+43  4.8543E+43  2.2403E+40  2.1101E+43
  1.0000E+01  5.9939E+43  4.2249E+43  1.8782E+40  1.7671E+43
  1.0590E+01  5.0429E+43  3.5655E+43  1.6131E+40  1.4758E+43
  1.1220E+01  4.1449E+43  2.9168E+43  1.3536E+40  1.2267E+43
  1.1890E+01  3.3982E+43  2.3811E+43  1.1114E+40  1.0159E+43
  1.2590E+01  2.7906E+43  1.9485E+43  8.9769E+39  8.4119E+42
  1.3340E+01  2.3025E+43  1.6086E+43  7.0007E+39  6.9319E+42
  1.4130E+01  1.9579E+43  1.3869E+43  5.0626E+39  5.7050E+42
  1.4960E+01  1.7907E+43  1.3212E+43  3.3550E+39  4.6919E+42
  1.5850E+01  1.6835E+43  1.2992E+43  2.2798E+39  3.8414E+42
  1.6790E+01  1.6041E+43  1.2899E+43  1.6327E+39  3.1409E+42
  1.7780E+01  1.5217E+43  1.2649E+43  1.2531E+39  2.5663E+42
  1.8840E+01  1.4159E+43  1.2070E+43  1.0204E+39  2.0888E+42
  1.9950E+01  1.2927E+43  1.1225E+43  8.5268E+38  1.7013E+42
  2.1130E+01  1.1841E+43  1.0458E+43  7.0139E+38  1.3827E+42
  2.2390E+01  1.0989E+43  9.8682E+42  5.7391E+38  1.1203E+42
  2.3710E+01  1.0315E+43  9.4055E+42  4.6726E+38  9.0864E+41
  2.5120E+01  9.7579E+42  9.0227E+42  3.7992E+38  7.3479E+41
  2.6610E+01  9.2748E+42  8.6807E+42  3.0710E+38  5.9383E+41
  2.8180E+01  8.8384E+42  8.3582E+42  2.4734E+38  4.7994E+41
  2.9850E+01  8.4154E+42  8.0280E+42  1.9809E+38  3.8717E+41
  3.1620E+01  7.9809E+42  7.6687E+42  1.5727E+38  3.1199E+41
  3.3500E+01  7.5244E+42  7.2732E+42  1.2366E+38  2.5106E+41
  3.5480E+01  7.0439E+42  6.8417E+42  9.6199E+37  2.0210E+41
  3.7580E+01  6.5337E+42  6.3711E+42  7.3977E+37  1.6253E+41
  3.9810E+01  5.9883E+42  5.8577E+42  5.6207E+37  1.3054E+41
  4.2170E+01  5.4259E+42  5.3210E+42  4.2113E+37  1.0479E+41
  4.4670E+01  4.8589E+42  4.7748E+42  3.1066E+37  8.4074E+40
  4.7320E+01  4.3014E+42  4.2340E+42  2.2570E+37  6.7400E+40
  5.0120E+01  3.7644E+42  3.7103E+42  1.6153E+37  5.4034E+40
  5.3090E+01  3.2559E+42  3.2126E+42  1.1387E+37  4.3282E+40
  5.6230E+01  2.7855E+42  2.7508E+42  7.9129E+36  3.4667E+40
  5.9570E+01  2.3558E+42  2.3281E+42  5.4196E+36  2.7728E+40
  6.3100E+01  1.9722E+42  1.9500E+42  3.6641E+36  2.2180E+40
  6.6830E+01  1.6348E+42  1.6171E+42  2.4470E+36  1.7744E+40
  7.0790E+01  1.3426E+42  1.3284E+42  1.6152E+36  1.4183E+40
  7.4990E+01  1.0924E+42  1.0810E+42  1.0543E+36  1.1329E+40
  7.9430E+01  8.8150E+41  8.7245E+41  6.8152E+35  9.0505E+39
  8.4140E+01  7.0566E+41  6.9844E+41  4.3628E+35  7.2256E+39
  8.9130E+01  5.6105E+41  5.5528E+41  2.7705E+35  5.7665E+39
  9.4410E+01  4.4306E+41  4.3846E+41  1.7456E+35  4.6021E+39
  1.0000E+02  3.4763E+41  3.4396E+41  1.0918E+35  3.6722E+39
  1.0590E+02  2.7135E+41  2.6842E+41  6.7893E+34  2.9317E+39
  1.1220E+02  2.1072E+41  2.0838E+41  4.1952E+34  2.3358E+39
  1.1890E+02  1.6313E+41  1.6127E+41  2.5828E+34  1.8590E+39
  1.2590E+02  1.2644E+41  1.2496E+41  1.5916E+34  1.4838E+39
  1.3340E+02  9.7946E+40  9.6764E+40  9.8111E+33  1.1811E+39
  1.4130E+02  7.5149E+40  7.4208E+40  6.0110E+33  9.4117E+38
  1.4960E+02  5.6495E+40  5.5744E+40  3.6051E+33  7.5121E+38
  1.5850E+02  4.2093E+40  4.1495E+40  2.1365E+33  5.9781E+38
  1.7780E+02  2.3380E+40  2.3001E+40  7.4905E+32  3.7942E+38
  1.9950E+02  1.2898E+40  1.2657E+40  2.6072E+32  2.4043E+38
  2.2390E+02  7.0511E+39  6.8990E+39  8.9974E+31  1.5216E+38
  2.5120E+02  3.8269E+39  3.7305E+39  3.0835E+31  9.6376E+37
  2.8180E+02  2.0620E+39  2.0009E+39  1.0498E+31  6.1043E+37
  3.1620E+02  1.1032E+39  1.0646E+39  3.5511E+30  3.8617E+37
  3.5480E+02  5.8727E+38  5.6285E+38  1.1958E+30  2.4421E+37
  3.9810E+02  3.1129E+38  2.9585E+38  4.0143E+29  1.5442E+37
  4.4670E+02  1.6446E+38  1.5470E+38  1.3447E+29  9.7603E+36
  5.0120E+02  8.6717E+37  8.0548E+37  4.5015E+28  6.1695E+36
  5.6230E+02  4.5689E+37  4.1789E+37  1.5077E+28  3.9003E+36
  6.3100E+02  2.4049E+37  2.1586E+37  5.0545E+27  2.4629E+36
  7.0790E+02  1.2683E+37  1.1126E+37  1.7012E+27  1.5568E+36
  7.9430E+02  6.6982E+36  5.7149E+36  5.7457E+26  9.8325E+35
  8.9130E+02  3.5480E+36  2.9272E+36  1.9508E+26  6.2077E+35
  1.0000E+03  1.8889E+36  1.4968E+36  6.6735E+25  3.9214E+35
