  1.0000E-03  8.7787E+44  0.0000E+00  1.2486E+42  8.7662E+44
  1.1220E-03  9.8523E+44  0.0000E+00  1.6502E+42  9.8357E+44
  1.2590E-03  1.1058E+45  0.0000E+00  2.0778E+42  1.1037E+45
  1.4130E-03  1.2412E+45  0.0000E+00  2.5110E+42  1.2387E+45
  1.5850E-03  1.3924E+45  0.0000E+00  2.9346E+42  1.3894E+45
  1.7780E-03  1.5623E+45  0.0000E+00  3.7004E+42  1.5586E+45
  1.9950E-03  1.7535E+45  0.0000E+00  4.6394E+42  1.7488E+45
  2.2390E-03  1.9679E+45  0.0000E+00  5.1666E+42  1.9627E+45
  2.5120E-03  2.2088E+45  0.0000E+00  6.8463E+42  2.2020E+45
  2.8180E-03  2.4787E+45  0.0000E+00  8.4302E+42  2.4702E+45
  3.1620E-03  2.7816E+45  0.0000E+00  9.7535E+42  2.7718E+45
  3.5480E-03  3.1212E+45  0.0000E+00  1.0912E+43  3.1103E+45
  3.9810E-03  3.5017E+45  0.0000E+00  1.1877E+43  3.4898E+45
  4.4670E-03  3.9328E+45  0.0000E+00  1.6929E+43  3.9158E+45
  5.0120E-03  4.4154E+45  0.0000E+00  2.1802E+43  4.3936E+45
  5.6230E-03  4.9559E+45  0.0000E+00  2.6658E+43  4.9292E+45
  5.9570E-03  5.2510E+45  0.0000E+00  2.9010E+43  5.2220E+45
  6.6830E-03  5.8920E+45  0.0000E+00  3.3457E+43  5.8585E+45
  7.4990E-03  6.6116E+45  0.0000E+00  3.7837E+43  6.5738E+45
  8.4140E-03  7.4184E+45  0.0000E+00  4.2569E+43  7.3758E+45
  9.4410E-03  8.3229E+45  0.0000E+00  4.6780E+43  8.2761E+45
  1.0590E-02  9.3325E+45  0.0000E+00  4.9199E+43  9.2833E+45
  1.1890E-02  1.0479E+46  0.0000E+00  5.6310E+43  1.0423E+46
  1.3340E-02  1.1755E+46  0.0000E+00  6.1002E+43  1.1694E+46
  1.4960E-02  1.3181E+46  0.0000E+00  6.6980E+43  1.3114E+46
  1.6790E-02  1.4791E+46  0.0000E+00  7.2590E+43  1.4718E+46
  1.8840E-02  1.6593E+46  0.0000E+00  7.7844E+43  1.6515E+46
  2.1130E-02  1.8608E+46  0.0000E+00  8.4839E+43  1.8524E+46
  2.3710E-02  2.0876E+46  0.0000E+00  9.1815E+43  2.0785E+46
  2.6610E-02  2.3425E+46  0.0000E+00  9.9004E+43  2.3326E+46
  2.9850E-02  2.6272E+46  4.3472E-83  1.0612E+44  2.6166E+46
  3.3500E-02  2.9480E+46  2.8224E-68  1.1313E+44  2.9367E+46
  3.7580E-02  3.3065E+46  3.5449E-55  1.2302E+44  3.2942E+46
  4.2170E-02  3.7113E+46  1.5617E-43  1.4648E+44  3.6967E+46
  4.7320E-02  4.1636E+46  4.2798E-33  1.5448E+44  4.1482E+46
  5.3090E-02  4.3361E+46  8.0102E-24  1.4910E+44  4.3212E+46
  6.6830E-02  4.1385E+46  3.2443E-08  1.1687E+44  4.1268E+46
  7.4990E-02  4.0431E+46  1.1466E-01  1.0288E+44  4.0328E+46
  8.4140E-02  3.9511E+46  5.9173E+04  1.0086E+44  3.9410E+46
  9.4410E-02  3.8614E+46  7.0209E+09  1.0102E+44  3.8513E+46
  1.0590E-01  3.5161E+46  1.8899E+14  1.0563E+44  3.5055E+46
  1.1890E-01  2.9569E+46  1.3227E+18  1.0134E+44  2.9467E+46
  1.3340E-01  2.4894E+46  2.4950E+21  9.8353E+43  2.4795E+46
  1.4960E-01  2.0965E+46  2.6970E+24  8.6421E+43  2.0878E+46
  1.5850E-01  1.9224E+46  7.8803E+25  7.8821E+43  1.9145E+46
  1.7780E-01  1.6177E+46  4.2006E+28  6.2342E+43  1.6114E+46
  1.9950E-01  1.3597E+46  1.3466E+31  3.9462E+43  1.3558E+46
  2.2390E-01  1.1434E+46  1.7421E+33  3.0584E+43  1.1403E+46
  2.3710E-01  1.0498E+46  1.1208E+34  3.3236E+43  1.0464E+46
  2.5120E-01  9.6305E+45  6.1377E+34  3.4668E+43  9.5958E+45
  2.6610E-01  8.8351E+45  3.1856E+35  3.3869E+43  8.8012E+45
  2.8180E-01  8.1080E+45  1.5314E+36  3.1919E+43  8.0761E+45
  2.9850E-01  7.4376E+45  6.7431E+36  2.9755E+43  7.4079E+45
  3.1620E-01  6.8224E+45  2.6739E+37  2.7743E+43  6.7947E+45
  3.3500E-01  6.2566E+45  9.6965E+37  2.5772E+43  6.2308E+45
  3.5480E-01  5.7403E+45  3.2258E+38  2.3828E+43  5.7165E+45
  3.7580E-01  5.2661E+45  9.9371E+38  2.1910E+43  5.2442E+45
  3.9810E-01  4.8299E+45  2.8210E+39  2.0161E+43  4.8097E+45
  4.2170E-01  4.4301E+45  7.3575E+39  1.8465E+43  4.4116E+45
  4.4670E-01  4.0636E+45  1.7787E+40  1.6928E+43  4.0466E+45
  4.7320E-01  3.7270E+45  4.0452E+40  1.5452E+43  3.7115E+45
  5.0120E-01  3.4189E+45  8.6794E+40  1.4034E+43  3.4048E+45
  5.3090E-01  3.1360E+45  1.7659E+41  1.2658E+43  3.1232E+45
  5.6230E-01  2.8769E+45  3.4040E+41  1.1412E+43  2.8651E+45
  5.9570E-01  2.6384E+45  6.2573E+41  1.0258E+43  2.6276E+45
  6.3100E-01  2.4206E+45  1.0956E+42  9.1791E+42  2.4103E+45
  6.6830E-01  2.2214E+45  1.8306E+42  8.1669E+42  2.2114E+45
  7.0790E-01  2.0386E+45  2.9291E+42  7.2445E+42  2.0284E+45
  7.4990E-01  1.8714E+45  4.4973E+42  6.4101E+42  1.8605E+45
  7.9430E-01  1.7189E+45  6.6307E+42  5.6436E+42  1.7066E+45
  8.4140E-01  1.5797E+45  9.4262E+42  4.9395E+42  1.5653E+45
  8.9130E-01  1.4530E+45  1.2945E+43  4.2843E+42  1.4357E+45
  9.4410E-01  1.3379E+45  1.7198E+43  3.6918E+42  1.3170E+45
  1.0000E+00  1.2334E+45  2.2155E+43  3.1652E+42  1.2081E+45
  1.0590E+00  1.1390E+45  2.7716E+43  2.7028E+42  1.1086E+45
  1.1220E+00  1.0527E+45  3.3867E+43  2.2915E+42  1.0165E+45
  1.1890E+00  9.7422E+44  4.0467E+43  1.9244E+42  9.3183E+44
  1.2590E+00  9.0391E+44  4.7114E+43  1.5969E+42  8.5520E+44
  1.3340E+00  8.3921E+44  5.3788E+43  1.3141E+42  7.8411E+44
  1.4130E+00  7.8041E+44  6.0058E+43  1.0785E+42  7.1927E+44
  1.4960E+00  7.2690E+44  6.5767E+43  8.8117E+41  6.6026E+44
  1.5850E+00  6.7718E+44  7.1030E+43  7.1348E+41  6.0543E+44
  1.6790E+00  6.3128E+44  7.5406E+43  5.7157E+41  5.5530E+44
  1.7780E+00  5.8872E+44  7.8690E+43  4.5212E+41  5.0957E+44
  1.8840E+00  5.4863E+44  8.1089E+43  3.5251E+41  4.6719E+44
  1.9950E+00  5.1143E+44  8.2410E+43  2.7131E+41  4.2875E+44
  2.1130E+00  4.7636E+44  8.2825E+43  2.0615E+41  3.9333E+44
  2.2390E+00  4.4309E+44  8.2328E+43  1.5484E+41  3.6061E+44
  2.3710E+00  4.1198E+44  8.0952E+43  1.1528E+41  3.3092E+44
  2.5120E+00  3.8248E+44  7.8953E+43  8.5190E+40  3.0344E+44
  2.6610E+00  3.5472E+44  7.6339E+43  6.2614E+40  2.7832E+44
  2.8180E+00  3.2859E+44  7.3157E+43  4.5815E+40  2.5538E+44
  2.9850E+00  3.0391E+44  6.9616E+43  3.3403E+40  2.3426E+44
  3.1620E+00  2.8065E+44  6.5754E+43  2.4283E+40  2.1487E+44
  3.3500E+00  2.5897E+44  6.1915E+43  1.7629E+40  1.9704E+44
  3.5480E+00  2.3863E+44  5.7837E+43  1.2776E+40  1.8078E+44
  3.7580E+00  2.1964E+44  5.3793E+43  9.2445E+39  1.6583E+44
  3.9810E+00  2.0192E+44  4.9816E+43  6.6808E+39  1.5210E+44
  4.2170E+00  1.8545E+44  4.5931E+43  4.8236E+39  1.3951E+44
  4.4670E+00  1.7015E+44  4.2181E+43  3.4789E+39  1.2796E+44
  4.7320E+00  1.5601E+44  3.8646E+43  2.5059E+39  1.1737E+44
  5.0120E+00  1.4327E+44  3.5354E+43  1.8070E+39  1.0791E+44
  5.3090E+00  1.2831E+44  3.2290E+43  1.2701E+39  9.6024E+43
  5.6230E+00  1.1430E+44  2.9497E+43  8.8656E+38  8.4805E+43
  5.9570E+00  1.0132E+44  2.6998E+43  6.1485E+38  7.4316E+43
  6.3100E+00  8.9244E+43  2.4534E+43  4.2293E+38  6.4710E+43
  6.6830E+00  7.8569E+43  2.2555E+43  2.8974E+38  5.6014E+43
  7.0790E+00  6.8770E+43  2.0580E+43  1.9617E+38  4.8190E+43
  7.4990E+00  6.1274E+43  2.0044E+43  1.3371E+38  4.1229E+43
  7.9430E+00  6.0706E+43  2.5597E+43  1.0154E+38  3.5109E+43
  8.4140E+00  6.7455E+43  3.7703E+43  9.1998E+37  2.9752E+43
  8.9130E+00  7.3439E+43  4.8335E+43  8.7204E+37  2.5104E+43
  9.4410E+00  7.7872E+43  5.6771E+43  8.9316E+37  2.1101E+43
  1.0000E+01  6.5395E+43  4.7725E+43  6.3862E+37  1.7671E+43
  1.0590E+01  5.2265E+43  3.7507E+43  4.2148E+37  1.4758E+43
  1.1220E+01  4.0079E+43  2.7812E+43  2.4895E+37  1.2267E+43
  1.1890E+01  3.1139E+43  2.0980E+43  1.4950E+37  1.0159E+43
  1.2590E+01  2.4294E+43  1.5882E+43  8.8350E+36  8.4119E+42
  1.3340E+01  1.9195E+43  1.2263E+43  5.2141E+36  6.9319E+42
  1.4130E+01  1.5896E+43  1.0191E+43  3.1646E+36  5.7050E+42
  1.4960E+01  1.4658E+43  9.9663E+42  2.1884E+36  4.6919E+42
  1.5850E+01  1.3977E+43  1.0135E+43  1.6275E+36  3.8414E+42
  1.6790E+01  1.3458E+43  1.0317E+43  1.2699E+36  3.1409E+42
  1.7780E+01  1.2692E+43  1.0126E+43  1.0007E+36  2.5663E+42
  1.8840E+01  1.1404E+43  9.3150E+42  7.5470E+35  2.0888E+42
  1.9950E+01  9.7464E+42  8.0451E+42  5.2690E+35  1.7013E+42
  2.1130E+01  8.2396E+42  6.8569E+42  3.5278E+35  1.3827E+42
  2.2390E+01  7.0074E+42  5.8871E+42  2.3659E+35  1.1203E+42
  2.3710E+01  5.9890E+42  5.0804E+42  1.5871E+35  9.0864E+41
  2.5120E+01  5.1210E+42  4.3862E+42  1.0675E+35  7.3479E+41
  2.6610E+01  4.3696E+42  3.7758E+42  7.1507E+34  5.9383E+41
  2.8180E+01  3.7186E+42  3.2387E+42  4.7929E+34  4.7994E+41
  2.9850E+01  3.1438E+42  2.7566E+42  3.2012E+34  3.8717E+41
  3.1620E+01  2.6341E+42  2.3221E+42  2.1217E+34  3.1199E+41
  3.3500E+01  2.1841E+42  1.9331E+42  1.3946E+34  2.5106E+41
  3.5480E+01  1.7931E+42  1.5910E+42  9.0970E+33  2.0210E+41
  3.7580E+01  1.4543E+42  1.2917E+42  5.8717E+33  1.6253E+41
  3.9810E+01  1.1630E+42  1.0325E+42  3.7450E+33  1.3054E+41
  4.2170E+01  9.1934E+41  8.1454E+41  2.3628E+33  1.0479E+41
  4.4670E+01  7.1900E+41  6.3492E+41  1.4744E+33  8.4074E+40
  4.7320E+01  5.5714E+41  4.8974E+41  9.1158E+32  6.7400E+40
  5.0120E+01  4.2843E+41  3.7440E+41  5.5940E+32  5.4034E+40
  5.3090E+01  3.2707E+41  2.8379E+41  3.4091E+32  4.3282E+40
  5.6230E+01  2.4835E+41  2.1368E+41  2.0669E+32  3.4667E+40
  5.9570E+01  1.8746E+41  1.5974E+41  1.2462E+32  2.7728E+40
  6.3100E+01  1.4102E+41  1.1884E+41  7.4921E+31  2.2180E+40
  6.6830E+01  1.0578E+41  8.8036E+40  4.4946E+31  1.7744E+40
  7.0790E+01  7.9137E+40  6.4954E+40  2.6908E+31  1.4183E+40
  7.4990E+01  5.9072E+40  4.7743E+40  1.6087E+31  1.1329E+40
  7.9430E+01  4.4054E+40  3.5003E+40  9.6176E+30  9.0505E+39
  8.4140E+01  3.2820E+40  2.5595E+40  5.7475E+30  7.2256E+39
  8.9130E+01  2.4452E+40  1.8686E+40  3.4378E+30  5.7665E+39
  9.4410E+01  1.8222E+40  1.3620E+40  2.0585E+30  4.6021E+39
  1.0000E+02  1.3585E+40  9.9128E+39  1.2340E+30  3.6722E+39
  1.0590E+02  1.0145E+40  7.2135E+39  7.4160E+29  2.9317E+39
  1.1220E+02  7.5791E+39  5.2433E+39  4.4583E+29  2.3358E+39
  1.1890E+02  5.6748E+39  3.8158E+39  2.6867E+29  1.8590E+39
  1.2590E+02  4.2782E+39  2.7943E+39  1.6302E+29  1.4838E+39
  1.3340E+02  3.2325E+39  2.0514E+39  9.9221E+28  1.1811E+39
  1.4130E+02  2.4384E+39  1.4972E+39  6.0599E+28  9.4117E+38
  1.4960E+02  1.8255E+39  1.0742E+39  3.6815E+28  7.5121E+38
  1.5850E+02  1.3631E+39  7.6525E+38  2.2264E+28  5.9781E+38
  1.7780E+02  7.7103E+38  3.9162E+38  8.2372E+27  3.7942E+38
  1.9950E+02  4.4141E+38  2.0097E+38  3.0796E+27  2.4043E+38
  2.2390E+02  2.5523E+38  1.0307E+38  1.1616E+27  1.5216E+38
  2.5120E+02  1.4924E+38  5.2863E+37  4.4224E+26  9.6376E+37
  2.8180E+02  8.8121E+37  2.7078E+37  1.6964E+26  6.1043E+37
  3.1620E+02  5.2455E+37  1.3838E+37  6.5426E+25  3.8617E+37
  3.5480E+02  3.1483E+37  7.0622E+36  2.5361E+25  2.4421E+37
  3.9810E+02  1.9041E+37  3.5992E+36  9.8804E+24  1.5442E+37
  4.4670E+02  1.1592E+37  1.8317E+36  3.8638E+24  9.7603E+36
  5.0120E+02  7.1008E+36  9.3132E+35  1.5164E+24  6.1695E+36
  5.6230E+02  4.3735E+36  4.7319E+35  5.9684E+23  3.9003E+36
  6.3100E+02  2.7029E+36  2.3995E+35  2.3527E+23  2.4629E+36
  7.0790E+02  1.6785E+36  1.2169E+35  9.3018E+22  1.5568E+36
  7.9430E+02  1.0449E+36  6.1615E+34  3.6805E+22  9.8325E+35
  8.9130E+02  6.5193E+35  3.1162E+34  1.4577E+22  6.2077E+35
  1.0000E+03  4.0789E+35  1.5756E+34  5.7837E+21  3.9214E+35
