  1.0000E-03  8.8743E+44  0.0000E+00  1.0808E+43  8.7662E+44
  1.1220E-03  9.9604E+44  0.0000E+00  1.2467E+43  9.8357E+44
  1.2590E-03  1.1174E+45  0.0000E+00  1.3765E+43  1.1037E+45
  1.4130E-03  1.2533E+45  0.0000E+00  1.4654E+43  1.2387E+45
  1.5850E-03  1.4049E+45  0.0000E+00  1.5440E+43  1.3894E+45
  1.7780E-03  1.5774E+45  0.0000E+00  1.8750E+43  1.5586E+45
  1.9950E-03  1.7687E+45  0.0000E+00  1.9929E+43  1.7488E+45
  2.2390E-03  1.9823E+45  0.0000E+00  1.9615E+43  1.9627E+45
  2.5120E-03  2.2268E+45  0.0000E+00  2.4815E+43  2.2020E+45
  2.8180E-03  2.4959E+45  0.0000E+00  2.5696E+43  2.4702E+45
  3.1620E-03  2.7978E+45  0.0000E+00  2.5928E+43  2.7718E+45
  3.5480E-03  3.1362E+45  0.0000E+00  2.5879E+43  3.1103E+45
  3.9810E-03  3.5155E+45  0.0000E+00  2.5664E+43  3.4898E+45
  4.4670E-03  3.9778E+45  0.0000E+00  6.1985E+43  3.9158E+45
  5.0120E-03  4.4593E+45  0.0000E+00  6.5739E+43  4.3936E+45
  5.6230E-03  4.9975E+45  0.0000E+00  6.8276E+43  4.9292E+45
  5.9570E-03  5.2913E+45  0.0000E+00  6.9294E+43  5.2220E+45
  6.6830E-03  5.9299E+45  0.0000E+00  7.1339E+43  5.8585E+45
  7.4990E-03  6.6480E+45  0.0000E+00  7.4207E+43  6.5738E+45
  8.4140E-03  7.4525E+45  0.0000E+00  7.6696E+43  7.3758E+45
  9.4410E-03  8.3551E+45  0.0000E+00  7.9000E+43  8.2761E+45
  1.0590E-02  9.3633E+45  0.0000E+00  8.0041E+43  9.2833E+45
  1.1890E-02  1.0509E+46  0.0000E+00  8.6286E+43  1.0423E+46
  1.3340E-02  1.1783E+46  0.0000E+00  8.9285E+43  1.1694E+46
  1.4960E-02  1.3207E+46  0.0000E+00  9.3234E+43  1.3114E+46
  1.6790E-02  1.4815E+46  0.0000E+00  9.6764E+43  1.4718E+46
  1.8840E-02  1.6615E+46  0.0000E+00  1.0007E+44  1.6515E+46
  2.1130E-02  1.8629E+46  0.0000E+00  1.0511E+44  1.8524E+46
  2.3710E-02  2.0894E+46  0.0000E+00  1.0985E+44  2.0785E+46
  2.6610E-02  2.3441E+46  0.0000E+00  1.1449E+44  2.3326E+46
  2.9850E-02  2.6285E+46  1.0275E-82  1.1903E+44  2.6166E+46
  3.3500E-02  2.9490E+46  6.4782E-68  1.2340E+44  2.9367E+46
  3.7580E-02  3.3075E+46  8.1101E-55  1.3310E+44  3.2942E+46
  4.2170E-02  3.7123E+46  3.4839E-43  1.5600E+44  3.6967E+46
  4.7320E-02  4.1640E+46  8.9438E-33  1.5814E+44  4.1482E+46
  5.3090E-02  4.3361E+46  1.5653E-23  1.4845E+44  4.3212E+46
  6.6830E-02  4.1386E+46  5.3421E-08  1.1790E+44  4.1268E+46
  7.4990E-02  4.0439E+46  1.7227E-01  1.1096E+44  4.0328E+46
  8.4140E-02  3.9517E+46  9.2232E+04  1.0660E+44  3.9410E+46
  9.4410E-02  3.8617E+46  1.1303E+10  1.0490E+44  3.8513E+46
  1.0590E-01  3.5160E+46  3.3771E+14  1.0415E+44  3.5055E+46
  1.1890E-01  2.9564E+46  2.7824E+18  9.6514E+43  2.9467E+46
  1.3340E-01  2.4891E+46  6.0742E+21  9.5343E+43  2.4795E+46
  1.4960E-01  2.0965E+46  7.2340E+24  8.6025E+43  2.0878E+46
  1.5850E-01  1.9223E+46  2.1448E+26  7.8299E+43  1.9145E+46
  1.7780E-01  1.6174E+46  1.0738E+29  5.9318E+43  1.6114E+46
  1.9950E-01  1.3593E+46  2.8894E+31  3.5051E+43  1.3558E+46
  2.2390E-01  1.1432E+46  3.3748E+33  2.8320E+43  1.1403E+46
  2.3710E-01  1.0495E+46  2.3382E+34  3.1091E+43  1.0464E+46
  2.5120E-01  9.6292E+45  1.3942E+35  3.3361E+43  9.5958E+45
  2.6610E-01  8.8350E+45  7.6804E+35  3.3774E+43  8.8012E+45
  2.8180E-01  8.1091E+45  3.8501E+36  3.2987E+43  8.0761E+45
  2.9850E-01  7.4397E+45  1.7519E+37  3.1845E+43  7.4079E+45
  3.1620E-01  6.8255E+45  7.1513E+37  3.0818E+43  6.7947E+45
  3.3500E-01  6.2606E+45  2.6618E+38  2.9759E+43  6.2308E+45
  3.5480E-01  5.7451E+45  9.0596E+38  2.8594E+43  5.7165E+45
  3.7580E-01  5.2716E+45  2.8490E+39  2.7392E+43  5.2442E+45
  3.9810E-01  4.8360E+45  8.2478E+39  2.6265E+43  4.8097E+45
  4.2170E-01  4.4369E+45  2.1932E+40  2.5223E+43  4.4116E+45
  4.4670E-01  4.0710E+45  5.4034E+40  2.4309E+43  4.0466E+45
  4.7320E-01  3.7350E+45  1.2509E+41  2.3387E+43  3.7115E+45
  5.0120E-01  3.4275E+45  2.7280E+41  2.2435E+43  3.4048E+45
  5.3090E-01  3.1452E+45  5.6331E+41  2.1463E+43  3.1232E+45
  5.6230E-01  2.8868E+45  1.1001E+42  2.0525E+43  2.8651E+45
  5.9570E-01  2.6492E+45  2.0451E+42  1.9597E+43  2.6276E+45
  6.3100E-01  2.4326E+45  3.6162E+42  1.8688E+43  2.4103E+45
  6.6830E-01  2.2353E+45  6.0901E+42  1.7778E+43  2.2114E+45
  7.0790E-01  2.0552E+45  9.8105E+42  1.6923E+43  2.0284E+45
  7.4990E-01  1.8917E+45  1.5140E+43  1.6097E+43  1.8605E+45
  7.9430E-01  1.7443E+45  2.2412E+43  1.5298E+43  1.7066E+45
  8.4140E-01  1.6118E+45  3.1944E+43  1.4518E+43  1.5653E+45
  8.9130E-01  1.4935E+45  4.3959E+43  1.3760E+43  1.4357E+45
  9.4410E-01  1.3884E+45  5.8425E+43  1.3009E+43  1.3170E+45
  1.0000E+00  1.2955E+45  7.5151E+43  1.2250E+43  1.2081E+45
  1.0590E+00  1.2138E+45  9.3748E+43  1.1506E+43  1.1086E+45
  1.1220E+00  1.1414E+45  1.1412E+44  1.0760E+43  1.0165E+45
  1.1890E+00  1.0776E+45  1.3574E+44  9.9975E+42  9.3183E+44
  1.2590E+00  1.0217E+45  1.5734E+44  9.2093E+42  8.5520E+44
  1.3340E+00  9.7112E+44  1.7860E+44  8.4116E+42  7.8411E+44
  1.4130E+00  9.2494E+44  1.9804E+44  7.6329E+42  7.1927E+44
  1.4960E+00  8.8231E+44  2.1518E+44  6.8723E+42  6.6026E+44
  1.5850E+00  8.4194E+44  2.3038E+44  6.1216E+42  6.0543E+44
  1.6790E+00  8.0305E+44  2.4236E+44  5.3849E+42  5.5530E+44
  1.7780E+00  7.6479E+44  2.5055E+44  4.6658E+42  5.0957E+44
  1.8840E+00  7.2674E+44  2.5558E+44  3.9749E+42  4.6719E+44
  1.9950E+00  6.8909E+44  2.5701E+44  3.3298E+42  4.2875E+44
  2.1130E+00  6.5145E+44  2.5538E+44  2.7427E+42  3.9333E+44
  2.2390E+00  6.1361E+44  2.5077E+44  2.2226E+42  3.6061E+44
  2.3710E+00  5.7617E+44  2.4348E+44  1.7752E+42  3.3092E+44
  2.5120E+00  5.3914E+44  2.3430E+44  1.4000E+42  3.0344E+44
  2.6610E+00  5.0283E+44  2.2342E+44  1.0918E+42  2.7832E+44
  2.8180E+00  4.6734E+44  2.1111E+44  8.4291E+41  2.5538E+44
  2.9850E+00  4.3296E+44  1.9805E+44  6.4506E+41  2.3426E+44
  3.1620E+00  3.9978E+44  1.8443E+44  4.8980E+41  2.1487E+44
  3.3500E+00  3.6862E+44  1.7121E+44  3.6970E+41  1.9704E+44
  3.5480E+00  3.3887E+44  1.5781E+44  2.7740E+41  1.8078E+44
  3.7580E+00  3.1097E+44  1.4493E+44  2.0706E+41  1.6583E+44
  3.9810E+00  2.8489E+44  1.3264E+44  1.5385E+41  1.5210E+44
  4.2170E+00  2.6066E+44  1.2104E+44  1.1388E+41  1.3951E+44
  4.4670E+00  2.3824E+44  1.1019E+44  8.3993E+40  1.2796E+44
  4.7320E+00  2.1766E+44  1.0023E+44  6.1729E+40  1.1737E+44
  5.0120E+00  1.9914E+44  9.1182E+43  4.5303E+40  1.0791E+44
  5.3090E+00  1.7901E+44  8.2953E+43  3.2589E+40  9.6024E+43
  5.6230E+00  1.6040E+44  7.5577E+43  2.3287E+40  8.4805E+43
  5.9570E+00  1.4337E+44  6.9041E+43  1.6540E+40  7.4316E+43
  6.3100E+00  1.2754E+44  6.2814E+43  1.1655E+40  6.4710E+43
  6.6830E+00  1.1382E+44  5.7796E+43  8.1986E+39  5.6014E+43
  7.0790E+00  1.0116E+44  5.2962E+43  5.7027E+39  4.8190E+43
  7.4990E+00  9.1407E+43  5.0174E+43  3.9418E+39  4.1229E+43
  7.9430E+00  8.9880E+43  5.4768E+43  2.8296E+39  3.5109E+43
  8.4140E+00  9.5979E+43  6.6225E+43  2.2339E+39  2.9752E+43
  8.9130E+00  1.0002E+44  7.4912E+43  1.8601E+39  2.5104E+43
  9.4410E+00  1.0159E+44  8.0490E+43  1.7006E+39  2.1101E+43
  1.0000E+01  8.6606E+43  6.8935E+43  1.2972E+39  1.7671E+43
  1.0590E+01  7.1568E+43  5.6809E+43  9.4934E+38  1.4758E+43
  1.1220E+01  5.8010E+43  4.5742E+43  6.4241E+38  1.2267E+43
  1.1890E+01  4.7712E+43  3.7553E+43  4.3539E+38  1.0159E+43
  1.2590E+01  3.9906E+43  3.1494E+43  2.9156E+38  8.4119E+42
  1.3340E+01  3.3947E+43  2.7015E+43  1.9340E+38  6.9319E+42
  1.4130E+01  2.9906E+43  2.4201E+43  1.2801E+38  5.7050E+42
  1.4960E+01  2.8091E+43  2.3399E+43  8.9957E+37  4.6919E+42
  1.5850E+01  2.6983E+43  2.3142E+43  6.6827E+37  3.8414E+42
  1.6790E+01  2.6175E+43  2.3034E+43  5.2033E+37  3.1409E+42
  1.7780E+01  2.5219E+43  2.2653E+43  4.1770E+37  2.5663E+42
  1.8840E+01  2.3766E+43  2.1677E+43  3.3417E+37  2.0888E+42
  1.9950E+01  2.1875E+43  2.0174E+43  2.5777E+37  1.7013E+42
  2.1130E+01  2.0058E+43  1.8676E+43  1.9244E+37  1.3827E+42
  2.2390E+01  1.8443E+43  1.7323E+43  1.4312E+37  1.1203E+42
  2.3710E+01  1.6967E+43  1.6059E+43  1.0582E+37  9.0864E+41
  2.5120E+01  1.5534E+43  1.4799E+43  7.7912E+36  7.3479E+41
  2.6610E+01  1.4119E+43  1.3525E+43  5.6765E+36  5.9383E+41
  2.8180E+01  1.2716E+43  1.2236E+43  4.1052E+36  4.7994E+41
  2.9850E+01  1.1308E+43  1.0921E+43  2.9360E+36  3.8717E+41
  3.1620E+01  9.9114E+42  9.5994E+42  2.0693E+36  3.1199E+41
  3.3500E+01  8.5497E+42  8.2987E+42  1.4362E+36  2.5106E+41
  3.5480E+01  7.2622E+42  7.0601E+42  9.8215E+35  2.0210E+41
  3.7580E+01  6.0682E+42  5.9057E+42  6.6088E+35  1.6253E+41
  3.9810E+01  4.9842E+42  4.8536E+42  4.3758E+35  1.3054E+41
  4.2170E+01  4.0333E+42  3.9285E+42  2.8530E+35  1.0479E+41
  4.4670E+01  3.2197E+42  3.1357E+42  1.8318E+35  8.4074E+40
  4.7320E+01  2.5395E+42  2.4721E+42  1.1604E+35  6.7400E+40
  5.0120E+01  1.9822E+42  1.9282E+42  7.2644E+34  5.4034E+40
  5.3090E+01  1.5318E+42  1.4885E+42  4.4971E+34  4.3282E+40
  5.6230E+01  1.1742E+42  1.1396E+42  2.7581E+34  3.4667E+40
  5.9570E+01  8.9268E+41  8.6495E+41  1.6757E+34  2.7728E+40
  6.3100E+01  6.7463E+41  6.5245E+41  1.0111E+34  2.2180E+40
  6.6830E+01  5.0725E+41  4.8950E+41  6.0650E+33  1.7744E+40
  7.0790E+01  3.7953E+41  3.6535E+41  3.6175E+33  1.4183E+40
  7.4990E+01  2.8272E+41  2.7139E+41  2.1471E+33  1.1329E+40
  7.9430E+01  2.0995E+41  2.0090E+41  1.2700E+33  9.0505E+39
  8.4140E+01  1.5543E+41  1.4821E+41  7.4844E+32  7.2256E+39
  8.9130E+01  1.1485E+41  1.0908E+41  4.4015E+32  5.7665E+39
  9.4410E+01  8.4722E+40  8.0120E+40  2.5836E+32  4.6021E+39
  1.0000E+02  6.2395E+40  5.8723E+40  1.5138E+32  3.6722E+39
  1.0590E+02  4.5946E+40  4.3015E+40  8.8697E+31  2.9317E+39
  1.1220E+02  3.3802E+40  3.1466E+40  5.1895E+31  2.3358E+39
  1.1890E+02  2.4907E+40  2.3048E+40  3.0412E+31  1.8590E+39
  1.2590E+02  1.8482E+40  1.6998E+40  1.7950E+31  1.4838E+39
  1.3340E+02  1.3761E+40  1.2580E+40  1.0645E+31  1.1811E+39
  1.4130E+02  1.0178E+40  9.2370E+39  6.2949E+30  9.4117E+38
  1.4960E+02  7.3865E+39  6.6353E+39  3.6506E+30  7.5121E+38
  1.5850E+02  5.3284E+39  4.7305E+39  2.0993E+30  5.9781E+38
  1.7780E+02  2.8104E+39  2.4310E+39  7.0290E+29  3.7942E+38
  1.9950E+02  1.4944E+39  1.2540E+39  2.3753E+29  2.4043E+38
  2.2390E+02  7.9841E+38  6.4626E+38  8.0798E+28  1.5216E+38
  2.5120E+02  4.2930E+38  3.3292E+38  2.7703E+28  9.6376E+37
  2.8180E+02  2.3225E+38  1.7120E+38  9.5730E+27  6.1043E+37
  3.1620E+02  1.2642E+38  8.7798E+37  3.3332E+27  3.8617E+37
  3.5480E+02  6.9369E+37  4.4948E+37  1.1711E+27  2.4421E+37
  3.9810E+02  3.8413E+37  2.2972E+37  4.1577E+26  1.5442E+37
  4.4670E+02  2.1481E+37  1.1720E+37  1.4915E+26  9.7603E+36
  5.0120E+02  1.2142E+37  5.9727E+36  5.4098E+25  6.1695E+36
  5.6230E+02  6.9413E+36  3.0410E+36  1.9836E+25  3.9003E+36
  6.3100E+02  4.0079E+36  1.5450E+36  7.3435E+24  2.4629E+36
  7.0790E+02  2.3417E+36  7.8491E+35  2.7486E+24  1.5568E+36
  7.9430E+02  1.3813E+36  3.9806E+35  1.0373E+24  9.8325E+35
  8.9130E+02  8.2239E+35  2.0161E+35  3.9462E+23  6.2077E+35
  1.0000E+03  4.9421E+35  1.0208E+35  1.5133E+23  3.9214E+35
