  1.0000E-03  8.8577E+44  1.1255E+05  9.1550E+42  8.7662E+44
  1.1220E-03  9.9215E+44  6.7464E+04  8.5758E+42  9.8357E+44
  1.2590E-03  1.1116E+45  4.0302E+04  7.9110E+42  1.1037E+45
  1.4130E-03  1.2459E+45  2.3300E+04  7.2469E+42  1.2387E+45
  1.5850E-03  1.3964E+45  1.4975E+04  6.9201E+42  1.3894E+45
  1.7780E-03  1.5668E+45  1.2000E+04  8.1498E+42  1.5586E+45
  1.9950E-03  1.7562E+45  5.6622E+03  7.4218E+42  1.7488E+45
  2.2390E-03  1.9696E+45  3.2649E+03  6.8555E+42  1.9627E+45
  2.5120E-03  2.2101E+45  2.4449E+03  8.1395E+42  2.2020E+45
  2.8180E-03  2.4775E+45  1.2269E+03  7.2902E+42  2.4702E+45
  3.1620E-03  2.7785E+45  8.1436E+02  6.6656E+42  2.7718E+45
  3.5480E-03  3.1164E+45  6.2948E+02  6.1284E+42  3.1103E+45
  3.9810E-03  3.4955E+45  5.6330E+02  5.6118E+42  3.4898E+45
  4.4670E-03  3.9313E+45  5.4470E+03  1.5444E+43  3.9158E+45
  5.0120E-03  4.4089E+45  2.1839E+03  1.5339E+43  4.3936E+45
  5.6230E-03  4.9459E+45  1.1801E+03  1.6623E+43  4.9292E+45
  5.9570E-03  5.2395E+45  9.5769E+02  1.7462E+43  5.2220E+45
  6.6830E-03  5.8778E+45  7.1226E+02  1.9307E+43  5.8585E+45
  7.4990E-03  6.5953E+45  5.6661E+02  2.1505E+43  6.5738E+45
  8.4140E-03  7.3992E+45  4.6866E+02  2.3388E+43  7.3758E+45
  9.4410E-03  8.3015E+45  3.9931E+02  2.5379E+43  8.2761E+45
  1.0590E-02  9.3110E+45  3.4265E+02  2.7669E+43  9.2833E+45
  1.1890E-02  1.0453E+46  2.8440E+02  2.9703E+43  1.0423E+46
  1.3340E-02  1.1726E+46  2.4707E+02  3.1764E+43  1.1694E+46
  1.4960E-02  1.3148E+46  2.3440E+02  3.3699E+43  1.3114E+46
  1.6790E-02  1.4754E+46  2.0276E+02  3.5753E+43  1.4718E+46
  1.8840E-02  1.6553E+46  1.7554E+02  3.7963E+43  1.6515E+46
  2.1130E-02  1.8564E+46  1.5268E+02  4.0200E+43  1.8524E+46
  2.3710E-02  2.0827E+46  1.3232E+02  4.2477E+43  2.0785E+46
  2.6610E-02  2.3371E+46  1.1433E+02  4.4713E+43  2.3326E+46
  2.9850E-02  2.6213E+46  9.8423E+01  4.6907E+43  2.6166E+46
  3.3500E-02  2.9415E+46  8.4527E+01  4.8847E+43  2.9367E+46
  3.7580E-02  3.2994E+46  8.2505E+01  5.2108E+43  3.2942E+46
  4.2170E-02  3.7030E+46  7.1094E+01  6.3066E+43  3.6967E+46
  4.7320E-02  4.1545E+46  4.9316E+01  6.3462E+43  4.1482E+46
  5.3090E-02  4.3269E+46  2.9034E+01  5.6446E+43  4.3212E+46
  6.6830E-02  4.1297E+46  8.3121E+00  2.9231E+43  4.1268E+46
  7.4990E-02  4.0346E+46  3.2625E+00  1.7822E+43  4.0328E+46
  8.4140E-02  3.9430E+46  3.4230E+03  1.9727E+43  3.9410E+46
  9.4410E-02  3.8534E+46  4.6196E+08  2.1529E+43  3.8513E+46
  1.0590E-01  3.5085E+46  1.8588E+13  2.9333E+43  3.5055E+46
  1.1890E-01  2.9502E+46  1.9779E+17  3.4087E+43  2.9467E+46
  1.3340E-01  2.4830E+46  4.8320E+20  3.4883E+43  2.4795E+46
  1.4960E-01  2.0905E+46  6.3112E+23  2.6656E+43  2.0878E+46
  1.5850E-01  1.9167E+46  1.9267E+25  2.1553E+43  1.9145E+46
  1.7780E-01  1.6130E+46  9.4074E+27  1.6006E+43  1.6114E+46
  1.9950E-01  1.3568E+46  2.0882E+30  1.0301E+43  1.3558E+46
  2.2390E-01  1.1411E+46  2.1436E+32  8.0135E+42  1.1403E+46
  2.3710E-01  1.0474E+46  1.6923E+33  9.8928E+42  1.0464E+46
  2.5120E-01  9.6071E+45  1.1391E+34  1.1327E+43  9.5958E+45
  2.6610E-01  8.8127E+45  6.7885E+34  1.1511E+43  8.8012E+45
  2.8180E-01  8.0871E+45  3.5993E+35  1.1068E+43  8.0761E+45
  2.9850E-01  7.4184E+45  1.7138E+36  1.0471E+43  7.4079E+45
  3.1620E-01  6.8046E+45  7.2988E+36  9.9407E+42  6.7947E+45
  3.3500E-01  6.2402E+45  2.8309E+37  9.4134E+42  6.2308E+45
  3.5480E-01  5.7254E+45  1.0016E+38  8.8901E+42  5.7165E+45
  3.7580E-01  5.2526E+45  3.2722E+38  8.4049E+42  5.2442E+45
  3.9810E-01  4.8177E+45  9.8171E+38  7.9621E+42  4.8097E+45
  4.2170E-01  4.4192E+45  2.7109E+39  7.5996E+42  4.4116E+45
  4.4670E-01  4.0539E+45  6.9309E+39  7.2850E+42  4.0466E+45
  4.7320E-01  3.7185E+45  1.6643E+40  6.9926E+42  3.7115E+45
  5.0120E-01  3.4115E+45  3.7614E+40  6.7141E+42  3.4048E+45
  5.3090E-01  3.1297E+45  8.0536E+40  6.4658E+42  3.1232E+45
  5.6230E-01  2.8715E+45  1.6272E+41  6.2339E+42  2.8651E+45
  5.9570E-01  2.6339E+45  3.1263E+41  6.0218E+42  2.6276E+45
  6.3100E-01  2.4167E+45  5.7141E+41  5.8331E+42  2.4103E+45
  6.6830E-01  2.2181E+45  9.9511E+41  5.6672E+42  2.2114E+45
  7.0790E-01  2.0356E+45  1.6583E+42  5.5236E+42  2.0284E+45
  7.4990E-01  1.8685E+45  2.6458E+42  5.3880E+42  1.8605E+45
  7.9430E-01  1.7159E+45  4.0532E+42  5.2669E+42  1.7066E+45
  8.4140E-01  1.5765E+45  5.9872E+42  5.1718E+42  1.5653E+45
  8.9130E-01  1.4494E+45  8.5724E+42  5.1102E+42  1.4357E+45
  9.4410E-01  1.3339E+45  1.1877E+43  5.0765E+42  1.3170E+45
  1.0000E+00  1.2291E+45  1.5931E+43  5.0520E+42  1.2081E+45
  1.0590E+00  1.1344E+45  2.0747E+43  5.0364E+42  1.1086E+45
  1.1220E+00  1.0480E+45  2.6422E+43  5.0200E+42  1.0165E+45
  1.1890E+00  9.6981E+44  3.2991E+43  4.9942E+42  9.3183E+44
  1.2590E+00  9.0052E+44  4.0366E+43  4.9524E+42  8.5520E+44
  1.3340E+00  8.3752E+44  4.8522E+43  4.8870E+42  7.8411E+44
  1.4130E+00  7.8113E+44  5.7064E+43  4.7957E+42  7.1927E+44
  1.4960E+00  7.3089E+44  6.5955E+43  4.6747E+42  6.6026E+44
  1.5850E+00  6.8539E+44  7.5439E+43  4.5185E+42  6.0543E+44
  1.6790E+00  6.4494E+44  8.5311E+43  4.3282E+42  5.5530E+44
  1.7780E+00  6.0913E+44  9.5450E+43  4.1017E+42  5.0957E+44
  1.8840E+00  5.7702E+44  1.0599E+44  3.8400E+42  4.6719E+44
  1.9950E+00  5.4889E+44  1.1659E+44  3.5518E+42  4.2875E+44
  2.1130E+00  5.2362E+44  1.2705E+44  3.2436E+42  3.9333E+44
  2.2390E+00  5.0039E+44  1.3686E+44  2.9235E+42  3.6061E+44
  2.3710E+00  4.7899E+44  1.4548E+44  2.6013E+42  3.3092E+44
  2.5120E+00  4.5833E+44  1.5260E+44  2.2843E+42  3.0344E+44
  2.6610E+00  4.3804E+44  1.5774E+44  1.9801E+42  2.7832E+44
  2.8180E+00  4.1764E+44  1.6057E+44  1.6940E+42  2.5538E+44
  2.9850E+00  3.9678E+44  1.6109E+44  1.4301E+42  2.3426E+44
  3.1620E+00  3.7529E+44  1.5924E+44  1.1922E+42  2.1487E+44
  3.3500E+00  3.5349E+44  1.5548E+44  9.8044E+41  1.9704E+44
  3.5480E+00  3.3125E+44  1.4968E+44  7.9748E+41  1.8078E+44
  3.7580E+00  3.0884E+44  1.4237E+44  6.4082E+41  1.6583E+44
  3.9810E+00  2.8643E+44  1.3382E+44  5.0897E+41  1.5210E+44
  4.2170E+00  2.6431E+44  1.2440E+44  3.9990E+41  1.3951E+44
  4.4670E+00  2.4271E+44  1.1443E+44  3.1094E+41  1.2796E+44
  4.7320E+00  2.2188E+44  1.0428E+44  2.3907E+41  1.1737E+44
  5.0120E+00  2.0232E+44  9.4219E+43  1.8215E+41  1.0791E+44
  5.3090E+00  1.8058E+44  8.4426E+43  1.3505E+41  9.6024E+43
  5.6230E+00  1.6005E+44  7.5143E+43  9.8683E+40  8.4805E+43
  5.9570E+00  1.4091E+44  6.6522E+43  7.1087E+40  7.4316E+43
  6.3100E+00  1.2311E+44  5.8348E+43  5.0561E+40  6.4710E+43
  6.6830E+00  1.0748E+44  5.1427E+43  3.5620E+40  5.6014E+43
  7.0790E+00  9.3189E+43  4.4975E+43  2.4717E+40  4.8190E+43
  7.4990E+00  8.1392E+43  4.0146E+43  1.6442E+40  4.1229E+43
  7.9430E+00  7.4860E+43  3.9741E+43  9.7876E+39  3.5109E+43
  8.4140E+00  7.1267E+43  4.1509E+43  5.5678E+39  2.9752E+43
  8.9130E+00  6.6008E+43  4.0901E+43  3.5534E+39  2.5104E+43
  9.4410E+00  6.0067E+43  3.8964E+43  2.6485E+39  2.1101E+43
  1.0000E+01  5.2490E+43  3.4817E+43  2.1797E+39  1.7671E+43
  1.0590E+01  4.5142E+43  3.0382E+43  1.8058E+39  1.4758E+43
  1.1220E+01  3.7905E+43  2.5636E+43  1.4227E+39  1.2267E+43
  1.1890E+01  3.1453E+43  2.1293E+43  1.0814E+39  1.0159E+43
  1.2590E+01  2.5899E+43  1.7486E+43  7.8848E+38  8.4119E+42
  1.3340E+01  2.1243E+43  1.4310E+43  5.4846E+38  6.9319E+42
  1.4130E+01  1.7849E+43  1.2144E+43  3.6347E+38  5.7050E+42
  1.4960E+01  1.6117E+43  1.1425E+43  2.4170E+38  4.6919E+42
  1.5850E+01  1.4889E+43  1.1047E+43  1.6724E+38  3.8414E+42
  1.6790E+01  1.3849E+43  1.0708E+43  1.2079E+38  3.1409E+42
  1.7780E+01  1.2732E+43  1.0165E+43  9.0811E+37  2.5663E+42
  1.8840E+01  1.1377E+43  9.2883E+42  6.9362E+37  2.0888E+42
  1.9950E+01  9.8668E+42  8.1655E+42  5.1980E+37  1.7013E+42
  2.1130E+01  8.4797E+42  7.0970E+42  3.7589E+37  1.3827E+42
  2.2390E+01  7.2966E+42  6.1763E+42  2.6869E+37  1.1203E+42
  2.3710E+01  6.2884E+42  5.3798E+42  1.9024E+37  9.0864E+41
  2.5120E+01  5.4074E+42  4.6726E+42  1.3392E+37  7.3479E+41
  2.6610E+01  4.6332E+42  4.0394E+42  9.3382E+36  5.9383E+41
  2.8180E+01  3.9542E+42  3.4742E+42  6.4802E+36  4.7994E+41
  2.9850E+01  3.3501E+42  2.9629E+42  4.4634E+36  3.8717E+41
  3.1620E+01  2.8126E+42  2.5006E+42  3.0435E+36  3.1199E+41
  3.3500E+01  2.3372E+42  2.0862E+42  2.0538E+36  2.5106E+41
  3.5480E+01  1.9237E+42  1.7216E+42  1.3729E+36  2.0210E+41
  3.7580E+01  1.5649E+42  1.4023E+42  9.0737E+35  1.6253E+41
  3.9810E+01  1.2559E+42  1.1254E+42  5.9257E+35  1.3054E+41
  4.2170E+01  9.9659E+41  8.9179E+41  3.8248E+35  1.0479E+41
  4.4670E+01  7.8244E+41  6.9837E+41  2.4385E+35  8.4074E+40
  4.7320E+01  6.0857E+41  5.4117E+41  1.5379E+35  6.7400E+40
  5.0120E+01  4.6959E+41  4.1555E+41  9.6071E+34  5.4034E+40
  5.3090E+01  3.5953E+41  3.1624E+41  5.9470E+34  4.3282E+40
  5.6230E+01  2.7364E+41  2.3897E+41  3.6539E+34  3.4667E+40
  5.9570E+01  2.0692E+41  1.7919E+41  2.2276E+34  2.7728E+40
  6.3100E+01  1.5584E+41  1.3366E+41  1.3510E+34  2.2180E+40
  6.6830E+01  1.1698E+41  9.9234E+40  8.1581E+33  1.7744E+40
  7.0790E+01  8.7529E+40  7.3346E+40  4.9059E+33  1.4183E+40
  7.4990E+01  6.5315E+40  5.3985E+40  2.9404E+33  1.1329E+40
  7.9430E+01  4.8672E+40  3.9622E+40  1.7592E+33  9.0505E+39
  8.4140E+01  3.6220E+40  2.8994E+40  1.0503E+33  7.2256E+39
  8.9130E+01  2.6945E+40  2.1179E+40  6.2676E+32  5.7665E+39
  9.4410E+01  2.0045E+40  1.5443E+40  3.7392E+32  4.6021E+39
  1.0000E+02  1.4914E+40  1.1242E+40  2.2307E+32  3.6722E+39
  1.0590E+02  1.1113E+40  8.1811E+39  1.3329E+32  2.9317E+39
  1.1220E+02  8.2825E+39  5.9468E+39  7.9616E+31  2.3358E+39
  1.1890E+02  6.1871E+39  4.3281E+39  4.7653E+31  1.8590E+39
  1.2590E+02  4.6548E+39  3.1710E+39  2.8720E+31  1.4838E+39
  1.3340E+02  3.5115E+39  2.3304E+39  1.7371E+31  1.1811E+39
  1.4130E+02  2.6425E+39  1.7013E+39  1.0526E+31  9.4117E+38
  1.4960E+02  1.9694E+39  1.2182E+39  6.3233E+30  7.5121E+38
  1.5850E+02  1.4640E+39  8.6616E+38  3.7799E+30  5.9781E+38
  1.7780E+02  8.2183E+38  4.4241E+38  1.3687E+30  3.7942E+38
  1.9950E+02  4.6724E+38  2.2680E+38  5.0155E+29  2.4043E+38
  2.2390E+02  2.6837E+38  1.1622E+38  1.8564E+29  1.5216E+38
  2.5120E+02  1.5593E+38  5.9557E+37  6.9446E+28  9.6376E+37
  2.8180E+02  9.1527E+37  3.0484E+37  2.6218E+28  6.1043E+37
  3.1620E+02  5.4184E+37  1.5567E+37  9.9686E+27  3.8617E+37
  3.5480E+02  3.2361E+37  7.9397E+36  3.8163E+27  2.4421E+37
  3.9810E+02  1.9486E+37  4.0441E+36  1.4708E+27  1.5442E+37
  4.4670E+02  1.1817E+37  2.0571E+36  5.6991E+26  9.7603E+36
  5.0120E+02  7.2149E+36  1.0454E+36  2.2194E+26  6.1695E+36
  5.6230E+02  4.4313E+36  5.3099E+35  8.6786E+25  3.9003E+36
  6.3100E+02  2.7321E+36  2.6918E+35  3.4026E+25  2.4629E+36
  7.0790E+02  1.6933E+36  1.3648E+35  1.3393E+25  1.5568E+36
  7.9430E+02  1.0523E+36  6.9094E+34  5.2802E+24  9.8325E+35
  8.9130E+02  6.5571E+35  3.4940E+34  2.0851E+24  6.2077E+35
  1.0000E+03  4.0980E+35  1.7665E+34  8.2527E+23  3.9214E+35
