  1.0000E-03  8.8750E+44  0.0000E+00  1.0882E+43  8.7662E+44
  1.1220E-03  9.9502E+44  0.0000E+00  1.1441E+43  9.8357E+44
  1.2590E-03  1.1155E+45  0.0000E+00  1.1832E+43  1.1037E+45
  1.4130E-03  1.2508E+45  0.0000E+00  1.2071E+43  1.2387E+45
  1.5850E-03  1.4019E+45  0.0000E+00  1.2481E+43  1.3894E+45
  1.7780E-03  1.5738E+45  0.0000E+00  1.5171E+43  1.5586E+45
  1.9950E-03  1.7646E+45  0.0000E+00  1.5776E+43  1.7488E+45
  2.2390E-03  1.9783E+45  0.0000E+00  1.5611E+43  1.9627E+45
  2.5120E-03  2.2217E+45  0.0000E+00  1.9704E+43  2.2020E+45
  2.8180E-03  2.4906E+45  0.0000E+00  2.0354E+43  2.4702E+45
  3.1620E-03  2.7925E+45  0.0000E+00  2.0658E+43  2.7718E+45
  3.5480E-03  3.1310E+45  0.0000E+00  2.0754E+43  3.1103E+45
  3.9810E-03  3.5105E+45  0.0000E+00  2.0649E+43  3.4898E+45
  4.4670E-03  3.9601E+45  0.0000E+00  4.4288E+43  3.9158E+45
  5.0120E-03  4.4421E+45  0.0000E+00  4.8557E+43  4.3936E+45
  5.6230E-03  4.9819E+45  0.0000E+00  5.2696E+43  4.9292E+45
  5.9570E-03  5.2768E+45  0.0000E+00  5.4760E+43  5.2220E+45
  6.6830E-03  5.9175E+45  0.0000E+00  5.9002E+43  5.8585E+45
  7.4990E-03  6.6379E+45  0.0000E+00  6.4071E+43  6.5738E+45
  8.4140E-03  7.4448E+45  0.0000E+00  6.8932E+43  7.3758E+45
  9.4410E-03  8.3499E+45  0.0000E+00  7.3838E+43  8.2761E+45
  1.0590E-02  9.3615E+45  0.0000E+00  7.8173E+43  9.2833E+45
  1.1890E-02  1.0509E+46  0.0000E+00  8.6179E+43  1.0423E+46
  1.3340E-02  1.1786E+46  0.0000E+00  9.2276E+43  1.1694E+46
  1.4960E-02  1.3213E+46  0.0000E+00  9.9310E+43  1.3114E+46
  1.6790E-02  1.4825E+46  0.0000E+00  1.0648E+44  1.4718E+46
  1.8840E-02  1.6629E+46  0.0000E+00  1.1395E+44  1.6515E+46
  2.1130E-02  1.8647E+46  0.0000E+00  1.2310E+44  1.8524E+46
  2.3710E-02  2.0917E+46  0.0000E+00  1.3260E+44  2.0785E+46
  2.6610E-02  2.3469E+46  0.0000E+00  1.4265E+44  2.3326E+46
  2.9850E-02  2.6320E+46  5.4102E-83  1.5321E+44  2.6166E+46
  3.3500E-02  2.9531E+46  3.4102E-68  1.6395E+44  2.9367E+46
  3.7580E-02  3.3119E+46  4.2760E-55  1.7676E+44  3.2942E+46
  4.2170E-02  3.7184E+46  1.8387E-43  2.1677E+44  3.6967E+46
  4.7320E-02  4.1718E+46  4.7223E-33  2.3665E+44  4.1482E+46
  5.3090E-02  4.3449E+46  8.2799E-24  2.3670E+44  4.3212E+46
  6.6830E-02  4.1472E+46  2.8345E-08  2.0368E+44  4.1268E+46
  7.4990E-02  4.0514E+46  9.0742E-02  1.8592E+44  4.0328E+46
  8.4140E-02  3.9592E+46  4.8196E+04  1.8148E+44  3.9410E+46
  9.4410E-02  3.8693E+46  5.8641E+09  1.8025E+44  3.8513E+46
  1.0590E-01  3.5235E+46  1.7309E+14  1.7971E+44  3.5055E+46
  1.1890E-01  2.9622E+46  1.4213E+18  1.5411E+44  2.9467E+46
  1.3340E-01  2.4929E+46  3.1203E+21  1.3316E+44  2.4795E+46
  1.4960E-01  2.0979E+46  3.7289E+24  1.0047E+44  2.0878E+46
  1.5850E-01  1.9231E+46  1.1043E+26  8.6016E+43  1.9145E+46
  1.7780E-01  1.6183E+46  5.5045E+28  6.8402E+43  1.6114E+46
  1.9950E-01  1.3609E+46  1.4729E+31  5.0835E+43  1.3558E+46
  2.2390E-01  1.1449E+46  1.7043E+33  4.5999E+43  1.1403E+46
  2.3710E-01  1.0513E+46  1.1791E+34  4.8623E+43  1.0464E+46
  2.5120E-01  9.6443E+45  7.0340E+34  4.8518E+43  9.5958E+45
  2.6610E-01  8.8471E+45  3.8772E+35  4.5930E+43  8.8012E+45
  2.8180E-01  8.1186E+45  1.9444E+36  4.2546E+43  8.0761E+45
  2.9850E-01  7.4472E+45  8.8511E+36  3.9344E+43  7.4079E+45
  3.1620E-01  6.8313E+45  3.6150E+37  3.6675E+43  6.7947E+45
  3.3500E-01  6.2651E+45  1.3464E+38  3.4238E+43  6.2308E+45
  3.5480E-01  5.7484E+45  4.5862E+38  3.1954E+43  5.7165E+45
  3.7580E-01  5.2740E+45  1.4437E+39  2.9841E+43  5.2442E+45
  3.9810E-01  4.8377E+45  4.1843E+39  2.7947E+43  4.8097E+45
  4.2170E-01  4.4379E+45  1.1145E+40  2.6260E+43  4.4116E+45
  4.4670E-01  4.0714E+45  2.7517E+40  2.4775E+43  4.0466E+45
  4.7320E-01  3.7349E+45  6.3866E+40  2.3367E+43  3.7115E+45
  5.0120E-01  3.4269E+45  1.3971E+41  2.2010E+43  3.4048E+45
  5.3090E-01  3.1442E+45  2.8958E+41  2.0712E+43  3.1232E+45
  5.6230E-01  2.8852E+45  5.6793E+41  1.9502E+43  2.8651E+45
  5.9570E-01  2.6470E+45  1.0610E+42  1.8359E+43  2.6276E+45
  6.3100E-01  2.4295E+45  1.8867E+42  1.7276E+43  2.4103E+45
  6.6830E-01  2.2308E+45  3.1979E+42  1.6244E+43  2.2114E+45
  7.0790E-01  2.0489E+45  5.1893E+42  1.5289E+43  2.0284E+45
  7.4990E-01  1.8829E+45  8.0737E+42  1.4391E+43  1.8605E+45
  7.9430E-01  1.7322E+45  1.2060E+43  1.3546E+43  1.7066E+45
  8.4140E-01  1.5954E+45  1.7363E+43  1.2760E+43  1.5653E+45
  8.9130E-01  1.4719E+45  2.4166E+43  1.2031E+43  1.4357E+45
  9.4410E-01  1.3609E+45  3.2516E+43  1.1359E+43  1.3170E+45
  1.0000E+00  1.2612E+45  4.2375E+43  1.0730E+43  1.2081E+45
  1.0590E+00  1.1723E+45  5.3599E+43  1.0151E+43  1.1086E+45
  1.1220E+00  1.0924E+45  6.6222E+43  9.6036E+42  1.0165E+45
  1.1890E+00  1.0209E+45  8.0033E+43  9.0722E+42  9.3183E+44
  1.2590E+00  9.5810E+44  9.4352E+43  8.5429E+42  8.5520E+44
  1.3340E+00  9.0119E+44  1.0906E+44  8.0275E+42  7.8411E+44
  1.4130E+00  8.5003E+44  1.2322E+44  7.5366E+42  7.1927E+44
  1.4960E+00  8.0387E+44  1.3656E+44  7.0586E+42  6.6026E+44
  1.5850E+00  7.6137E+44  1.4935E+44  6.5793E+42  6.0543E+44
  1.6790E+00  7.2222E+44  1.6082E+44  6.0905E+42  5.5530E+44
  1.7780E+00  6.8575E+44  1.7059E+44  5.5829E+42  5.0957E+44
  1.8840E+00  6.5129E+44  1.7905E+44  5.0563E+42  4.6719E+44
  1.9950E+00  6.1901E+44  1.8574E+44  4.5173E+42  4.2875E+44
  2.1130E+00  5.8816E+44  1.9085E+44  3.9752E+42  3.9333E+44
  2.2390E+00  5.5816E+44  1.9411E+44  3.4414E+42  3.6061E+44
  2.3710E+00  5.2917E+44  1.9533E+44  2.9304E+42  3.3092E+44
  2.5120E+00  5.0060E+44  1.9470E+44  2.4556E+42  3.0344E+44
  2.6610E+00  4.7239E+44  1.9205E+44  2.0259E+42  2.7832E+44
  2.8180E+00  4.4434E+44  1.8731E+44  1.6463E+42  2.5538E+44
  2.9850E+00  4.1642E+44  1.8084E+44  1.3191E+42  2.3426E+44
  3.1620E+00  3.8867E+44  1.7276E+44  1.0432E+42  2.1487E+44
  3.3500E+00  3.6170E+44  1.6385E+44  8.1553E+41  1.9704E+44
  3.5480E+00  3.3520E+44  1.5379E+44  6.3084E+41  1.8078E+44
  3.7580E+00  3.0959E+44  1.4327E+44  4.8320E+41  1.6583E+44
  3.9810E+00  2.8497E+44  1.3251E+44  3.6685E+41  1.5210E+44
  4.2170E+00  2.6153E+44  1.2174E+44  2.7639E+41  1.3951E+44
  4.4670E+00  2.3937E+44  1.1120E+44  2.0678E+41  1.2796E+44
  4.7320E+00  2.1864E+44  1.0112E+44  1.5365E+41  1.1737E+44
  5.0120E+00  1.9968E+44  9.1657E+43  1.1367E+41  1.0791E+44
  5.3090E+00  1.7892E+44  8.2811E+43  8.2370E+40  9.6024E+43
  5.6230E+00  1.5956E+44  7.4697E+43  5.9158E+40  8.4805E+43
  5.9570E+00  1.4171E+44  6.7352E+43  4.2136E+40  7.4316E+43
  6.3100E+00  1.2512E+44  6.0377E+43  2.9727E+40  6.4710E+43
  6.6830E+00  1.1062E+44  5.4585E+43  2.0897E+40  5.6014E+43
  7.0790E+00  9.7288E+43  4.9083E+43  1.4506E+40  4.8190E+43
  7.4990E+00  8.6499E+43  4.5260E+43  9.9154E+39  4.1229E+43
  7.9430E+00  8.1550E+43  4.6434E+43  6.7710E+39  3.5109E+43
  8.4140E+00  8.0312E+43  5.0555E+43  4.8530E+39  2.9752E+43
  8.9130E+00  7.7030E+43  5.1922E+43  3.6733E+39  2.5104E+43
  9.4410E+00  7.2517E+43  5.1413E+43  3.0784E+39  2.1101E+43
  1.0000E+01  6.1753E+43  4.4080E+43  2.4006E+39  1.7671E+43
  1.0590E+01  5.1714E+43  3.6954E+43  1.8283E+39  1.4758E+43
  1.1220E+01  4.2850E+43  3.0582E+43  1.2986E+39  1.2267E+43
  1.1890E+01  3.5728E+43  2.5568E+43  9.1039E+38  1.0159E+43
  1.2590E+01  3.0124E+43  2.1712E+43  6.2569E+38  8.4119E+42
  1.3340E+01  2.5644E+43  1.8711E+43  4.2192E+38  6.9319E+42
  1.4130E+01  2.2369E+43  1.6664E+43  2.8033E+38  5.7050E+42
  1.4960E+01  2.0437E+43  1.5745E+43  1.9386E+38  4.6919E+42
  1.5850E+01  1.9002E+43  1.5160E+43  1.4114E+38  3.8414E+42
  1.6790E+01  1.7847E+43  1.4706E+43  1.0785E+38  3.1409E+42
  1.7780E+01  1.6766E+43  1.4200E+43  8.5574E+37  2.5663E+42
  1.8840E+01  1.5602E+43  1.3513E+43  6.8449E+37  2.0888E+42
  1.9950E+01  1.4362E+43  1.2661E+43  5.3321E+37  1.7013E+42
  2.1130E+01  1.3218E+43  1.1836E+43  4.0265E+37  1.3827E+42
  2.2390E+01  1.2203E+43  1.1083E+43  3.0257E+37  1.1203E+42
  2.3710E+01  1.1281E+43  1.0372E+43  2.2593E+37  9.0864E+41
  2.5120E+01  1.0387E+43  9.6525E+42  1.6795E+37  7.3479E+41
  2.6610E+01  9.5057E+42  8.9118E+42  1.2354E+37  5.9383E+41
  2.8180E+01  8.6272E+42  8.1472E+42  9.0203E+36  4.7994E+41
  2.9850E+01  7.7383E+42  7.3511E+42  6.5143E+36  3.8717E+41
  3.1620E+01  6.8469E+42  6.5349E+42  4.6371E+36  3.1199E+41
  3.3500E+01  5.9672E+42  5.7161E+42  3.2513E+36  2.5106E+41
  3.5480E+01  5.1239E+42  4.9218E+42  2.2463E+36  2.0210E+41
  3.7580E+01  4.3306E+42  4.1681E+42  1.5275E+36  1.6253E+41
  3.9810E+01  3.5993E+42  3.4688E+42  1.0222E+36  1.3054E+41
  4.2170E+01  2.9479E+42  2.8431E+42  6.7365E+35  1.0479E+41
  4.4670E+01  2.3817E+42  2.2977E+42  4.3716E+35  8.4074E+40
  4.7320E+01  1.9011E+42  1.8337E+42  2.7989E+35  6.7400E+40
  5.0120E+01  1.5013E+42  1.4472E+42  1.7707E+35  5.4034E+40
  5.3090E+01  1.1734E+42  1.1301E+42  1.1077E+35  4.3282E+40
  5.6230E+01  9.0951E+41  8.7484E+41  6.8641E+34  3.4667E+40
  5.9570E+01  6.9888E+41  6.7115E+41  4.2133E+34  2.7728E+40
  6.3100E+01  5.3364E+41  5.1146E+41  2.5682E+34  2.2180E+40
  6.6830E+01  4.0522E+41  3.8748E+41  1.5561E+34  1.7744E+40
  7.0790E+01  3.0609E+41  2.9191E+41  9.3742E+33  1.4183E+40
  7.4990E+01  2.3011E+41  2.1878E+41  5.6194E+33  1.1329E+40
  7.9430E+01  1.7238E+41  1.6333E+41  3.3568E+33  9.0505E+39
  8.4140E+01  1.2870E+41  1.2147E+41  1.9977E+33  7.2256E+39
  8.9130E+01  9.5862E+40  9.0095E+40  1.1863E+33  5.7665E+39
  9.4410E+01  7.1259E+40  6.6657E+40  7.0305E+32  4.6021E+39
  1.0000E+02  5.2867E+40  4.9195E+40  4.1588E+32  3.6722E+39
  1.0590E+02  3.9202E+40  3.6271E+40  2.4596E+32  2.9317E+39
  1.1220E+02  2.9032E+40  2.6696E+40  1.4522E+32  2.3358E+39
  1.1890E+02  2.1524E+40  1.9665E+40  8.5848E+31  1.8590E+39
  1.2590E+02  1.6060E+40  1.4576E+40  5.1083E+31  1.4838E+39
  1.3340E+02  1.2017E+40  1.0836E+40  3.0523E+31  1.1811E+39
  1.4130E+02  8.9331E+39  7.9919E+39  1.8188E+31  9.4117E+38
  1.4960E+02  6.5219E+39  5.7707E+39  1.0639E+31  7.5121E+38
  1.5850E+02  4.7329E+39  4.1351E+39  6.1703E+30  5.9781E+38
  1.7780E+02  2.5232E+39  2.1438E+39  2.0974E+30  3.7942E+38
  1.9950E+02  1.3544E+39  1.1140E+39  7.1796E+29  2.4043E+38
  2.2390E+02  7.2992E+38  5.7777E+38  2.4690E+29  1.5216E+38
  2.5120E+02  3.9562E+38  2.9925E+38  8.5425E+28  9.6376E+37
  2.8180E+02  2.1564E+38  1.5460E+38  2.9738E+28  6.1043E+37
  3.1620E+02  1.1821E+38  7.9595E+37  1.0416E+28  3.8617E+37
  3.5480E+02  6.5307E+37  4.0886E+37  3.6762E+27  2.4421E+37
  3.9810E+02  3.6397E+37  2.0956E+37  1.3095E+27  1.5442E+37
  4.4670E+02  2.0478E+37  1.0718E+37  4.7090E+26  9.7603E+36
  5.0120E+02  1.1643E+37  5.4732E+36  1.7108E+26  6.1695E+36
  5.6230E+02  6.6919E+36  2.7916E+36  6.2794E+25  3.9003E+36
  6.3100E+02  3.8834E+36  1.4204E+36  2.3260E+25  2.4629E+36
  7.0790E+02  2.2793E+36  7.2256E+35  8.7080E+24  1.5568E+36
  7.9430E+02  1.3501E+36  3.6684E+35  3.2865E+24  9.8325E+35
  8.9130E+02  8.0675E+35  1.8598E+35  1.2500E+24  6.2077E+35
  1.0000E+03  4.8637E+35  9.4236E+34  4.7925E+23  3.9214E+35
