  1.0000E-03  1.1652E+42  0.0000E+00  1.0446E+42  1.2055E+41
  1.1220E-03  4.1359E+41  0.0000E+00  3.9933E+41  1.4258E+40
  1.2590E-03  1.5884E+41  0.0000E+00  1.5737E+41  1.4616E+39
  1.4130E-03  6.3938E+40  0.0000E+00  6.3803E+40  1.3477E+38
  1.5850E-03  3.1852E+40  0.0000E+00  3.1834E+40  1.8021E+37
  1.7780E-03  3.5817E+40  0.0000E+00  3.5807E+40  9.6353E+36
  1.9950E-03  1.1848E+40  0.0000E+00  1.1848E+40  1.6787E+35
  2.2390E-03  4.6008E+39  0.0000E+00  4.6008E+39  7.7374E+33
  2.5120E-03  5.3965E+39  0.0000E+00  5.3965E+39  2.1051E+33
  2.8180E-03  1.4446E+39  0.0000E+00  1.4446E+39  6.2697E+30
  3.1620E-03  4.3986E+38  0.0000E+00  4.3986E+38  3.4287E+28
  3.5480E-03  1.4404E+38  0.0000E+00  1.4404E+38  2.5595E+26
  3.9810E-03  5.1987E+37  0.0000E+00  5.1987E+37  3.0318E+24
  4.4670E-03  1.0219E+40  0.0000E+00  1.0219E+40  2.6285E+32
  5.0120E-03  2.8347E+39  0.0000E+00  2.8347E+39  4.8706E+29
  5.6230E-03  8.1216E+38  0.0000E+00  8.1216E+38  9.5206E+26
  5.9570E-03  4.4948E+38  0.0000E+00  4.4948E+38  4.8343E+25
  6.6830E-03  1.5797E+38  0.0000E+00  1.5797E+38  2.3728E+23
  7.4990E-03  7.1276E+37  0.0000E+00  7.1276E+37  3.5640E+21
  8.4140E-03  2.7796E+37  0.0000E+00  2.7796E+37  2.4196E+19
  9.4410E-03  1.2821E+37  0.0000E+00  1.2821E+37  4.4246E+17
  1.0590E-02  8.0442E+36  0.0000E+00  8.0442E+36  7.1429E+16
  1.1890E-02  4.0351E+36  0.0000E+00  4.0351E+36  7.7564E+14
  1.3340E-02  2.1269E+36  0.0000E+00  2.1269E+36  2.6289E+13
  1.4960E-02  1.0124E+36  0.0000E+00  1.0124E+36  3.5717E+11
  1.6790E-02  5.0252E+35  0.0000E+00  5.0252E+35  7.1807E+09
  1.8840E-02  2.6620E+35  0.0000E+00  2.6620E+35  2.3914E+08
  2.1130E-02  1.4102E+35  0.0000E+00  1.4102E+35  5.1234E+06
  2.3710E-02  7.1566E+34  0.0000E+00  7.1566E+34  9.3656E+04
  2.6610E-02  3.4086E+34  0.0000E+00  3.4086E+34  1.1814E+03
  2.9850E-02  1.6286E+34  0.0000E+00  1.6286E+34  1.5932E+01
  3.3500E-02  7.6298E+33  0.0000E+00  7.6298E+33  1.9955E-01
  3.7580E-02  6.4508E+33  0.0000E+00  6.4508E+33  6.7795E-02
  4.2170E-02  4.2553E+33  0.0000E+00  4.2553E+33  8.0413E-04
  4.7320E-02  7.6261E+32  9.3003E-87  7.6261E+32  2.0541E-08
  5.3090E-02  9.1728E+31  4.8492E-83  9.1728E+31  6.0195E-14
  6.6830E-02  2.8715E+28  2.3896E-89  2.8715E+28  7.1008E-36
  7.4990E-02  1.5870E+26  0.0000E+00  1.5870E+26  7.0493E-50
  8.4140E-02  5.1228E+26  1.2604E-87  5.1228E+26  2.0544E-46
  9.4410E-02  1.2767E+27  3.6126E-80  1.2767E+27  5.2017E-44
  1.0590E-01  5.2852E+28  5.1756E-66  5.2852E+28  2.8533E-34
  1.1890E-01  2.9170E+30  4.5903E-51  2.9170E+30  3.0062E-23
  1.3340E-01  5.7953E+31  1.0751E-39  5.7953E+31  2.8083E-15
  1.4960E-01  3.3512E+32  1.8968E-31  3.3512E+32  3.6338E-10
  1.5850E-01  4.4024E+32  4.9776E-29  4.4024E+32  2.9691E-09
  1.7780E-01  2.0608E+32  7.0149E-28  2.0608E+32  6.7513E-11
  1.9950E-01  3.5742E+30  1.0871E-34  3.5742E+30  2.9230E-20
  2.2390E-01  3.2828E+29  3.1492E-38  3.2828E+29  5.8270E-26
  2.3710E-01  5.1012E+30  1.6653E-30  5.1012E+30  4.3147E-19
  2.5120E-01  8.0134E+31  1.5229E-22  8.0134E+31  6.2916E-12
  2.6610E-01  4.8282E+32  6.3114E-17  4.8282E+32  4.4106E-07
  2.8180E-01  1.6679E+33  1.0702E-12  1.6679E+33  1.3773E-03
  2.9850E-01  4.3785E+33  2.9994E-09  4.3785E+33  7.7972E-01
  3.1620E-01  1.0557E+34  3.9010E-06  1.0557E+34  2.2799E+02
  3.3500E-01  2.3775E+34  2.8754E-03  2.3775E+34  4.1417E+04
  3.5480E-01  4.9018E+34  1.1176E+00  4.9018E+34  4.3439E+06
  3.7580E-01  1.0002E+35  3.7208E+02  1.0002E+35  4.2202E+08
  3.9810E-01  1.9417E+35  7.5632E+04  1.9417E+35  2.7212E+10
  4.2170E-01  4.0084E+35  1.9393E+07  4.0084E+35  2.4069E+12
  4.4670E-01  8.2404E+35  3.8817E+09  8.2404E+35  1.7949E+14
  4.7320E-01  1.6790E+36  6.5443E+11  1.6790E+36  1.1997E+16
  5.0120E-01  3.3543E+36  8.8969E+13  3.3543E+36  6.8629E+17
  5.3090E-01  6.7762E+36  1.1698E+16  6.7762E+36  4.0047E+19
  5.6230E-01  1.3100E+37  1.0345E+18  1.3100E+37  1.6622E+21
  5.9570E-01  2.4675E+37  7.0823E+19  2.4675E+37  5.6069E+22
  6.3100E-01  4.6201E+37  4.2359E+21  4.6201E+37  1.7364E+24
  6.6830E-01  8.5686E+37  2.2025E+23  8.5686E+37  4.9042E+25
  7.0790E-01  1.5743E+38  9.5963E+24  1.5743E+38  1.2128E+27
  7.4990E-01  2.8024E+38  3.1884E+26  2.8024E+38  2.3873E+28
  7.9430E-01  4.9200E+38  8.9730E+27  4.9200E+38  4.1495E+29
  8.4140E-01  8.5539E+38  2.1948E+29  8.5539E+38  6.5077E+30
  8.9130E-01  1.5045E+39  5.1546E+30  1.5045E+39  1.0145E+32
  9.4410E-01  2.6064E+39  1.0170E+32  2.6064E+39  1.3755E+33
  1.0000E+00  4.3633E+39  1.5548E+33  4.3633E+39  1.4930E+34
  1.0590E+00  7.1378E+39  1.8982E+34  7.1376E+39  1.3352E+35
  1.1220E+00  1.1528E+40  1.9458E+35  1.1527E+40  1.0271E+36
  1.1890E+00  1.8499E+40  1.7166E+36  1.8491E+40  6.9590E+36
  1.2590E+00  2.9851E+40  1.3457E+37  2.9795E+40  4.3062E+37
  1.3340E+00  4.8101E+40  8.8306E+37  4.7785E+40  2.2760E+38
  1.4130E+00  7.6977E+40  4.6725E+38  7.5516E+40  9.9399E+38
  1.4960E+00  1.2394E+41  2.0728E+39  1.1815E+41  3.7188E+39
  1.5850E+00  2.0433E+41  8.0200E+39  1.8400E+41  1.2311E+40
  1.6790E+00  3.5060E+41  2.7577E+40  2.8612E+41  3.6895E+40
  1.7780E+00  6.2722E+41  8.4692E+40  4.4192E+41  1.0062E+41
  1.8840E+00  1.1524E+42  2.3266E+41  6.7092E+41  2.4879E+41
  1.9950E+00  2.1180E+42  5.7065E+41  9.8909E+41  5.5830E+41
  2.1130E+00  3.7874E+42  1.2530E+42  1.3981E+42  1.1363E+42
  2.2390E+00  6.4555E+42  2.4730E+42  1.8761E+42  2.1064E+42
  2.3710E+00  1.0365E+43  4.4117E+42  2.3742E+42  3.5794E+42
  2.5120E+00  1.5617E+43  7.1803E+42  2.8292E+42  5.6079E+42
  2.6610E+00  2.2133E+43  1.0764E+43  3.1819E+42  8.1877E+42
  2.8180E+00  2.9663E+43  1.5016E+43  3.3922E+42  1.1255E+43
  2.9850E+00  3.7778E+43  1.9671E+43  3.4432E+42  1.4665E+43
  3.1620E+00  4.6045E+43  2.4417E+43  3.3489E+42  1.8279E+43
  3.3500E+00  5.3801E+43  2.8866E+43  3.1248E+42  2.1810E+43
  3.5480E+00  6.0939E+43  3.2842E+43  2.8275E+42  2.5270E+43
  3.7580E+00  6.7007E+43  3.6094E+43  2.4828E+42  2.8430E+43
  3.9810E+00  7.1804E+43  3.8491E+43  2.1238E+42  3.1190E+43
  4.2170E+00  7.5282E+43  4.0008E+43  1.7765E+42  3.3498E+43
  4.4670E+00  7.7467E+43  4.0683E+43  1.4572E+42  3.5327E+43
  4.7320E+00  7.8333E+43  4.0552E+43  1.1726E+42  3.6609E+43
  5.0120E+00  7.8106E+43  3.9733E+43  9.2913E+41  3.7444E+43
  5.3090E+00  7.5576E+43  3.8315E+43  7.1362E+41  3.6547E+43
  5.6230E+00  7.1924E+43  3.6447E+43  5.3782E+41  3.4939E+43
  5.9570E+00  6.7388E+43  3.4262E+43  3.9810E+41  3.2728E+43
  6.3100E+00  6.2387E+43  3.1831E+43  2.9042E+41  3.0266E+43
  6.6830E+00  5.7386E+43  2.9628E+43  2.0967E+41  2.7548E+43
  7.0790E+00  5.2298E+43  2.7330E+43  1.4899E+41  2.4819E+43
  7.4990E+00  4.5188E+43  2.4242E+43  9.8769E+40  2.0847E+43
  7.9430E+00  3.0828E+43  1.7904E+43  5.0959E+40  1.2873E+43
  8.4140E+00  1.5384E+43  1.0004E+43  2.0510E+40  5.3597E+42
  8.9130E+00  7.5061E+42  5.3181E+42  8.8803E+39  2.1791E+42
  9.4410E+00  3.7299E+42  2.8233E+42  4.4735E+39  9.0209E+41
  1.0000E+01  4.4153E+42  3.3603E+42  4.4870E+39  1.0505E+42
  1.0590E+01  5.8380E+42  4.4197E+42  4.8823E+39  1.4134E+42
  1.1220E+01  7.9249E+42  5.9257E+42  5.1446E+39  1.9941E+42
  1.1890E+01  9.4064E+42  6.9723E+42  4.8024E+39  2.4293E+42
  1.2590E+01  1.0531E+43  7.7705E+42  4.1636E+39  2.7567E+42
  1.3340E+01  1.1010E+43  8.1389E+42  3.3244E+39  2.8677E+42
  1.4130E+01  1.0683E+43  8.0186E+42  2.4056E+39  2.6621E+42
  1.4960E+01  9.3747E+42  7.3132E+42  1.5951E+39  2.0599E+42
  1.5850E+01  8.0813E+42  6.5766E+42  1.0783E+39  1.5036E+42
  1.6790E+01  7.0306E+42  5.9501E+42  7.6306E+38  1.0797E+42
  1.7780E+01  6.3812E+42  5.5738E+42  5.8089E+38  8.0680E+41
  1.8840E+01  6.1870E+42  5.5284E+42  4.7625E+38  6.5810E+41
  1.9950E+01  6.3474E+42  5.7575E+42  4.0461E+38  5.8952E+41
  2.1130E+01  6.5674E+42  6.0346E+42  3.3653E+38  5.3241E+41
  2.2390E+01  6.7532E+42  6.2828E+42  2.7653E+38  4.7006E+41
  2.3710E+01  6.9183E+42  6.5081E+42  2.2498E+38  4.1002E+41
  2.5120E+01  7.0457E+42  6.6929E+42  1.8200E+38  3.5263E+41
  2.6610E+01  7.1322E+42  6.8310E+42  1.4581E+38  3.0111E+41
  2.8180E+01  7.1593E+42  6.9037E+42  1.1599E+38  2.5544E+41
  2.9850E+01  7.1123E+42  6.8969E+42  9.1421E+37  2.1531E+41
  3.1620E+01  6.9814E+42  6.8004E+42  7.1169E+37  1.8084E+41
  3.3500E+01  6.7600E+42  6.6086E+42  5.4674E+37  1.5133E+41
  3.5480E+01  6.4518E+42  6.3254E+42  4.1426E+37  1.2640E+41
  3.7580E+01  6.0656E+42  5.9602E+42  3.0934E+37  1.0539E+41
  3.9810E+01  5.6088E+42  5.5210E+42  2.2758E+37  8.7803E+40
  4.2170E+01  5.1048E+42  5.0317E+42  1.6482E+37  7.3051E+40
  4.4670E+01  4.5745E+42  4.5139E+42  1.1741E+37  6.0655E+40
  4.7320E+01  4.0395E+42  3.9893E+42  8.2362E+36  5.0227E+40
  5.0120E+01  3.5172E+42  3.4757E+42  5.6936E+36  4.1503E+40
  5.3090E+01  3.0205E+42  2.9863E+42  3.8802E+36  3.4187E+40
  5.6230E+01  2.5617E+42  2.5336E+42  2.6100E+36  2.8091E+40
  5.9570E+01  2.1455E+42  2.1225E+42  1.7329E+36  2.2997E+40
  6.3100E+01  1.7775E+42  1.7587E+42  1.1376E+36  1.8785E+40
  6.6830E+01  1.4576E+42  1.4423E+42  7.3909E+35  1.5313E+40
  7.0790E+01  1.1840E+42  1.1716E+42  4.7546E+35  1.2447E+40
  7.4990E+01  9.5293E+41  9.4284E+41  3.0303E+35  1.0092E+40
  7.9430E+01  7.6081E+41  7.5264E+41  1.9159E+35  8.1692E+39
  8.4140E+01  6.0277E+41  5.9617E+41  1.2017E+35  6.5988E+39
  8.9130E+01  4.7448E+41  4.6916E+41  7.4895E+34  5.3209E+39
  9.4410E+01  3.7116E+41  3.6688E+41  4.6388E+34  4.2853E+39
  1.0000E+02  2.8861E+41  2.8517E+41  2.8561E+34  3.4471E+39
  1.0590E+02  2.2340E+41  2.2063E+41  1.7509E+34  2.7716E+39
  1.1220E+02  1.7212E+41  1.6990E+41  1.0681E+34  2.2219E+39
  1.1890E+02  1.3230E+41  1.3053E+41  6.5011E+33  1.7779E+39
  1.2590E+02  1.0192E+41  1.0050E+41  3.9675E+33  1.4257E+39
  1.3340E+02  7.8531E+40  7.7392E+40  2.4255E+33  1.1393E+39
  1.4130E+02  5.9923E+40  5.9011E+40  1.4738E+33  9.1121E+38
  1.4960E+02  4.4753E+40  4.4023E+40  8.7554E+32  7.3005E+38
  1.5850E+02  3.3132E+40  3.2550E+40  5.1425E+32  5.8295E+38
  1.7780E+02  1.8211E+40  1.7839E+40  1.7772E+32  3.7202E+38
  1.9950E+02  9.9623E+39  9.7256E+39  6.1179E+31  2.3673E+38
  2.2390E+02  5.4094E+39  5.2591E+39  2.0934E+31  1.5030E+38
  2.5120E+02  2.9199E+39  2.8245E+39  7.1282E+30  9.5442E+37
  2.8180E+02  1.5667E+39  1.5061E+39  2.4157E+30  6.0573E+37
  3.1620E+02  8.3568E+38  7.9730E+38  8.1480E+29  3.8381E+37
  3.5480E+02  4.4398E+38  4.1968E+38  2.7401E+29  2.4302E+37
  3.9810E+02  2.3514E+38  2.1976E+38  9.2013E+28  1.5382E+37
  4.4670E+02  1.2427E+38  1.1454E+38  3.0879E+28  9.7302E+36
  5.0120E+02  6.5621E+37  5.9466E+37  1.0373E+28  6.1543E+36
  5.6230E+02  3.4668E+37  3.0776E+37  3.4922E+27  3.8927E+36
  6.3100E+02  1.8322E+37  1.5863E+37  1.1788E+27  2.4591E+36
  7.0790E+02  9.7159E+36  8.1610E+36  4.0020E+26  1.5549E+36
  7.9430E+02  5.1673E+36  4.1850E+36  1.3658E+26  9.8228E+35
  8.9130E+02  2.7608E+36  2.1406E+36  4.6938E+25  6.2028E+35
  1.0000E+03  1.4850E+36  1.0932E+36  1.6279E+25  3.9189E+35
