  1.0000E-03  9.1028E+44  2.6559E+00  3.3659E+43  8.7662E+44
  1.1220E-03  1.0144E+45  2.0566E+00  3.0868E+43  9.8357E+44
  1.2590E-03  1.1321E+45  1.6072E+00  2.8417E+43  1.1037E+45
  1.4130E-03  1.2650E+45  1.2688E+00  2.6264E+43  1.2387E+45
  1.5850E-03  1.4146E+45  1.0487E+00  2.5156E+43  1.3894E+45
  1.7780E-03  1.5874E+45  9.8279E-01  2.8792E+43  1.5586E+45
  1.9950E-03  1.7758E+45  6.9984E-01  2.6994E+43  1.7488E+45
  2.2390E-03  1.9878E+45  5.5632E-01  2.5089E+43  1.9627E+45
  2.5120E-03  2.2310E+45  5.0888E-01  2.9029E+43  2.2020E+45
  2.8180E-03  2.4976E+45  3.8593E-01  2.7363E+43  2.4702E+45
  3.1620E-03  2.7977E+45  3.2640E-01  2.5892E+43  2.7718E+45
  3.5480E-03  3.1347E+45  2.9359E-01  2.4399E+43  3.1103E+45
  3.9810E-03  3.5126E+45  2.7651E-01  2.2764E+43  3.4898E+45
  4.4670E-03  4.0012E+45  2.2049E+00  8.5347E+43  3.9158E+45
  5.0120E-03  4.4798E+45  1.3195E+00  8.6255E+43  4.3936E+45
  5.6230E-03  5.0218E+45  9.1445E-01  9.2524E+43  4.9292E+45
  5.9570E-03  5.3190E+45  8.0978E-01  9.6931E+43  5.2220E+45
  6.6830E-03  5.9657E+45  7.0816E-01  1.0719E+44  5.8585E+45
  7.4990E-03  6.6931E+45  6.8035E-01  1.1928E+44  6.5738E+45
  8.4140E-03  7.5072E+45  6.7493E-01  1.3139E+44  7.3758E+45
  9.4410E-03  8.4189E+45  6.9168E-01  1.4277E+44  8.2761E+45
  1.0590E-02  9.4353E+45  7.2780E-01  1.5205E+44  9.2833E+45
  1.1890E-02  1.0588E+46  7.5466E-01  1.6505E+44  1.0423E+46
  1.3340E-02  1.1869E+46  7.8941E-01  1.7500E+44  1.1694E+46
  1.4960E-02  1.3300E+46  8.2229E-01  1.8550E+44  1.3114E+46
  1.6790E-02  1.4914E+46  8.6043E-01  1.9545E+44  1.4718E+46
  1.8840E-02  1.6720E+46  9.0373E-01  2.0509E+44  1.6515E+46
  2.1130E-02  1.8739E+46  9.4857E-01  2.1593E+44  1.8524E+46
  2.3710E-02  2.1011E+46  9.9637E-01  2.2682E+44  2.0785E+46
  2.6610E-02  2.3564E+46  1.0455E+00  2.3773E+44  2.3326E+46
  2.9850E-02  2.6414E+46  1.0957E+00  2.4784E+44  2.6166E+46
  3.3500E-02  2.9622E+46  1.1424E+00  2.5528E+44  2.9367E+46
  3.7580E-02  3.3206E+46  1.2210E+00  2.6345E+44  3.2942E+46
  4.2170E-02  3.7337E+46  1.5083E+00  3.7042E+44  3.6967E+46
  4.7320E-02  4.1887E+46  1.5822E+00  4.0516E+44  4.1482E+46
  5.3090E-02  4.3603E+46  1.4929E+00  3.9086E+44  4.3212E+46
  6.6830E-02  4.1552E+46  1.0436E+00  2.8402E+44  4.1268E+46
  7.4990E-02  4.0548E+46  9.1041E-01  2.1933E+44  4.0328E+46
  8.4140E-02  3.9628E+46  5.1851E+04  2.1831E+44  3.9410E+46
  9.4410E-02  3.8739E+46  5.8481E+09  2.2670E+44  3.8513E+46
  1.0590E-01  3.5333E+46  1.5071E+14  2.7774E+44  3.5055E+46
  1.1890E-01  2.9715E+46  1.2373E+18  2.4758E+44  2.9467E+46
  1.3340E-01  2.5012E+46  3.1507E+21  2.1641E+44  2.4795E+46
  1.4960E-01  2.1016E+46  4.0784E+24  1.3735E+44  2.0878E+46
  1.5850E-01  1.9251E+46  1.2091E+26  1.0612E+44  1.9145E+46
  1.7780E-01  1.6189E+46  5.6584E+28  7.4900E+43  1.6114E+46
  1.9950E-01  1.3607E+46  1.3337E+31  4.9233E+43  1.3558E+46
  2.2390E-01  1.1450E+46  1.3327E+33  4.6552E+43  1.1403E+46
  2.3710E-01  1.0522E+46  9.3343E+33  5.7899E+43  1.0464E+46
  2.5120E-01  9.6582E+45  5.8720E+34  6.2378E+43  9.5958E+45
  2.6610E-01  8.8602E+45  3.3879E+35  5.9033E+43  8.8012E+45
  2.8180E-01  8.1295E+45  1.7598E+36  5.3409E+43  8.0761E+45
  2.9850E-01  7.4562E+45  8.2526E+36  4.8355E+43  7.4079E+45
  3.1620E-01  6.8392E+45  3.4610E+37  4.4548E+43  6.7947E+45
  3.3500E-01  6.2720E+45  1.3174E+38  4.1178E+43  6.2308E+45
  3.5480E-01  5.7546E+45  4.5551E+38  3.8118E+43  5.7165E+45
  3.7580E-01  5.2795E+45  1.4488E+39  3.5362E+43  5.2442E+45
  3.9810E-01  4.8428E+45  4.2339E+39  3.3028E+43  4.8097E+45
  4.2170E-01  4.4427E+45  1.1352E+40  3.1063E+43  4.4116E+45
  4.4670E-01  4.0761E+45  2.8160E+40  2.9423E+43  4.0466E+45
  4.7320E-01  3.7395E+45  6.5474E+40  2.7909E+43  3.7115E+45
  5.0120E-01  3.4314E+45  1.4318E+41  2.6480E+43  3.4048E+45
  5.3090E-01  3.1487E+45  2.9627E+41  2.5186E+43  3.1232E+45
  5.6230E-01  2.8898E+45  5.7961E+41  2.4088E+43  2.8651E+45
  5.9570E-01  2.6518E+45  1.0795E+42  2.3205E+43  2.6276E+45
  6.3100E-01  2.4348E+45  1.9137E+42  2.2564E+43  2.4103E+45
  6.6830E-01  2.2368E+45  3.2336E+42  2.2214E+43  2.2114E+45
  7.0790E-01  2.0559E+45  5.2359E+42  2.2246E+43  2.0284E+45
  7.4990E-01  1.8913E+45  8.1347E+42  2.2660E+43  1.8605E+45
  7.9430E-01  1.7422E+45  1.2154E+43  2.3471E+43  1.7066E+45
  8.4140E-01  1.6076E+45  1.7524E+43  2.4730E+43  1.5653E+45
  8.9130E-01  1.4866E+45  2.4495E+43  2.6387E+43  1.4357E+45
  9.4410E-01  1.3785E+45  3.3146E+43  2.8386E+43  1.3170E+45
  1.0000E+00  1.2822E+45  4.3463E+43  3.0568E+43  1.2081E+45
  1.0590E+00  1.1968E+45  5.5392E+43  3.2795E+43  1.1086E+45
  1.1220E+00  1.1205E+45  6.9090E+43  3.4915E+43  1.0165E+45
  1.1890E+00  1.0530E+45  8.4485E+43  3.6736E+43  9.3183E+44
  1.2590E+00  9.9434E+44  1.0113E+44  3.8004E+43  8.5520E+44
  1.3340E+00  9.4174E+44  1.1879E+44  3.8847E+43  7.8411E+44
  1.4130E+00  8.9476E+44  1.3627E+44  3.9221E+43  7.1927E+44
  1.4960E+00  8.5255E+44  1.5322E+44  3.9081E+43  6.6026E+44
  1.5850E+00  8.1366E+44  1.6979E+44  3.8438E+43  6.0543E+44
  1.6790E+00  7.7764E+44  1.8512E+44  3.7220E+43  5.5530E+44
  1.7780E+00  7.4359E+44  1.9859E+44  3.5430E+43  5.0957E+44
  1.8840E+00  7.1058E+44  2.1021E+44  3.3174E+43  4.6719E+44
  1.9950E+00  6.7864E+44  2.1934E+44  3.0554E+43  4.2875E+44
  2.1130E+00  6.4695E+44  2.2590E+44  2.7718E+43  3.9333E+44
  2.2390E+00  6.1499E+44  2.2960E+44  2.4787E+43  3.6061E+44
  2.3710E+00  5.8325E+44  2.3046E+44  2.1880E+43  3.3092E+44
  2.5120E+00  5.5136E+44  2.2882E+44  1.9090E+43  3.0344E+44
  2.6610E+00  5.1960E+44  2.2481E+44  1.6468E+43  2.7832E+44
  2.8180E+00  4.8806E+44  2.1864E+44  1.4042E+43  2.5538E+44
  2.9850E+00  4.5683E+44  2.1073E+44  1.1834E+43  2.3426E+44
  3.1620E+00  4.2601E+44  2.0129E+44  9.8585E+42  2.1487E+44
  3.3500E+00  3.9614E+44  1.9100E+44  8.1086E+42  1.9704E+44
  3.5480E+00  3.6707E+44  1.7970E+44  6.5983E+42  1.8078E+44
  3.7580E+00  3.3902E+44  1.6789E+44  5.3052E+42  1.6583E+44
  3.9810E+00  3.1203E+44  1.5572E+44  4.2152E+42  1.5210E+44
  4.2170E+00  2.8625E+44  1.4343E+44  3.3121E+42  1.3951E+44
  4.4670E+00  2.6175E+44  1.3121E+44  2.5744E+42  1.2796E+44
  4.7320E+00  2.3860E+44  1.1925E+44  1.9774E+42  1.1737E+44
  5.0120E+00  2.1714E+44  1.0773E+44  1.5036E+42  1.0791E+44
  5.3090E+00  1.9380E+44  9.6662E+43  1.1169E+42  9.6024E+43
  5.6230E+00  1.7186E+44  8.6235E+43  8.1748E+41  8.4805E+43
  5.9570E+00  1.5144E+44  7.6536E+43  5.8971E+41  7.4316E+43
  6.3100E+00  1.3248E+44  6.7353E+43  4.1983E+41  6.4710E+43
  6.6830E+00  1.1586E+44  5.9547E+43  2.9637E+41  5.6014E+43
  7.0790E+00  1.0065E+44  5.2251E+43  2.0599E+41  4.8190E+43
  7.4990E+00  8.7359E+43  4.5994E+43  1.3620E+41  4.1229E+43
  7.9430E+00  7.7021E+43  4.1834E+43  7.7619E+40  3.5109E+43
  8.4140E+00  6.9601E+43  3.9808E+43  4.0652E+40  2.9752E+43
  8.9130E+00  6.3563E+43  3.8435E+43  2.4190E+40  2.5104E+43
  9.4410E+00  5.8279E+43  3.7161E+43  1.7049E+40  2.1101E+43
  1.0000E+01  4.9668E+43  3.1983E+43  1.4293E+40  1.7671E+43
  1.0590E+01  4.1834E+43  2.7063E+43  1.2270E+40  1.4758E+43
  1.1220E+01  3.5036E+43  2.2759E+43  1.0151E+40  1.2267E+43
  1.1890E+01  2.9462E+43  1.9295E+43  8.0235E+39  1.0159E+43
  1.2590E+01  2.4908E+43  1.6490E+43  6.0699E+39  8.4119E+42
  1.3340E+01  2.1064E+43  1.4128E+43  4.3550E+39  6.9319E+42
  1.4130E+01  1.8065E+43  1.2357E+43  2.9442E+39  5.7050E+42
  1.4960E+01  1.6109E+43  1.1415E+43  1.9531E+39  4.6919E+42
  1.5850E+01  1.4590E+43  1.0747E+43  1.3431E+39  3.8414E+42
  1.6790E+01  1.3347E+43  1.0205E+43  9.6677E+38  3.1409E+42
  1.7780E+01  1.2237E+43  9.6701E+42  7.3188E+38  2.5663E+42
  1.8840E+01  1.1152E+43  9.0630E+42  5.7192E+38  2.0888E+42
  1.9950E+01  1.0098E+43  8.3964E+42  4.4497E+38  1.7013E+42
  2.1130E+01  9.1709E+42  7.7879E+42  3.3609E+38  1.3827E+42
  2.2390E+01  8.3916E+42  7.2710E+42  2.5161E+38  1.1203E+42
  2.3710E+01  7.7323E+42  6.8234E+42  1.8704E+38  9.0864E+41
  2.5120E+01  7.1446E+42  6.4097E+42  1.3858E+38  7.3479E+41
  2.6610E+01  6.6051E+42  6.0111E+42  1.0190E+38  5.9383E+41
  2.8180E+01  6.0956E+42  5.6156E+42  7.4624E+37  4.7994E+41
  2.9850E+01  5.5946E+42  5.2074E+42  5.4278E+37  3.8717E+41
  3.1620E+01  5.0923E+42  4.7803E+42  3.9078E+37  3.1199E+41
  3.3500E+01  4.5868E+42  4.3357E+42  2.7825E+37  2.5106E+41
  3.5480E+01  4.0852E+42  3.8831E+42  1.9594E+37  2.0210E+41
  3.7580E+01  3.5909E+42  3.4283E+42  1.3621E+37  1.6253E+41
  3.9810E+01  3.1086E+42  2.9780E+42  9.3408E+36  1.3054E+41
  4.2170E+01  2.6536E+42  2.5488E+42  6.3179E+36  1.0479E+41
  4.4670E+01  2.2348E+42  2.1507E+42  4.2119E+36  8.4074E+40
  4.7320E+01  1.8584E+42  1.7910E+42  2.7714E+36  6.7400E+40
  5.0120E+01  1.5275E+42  1.4735E+42  1.8017E+36  5.4034E+40
  5.3090E+01  1.2412E+42  1.1980E+42  1.1577E+36  4.3282E+40
  5.6230E+01  9.9868E+41  9.6402E+41  7.3638E+35  3.4667E+40
  5.9570E+01  7.9536E+41  7.6763E+41  4.6355E+35  2.7728E+40
  6.3100E+01  6.2827E+41  6.0609E+41  2.8944E+35  2.2180E+40
  6.6830E+01  4.9257E+41  4.7482E+41  1.7940E+35  1.7744E+40
  7.0790E+01  3.8346E+41  3.6928E+41  1.1042E+35  1.4183E+40
  7.4990E+01  2.9653E+41  2.8520E+41  6.7535E+34  1.1329E+40
  7.9430E+01  2.2805E+41  2.1900E+41  4.1100E+34  9.0505E+39
  8.4140E+01  1.7447E+41  1.6724E+41  2.4884E+34  7.2256E+39
  8.9130E+01  1.3292E+41  1.2716E+41  1.5013E+34  5.7665E+39
  9.4410E+01  1.0088E+41  9.6277E+40  9.0268E+33  4.6021E+39
  1.0000E+02  7.6274E+40  7.2602E+40  5.4102E+33  3.6722E+39
  1.0590E+02  5.7538E+40  5.4607E+40  3.2376E+33  2.9317E+39
  1.1220E+02  4.3284E+40  4.0948E+40  1.9322E+33  2.3358E+39
  1.1890E+02  3.2545E+40  3.0686E+40  1.1531E+33  1.8590E+39
  1.2590E+02  2.4579E+40  2.3095E+40  6.9171E+32  1.4838E+39
  1.3340E+02  1.8591E+40  1.7409E+40  4.1622E+32  1.1811E+39
  1.4130E+02  1.3954E+40  1.3013E+40  2.4968E+32  9.4117E+38
  1.4960E+02  1.0278E+40  9.5263E+39  1.4711E+32  7.5121E+38
  1.5850E+02  7.5157E+39  6.9179E+39  8.5917E+31  5.9781E+38
  1.7780E+02  4.0505E+39  3.6710E+39  2.9549E+31  3.7942E+38
  1.9950E+02  2.1865E+39  1.9461E+39  1.0214E+31  2.4043E+38
  2.2390E+02  1.1791E+39  1.0270E+39  3.5422E+30  1.5216E+38
  2.5120E+02  6.3637E+38  5.4000E+38  1.2347E+30  9.6376E+37
  2.8180E+02  3.4374E+38  2.8269E+38  4.3270E+29  6.1043E+37
  3.1620E+02  1.8587E+38  1.4726E+38  1.5246E+29  3.8617E+37
  3.5480E+02  1.0085E+38  7.6429E+37  5.4098E+28  2.4421E+37
  3.9810E+02  5.4974E+37  3.9532E+37  1.9361E+28  1.5442E+37
  4.4670E+02  3.0143E+37  2.0382E+37  6.9906E+27  9.7603E+36
  5.0120E+02  1.6652E+37  1.0483E+37  2.5486E+27  6.1695E+36
  5.6230E+02  9.2808E+36  5.3805E+36  9.3814E+26  3.9003E+36
  6.3100E+02  5.2160E+36  2.7531E+36  3.4835E+26  2.4629E+36
  7.0790E+02  2.9642E+36  1.4074E+36  1.3066E+26  1.5568E+36
  7.9430E+02  1.7009E+36  7.1765E+35  4.9389E+25  9.8325E+35
  8.9130E+02  9.8601E+35  3.6524E+35  1.8808E+25  6.2077E+35
  1.0000E+03  5.7784E+35  1.8571E+35  7.2174E+24  3.9214E+35
