  1.0000E-03  3.5222E+44  0.0000E+00  1.3072E+42  3.5092E+44
  1.1220E-03  3.1352E+44  0.0000E+00  1.6626E+42  3.1186E+44
  1.2590E-03  2.7457E+44  0.0000E+00  2.0056E+42  2.7256E+44
  1.4130E-03  2.3739E+44  0.0000E+00  2.3110E+42  2.3508E+44
  1.5850E-03  2.1200E+44  0.0000E+00  2.5751E+42  2.0942E+44
  1.7780E-03  2.1608E+44  0.0000E+00  3.1414E+42  2.1294E+44
  1.9950E-03  1.5746E+44  0.0000E+00  3.6463E+42  1.5382E+44
  2.2390E-03  1.2567E+44  0.0000E+00  3.7757E+42  1.2190E+44
  2.5120E-03  1.1956E+44  0.0000E+00  4.7862E+42  1.1477E+44
  2.8180E-03  7.4420E+43  0.0000E+00  5.3456E+42  6.9074E+43
  3.1620E-03  4.9886E+43  0.0000E+00  5.6645E+42  4.4221E+43
  3.5480E-03  3.5112E+43  0.0000E+00  5.8509E+42  2.9261E+43
  3.9810E-03  2.6293E+43  0.0000E+00  5.9476E+42  2.0345E+43
  4.4670E-03  1.9853E+44  0.0000E+00  1.3877E+43  1.8465E+44
  5.0120E-03  1.1895E+44  0.0000E+00  1.5532E+43  1.0341E+44
  5.6230E-03  7.4595E+43  0.0000E+00  1.6511E+43  5.8084E+43
  5.9570E-03  6.0965E+43  0.0000E+00  1.6798E+43  4.4167E+43
  6.6830E-03  4.4516E+43  0.0000E+00  1.7163E+43  2.7353E+43
  7.4990E-03  3.6467E+43  0.0000E+00  1.7472E+43  1.8996E+43
  8.4140E-03  2.9898E+43  0.0000E+00  1.7662E+43  1.2237E+43
  9.4410E-03  2.6373E+43  0.0000E+00  1.7651E+43  8.7222E+42
  1.0590E-02  2.4879E+43  0.0000E+00  1.7155E+43  7.7237E+42
  1.1890E-02  2.3239E+43  0.0000E+00  1.7995E+43  5.2436E+42
  1.3340E-02  2.1882E+43  0.0000E+00  1.7899E+43  3.9829E+42
  1.4960E-02  2.0710E+43  0.0000E+00  1.7950E+43  2.7606E+42
  1.6790E-02  1.9774E+43  0.0000E+00  1.7783E+43  1.9901E+42
  1.8840E-02  1.8965E+43  0.0000E+00  1.7458E+43  1.5074E+42
  2.1130E-02  1.8518E+43  0.0000E+00  1.7426E+43  1.0922E+42
  2.3710E-02  1.7972E+43  0.0000E+00  1.7194E+43  7.7851E+41
  2.6610E-02  1.7319E+43  0.0000E+00  1.6785E+43  5.3380E+41
  2.9850E-02  1.6589E+43  1.0659E-85  1.6221E+43  3.6735E+41
  3.3500E-02  1.5787E+43  5.3407E-71  1.5536E+43  2.5057E+41
  3.7580E-02  1.6922E+43  6.2577E-58  1.6674E+43  2.4818E+41
  4.2170E-02  1.7688E+43  2.1233E-46  1.7519E+43  1.6827E+41
  4.7320E-02  1.3889E+43  3.1794E-36  1.3832E+43  5.7038E+40
  5.3090E-02  9.4893E+42  2.9241E-27  9.4750E+42  1.4264E+40
  6.6830E-02  2.0954E+42  8.0195E-13  2.0953E+42  5.3435E+37
  7.4990E-02  7.0180E+41  5.4650E-07  7.0180E+41  1.4253E+36
  8.4140E-02  9.0966E+41  4.3036E-01  9.0965E+41  3.5104E+36
  9.4410E-02  1.1429E+42  6.9037E+04  1.1429E+42  6.6008E+36
  1.0590E-01  2.5723E+42  6.1659E+09  2.5722E+42  7.8744E+37
  1.1890E-01  5.6419E+42  1.6308E+14  5.6407E+42  1.2103E+39
  1.3340E-01  9.7530E+42  8.0372E+17  9.7446E+42  8.4399E+39
  1.4960E-01  1.3006E+43  1.6849E+21  1.2977E+43  2.8444E+40
  1.5850E-01  1.2884E+43  5.5870E+22  1.2851E+43  3.3380E+40
  1.7780E-01  8.6249E+42  2.4419E+25  8.6077E+42  1.7259E+40
  1.9950E-01  2.6566E+42  2.4653E+27  2.6554E+42  1.1584E+39
  2.2390E-01  1.1418E+42  1.6670E+29  1.1416E+42  2.0268E+38
  2.3710E-01  1.8183E+42  2.4808E+30  1.8172E+42  1.0779E+39
  2.5120E-01  2.8477E+42  3.2930E+31  2.8415E+42  6.1810E+39
  2.6610E-01  3.6403E+42  3.1646E+32  3.6207E+42  1.9551E+40
  2.8180E-01  4.1265E+42  2.3986E+33  4.0829E+42  4.3597E+40
  2.9850E-01  4.4397E+42  1.5230E+34  4.3593E+42  8.0408E+40
  3.1620E-01  4.7059E+42  8.4295E+34  4.5681E+42  1.3774E+41
  3.3500E-01  4.9325E+42  4.1698E+35  4.7088E+42  2.2369E+41
  3.5480E-01  5.1081E+42  1.8395E+36  4.7661E+42  3.4199E+41
  3.7580E-01  5.2804E+42  7.5001E+36  4.7638E+42  5.1656E+41
  3.9810E-01  5.4841E+42  2.7584E+37  4.7365E+42  7.4758E+41
  4.2170E-01  5.8088E+42  9.5191E+37  4.6928E+42  1.1159E+42
  4.4670E-01  6.2842E+42  3.0222E+38  4.6467E+42  1.6373E+42
  4.7320E-01  6.9434E+42  8.9886E+38  4.5697E+42  2.3727E+42
  5.0120E-01  7.8414E+42  2.5035E+39  4.4581E+42  3.3808E+42
  5.3090E-01  9.1392E+42  6.6330E+39  4.3136E+42  4.8189E+42
  5.6230E-01  1.0803E+43  1.6329E+40  4.1554E+42  6.6316E+42
  5.9570E-01  1.2945E+43  3.7890E+40  3.9806E+42  8.9266E+42
  6.3100E-01  1.5786E+43  8.3390E+40  3.7931E+42  1.1909E+43
  6.6830E-01  1.9494E+43  1.7425E+41  3.5902E+42  1.5730E+43
  7.0790E-01  2.4236E+43  3.4608E+41  3.3893E+42  2.0501E+43
  7.4990E-01  2.9951E+43  6.5025E+41  3.1891E+42  2.6112E+43
  7.9430E-01  3.7017E+43  1.1644E+42  2.9892E+42  3.2864E+43
  8.4140E-01  4.5714E+43  1.9976E+42  2.7873E+42  4.0929E+43
  8.9130E-01  5.6879E+43  3.3121E+42  2.5836E+42  5.0983E+43
  9.4410E-01  7.0227E+43  5.2637E+42  2.3784E+42  6.2584E+43
  1.0000E+00  8.5194E+43  7.9886E+42  2.1740E+42  7.5032E+43
  1.0590E+00  1.0178E+44  1.1617E+43  1.9767E+42  8.8191E+43
  1.1220E+00  1.2014E+44  1.6328E+43  1.7838E+42  1.0202E+44
  1.1890E+00  1.4031E+44  2.2242E+43  1.5936E+42  1.1648E+44
  1.2590E+00  1.6265E+44  2.9344E+43  1.4051E+42  1.3190E+44
  1.3340E+00  1.8548E+44  3.7517E+43  1.2246E+42  1.4674E+44
  1.4130E+00  2.0725E+44  4.6242E+43  1.0591E+42  1.5995E+44
  1.4960E+00  2.2769E+44  5.5243E+43  9.0744E+41  1.7154E+44
  1.5850E+00  2.4660E+44  6.4461E+43  7.6773E+41  1.8137E+44
  1.6790E+00  2.6374E+44  7.3361E+43  6.4000E+41  1.8974E+44
  1.7780E+00  2.7855E+44  8.1463E+43  5.2449E+41  1.9657E+44
  1.8840E+00  2.9032E+44  8.8602E+43  4.2196E+41  2.0130E+44
  1.9950E+00  2.9877E+44  9.4306E+43  3.3357E+41  2.0413E+44
  2.1130E+00  3.0343E+44  9.8459E+43  2.5926E+41  2.0472E+44
  2.2390E+00  3.0413E+44  1.0087E+44  1.9836E+41  2.0306E+44
  2.3710E+00  3.0130E+44  1.0150E+44  1.4983E+41  1.9965E+44
  2.5120E+00  2.9512E+44  1.0062E+44  1.1196E+41  1.9439E+44
  2.6610E+00  2.8623E+44  9.8316E+43  8.2950E+40  1.8783E+44
  2.8180E+00  2.7515E+44  9.4760E+43  6.1011E+40  1.8033E+44
  2.9850E+00  2.6240E+44  9.0299E+43  4.4612E+40  1.7206E+44
  3.1620E+00  2.4847E+44  8.5106E+43  3.2459E+40  1.6334E+44
  3.3500E+00  2.3398E+44  7.9685E+43  2.3551E+40  1.5427E+44
  3.5480E+00  2.1918E+44  7.3868E+43  1.7031E+40  1.4529E+44
  3.7580E+00  2.0440E+44  6.8017E+43  1.2284E+40  1.3637E+44
  3.9810E+00  1.8984E+44  6.2221E+43  8.8393E+39  1.2761E+44
  4.2170E+00  1.7570E+44  5.6561E+43  6.3493E+39  1.1913E+44
  4.4670E+00  1.6211E+44  5.1110E+43  4.5524E+39  1.1099E+44
  4.7320E+00  1.4917E+44  4.5962E+43  3.2575E+39  1.0320E+44
  5.0120E+00  1.3720E+44  4.1161E+43  2.3318E+39  9.6034E+43
  5.3090E+00  1.2304E+44  3.6691E+43  1.6289E+39  8.6347E+43
  5.6230E+00  1.0955E+44  3.2602E+43  1.1295E+39  7.6945E+43
  5.9570E+00  9.6856E+43  2.8914E+43  7.7756E+38  6.7941E+43
  6.3100E+00  8.4969E+43  2.5401E+43  5.3052E+38  5.9567E+43
  6.6830E+00  7.4342E+43  2.2484E+43  3.6023E+38  5.1857E+43
  7.0790E+00  6.4556E+43  1.9708E+43  2.4153E+38  4.4848E+43
  7.4990E+00  5.6469E+43  1.8144E+43  1.6240E+38  3.8324E+43
  7.9430E+00  5.2589E+43  2.0956E+43  1.1963E+38  3.1633E+43
  8.4140E+00  5.2664E+43  2.7662E+43  1.0310E+38  2.5002E+43
  8.9130E+00  5.2200E+43  3.2563E+43  9.2929E+37  1.9637E+43
  9.4410E+00  5.0930E+43  3.5534E+43  9.0562E+37  1.5396E+43
  1.0000E+01  4.2710E+43  2.9386E+43  6.3739E+37  1.3324E+43
  1.0590E+01  3.4485E+43  2.2818E+43  4.1641E+37  1.1668E+43
  1.1220E+01  2.6893E+43  1.6672E+43  2.4460E+37  1.0221E+43
  1.1890E+01  2.1032E+43  1.2237E+43  1.4563E+37  8.7951E+42
  1.2590E+01  1.6437E+43  8.9229E+42  8.5286E+36  7.5137E+42
  1.3340E+01  1.2899E+43  6.5624E+42  4.9743E+36  6.3366E+42
  1.4130E+01  1.0432E+43  5.1542E+42  2.9595E+36  5.2779E+42
  1.4960E+01  9.0868E+42  4.7719E+42  1.9643E+36  4.3149E+42
  1.5850E+01  8.0866E+42  4.5936E+42  1.3889E+36  3.4930E+42
  1.6790E+01  7.2422E+42  4.4226E+42  1.0261E+36  2.8196E+42
  1.7780E+01  6.3807E+42  4.0972E+42  7.6677E+35  2.2836E+42
  1.8840E+01  5.4034E+42  3.5445E+42  5.5145E+35  1.8589E+42
  1.9950E+01  4.3964E+42  2.8682E+42  3.7001E+35  1.5283E+42
  2.1130E+01  3.5369E+42  2.2820E+42  2.3829E+35  1.2549E+42
  2.2390E+01  2.8507E+42  1.8253E+42  1.5332E+35  1.0253E+42
  2.3710E+01  2.3051E+42  1.4676E+42  9.8599E+34  8.3752E+41
  2.5120E+01  1.8623E+42  1.1809E+42  6.3516E+34  6.8134E+41
  2.6610E+01  1.5026E+42  9.4906E+41  4.0785E+34  5.5358E+41
  2.8180E+01  1.2116E+42  7.6212E+41  2.6247E+34  4.4952E+41
  2.9850E+01  9.7327E+41  6.0907E+41  1.6870E+34  3.6419E+41
  3.1620E+01  7.7803E+41  4.8336E+41  1.0797E+34  2.9467E+41
  3.3500E+01  6.1851E+41  3.8046E+41  6.8817E+33  2.3805E+41
  3.5480E+01  4.8970E+41  2.9735E+41  4.3744E+33  1.9235E+41
  3.7580E+01  3.8530E+41  2.3004E+41  2.7658E+33  1.5526E+41
  3.9810E+01  3.0089E+41  1.7571E+41  1.7378E+33  1.2517E+41
  4.2170E+01  2.3373E+41  1.3287E+41  1.0862E+33  1.0086E+41
  4.4670E+01  1.8074E+41  9.9533E+40  6.7519E+32  8.1210E+40
  4.7320E+01  1.3929E+41  7.3967E+40  4.1797E+32  6.5326E+40
  5.0120E+01  1.0715E+41  5.4609E+40  2.5808E+32  5.2538E+40
  5.3090E+01  8.2264E+40  4.0055E+40  1.5898E+32  4.2209E+40
  5.6230E+01  6.3143E+40  2.9243E+40  9.7839E+31  3.3899E+40
  5.9570E+01  4.8412E+40  2.1231E+40  6.0112E+31  2.7181E+40
  6.3100E+01  3.7159E+40  1.5367E+40  3.6955E+31  2.1791E+40
  6.6830E+01  2.8562E+40  1.1094E+40  2.2741E+31  1.7468E+40
  7.0790E+01  2.1975E+40  7.9883E+39  1.4000E+31  1.3987E+40
  7.4990E+01  1.6928E+40  5.7379E+39  8.6267E+30  1.1190E+40
  7.9430E+01  1.3069E+40  4.1167E+39  5.3255E+30  8.9521E+39
  8.4140E+01  1.0105E+40  2.9493E+39  3.2906E+30  7.1560E+39
  8.9130E+01  7.8295E+39  2.1122E+39  2.0367E+30  5.7173E+39
  9.4410E+01  6.0792E+39  1.5120E+39  1.2628E+30  4.5672E+39
  1.0000E+02  4.7294E+39  1.0819E+39  7.8410E+29  3.6475E+39
  1.0590E+02  3.6889E+39  7.7479E+38  4.8803E+29  2.9142E+39
  1.1220E+02  2.8781E+39  5.5472E+38  3.0356E+29  2.3233E+39
  1.1890E+02  2.2482E+39  3.9799E+38  1.8899E+29  1.8502E+39
  1.2590E+02  1.7652E+39  2.8767E+38  1.1823E+29  1.4775E+39
  1.3340E+02  1.3852E+39  2.0863E+38  7.4005E+28  1.1766E+39
  1.4130E+02  1.0884E+39  1.5051E+38  4.6550E+28  9.3792E+38
  1.4960E+02  8.5567E+38  1.0676E+38  2.9261E+28  7.4892E+38
  1.5850E+02  6.7142E+38  7.5216E+37  1.8301E+28  5.9620E+38
  1.7780E+02  4.1637E+38  3.7750E+37  7.1903E+27  3.7862E+38
  1.9950E+02  2.5908E+38  1.9046E+37  2.8319E+27  2.4004E+38
  2.2390E+02  1.6158E+38  9.6224E+36  1.1176E+27  1.5196E+38
  2.5120E+02  1.0115E+38  4.8702E+36  4.4250E+26  9.6276E+37
  2.8180E+02  6.3459E+37  2.4656E+36  1.7554E+26  6.0993E+37
  3.1620E+02  3.9839E+37  1.2470E+36  6.9658E+25  3.8592E+37
  3.5480E+02  2.5039E+37  6.3057E+35  2.7657E+25  2.4408E+37
  3.9810E+02  1.5754E+37  3.1876E+35  1.0993E+25  1.5436E+37
  4.4670E+02  9.9181E+36  1.6106E+35  4.3708E+24  9.7571E+36
  5.0120E+02  6.2492E+36  8.1365E+34  1.7390E+24  6.1678E+36
  5.6230E+02  3.9406E+36  4.1108E+34  6.9220E+23  3.8995E+36
  6.3100E+02  2.4833E+36  2.0741E+34  2.7537E+23  2.4625E+36
  7.0790E+02  1.5671E+36  1.0472E+34  1.0969E+23  1.5566E+36
  7.9430E+02  9.8843E+35  5.2816E+33  4.3667E+22  9.8315E+35
  8.9130E+02  6.2338E+35  2.6619E+33  1.7380E+22  6.2072E+35
  1.0000E+03  3.9345E+35  1.3418E+33  6.9232E+21  3.9211E+35
