  1.0000E-03  8.8338E+44  0.0000E+00  6.7584E+42  8.7662E+44
  1.1220E-03  9.9179E+44  0.0000E+00  8.2175E+42  9.8357E+44
  1.2590E-03  1.1132E+45  0.0000E+00  9.4930E+42  1.1037E+45
  1.4130E-03  1.2492E+45  0.0000E+00  1.0514E+43  1.2387E+45
  1.5850E-03  1.4008E+45  0.0000E+00  1.1405E+43  1.3894E+45
  1.7780E-03  1.5726E+45  0.0000E+00  1.3960E+43  1.5586E+45
  1.9950E-03  1.7643E+45  0.0000E+00  1.5519E+43  1.7488E+45
  2.2390E-03  1.9785E+45  0.0000E+00  1.5732E+43  1.9627E+45
  2.5120E-03  2.2221E+45  0.0000E+00  2.0116E+43  2.2020E+45
  2.8180E-03  2.4919E+45  0.0000E+00  2.1714E+43  2.4702E+45
  3.1620E-03  2.7944E+45  0.0000E+00  2.2588E+43  2.7718E+45
  3.5480E-03  3.1334E+45  0.0000E+00  2.3099E+43  3.1103E+45
  3.9810E-03  3.5132E+45  0.0000E+00  2.3359E+43  3.4898E+45
  4.4670E-03  3.9668E+45  0.0000E+00  5.0956E+43  3.9158E+45
  5.0120E-03  4.4497E+45  0.0000E+00  5.6104E+43  4.3936E+45
  5.6230E-03  4.9891E+45  0.0000E+00  5.9890E+43  4.9292E+45
  5.9570E-03  5.2835E+45  0.0000E+00  6.1420E+43  5.2220E+45
  6.6830E-03  5.9227E+45  0.0000E+00  6.4196E+43  5.8585E+45
  7.4990E-03  6.6412E+45  0.0000E+00  6.7385E+43  6.5738E+45
  8.4140E-03  7.4461E+45  0.0000E+00  7.0258E+43  7.3758E+45
  9.4410E-03  8.3488E+45  0.0000E+00  7.2723E+43  8.2761E+45
  1.0590E-02  9.3569E+45  0.0000E+00  7.3652E+43  9.2833E+45
  1.1890E-02  1.0503E+46  0.0000E+00  7.9906E+43  1.0423E+46
  1.3340E-02  1.1777E+46  0.0000E+00  8.2820E+43  1.1694E+46
  1.4960E-02  1.3201E+46  0.0000E+00  8.6690E+43  1.3114E+46
  1.6790E-02  1.4808E+46  0.0000E+00  9.0019E+43  1.4718E+46
  1.8840E-02  1.6608E+46  0.0000E+00  9.2991E+43  1.6515E+46
  2.1130E-02  1.8621E+46  0.0000E+00  9.7679E+43  1.8524E+46
  2.3710E-02  2.0887E+46  0.0000E+00  1.0196E+44  2.0785E+46
  2.6610E-02  2.3432E+46  0.0000E+00  1.0601E+44  2.3326E+46
  2.9850E-02  2.6276E+46  9.8990E-83  1.0983E+44  2.6166E+46
  3.3500E-02  2.9480E+46  6.2335E-68  1.1341E+44  2.9367E+46
  3.7580E-02  3.3065E+46  7.8167E-55  1.2242E+44  3.2942E+46
  4.2170E-02  3.7109E+46  3.3541E-43  1.4208E+44  3.6967E+46
  4.7320E-02  4.1624E+46  8.6271E-33  1.4185E+44  4.1482E+46
  5.3090E-02  4.3343E+46  1.5189E-23  1.3087E+44  4.3212E+46
  6.6830E-02  4.1367E+46  5.2432E-08  9.8600E+43  4.1268E+46
  7.4990E-02  4.0419E+46  1.6726E-01  9.0708E+43  4.0328E+46
  8.4140E-02  3.9498E+46  8.6007E+04  8.7478E+43  3.9410E+46
  9.4410E-02  3.8599E+46  1.0093E+10  8.6471E+43  3.8513E+46
  1.0590E-01  3.5143E+46  2.7879E+14  8.7736E+43  3.5055E+46
  1.1890E-01  2.9552E+46  2.2480E+18  8.4291E+43  2.9467E+46
  1.3340E-01  2.4882E+46  5.1297E+21  8.6089E+43  2.4795E+46
  1.4960E-01  2.0959E+46  6.3211E+24  8.0471E+43  2.0878E+46
  1.5850E-01  1.9220E+46  1.8807E+26  7.4337E+43  1.9145E+46
  1.7780E-01  1.6171E+46  9.1801E+28  5.6701E+43  1.6114E+46
  1.9950E-01  1.3590E+46  2.3698E+31  3.2257E+43  1.3558E+46
  2.2390E-01  1.1428E+46  2.6380E+33  2.4889E+43  1.1403E+46
  2.3710E-01  1.0492E+46  1.8203E+34  2.7896E+43  1.0464E+46
  2.5120E-01  9.6265E+45  1.0991E+35  3.0669E+43  9.5958E+45
  2.6610E-01  8.8328E+45  6.1285E+35  3.1556E+43  8.8012E+45
  2.8180E-01  8.1072E+45  3.1005E+36  3.1135E+43  8.0761E+45
  2.9850E-01  7.4381E+45  1.4213E+37  3.0257E+43  7.4079E+45
  3.1620E-01  6.8241E+45  5.8402E+37  2.9403E+43  6.7947E+45
  3.3500E-01  6.2593E+45  2.1859E+38  2.8463E+43  6.2308E+45
  3.5480E-01  5.7439E+45  7.4687E+38  2.7376E+43  5.7165E+45
  3.7580E-01  5.2704E+45  2.3558E+39  2.6214E+43  5.2442E+45
  3.9810E-01  4.8348E+45  6.8362E+39  2.5099E+43  4.8097E+45
  4.2170E-01  4.4357E+45  1.8228E+40  2.4030E+43  4.4116E+45
  4.4670E-01  4.0697E+45  4.5031E+40  2.3062E+43  4.0466E+45
  4.7320E-01  3.7337E+45  1.0450E+41  2.2068E+43  3.7115E+45
  5.0120E-01  3.4261E+45  2.2838E+41  2.1032E+43  3.4048E+45
  5.3090E-01  3.1436E+45  4.7257E+41  1.9962E+43  3.1232E+45
  5.6230E-01  2.8850E+45  9.2436E+41  1.8924E+43  2.8651E+45
  5.9570E-01  2.6472E+45  1.7206E+42  1.7895E+43  2.6276E+45
  6.3100E-01  2.4303E+45  3.0465E+42  1.6881E+43  2.4103E+45
  6.6830E-01  2.2324E+45  5.1371E+42  1.5866E+43  2.2114E+45
  7.0790E-01  2.0516E+45  8.2882E+42  1.4903E+43  2.0284E+45
  7.4990E-01  1.8873E+45  1.2811E+43  1.3978E+43  1.8605E+45
  7.9430E-01  1.7387E+45  1.9006E+43  1.3084E+43  1.7066E+45
  8.4140E-01  1.6047E+45  2.7161E+43  1.2212E+43  1.5653E+45
  8.9130E-01  1.4846E+45  3.7522E+43  1.1359E+43  1.4357E+45
  9.4410E-01  1.3776E+45  5.0079E+43  1.0522E+43  1.3170E+45
  1.0000E+00  1.2825E+45  6.4679E+43  9.6995E+42  1.2081E+45
  1.0590E+00  1.1985E+45  8.1047E+43  8.9108E+42  1.1086E+45
  1.1220E+00  1.1238E+45  9.9169E+43  8.1413E+42  1.0165E+45
  1.1890E+00  1.0579E+45  1.1868E+44  7.3814E+42  9.3183E+44
  1.2590E+00  1.0004E+45  1.3857E+44  6.6253E+42  8.5520E+44
  1.3340E+00  9.4850E+44  1.5850E+44  5.8924E+42  7.8411E+44
  1.4130E+00  9.0155E+44  1.7708E+44  5.2075E+42  7.1927E+44
  1.4960E+00  8.5869E+44  1.9387E+44  4.5666E+42  6.6026E+44
  1.5850E+00  8.1858E+44  2.0918E+44  3.9609E+42  6.0543E+44
  1.6790E+00  7.8054E+44  2.2185E+44  3.3910E+42  5.5530E+44
  1.7780E+00  7.4370E+44  2.3127E+44  2.8582E+42  5.0957E+44
  1.8840E+00  7.0742E+44  2.3787E+44  2.3673E+42  4.6719E+44
  1.9950E+00  6.7179E+44  2.4111E+44  1.9272E+42  4.2875E+44
  2.1130E+00  6.3621E+44  2.4134E+44  1.5420E+42  3.9333E+44
  2.2390E+00  6.0035E+44  2.3853E+44  1.2135E+42  3.6061E+44
  2.3710E+00  5.6471E+44  2.3286E+44  9.4135E+41  3.3092E+44
  2.5120E+00  5.2918E+44  2.2502E+44  7.2108E+41  3.0344E+44
  2.6610E+00  4.9405E+44  2.1518E+44  5.4644E+41  2.7832E+44
  2.8180E+00  4.5941E+44  2.0362E+44  4.1009E+41  2.5538E+44
  2.9850E+00  4.2556E+44  1.9099E+44  3.0522E+41  2.3426E+44
  3.1620E+00  3.9260E+44  1.7751E+44  2.2549E+41  2.1487E+44
  3.3500E+00  3.6134E+44  1.6413E+44  1.6573E+41  1.9704E+44
  3.5480E+00  3.3129E+44  1.5039E+44  1.2110E+41  1.8078E+44
  3.7580E+00  3.0290E+44  1.3697E+44  8.8053E+40  1.6583E+44
  3.9810E+00  2.7618E+44  1.2402E+44  6.3748E+40  1.5210E+44
  4.2170E+00  2.5123E+44  1.1167E+44  4.5980E+40  1.3951E+44
  4.4670E+00  2.2803E+44  1.0003E+44  3.3047E+40  1.2796E+44
  4.7320E+00  2.0667E+44  8.9281E+43  2.3670E+40  1.1737E+44
  5.0120E+00  1.8740E+44  7.9465E+43  1.6935E+40  1.0791E+44
  5.3090E+00  1.6657E+44  7.0536E+43  1.1864E+40  9.6024E+43
  5.6230E+00  1.4736E+44  6.2543E+43  8.2524E+39  8.4805E+43
  5.9570E+00  1.2979E+44  5.5472E+43  5.7025E+39  7.4316E+43
  6.3100E+00  1.1360E+44  4.8891E+43  3.9054E+39  6.4710E+43
  6.6830E+00  9.9499E+43  4.3483E+43  2.6654E+39  5.6014E+43
  7.0790E+00  8.6632E+43  3.8441E+43  1.7961E+39  4.8190E+43
  7.4990E+00  7.6802E+43  3.5571E+43  1.2173E+39  4.1229E+43
  7.9430E+00  7.5292E+43  4.0182E+43  9.1271E+38  3.5109E+43
  8.4140E+00  8.1349E+43  5.1596E+43  7.9614E+38  2.9752E+43
  8.9130E+00  8.5248E+43  6.0144E+43  7.1427E+38  2.5104E+43
  9.4410E+00  8.6659E+43  6.5558E+43  6.8770E+38  2.1101E+43
  1.0000E+01  7.2016E+43  5.4345E+43  4.9558E+38  1.7671E+43
  1.0590E+01  5.7454E+43  4.2695E+43  3.3388E+38  1.4758E+43
  1.1220E+01  4.4386E+43  3.2119E+43  2.0269E+38  1.2267E+43
  1.1890E+01  3.4730E+43  2.4571E+43  1.2401E+38  1.0159E+43
  1.2590E+01  2.7450E+43  1.9038E+43  7.4620E+37  8.4119E+42
  1.3340E+01  2.2029E+43  1.5097E+43  4.4689E+37  6.9319E+42
  1.4130E+01  1.8443E+43  1.2738E+43  2.7296E+37  5.7050E+42
  1.4960E+01  1.6829E+43  1.2137E+43  1.8627E+37  4.6919E+42
  1.5850E+01  1.5784E+43  1.1942E+43  1.3598E+37  3.8414E+42
  1.6790E+01  1.4959E+43  1.1818E+43  1.0410E+37  3.1409E+42
  1.7780E+01  1.4011E+43  1.1445E+43  8.1064E+36  2.5663E+42
  1.8840E+01  1.2711E+43  1.0622E+43  6.1309E+36  2.0888E+42
  1.9950E+01  1.1171E+43  9.4698E+42  4.3631E+36  1.7013E+42
  2.1130E+01  9.7932E+42  8.4105E+42  2.9953E+36  1.3827E+42
  2.2390E+01  8.6591E+42  7.5388E+42  2.0621E+36  1.1203E+42
  2.3710E+01  7.7083E+42  6.7997E+42  1.4216E+36  9.0864E+41
  2.5120E+01  6.8690E+42  6.1342E+42  9.8299E+35  7.3479E+41
  2.6610E+01  6.1095E+42  5.5156E+42  6.7720E+35  5.9383E+41
  2.8180E+01  5.4114E+42  4.9314E+42  4.6645E+35  4.7994E+41
  2.9850E+01  4.7519E+42  4.3647E+42  3.1974E+35  3.8717E+41
  3.1620E+01  4.1261E+42  3.8142E+42  2.1718E+35  3.1199E+41
  3.3500E+01  3.5355E+42  3.2845E+42  1.4599E+35  2.5106E+41
  3.5480E+01  2.9893E+42  2.7872E+42  9.7141E+34  2.0210E+41
  3.7580E+01  2.4901E+42  2.3276E+42  6.3827E+34  1.6253E+41
  3.9810E+01  2.0412E+42  1.9107E+42  4.1377E+34  1.3054E+41
  4.2170E+01  1.6502E+42  1.5454E+42  2.6487E+34  1.0479E+41
  4.4670E+01  1.3172E+42  1.2331E+42  1.6740E+34  8.4074E+40
  4.7320E+01  1.0397E+42  9.7229E+41  1.0466E+34  6.7400E+40
  5.0120E+01  8.1275E+41  7.5872E+41  6.4826E+33  5.4034E+40
  5.3090E+01  6.2948E+41  5.8619E+41  3.9804E+33  4.3282E+40
  5.6230E+01  4.8398E+41  4.4931E+41  2.4272E+33  3.4667E+40
  5.9570E+01  3.6928E+41  3.4155E+41  1.4696E+33  2.7728E+40
  6.3100E+01  2.8028E+41  2.5810E+41  8.8573E+32  2.2180E+40
  6.6830E+01  2.1177E+41  1.9402E+41  5.3186E+32  1.7744E+40
  7.0790E+01  1.5932E+41  1.4513E+41  3.1823E+32  1.4183E+40
  7.4990E+01  1.1939E+41  1.0807E+41  1.8987E+32  1.1329E+40
  7.9430E+01  8.9247E+40  8.0196E+40  1.1312E+32  9.0505E+39
  8.4140E+01  6.6540E+40  5.9314E+40  6.7279E+31  7.2256E+39
  8.9130E+01  4.9539E+40  4.3772E+40  4.0001E+31  5.7665E+39
  9.4410E+01  3.6838E+40  3.2236E+40  2.3782E+31  4.6021E+39
  1.0000E+02  2.7362E+40  2.3690E+40  1.4139E+31  3.6722E+39
  1.0590E+02  2.0331E+40  1.7399E+40  8.4193E+30  2.9317E+39
  1.1220E+02  1.5097E+40  1.2762E+40  5.0126E+30  2.3358E+39
  1.1890E+02  1.1232E+40  9.3726E+39  2.9914E+30  1.8590E+39
  1.2590E+02  8.4140E+39  6.9302E+39  1.7984E+30  1.4838E+39
  1.3340E+02  6.3231E+39  5.1420E+39  1.0857E+30  1.1811E+39
  1.4130E+02  4.7258E+39  3.7846E+39  6.5577E+29  9.4117E+38
  1.4960E+02  3.4761E+39  2.7248E+39  3.9152E+29  7.5121E+38
  1.5850E+02  2.5447E+39  1.9469E+39  2.3247E+29  5.9781E+38
  1.7780E+02  1.3839E+39  1.0045E+39  8.3126E+28  3.7942E+38
  1.9950E+02  7.6052E+38  5.2009E+38  3.0095E+28  2.4043E+38
  2.2390E+02  4.2111E+38  2.6895E+38  1.1007E+28  1.5216E+38
  2.5120E+02  2.3535E+38  1.3898E+38  4.0696E+27  9.6376E+37
  2.8180E+02  1.3271E+38  7.1669E+37  1.5191E+27  6.1043E+37
  3.1620E+02  7.5464E+37  3.6847E+37  5.7146E+26  3.8617E+37
  3.5480E+02  4.3327E+37  1.8906E+37  2.1663E+26  2.4421E+37
  3.9810E+02  2.5124E+37  9.6822E+36  8.2752E+25  1.5442E+37
  4.4670E+02  1.4709E+37  4.9490E+36  3.1812E+25  9.7603E+36
  5.0120E+02  8.6956E+36  2.5261E+36  1.2303E+25  6.1695E+36
  5.6230E+02  5.1884E+36  1.2880E+36  4.7824E+24  3.9003E+36
  6.3100E+02  3.1182E+36  6.5525E+35  1.8655E+24  2.4629E+36
  7.0790E+02  1.8901E+36  3.3328E+35  7.3114E+23  1.5568E+36
  7.9430E+02  1.1524E+36  1.6919E+35  2.8721E+23  9.8325E+35
  8.9130E+02  7.0654E+35  8.5773E+34  1.1308E+23  6.2077E+35
  1.0000E+03  4.3560E+35  4.3462E+34  4.4645E+22  3.9214E+35
