  1.0000E-03  8.8672E+44  0.0000E+00  1.0102E+43  8.7662E+44
  1.1220E-03  9.9292E+44  0.0000E+00  9.3445E+42  9.8357E+44
  1.2590E-03  1.1121E+45  0.0000E+00  8.4489E+42  1.1037E+45
  1.4130E-03  1.2462E+45  0.0000E+00  7.4889E+42  1.2387E+45
  1.5850E-03  1.3962E+45  0.0000E+00  6.7524E+42  1.3894E+45
  1.7780E-03  1.5658E+45  0.0000E+00  7.2090E+42  1.5586E+45
  1.9950E-03  1.7551E+45  0.0000E+00  6.2945E+42  1.7488E+45
  2.2390E-03  1.9683E+45  0.0000E+00  5.5368E+42  1.9627E+45
  2.5120E-03  2.2080E+45  0.0000E+00  6.0344E+42  2.2020E+45
  2.8180E-03  2.4757E+45  0.0000E+00  5.5030E+42  2.4702E+45
  3.1620E-03  2.7770E+45  0.0000E+00  5.1807E+42  2.7718E+45
  3.5480E-03  3.1152E+45  0.0000E+00  4.9397E+42  3.1103E+45
  3.9810E-03  3.4945E+45  0.0000E+00  4.6773E+42  3.4898E+45
  4.4670E-03  3.9385E+45  0.0000E+00  2.2669E+43  3.9158E+45
  5.0120E-03  4.4114E+45  0.0000E+00  1.7775E+43  4.3936E+45
  5.6230E-03  4.9461E+45  0.0000E+00  1.6905E+43  4.9292E+45
  5.9570E-03  5.2395E+45  0.0000E+00  1.7456E+43  5.2220E+45
  6.6830E-03  5.8782E+45  0.0000E+00  1.9711E+43  5.8585E+45
  7.4990E-03  6.5968E+45  0.0000E+00  2.3003E+43  6.5738E+45
  8.4140E-03  7.4026E+45  0.0000E+00  2.6745E+43  7.3758E+45
  9.4410E-03  8.3069E+45  0.0000E+00  3.0818E+43  8.2761E+45
  1.0590E-02  9.3184E+45  0.0000E+00  3.5102E+43  9.2833E+45
  1.1890E-02  1.0463E+46  0.0000E+00  3.9776E+43  1.0423E+46
  1.3340E-02  1.1739E+46  0.0000E+00  4.4649E+43  1.1694E+46
  1.4960E-02  1.3164E+46  0.0000E+00  4.9873E+43  1.3114E+46
  1.6790E-02  1.4774E+46  0.0000E+00  5.5467E+43  1.4718E+46
  1.8840E-02  1.6577E+46  0.0000E+00  6.1442E+43  1.6515E+46
  2.1130E-02  1.8591E+46  0.0000E+00  6.7854E+43  1.8524E+46
  2.3710E-02  2.0859E+46  0.0000E+00  7.4774E+43  2.0785E+46
  2.6610E-02  2.3409E+46  0.0000E+00  8.2200E+43  2.3326E+46
  2.9850E-02  2.6256E+46  4.8337E-83  8.9938E+43  2.6166E+46
  3.3500E-02  2.9464E+46  3.0258E-68  9.7495E+43  2.9367E+46
  3.7580E-02  3.3046E+46  3.7899E-55  1.0386E+44  3.2942E+46
  4.2170E-02  3.7103E+46  1.6181E-43  1.3592E+44  3.6967E+46
  4.7320E-02  4.1635E+46  4.1034E-33  1.5345E+44  4.1482E+46
  5.3090E-02  4.3367E+46  7.0795E-24  1.5415E+44  4.3212E+46
  6.6830E-02  4.1387E+46  2.1996E-08  1.1877E+44  4.1268E+46
  7.4990E-02  4.0421E+46  6.2535E-02  9.2415E+43  4.0328E+46
  8.4140E-02  3.9505E+46  3.2400E+04  9.4723E+43  3.9410E+46
  9.4410E-02  3.8611E+46  3.7921E+09  9.8106E+43  3.8513E+46
  1.0590E-01  3.5167E+46  1.0752E+14  1.1156E+44  3.5055E+46
  1.1890E-01  2.9568E+46  9.2917E+17  1.0056E+44  2.9467E+46
  1.3340E-01  2.4879E+46  2.3015E+21  8.3802E+43  2.4795E+46
  1.4960E-01  2.0931E+46  2.9118E+24  5.2599E+43  2.0878E+46
  1.5850E-01  1.9186E+46  8.6364E+25  4.0486E+43  1.9145E+46
  1.7780E-01  1.6146E+46  4.1544E+28  3.1946E+43  1.6114E+46
  1.9950E-01  1.3585E+46  9.9563E+30  2.6693E+43  1.3558E+46
  2.2390E-01  1.1428E+46  9.9704E+32  2.5198E+43  1.1403E+46
  2.3710E-01  1.0492E+46  7.1386E+33  2.8080E+43  1.0464E+46
  2.5120E-01  9.6238E+45  4.5291E+34  2.8017E+43  9.5958E+45
  2.6610E-01  8.8267E+45  2.6049E+35  2.5544E+43  8.8012E+45
  2.8180E-01  8.0987E+45  1.3429E+36  2.2590E+43  8.0761E+45
  2.9850E-01  7.4279E+45  6.2357E+36  1.9975E+43  7.4079E+45
  3.1620E-01  6.8125E+45  2.5879E+37  1.7856E+43  6.7947E+45
  3.3500E-01  6.2468E+45  9.7558E+37  1.5985E+43  6.2308E+45
  3.5480E-01  5.7308E+45  3.3483E+38  1.4338E+43  5.7165E+45
  3.7580E-01  5.2571E+45  1.0597E+39  1.2889E+43  5.2442E+45
  3.9810E-01  4.8214E+45  3.0824E+39  1.1638E+43  4.8097E+45
  4.2170E-01  4.4222E+45  8.2445E+39  1.0552E+43  4.4116E+45
  4.4670E-01  4.0562E+45  2.0428E+40  9.6022E+42  4.0466E+45
  4.7320E-01  3.7203E+45  4.7557E+40  8.7418E+42  3.7115E+45
  5.0120E-01  3.4129E+45  1.0431E+41  7.9594E+42  3.4048E+45
  5.3090E-01  3.1307E+45  2.1693E+41  7.2590E+42  3.1232E+45
  5.6230E-01  2.8722E+45  4.2654E+41  6.6458E+42  2.8651E+45
  5.9570E-01  2.6345E+45  7.9873E+41  6.1141E+42  2.6276E+45
  6.3100E-01  2.4174E+45  1.4248E+42  5.6562E+42  2.4103E+45
  6.6830E-01  2.2191E+45  2.4246E+42  5.2762E+42  2.2114E+45
  7.0790E-01  2.0374E+45  3.9541E+42  4.9727E+42  2.0284E+45
  7.4990E-01  1.8714E+45  6.1836E+42  4.7417E+42  1.8605E+45
  7.9430E-01  1.7205E+45  9.2985E+42  4.5800E+42  1.7066E+45
  8.4140E-01  1.5833E+45  1.3498E+43  4.4981E+42  1.5653E+45
  8.9130E-01  1.4592E+45  1.9015E+43  4.4846E+42  1.4357E+45
  9.4410E-01  1.3475E+45  2.5946E+43  4.5376E+42  1.3170E+45
  1.0000E+00  1.2471E+45  3.4307E+43  4.6334E+42  1.2081E+45
  1.0590E+00  1.1574E+45  4.4086E+43  4.7524E+42  1.1086E+45
  1.1220E+00  1.0769E+45  5.5451E+43  4.8745E+42  1.0165E+45
  1.1890E+00  1.0052E+45  6.8416E+43  4.9802E+42  9.3183E+44
  1.2590E+00  9.4299E+44  8.2741E+43  5.0470E+42  8.5520E+44
  1.3340E+00  8.8740E+44  9.8210E+43  5.0816E+42  7.8411E+44
  1.4130E+00  8.3817E+44  1.1382E+44  5.0766E+42  7.1927E+44
  1.4960E+00  7.9455E+44  1.2927E+44  5.0271E+42  6.6026E+44
  1.5850E+00  7.5505E+44  1.4469E+44  4.9320E+42  6.0543E+44
  1.6790E+00  7.1941E+44  1.5932E+44  4.7868E+42  5.5530E+44
  1.7780E+00  6.8670E+44  1.7254E+44  4.5889E+42  5.0957E+44
  1.8840E+00  6.5574E+44  1.8421E+44  4.3410E+42  4.6719E+44
  1.9950E+00  6.2641E+44  1.9361E+44  4.0492E+42  4.2875E+44
  2.1130E+00  5.9752E+44  2.0047E+44  3.7211E+42  3.9333E+44
  2.2390E+00  5.6829E+44  2.0431E+44  3.3664E+42  3.6061E+44
  2.3710E+00  5.3900E+44  2.0509E+44  2.9998E+42  3.3092E+44
  2.5120E+00  5.0914E+44  2.0306E+44  2.6340E+42  3.0344E+44
  2.6610E+00  4.7900E+44  1.9840E+44  2.2812E+42  2.7832E+44
  2.8180E+00  4.4872E+44  1.9139E+44  1.9502E+42  2.5538E+44
  2.9850E+00  4.1852E+44  1.8261E+44  1.6467E+42  2.3426E+44
  3.1620E+00  3.8861E+44  1.7237E+44  1.3750E+42  2.1487E+44
  3.3500E+00  3.5971E+44  1.6154E+44  1.1345E+42  1.9704E+44
  3.5480E+00  3.3166E+44  1.4995E+44  9.2771E+41  1.8078E+44
  3.7580E+00  3.0479E+44  1.3820E+44  7.5078E+41  1.6583E+44
  3.9810E+00  2.7917E+44  1.2647E+44  6.0154E+41  1.5210E+44
  4.2170E+00  2.5495E+44  1.1496E+44  4.7748E+41  1.3951E+44
  4.4670E+00  2.3218E+44  1.0384E+44  3.7552E+41  1.2796E+44
  4.7320E+00  2.1093E+44  9.3275E+43  2.9227E+41  1.1737E+44
  5.0120E+00  1.9150E+44  8.3366E+43  2.2555E+41  1.0791E+44
  5.3090E+00  1.7031E+44  7.4114E+43  1.6922E+41  9.6024E+43
  5.6230E+00  1.5055E+44  6.5619E+43  1.2506E+41  8.4805E+43
  5.9570E+00  1.3233E+44  5.7918E+43  9.1046E+40  7.4316E+43
  6.3100E+00  1.1550E+44  5.0723E+43  6.5435E+40  6.4710E+43
  6.6830E+00  1.0079E+44  4.4735E+43  4.6534E+40  5.6014E+43
  7.0790E+00  8.7405E+43  3.9182E+43  3.2592E+40  4.8190E+43
  7.4990E+00  7.6280E+43  3.5029E+43  2.1630E+40  4.1229E+43
  7.9430E+00  6.9927E+43  3.4806E+43  1.2236E+40  3.5109E+43
  8.4140E+00  6.7250E+43  3.7491E+43  6.4640E+39  2.9752E+43
  8.9130E+00  6.3697E+43  3.8589E+43  3.9530E+39  2.5104E+43
  9.4410E+00  5.9475E+43  3.8371E+43  2.8798E+39  2.1101E+43
  1.0000E+01  5.1446E+43  3.3773E+43  2.4113E+39  1.7671E+43
  1.0590E+01  4.3554E+43  2.8794E+43  2.0493E+39  1.4758E+43
  1.1220E+01  3.5991E+43  2.3722E+43  1.6730E+39  1.2267E+43
  1.1890E+01  2.9610E+43  1.9449E+43  1.3188E+39  1.0159E+43
  1.2590E+01  2.4349E+43  1.5936E+43  1.0025E+39  8.4119E+42
  1.3340E+01  2.0083E+43  1.3151E+43  7.2767E+38  6.9319E+42
  1.4130E+01  1.7051E+43  1.1345E+43  4.9855E+38  5.7050E+42
  1.4960E+01  1.5576E+43  1.0883E+43  3.3406E+38  4.6919E+42
  1.5850E+01  1.4638E+43  1.0797E+43  2.3274E+38  3.8414E+42
  1.6790E+01  1.3959E+43  1.0818E+43  1.7054E+38  3.1409E+42
  1.7780E+01  1.3258E+43  1.0691E+43  1.3193E+38  2.5663E+42
  1.8840E+01  1.2332E+43  1.0243E+43  1.0555E+38  2.0888E+42
  1.9950E+01  1.1214E+43  9.5123E+42  8.4172E+37  1.7013E+42
  2.1130E+01  1.0205E+43  8.8218E+42  6.5333E+37  1.3827E+42
  2.2390E+01  9.3930E+42  8.2727E+42  5.0402E+37  1.1203E+42
  2.3710E+01  8.7291E+42  7.8204E+42  3.8669E+37  9.0864E+41
  2.5120E+01  8.1596E+42  7.4248E+42  2.9624E+37  7.3479E+41
  2.6610E+01  7.6452E+42  7.0513E+42  2.2546E+37  5.9383E+41
  2.8180E+01  7.1643E+42  6.6844E+42  1.7102E+37  4.7994E+41
  2.9850E+01  6.6891E+42  6.3019E+42  1.2895E+37  3.8717E+41
  3.1620E+01  6.2012E+42  5.8892E+42  9.6285E+36  3.1199E+41
  3.3500E+01  5.6964E+42  5.4453E+42  7.1133E+36  2.5106E+41
  3.5480E+01  5.1795E+42  4.9774E+42  5.1970E+36  2.0210E+41
  3.7580E+01  4.6508E+42  4.4883E+42  3.7483E+36  1.6253E+41
  3.9810E+01  4.1128E+42  3.9823E+42  2.6659E+36  1.3054E+41
  4.2170E+01  3.5861E+42  3.4813E+42  1.8686E+36  1.0479E+41
  4.4670E+01  3.0839E+42  2.9998E+42  1.2895E+36  8.4074E+40
  4.7320E+01  2.6177E+42  2.5503E+42  8.7712E+35  6.7400E+40
  5.0120E+01  2.1947E+42  2.1407E+42  5.8852E+35  5.4034E+40
  5.3090E+01  1.8179E+42  1.7746E+42  3.8965E+35  4.3282E+40
  5.6230E+01  1.4896E+42  1.4549E+42  2.5489E+35  3.4667E+40
  5.9570E+01  1.2071E+42  1.1794E+42  1.6471E+35  2.7728E+40
  6.3100E+01  9.6929E+41  9.4711E+41  1.0537E+35  2.2180E+40
  6.6830E+01  7.7165E+41  7.5391E+41  6.6777E+34  1.7744E+40
  7.0790E+01  6.0941E+41  5.9523E+41  4.1948E+34  1.4183E+40
  7.4990E+01  4.7757E+41  4.6624E+41  2.6136E+34  1.1329E+40
  7.9430E+01  3.7184E+41  3.6279E+41  1.6174E+34  9.0505E+39
  8.4140E+01  2.8771E+41  2.8048E+41  9.9404E+33  7.2256E+39
  8.9130E+01  2.2149E+41  2.1573E+41  6.0777E+33  5.7665E+39
  9.4410E+01  1.6969E+41  1.6508E+41  3.6974E+33  4.6021E+39
  1.0000E+02  1.2940E+41  1.2573E+41  2.2388E+33  3.6722E+39
  1.0590E+02  9.8358E+40  9.5427E+40  1.3514E+33  2.9317E+39
  1.1220E+02  7.4498E+40  7.2163E+40  8.1247E+32  2.3358E+39
  1.1890E+02  5.6350E+40  5.4491E+40  4.8783E+32  1.8590E+39
  1.2590E+02  4.2767E+40  4.1283E+40  2.9398E+32  1.4838E+39
  1.3340E+02  3.2483E+40  3.1302E+40  1.7754E+32  1.1811E+39
  1.4130E+02  2.4473E+40  2.3532E+40  1.0678E+32  9.4117E+38
  1.4960E+02  1.8089E+40  1.7338E+40  6.2979E+31  7.5121E+38
  1.5850E+02  1.3267E+40  1.2669E+40  3.6772E+31  5.9781E+38
  1.7780E+02  7.1741E+39  6.7947E+39  1.2592E+31  3.7942E+38
  1.9950E+02  3.8742E+39  3.6337E+39  4.3133E+30  2.4043E+38
  2.2390E+02  2.0841E+39  1.9319E+39  1.4755E+30  1.5216E+38
  2.5120E+02  1.1187E+39  1.0224E+39  5.0487E+29  9.6376E+37
  2.8180E+02  5.9921E+38  5.3816E+38  1.7287E+29  6.1043E+37
  3.1620E+02  3.2029E+38  2.8167E+38  5.9247E+28  3.8617E+37
  3.5480E+02  1.7122E+38  1.4680E+38  2.0367E+28  2.4421E+37
  3.9810E+02  9.1645E+37  7.6203E+37  7.0356E+27  1.5442E+37
  4.4670E+02  4.9172E+37  3.9412E+37  2.4447E+27  9.7603E+36
  5.0120E+02  2.6495E+37  2.0325E+37  8.5589E+26  6.1695E+36
  5.6230E+02  1.4357E+37  1.0457E+37  3.0222E+26  3.9003E+36
  6.3100E+02  7.8245E+36  5.3616E+36  1.0764E+26  2.4629E+36
  7.0790E+02  4.3026E+36  2.7458E+36  3.8759E+25  1.5568E+36
  7.9430E+02  2.3856E+36  1.4023E+36  1.4090E+25  9.8325E+35
  8.9130E+02  1.3355E+36  7.1468E+35  5.1732E+24  6.2077E+35
  1.0000E+03  7.5595E+35  3.6382E+35  1.9199E+24  3.9214E+35
