  1.0000E-03  9.5017E+44  0.0000E+00  7.3552E+43  8.7662E+44
  1.1220E-03  1.0587E+45  0.0000E+00  7.5122E+43  9.8357E+44
  1.2590E-03  1.1779E+45  0.0000E+00  7.4170E+43  1.1037E+45
  1.4130E-03  1.3107E+45  0.0000E+00  7.2028E+43  1.2387E+45
  1.5850E-03  1.4616E+45  0.0000E+00  7.2143E+43  1.3894E+45
  1.7780E-03  1.6473E+45  0.0000E+00  8.8719E+43  1.5586E+45
  1.9950E-03  1.8366E+45  0.0000E+00  8.7810E+43  1.7488E+45
  2.2390E-03  2.0477E+45  0.0000E+00  8.4980E+43  1.9627E+45
  2.5120E-03  2.3099E+45  0.0000E+00  1.0787E+44  2.2020E+45
  2.8180E-03  2.5777E+45  0.0000E+00  1.0749E+44  2.4702E+45
  3.1620E-03  2.8782E+45  0.0000E+00  1.0639E+44  2.7718E+45
  3.5480E-03  3.2147E+45  0.0000E+00  1.0444E+44  3.1103E+45
  3.9810E-03  3.5912E+45  0.0000E+00  1.0140E+44  3.4898E+45
  4.4670E-03  4.1330E+45  0.0000E+00  2.1714E+44  3.9158E+45
  5.0120E-03  4.6406E+45  0.0000E+00  2.4704E+44  4.3936E+45
  5.6230E-03  5.2075E+45  0.0000E+00  2.7829E+44  4.9292E+45
  5.9570E-03  5.5160E+45  0.0000E+00  2.9397E+44  5.2220E+45
  6.6830E-03  6.1835E+45  0.0000E+00  3.2502E+44  5.8585E+45
  7.4990E-03  6.9338E+45  0.0000E+00  3.5999E+44  6.5738E+45
  8.4140E-03  7.7675E+45  0.0000E+00  3.9168E+44  7.3758E+45
  9.4410E-03  8.6990E+45  0.0000E+00  4.2293E+44  8.2761E+45
  1.0590E-02  9.7352E+45  0.0000E+00  4.5193E+44  9.2833E+45
  1.1890E-02  1.0918E+46  0.0000E+00  4.9544E+44  1.0423E+46
  1.3340E-02  1.2224E+46  0.0000E+00  5.2983E+44  1.1694E+46
  1.4960E-02  1.3681E+46  0.0000E+00  5.6717E+44  1.3114E+46
  1.6790E-02  1.5323E+46  0.0000E+00  6.0486E+44  1.4718E+46
  1.8840E-02  1.7159E+46  0.0000E+00  6.4386E+44  1.6515E+46
  2.1130E-02  1.9213E+46  0.0000E+00  6.8937E+44  1.8524E+46
  2.3710E-02  2.1520E+46  0.0000E+00  7.3586E+44  2.0785E+46
  2.6610E-02  2.4110E+46  0.0000E+00  7.8365E+44  2.3326E+46
  2.9850E-02  2.6999E+46  7.4100E-83  8.3226E+44  2.6166E+46
  3.3500E-02  3.0245E+46  4.6987E-68  8.7884E+44  2.9367E+46
  3.7580E-02  3.3883E+46  5.8736E-55  9.4029E+44  3.2942E+46
  4.2170E-02  3.8130E+46  2.5328E-43  1.1630E+45  3.6967E+46
  4.7320E-02  4.2715E+46  6.6089E-33  1.2335E+45  4.1482E+46
  5.3090E-02  4.4394E+46  1.1753E-23  1.1819E+45  4.3212E+46
  6.6830E-02  4.2133E+46  4.1135E-08  8.6442E+44  4.1268E+46
  7.4990E-02  4.1029E+46  1.3176E-01  7.0109E+44  4.0328E+46
  8.4140E-02  4.0119E+46  6.8372E+04  7.0853E+44  3.9410E+46
  9.4410E-02  3.9237E+46  8.0544E+09  7.2490E+44  3.8513E+46
  1.0590E-01  3.5859E+46  2.2369E+14  8.0319E+44  3.5055E+46
  1.1890E-01  3.0230E+46  1.7631E+18  7.6224E+44  2.9467E+46
  1.3340E-01  2.5494E+46  3.8301E+21  6.9837E+44  2.4795E+46
  1.4960E-01  2.1398E+46  4.4910E+24  5.1914E+44  2.0878E+46
  1.5850E-01  1.9576E+46  1.3228E+26  4.3121E+44  1.9145E+46
  1.7780E-01  1.6447E+46  6.6379E+28  3.3255E+44  1.6114E+46
  1.9950E-01  1.3791E+46  1.8162E+31  2.3318E+44  1.3558E+46
  2.2390E-01  1.1605E+46  2.0942E+33  2.0131E+44  1.1403E+46
  2.3710E-01  1.0690E+46  1.4318E+34  2.2609E+44  1.0464E+46
  2.5120E-01  9.8332E+45  8.4608E+34  2.3739E+44  9.5958E+45
  2.6610E-01  9.0314E+45  4.6315E+35  2.3022E+44  8.8012E+45
  2.8180E-01  8.2916E+45  2.3103E+36  2.1556E+44  8.0761E+45
  2.9850E-01  7.6085E+45  1.0469E+37  2.0058E+44  7.4079E+45
  3.1620E-01  6.9827E+45  4.2560E+37  1.8803E+44  6.7947E+45
  3.3500E-01  6.4072E+45  1.5773E+38  1.7635E+44  6.2308E+45
  3.5480E-01  5.8817E+45  5.3443E+38  1.6521E+44  5.7165E+45
  3.7580E-01  5.3991E+45  1.6731E+39  1.5490E+44  5.2442E+45
  3.9810E-01  4.9554E+45  4.8225E+39  1.4565E+44  4.8097E+45
  4.2170E-01  4.5492E+45  1.2770E+40  1.3759E+44  4.4116E+45
  4.4670E-01  4.1772E+45  3.1337E+40  1.3055E+44  4.0466E+45
  4.7320E-01  3.8354E+45  7.2289E+40  1.2385E+44  3.7115E+45
  5.0120E-01  3.5223E+45  1.5720E+41  1.1734E+44  3.4048E+45
  5.3090E-01  3.2346E+45  3.2401E+41  1.1114E+44  3.1232E+45
  5.6230E-01  2.9711E+45  6.3219E+41  1.0531E+44  2.8651E+45
  5.9570E-01  2.7285E+45  1.1756E+42  9.9773E+43  2.6276E+45
  6.3100E-01  2.5069E+45  2.0820E+42  9.4522E+43  2.4103E+45
  6.6830E-01  2.3044E+45  3.5172E+42  8.9508E+43  2.2114E+45
  7.0790E-01  2.1190E+45  5.6916E+42  8.4849E+43  2.0284E+45
  7.4990E-01  1.9497E+45  8.8382E+42  8.0411E+43  1.8605E+45
  7.9430E-01  1.7960E+45  1.3187E+43  7.6200E+43  1.7066E+45
  8.4140E-01  1.6566E+45  1.8983E+43  7.2332E+43  1.5653E+45
  8.9130E-01  1.5310E+45  2.6442E+43  6.8829E+43  1.4357E+45
  9.4410E-01  1.4184E+45  3.5658E+43  6.5746E+43  1.3170E+45
  1.0000E+00  1.3178E+45  4.6659E+43  6.2984E+43  1.2081E+45
  1.0590E+00  1.2285E+45  5.9370E+43  6.0587E+43  1.1086E+45
  1.1220E+00  1.1489E+45  7.3952E+43  5.8429E+43  1.0165E+45
  1.1890E+00  1.0786E+45  9.0327E+43  5.6403E+43  9.3183E+44
  1.2590E+00  1.0175E+45  1.0792E+44  5.4391E+43  8.5520E+44
  1.3340E+00  9.6332E+44  1.2681E+44  5.2407E+43  7.8411E+44
  1.4130E+00  9.1572E+44  1.4602E+44  5.0427E+43  7.1927E+44
  1.4960E+00  8.7383E+44  1.6526E+44  4.8308E+43  6.6026E+44
  1.5850E+00  8.3626E+44  1.8492E+44  4.5914E+43  6.0543E+44
  1.6790E+00  8.0233E+44  2.0388E+44  4.3137E+43  5.5530E+44
  1.7780E+00  7.7088E+44  2.2142E+44  3.9887E+43  5.0957E+44
  1.8840E+00  7.4103E+44  2.3766E+44  3.6189E+43  4.6719E+44
  1.9950E+00  7.1239E+44  2.5150E+44  3.2145E+43  4.2875E+44
  2.1130E+00  6.8401E+44  2.6276E+44  2.7929E+43  3.9333E+44
  2.2390E+00  6.5506E+44  2.7072E+44  2.3729E+43  3.6061E+44
  2.3710E+00  6.2551E+44  2.7487E+44  1.9731E+43  3.3092E+44
  2.5120E+00  5.9503E+44  2.7550E+44  1.6093E+43  3.0344E+44
  2.6610E+00  5.6359E+44  2.7237E+44  1.2895E+43  2.7832E+44
  2.8180E+00  5.3111E+44  2.6556E+44  1.0165E+43  2.5538E+44
  2.9850E+00  4.9792E+44  2.5576E+44  7.8979E+42  2.3426E+44
  3.1620E+00  4.6422E+44  2.4329E+44  6.0571E+42  2.1487E+44
  3.3500E+00  4.3111E+44  2.2947E+44  4.5975E+42  1.9704E+44
  3.5480E+00  3.9811E+44  2.1388E+44  3.4535E+42  1.8078E+44
  3.7580E+00  3.6604E+44  1.9763E+44  2.5712E+42  1.6583E+44
  3.9810E+00  3.3511E+44  1.8111E+44  1.8993E+42  1.5210E+44
  4.2170E+00  3.0559E+44  1.6469E+44  1.3933E+42  1.3951E+44
  4.4670E+00  2.7770E+44  1.4872E+44  1.0158E+42  1.2796E+44
  4.7320E+00  2.5169E+44  1.3359E+44  7.3631E+41  1.1737E+44
  5.0120E+00  2.2796E+44  1.1951E+44  5.3193E+41  1.0791E+44
  5.3090E+00  2.0291E+44  1.0651E+44  3.7734E+41  9.6024E+43
  5.6230E+00  1.7982E+44  9.4748E+43  2.6571E+41  8.4805E+43
  5.9570E+00  1.5877E+44  8.4267E+43  1.8589E+41  7.4316E+43
  6.3100E+00  1.3930E+44  7.4458E+43  1.2884E+41  6.4710E+43
  6.6830E+00  1.2251E+44  6.6408E+43  8.9149E+40  5.6014E+43
  7.0790E+00  1.0712E+44  5.8873E+43  6.0908E+40  4.8190E+43
  7.4990E+00  9.5711E+43  5.4440E+43  4.1785E+40  4.1229E+43
  7.9430E+00  9.5223E+43  6.0083E+43  3.1240E+40  3.5109E+43
  8.4140E+00  1.0262E+44  7.2839E+43  2.6285E+40  2.9752E+43
  8.9130E+00  1.0512E+44  7.9992E+43  2.2447E+40  2.5104E+43
  9.4410E+00  1.0354E+44  8.2417E+43  2.0471E+40  2.1101E+43
  1.0000E+01  8.6872E+43  6.9187E+43  1.5233E+40  1.7671E+43
  1.0590E+01  7.0498E+43  5.5729E+43  1.0750E+40  1.4758E+43
  1.1220E+01  5.5606E+43  4.3332E+43  6.8916E+39  1.2267E+43
  1.1890E+01  4.4163E+43  3.4000E+43  4.4046E+39  1.0159E+43
  1.2590E+01  3.5365E+43  2.6950E+43  2.7629E+39  8.4119E+42
  1.3340E+01  2.8678E+43  2.1744E+43  1.7181E+39  6.9319E+42
  1.4130E+01  2.4154E+43  1.8448E+43  1.0802E+39  5.7050E+42
  1.4960E+01  2.1949E+43  1.7257E+43  7.4295E+38  4.6919E+42
  1.5850E+01  2.0387E+43  1.6545E+43  5.4278E+38  3.8414E+42
  1.6790E+01  1.9069E+43  1.5928E+43  4.1488E+38  3.1409E+42
  1.7780E+01  1.7644E+43  1.5077E+43  3.2423E+38  2.5663E+42
  1.8840E+01  1.5896E+43  1.3807E+43  2.4924E+38  2.0888E+42
  1.9950E+01  1.3959E+43  1.2257E+43  1.8268E+38  1.7013E+42
  2.1130E+01  1.2220E+43  1.0838E+43  1.2946E+38  1.3827E+42
  2.2390E+01  1.0755E+43  9.6349E+42  9.1733E+37  1.1203E+42
  2.3710E+01  9.5048E+42  8.5961E+42  6.4892E+37  9.0864E+41
  2.5120E+01  8.3846E+42  7.6498E+42  4.5880E+37  7.3479E+41
  2.6610E+01  7.3670E+42  6.7732E+42  3.2212E+37  5.9383E+41
  2.8180E+01  6.4346E+42  5.9546E+42  2.2528E+37  4.7994E+41
  2.9850E+01  5.5638E+42  5.1766E+42  1.5626E+37  3.8717E+41
  3.1620E+01  4.7529E+42  4.4409E+42  1.0708E+37  3.1199E+41
  3.3500E+01  4.0044E+42  3.7534E+42  7.2425E+36  2.5106E+41
  3.5480E+01  3.3287E+42  3.1266E+42  4.8365E+36  2.0210E+41
  3.7580E+01  2.7266E+42  2.5640E+42  3.1833E+36  1.6253E+41
  3.9810E+01  2.1988E+42  2.0683E+42  2.0646E+36  1.3054E+41
  4.2170E+01  1.7499E+42  1.6451E+42  1.3207E+36  1.0479E+41
  4.4670E+01  1.3758E+42  1.2918E+42  8.3326E+35  8.4074E+40
  4.7320E+01  1.0704E+42  1.0030E+42  5.1955E+35  6.7400E+40
  5.0120E+01  8.2544E+41  7.7141E+41  3.2068E+35  5.4034E+40
  5.3090E+01  6.3107E+41  5.8779E+41  1.9605E+35  4.3282E+40
  5.6230E+01  4.7930E+41  4.4463E+41  1.1895E+35  3.4667E+40
  5.9570E+01  3.6150E+41  3.3377E+41  7.1604E+34  2.7728E+40
  6.3100E+01  2.7140E+41  2.4922E+41  4.2878E+34  2.2180E+40
  6.6830E+01  2.0299E+41  1.8525E+41  2.5566E+34  1.7744E+40
  7.0790E+01  1.5126E+41  1.3708E+41  1.5179E+34  1.4183E+40
  7.4990E+01  1.1235E+41  1.0102E+41  8.9816E+33  1.1329E+40
  7.9430E+01  8.3294E+40  7.4243E+40  5.3036E+33  9.0505E+39
  8.4140E+01  6.1629E+40  5.4403E+40  3.1245E+33  7.2256E+39
  8.9130E+01  4.5561E+40  3.9794E+40  1.8393E+33  5.7665E+39
  9.4410E+01  3.3663E+40  2.9061E+40  1.0821E+33  4.6021E+39
  1.0000E+02  2.4860E+40  2.1188E+40  6.3631E+32  3.6722E+39
  1.0590E+02  1.8377E+40  1.5445E+40  3.7463E+32  2.9317E+39
  1.1220E+02  1.3584E+40  1.1248E+40  2.2047E+32  2.3358E+39
  1.1890E+02  1.0065E+40  8.2056E+39  1.3007E+32  1.8590E+39
  1.2590E+02  7.5144E+39  6.0306E+39  7.7338E+31  1.4838E+39
  1.3340E+02  5.6306E+39  4.4495E+39  4.6210E+31  1.1811E+39
  1.4130E+02  4.1984E+39  3.2572E+39  2.7586E+31  9.4117E+38
  1.4960E+02  3.0830E+39  2.3318E+39  1.6218E+31  7.5121E+38
  1.5850E+02  2.2545E+39  1.6567E+39  9.4741E+30  5.9781E+38
  1.7780E+02  1.2257E+39  8.4629E+38  3.2823E+30  3.7942E+38
  1.9950E+02  6.7479E+38  4.3435E+38  1.1523E+30  2.4043E+38
  2.2390E+02  3.7504E+38  2.2288E+38  4.0888E+29  1.5216E+38
  2.5120E+02  2.1076E+38  1.1439E+38  1.4680E+29  9.6376E+37
  2.8180E+02  1.1968E+38  5.8632E+37  5.3277E+28  6.1043E+37
  3.1620E+02  6.8599E+37  2.9982E+37  1.9520E+28  3.8617E+37
  3.5480E+02  3.9731E+37  1.5310E+37  7.2224E+27  2.4421E+37
  3.9810E+02  2.3249E+37  7.8074E+36  2.6989E+27  1.5442E+37
  4.4670E+02  1.3736E+37  3.9757E+36  1.0174E+27  9.7603E+36
  5.0120E+02  8.1920E+36  2.0226E+36  3.8681E+26  6.1695E+36
  5.6230E+02  4.9286E+36  1.0283E+36  1.4815E+26  3.9003E+36
  6.3100E+02  2.9847E+36  5.2172E+35  5.7065E+25  2.4629E+36
  7.0790E+02  1.8215E+36  2.6475E+35  2.2128E+25  1.5568E+36
  7.9430E+02  1.1174E+36  1.3413E+35  8.6152E+24  9.8325E+35
  8.9130E+02  6.8865E+35  6.7876E+34  3.3669E+24  6.2077E+35
  1.0000E+03  4.2647E+35  3.4338E+34  1.3212E+24  3.9214E+35
