  1.0000E-03  4.3217E+43  8.5068E-01  3.5937E+42  3.9623E+43
  1.1220E-03  2.4008E+43  6.7719E-01  3.7042E+42  2.0304E+43
  1.2590E-03  1.3547E+43  5.5625E-01  3.6497E+42  9.8973E+42
  1.4130E-03  8.1118E+42  4.7075E-01  3.4629E+42  4.6489E+42
  1.5850E-03  5.7919E+42  4.2419E-01  3.3089E+42  2.4830E+42
  1.7780E-03  6.0278E+42  4.3466E-01  3.8814E+42  2.1464E+42
  1.9950E-03  3.9992E+42  3.4301E-01  3.4353E+42  5.6386E+41
  2.2390E-03  3.1299E+42  3.0000E-01  2.9221E+42  2.0772E+41
  2.5120E-03  3.6326E+42  2.9666E-01  3.4908E+42  1.4181E+41
  2.8180E-03  2.8062E+42  2.2978E-01  2.7861E+42  2.0133E+40
  3.1620E-03  2.2157E+42  1.9132E-01  2.2122E+42  3.5324E+39
  3.5480E-03  1.7556E+42  1.6594E-01  1.7549E+42  6.9078E+38
  3.9810E-03  1.4099E+42  1.4980E-01  1.4097E+42  1.5868E+38
  4.4670E-03  8.1569E+42  5.5380E-01  8.0549E+42  1.0199E+41
  5.0120E-03  6.3541E+42  4.1825E-01  6.3419E+42  1.2243E+40
  5.6230E-03  4.8668E+42  3.2846E-01  4.8653E+42  1.4968E+39
  5.9570E-03  4.2610E+42  2.9619E-01  4.2604E+42  5.4929E+38
  6.6830E-03  3.3545E+42  2.5207E-01  3.3544E+42  9.2570E+37
  7.4990E-03  2.8060E+42  2.2706E-01  2.8060E+42  2.3031E+37
  8.4140E-03  2.2452E+42  2.0189E-01  2.2451E+42  4.3487E+36
  9.4410E-03  1.8688E+42  1.8737E-01  1.8688E+42  1.1594E+36
  1.0590E-02  1.6760E+42  1.8648E-01  1.6760E+42  6.5932E+35
  1.1890E-02  1.4483E+42  1.7261E-01  1.4483E+42  1.4674E+35
  1.3340E-02  1.2441E+42  1.6545E-01  1.2441E+42  4.8500E+34
  1.4960E-02  1.0393E+42  1.5513E-01  1.0393E+42  1.1660E+34
  1.6790E-02  8.7399E+41  1.4755E-01  8.7399E+41  3.2140E+33
  1.8840E-02  7.4548E+41  1.4238E-01  7.4548E+41  1.0557E+33
  2.1130E-02  6.3973E+41  1.3621E-01  6.3973E+41  2.9737E+32
  2.3710E-02  5.3978E+41  1.3001E-01  5.3978E+41  7.9273E+31
  2.6610E-02  4.4539E+41  1.2302E-01  4.4539E+41  1.8573E+31
  2.9850E-02  3.6642E+41  1.1641E-01  3.6642E+41  4.4508E+30
  3.3500E-02  2.9903E+41  1.0998E-01  2.9903E+41  1.0397E+30
  3.7580E-02  3.0423E+41  1.1917E-01  3.0423E+41  7.6923E+29
  4.2170E-02  2.8467E+41  1.1318E-01  2.8467E+41  1.7629E+29
  4.7320E-02  1.6552E+41  8.4279E-02  1.6552E+41  4.7271E+27
  5.3090E-02  8.1888E+40  5.4849E-02  8.1888E+40  5.6717E+25
  6.6830E-02  6.9423E+39  1.0567E-02  6.9423E+39  1.2210E+18
  7.4990E-02  1.4372E+39  3.6810E-03  1.4372E+39  1.5466E+13
  8.4140E-02  1.9971E+39  4.8129E-03  1.9971E+39  2.4798E+14
  9.4410E-02  2.6796E+39  5.9012E-03  2.6796E+39  1.6944E+15
  1.0590E-01  8.3562E+39  1.2276E-02  8.3562E+39  4.0438E+18
  1.1890E-01  2.6841E+40  5.2624E+00  2.6841E+40  2.5706E+22
  1.3340E-01  6.6205E+40  8.1904E+05  6.6205E+40  1.4036E+25
  1.4960E-01  1.1127E+41  1.5980E+10  1.1127E+41  7.7032E+26
  1.5850E-01  1.1687E+41  7.9755E+11  1.1687E+41  1.5167E+27
  1.7780E-01  7.8326E+40  1.7524E+14  7.8326E+40  3.5820E+26
  1.9950E-01  1.6343E+40  3.1698E+14  1.6343E+40  1.6908E+23
  2.2390E-01  6.0550E+39  1.9152E+15  6.0550E+39  1.5210E+21
  2.3710E-01  1.3763E+40  5.6126E+17  1.3763E+40  3.5986E+23
  2.5120E-01  3.1905E+40  1.6745E+20  3.1905E+40  1.0783E+26
  2.6610E-01  5.4814E+40  1.3359E+22  5.4814E+40  5.0098E+27
  2.8180E-01  7.8395E+40  4.6980E+23  7.8395E+40  7.8525E+28
  2.9850E-01  1.0264E+41  1.0053E+25  1.0264E+41  6.7783E+29
  3.1620E-01  1.3093E+41  1.6584E+26  1.3093E+41  4.6453E+30
  3.3500E-01  1.6324E+41  2.2384E+27  1.6324E+41  2.6955E+31
  3.5480E-01  1.9735E+41  2.4316E+28  1.9735E+41  1.2916E+32
  3.7580E-01  2.3680E+41  2.4110E+29  2.3680E+41  6.0226E+32
  3.9810E-01  2.7946E+41  1.9977E+30  2.7946E+41  2.4342E+33
  4.2170E-01  3.3495E+41  1.6535E+31  3.3495E+41  1.0982E+34
  4.4670E-01  4.0027E+41  1.2210E+32  4.0027E+41  4.6691E+34
  4.7320E-01  4.7484E+41  8.2871E+32  4.7484E+41  1.9105E+35
  5.0120E-01  5.5710E+41  5.1219E+33  5.5710E+41  7.4046E+35
  5.3090E-01  6.5154E+41  3.0302E+34  6.5153E+41  2.8892E+36
  5.6230E-01  7.4905E+41  1.5623E+35  7.4904E+41  1.0012E+37
  5.9570E-01  8.5033E+41  7.3076E+35  8.5030E+41  3.2271E+37
  6.3100E-01  9.5873E+41  3.1957E+36  9.5863E+41  1.0098E+38
  6.6830E-01  1.0716E+42  1.3066E+37  1.0713E+42  3.0599E+38
  7.0790E-01  1.1897E+42  4.9604E+37  1.1888E+42  8.8527E+38
  7.4990E-01  1.3048E+42  1.7079E+38  1.3023E+42  2.3655E+39
  7.9430E-01  1.4212E+42  5.4850E+38  1.4146E+42  6.0538E+39
  8.4140E-01  1.5404E+42  1.6596E+39  1.5238E+42  1.4948E+40
  8.9130E-01  1.6771E+42  4.8693E+39  1.6354E+42  3.6833E+40
  9.4410E-01  1.8357E+42  1.3382E+40  1.7359E+42  8.6458E+40
  1.0000E+00  2.0352E+42  3.3746E+40  1.8137E+42  1.8780E+41
  1.0590E+00  2.3328E+42  7.8801E+40  1.8726E+42  3.8140E+41
  1.1220E+00  2.8203E+42  1.7345E+41  1.9122E+42  7.3466E+41
  1.1890E+00  3.6472E+42  3.6269E+41  1.9308E+42  1.3537E+42
  1.2590E+00  5.0733E+42  7.2556E+41  1.9291E+42  2.4186E+42
  1.3340E+00  7.3597E+42  1.3701E+42  1.9020E+42  4.0876E+42
  1.4130E+00  1.0726E+43  2.4088E+42  1.8524E+42  6.4653E+42
  1.4960E+00  1.5467E+43  3.9913E+42  1.7831E+42  9.6930E+42
  1.5850E+00  2.1934E+43  6.3245E+42  1.6943E+42  1.3915E+43
  1.6790E+00  3.0496E+43  9.6096E+42  1.5885E+42  1.9298E+43
  1.7780E+00  4.1381E+43  1.4011E+43  1.4655E+42  2.5904E+43
  1.8840E+00  5.4561E+43  1.9649E+43  1.3268E+42  3.3584E+43
  1.9950E+00  6.9738E+43  2.6442E+43  1.1778E+42  4.2118E+43
  2.1130E+00  8.6254E+43  3.4191E+43  1.0240E+42  5.1039E+43
  2.2390E+00  1.0320E+44  4.2494E+43  8.7165E+41  5.9838E+43
  2.3710E+00  1.1964E+44  5.0817E+43  7.2741E+41  6.8096E+43
  2.5120E+00  1.3459E+44  5.8699E+43  5.9592E+41  7.5290E+43
  2.6610E+00  1.4735E+44  6.5642E+43  4.8012E+41  8.1232E+43
  2.8180E+00  1.5749E+44  7.1270E+43  3.8094E+41  8.5840E+43
  2.9850E+00  1.6472E+44  7.5411E+43  2.9814E+41  8.9010E+43
  3.1620E+00  1.6906E+44  7.7957E+43  2.3049E+41  9.0873E+43
  3.3500E+00  1.7059E+44  7.9054E+43  1.7635E+41  9.1359E+43
  3.5480E+00  1.6976E+44  7.8687E+43  1.3367E+41  9.0939E+43
  3.7580E+00  1.6681E+44  7.7118E+43  1.0044E+41  8.9587E+43
  3.9810E+00  1.6207E+44  7.4525E+43  7.4896E+40  8.7470E+43
  4.2170E+00  1.5595E+44  7.1118E+43  5.5473E+40  8.4778E+43
  4.4670E+00  1.4880E+44  6.7115E+43  4.0834E+40  8.1645E+43
  4.7320E+00  1.4091E+44  6.2730E+43  2.9875E+40  7.8147E+43
  5.0120E+00  1.3275E+44  5.8152E+43  2.1778E+40  7.4577E+43
  5.3090E+00  1.2204E+44  5.3490E+43  1.5517E+40  6.8539E+43
  5.6230E+00  1.1115E+44  4.8908E+43  1.0956E+40  6.2231E+43
  5.9570E+00  1.0035E+44  4.4520E+43  7.6693E+39  5.5819E+43
  6.3100E+00  8.9813E+43  4.0171E+43  5.3152E+39  4.9638E+43
  6.6830E+00  8.0190E+43  3.6458E+43  3.6671E+39  4.3728E+43
  7.0790E+00  7.1073E+43  3.2839E+43  2.4966E+39  3.8232E+43
  7.4990E+00  6.2613E+43  3.0108E+43  1.6877E+39  3.2503E+43
  7.9430E+00  5.4537E+43  2.9783E+43  1.1893E+39  2.4753E+43
  8.4140E+00  4.5704E+43  2.9320E+43  9.1233E+38  1.6384E+43
  8.9130E+00  3.7346E+43  2.6621E+43  7.2670E+38  1.0724E+43
  9.4410E+00  3.0193E+43  2.3145E+43  6.3079E+38  7.0465E+42
  1.0000E+01  2.8213E+43  2.1595E+43  4.8127E+38  6.6183E+42
  1.0590E+01  2.6606E+43  2.0081E+43  3.5198E+38  6.5246E+42
  1.1220E+01  2.4790E+43  1.8271E+43  2.3492E+38  6.5192E+42
  1.1890E+01  2.2304E+43  1.6130E+43  1.5473E+38  6.1746E+42
  1.2590E+01  1.9813E+43  1.4108E+43  9.9326E+37  5.7050E+42
  1.3340E+01  1.7385E+43  1.2287E+43  6.2678E+37  5.0981E+42
  1.4130E+01  1.5324E+43  1.0949E+43  3.9575E+37  4.3752E+42
  1.4960E+01  1.3866E+43  1.0344E+43  2.7021E+37  3.5229E+42
  1.5850E+01  1.2716E+43  9.9445E+42  1.9592E+37  2.7714E+42
  1.6790E+01  1.1784E+43  9.6179E+42  1.4904E+37  2.1659E+42
  1.7780E+01  1.0996E+43  9.2805E+42  1.1656E+37  1.7156E+42
  1.8840E+01  1.0290E+43  8.8926E+42  9.0298E+36  1.3974E+42
  1.9950E+01  9.6425E+42  8.4660E+42  6.7103E+36  1.1765E+42
  2.1130E+01  9.0818E+42  8.0899E+42  4.8370E+36  9.9183E+41
  2.2390E+01  8.6161E+42  7.7881E+42  3.4974E+36  8.2798E+41
  2.3710E+01  8.2271E+42  7.5383E+42  2.5339E+36  6.8874E+41
  2.5120E+01  7.8677E+42  7.2986E+42  1.8431E+36  5.6902E+41
  2.6610E+01  7.5153E+42  7.0465E+42  1.3368E+36  4.6874E+41
  2.8180E+01  7.1465E+42  6.7612E+42  9.6948E+35  3.8528E+41
  2.9850E+01  6.7369E+42  6.4213E+42  6.9974E+35  3.1558E+41
  3.1620E+01  6.2768E+42  6.0188E+42  5.0028E+35  2.5799E+41
  3.3500E+01  5.7653E+42  5.5548E+42  3.5372E+35  2.1045E+41
  3.5480E+01  5.2145E+42  5.0429E+42  2.4715E+35  1.7161E+41
  3.7580E+01  4.6391E+42  4.4993E+42  1.7031E+35  1.3975E+41
  3.9810E+01  4.0551E+42  3.9414E+42  1.1564E+35  1.1368E+41
  4.2170E+01  3.4879E+42  3.3955E+42  7.7400E+34  9.2406E+40
  4.4670E+01  2.9548E+42  2.8797E+42  5.1049E+34  7.5029E+40
  4.7320E+01  2.4687E+42  2.4079E+42  3.3236E+34  6.0832E+40
  5.0120E+01  2.0367E+42  1.9874E+42  2.1387E+34  4.9285E+40
  5.3090E+01  1.6599E+42  1.6201E+42  1.3609E+34  3.9865E+40
  5.6230E+01  1.3389E+42  1.3066E+42  8.5782E+33  3.2216E+40
  5.9570E+01  1.0687E+42  1.0427E+42  5.3555E+33  2.5977E+40
  6.3100E+01  8.4586E+41  8.2493E+41  3.3190E+33  2.0932E+40
  6.6830E+01  6.6445E+41  6.4759E+41  2.0437E+33  1.6856E+40
  7.0790E+01  5.1823E+41  5.0468E+41  1.2506E+33  1.3552E+40
  7.4990E+01  4.0150E+41  3.9062E+41  7.6104E+32  1.0881E+40
  7.9430E+01  3.0936E+41  3.0062E+41  4.6115E+32  8.7329E+39
  8.4140E+01  2.3710E+41  2.3010E+41  2.7818E+32  7.0006E+39
  8.9130E+01  1.8098E+41  1.7537E+41  1.6732E+32  5.6071E+39
  9.4410E+01  1.3761E+41  1.3312E+41  1.0035E+32  4.4891E+39
  1.0000E+02  1.0423E+41  1.0064E+41  6.0024E+31  3.5921E+39
  1.0590E+02  7.8778E+40  7.5903E+40  3.5865E+31  2.8748E+39
  1.1220E+02  5.9381E+40  5.7086E+40  2.1382E+31  2.2954E+39
  1.1890E+02  4.4755E+40  4.2925E+40  1.2756E+31  1.8303E+39
  1.2590E+02  3.3900E+40  3.2437E+40  7.6551E+30  1.4633E+39
  1.3340E+02  2.5734E+40  2.4568E+40  4.6120E+30  1.1663E+39
  1.4130E+02  1.9360E+40  1.8430E+40  2.7677E+30  9.3061E+38
  1.4960E+02  1.4248E+40  1.3504E+40  1.6277E+30  7.4376E+38
  1.5850E+02  1.0404E+40  9.8113E+39  9.4870E+29  5.9258E+38
  1.7780E+02  5.5952E+39  5.2184E+39  3.2542E+29  3.7682E+38
  1.9950E+02  3.0141E+39  2.7750E+39  1.1230E+29  2.3914E+38
  2.2390E+02  1.6205E+39  1.4690E+39  3.8889E+28  1.5151E+38
  2.5120E+02  8.7086E+38  7.7481E+38  1.3536E+28  9.6049E+37
  2.8180E+02  4.6766E+38  4.0678E+38  4.7356E+27  6.0879E+37
  3.1620E+02  2.5099E+38  2.1245E+38  1.6654E+27  3.8535E+37
  3.5480E+02  1.3491E+38  1.1053E+38  5.8966E+26  2.4380E+37
  3.9810E+02  7.2716E+37  5.7295E+37  2.1054E+26  1.5421E+37
  4.4670E+02  3.9350E+37  2.9600E+37  7.5825E+25  9.7498E+36
  5.0120E+02  2.1416E+37  1.5251E+37  2.7570E+25  6.1642E+36
  5.6230E+02  1.1739E+37  7.8410E+36  1.0122E+25  3.8977E+36
  6.3100E+02  6.4796E+36  4.0180E+36  3.7484E+24  2.4616E+36
  7.0790E+02  3.6129E+36  2.0568E+36  1.4024E+24  1.5561E+36
  7.9430E+02  2.0330E+36  1.0501E+36  5.2884E+23  9.8291E+35
  8.9130E+02  1.1556E+36  5.3503E+35  2.0095E+23  6.2060E+35
  1.0000E+03  6.6435E+35  2.7230E+35  7.6960E+22  3.9205E+35
