  1.0000E-03  1.0003E+45  0.0000E+00  1.2366E+44  8.7662E+44
  1.1220E-03  1.1115E+45  0.0000E+00  1.2789E+44  9.8357E+44
  1.2590E-03  1.2320E+45  0.0000E+00  1.2833E+44  1.1037E+45
  1.4130E-03  1.3653E+45  0.0000E+00  1.2658E+44  1.2387E+45
  1.5850E-03  1.5171E+45  0.0000E+00  1.2770E+44  1.3894E+45
  1.7780E-03  1.7118E+45  0.0000E+00  1.5320E+44  1.5586E+45
  1.9950E-03  1.8997E+45  0.0000E+00  1.5085E+44  1.7488E+45
  2.2390E-03  2.1077E+45  0.0000E+00  1.4500E+44  1.9627E+45
  2.5120E-03  2.3751E+45  0.0000E+00  1.7307E+44  2.2020E+45
  2.8180E-03  2.6352E+45  0.0000E+00  1.6502E+44  2.4702E+45
  3.1620E-03  2.9283E+45  0.0000E+00  1.5646E+44  2.7718E+45
  3.5480E-03  3.2574E+45  0.0000E+00  1.4715E+44  3.1103E+45
  3.9810E-03  3.6265E+45  0.0000E+00  1.3666E+44  3.4898E+45
  4.4670E-03  4.2840E+45  0.0000E+00  3.6821E+44  3.9158E+45
  5.0120E-03  4.8092E+45  0.0000E+00  4.1565E+44  4.3936E+45
  5.6230E-03  5.3949E+45  0.0000E+00  4.6568E+44  4.9292E+45
  5.9570E-03  5.7129E+45  0.0000E+00  4.9087E+44  5.2220E+45
  6.6830E-03  6.3991E+45  0.0000E+00  5.4057E+44  5.8585E+45
  7.4990E-03  7.1680E+45  0.0000E+00  5.9418E+44  6.5738E+45
  8.4140E-03  8.0161E+45  0.0000E+00  6.4029E+44  7.3758E+45
  9.4410E-03  8.9615E+45  0.0000E+00  6.8543E+44  8.2761E+45
  1.0590E-02  1.0014E+46  0.0000E+00  7.3047E+44  9.2833E+45
  1.1890E-02  1.1201E+46  0.0000E+00  7.7788E+44  1.0423E+46
  1.3340E-02  1.2515E+46  0.0000E+00  8.2055E+44  1.1694E+46
  1.4960E-02  1.3977E+46  0.0000E+00  8.6259E+44  1.3114E+46
  1.6790E-02  1.5625E+46  0.0000E+00  9.0607E+44  1.4718E+46
  1.8840E-02  1.7467E+46  0.0000E+00  9.5170E+44  1.6515E+46
  2.1130E-02  1.9524E+46  0.0000E+00  1.0001E+45  1.8524E+46
  2.3710E-02  2.1835E+46  0.0000E+00  1.0504E+45  2.0785E+46
  2.6610E-02  2.4428E+46  0.0000E+00  1.1014E+45  2.3326E+46
  2.9850E-02  2.7318E+46  1.5366E-82  1.1514E+45  2.6166E+46
  3.3500E-02  3.0562E+46  9.5536E-68  1.1958E+45  2.9367E+46
  3.7580E-02  3.4215E+46  1.1940E-54  1.2723E+45  3.2942E+46
  4.2170E-02  3.8539E+46  5.0552E-43  1.5717E+45  3.6967E+46
  4.7320E-02  4.3089E+46  1.2604E-32  1.6070E+45  4.1482E+46
  5.3090E-02  4.4686E+46  2.1410E-23  1.4738E+45  4.3212E+46
  6.6830E-02  4.2218E+46  6.6502E-08  9.4985E+44  4.1268E+46
  7.4990E-02  4.1041E+46  1.9884E-01  7.1287E+44  4.0328E+46
  8.4140E-02  4.0148E+46  1.0410E+05  7.3837E+44  3.9410E+46
  9.4410E-02  3.9284E+46  1.2327E+10  7.7102E+44  3.8513E+46
  1.0590E-01  3.5977E+46  3.5653E+14  9.2114E+44  3.5055E+46
  1.1890E-01  3.0425E+46  3.0804E+18  9.5730E+44  2.9467E+46
  1.3340E-01  2.5738E+46  7.4851E+21  9.4276E+44  2.4795E+46
  1.4960E-01  2.1589E+46  9.6801E+24  7.1066E+44  2.0878E+46
  1.5850E-01  1.9716E+46  2.9006E+26  5.7041E+44  1.9145E+46
  1.7780E-01  1.6524E+46  1.3752E+29  4.0927E+44  1.6114E+46
  1.9950E-01  1.3825E+46  3.2359E+31  2.6668E+44  1.3558E+46
  2.2390E-01  1.1626E+46  3.3845E+33  2.2277E+44  1.1403E+46
  2.3710E-01  1.0725E+46  2.4135E+34  2.6030E+44  1.0464E+46
  2.5120E-01  9.8793E+45  1.5137E+35  2.8347E+44  9.5958E+45
  2.6610E-01  9.0812E+45  8.6708E+35  2.8000E+44  8.8012E+45
  2.8180E-01  8.3404E+45  4.4696E+36  2.6436E+44  8.0761E+45
  2.9850E-01  7.6550E+45  2.0795E+37  2.4712E+44  7.4079E+45
  3.1620E-01  7.0274E+45  8.6588E+37  2.3275E+44  6.7947E+45
  3.3500E-01  6.4500E+45  3.2797E+38  2.1916E+44  6.2308E+45
  3.5480E-01  5.9226E+45  1.1325E+39  2.0615E+44  5.7165E+45
  3.7580E-01  5.4383E+45  3.6058E+39  1.9410E+44  5.2442E+45
  3.9810E-01  4.9932E+45  1.0561E+40  1.8349E+44  4.8097E+45
  4.2170E-01  4.5863E+45  2.8410E+40  1.7468E+44  4.4116E+45
  4.4670E-01  4.2139E+45  7.0807E+40  1.6722E+44  4.0466E+45
  4.7320E-01  3.8719E+45  1.6575E+41  1.6027E+44  3.7115E+45
  5.0120E-01  3.5587E+45  3.6538E+41  1.5358E+44  3.4048E+45
  5.3090E-01  3.2713E+45  7.6256E+41  1.4738E+44  3.1232E+45
  5.6230E-01  3.0082E+45  1.5051E+42  1.4162E+44  2.8651E+45
  5.9570E-01  2.7667E+45  2.8284E+42  1.3627E+44  2.6276E+45
  6.3100E-01  2.5467E+45  5.0577E+42  1.3136E+44  2.4103E+45
  6.6830E-01  2.3468E+45  8.6172E+42  1.2683E+44  2.2114E+45
  7.0790E-01  2.1653E+45  1.4057E+43  1.2282E+44  2.0284E+45
  7.4990E-01  2.0016E+45  2.1984E+43  1.1911E+44  1.8605E+45
  7.9430E-01  1.8554E+45  3.3014E+43  1.1576E+44  1.7066E+45
  8.4140E-01  1.7261E+45  4.7769E+43  1.1301E+44  1.5653E+45
  8.9130E-01  1.6135E+45  6.6818E+43  1.1091E+44  1.4357E+45
  9.4410E-01  1.5167E+45  9.0282E+43  1.0941E+44  1.3170E+45
  1.0000E+00  1.4343E+45  1.1802E+44  1.0816E+44  1.2081E+45
  1.0590E+00  1.3653E+45  1.4960E+44  1.0715E+44  1.1086E+45
  1.1220E+00  1.3077E+45  1.8505E+44  1.0607E+44  1.0165E+45
  1.1890E+00  1.2601E+45  2.2361E+44  1.0462E+44  9.3183E+44
  1.2590E+00  1.2208E+45  2.6320E+44  1.0238E+44  8.5520E+44
  1.3340E+00  1.1866E+45  3.0304E+44  9.9479E+43  7.8411E+44
  1.4130E+00  1.1554E+45  3.4015E+44  9.5932E+43  7.1927E+44
  1.4960E+00  1.1252E+45  3.7339E+44  9.1597E+43  6.6026E+44
  1.5850E+00  1.0949E+45  4.0307E+44  8.6380E+43  6.0543E+44
  1.6790E+00  1.0621E+45  4.2664E+44  8.0186E+43  5.5530E+44
  1.7780E+00  1.0254E+45  4.4276E+44  7.3028E+43  5.0957E+44
  1.8840E+00  9.8452E+44  4.5219E+44  6.5144E+43  4.6719E+44
  1.9950E+00  9.3963E+44  4.5403E+44  5.6855E+43  4.2875E+44
  2.1130E+00  8.9101E+44  4.4914E+44  4.8543E+43  3.9333E+44
  2.2390E+00  8.3885E+44  4.3770E+44  4.0550E+43  3.6061E+44
  2.3710E+00  7.8463E+44  4.2053E+44  3.3189E+43  3.3092E+44
  2.5120E+00  7.2934E+44  3.9922E+44  2.6674E+43  3.0344E+44
  2.6610E+00  6.7390E+44  3.7449E+44  2.1085E+43  2.7832E+44
  2.8180E+00  6.1901E+44  3.4721E+44  1.6415E+43  2.5538E+44
  2.9850E+00  5.6564E+44  3.1877E+44  1.2611E+43  2.3426E+44
  3.1620E+00  5.1422E+44  2.8978E+44  9.5737E+42  2.1487E+44
  3.3500E+00  4.6626E+44  2.6203E+44  7.1999E+42  1.9704E+44
  3.5480E+00  4.2101E+44  2.3487E+44  5.3668E+42  1.8078E+44
  3.7580E+00  3.7919E+44  2.0938E+44  3.9698E+42  1.6583E+44
  3.9810E+00  3.4072E+44  1.8570E+44  2.9167E+42  1.5210E+44
  4.2170E+00  3.0562E+44  1.6398E+44  2.1310E+42  1.3951E+44
  4.4670E+00  2.7377E+44  1.4426E+44  1.5492E+42  1.2796E+44
  4.7320E+00  2.4508E+44  1.2660E+44  1.1207E+42  1.1737E+44
  5.0120E+00  2.1967E+44  1.1094E+44  8.0866E+41  1.0791E+44
  5.3090E+00  1.9366E+44  9.7066E+43  5.7224E+41  9.6024E+43
  5.6230E+00  1.7013E+44  8.4920E+43  4.0180E+41  8.4805E+43
  5.9570E+00  1.4898E+44  7.4382E+43  2.8008E+41  7.4316E+43
  6.3100E+00  1.2973E+44  6.4824E+43  1.9345E+41  6.4710E+43
  6.6830E+00  1.1333E+44  5.7187E+43  1.3335E+41  5.6014E+43
  7.0790E+00  9.8495E+43  5.0214E+43  9.0778E+40  4.8190E+43
  7.4990E+00  8.6619E+43  4.5329E+43  6.1120E+40  4.1229E+43
  7.9430E+00  8.1561E+43  4.6410E+43  4.1954E+40  3.5109E+43
  8.4140E+00  8.2642E+43  5.2859E+43  3.0999E+40  2.9752E+43
  8.9130E+00  8.2594E+43  5.7466E+43  2.4165E+40  2.5104E+43
  9.4410E+00  8.1125E+43  6.0003E+43  2.0701E+40  2.1101E+43
  1.0000E+01  6.8268E+43  5.0582E+43  1.5800E+40  1.7671E+43
  1.0590E+01  5.5723E+43  4.0953E+43  1.1634E+40  1.4758E+43
  1.1220E+01  4.4513E+43  3.2238E+43  7.8990E+39  1.2267E+43
  1.1890E+01  3.5888E+43  2.5724E+43  5.3002E+39  1.0159E+43
  1.2590E+01  2.9300E+43  2.0885E+43  3.4833E+39  8.4119E+42
  1.3340E+01  2.4225E+43  1.7291E+43  2.2510E+39  6.9319E+42
  1.4130E+01  2.0690E+43  1.4984E+43  1.4467E+39  5.7050E+42
  1.4960E+01  1.8850E+43  1.4157E+43  9.8923E+38  4.6919E+42
  1.5850E+01  1.7576E+43  1.3734E+43  7.1577E+38  3.8414E+42
  1.6790E+01  1.6575E+43  1.3434E+43  5.4347E+38  3.1409E+42
  1.7780E+01  1.5537E+43  1.2971E+43  4.2543E+38  2.5663E+42
  1.8840E+01  1.4227E+43  1.2137E+43  3.3111E+38  2.0888E+42
  1.9950E+01  1.2704E+43  1.1003E+43  2.4768E+38  1.7013E+42
  2.1130E+01  1.1307E+43  9.9243E+42  1.7919E+38  1.3827E+42
  2.2390E+01  1.0111E+43  8.9907E+42  1.2930E+38  1.1203E+42
  2.3710E+01  9.0701E+42  8.1614E+42  9.2946E+37  9.0864E+41
  2.5120E+01  8.1156E+42  7.3807E+42  6.6664E+37  7.3479E+41
  2.6610E+01  7.2263E+42  6.6325E+42  4.7415E+37  5.9383E+41
  2.8180E+01  6.3908E+42  5.9109E+42  3.3551E+37  4.7994E+41
  2.9850E+01  5.5914E+42  5.2042E+42  2.3525E+37  3.8717E+41
  3.1620E+01  4.8295E+42  4.5175E+42  1.6283E+37  3.1199E+41
  3.3500E+01  4.1115E+42  3.8604E+42  1.1116E+37  2.5106E+41
  3.5480E+01  3.4512E+42  3.2491E+42  7.4880E+36  2.0210E+41
  3.7580E+01  2.8528E+42  2.6903E+42  4.9692E+36  1.6253E+41
  3.9810E+01  2.3201E+42  2.1896E+42  3.2480E+36  1.3054E+41
  4.2170E+01  1.8609E+42  1.7561E+42  2.0927E+36  1.0479E+41
  4.4670E+01  1.4737E+42  1.3896E+42  1.3293E+36  8.4074E+40
  4.7320E+01  1.1542E+42  1.0868E+42  8.3399E+35  6.7400E+40
  5.0120E+01  8.9538E+41  8.4135E+41  5.1772E+35  5.4034E+40
  5.3090E+01  6.8830E+41  6.4502E+41  3.1818E+35  4.3282E+40
  5.6230E+01  5.2537E+41  4.9070E+41  1.9397E+35  3.4667E+40
  5.9570E+01  3.9804E+41  3.7031E+41  1.1728E+35  2.7728E+40
  6.3100E+01  3.0005E+41  2.7787E+41  7.0510E+34  2.2180E+40
  6.6830E+01  2.2523E+41  2.0748E+41  4.2194E+34  1.7744E+40
  7.0790E+01  1.6838E+41  1.5419E+41  2.5136E+34  1.4183E+40
  7.4990E+01  1.2543E+41  1.1410E+41  1.4918E+34  1.1329E+40
  7.9430E+01  9.3220E+40  8.4169E+40  8.8339E+33  9.0505E+39
  8.4140E+01  6.9124E+40  6.1898E+40  5.2176E+33  7.2256E+39
  8.9130E+01  5.1198E+40  4.5431E+40  3.0786E+33  5.7665E+39
  9.4410E+01  3.7888E+40  3.3285E+40  1.8151E+33  4.6021E+39
  1.0000E+02  2.8014E+40  2.4342E+40  1.0694E+33  3.6722E+39
  1.0590E+02  2.0727E+40  1.7795E+40  6.3072E+32  2.9317E+39
  1.1220E+02  1.5331E+40  1.2995E+40  3.7178E+32  2.3358E+39
  1.1890E+02  1.1364E+40  9.5052E+39  2.1965E+32  1.8590E+39
  1.2590E+02  8.4861E+39  7.0023E+39  1.3076E+32  1.4838E+39
  1.3340E+02  6.3591E+39  5.1780E+39  7.8218E+31  1.1811E+39
  1.4130E+02  4.7398E+39  3.7986E+39  4.6737E+31  9.4117E+38
  1.4960E+02  3.4762E+39  2.7250E+39  2.7496E+31  7.5121E+38
  1.5850E+02  2.5380E+39  1.9402E+39  1.6071E+31  5.9781E+38
  1.7780E+02  1.3745E+39  9.9506E+38  5.5717E+30  3.7942E+38
  1.9950E+02  7.5296E+38  5.1252E+38  1.9563E+30  2.4043E+38
  2.2390E+02  4.1599E+38  2.6383E+38  6.9399E+29  1.5216E+38
  2.5120E+02  2.3217E+38  1.3579E+38  2.4897E+29  9.6376E+37
  2.8180E+02  1.3082E+38  6.9778E+37  9.0262E+28  6.1043E+37
  3.1620E+02  7.4380E+37  3.5763E+37  3.3028E+28  3.8617E+37
  3.5480E+02  4.2720E+37  1.8299E+37  1.2202E+28  2.4421E+37
  3.9810E+02  2.4790E+37  9.3486E+36  4.5525E+27  1.5442E+37
  4.4670E+02  1.4529E+37  4.7683E+36  1.7136E+27  9.7603E+36
  5.0120E+02  8.5987E+36  2.4293E+36  6.5048E+26  6.1695E+36
  5.6230E+02  5.1369E+36  1.2366E+36  2.4879E+26  3.9003E+36
  6.3100E+02  3.0911E+36  6.2815E+35  9.5708E+25  2.4629E+36
  7.0790E+02  1.8759E+36  3.1908E+35  3.7071E+25  1.5568E+36
  7.9430E+02  1.1451E+36  1.6180E+35  1.4419E+25  9.8325E+35
  8.9130E+02  7.0271E+35  8.1943E+34  5.6302E+24  6.2077E+35
  1.0000E+03  4.3362E+35  4.1485E+34  2.2078E+24  3.9214E+35
