  1.0000E-03  9.7178E+43  0.0000E+00  5.5400E+42  9.1638E+43
  1.1220E-03  6.3685E+43  0.0000E+00  5.6054E+42  5.8080E+43
  1.2590E-03  4.0861E+43  0.0000E+00  5.3498E+42  3.5512E+43
  1.4130E-03  2.6007E+43  0.0000E+00  4.8598E+42  2.1148E+43
  1.5850E-03  1.8269E+43  0.0000E+00  4.4222E+42  1.3847E+43
  1.7780E-03  1.7898E+43  0.0000E+00  4.9840E+42  1.2914E+43
  1.9950E-03  9.1025E+42  0.0000E+00  4.0621E+42  5.0404E+42
  2.2390E-03  5.7176E+42  0.0000E+00  3.1953E+42  2.5224E+42
  2.5120E-03  5.5877E+42  0.0000E+00  3.6036E+42  1.9841E+42
  2.8180E-03  3.0992E+42  0.0000E+00  2.6047E+42  4.9444E+41
  3.1620E-03  2.0479E+42  0.0000E+00  1.9041E+42  1.4383E+41
  3.5480E-03  1.4546E+42  0.0000E+00  1.4093E+42  4.5272E+40
  3.9810E-03  1.0870E+42  0.0000E+00  1.0710E+42  1.6017E+40
  4.4670E-03  1.1960E+43  0.0000E+00  1.0212E+43  1.7477E+42
  5.0120E-03  7.4580E+42  0.0000E+00  7.0704E+42  3.8758E+41
  5.6230E-03  4.9087E+42  0.0000E+00  4.8216E+42  8.7158E+40
  5.9570E-03  4.0471E+42  0.0000E+00  4.0043E+42  4.2815E+40
  6.6830E-03  2.8927E+42  0.0000E+00  2.8806E+42  1.2158E+40
  7.4990E-03  2.2343E+42  0.0000E+00  2.2297E+42  4.5880E+39
  8.4140E-03  1.6665E+42  0.0000E+00  1.6651E+42  1.4135E+39
  9.4410E-03  1.3031E+42  0.0000E+00  1.3025E+42  5.6019E+38
  1.0590E-02  1.0979E+42  0.0000E+00  1.0975E+42  3.8635E+38
  1.1890E-02  9.0081E+41  0.0000E+00  9.0067E+41  1.3410E+38
  1.3340E-02  7.3263E+41  0.0000E+00  7.3257E+41  6.2157E+37
  1.4960E-02  5.8148E+41  0.0000E+00  5.8146E+41  2.2823E+37
  1.6790E-02  4.6440E+41  0.0000E+00  4.6439E+41  9.2650E+36
  1.8840E-02  3.7569E+41  0.0000E+00  3.7568E+41  4.2765E+36
  2.1130E-02  3.0661E+41  0.0000E+00  3.0661E+41  1.7637E+36
  2.3710E-02  2.4593E+41  0.0000E+00  2.4593E+41  6.9891E+35
  2.6610E-02  1.9267E+41  0.0000E+00  1.9267E+41  2.5213E+35
  2.9850E-02  1.5003E+41  0.0000E+00  1.5003E+41  9.2520E+34
  3.3500E-02  1.1567E+41  2.0422E-77  1.1567E+41  3.3341E+34
  3.7580E-02  1.1707E+41  2.0736E-64  1.1707E+41  2.7620E+34
  4.2170E-02  1.0395E+41  4.0287E-53  1.0395E+41  9.8162E+33
  4.7320E-02  5.2313E+40  1.6212E-43  5.2313E+40  7.4066E+32
  5.3090E-02  2.2124E+40  3.1333E-35  2.2124E+40  3.0577E+31
  6.6830E-02  1.4461E+39  1.8782E-23  1.4461E+39  8.4272E+25
  7.4990E-02  3.8267E+38  2.4868E-19  3.8267E+38  2.4083E+22
  8.4140E-02  4.7158E+38  5.0415E-13  4.7158E+38  1.7664E+23
  9.4410E-02  5.9689E+38  1.5367E-07  5.9689E+38  6.9865E+23
  1.0590E-01  1.8452E+39  1.9647E-01  1.8452E+39  1.8597E+26
  1.1890E-01  7.6789E+39  1.2340E+05  7.6789E+39  9.8481E+28
  1.3340E-01  2.5502E+40  6.6830E+09  2.5502E+40  8.8543E+30
  1.4960E-01  5.4417E+40  6.1808E+13  5.4417E+40  1.5091E+32
  1.5850E-01  5.9126E+40  2.6492E+15  5.9126E+40  2.4033E+32
  1.7780E-01  3.3497E+40  7.1419E+17  3.3497E+40  8.2359E+31
  1.9950E-01  4.3296E+39  4.8868E+18  4.3296E+39  3.1955E+29
  2.2390E-01  1.2392E+39  5.9616E+19  1.2392E+39  1.0406E+28
  2.3710E-01  3.2474E+39  6.2797E+21  3.2474E+39  5.3176E+29
  2.5120E-01  8.9902E+39  6.6131E+23  8.9902E+39  3.2227E+31
  2.6610E-01  1.7495E+40  2.5856E+25  1.7495E+40  5.0729E+32
  2.8180E-01  2.7177E+40  5.3845E+26  2.7177E+40  3.6422E+33
  2.9850E-01  3.7858E+40  7.5819E+27  3.7858E+40  1.6980E+34
  3.1620E-01  5.0958E+40  8.5610E+28  5.0958E+40  6.6995E+34
  3.3500E-01  6.6640E+40  8.1306E+29  6.6640E+40  2.3435E+35
  3.5480E-01  8.3974E+40  6.4217E+30  8.3973E+40  7.1378E+35
  3.7580E-01  1.0450E+41  4.6449E+31  1.0450E+41  2.1334E+36
  3.9810E-01  1.2786E+41  2.8827E+32  1.2785E+41  5.7453E+36
  4.2170E-01  1.5887E+41  1.7516E+33  1.5886E+41  1.6771E+37
  4.4670E-01  1.9719E+41  9.6111E+33  1.9714E+41  4.6878E+37
  4.7320E-01  2.4307E+41  4.8865E+34  2.4294E+41  1.2745E+38
  5.0120E-01  2.9643E+41  2.2886E+35  2.9610E+41  3.3320E+38
  5.3090E-01  3.6083E+41  1.0266E+36  3.5995E+41  8.7566E+38
  5.6230E-01  4.3272E+41  4.1087E+36  4.3060E+41  2.1107E+39
  5.9570E-01  5.1408E+41  1.5140E+37  5.0924E+41  4.8259E+39
  6.3100E-01  6.1026E+41  5.2541E+37  5.9940E+41  1.0800E+40
  6.6830E-01  7.2439E+41  1.7175E+38  7.0061E+41  2.3615E+40
  7.0790E-01  8.6630E+41  5.2652E+38  8.1587E+41  4.9910E+40
  7.4990E-01  1.0409E+42  1.4860E+39  9.3988E+41  9.9533E+40
  7.9430E-01  1.2733E+42  3.9465E+39  1.0770E+42  1.9231E+41
  8.4140E-01  1.5982E+42  9.9426E+39  1.2263E+42  3.6195E+41
  8.9130E-01  2.1011E+42  2.4321E+40  1.3966E+42  6.8013E+41
  9.4410E-01  2.8626E+42  5.6190E+40  1.5728E+42  1.2336E+42
  1.0000E+00  3.9740E+42  1.2062E+41  1.7384E+42  2.1150E+42
  1.0590E+00  5.5884E+42  2.4235E+41  1.8932E+42  3.4528E+42
  1.1220E+00  7.9184E+42  4.6269E+41  2.0334E+42  5.4223E+42
  1.1890E+00  1.1239E+43  8.4475E+41  2.1513E+42  8.2429E+42
  1.2590E+00  1.5981E+43  1.4831E+42  2.2422E+42  1.2256E+43
  1.3340E+00  2.2264E+43  2.4772E+42  2.2898E+42  1.7497E+43
  1.4130E+00  2.9992E+43  3.8920E+42  2.2899E+42  2.3810E+43
  1.4960E+00  3.9232E+43  5.8128E+42  2.2460E+42  3.1173E+43
  1.5850E+00  5.0054E+43  8.3562E+42  2.1592E+42  3.9538E+43
  1.6790E+00  6.2534E+43  1.1588E+43  2.0357E+42  4.8910E+43
  1.7780E+00  7.6494E+43  1.5517E+43  1.8791E+42  5.9098E+43
  1.8840E+00  9.1419E+43  2.0111E+43  1.6949E+42  6.9613E+43
  1.9950E+00  1.0676E+44  2.5193E+43  1.4952E+42  8.0072E+43
  2.1130E+00  1.2167E+44  3.0549E+43  1.2904E+42  8.9833E+43
  2.2390E+00  1.3535E+44  3.5873E+43  1.0909E+42  9.8386E+43
  2.3710E+00  1.4725E+44  4.0858E+43  9.0610E+41  1.0548E+44
  2.5120E+00  1.5677E+44  4.5294E+43  7.4077E+41  1.1074E+44
  2.6610E+00  1.6379E+44  4.8978E+43  5.9764E+41  1.1422E+44
  2.8180E+00  1.6833E+44  5.1786E+43  4.7661E+41  1.1607E+44
  2.9850E+00  1.7043E+44  5.3721E+43  3.7620E+41  1.1633E+44
  3.1620E+00  1.7037E+44  5.4782E+43  2.9431E+41  1.1529E+44
  3.3500E+00  1.6834E+44  5.5120E+43  2.2838E+41  1.1299E+44
  3.5480E+00  1.6485E+44  5.4712E+43  1.7606E+41  1.0996E+44
  3.7580E+00  1.6006E+44  5.3719E+43  1.3481E+41  1.0620E+44
  3.9810E+00  1.5424E+44  5.2219E+43  1.0258E+41  1.0191E+44
  4.2170E+00  1.4766E+44  5.0306E+43  7.7620E+40  9.7279E+43
  4.4670E+00  1.4056E+44  4.8076E+43  5.8422E+40  9.2427E+43
  4.7320E+00  1.3309E+44  4.5623E+43  4.3716E+40  8.7428E+43
  5.0120E+00  1.2564E+44  4.3030E+43  3.2595E+40  8.2578E+43
  5.3090E+00  1.1558E+44  4.0340E+43  2.3685E+40  7.5215E+43
  5.6230E+00  1.0542E+44  3.7637E+43  1.7038E+40  6.7769E+43
  5.9570E+00  9.5392E+43  3.4986E+43  1.2136E+40  6.0394E+43
  6.3100E+00  8.5672E+43  3.2272E+43  8.5599E+39  5.3392E+43
  6.6830E+00  7.6757E+43  2.9945E+43  6.0005E+39  4.6806E+43
  7.0790E+00  6.8346E+43  2.7602E+43  4.1525E+39  4.0740E+43
  7.4990E+00  6.0272E+43  2.5580E+43  2.8088E+39  3.4689E+43
  7.9430E+00  5.1557E+43  2.4339E+43  1.8454E+39  2.7216E+43
  8.4140E+00  4.2102E+43  2.2857E+43  1.2562E+39  1.9244E+43
  8.9130E+00  3.4088E+43  2.0606E+43  9.2435E+38  1.3482E+43
  9.4410E+00  2.7653E+43  1.8191E+43  7.6501E+38  9.4612E+42
  1.0000E+01  2.5843E+43  1.7226E+43  6.0274E+38  8.6167E+42
  1.0590E+01  2.4488E+43  1.6362E+43  4.6440E+38  8.1252E+42
  1.1220E+01  2.3154E+43  1.5426E+43  3.3369E+38  7.7277E+42
  1.1890E+01  2.1259E+43  1.4199E+43  2.3588E+38  7.0604E+42
  1.2590E+01  1.9381E+43  1.3046E+43  1.6290E+38  6.3344E+42
  1.3340E+01  1.7474E+43  1.1935E+43  1.0988E+38  5.5389E+42
  1.4130E+01  1.5729E+43  1.1028E+43  7.2613E+37  4.7004E+42
  1.4960E+01  1.4299E+43  1.0492E+43  4.9672E+37  3.8062E+42
  1.5850E+01  1.3126E+43  1.0100E+43  3.5747E+37  3.0264E+42
  1.6790E+01  1.2174E+43  9.7803E+42  2.7012E+37  2.3940E+42
  1.7780E+01  1.1390E+43  9.4778E+42  2.1206E+37  1.9121E+42
  1.8840E+01  1.0702E+43  9.1450E+42  1.6768E+37  1.5572E+42
  1.9950E+01  1.0058E+43  8.7590E+42  1.2895E+37  1.2994E+42
  2.1130E+01  9.4423E+42  8.3574E+42  9.6048E+36  1.0848E+42
  2.2390E+01  8.8519E+42  7.9535E+42  7.1189E+36  8.9843E+41
  2.3710E+01  8.2834E+42  7.5411E+42  5.2456E+36  7.4232E+41
  2.5120E+01  7.7010E+42  7.0912E+42  3.8502E+36  6.0979E+41
  2.6610E+01  7.1028E+42  6.6031E+42  2.7987E+36  4.9978E+41
  2.8180E+01  6.4865E+42  6.0775E+42  2.0210E+36  4.0895E+41
  2.9850E+01  5.8465E+42  5.5129E+42  1.4446E+36  3.3361E+41
  3.1620E+01  5.1929E+42  4.9212E+42  1.0185E+36  2.7168E+41
  3.3500E+01  4.5385E+42  4.3177E+42  7.0771E+35  2.2081E+41
  3.5480E+01  3.9046E+42  3.7252E+42  4.8483E+35  1.7943E+41
  3.7580E+01  3.3042E+42  3.1586E+42  3.2702E+35  1.4562E+41
  3.9810E+01  2.7485E+42  2.6304E+42  2.1716E+35  1.1805E+41
  4.2170E+01  2.2519E+42  2.1563E+42  1.4206E+35  9.5633E+40
  4.4670E+01  1.8194E+42  1.7420E+42  9.1542E+34  7.7397E+40
  4.7320E+01  1.4518E+42  1.3892E+42  5.8217E+34  6.2559E+40
  5.0120E+01  1.1458E+42  1.0952E+42  3.6597E+34  5.0539E+40
  5.3090E+01  8.9478E+41  8.5400E+41  2.2755E+34  4.0771E+40
  5.6230E+01  6.9283E+41  6.5996E+41  1.4020E+34  3.2868E+40
  5.9570E+01  5.3177E+41  5.0533E+41  8.5591E+33  2.6444E+40
  6.3100E+01  4.0554E+41  3.8428E+41  5.1905E+33  2.1266E+40
  6.6830E+01  3.0756E+41  2.9047E+41  3.1299E+33  1.7094E+40
  7.0790E+01  2.3203E+41  2.1830E+41  1.8771E+33  1.3721E+40
  7.4990E+01  1.7421E+41  1.6321E+41  1.1205E+33  1.1002E+40
  7.9430E+01  1.3036E+41  1.2154E+41  6.6677E+32  8.8185E+39
  8.4140E+01  9.7214E+40  9.0152E+40  3.9542E+32  7.0614E+39
  8.9130E+01  7.2342E+40  6.6692E+40  2.3407E+32  5.6502E+39
  9.4410E+01  5.3734E+40  4.9214E+40  1.3834E+32  4.5197E+39
  1.0000E+02  3.9841E+40  3.6227E+40  8.1647E+31  3.6138E+39
  1.0590E+02  2.9533E+40  2.6643E+40  4.8201E+31  2.8902E+39
  1.1220E+02  2.1869E+40  1.9562E+40  2.8422E+31  2.3064E+39
  1.1890E+02  1.6216E+40  1.4378E+40  1.6788E+31  1.8381E+39
  1.2590E+02  1.2105E+40  1.0636E+40  9.9867E+30  1.4689E+39
  1.3340E+02  9.0643E+39  7.8940E+39  5.9675E+30  1.1704E+39
  1.4130E+02  6.7451E+39  5.8116E+39  3.5593E+30  9.3349E+38
  1.4960E+02  4.9314E+39  4.1856E+39  2.0876E+30  7.4579E+38
  1.5850E+02  3.5856E+39  2.9916E+39  1.2155E+30  5.9401E+38
  1.7780E+02  1.9217E+39  1.5442E+39  4.1765E+29  3.7753E+38
  1.9950E+02  1.0390E+39  7.9955E+38  1.4509E+29  2.3949E+38
  2.2390E+02  5.6510E+38  4.1342E+38  5.0844E+28  1.5168E+38
  2.5120E+02  3.0972E+38  2.1358E+38  1.7998E+28  9.6138E+37
  2.8180E+02  1.7103E+38  1.1010E+38  6.4327E+27  6.0924E+37
  3.1620E+02  9.5142E+37  5.6585E+37  2.3197E+27  3.8557E+37
  3.5480E+02  5.3414E+37  2.9023E+37  8.4463E+26  2.4391E+37
  3.9810E+02  3.0284E+37  1.4857E+37  3.1072E+26  1.5427E+37
  4.4670E+02  1.7344E+37  7.5912E+36  1.1541E+26  9.7526E+36
  5.0120E+02  1.0039E+37  3.8733E+36  4.3273E+25  6.1656E+36
  5.6230E+02  5.8727E+36  1.9742E+36  1.6367E+25  3.8984E+36
  6.3100E+02  3.4660E+36  1.0040E+36  6.2342E+24  2.4620E+36
  7.0790E+02  2.0668E+36  5.1050E+35  2.3939E+24  1.5563E+36
  7.9430E+02  1.2421E+36  2.5909E+35  9.2419E+23  9.8301E+35
  8.9130E+02  7.5196E+35  1.3131E+35  3.5859E+23  6.2065E+35
  1.0000E+03  4.5860E+35  6.6522E+34  1.3986E+23  3.9207E+35
