  1.0000E-03  4.8555E+43  0.0000E+00  4.4174E+42  4.4137E+43
  1.1220E-03  2.6632E+43  0.0000E+00  3.3950E+42  2.3237E+43
  1.2590E-03  1.4123E+43  0.0000E+00  2.4689E+42  1.1654E+43
  1.4130E-03  7.3572E+42  0.0000E+00  1.7207E+42  5.6365E+42
  1.5850E-03  4.3588E+42  0.0000E+00  1.2757E+42  3.0831E+42
  1.7780E-03  4.0759E+42  0.0000E+00  1.3969E+42  2.6790E+42
  1.9950E-03  1.5126E+42  0.0000E+00  7.7385E+41  7.3878E+41
  2.2390E-03  7.4727E+41  0.0000E+00  4.6531E+41  2.8196E+41
  2.5120E-03  6.9786E+41  0.0000E+00  5.0303E+41  1.9483E+41
  2.8180E-03  2.6297E+41  0.0000E+00  2.3331E+41  2.9664E+40
  3.1620E-03  1.2731E+41  0.0000E+00  1.2177E+41  5.5395E+39
  3.5480E-03  7.0209E+40  0.0000E+00  6.9060E+40  1.1488E+39
  3.9810E-03  4.2946E+40  0.0000E+00  4.2668E+40  2.7839E+38
  4.4670E-03  1.0200E+42  0.0000E+00  8.7087E+41  1.4914E+41
  5.0120E-03  4.4113E+41  0.0000E+00  4.2189E+41  1.9232E+40
  5.6230E-03  2.2894E+41  0.0000E+00  2.2641E+41  2.5231E+39
  5.9570E-03  1.7490E+41  0.0000E+00  1.7394E+41  9.5753E+38
  6.6830E-03  1.1420E+41  0.0000E+00  1.1403E+41  1.7132E+38
  7.4990E-03  8.6253E+40  0.0000E+00  8.6209E+40  4.4638E+37
  8.4140E-03  6.2397E+40  0.0000E+00  6.2388E+40  8.9223E+36
  9.4410E-03  4.8207E+40  0.0000E+00  4.8204E+40  2.4878E+36
  1.0590E-02  4.0662E+40  0.0000E+00  4.0660E+40  1.4391E+36
  1.1890E-02  3.4349E+40  0.0000E+00  3.4349E+40  3.3735E+35
  1.3340E-02  2.8026E+40  0.0000E+00  2.8026E+40  1.1574E+35
  1.4960E-02  2.2341E+40  0.0000E+00  2.2341E+40  2.9218E+34
  1.6790E-02  1.7857E+40  0.0000E+00  1.7857E+40  8.4151E+33
  1.8840E-02  1.4472E+40  0.0000E+00  1.4472E+40  2.8693E+33
  2.1130E-02  1.1952E+40  0.0000E+00  1.1952E+40  8.4365E+32
  2.3710E-02  9.6146E+39  0.0000E+00  9.6146E+39  2.3520E+32
  2.6610E-02  7.5049E+39  0.0000E+00  7.5049E+39  5.7881E+31
  2.9850E-02  5.8247E+39  0.0000E+00  5.8247E+39  1.4551E+31
  3.3500E-02  4.4615E+39  3.3305E-83  4.4615E+39  3.5677E+30
  3.7580E-02  4.3914E+39  2.8512E-70  4.3914E+39  2.6775E+30
  4.2170E-02  4.1036E+39  2.8919E-59  4.1036E+39  6.4447E+29
  4.7320E-02  2.0841E+39  2.5288E-50  2.0841E+39  1.9349E+28
  5.3090E-02  8.4412E+38  7.7891E-43  8.4412E+38  2.6593E+26
  6.6830E-02  2.3294E+37  3.0579E-34  2.3294E+37  9.9419E+18
  7.4990E-02  2.0492E+36  3.6030E-32  2.0492E+36  1.7724E+14
  8.4140E-02  3.5124E+36  2.2907E-25  3.5124E+36  2.6243E+15
  9.4410E-02  5.4229E+36  1.5205E-19  5.4229E+36  1.7003E+16
  1.0590E-01  2.9827E+37  4.9683E-12  2.9827E+37  3.2271E+19
  1.1890E-01  1.6958E+38  1.2644E-04  1.6958E+38  1.5780E+23
  1.3340E-01  5.9119E+38  1.0133E+02  5.9119E+38  7.1338E+25
  1.4960E-01  1.1513E+39  5.3593E+06  1.1513E+39  3.4806E+27
  1.5850E-01  1.2445E+39  3.1699E+08  1.2445E+39  6.6986E+27
  1.7780E-01  8.4159E+38  5.0763E+10  8.4159E+38  1.6201E+27
  1.9950E-01  1.2502E+38  1.5683E+10  1.2502E+38  9.3670E+23
  2.2390E-01  3.6729E+37  3.1749E+10  3.6729E+37  9.4645E+21
  2.3710E-01  1.2072E+38  3.2177E+13  1.2072E+38  1.8849E+24
  2.5120E-01  3.8849E+38  3.6336E+16  3.8849E+38  4.7204E+26
  2.6610E-01  8.0137E+38  7.1538E+18  8.0137E+38  1.9403E+28
  2.8180E-01  1.2773E+39  4.8025E+20  1.2773E+39  2.7798E+29
  2.9850E-01  1.8000E+39  1.7055E+22  1.8000E+39  2.2338E+30
  3.1620E-01  2.4405E+39  4.4088E+23  2.4405E+39  1.4352E+31
  3.3500E-01  3.2025E+39  8.9330E+24  3.2025E+39  7.8469E+31
  3.5480E-01  4.0341E+39  1.3881E+26  4.0341E+39  3.5638E+32
  3.7580E-01  5.0287E+39  1.9460E+27  5.0287E+39  1.5755E+33
  3.9810E-01  6.1439E+39  2.2041E+28  6.1439E+39  6.0667E+33
  4.2170E-01  7.6461E+39  2.5390E+29  7.6460E+39  2.5969E+34
  4.4670E-01  9.5179E+39  2.5671E+30  9.5178E+39  1.0497E+35
  4.7320E-01  1.1801E+40  2.3568E+31  1.1800E+40  4.0887E+35
  5.0120E-01  1.4547E+40  1.9414E+32  1.4545E+40  1.5111E+36
  5.3090E-01  1.8099E+40  1.5271E+33  1.8093E+40  5.6191E+36
  5.6230E-01  2.2432E+40  1.0198E+34  2.2413E+40  1.8635E+37
  5.9570E-01  2.7943E+40  6.0772E+34  2.7885E+40  5.7617E+37
  6.3100E-01  3.5420E+40  3.3579E+35  3.5247E+40  1.7312E+38
  6.6830E-01  4.5837E+40  1.7200E+36  4.5331E+40  5.0423E+38
  7.0790E-01  6.0879E+40  8.0950E+36  5.9466E+40  1.4046E+39
  7.4990E-01  8.2120E+40  3.3983E+37  7.8462E+40  3.6240E+39
  7.9430E-01  1.1384E+41  1.3182E+38  1.0474E+41  8.9702E+39
  8.4140E-01  1.6315E+41  4.7781E+38  1.4122E+41  2.1449E+40
  8.9130E-01  2.4702E+41  1.6768E+39  1.9415E+41  5.1195E+40
  9.4410E-01  3.8833E+41  5.4537E+39  2.6629E+41  1.1659E+41
  1.0000E+00  6.2034E+41  1.6019E+40  3.5799E+41  2.4634E+41
  1.0590E+00  1.0032E+42  4.2967E+40  4.7249E+41  4.8775E+41
  1.1220E+00  1.6386E+42  1.0743E+41  6.1348E+41  9.1772E+41
  1.1890E+00  2.6904E+42  2.5265E+41  7.8344E+41  1.6543E+42
  1.2590E+00  4.4457E+42  5.6416E+41  9.8651E+41  2.8950E+42
  1.3340E+00  7.1864E+42  1.1744E+42  1.2114E+42  4.8006E+42
  1.4130E+00  1.1152E+43  2.2430E+42  1.4427E+42  7.4660E+42
  1.4960E+00  1.6686E+43  3.9893E+42  1.6718E+42  1.1025E+43
  1.5850E+00  2.4216E+43  6.7173E+42  1.8888E+42  1.5610E+43
  1.6790E+00  3.4216E+43  1.0758E+43  2.0824E+42  2.1375E+43
  1.7780E+00  4.7005E+43  1.6410E+43  2.2339E+42  2.8361E+43
  1.8840E+00  6.2602E+43  2.3895E+43  2.3238E+42  3.6383E+43
  1.9950E+00  8.0701E+43  3.3164E+43  2.3398E+42  4.5197E+43
  2.1130E+00  1.0053E+44  4.3941E+43  2.2772E+42  5.4309E+43
  2.2390E+00  1.2097E+44  5.5634E+43  2.1418E+42  6.3199E+43
  2.3710E+00  1.4085E+44  6.7449E+43  1.9499E+42  7.1453E+43
  2.5120E+00  1.5891E+44  7.8633E+43  1.7223E+42  7.8556E+43
  2.6610E+00  1.7425E+44  8.8433E+43  1.4801E+42  8.4341E+43
  2.8180E+00  1.8628E+44  9.6289E+43  1.2409E+42  8.8745E+43
  2.9850E+00  1.9462E+44  1.0192E+44  1.0178E+42  9.1682E+43
  3.1620E+00  1.9931E+44  1.0520E+44  8.1876E+41  9.3299E+43
  3.3500E+00  2.0048E+44  1.0630E+44  6.4747E+41  9.3538E+43
  3.5480E+00  1.9871E+44  1.0532E+44  5.0475E+41  9.2879E+43
  3.7580E+00  1.9432E+44  1.0263E+44  3.8827E+41  9.1302E+43
  3.9810E+00  1.8778E+44  9.8511E+43  2.9517E+41  8.8976E+43
  4.2170E+00  1.7962E+44  9.3305E+43  2.2212E+41  8.6094E+43
  4.4670E+00  1.7029E+44  8.7336E+43  1.6563E+41  8.2790E+43
  4.7320E+00  1.6016E+44  8.0900E+43  1.2241E+41  7.9140E+43
  5.0120E+00  1.4980E+44  7.4272E+43  8.9903E+40  7.5441E+43
  5.3090E+00  1.3694E+44  6.7606E+43  6.4530E+40  6.9266E+43
  5.6230E+00  1.2401E+44  6.1121E+43  4.5814E+40  6.2839E+43
  5.9570E+00  1.1132E+44  5.4958E+43  3.2192E+40  5.6326E+43
  6.3100E+00  9.9059E+43  4.8979E+43  2.2373E+40  5.0058E+43
  6.6830E+00  8.7957E+43  4.3866E+43  1.5463E+40  4.4075E+43
  7.0790E+00  7.7519E+43  3.8992E+43  1.0539E+40  3.8517E+43
  7.4990E+00  6.7760E+43  3.4996E+43  7.0512E+39  3.2757E+43
  7.9430E+00  5.7900E+43  3.2844E+43  4.6582E+39  2.5052E+43
  8.4140E+00  4.6880E+43  3.0142E+43  3.1385E+39  1.6735E+43
  8.9130E+00  3.6983E+43  2.5922E+43  2.2044E+39  1.1059E+43
  9.4410E+00  2.8940E+43  2.1605E+43  1.7065E+39  7.3332E+42
  1.0000E+01  2.7266E+43  2.0406E+43  1.3638E+39  6.8587E+42
  1.0590E+01  2.6036E+43  1.9314E+43  1.0693E+39  6.7207E+42
  1.1220E+01  2.4575E+43  1.7905E+43  7.7277E+38  6.6697E+42
  1.1890E+01  2.2250E+43  1.5964E+43  5.3903E+38  6.2862E+42
  1.2590E+01  1.9830E+43  1.4045E+43  3.6262E+38  5.7847E+42
  1.3340E+01  1.7387E+43  1.2233E+43  2.3652E+38  5.1540E+42
  1.4130E+01  1.5246E+43  1.0829E+43  1.5142E+38  4.4164E+42
  1.4960E+01  1.3654E+43  1.0095E+43  1.0173E+38  3.5588E+42
  1.5850E+01  1.2377E+43  9.5733E+42  7.1983E+37  2.8039E+42
  1.6790E+01  1.1337E+43  9.1422E+42  5.3358E+37  2.1950E+42
  1.7780E+01  1.0454E+43  8.7137E+42  4.0914E+37  1.7406E+42
  1.8840E+01  9.6466E+42  8.2289E+42  3.1442E+37  1.4177E+42
  1.9950E+01  8.8752E+42  7.6831E+42  2.3410E+37  1.1921E+42
  2.1130E+01  8.1649E+42  7.1613E+42  1.6875E+37  1.0036E+42
  2.2390E+01  7.5301E+42  6.6932E+42  1.2129E+37  8.3687E+41
  2.3710E+01  6.9610E+42  6.2656E+42  8.6933E+36  6.9548E+41
  2.5120E+01  6.4201E+42  5.8460E+42  6.2277E+36  5.7411E+41
  2.6610E+01  5.8967E+42  5.4241E+42  4.4340E+36  4.7260E+41
  2.8180E+01  5.3814E+42  4.9932E+42  3.1477E+36  3.8820E+41
  2.9850E+01  4.8614E+42  4.5436E+42  2.2193E+36  3.1780E+41
  3.1620E+01  4.3375E+42  4.0778E+42  1.5479E+36  2.5966E+41
  3.3500E+01  3.8150E+42  3.6032E+42  1.0669E+36  2.1171E+41
  3.5480E+01  3.3071E+42  3.1345E+42  7.2661E+35  1.7255E+41
  3.7580E+01  2.8222E+42  2.6817E+42  4.8813E+35  1.4046E+41
  3.9810E+01  2.3685E+42  2.2543E+42  3.2328E+35  1.1421E+41
  4.2170E+01  1.9585E+42  1.8657E+42  2.1118E+35  9.2794E+40
  4.4670E+01  1.5974E+42  1.5221E+42  1.3604E+35  7.5313E+40
  4.7320E+01  1.2869E+42  1.2258E+42  8.6576E+34  6.1039E+40
  5.0120E+01  1.0254E+42  9.7601E+41  5.4509E+34  4.9435E+40
  5.3090E+01  8.0859E+41  7.6862E+41  3.3972E+34  3.9973E+40
  5.6230E+01  6.3213E+41  5.9983E+41  2.0995E+34  3.2294E+40
  5.9570E+01  4.8983E+41  4.6379E+41  1.2865E+34  2.6033E+40
  6.3100E+01  3.7707E+41  3.5610E+41  7.8352E+33  2.0972E+40
  6.6830E+01  2.8860E+41  2.7172E+41  4.7472E+33  1.6884E+40
  7.0790E+01  2.1968E+41  2.0611E+41  2.8620E+33  1.3572E+40
  7.4990E+01  1.6639E+41  1.5549E+41  1.7181E+33  1.0896E+40
  7.9430E+01  1.2555E+41  1.1681E+41  1.0285E+33  8.7432E+39
  8.4140E+01  9.4391E+40  8.7383E+40  6.1378E+32  7.0079E+39
  8.9130E+01  7.0788E+40  6.5176E+40  3.6572E+32  5.6122E+39
  9.4410E+01  5.2969E+40  4.8477E+40  2.1762E+32  4.4928E+39
  1.0000E+02  3.9550E+40  3.5956E+40  1.2933E+32  3.5947E+39
  1.0590E+02  2.9511E+40  2.6635E+40  7.6897E+31  2.8767E+39
  1.1220E+02  2.1990E+40  1.9693E+40  4.5671E+31  2.2967E+39
  1.1890E+02  1.6403E+40  1.4572E+40  2.7172E+31  1.8313E+39
  1.2590E+02  1.2312E+40  1.0848E+40  1.6277E+31  1.4640E+39
  1.3340E+02  9.2670E+39  8.1002E+39  9.7917E+30  1.1668E+39
  1.4130E+02  6.9281E+39  5.9972E+39  5.8823E+30  9.3096E+38
  1.4960E+02  5.0857E+39  4.3417E+39  3.4797E+30  7.4400E+38
  1.5850E+02  3.7114E+39  3.1186E+39  2.0444E+30  5.9276E+38
  1.7780E+02  2.0016E+39  1.6247E+39  7.1504E+29  3.7691E+38
  1.9950E+02  1.0875E+39  8.4831E+38  2.5283E+29  2.3918E+38
  2.2390E+02  5.9344E+38  4.4191E+38  9.0187E+28  1.5153E+38
  2.5120E+02  3.2587E+38  2.2982E+38  3.2492E+28  9.6060E+37
  2.8180E+02  1.8006E+38  1.1917E+38  1.1816E+28  6.0884E+37
  3.1620E+02  1.0010E+38  6.1567E+37  4.3329E+27  3.8537E+37
  3.5480E+02  5.6106E+37  3.1726E+37  1.6030E+27  2.4381E+37
  3.9810E+02  3.1729E+37  1.6308E+37  5.9857E+26  1.5422E+37
  4.4670E+02  1.8113E+37  8.3629E+36  2.2538E+26  9.7501E+36
  5.0120E+02  1.0445E+37  4.2809E+36  8.5555E+25  6.1644E+36
  5.6230E+02  6.0861E+36  2.1883E+36  3.2715E+25  3.8978E+36
  6.3100E+02  3.5773E+36  1.1157E+36  1.2581E+25  2.4616E+36
  7.0790E+02  2.1247E+36  5.6858E+35  4.8711E+24  1.5561E+36
  7.9430E+02  1.2721E+36  2.8914E+35  1.8938E+24  9.8292E+35
  8.9130E+02  7.6741E+35  1.4681E+35  7.3915E+23  6.2061E+35
  1.0000E+03  4.6654E+35  7.4488E+34  2.8973E+23  3.9205E+35
