  1.0000E-03  8.7714E+44  0.0000E+00  5.2095E+41  8.7662E+44
  1.1220E-03  9.8427E+44  0.0000E+00  6.9514E+41  9.8357E+44
  1.2590E-03  1.1046E+45  0.0000E+00  8.8620E+41  1.1037E+45
  1.4130E-03  1.2398E+45  0.0000E+00  1.0874E+42  1.2387E+45
  1.5850E-03  1.3907E+45  0.0000E+00  1.2947E+42  1.3894E+45
  1.7780E-03  1.5603E+45  0.0000E+00  1.6650E+42  1.5586E+45
  1.9950E-03  1.7509E+45  0.0000E+00  2.1351E+42  1.7488E+45
  2.2390E-03  1.9652E+45  0.0000E+00  2.4429E+42  1.9627E+45
  2.5120E-03  2.2053E+45  0.0000E+00  3.3167E+42  2.2020E+45
  2.8180E-03  2.4744E+45  0.0000E+00  4.1990E+42  2.4702E+45
  3.1620E-03  2.7768E+45  0.0000E+00  4.9930E+42  2.7718E+45
  3.5480E-03  3.1160E+45  0.0000E+00  5.7333E+42  3.1103E+45
  3.9810E-03  3.4962E+45  0.0000E+00  6.3875E+42  3.4898E+45
  4.4670E-03  3.9230E+45  0.0000E+00  7.1322E+42  3.9158E+45
  5.0120E-03  4.4033E+45  0.0000E+00  9.7400E+42  4.3936E+45
  5.6230E-03  4.9418E+45  0.0000E+00  1.2590E+43  4.9292E+45
  5.9570E-03  5.2361E+45  0.0000E+00  1.4059E+43  5.2220E+45
  6.6830E-03  5.8755E+45  0.0000E+00  1.6970E+43  5.8585E+45
  7.4990E-03  6.5938E+45  0.0000E+00  1.9986E+43  6.5738E+45
  8.4140E-03  7.3992E+45  0.0000E+00  2.3335E+43  7.3758E+45
  9.4410E-03  8.3026E+45  0.0000E+00  2.6516E+43  8.2761E+45
  1.0590E-02  9.3120E+45  0.0000E+00  2.8731E+43  9.2833E+45
  1.1890E-02  1.0457E+46  0.0000E+00  3.3935E+43  1.0423E+46
  1.3340E-02  1.1732E+46  0.0000E+00  3.7852E+43  1.1694E+46
  1.4960E-02  1.3157E+46  0.0000E+00  4.2831E+43  1.3114E+46
  1.6790E-02  1.4766E+46  0.0000E+00  4.7783E+43  1.4718E+46
  1.8840E-02  1.6568E+46  0.0000E+00  5.2677E+43  1.6515E+46
  2.1130E-02  1.8583E+46  0.0000E+00  5.9076E+43  1.8524E+46
  2.3710E-02  2.0850E+46  0.0000E+00  6.5757E+43  2.0785E+46
  2.6610E-02  2.3399E+46  0.0000E+00  7.2962E+43  2.3326E+46
  2.9850E-02  2.6247E+46  4.2908E-83  8.0473E+43  2.6166E+46
  3.3500E-02  2.9455E+46  2.7612E-68  8.8297E+43  2.9367E+46
  3.7580E-02  3.3039E+46  3.4624E-55  9.6577E+43  3.2942E+46
  4.2170E-02  3.7084E+46  1.5123E-43  1.1731E+44  3.6967E+46
  4.7320E-02  4.1613E+46  4.0578E-33  1.3125E+44  4.1482E+46
  5.3090E-02  4.3347E+46  7.4134E-24  1.3444E+44  4.3212E+46
  6.6830E-02  4.1386E+46  2.7618E-08  1.1803E+44  4.1268E+46
  7.4990E-02  4.0430E+46  9.2344E-02  1.0160E+44  4.0328E+46
  8.4140E-02  3.9511E+46  4.8293E+04  1.0055E+44  3.9410E+46
  9.4410E-02  3.8614E+46  5.7859E+09  1.0140E+44  3.8513E+46
  1.0590E-01  3.5160E+46  1.6210E+14  1.0448E+44  3.5055E+46
  1.1890E-01  2.9561E+46  1.1964E+18  9.3473E+43  2.9467E+46
  1.3340E-01  2.4877E+46  2.3592E+21  8.1927E+43  2.4795E+46
  1.4960E-01  2.0944E+46  2.6246E+24  6.5829E+43  2.0878E+46
  1.5850E-01  1.9205E+46  7.7019E+25  5.9519E+43  1.9145E+46
  1.7780E-01  1.6166E+46  4.0422E+28  5.1424E+43  1.6114E+46
  1.9950E-01  1.3598E+46  1.2265E+31  4.0199E+43  1.3558E+46
  2.2390E-01  1.1436E+46  1.5289E+33  3.3063E+43  1.1403E+46
  2.3710E-01  1.0498E+46  1.0121E+34  3.3565E+43  1.0464E+46
  2.5120E-01  9.6282E+45  5.7191E+34  3.2417E+43  9.5958E+45
  2.6610E-01  8.8311E+45  3.0320E+35  2.9914E+43  8.8012E+45
  2.8180E-01  8.1031E+45  1.4793E+36  2.7030E+43  8.0761E+45
  2.9850E-01  7.4322E+45  6.5883E+36  2.4347E+43  7.4079E+45
  3.1620E-01  6.8166E+45  2.6388E+37  2.1985E+43  6.7947E+45
  3.3500E-01  6.2506E+45  9.6553E+37  1.9822E+43  6.2308E+45
  3.5480E-01  5.7343E+45  3.2372E+38  1.7840E+43  5.7165E+45
  3.7580E-01  5.2602E+45  1.0044E+39  1.5996E+43  5.2442E+45
  3.9810E-01  4.8241E+45  2.8702E+39  1.4366E+43  4.8097E+45
  4.2170E-01  4.4245E+45  7.5368E+39  1.2834E+43  4.4116E+45
  4.4670E-01  4.0581E+45  1.8339E+40  1.1477E+43  4.0466E+45
  4.7320E-01  3.7218E+45  4.1964E+40  1.0227E+43  3.7115E+45
  5.0120E-01  3.4140E+45  9.0554E+40  9.0763E+42  3.4048E+45
  5.3090E-01  3.1314E+45  1.8526E+41  8.0064E+42  3.1232E+45
  5.6230E-01  2.8726E+45  3.5884E+41  7.0679E+42  2.8651E+45
  5.9570E-01  2.6345E+45  6.6256E+41  6.2270E+42  2.6276E+45
  6.3100E-01  2.4170E+45  1.1650E+42  5.4638E+42  2.4103E+45
  6.6830E-01  2.2181E+45  1.9542E+42  4.7709E+42  2.2114E+45
  7.0790E-01  2.0357E+45  3.1390E+42  4.1537E+42  2.0284E+45
  7.4990E-01  1.8689E+45  4.8375E+42  3.6088E+42  1.8605E+45
  7.9430E-01  1.7169E+45  7.1601E+42  3.1195E+42  1.7066E+45
  8.4140E-01  1.5782E+45  1.0221E+43  2.6813E+42  1.5653E+45
  8.9130E-01  1.4521E+45  1.4106E+43  2.2828E+42  1.4357E+45
  9.4410E-01  1.3378E+45  1.8843E+43  1.9324E+42  1.3170E+45
  1.0000E+00  1.2342E+45  2.4426E+43  1.6298E+42  1.2081E+45
  1.0590E+00  1.1407E+45  3.0777E+43  1.3702E+42  1.1086E+45
  1.1220E+00  1.0556E+45  3.7927E+43  1.1443E+42  1.0165E+45
  1.1890E+00  9.7855E+44  4.5771E+43  9.4736E+41  9.3183E+44
  1.2590E+00  9.0989E+44  5.3909E+43  7.7540E+41  8.5520E+44
  1.3340E+00  8.4711E+44  6.2369E+43  6.3036E+41  7.8411E+44
  1.4130E+00  7.9045E+44  7.0670E+43  5.1221E+41  7.1927E+44
  1.4960E+00  7.3931E+44  7.8642E+43  4.1511E+41  6.6026E+44
  1.5850E+00  6.9221E+44  8.6440E+43  3.3398E+41  6.0543E+44
  1.6790E+00  6.4907E+44  9.3500E+43  2.6623E+41  5.5530E+44
  1.7780E+00  6.0929E+44  9.9508E+43  2.0984E+41  5.0957E+44
  1.8840E+00  5.7201E+44  1.0466E+44  1.6325E+41  4.6719E+44
  1.9950E+00  5.3745E+44  1.0858E+44  1.2552E+41  4.2875E+44
  2.1130E+00  5.0480E+44  1.1138E+44  9.5381E+40  3.9333E+44
  2.2390E+00  4.7363E+44  1.1295E+44  7.1709E+40  3.6061E+44
  2.3710E+00  4.4415E+44  1.1318E+44  5.3464E+40  3.3092E+44
  2.5120E+00  4.1584E+44  1.1235E+44  3.9582E+40  3.0344E+44
  2.6610E+00  3.8875E+44  1.1040E+44  2.9147E+40  2.7832E+44
  2.8180E+00  3.6273E+44  1.0732E+44  2.1362E+40  2.5538E+44
  2.9850E+00  3.3767E+44  1.0340E+44  1.5594E+40  2.3426E+44
  3.1620E+00  3.1355E+44  9.8672E+43  1.1343E+40  2.1487E+44
  3.3500E+00  2.9071E+44  9.3660E+43  8.2363E+39  1.9704E+44
  3.5480E+00  2.6876E+44  8.7979E+43  5.9635E+39  1.8078E+44
  3.7580E+00  2.4792E+44  8.2087E+43  4.3078E+39  1.6583E+44
  3.9810E+00  2.2819E+44  7.6091E+43  3.1054E+39  1.5210E+44
  4.2170E+00  2.0958E+44  7.0066E+43  2.2346E+39  1.3951E+44
  4.4670E+00  1.9209E+44  6.4124E+43  1.6051E+39  1.2796E+44
  4.7320E+00  1.7582E+44  5.8449E+43  1.1508E+39  1.1737E+44
  5.0120E+00  1.6103E+44  5.3117E+43  8.2557E+38  1.0791E+44
  5.3090E+00  1.4416E+44  4.8140E+43  5.7820E+38  9.6024E+43
  5.6230E+00  1.2841E+44  4.3603E+43  4.0227E+38  8.4805E+43
  5.9570E+00  1.1386E+44  3.9547E+43  2.7814E+38  7.4316E+43
  6.3100E+00  1.0031E+44  3.5599E+43  1.9072E+38  6.4710E+43
  6.6830E+00  8.8358E+43  3.2345E+43  1.3025E+38  5.6014E+43
  7.0790E+00  7.7352E+43  2.9162E+43  8.7900E+37  4.8190E+43
  7.4990E+00  6.9617E+43  2.8388E+43  6.0167E+37  4.1229E+43
  7.9430E+00  7.2624E+43  3.7515E+43  4.7283E+37  3.5109E+43
  8.4140E+00  8.6543E+43  5.6790E+43  4.4915E+37  2.9752E+43
  8.9130E+00  9.8128E+43  7.3024E+43  4.3652E+37  2.5104E+43
  9.4410E+00  1.0637E+44  8.5273E+43  4.5162E+37  2.1101E+43
  1.0000E+01  8.8151E+43  7.0480E+43  3.1694E+37  1.7671E+43
  1.0590E+01  6.9083E+43  5.4325E+43  2.0428E+37  1.4758E+43
  1.1220E+01  5.1609E+43  3.9342E+43  1.1730E+37  1.2267E+43
  1.1890E+01  3.9140E+43  2.8981E+43  6.8640E+36  1.0159E+43
  1.2590E+01  2.9775E+43  2.1363E+43  3.9520E+36  8.4119E+42
  1.3340E+01  2.2980E+43  1.6048E+43  2.2767E+36  6.9319E+42
  1.4130E+01  1.8745E+43  1.3040E+43  1.3577E+36  5.7050E+42
  1.4960E+01  1.7358E+43  1.2666E+43  9.3408E+35  4.6919E+42
  1.5850E+01  1.6667E+43  1.2825E+43  6.9151E+35  3.8414E+42
  1.6790E+01  1.6128E+43  1.2987E+43  5.3589E+35  3.1409E+42
  1.7780E+01  1.5205E+43  1.2639E+43  4.1764E+35  2.5663E+42
  1.8840E+01  1.3566E+43  1.1477E+43  3.0999E+35  2.0888E+42
  1.9950E+01  1.1447E+43  9.7458E+42  2.1221E+35  1.7013E+42
  2.1130E+01  9.5431E+42  8.1605E+42  1.3922E+35  1.3827E+42
  2.2390E+01  8.0106E+42  6.8903E+42  9.1535E+34  1.1203E+42
  2.3710E+01  6.7634E+42  5.8547E+42  6.0248E+34  9.0864E+41
  2.5120E+01  5.7191E+42  4.9843E+42  3.9796E+34  7.3479E+41
  2.6610E+01  4.8306E+42  4.2368E+42  2.6209E+34  5.9383E+41
  2.8180E+01  4.0743E+42  3.5943E+42  1.7297E+34  4.7994E+41
  2.9850E+01  3.4177E+42  3.0306E+42  1.1393E+34  3.8717E+41
  3.1620E+01  2.8445E+42  2.5325E+42  7.4587E+33  3.1199E+41
  3.3500E+01  2.3454E+42  2.0943E+42  4.8511E+33  2.5106E+41
  3.5480E+01  1.9168E+42  1.7147E+42  3.1369E+33  2.0210E+41
  3.7580E+01  1.5488E+42  1.3863E+42  2.0103E+33  1.6253E+41
  3.9810E+01  1.2347E+42  1.1042E+42  1.2748E+33  1.3054E+41
  4.2170E+01  9.7337E+41  8.6858E+41  8.0071E+32  1.0479E+41
  4.4670E+01  7.5952E+41  6.7545E+41  4.9803E+32  8.4074E+40
  4.7320E+01  5.8740E+41  5.2000E+41  3.0727E+32  6.7400E+40
  5.0120E+01  4.5096E+41  3.9692E+41  1.8835E+32  5.4034E+40
  5.3090E+01  3.4378E+41  3.0050E+41  1.1477E+32  4.3282E+40
  5.6230E+01  2.6071E+41  2.2604E+41  6.9635E+31  3.4667E+40
  5.9570E+01  1.9658E+41  1.6885E+41  4.2050E+31  2.7728E+40
  6.3100E+01  1.4772E+41  1.2554E+41  2.5339E+31  2.2180E+40
  6.6830E+01  1.1071E+41  9.2962E+40  1.5246E+31  1.7744E+40
  7.0790E+01  8.2749E+40  6.8566E+40  9.1608E+30  1.4183E+40
  7.4990E+01  6.1713E+40  5.0384E+40  5.4997E+30  1.1329E+40
  7.9430E+01  4.5983E+40  3.6933E+40  3.3035E+30  9.0505E+39
  8.4140E+01  3.4228E+40  2.7002E+40  1.9844E+30  7.2256E+39
  8.9130E+01  2.5478E+40  1.9711E+40  1.1935E+30  5.7665E+39
  9.4410E+01  1.8969E+40  1.4367E+40  7.1889E+29  4.6021E+39
  1.0000E+02  1.4127E+40  1.0455E+40  4.3362E+29  3.6722E+39
  1.0590E+02  1.0539E+40  7.6075E+39  2.6226E+29  2.9317E+39
  1.1220E+02  7.8647E+39  5.5290E+39  1.5867E+29  2.3358E+39
  1.1890E+02  5.8817E+39  4.0227E+39  9.6217E+28  1.8590E+39
  1.2590E+02  4.4283E+39  2.9444E+39  5.8728E+28  1.4838E+39
  1.3340E+02  3.3411E+39  2.1600E+39  3.5943E+28  1.1811E+39
  1.4130E+02  2.5170E+39  1.5759E+39  2.2088E+28  9.4117E+38
  1.4960E+02  1.8825E+39  1.1313E+39  1.3523E+28  7.5121E+38
  1.5850E+02  1.4042E+39  8.0638E+38  8.2423E+27  5.9781E+38
  1.7780E+02  7.9234E+38  4.1292E+38  3.0933E+27  3.7942E+38
  1.9950E+02  4.5240E+38  2.1196E+38  1.1714E+27  2.4043E+38
  2.2390E+02  2.6088E+38  1.0872E+38  4.4699E+26  1.5216E+38
  2.5120E+02  1.5214E+38  5.5766E+37  1.7194E+26  9.6376E+37
  2.8180E+02  8.9610E+37  2.8566E+37  6.6559E+25  6.1043E+37
  3.1620E+02  5.3216E+37  1.4599E+37  2.5874E+25  3.8617E+37
  3.5480E+02  3.1872E+37  7.4507E+36  1.0098E+25  2.4421E+37
  3.9810E+02  1.9239E+37  3.7973E+36  3.9566E+24  1.5442E+37
  4.4670E+02  1.1693E+37  1.9325E+36  1.5548E+24  9.7603E+36
  5.0120E+02  7.1520E+36  9.8252E+35  6.1268E+23  6.1695E+36
  5.6230E+02  4.3995E+36  4.9918E+35  2.4195E+23  3.9003E+36
  6.3100E+02  2.7161E+36  2.5312E+35  9.5639E+22  2.4629E+36
  7.0790E+02  1.6852E+36  1.2836E+35  3.7898E+22  1.5568E+36
  7.9430E+02  1.0482E+36  6.4989E+34  1.5023E+22  9.8325E+35
  8.9130E+02  6.5364E+35  3.2866E+34  5.9592E+21  6.2077E+35
  1.0000E+03  4.0875E+35  1.6617E+34  2.3672E+21  3.9214E+35
