  1.0000E-03  8.7804E+44  0.0000E+00  1.4188E+42  8.7662E+44
  1.1220E-03  9.8544E+44  0.0000E+00  1.8651E+42  9.8357E+44
  1.2590E-03  1.1060E+45  0.0000E+00  2.3373E+42  1.1037E+45
  1.4130E-03  1.2415E+45  0.0000E+00  2.8146E+42  1.2387E+45
  1.5850E-03  1.3927E+45  0.0000E+00  3.2914E+42  1.3894E+45
  1.7780E-03  1.5628E+45  0.0000E+00  4.2205E+42  1.5586E+45
  1.9950E-03  1.7541E+45  0.0000E+00  5.3154E+42  1.7488E+45
  2.2390E-03  1.9687E+45  0.0000E+00  5.9595E+42  1.9627E+45
  2.5120E-03  2.2102E+45  0.0000E+00  8.1597E+42  2.2020E+45
  2.8180E-03  2.4804E+45  0.0000E+00  1.0178E+43  2.4702E+45
  3.1620E-03  2.7838E+45  0.0000E+00  1.1948E+43  2.7718E+45
  3.5480E-03  3.1239E+45  0.0000E+00  1.3580E+43  3.1103E+45
  3.9810E-03  3.5049E+45  0.0000E+00  1.5028E+43  3.4898E+45
  4.4670E-03  3.9338E+45  0.0000E+00  1.7950E+43  3.9158E+45
  5.0120E-03  4.4170E+45  0.0000E+00  2.3439E+43  4.3936E+45
  5.6230E-03  4.9585E+45  0.0000E+00  2.9269E+43  4.9292E+45
  5.9570E-03  5.2543E+45  0.0000E+00  3.2230E+43  5.2220E+45
  6.6830E-03  5.8966E+45  0.0000E+00  3.8048E+43  5.8585E+45
  7.4990E-03  6.6179E+45  0.0000E+00  4.4120E+43  6.5738E+45
  8.4140E-03  7.4266E+45  0.0000E+00  5.0781E+43  7.3758E+45
  9.4410E-03  8.3332E+45  0.0000E+00  5.7054E+43  8.2761E+45
  1.0590E-02  9.3445E+45  0.0000E+00  6.1195E+43  9.2833E+45
  1.1890E-02  1.0495E+46  0.0000E+00  7.2085E+43  1.0423E+46
  1.3340E-02  1.1774E+46  0.0000E+00  7.9876E+43  1.1694E+46
  1.4960E-02  1.3204E+46  0.0000E+00  8.9922E+43  1.3114E+46
  1.6790E-02  1.4818E+46  0.0000E+00  9.9782E+43  1.4718E+46
  1.8840E-02  1.6625E+46  0.0000E+00  1.0941E+44  1.6515E+46
  2.1130E-02  1.8646E+46  0.0000E+00  1.2237E+44  1.8524E+46
  2.3710E-02  2.0920E+46  0.0000E+00  1.3574E+44  2.0785E+46
  2.6610E-02  2.3476E+46  0.0000E+00  1.5002E+44  2.3326E+46
  2.9850E-02  2.6331E+46  2.1162E-83  1.6485E+44  2.6166E+46
  3.3500E-02  2.9547E+46  1.3741E-68  1.8028E+44  2.9367E+46
  3.7580E-02  3.3140E+46  1.7251E-55  1.9741E+44  3.2942E+46
  4.2170E-02  3.7204E+46  7.5993E-44  2.3738E+44  3.6967E+46
  4.7320E-02  4.1745E+46  2.0838E-33  2.6311E+44  4.1482E+46
  5.3090E-02  4.3480E+46  3.9022E-24  2.6753E+44  4.3212E+46
  6.6830E-02  4.1498E+46  1.5846E-08  2.2940E+44  4.1268E+46
  7.4990E-02  4.0520E+46  5.6222E-02  1.9206E+44  4.0328E+46
  8.4140E-02  3.9601E+46  2.9013E+04  1.9113E+44  3.9410E+46
  9.4410E-02  3.8706E+46  3.4455E+09  1.9377E+44  3.8513E+46
  1.0590E-01  3.5258E+46  9.2977E+13  2.0245E+44  3.5055E+46
  1.1890E-01  2.9652E+46  6.4788E+17  1.8451E+44  2.9467E+46
  1.3340E-01  2.4960E+46  1.2105E+21  1.6410E+44  2.4795E+46
  1.4960E-01  2.1014E+46  1.3061E+24  1.3508E+44  2.0878E+46
  1.5850E-01  1.9269E+46  3.8183E+25  1.2380E+44  1.9145E+46
  1.7780E-01  1.6223E+46  2.0428E+28  1.0858E+44  1.6114E+46
  1.9950E-01  1.3643E+46  6.5979E+30  8.4866E+43  1.3558E+46
  2.2390E-01  1.1472E+46  8.6095E+32  6.8644E+43  1.1403E+46
  2.3710E-01  1.0534E+46  5.5283E+33  6.9688E+43  1.0464E+46
  2.5120E-01  9.6636E+45  3.0177E+34  6.7754E+43  9.5958E+45
  2.6610E-01  8.8642E+45  1.5633E+35  6.3022E+43  8.8012E+45
  2.8180E-01  8.1334E+45  7.5088E+35  5.7362E+43  8.0761E+45
  2.9850E-01  7.4599E+45  3.3050E+36  5.1996E+43  7.4079E+45
  3.1620E-01  6.8419E+45  1.3105E+37  4.7214E+43  6.7947E+45
  3.3500E-01  6.2736E+45  4.7542E+37  4.2804E+43  6.2308E+45
  3.5480E-01  5.7552E+45  1.5829E+38  3.8718E+43  5.7165E+45
  3.7580E-01  5.2791E+45  4.8812E+38  3.4892E+43  5.2442E+45
  3.9810E-01  4.8412E+45  1.3875E+39  3.1488E+43  4.8097E+45
  4.2170E-01  4.4399E+45  3.6246E+39  2.8270E+43  4.4116E+45
  4.4670E-01  4.0720E+45  8.7790E+39  2.5413E+43  4.0466E+45
  4.7320E-01  3.7343E+45  2.0011E+40  2.2763E+43  3.7115E+45
  5.0120E-01  3.4251E+45  4.3050E+40  2.0311E+43  3.4048E+45
  5.3090E-01  3.1413E+45  8.7872E+40  1.8015E+43  3.1232E+45
  5.6230E-01  2.8813E+45  1.7002E+41  1.5989E+43  2.8651E+45
  5.9570E-01  2.6420E+45  3.1395E+41  1.4161E+43  2.6276E+45
  6.3100E-01  2.4234E+45  5.5269E+41  1.2490E+43  2.4103E+45
  6.6830E-01  2.2233E+45  9.2941E+41  1.0961E+43  2.2114E+45
  7.0790E-01  2.0395E+45  1.4987E+42  9.5919E+42  2.0284E+45
  7.4990E-01  1.8712E+45  2.3226E+42  8.3752E+42  1.8605E+45
  7.9430E-01  1.7173E+45  3.4628E+42  7.2759E+42  1.7066E+45
  8.4140E-01  1.5766E+45  4.9888E+42  6.2830E+42  1.5653E+45
  8.9130E-01  1.4481E+45  6.9613E+42  5.3736E+42  1.4357E+45
  9.4410E-01  1.3310E+45  9.4237E+42  4.5656E+42  1.3170E+45
  1.0000E+00  1.2244E+45  1.2411E+43  3.8607E+42  1.2081E+45
  1.0590E+00  1.1278E+45  1.5929E+43  3.2518E+42  1.1086E+45
  1.1220E+00  1.0393E+45  2.0051E+43  2.7195E+42  1.0165E+45
  1.1890E+00  9.5887E+44  2.4784E+43  2.2535E+42  9.3183E+44
  1.2590E+00  8.8701E+44  2.9960E+43  1.8463E+42  8.5520E+44
  1.3340E+00  8.2129E+44  3.5685E+43  1.5016E+42  7.8411E+44
  1.4130E+00  7.6222E+44  4.1732E+43  1.2200E+42  7.1927E+44
  1.4960E+00  7.0927E+44  4.8027E+43  9.8863E+41  6.6026E+44
  1.5850E+00  6.6096E+44  5.4729E+43  7.9556E+41  6.0543E+44
  1.6790E+00  6.1741E+44  6.1472E+43  6.3500E+41  5.5530E+44
  1.7780E+00  5.7810E+44  6.8023E+43  5.0189E+41  5.0957E+44
  1.8840E+00  5.4210E+44  7.4517E+43  3.9217E+41  4.6719E+44
  1.9950E+00  5.0960E+44  8.0545E+43  3.0339E+41  4.2875E+44
  2.1130E+00  4.7970E+44  8.6143E+43  2.3241E+41  3.9333E+44
  2.2390E+00  4.5192E+44  9.1140E+43  1.7647E+41  3.6061E+44
  2.3710E+00  4.2629E+44  9.5238E+43  1.3312E+41  3.3092E+44
  2.5120E+00  4.0214E+44  9.8598E+43  9.9874E+40  3.0344E+44
  2.6610E+00  3.7939E+44  1.0099E+44  7.4641E+40  2.7832E+44
  2.8180E+00  3.5771E+44  1.0227E+44  5.5586E+40  2.5538E+44
  2.9850E+00  3.3690E+44  1.0259E+44  4.1276E+40  2.3426E+44
  3.1620E+00  3.1678E+44  1.0188E+44  3.0566E+40  2.1487E+44
  3.3500E+00  2.9764E+44  1.0058E+44  2.2608E+40  1.9704E+44
  3.5480E+00  2.7896E+44  9.8162E+43  1.6677E+40  1.8078E+44
  3.7580E+00  2.6095E+44  9.5104E+43  1.2275E+40  1.6583E+44
  3.9810E+00  2.4361E+44  9.1503E+43  9.0167E+39  1.5210E+44
  4.2170E+00  2.2692E+44  8.7405E+43  6.6097E+39  1.3951E+44
  4.4670E+00  2.1091E+44  8.2944E+43  4.8343E+39  1.2796E+44
  4.7320E+00  1.9574E+44  7.8368E+43  3.5281E+39  1.1737E+44
  5.0120E+00  1.8170E+44  7.3784E+43  2.5744E+39  1.0791E+44
  5.3090E+00  1.6527E+44  6.9244E+43  1.8400E+39  9.6024E+43
  5.6230E+00  1.4970E+44  6.4892E+43  1.3078E+39  8.4805E+43
  5.9570E+00  1.3516E+44  6.0843E+43  9.2536E+38  7.4316E+43
  6.3100E+00  1.2124E+44  5.6526E+43  6.4919E+38  6.4710E+43
  6.6830E+00  1.0900E+44  5.2984E+43  4.5501E+38  5.6014E+43
  7.0790E+00  9.7393E+43  4.9203E+43  3.1499E+38  4.8190E+43
  7.4990E+00  9.0236E+43  4.9006E+43  2.2375E+38  4.1229E+43
  7.9430E+00  1.0003E+44  6.4917E+43  1.9174E+38  3.5109E+43
  8.4140E+00  1.2795E+44  9.8202E+43  2.0342E+38  2.9752E+43
  8.9130E+00  1.5243E+44  1.2733E+44  2.1447E+38  2.5104E+43
  9.4410E+00  1.7149E+44  1.5039E+44  2.3681E+38  2.1101E+43
  1.0000E+01  1.4451E+44  1.2684E+44  1.7163E+38  1.7671E+43
  1.0590E+01  1.1470E+44  9.9947E+43  1.1350E+38  1.4758E+43
  1.1220E+01  8.6481E+43  7.4214E+43  6.6334E+37  1.2267E+43
  1.1890E+01  6.6180E+43  5.6021E+43  3.9446E+37  1.0159E+43
  1.2590E+01  5.0781E+43  4.2369E+43  2.3028E+37  8.4119E+42
  1.3340E+01  3.9587E+43  3.2655E+43  1.3458E+37  6.9319E+42
  1.4130E+01  3.2808E+43  2.7103E+43  8.2116E+36  5.7050E+42
  1.4960E+01  3.1252E+43  2.6560E+43  5.9322E+36  4.6919E+42
  1.5850E+01  3.0905E+43  2.7063E+43  4.6441E+36  3.8414E+42
  1.6790E+01  3.0717E+43  2.7576E+43  3.8014E+36  3.1409E+42
  1.7780E+01  2.9624E+43  2.7058E+43  3.1109E+36  2.5663E+42
  1.8840E+01  2.6948E+43  2.4859E+43  2.4084E+36  2.0888E+42
  1.9950E+01  2.3133E+43  2.1431E+43  1.7080E+36  1.7013E+42
  2.1130E+01  1.9619E+43  1.8236E+43  1.1589E+36  1.3827E+42
  2.2390E+01  1.6761E+43  1.5641E+43  7.8846E+35  1.1203E+42
  2.3710E+01  1.4402E+43  1.3493E+43  5.3668E+35  9.0864E+41
  2.5120E+01  1.2391E+43  1.1656E+43  3.6637E+35  7.3479E+41
  2.6610E+01  1.0642E+43  1.0048E+43  2.4894E+35  5.9383E+41
  2.8180E+01  9.1187E+42  8.6388E+42  1.6915E+35  4.7994E+41
  2.9850E+01  7.7626E+42  7.3755E+42  1.1442E+35  3.8717E+41
  3.1620E+01  6.5481E+42  6.2362E+42  7.6709E+34  3.1199E+41
  3.3500E+01  5.4647E+42  5.2136E+42  5.0927E+34  2.5106E+41
  3.5480E+01  4.5134E+42  4.3113E+42  3.3500E+34  2.0210E+41
  3.7580E+01  3.6803E+42  3.5177E+42  2.1768E+34  1.6253E+41
  3.9810E+01  2.9570E+42  2.8264E+42  1.3951E+34  1.3054E+41
  4.2170E+01  2.3465E+42  2.2417E+42  8.8288E+33  1.0479E+41
  4.4670E+01  1.8409E+42  1.7568E+42  5.5161E+33  8.4074E+40
  4.7320E+01  1.4298E+42  1.3624E+42  3.4090E+33  6.7400E+40
  5.0120E+01  1.1012E+42  1.0471E+42  2.0874E+33  5.4034E+40
  5.3090E+01  8.4115E+41  7.9787E+41  1.2671E+33  4.3282E+40
  5.6230E+01  6.3849E+41  6.0382E+41  7.6388E+32  3.4667E+40
  5.9570E+01  4.8135E+41  4.5362E+41  4.5718E+32  2.7728E+40
  6.3100E+01  3.6127E+41  3.3909E+41  2.7234E+32  2.2180E+40
  6.6830E+01  2.7010E+41  2.5236E+41  1.6159E+32  1.7744E+40
  7.0790E+01  2.0120E+41  1.8702E+41  9.5524E+31  1.4183E+40
  7.4990E+01  1.4938E+41  1.3805E+41  5.6287E+31  1.1329E+40
  7.9430E+01  1.1067E+41  1.0162E+41  3.3109E+31  9.0505E+39
  8.4140E+01  8.1819E+40  7.4593E+40  1.9433E+31  7.2256E+39
  8.9130E+01  6.0424E+40  5.4658E+40  1.1399E+31  5.7665E+39
  9.4410E+01  4.4583E+40  3.9981E+40  6.6823E+30  4.6021E+39
  1.0000E+02  3.2867E+40  2.9195E+40  3.9153E+30  3.6722E+39
  1.0590E+02  2.4244E+40  2.1312E+40  2.2967E+30  2.9317E+39
  1.1220E+02  1.7874E+40  1.5539E+40  1.3465E+30  2.3358E+39
  1.1890E+02  1.3200E+40  1.1341E+40  7.9097E+29  1.8590E+39
  1.2590E+02  9.8128E+39  8.3290E+39  4.6790E+29  1.4838E+39
  1.3340E+02  7.3131E+39  6.1320E+39  2.7790E+29  1.1811E+39
  1.4130E+02  5.4280E+39  4.4868E+39  1.6510E+29  9.4117E+38
  1.4960E+02  3.9768E+39  3.2256E+39  9.6877E+28  7.5121E+38
  1.5850E+02  2.8998E+39  2.3020E+39  5.6470E+28  5.9781E+38
  1.7780E+02  1.5618E+39  1.1824E+39  1.9426E+28  3.7942E+38
  1.9950E+02  8.4932E+38  6.0888E+38  6.7591E+27  2.4043E+38
  2.2390E+02  4.6540E+38  3.1324E+38  2.3754E+27  1.5216E+38
  2.5120E+02  2.5748E+38  1.6110E+38  8.4426E+26  9.6376E+37
  2.8180E+02  1.4377E+38  8.2723E+37  3.0330E+26  6.1043E+37
  3.1620E+02  8.0985E+37  4.2367E+37  1.1001E+26  3.8617E+37
  3.5480E+02  4.6086E+37  2.1665E+37  4.0309E+25  2.4421E+37
  3.9810E+02  2.6502E+37  1.1060E+37  1.4925E+25  1.5442E+37
  4.4670E+02  1.5398E+37  5.6377E+36  5.5789E+24  9.7603E+36
  5.0120E+02  9.0398E+36  2.8703E+36  2.1047E+24  6.1695E+36
  5.6230E+02  5.3605E+36  1.4602E+36  8.0060E+23  3.9003E+36
  6.3100E+02  3.2042E+36  7.4126E+35  3.0654E+23  2.4629E+36
  7.0790E+02  1.9331E+36  3.7630E+35  1.1826E+23  1.5568E+36
  7.9430E+02  1.1740E+36  1.9070E+35  4.5839E+22  9.8325E+35
  8.9130E+02  7.1729E+35  9.6523E+34  1.7848E+22  6.2077E+35
  1.0000E+03  4.4097E+35  4.8839E+34  6.9823E+21  3.9214E+35
