  1.0000E-03  9.2110E+44  0.0000E+00  4.4480E+43  8.7662E+44
  1.1220E-03  1.0247E+45  0.0000E+00  4.1110E+43  9.8357E+44
  1.2590E-03  1.1416E+45  0.0000E+00  3.7880E+43  1.1037E+45
  1.4130E-03  1.2735E+45  0.0000E+00  3.4845E+43  1.2387E+45
  1.5850E-03  1.4225E+45  0.0000E+00  3.3076E+43  1.3894E+45
  1.7780E-03  1.5954E+45  0.0000E+00  3.6845E+43  1.5586E+45
  1.9950E-03  1.7828E+45  0.0000E+00  3.3998E+43  1.7488E+45
  2.2390E-03  1.9941E+45  0.0000E+00  3.1397E+43  1.9627E+45
  2.5120E-03  2.2363E+45  0.0000E+00  3.4323E+43  2.2020E+45
  2.8180E-03  2.5020E+45  0.0000E+00  3.1740E+43  2.4702E+45
  3.1620E-03  2.8015E+45  0.0000E+00  2.9653E+43  2.7718E+45
  3.5480E-03  3.1379E+45  0.0000E+00  2.7635E+43  3.1103E+45
  3.9810E-03  3.5152E+45  0.0000E+00  2.5406E+43  3.4898E+45
  4.4670E-03  4.0206E+45  0.0000E+00  1.0480E+44  3.9158E+45
  5.0120E-03  4.4987E+45  0.0000E+00  1.0513E+44  4.3936E+45
  5.6230E-03  5.0403E+45  0.0000E+00  1.1107E+44  4.9292E+45
  5.9570E-03  5.3376E+45  0.0000E+00  1.1551E+44  5.2220E+45
  6.6830E-03  5.9845E+45  0.0000E+00  1.2602E+44  5.8585E+45
  7.4990E-03  6.7120E+45  0.0000E+00  1.3820E+44  6.5738E+45
  8.4140E-03  7.5258E+45  0.0000E+00  1.4993E+44  7.3758E+45
  9.4410E-03  8.4377E+45  0.0000E+00  1.6156E+44  8.2761E+45
  1.0590E-02  9.4563E+45  0.0000E+00  1.7299E+44  9.2833E+45
  1.1890E-02  1.0608E+46  0.0000E+00  1.8457E+44  1.0423E+46
  1.3340E-02  1.1890E+46  0.0000E+00  1.9583E+44  1.1694E+46
  1.4960E-02  1.3321E+46  0.0000E+00  2.0716E+44  1.3114E+46
  1.6790E-02  1.4937E+46  0.0000E+00  2.1900E+44  1.4718E+46
  1.8840E-02  1.6747E+46  0.0000E+00  2.3144E+44  1.6515E+46
  2.1130E-02  1.8768E+46  0.0000E+00  2.4450E+44  1.8524E+46
  2.3710E-02  2.1043E+46  0.0000E+00  2.5833E+44  2.0785E+46
  2.6610E-02  2.3599E+46  0.0000E+00  2.7262E+44  2.3326E+46
  2.9850E-02  2.6453E+46  5.9742E-83  2.8677E+44  2.6166E+46
  3.3500E-02  2.9666E+46  3.7521E-68  2.9941E+44  2.9367E+46
  3.7580E-02  3.3260E+46  4.6935E-55  3.1733E+44  3.2942E+46
  4.2170E-02  3.7369E+46  2.0063E-43  4.0223E+44  3.6967E+46
  4.7320E-02  4.1903E+46  5.1582E-33  4.2074E+44  4.1482E+46
  5.3090E-02  4.3606E+46  9.0787E-24  3.9407E+44  4.3212E+46
  6.6830E-02  4.1538E+46  3.0951E-08  2.6928E+44  4.1268E+46
  7.4990E-02  4.0537E+46  9.6049E-02  2.0871E+44  4.0328E+46
  8.4140E-02  3.9623E+46  4.8461E+04  2.1327E+44  3.9410E+46
  9.4410E-02  3.8734E+46  5.5168E+09  2.2102E+44  3.8513E+46
  1.0590E-01  3.5314E+46  1.4345E+14  2.5851E+44  3.5055E+46
  1.1890E-01  2.9724E+46  1.1437E+18  2.5657E+44  2.9467E+46
  1.3340E-01  2.5039E+46  2.7661E+21  2.4313E+44  2.4795E+46
  1.4960E-01  2.1052E+46  3.5498E+24  1.7393E+44  2.0878E+46
  1.5850E-01  1.9282E+46  1.0621E+26  1.3669E+44  1.9145E+46
  1.7780E-01  1.6213E+46  5.0939E+28  9.8214E+43  1.6114E+46
  1.9950E-01  1.3625E+46  1.2550E+31  6.7413E+43  1.3558E+46
  2.2390E-01  1.1462E+46  1.3083E+33  5.8995E+43  1.1403E+46
  2.3710E-01  1.0533E+46  9.0533E+33  6.8477E+43  1.0464E+46
  2.5120E-01  9.6688E+45  5.5737E+34  7.2980E+43  9.5958E+45
  2.6610E-01  8.8717E+45  3.1626E+35  7.0471E+43  8.8012E+45
  2.8180E-01  8.1413E+45  1.6220E+36  6.5204E+43  8.0761E+45
  2.9850E-01  7.4678E+45  7.5251E+36  5.9899E+43  7.4079E+45
  3.1620E-01  6.8502E+45  3.1264E+37  5.5533E+43  6.7947E+45
  3.3500E-01  6.2823E+45  1.1814E+38  5.1492E+43  6.2308E+45
  3.5480E-01  5.7642E+45  4.0668E+38  4.7731E+43  5.7165E+45
  3.7580E-01  5.2885E+45  1.2904E+39  4.4289E+43  5.2442E+45
  3.9810E-01  4.8510E+45  3.7660E+39  4.1282E+43  4.8097E+45
  4.2170E-01  4.4504E+45  1.0094E+40  3.8718E+43  4.4116E+45
  4.4670E-01  4.0831E+45  2.5068E+40  3.6507E+43  4.0466E+45
  4.7320E-01  3.7460E+45  5.8464E+40  3.4456E+43  3.7115E+45
  5.0120E-01  3.4374E+45  1.2843E+41  3.2517E+43  3.4048E+45
  5.3090E-01  3.1542E+45  2.6720E+41  3.0732E+43  3.1232E+45
  5.6230E-01  2.8948E+45  5.2591E+41  2.9125E+43  2.8651E+45
  5.9570E-01  2.6562E+45  9.8589E+41  2.7696E+43  2.6276E+45
  6.3100E-01  2.4385E+45  1.7596E+42  2.6443E+43  2.4103E+45
  6.6830E-01  2.2398E+45  2.9937E+42  2.5382E+43  2.2114E+45
  7.0790E-01  2.0579E+45  4.8803E+42  2.4553E+43  2.0284E+45
  7.4990E-01  1.8920E+45  7.6320E+42  2.3938E+43  1.8605E+45
  7.9430E-01  1.7416E+45  1.1472E+43  2.3567E+43  1.7066E+45
  8.4140E-01  1.6055E+45  1.6633E+43  2.3521E+43  1.5653E+45
  8.9130E-01  1.4829E+45  2.3355E+43  2.3814E+43  1.4357E+45
  9.4410E-01  1.3732E+45  3.1715E+43  2.4453E+43  1.3170E+45
  1.0000E+00  1.2752E+45  4.1692E+43  2.5342E+43  1.2081E+45
  1.0590E+00  1.1882E+45  5.3201E+43  2.6424E+43  1.1086E+45
  1.1220E+00  1.1105E+45  6.6336E+43  2.7604E+43  1.0165E+45
  1.1890E+00  1.0415E+45  8.0936E+43  2.8753E+43  9.3183E+44
  1.2590E+00  9.8131E+44  9.6416E+43  2.9689E+43  8.5520E+44
  1.3340E+00  9.2696E+44  1.1245E+44  3.0408E+43  7.8411E+44
  1.4130E+00  8.7793E+44  1.2784E+44  3.0817E+43  7.1927E+44
  1.4960E+00  8.3328E+44  1.4217E+44  3.0850E+43  6.6026E+44
  1.5850E+00  7.9146E+44  1.5554E+44  3.0484E+43  6.0543E+44
  1.6790E+00  7.5201E+44  1.6704E+44  2.9665E+43  5.5530E+44
  1.7780E+00  7.1413E+44  1.7617E+44  2.8385E+43  5.0957E+44
  1.8840E+00  6.7701E+44  1.8311E+44  2.6715E+43  4.6719E+44
  1.9950E+00  6.4099E+44  1.8751E+44  2.4732E+43  4.2875E+44
  2.1130E+00  6.0543E+44  1.8957E+44  2.2530E+43  3.9333E+44
  2.2390E+00  5.7005E+44  1.8925E+44  2.0189E+43  3.6061E+44
  2.3710E+00  5.3544E+44  1.8673E+44  1.7799E+43  3.3092E+44
  2.5120E+00  5.0128E+44  1.8239E+44  1.5440E+43  3.0344E+44
  2.6610E+00  4.6784E+44  1.7634E+44  1.3179E+43  2.7832E+44
  2.8180E+00  4.3521E+44  1.6875E+44  1.1069E+43  2.5538E+44
  2.9850E+00  4.0343E+44  1.6002E+44  9.1540E+42  2.3426E+44
  3.1620E+00  3.7264E+44  1.5031E+44  7.4607E+42  2.1487E+44
  3.3500E+00  3.4334E+44  1.4030E+44  5.9947E+42  1.9704E+44
  3.5480E+00  3.1540E+44  1.2987E+44  4.7614E+42  1.8078E+44
  3.7580E+00  2.8902E+44  1.1945E+44  3.7376E+42  1.6583E+44
  3.9810E+00  2.6419E+44  1.0919E+44  2.9023E+42  1.5210E+44
  4.2170E+00  2.4101E+44  9.9267E+43  2.2325E+42  1.3951E+44
  4.4670E+00  2.1946E+44  8.9795E+43  1.7023E+42  1.2796E+44
  4.7320E+00  1.9951E+44  8.0860E+43  1.2861E+42  1.1737E+44
  5.0120E+00  1.8141E+44  7.2535E+43  9.6504E+41  1.0791E+44
  5.3090E+00  1.6151E+44  6.4776E+43  7.0660E+41  9.6024E+43
  5.6230E+00  1.4296E+44  5.7646E+43  5.1092E+41  8.4805E+43
  5.9570E+00  1.2584E+44  5.1162E+43  3.6491E+41  7.4316E+43
  6.3100E+00  1.1006E+44  4.5090E+43  2.5762E+41  6.4710E+43
  6.6830E+00  9.6291E+43  4.0097E+43  1.8067E+41  5.6014E+43
  7.0790E+00  8.3750E+43  3.5435E+43  1.2491E+41  4.8190E+43
  7.4990E+00  7.2611E+43  3.1298E+43  8.2824E+40  4.1229E+43
  7.9430E+00  6.3062E+43  2.7904E+43  4.8950E+40  3.5109E+43
  8.4140E+00  5.5258E+43  2.5479E+43  2.7427E+40  2.9752E+43
  8.9130E+00  4.8883E+43  2.3762E+43  1.7013E+40  2.5104E+43
  9.4410E+00  4.3590E+43  2.2478E+43  1.2229E+40  2.1101E+43
  1.0000E+01  3.7749E+43  2.0068E+43  1.0213E+40  1.7671E+43
  1.0590E+01  3.2509E+43  1.7742E+43  8.6162E+39  1.4758E+43
  1.1220E+01  2.7900E+43  1.5626E+43  6.8938E+39  1.2267E+43
  1.1890E+01  2.3867E+43  1.3703E+43  5.2707E+39  1.0159E+43
  1.2590E+01  2.0512E+43  1.2096E+43  3.8758E+39  8.4119E+42
  1.3340E+01  1.7620E+43  1.0686E+43  2.7293E+39  6.9319E+42
  1.4130E+01  1.5304E+43  9.5974E+42  1.8352E+39  5.7050E+42
  1.4960E+01  1.3687E+43  8.9940E+42  1.2301E+39  4.6919E+42
  1.5850E+01  1.2428E+43  8.5853E+42  8.6005E+38  3.8414E+42
  1.6790E+01  1.1424E+43  8.2829E+42  6.3159E+38  3.1409E+42
  1.7780E+01  1.0565E+43  7.9986E+42  4.8682E+38  2.5663E+42
  1.8840E+01  9.7482E+42  7.6591E+42  3.8463E+38  2.0888E+42
  1.9950E+01  8.9555E+42  7.2539E+42  3.0035E+38  1.7013E+42
  2.1130E+01  8.2532E+42  6.8703E+42  2.2782E+38  1.3827E+42
  2.2390E+01  7.6550E+42  6.5345E+42  1.7177E+38  1.1203E+42
  2.3710E+01  7.1384E+42  6.2296E+42  1.2879E+38  9.0864E+41
  2.5120E+01  6.6606E+42  5.9257E+42  9.6304E+37  7.3479E+41
  2.6610E+01  6.2035E+42  5.6096E+42  7.1444E+37  5.9383E+41
  2.8180E+01  5.7525E+42  5.2725E+42  5.2744E+37  4.7994E+41
  2.9850E+01  5.2907E+42  4.9035E+42  3.8621E+37  3.8717E+41
  3.1620E+01  4.8139E+42  4.5019E+42  2.7947E+37  3.1199E+41
  3.3500E+01  4.3243E+42  4.0732E+42  1.9965E+37  2.5106E+41
  3.5480E+01  3.8330E+42  3.6309E+42  1.4080E+37  2.0210E+41
  3.7580E+01  3.3477E+42  3.1852E+42  9.7874E+36  1.6253E+41
  3.9810E+01  2.8769E+42  2.7463E+42  6.7035E+36  1.3054E+41
  4.2170E+01  2.4362E+42  2.3314E+42  4.5241E+36  1.0479E+41
  4.4670E+01  2.0344E+42  1.9503E+42  3.0074E+36  8.4074E+40
  4.7320E+01  1.6774E+42  1.6100E+42  1.9722E+36  6.7400E+40
  5.0120E+01  1.3670E+42  1.3130E+42  1.2775E+36  5.4034E+40
  5.3090E+01  1.1015E+42  1.0582E+42  8.1777E+35  4.3282E+40
  5.6230E+01  8.7909E+41  8.4442E+41  5.1814E+35  3.4667E+40
  5.9570E+01  6.9467E+41  6.6694E+41  3.2492E+35  2.7728E+40
  6.3100E+01  5.4468E+41  5.2250E+41  2.0211E+35  2.2180E+40
  6.6830E+01  4.2407E+41  4.0632E+41  1.2482E+35  1.7744E+40
  7.0790E+01  3.2797E+41  3.1379E+41  7.6559E+34  1.4183E+40
  7.4990E+01  2.5207E+41  2.4074E+41  4.6669E+34  1.1329E+40
  7.9430E+01  1.9276E+41  1.8371E+41  2.8312E+34  9.0505E+39
  8.4140E+01  1.4669E+41  1.3947E+41  1.7091E+34  7.2256E+39
  8.9130E+01  1.1122E+41  1.0546E+41  1.0282E+34  5.7665E+39
  9.4410E+01  8.4041E+40  7.9439E+40  6.1663E+33  4.6021E+39
  1.0000E+02  6.3291E+40  5.9619E+40  3.6868E+33  3.6722E+39
  1.0590E+02  4.7576E+40  4.4644E+40  2.2014E+33  2.9317E+39
  1.1220E+02  3.5677E+40  3.3341E+40  1.3112E+33  2.3358E+39
  1.1890E+02  2.6753E+40  2.4894E+40  7.8115E+32  1.8590E+39
  1.2590E+02  2.0162E+40  1.8678E+40  4.6795E+32  1.4838E+39
  1.3340E+02  1.5224E+40  1.4043E+40  2.8130E+32  1.1811E+39
  1.4130E+02  1.1409E+40  1.0468E+40  1.6854E+32  9.4117E+38
  1.4960E+02  8.3883E+39  7.6371E+39  9.9107E+31  7.5121E+38
  1.5850E+02  6.1250E+39  5.5272E+39  5.7766E+31  5.9781E+38
  1.7780E+02  3.2959E+39  2.9165E+39  1.9806E+31  3.7942E+38
  1.9950E+02  1.7793E+39  1.5389E+39  6.8307E+30  2.4043E+38
  2.2390E+02  9.6106E+38  8.0890E+38  2.3649E+30  1.5216E+38
  2.5120E+02  5.2028E+38  4.2390E+38  8.2327E+29  9.6376E+37
  2.8180E+02  2.8231E+38  2.2127E+38  2.8825E+29  6.1043E+37
  3.1620E+02  1.5359E+38  1.1497E+38  1.0150E+29  3.8617E+37
  3.5480E+02  8.3959E+37  5.9538E+37  3.6005E+28  2.4421E+37
  3.9810E+02  4.6178E+37  3.0736E+37  1.2885E+28  1.5442E+37
  4.4670E+02  2.5581E+37  1.5821E+37  4.6530E+27  9.7603E+36
  5.0120E+02  1.4294E+37  8.1248E+36  1.6968E+27  6.1695E+36
  5.6230E+02  8.0652E+36  4.1649E+36  6.2486E+26  3.9003E+36
  6.3100E+02  4.5916E+36  2.1287E+36  2.3213E+26  2.4629E+36
  7.0790E+02  2.6439E+36  1.0871E+36  8.7111E+25  1.5568E+36
  7.9430E+02  1.5371E+36  5.5387E+35  3.2943E+25  9.8325E+35
  8.9130E+02  9.0245E+35  2.8168E+35  1.2551E+25  6.2077E+35
  1.0000E+03  5.3526E+35  1.4312E+35  4.8184E+24  3.9214E+35
