  1.0000E-03  9.5055E+44  1.3555E+00  7.3935E+43  8.7662E+44
  1.1220E-03  1.0470E+45  1.0775E+00  6.3387E+43  9.8357E+44
  1.2590E-03  1.1575E+45  8.4630E-01  5.3863E+43  1.1037E+45
  1.4130E-03  1.2843E+45  6.6099E-01  4.5656E+43  1.2387E+45
  1.5850E-03  1.4303E+45  5.4825E-01  4.0916E+43  1.3894E+45
  1.7780E-03  1.6072E+45  5.5637E-01  4.8575E+43  1.5586E+45
  1.9950E-03  1.7891E+45  3.5556E-01  4.0244E+43  1.7488E+45
  2.2390E-03  1.9967E+45  2.6116E-01  3.3963E+43  1.9627E+45
  2.5120E-03  2.2443E+45  2.4454E-01  4.2323E+43  2.2020E+45
  2.8180E-03  2.5055E+45  1.3192E-01  3.5314E+43  2.4702E+45
  3.1620E-03  2.8025E+45  7.9561E-02  3.0663E+43  2.7718E+45
  3.5480E-03  3.1376E+45  5.1492E-02  2.7289E+43  3.1103E+45
  3.9810E-03  3.5147E+45  3.6156E-02  2.4817E+43  3.4898E+45
  4.4670E-03  4.0080E+45  3.7607E-01  9.2201E+43  3.9158E+45
  5.0120E-03  4.4691E+45  2.0118E-01  7.5473E+43  4.3936E+45
  5.6230E-03  4.9938E+45  1.1241E-01  6.4595E+43  4.9292E+45
  5.9570E-03  5.2829E+45  8.6400E-02  6.0865E+43  5.2220E+45
  6.6830E-03  5.9147E+45  5.5677E-02  5.6174E+43  5.8585E+45
  7.4990E-03  6.6287E+45  4.0225E-02  5.4873E+43  6.5738E+45
  8.4140E-03  7.4287E+45  2.8329E-02  5.2881E+43  7.3758E+45
  9.4410E-03  8.3283E+45  2.1863E-02  5.2190E+43  8.2761E+45
  1.0590E-02  9.3362E+45  1.9554E-02  5.2903E+43  9.2833E+45
  1.1890E-02  1.0478E+46  1.5137E-02  5.5070E+43  1.0423E+46
  1.3340E-02  1.1750E+46  1.2685E-02  5.5930E+43  1.1694E+46
  1.4960E-02  1.3171E+46  1.0250E-02  5.6752E+43  1.3114E+46
  1.6790E-02  1.4776E+46  8.5879E-03  5.7664E+43  1.4718E+46
  1.8840E-02  1.6574E+46  7.4697E-03  5.8870E+43  1.6515E+46
  2.1130E-02  1.8585E+46  6.4379E-03  6.1013E+43  1.8524E+46
  2.3710E-02  2.0847E+46  5.5706E-03  6.2733E+43  2.0785E+46
  2.6610E-02  2.3390E+46  4.7849E-03  6.4059E+43  2.3326E+46
  2.9850E-02  2.6232E+46  4.1598E-03  6.5436E+43  2.6166E+46
  3.3500E-02  2.9433E+46  3.6411E-03  6.6730E+43  2.9367E+46
  3.7580E-02  3.3014E+46  3.8536E-03  7.1622E+43  3.2942E+46
  4.2170E-02  3.7047E+46  3.4109E-03  8.0274E+43  3.6967E+46
  4.7320E-02  4.1559E+46  2.2462E-03  7.7162E+43  4.1482E+46
  5.3090E-02  4.3280E+46  1.3008E-03  6.7278E+43  4.3212E+46
  6.6830E-02  4.1302E+46  1.4776E-04  3.4114E+43  4.1268E+46
  7.4990E-02  4.0350E+46  3.9267E-05  2.2065E+43  4.0328E+46
  8.4140E-02  3.9433E+46  5.2698E-05  2.3057E+43  3.9410E+46
  9.4410E-02  3.8537E+46  6.4156E-05  2.4102E+43  3.8513E+46
  1.0590E-01  3.5085E+46  1.5719E-04  2.9594E+43  3.5055E+46
  1.1890E-01  2.9501E+46  1.8020E+01  3.3545E+43  2.9467E+46
  1.3340E-01  2.4831E+46  4.8937E+06  3.5774E+43  2.4795E+46
  1.4960E-01  2.0912E+46  2.7988E+11  3.3676E+43  2.0878E+46
  1.5850E-01  1.9177E+46  3.5035E+13  3.1909E+43  1.9145E+46
  1.7780E-01  1.6142E+46  1.3441E+17  2.7695E+43  1.6114E+46
  1.9950E-01  1.3576E+46  1.3984E+20  1.8033E+43  1.3558E+46
  2.2390E-01  1.1417E+46  9.2648E+22  1.3403E+43  1.1403E+46
  2.3710E-01  1.0480E+46  2.4565E+24  1.5990E+43  1.0464E+46
  2.5120E-01  9.6146E+45  5.6372E+25  1.8829E+43  9.5958E+45
  2.6610E-01  8.8215E+45  1.0418E+27  2.0315E+43  8.8012E+45
  2.8180E-01  8.0969E+45  1.5679E+28  2.0850E+43  8.0761E+45
  2.9850E-01  7.4288E+45  2.0018E+29  2.0943E+43  7.4079E+45
  3.1620E-01  6.8156E+45  2.1788E+30  2.0982E+43  6.7947E+45
  3.3500E-01  6.2518E+45  2.0569E+31  2.0943E+43  6.2308E+45
  3.5480E-01  5.7372E+45  1.6712E+32  2.0761E+43  5.7165E+45
  3.7580E-01  5.2648E+45  1.2023E+33  2.0605E+43  5.2442E+45
  3.9810E-01  4.8301E+45  7.6591E+33  2.0397E+43  4.8097E+45
  4.2170E-01  4.4320E+45  4.3554E+34  2.0364E+43  4.4116E+45
  4.4670E-01  4.0670E+45  2.2184E+35  2.0405E+43  4.0466E+45
  4.7320E-01  3.7319E+45  1.0257E+36  2.0467E+43  3.7115E+45
  5.0120E-01  3.4253E+45  4.3091E+36  2.0525E+43  3.4048E+45
  5.3090E-01  3.1438E+45  1.6673E+37  2.0659E+43  3.1232E+45
  5.6230E-01  2.8859E+45  5.9044E+37  2.0771E+43  2.8651E+45
  5.9570E-01  2.6484E+45  1.9402E+38  2.0883E+43  2.6276E+45
  6.3100E-01  2.4314E+45  5.9117E+38  2.1052E+43  2.4103E+45
  6.6830E-01  2.2327E+45  1.6765E+39  2.1269E+43  2.2114E+45
  7.0790E-01  2.0500E+45  4.4594E+39  2.1557E+43  2.0284E+45
  7.4990E-01  1.8823E+45  1.1123E+40  2.1836E+43  1.8605E+45
  7.9430E-01  1.7288E+45  2.6110E+40  2.2148E+43  1.7066E+45
  8.4140E-01  1.5879E+45  5.8077E+40  2.2514E+43  1.5653E+45
  8.9130E-01  1.4589E+45  1.2320E+41  2.3017E+43  1.4357E+45
  9.4410E-01  1.3408E+45  2.4861E+41  2.3571E+43  1.3170E+45
  1.0000E+00  1.2327E+45  4.7738E+41  2.4064E+43  1.2081E+45
  1.0590E+00  1.1340E+45  8.7468E+41  2.4526E+43  1.1086E+45
  1.1220E+00  1.0430E+45  1.5467E+42  2.4936E+43  1.0165E+45
  1.1890E+00  9.5974E+44  2.6424E+42  2.5274E+43  9.3183E+44
  1.2590E+00  8.8512E+44  4.3426E+42  2.5576E+43  8.5520E+44
  1.3340E+00  8.1678E+44  6.9248E+42  2.5746E+43  7.8411E+44
  1.4130E+00  7.5565E+44  1.0599E+43  2.5775E+43  7.1927E+44
  1.4960E+00  7.0156E+44  1.5627E+43  2.5676E+43  6.6026E+44
  1.5850E+00  6.5328E+44  2.2437E+43  2.5413E+43  6.0543E+44
  1.6790E+00  6.1156E+44  3.1229E+43  2.5032E+43  5.5530E+44
  1.7780E+00  5.7621E+44  4.2138E+43  2.4494E+43  5.0957E+44
  1.8840E+00  5.4636E+44  5.5438E+43  2.3730E+43  4.6719E+44
  1.9950E+00  5.2221E+44  7.0715E+43  2.2743E+43  4.2875E+44
  2.1130E+00  5.0260E+44  8.7757E+43  2.1512E+43  3.9333E+44
  2.2390E+00  4.8662E+44  1.0595E+44  2.0060E+43  3.6061E+44
  2.3710E+00  4.7353E+44  1.2418E+44  1.8430E+43  3.3092E+44
  2.5120E+00  4.6199E+44  1.4188E+44  1.6673E+43  3.0344E+44
  2.6610E+00  4.5111E+44  1.5793E+44  1.4859E+43  2.7832E+44
  2.8180E+00  4.3982E+44  1.7139E+44  1.3045E+43  2.5538E+44
  2.9850E+00  4.2739E+44  1.8185E+44  1.1280E+43  2.3426E+44
  3.1620E+00  4.1328E+44  1.8880E+44  9.6166E+42  2.1487E+44
  3.3500E+00  3.9763E+44  1.9252E+44  8.0748E+42  1.9704E+44
  3.5480E+00  3.7973E+44  1.9226E+44  6.6919E+42  1.8078E+44
  3.7580E+00  3.6011E+44  1.8881E+44  5.4695E+42  1.6583E+44
  3.9810E+00  3.3907E+44  1.8256E+44  4.4120E+42  1.5210E+44
  4.2170E+00  3.1694E+44  1.7391E+44  3.5146E+42  1.3951E+44
  4.4670E+00  2.9416E+44  1.6344E+44  2.7659E+42  1.2796E+44
  4.7320E+00  2.7144E+44  1.5193E+44  2.1504E+42  1.1737E+44
  5.0120E+00  2.4948E+44  1.3991E+44  1.6552E+42  1.0791E+44
  5.3090E+00  2.2506E+44  1.2780E+44  1.2417E+42  9.6024E+43
  5.6230E+00  2.0177E+44  1.1605E+44  9.1894E+41  8.4805E+43
  5.9570E+00  1.7995E+44  1.0496E+44  6.7143E+41  7.4316E+43
  6.3100E+00  1.5918E+44  9.3985E+43  4.8433E+41  6.4710E+43
  6.6830E+00  1.4063E+44  8.4270E+43  3.4587E+41  5.6014E+43
  7.0790E+00  1.2330E+44  7.4865E+43  2.4315E+41  4.8190E+43
  7.4990E+00  1.1216E+44  7.0767E+43  1.6843E+41  4.1229E+43
  7.9430E+00  1.2078E+44  8.5550E+43  1.1564E+41  3.5109E+43
  8.4140E+00  1.4154E+44  1.1171E+44  7.7345E+40  2.9752E+43
  8.9130E+00  1.5000E+44  1.2484E+44  5.3167E+40  2.5104E+43
  9.4410E+00  1.4921E+44  1.2807E+44  4.0604E+40  2.1101E+43
  1.0000E+01  1.2356E+44  1.0585E+44  3.2797E+40  1.7671E+43
  1.0590E+01  9.8251E+43  8.3467E+43  2.6349E+40  1.4758E+43
  1.1220E+01  7.5033E+43  6.2746E+43  1.9819E+40  1.2267E+43
  1.1890E+01  5.7558E+43  4.7384E+43  1.4403E+40  1.0159E+43
  1.2590E+01  4.4193E+43  3.5771E+43  1.0060E+40  8.4119E+42
  1.3340E+01  3.4332E+43  2.7393E+43  6.7633E+39  6.9319E+42
  1.4130E+01  2.8043E+43  2.2334E+43  4.4136E+39  5.7050E+42
  1.4960E+01  2.5564E+43  2.0869E+43  2.9756E+39  4.6919E+42
  1.5850E+01  2.4004E+43  2.0161E+43  2.0993E+39  3.8414E+42
  1.6790E+01  2.2705E+43  1.9563E+43  1.5481E+39  3.1409E+42
  1.7780E+01  2.1144E+43  1.8576E+43  1.1888E+39  2.5663E+42
  1.8840E+01  1.9048E+43  1.6958E+43  9.2877E+38  2.0888E+42
  1.9950E+01  1.6649E+43  1.4947E+43  7.1406E+38  1.7013E+42
  2.1130E+01  1.4579E+43  1.3196E+43  5.3414E+38  1.3827E+42
  2.2390E+01  1.2964E+43  1.1843E+43  3.9898E+38  1.1203E+42
  2.3710E+01  1.1692E+43  1.0783E+43  2.9775E+38  9.0864E+41
  2.5120E+01  1.0651E+43  9.9158E+42  2.2278E+38  7.3479E+41
  2.6610E+01  9.7706E+42  9.1766E+42  1.6621E+38  5.9383E+41
  2.8180E+01  9.0080E+42  8.5280E+42  1.2405E+38  4.7994E+41
  2.9850E+01  8.3141E+42  7.9269E+42  9.2334E+37  3.8717E+41
  3.1620E+01  7.6585E+42  7.3465E+42  6.8266E+37  3.1199E+41
  3.3500E+01  7.0274E+42  6.7763E+42  5.0089E+37  2.5106E+41
  3.5480E+01  6.4179E+42  6.2158E+42  3.6458E+37  2.0210E+41
  3.7580E+01  5.8230E+42  5.6604E+42  2.6281E+37  1.6253E+41
  3.9810E+01  5.2367E+42  5.1062E+42  1.8744E+37  1.3054E+41
  4.2170E+01  4.6741E+42  4.5693E+42  1.3224E+37  1.0479E+41
  4.4670E+01  4.1417E+42  4.0576E+42  9.2232E+36  8.4074E+40
  4.7320E+01  3.6459E+42  3.5785E+42  6.3676E+36  6.7400E+40
  5.0120E+01  3.1888E+42  3.1347E+42  4.3543E+36  5.4034E+40
  5.3090E+01  2.7703E+42  2.7271E+42  2.9502E+36  4.3282E+40
  5.6230E+01  2.3922E+42  2.3575E+42  1.9823E+36  3.4667E+40
  5.9570E+01  2.0516E+42  2.0239E+42  1.3206E+36  2.7728E+40
  6.3100E+01  1.7488E+42  1.7266E+42  8.7354E+35  2.2180E+40
  6.6830E+01  1.4812E+42  1.4635E+42  5.7388E+35  1.7744E+40
  7.0790E+01  1.2468E+42  1.2327E+42  3.7454E+35  1.4183E+40
  7.4990E+01  1.0425E+42  1.0311E+42  2.4284E+35  1.1329E+40
  7.9430E+01  8.6602E+41  8.5697E+41  1.5654E+35  9.0505E+39
  8.4140E+01  7.1473E+41  7.0751E+41  1.0029E+35  7.2256E+39
  8.9130E+01  5.8639E+41  5.8063E+41  6.3936E+34  5.7665E+39
  9.4410E+01  4.7807E+41  4.7347E+41  4.0544E+34  4.6021E+39
  1.0000E+02  3.8726E+41  3.8359E+41  2.5572E+34  3.6722E+39
  1.0590E+02  3.1199E+41  3.0906E+41  1.6063E+34  2.9317E+39
  1.1220E+02  2.5003E+41  2.4770E+41  1.0042E+34  2.3358E+39
  1.1890E+02  1.9968E+41  1.9782E+41  6.2635E+33  1.8590E+39
  1.2590E+02  1.5951E+41  1.5802E+41  3.9138E+33  1.4838E+39
  1.3340E+02  1.2731E+41  1.2613E+41  2.4491E+33  1.1811E+39
  1.4130E+02  1.0043E+41  9.9492E+40  1.5219E+33  9.4117E+38
  1.4960E+02  7.7397E+40  7.6645E+40  9.2368E+32  7.5121E+38
  1.5850E+02  5.9059E+40  5.8461E+40  5.5402E+32  5.9781E+38
  1.7780E+02  3.4306E+40  3.3927E+40  1.9907E+32  3.7942E+38
  1.9950E+02  1.9708E+40  1.9468E+40  7.0977E+31  2.4043E+38
  2.2390E+02  1.1169E+40  1.1017E+40  2.5055E+31  1.5216E+38
  2.5120E+02  6.2547E+39  6.1583E+39  8.7663E+30  9.6376E+37
  2.8180E+02  3.4626E+39  3.4016E+39  3.0409E+30  6.1043E+37
  3.1620E+02  1.8961E+39  1.8575E+39  1.0461E+30  3.8617E+37
  3.5480E+02  1.0292E+39  1.0048E+39  3.5755E+29  2.4421E+37
  3.9810E+02  5.5436E+38  5.3891E+38  1.2161E+29  1.5442E+37
  4.4670E+02  2.9661E+38  2.8685E+38  4.1200E+28  9.7603E+36
  5.0120E+02  1.5788E+38  1.5171E+38  1.3926E+28  6.1695E+36
  5.6230E+02  8.3700E+37  7.9799E+37  4.7016E+27  3.9003E+36
  6.3100E+02  4.4187E+37  4.1724E+37  1.5864E+27  2.4629E+36
  7.0790E+02  2.3295E+37  2.1738E+37  5.3658E+26  1.5568E+36
  7.9430E+02  1.2255E+37  1.1272E+37  1.8185E+26  9.8325E+35
  8.9130E+02  6.4426E+36  5.8219E+36  6.1869E+25  6.2077E+35
  1.0000E+03  3.3910E+36  2.9989E+36  2.1179E+25  3.9214E+35
