  1.0000E-03  8.7919E+44  0.0000E+00  2.5729E+42  8.7662E+44
  1.1220E-03  9.8689E+44  0.0000E+00  3.3161E+42  9.8357E+44
  1.2590E-03  1.1078E+45  0.0000E+00  4.0758E+42  1.1037E+45
  1.4130E-03  1.2435E+45  0.0000E+00  4.8170E+42  1.2387E+45
  1.5850E-03  1.3950E+45  0.0000E+00  5.5497E+42  1.3894E+45
  1.7780E-03  1.5657E+45  0.0000E+00  7.0822E+42  1.5586E+45
  1.9950E-03  1.7575E+45  0.0000E+00  8.7054E+42  1.7488E+45
  2.2390E-03  1.9723E+45  0.0000E+00  9.5949E+42  1.9627E+45
  2.5120E-03  2.2151E+45  0.0000E+00  1.3057E+43  2.2020E+45
  2.8180E-03  2.4861E+45  0.0000E+00  1.5893E+43  2.4702E+45
  3.1620E-03  2.7902E+45  0.0000E+00  1.8313E+43  2.7718E+45
  3.5480E-03  3.1308E+45  0.0000E+00  2.0501E+43  3.1103E+45
  3.9810E-03  3.5122E+45  0.0000E+00  2.2408E+43  3.4898E+45
  4.4670E-03  3.9444E+45  0.0000E+00  2.8554E+43  3.9158E+45
  5.0120E-03  4.4300E+45  0.0000E+00  3.6360E+43  4.3936E+45
  5.6230E-03  4.9737E+45  0.0000E+00  4.4483E+43  4.9292E+45
  5.9570E-03  5.2706E+45  0.0000E+00  4.8560E+43  5.2220E+45
  6.6830E-03  5.9150E+45  0.0000E+00  5.6524E+43  5.8585E+45
  7.4990E-03  6.6387E+45  0.0000E+00  6.4872E+43  6.5738E+45
  8.4140E-03  7.4497E+45  0.0000E+00  7.3849E+43  7.3758E+45
  9.4410E-03  8.3584E+45  0.0000E+00  8.2264E+43  8.2761E+45
  1.0590E-02  9.3711E+45  0.0000E+00  8.7819E+43  9.2833E+45
  1.1890E-02  1.0526E+46  0.0000E+00  1.0258E+44  1.0423E+46
  1.3340E-02  1.1807E+46  0.0000E+00  1.1291E+44  1.1694E+46
  1.4960E-02  1.3240E+46  0.0000E+00  1.2612E+44  1.3114E+46
  1.6790E-02  1.4857E+46  0.0000E+00  1.3896E+44  1.4718E+46
  1.8840E-02  1.6667E+46  0.0000E+00  1.5141E+44  1.6515E+46
  2.1130E-02  1.8692E+46  0.0000E+00  1.6821E+44  1.8524E+46
  2.3710E-02  2.0970E+46  0.0000E+00  1.8529E+44  2.0785E+46
  2.6610E-02  2.3530E+46  0.0000E+00  2.0328E+44  2.3326E+46
  2.9850E-02  2.6388E+46  2.9040E-83  2.2174E+44  2.6166E+46
  3.3500E-02  2.9607E+46  1.8864E-68  2.4072E+44  2.9367E+46
  3.7580E-02  3.3205E+46  2.3692E-55  2.6306E+44  3.2942E+46
  4.2170E-02  3.7281E+46  1.0439E-43  3.1431E+44  3.6967E+46
  4.7320E-02  4.1824E+46  2.8615E-33  3.4266E+44  4.1482E+46
  5.3090E-02  4.3554E+46  5.3559E-24  3.4180E+44  4.3212E+46
  6.6830E-02  4.1543E+46  2.1703E-08  2.7428E+44  4.1268E+46
  7.4990E-02  4.0550E+46  7.6766E-02  2.2188E+44  4.0328E+46
  8.4140E-02  3.9633E+46  3.9564E+04  2.2260E+44  3.9410E+46
  9.4410E-02  3.8740E+46  4.7004E+09  2.2703E+44  3.8513E+46
  1.0590E-01  3.5299E+46  1.2722E+14  2.4364E+44  3.5055E+46
  1.1890E-01  2.9697E+46  8.9024E+17  2.2963E+44  2.9467E+46
  1.3340E-01  2.5005E+46  1.6670E+21  2.0984E+44  2.4795E+46
  1.4960E-01  2.1054E+46  1.7991E+24  1.7585E+44  2.0878E+46
  1.5850E-01  1.9307E+46  5.2593E+25  1.6166E+44  1.9145E+46
  1.7780E-01  1.6255E+46  2.8097E+28  1.4076E+44  1.6114E+46
  1.9950E-01  1.3664E+46  9.0450E+30  1.0620E+44  1.3558E+46
  2.2390E-01  1.1487E+46  1.1790E+33  8.4247E+43  1.1403E+46
  2.3710E-01  1.0552E+46  7.5845E+33  8.7554E+43  1.0464E+46
  2.5120E-01  9.6831E+45  4.1459E+34  8.7269E+43  9.5958E+45
  2.6610E-01  8.8838E+45  2.1497E+35  8.2579E+43  8.8012E+45
  2.8180E-01  8.1522E+45  1.0332E+36  7.6104E+43  8.0761E+45
  2.9850E-01  7.4776E+45  4.5501E+36  6.9674E+43  7.4079E+45
  3.1620E-01  6.8585E+45  1.8052E+37  6.3844E+43  6.7947E+45
  3.3500E-01  6.2892E+45  6.5527E+37  5.8370E+43  6.2308E+45
  3.5480E-01  5.7697E+45  2.1830E+38  5.3204E+43  5.7165E+45
  3.7580E-01  5.2925E+45  6.7365E+38  4.8312E+43  5.2442E+45
  3.9810E-01  4.8536E+45  1.9164E+39  4.3909E+43  4.8097E+45
  4.2170E-01  4.4514E+45  5.0102E+39  3.9728E+43  4.4116E+45
  4.4670E-01  4.0826E+45  1.2146E+40  3.5989E+43  4.0466E+45
  4.7320E-01  3.7440E+45  2.7715E+40  3.2489E+43  3.7115E+45
  5.0120E-01  3.4341E+45  5.9690E+40  2.9216E+43  3.4048E+45
  5.3090E-01  3.1494E+45  1.2198E+41  2.6129E+43  3.1232E+45
  5.6230E-01  2.8887E+45  2.3633E+41  2.3377E+43  2.8651E+45
  5.9570E-01  2.6489E+45  4.3701E+41  2.0872E+43  2.6276E+45
  6.3100E-01  2.4297E+45  7.7050E+41  1.8567E+43  2.4103E+45
  6.6830E-01  2.2291E+45  1.2978E+42  1.6440E+43  2.2114E+45
  7.0790E-01  2.0450E+45  2.0965E+42  1.4521E+43  2.0284E+45
  7.4990E-01  1.8765E+45  3.2554E+42  1.2801E+43  1.8605E+45
  7.9430E-01  1.7227E+45  4.8636E+42  1.1234E+43  1.7066E+45
  8.4140E-01  1.5822E+45  7.0230E+42  9.8066E+42  1.5653E+45
  8.9130E-01  1.4540E+45  9.8239E+42  8.4882E+42  1.4357E+45
  9.4410E-01  1.3376E+45  1.3333E+43  7.3042E+42  1.3170E+45
  1.0000E+00  1.2320E+45  1.7608E+43  6.2577E+42  1.2081E+45
  1.0590E+00  1.1366E+45  2.2663E+43  5.3425E+42  1.1086E+45
  1.1220E+00  1.0497E+45  2.8610E+43  4.5319E+42  1.0165E+45
  1.1890E+00  9.7111E+44  3.5467E+43  3.8123E+42  9.3183E+44
  1.2590E+00  9.0138E+44  4.2999E+43  3.1739E+42  8.5520E+44
  1.3340E+00  8.3809E+44  5.1360E+43  2.6246E+42  7.8411E+44
  1.4130E+00  7.8166E+44  6.0220E+43  2.1685E+42  7.1927E+44
  1.4960E+00  7.3151E+44  6.9464E+43  1.7873E+42  6.6026E+44
  1.5850E+00  6.8621E+44  7.9316E+43  1.4638E+42  6.0543E+44
  1.6790E+00  6.4573E+44  8.9235E+43  1.1895E+42  5.5530E+44
  1.7780E+00  6.0940E+44  9.8864E+43  9.5737E+41  5.0957E+44
  1.8840E+00  5.7633E+44  1.0838E+44  7.6193E+41  4.6719E+44
  1.9950E+00  5.4653E+44  1.1718E+44  6.0014E+41  4.2875E+44
  2.1130E+00  5.1909E+44  1.2529E+44  4.6787E+41  3.9333E+44
  2.2390E+00  4.9343E+44  1.3246E+44  3.6134E+41  3.6061E+44
  2.3710E+00  4.6942E+44  1.3823E+44  2.7691E+41  3.3092E+44
  2.5120E+00  4.4649E+44  1.4284E+44  2.1087E+41  3.0344E+44
  2.6610E+00  4.2444E+44  1.4595E+44  1.5976E+41  2.7832E+44
  2.8180E+00  4.0288E+44  1.4737E+44  1.2044E+41  2.5538E+44
  2.9850E+00  3.8168E+44  1.4732E+44  9.0410E+40  2.3426E+44
  3.1620E+00  3.6066E+44  1.4572E+44  6.7593E+40  2.1487E+44
  3.3500E+00  3.4029E+44  1.4320E+44  5.0418E+40  1.9704E+44
  3.5480E+00  3.1987E+44  1.3905E+44  3.7448E+40  1.8078E+44
  3.7580E+00  2.9983E+44  1.3396E+44  2.7721E+40  1.6583E+44
  3.9810E+00  2.8021E+44  1.2809E+44  2.0455E+40  1.5210E+44
  4.2170E+00  2.6105E+44  1.2152E+44  1.5045E+40  1.3951E+44
  4.4670E+00  2.4245E+44  1.1447E+44  1.1030E+40  1.2796E+44
  4.7320E+00  2.2467E+44  1.0729E+44  8.0613E+39  1.1737E+44
  5.0120E+00  2.0808E+44  1.0016E+44  5.8851E+39  1.0791E+44
  5.3090E+00  1.8917E+44  9.3146E+43  4.2167E+39  9.6024E+43
  5.6230E+00  1.7127E+44  8.6461E+43  3.0047E+39  8.4805E+43
  5.9570E+00  1.5458E+44  8.0259E+43  2.1316E+39  7.4316E+43
  6.3100E+00  1.3853E+44  7.3821E+43  1.4985E+39  6.4710E+43
  6.6830E+00  1.2447E+44  6.8450E+43  1.0529E+39  5.6014E+43
  7.0790E+00  1.1108E+44  6.2887E+43  7.3024E+38  4.8190E+43
  7.4990E+00  1.0319E+44  6.1957E+43  5.2164E+38  4.1229E+43
  7.9430E+00  1.1625E+44  8.1140E+43  4.5515E+38  3.5109E+43
  8.4140E+00  1.5093E+44  1.2117E+44  4.8913E+38  2.9752E+43
  8.9130E+00  1.8009E+44  1.5498E+44  5.1477E+38  2.5104E+43
  9.4410E+00  2.0159E+44  1.8049E+44  5.6355E+38  2.1101E+43
  1.0000E+01  1.6824E+44  1.5057E+44  4.0726E+38  1.7671E+43
  1.0590E+01  1.3220E+44  1.1744E+44  2.6882E+38  1.4758E+43
  1.1220E+01  9.8632E+43  8.6365E+43  1.5678E+38  1.2267E+43
  1.1890E+01  7.4734E+43  6.4574E+43  9.2914E+37  1.0159E+43
  1.2590E+01  5.6822E+43  4.8410E+43  5.4038E+37  8.4119E+42
  1.3340E+01  4.3941E+43  3.7009E+43  3.1457E+37  6.9319E+42
  1.4130E+01  3.6172E+43  3.0467E+43  1.9125E+37  5.7050E+42
  1.4960E+01  3.4233E+43  2.9541E+43  1.3762E+37  4.6919E+42
  1.5850E+01  3.3600E+43  2.9759E+43  1.0718E+37  3.8414E+42
  1.6790E+01  3.3128E+43  2.9987E+43  8.7190E+36  3.1409E+42
  1.7780E+01  3.1703E+43  2.9137E+43  7.0933E+36  2.5663E+42
  1.8840E+01  2.8658E+43  2.6570E+43  5.4680E+36  2.0888E+42
  1.9950E+01  2.4500E+43  2.2798E+43  3.8706E+36  1.7013E+42
  2.1130E+01  2.0718E+43  1.9335E+43  2.6238E+36  1.3827E+42
  2.2390E+01  1.7657E+43  1.6537E+43  1.7840E+36  1.1203E+42
  2.3710E+01  1.5142E+43  1.4233E+43  1.2138E+36  9.0864E+41
  2.5120E+01  1.3003E+43  1.2268E+43  8.2824E+35  7.3479E+41
  2.6610E+01  1.1147E+43  1.0554E+43  5.6256E+35  5.9383E+41
  2.8180E+01  9.5327E+42  9.0527E+42  3.8203E+35  4.7994E+41
  2.9850E+01  8.0968E+42  7.7096E+42  2.5822E+35  3.8717E+41
  3.1620E+01  6.8127E+42  6.5007E+42  1.7293E+35  3.1199E+41
  3.3500E+01  5.6693E+42  5.4182E+42  1.1466E+35  2.5106E+41
  3.5480E+01  4.6675E+42  4.4654E+42  7.5294E+34  2.0210E+41
  3.7580E+01  3.7931E+42  3.6305E+42  4.8833E+34  1.6253E+41
  3.9810E+01  3.0369E+42  2.9064E+42  3.1232E+34  1.3054E+41
  4.2170E+01  2.4013E+42  2.2966E+42  1.9722E+34  1.0479E+41
  4.4670E+01  1.8771E+42  1.7930E+42  1.2294E+34  8.4074E+40
  4.7320E+01  1.4527E+42  1.3853E+42  7.5795E+33  6.7400E+40
  5.0120E+01  1.1147E+42  1.0607E+42  4.6296E+33  5.4034E+40
  5.3090E+01  8.4840E+41  8.0512E+41  2.8031E+33  4.3282E+40
  5.6230E+01  6.4170E+41  6.0703E+41  1.6854E+33  3.4667E+40
  5.9570E+01  4.8208E+41  4.5435E+41  1.0059E+33  2.7728E+40
  6.3100E+01  3.6058E+41  3.3840E+41  5.9759E+32  2.2180E+40
  6.6830E+01  2.6871E+41  2.5096E+41  3.5362E+32  1.7744E+40
  7.0790E+01  1.9953E+41  1.8534E+41  2.0846E+32  1.4183E+40
  7.4990E+01  1.4769E+41  1.3636E+41  1.2250E+32  1.1329E+40
  7.9430E+01  1.0911E+41  1.0006E+41  7.1856E+31  9.0505E+39
  8.4140E+01  8.0446E+40  7.3221E+40  4.2062E+31  7.2256E+39
  8.9130E+01  5.9262E+40  5.3495E+40  2.4606E+31  5.7665E+39
  9.4410E+01  4.3625E+40  3.9023E+40  1.4386E+31  4.6021E+39
  1.0000E+02  3.2093E+40  2.8420E+40  8.4076E+30  3.6722E+39
  1.0590E+02  2.3627E+40  2.0696E+40  4.9193E+30  2.9317E+39
  1.1220E+02  1.7390E+40  1.5054E+40  2.8769E+30  2.3358E+39
  1.1890E+02  1.2824E+40  1.0965E+40  1.6861E+30  1.8590E+39
  1.2590E+02  9.5227E+39  8.0389E+39  9.9541E+29  1.4838E+39
  1.3340E+02  7.0917E+39  5.9106E+39  5.9019E+29  1.1811E+39
  1.4130E+02  5.2593E+39  4.3182E+39  3.4991E+29  9.4117E+38
  1.4960E+02  3.8481E+39  3.0969E+39  2.0471E+29  7.5121E+38
  1.5850E+02  2.8029E+39  2.2051E+39  1.1896E+29  5.9781E+38
  1.7780E+02  1.5079E+39  1.1285E+39  4.0700E+28  3.7942E+38
  1.9950E+02  8.1988E+38  5.7945E+38  1.4091E+28  2.4043E+38
  2.2390E+02  4.4951E+38  2.9735E+38  4.9285E+27  1.5216E+38
  2.5120E+02  2.4897E+38  1.5260E+38  1.7436E+27  9.6376E+37
  2.8180E+02  1.3925E+38  7.8207E+37  6.2364E+26  6.1043E+37
  3.1620E+02  7.8604E+37  3.9987E+37  2.2526E+26  3.8617E+37
  3.5480E+02  4.4838E+37  2.0417E+37  8.2215E+25  2.4421E+37
  3.9810E+02  2.5852E+37  1.0410E+37  3.0332E+25  1.5442E+37
  4.4670E+02  1.5060E+37  5.3001E+36  1.1301E+25  9.7603E+36
  5.0120E+02  8.8653E+36  2.6958E+36  4.2511E+24  6.1695E+36
  5.6230E+02  5.2705E+36  1.3702E+36  1.6130E+24  3.9003E+36
  6.3100E+02  3.1580E+36  6.9506E+35  6.1623E+23  2.4629E+36
  7.0790E+02  1.9094E+36  3.5262E+35  2.3728E+23  1.5568E+36
  7.9430E+02  1.1618E+36  1.7860E+35  9.1829E+22  9.8325E+35
  8.9130E+02  7.1112E+35  9.0353E+34  3.5707E+22  6.2077E+35
  1.0000E+03  4.3783E+35  4.5697E+34  1.3954E+22  3.9214E+35
