  1.0000E-03  1.9977E+37  0.0000E+00  1.9977E+37  1.2739E+32
  1.1220E-03  1.2162E+36  0.0000E+00  1.2162E+36  8.1082E+28
  1.2590E-03  7.1677E+34  0.0000E+00  7.1677E+34  3.2277E+25
  1.4130E-03  4.1054E+33  0.0000E+00  4.1054E+33  9.1023E+21
  1.5850E-03  3.9193E+32  0.0000E+00  3.9193E+32  8.9965E+18
  1.7780E-03  2.8203E+32  0.0000E+00  2.8203E+32  9.2137E+17
  1.9950E-03  3.5537E+30  0.0000E+00  3.5537E+30  1.0395E+12
  2.2390E-03  1.0570E+29  0.0000E+00  1.0570E+29  3.0498E+07
  2.5120E-03  4.6634E+28  0.0000E+00  4.6634E+28  3.3833E+05
  2.8180E-03  1.0224E+26  0.0000E+00  1.0224E+26  1.0774E-03
  3.1620E-03  3.9683E+23  0.0000E+00  3.9683E+23  2.5933E-11
  3.5480E-03  2.0649E+21  0.0000E+00  2.0649E+21  1.7508E-18
  3.9810E-03  1.6855E+19  0.0000E+00  1.6855E+19  5.4503E-25
  4.4670E-03  7.8336E+27  0.0000E+00  7.8336E+27  5.0746E+01
  5.0120E-03  1.2435E+25  0.0000E+00  1.2435E+25  3.5902E-08
  5.6230E-03  2.0089E+22  0.0000E+00  2.0089E+22  3.0594E-17
  5.9570E-03  9.1787E+20  0.0000E+00  9.1787E+20  1.4141E-21
  6.6830E-03  3.6353E+18  0.0000E+00  3.6353E+18  2.5481E-29
  7.4990E-03  4.6190E+16  0.0000E+00  4.6190E+16  1.8952E-35
  8.4140E-03  2.5060E+14  0.0000E+00  2.5060E+14  9.8520E-43
  9.4410E-03  3.6577E+12  0.0000E+00  3.6577E+12  1.3838E-48
  1.0590E-02  4.6423E+11  0.0000E+00  4.6423E+11  2.7734E-51
  1.1890E-02  4.6292E+09  0.0000E+00  4.6292E+09  6.7834E-58
  1.3340E-02  1.2704E+08  0.0000E+00  1.2704E+08  7.4107E-63
  1.4960E-02  1.4154E+06  0.0000E+00  1.4154E+06  3.8437E-69
  1.6790E-02  2.2824E+04  0.0000E+00  2.2824E+04  7.3624E-75
  1.8840E-02  6.0502E+02  0.0000E+00  6.0502E+02  7.6110E-80
  2.1130E-02  1.0861E+01  0.0000E+00  1.0861E+01  1.8092E-85
  2.3710E-02  1.6130E-01  0.0000E+00  1.6130E-01  2.5378E-91
  2.6610E-02  1.6158E-03  0.0000E+00  1.6158E-03  1.0393E-97
  2.9850E-02  1.7166E-05  0.0000E+00  1.7166E-05  5.3672-104
  3.3500E-02  1.6705E-07  0.0000E+00  1.6705E-07  2.1776-110
  3.7580E-02  5.0099E-08  0.0000E+00  5.0099E-08  4.6275-112
  4.2170E-02  6.2995E-10  0.0000E+00  6.2995E-10  1.5684-118
  4.7320E-02  1.0837E-14  0.0000E+00  1.0837E-14  8.7917-134
  5.3090E-02  1.9970E-20  0.0000E+00  1.9970E-20  4.5885-152
  6.6830E-02  5.2703E-43  0.0000E+00  5.2703E-43  1.9428-224
  7.4990E-02  2.0371E-57  0.0000E+00  2.0371E-57  1.4147-270
  8.4140E-02  6.6245E-54  0.0000E+00  6.6245E-54  3.5694-259
  9.4410E-02  1.9965E-51  0.0000E+00  1.9965E-51  2.8340-251
  1.0590E-01  2.3775E-41  0.0000E+00  2.3775E-41  3.7456-219
  1.1890E-01  5.2955E-30  0.0000E+00  5.2955E-30  1.0314-182
  1.3340E-01  9.3672E-22  0.0000E+00  9.3672E-22  2.5038-156
  1.4960E-01  1.5820E-16  0.0000E+00  1.5820E-16  2.2352-139
  1.5850E-01  1.3966E-15  0.0000E+00  1.3966E-15  2.7533-136
  1.7780E-01  3.4308E-17  0.0000E+00  3.4308E-17  2.0430-141
  1.9950E-01  6.9508E-27  0.0000E+00  6.9508E-27  6.4055-172
  2.2390E-01  9.6097E-33  0.0000E+00  9.6097E-33  2.2754-190
  2.3710E-01  1.4635E-25  0.0000E+00  1.4635E-25  1.3058-167
  2.5120E-01  4.0984E-18  0.0000E+00  4.0984E-18  7.0014-144
  2.6610E-01  4.2874E-13  0.0000E+00  4.2874E-13  8.5291-128
  2.8180E-01  1.7280E-09  0.0000E+00  1.7280E-09  3.6742-116
  2.9850E-01  1.1939E-06  0.0000E+00  1.1939E-06  5.6641-107
  3.1620E-01  4.2298E-04  0.0000E+00  4.2298E-04  9.8911E-99
  3.3500E-01  9.1901E-02  0.0000E+00  9.1901E-02  3.5995E-91
  3.5480E-01  1.1268E+01  0.0000E+00  1.1268E+01  2.1354E-84
  3.7580E-01  1.2727E+03  2.3197E-84  1.2727E+03  9.9527E-78
  3.9810E-01  9.4784E+04  9.0848E-78  9.4784E+04  1.1894E-71
  4.2170E-01  9.7545E+06  9.4392E-71  9.7545E+06  4.0862E-65
  4.4670E-01  8.4996E+08  5.1470E-64  8.4996E+08  7.9514E-59
  4.7320E-01  6.5934E+10  1.8409E-57  6.5934E+10  1.0788E-52
  5.0120E-01  4.3306E+12  3.7096E-51  4.3306E+12  8.7499E-47
  5.3090E-01  2.8861E+14  7.6218E-45  2.8861E+14  7.6218E-41
  5.6230E-01  1.3590E+16  4.7642E-39  1.3590E+16  2.1399E-35
  5.9570E-01  5.1672E+17  1.4255E-33  5.1672E+17  3.0216E-30
  6.3100E-01  1.7929E+19  3.0560E-28  1.7929E+19  3.2129E-25
  6.6830E-01  5.6293E+20  4.6069E-23  5.6293E+20  2.5200E-20
  7.0790E-01  1.5449E+22  4.2655E-18  1.5449E+22  1.2692E-15
  7.4990E-01  3.3513E+23  1.7665E-13  3.3513E+23  2.9890E-11
  7.9430E-01  6.3709E+24  4.6260E-09  6.3709E+24  4.6419E-07
  8.4140E-01  1.0860E+26  8.2897E-05  1.0860E+26  5.1204E-03
  8.9130E-01  1.8303E+27  1.4051E+00  1.8303E+27  5.5227E+01
  9.4410E-01  2.6671E+28  1.4480E+04  2.6671E+28  3.7483E+05
  1.0000E+00  3.0844E+29  6.9038E+07  3.0844E+29  1.2172E+09
  1.0590E+00  2.9285E+30  1.6737E+11  2.9285E+30  2.0755E+12
  1.1220E+00  2.3848E+31  2.4018E+14  2.3848E+31  2.1468E+15
  1.1890E+00  1.7059E+32  2.2089E+17  1.7059E+32  1.4566E+18
  1.2590E+00  1.1149E+33  1.4579E+20  1.1149E+33  7.2860E+20
  1.3340E+00  6.3420E+33  5.6018E+22  6.3420E+33  2.1673E+23
  1.4130E+00  3.0762E+34  1.1142E+25  3.0762E+34  3.4280E+25
  1.4960E+00  1.3268E+35  1.2957E+27  1.3268E+35  3.2462E+27
  1.5850E+00  5.2696E+35  9.9173E+28  5.2696E+35  2.0564E+29
  1.6790E+00  1.9617E+36  5.3497E+30  1.9616E+36  9.3689E+30
  1.7780E+00  6.7805E+36  2.0673E+32  6.7800E+36  3.1212E+32
  1.8840E+00  2.1330E+37  5.7009E+33  2.1316E+37  7.5389E+33
  1.9950E+00  6.0278E+37  1.1175E+35  6.0034E+37  1.3190E+35
  2.1130E+00  1.5386E+38  1.5637E+36  1.5063E+38  1.6736E+36
  2.2390E+00  3.7219E+38  1.5848E+37  3.4072E+38  1.5622E+37
  2.3710E+00  9.4170E+38  1.1835E+38  7.1412E+38  1.0924E+38
  2.5120E+00  2.7003E+39  6.6889E+38  1.4461E+39  5.8536E+38
  2.6610E+00  8.3559E+39  2.9551E+39  2.9162E+39  2.4846E+39
  2.8180E+00  2.5044E+40  1.0559E+40  5.8474E+39  8.6378E+39
  2.9850E+00  6.7821E+40  3.1324E+40  1.1313E+40  2.5185E+40
  3.1620E+00  1.6361E+41  7.9525E+40  2.0615E+40  6.3468E+40
  3.3500E+00  3.4675E+41  1.7390E+41  3.4272E+40  1.3857E+41
  3.5480E+00  6.6905E+41  3.4172E+41  5.3007E+40  2.7432E+41
  3.7580E+00  1.1749E+42  6.0622E+41  7.5555E+40  4.9309E+41
  3.9810E+00  1.9005E+42  9.8460E+41  9.9899E+40  8.1603E+41
  4.2170E+00  2.8655E+42  1.4829E+42  1.2354E+41  1.2590E+42
  4.4670E+00  4.0661E+42  2.0931E+42  1.4396E+41  1.8291E+42
  4.7320E+00  5.4440E+42  2.7772E+42  1.5808E+41  2.5087E+42
  5.0120E+00  6.9290E+42  3.4878E+42  1.6468E+41  3.2765E+42
  5.3090E+00  8.2791E+42  4.1644E+42  1.6079E+41  3.9540E+42
  5.6230E+00  9.4276E+42  4.7454E+42  1.4901E+41  4.5332E+42
  5.9570E+00  1.0254E+43  5.1761E+42  1.3128E+41  4.9464E+42
  6.3100E+00  1.0850E+43  5.4883E+42  1.1211E+41  5.2500E+42
  6.6830E+00  1.1136E+43  5.6825E+42  9.2274E+40  5.3612E+42
  7.0790E+00  1.1212E+43  5.7693E+42  7.3944E+40  5.3684E+42
  7.4990E+00  9.1745E+42  4.8167E+42  4.6431E+40  4.3113E+42
  7.9430E+00  2.8833E+42  1.6192E+42  1.0380E+40  1.2537E+42
  8.4140E+00  2.6378E+41  1.6400E+41  8.1842E+38  9.8957E+40
  8.9130E+00  2.3178E+40  1.5789E+40  9.8731E+37  7.2903E+39
  9.4410E+00  2.4652E+39  1.8676E+39  2.2034E+37  5.7559E+38
  1.0000E+01  6.4725E+39  4.9896E+39  3.5575E+37  1.4473E+39
  1.0590E+01  2.5789E+40  1.9778E+40  7.9173E+37  5.9324E+39
  1.1220E+01  1.1830E+41  8.9278E+40  2.1005E+38  2.8812E+40
  1.1890E+01  3.4539E+41  2.5850E+41  4.3075E+38  8.6462E+40
  1.2590E+01  8.0253E+41  5.9689E+41  7.5198E+38  2.0488E+41
  1.3340E+01  1.4355E+42  1.0671E+42  1.0396E+39  3.6731E+41
  1.4130E+01  1.8501E+42  1.3974E+42  1.0171E+39  4.5168E+41
  1.4960E+01  1.4816E+42  1.1779E+42  6.0749E+38  3.0303E+41
  1.5850E+01  1.0763E+42  9.0681E+41  3.3588E+38  1.6913E+41
  1.6790E+01  8.0468E+41  7.1483E+41  1.9433E+38  8.9653E+40
  1.7780E+01  7.0571E+41  6.5121E+41  1.3399E+38  5.4368E+40
  1.8840E+01  7.6946E+41  7.2476E+41  1.1769E+38  4.4583E+40
  1.9950E+01  9.8338E+41  9.3337E+41  1.2406E+38  4.9893E+40
  2.1130E+01  1.2552E+42  1.1974E+42  1.2897E+38  5.7679E+40
  2.2390E+01  1.5248E+42  1.4624E+42  1.2695E+38  6.2268E+40
  2.3710E+01  1.7830E+42  1.7185E+42  1.1979E+38  6.4404E+40
  2.5120E+01  2.0166E+42  1.9525E+42  1.0942E+38  6.3987E+40
  2.6610E+01  2.2205E+42  2.1582E+42  9.7170E+37  6.2163E+40
  2.8180E+01  2.3808E+42  2.3216E+42  8.4221E+37  5.9077E+40
  2.9850E+01  2.4919E+42  2.4366E+42  7.1425E+37  5.5179E+40
  3.1620E+01  2.5515E+42  2.5004E+42  5.9359E+37  5.1058E+40
  3.3500E+01  2.5557E+42  2.5088E+42  4.8354E+37  4.6813E+40
  3.5480E+01  2.5056E+42  2.4630E+42  3.8625E+37  4.2618E+40
  3.7580E+01  2.4078E+42  2.3691E+42  3.0311E+37  3.8647E+40
  3.9810E+01  2.2693E+42  2.2342E+42  2.3425E+37  3.5056E+40
  4.2170E+01  2.0973E+42  2.0656E+42  1.7776E+37  3.1687E+40
  4.4670E+01  1.9015E+42  1.8730E+42  1.3226E+37  2.8492E+40
  4.7320E+01  1.6922E+42  1.6667E+42  9.6493E+36  2.5433E+40
  5.0120E+01  1.4796E+42  1.4571E+42  6.9082E+36  2.2540E+40
  5.3090E+01  1.2718E+42  1.2520E+42  4.8543E+36  1.9809E+40
  5.6230E+01  1.0764E+42  1.0591E+42  3.3514E+36  1.7268E+40
  5.9570E+01  8.9702E+41  8.8210E+41  2.2739E+36  1.4919E+40
  6.3100E+01  7.3771E+41  7.2492E+41  1.5192E+36  1.2792E+40
  6.6830E+01  5.9936E+41  5.8847E+41  1.0007E+36  1.0891E+40
  7.0790E+01  4.8143E+41  4.7223E+41  6.5023E+35  9.2017E+39
  7.4990E+01  3.8264E+41  3.7491E+41  4.1732E+35  7.7226E+39
  7.9430E+01  3.0140E+41  2.9495E+41  2.6500E+35  6.4458E+39
  8.4140E+01  2.3540E+41  2.3005E+41  1.6654E+35  5.3497E+39
  8.9130E+01  1.8258E+41  1.7816E+41  1.0378E+35  4.4177E+39
  9.4410E+01  1.4069E+41  1.3706E+41  6.4174E+34  3.6337E+39
  1.0000E+02  1.0778E+41  1.0480E+41  3.9399E+34  2.9780E+39
  1.0590E+02  8.2204E+40  7.9770E+40  2.4063E+34  2.4340E+39
  1.1220E+02  6.2404E+40  6.0424E+40  1.4605E+34  1.9794E+39
  1.1890E+02  4.7262E+40  4.5659E+40  8.8366E+33  1.6037E+39
  1.2590E+02  3.5889E+40  3.4589E+40  5.3572E+33  1.2998E+39
  1.3340E+02  2.7249E+40  2.6201E+40  3.2495E+33  1.0481E+39
  1.4130E+02  2.0528E+40  1.9682E+40  1.9621E+33  8.4553E+38
  1.4960E+02  1.5186E+40  1.4503E+40  1.1624E+33  6.8337E+38
  1.5850E+02  1.1145E+40  1.0595E+40  6.8100E+32  5.4999E+38
  1.7780E+02  6.0265E+39  5.6710E+39  2.3403E+32  3.5545E+38
  1.9950E+02  3.2523E+39  3.0239E+39  8.0189E+31  2.2838E+38
  2.2390E+02  1.7484E+39  1.6023E+39  2.7376E+31  1.4609E+38
  2.5120E+02  9.3827E+38  8.4495E+38  9.3313E+30  9.3317E+37
  2.8180E+02  5.0273E+38  4.4323E+38  3.1775E+30  5.9501E+37
  3.1620E+02  2.6904E+38  2.3120E+38  1.0815E+30  3.7840E+37
  3.5480E+02  1.4413E+38  1.2010E+38  3.6869E+29  2.4030E+37
  3.9810E+02  7.7399E+37  6.2154E+37  1.2615E+29  1.5245E+37
  4.4670E+02  4.1716E+37  3.2055E+37  4.3372E+28  9.6611E+36
  5.0120E+02  2.2607E+37  1.6487E+37  1.5011E+28  6.1195E+36
  5.6230E+02  1.2337E+37  8.4618E+36  5.2360E+27  3.8752E+36
  6.3100E+02  6.7793E+36  4.3290E+36  1.8412E+27  2.4503E+36
  7.0790E+02  3.7629E+36  2.2125E+36  6.5450E+26  1.5504E+36
  7.9430E+02  2.1079E+36  1.1279E+36  2.3489E+26  9.8004E+35
  8.9130E+02  1.1930E+36  5.7386E+35  8.5176E+25  6.1916E+35
  1.0000E+03  6.8301E+35  2.9169E+35  3.1239E+25  3.9132E+35
