  1.0000E-03  4.1622E+44  4.5495E+05  4.6872E+42  4.1154E+44
  1.1220E-03  3.8628E+44  3.5115E+05  5.0830E+42  3.8120E+44
  1.2590E-03  3.5391E+44  2.7576E+05  5.2164E+42  3.4869E+44
  1.4130E-03  3.2105E+44  2.1894E+05  5.1004E+42  3.1595E+44
  1.5850E-03  2.9982E+44  1.7929E+05  4.8748E+42  2.9494E+44
  1.7780E-03  3.1431E+44  1.6199E+05  5.3236E+42  3.0899E+44
  1.9950E-03  2.4748E+44  1.1655E+05  4.8713E+42  2.4261E+44
  2.2390E-03  2.1066E+44  9.1149E+04  4.0906E+42  2.0657E+44
  2.5120E-03  2.0843E+44  8.1866E+04  4.4442E+42  2.0398E+44
  2.8180E-03  1.4151E+44  5.5051E+04  3.7318E+42  1.3778E+44
  3.1620E-03  1.0107E+44  4.0283E+04  3.0689E+42  9.7997E+43
  3.5480E-03  7.4102E+43  3.0338E+04  2.5154E+42  7.1587E+43
  3.9810E-03  5.6501E+43  2.4393E+04  2.0881E+42  5.4413E+43
  4.4670E-03  3.2277E+44  4.6778E+04  2.0900E+43  3.0187E+44
  5.0120E-03  2.1071E+44  2.7805E+04  1.5955E+43  1.9476E+44
  5.6230E-03  1.3783E+44  1.7083E+04  1.1695E+43  1.2614E+44
  5.9570E-03  1.1272E+44  1.6653E+04  9.9837E+42  1.0273E+44
  6.6830E-03  7.9478E+43  1.1462E+04  7.4744E+42  7.2003E+43
  7.4990E-03  6.1326E+43  8.9729E+03  5.8258E+42  5.5500E+43
  8.4140E-03  4.4558E+43  6.7661E+03  4.5100E+42  4.0048E+43
  9.4410E-03  3.5010E+43  5.5357E+03  3.5758E+42  3.1434E+43
  1.0590E-02  3.2539E+43  4.8636E+03  2.9054E+42  2.9634E+43
  1.1890E-02  2.4721E+43  3.9894E+03  2.4332E+42  2.2288E+43
  1.3340E-02  2.0419E+43  3.2135E+03  1.9839E+42  1.8435E+43
  1.4960E-02  1.5720E+43  2.6183E+03  1.6079E+42  1.4112E+43
  1.6790E-02  1.2476E+43  2.1709E+03  1.3036E+42  1.1172E+43
  1.8840E-02  1.0289E+43  1.9195E+03  1.0628E+42  9.2259E+42
  2.1130E-02  8.2172E+42  1.6106E+03  8.7972E+41  7.3375E+42
  2.3710E-02  6.4814E+42  1.3530E+03  7.2230E+41  5.7591E+42
  2.6610E-02  4.9662E+42  1.1189E+03  5.8636E+41  4.3798E+42
  2.9850E-02  3.8220E+42  9.2914E+02  4.7581E+41  3.3461E+42
  3.3500E-02  2.9271E+42  7.4912E+02  3.8666E+41  2.5405E+42
  3.7580E-02  2.9715E+42  7.2745E+02  3.9786E+41  2.5736E+42
  4.2170E-02  2.3290E+42  6.0159E+02  3.8439E+41  1.9446E+42
  4.7320E-02  1.1114E+42  5.6712E+03  2.5264E+41  8.5872E+41
  5.3090E-02  4.6080E+41  4.5355E+03  1.6715E+41  2.9365E+41
  6.6830E-02  6.3420E+40  2.0023E+03  5.9888E+40  3.5322E+39
  7.4990E-02  3.2790E+40  1.2206E+03  3.2582E+40  2.0800E+38
  8.4140E-02  3.5264E+40  1.3713E+03  3.4852E+40  4.1132E+38
  9.4410E-02  3.8359E+40  3.7426E+03  3.7701E+40  6.5783E+38
  1.0590E-01  5.8810E+40  3.0140E+08  5.4487E+40  4.3239E+39
  1.1890E-01  1.0894E+41  1.3871E+13  7.4791E+40  3.4144E+40
  1.3340E-01  2.8640E+41  1.0788E+17  1.4036E+41  1.4604E+41
  1.4960E-01  6.4220E+41  2.9246E+20  2.8943E+41  3.5277E+41
  1.5850E-01  7.0507E+41  1.0087E+22  3.1342E+41  3.9166E+41
  1.7780E-01  3.8051E+41  3.9656E+24  1.4474E+41  2.3576E+41
  1.9950E-01  5.8083E+40  2.4518E+26  2.8363E+40  2.9720E+40
  2.2390E-01  2.7845E+40  1.1645E+28  2.0002E+40  7.8434E+39
  2.3710E-01  5.8330E+40  2.4031E+29  2.9676E+40  2.8655E+40
  2.5120E-01  1.5614E+41  4.5319E+30  4.5147E+40  1.1099E+41
  2.6610E-01  3.3330E+41  5.4872E+31  6.3207E+40  2.7009E+41
  2.8180E-01  5.8340E+41  4.8809E+32  8.2355E+40  5.0105E+41
  2.9850E-01  9.0406E+41  3.5023E+33  1.0316E+41  8.0090E+41
  3.1620E-01  1.3373E+42  2.1560E+34  1.2875E+41  1.2085E+42
  3.3500E-01  1.9078E+42  1.1719E+35  1.5871E+41  1.7491E+42
  3.5480E-01  2.6052E+42  5.6066E+35  1.9072E+41  2.4144E+42
  3.7580E-01  3.5340E+42  2.4695E+36  2.2624E+41  3.3078E+42
  3.9810E-01  4.6409E+42  9.7289E+36  2.6587E+41  4.3750E+42
  4.2170E-01  6.2575E+42  3.6111E+37  3.1522E+41  5.9422E+42
  4.4670E-01  8.3297E+42  1.2283E+38  3.7417E+41  7.9554E+42
  4.7320E-01  1.0990E+43  3.9016E+38  4.4080E+41  1.0549E+43
  5.0120E-01  1.4316E+43  1.1562E+39  5.1342E+41  1.3802E+43
  5.3090E-01  1.8678E+43  3.2571E+39  5.9365E+41  1.8081E+43
  5.6230E-01  2.3698E+43  8.4711E+39  6.7825E+41  2.3011E+43
  5.9570E-01  2.9550E+43  2.0684E+40  7.6745E+41  2.8762E+43
  6.3100E-01  3.6608E+43  4.7824E+40  8.6439E+41  3.5695E+43
  6.6830E-01  4.5024E+43  1.0482E+41  9.6669E+41  4.3953E+43
  7.0790E-01  5.4808E+43  2.1800E+41  1.0806E+42  5.3510E+43
  7.4990E-01  6.5526E+43  4.2753E+41  1.2021E+42  6.3896E+43
  7.9430E-01  7.7652E+43  7.9830E+41  1.3358E+42  7.5518E+43
  8.4140E-01  9.1380E+43  1.4273E+42  1.4791E+42  8.8473E+43
  8.9130E-01  1.0773E+44  2.4711E+42  1.6388E+42  1.0362E+44
  9.4410E-01  1.2582E+44  4.0973E+42  1.7989E+42  1.1992E+44
  1.0000E+00  1.4459E+44  6.4700E+42  1.9456E+42  1.3617E+44
  1.0590E+00  1.6398E+44  9.7696E+42  2.0802E+42  1.5213E+44
  1.1220E+00  1.8415E+44  1.4240E+43  2.1988E+42  1.6771E+44
  1.1890E+00  2.0523E+44  2.0100E+43  2.2919E+42  1.8284E+44
  1.2590E+00  2.2787E+44  2.7485E+43  2.3497E+42  1.9803E+44
  1.3340E+00  2.5009E+44  3.6320E+43  2.3625E+42  2.1141E+44
  1.4130E+00  2.7048E+44  4.6067E+43  2.3281E+42  2.2208E+44
  1.4960E+00  2.8902E+44  5.6420E+43  2.2499E+42  2.3035E+44
  1.5850E+00  3.0555E+44  6.7244E+43  2.1307E+42  2.3617E+44
  1.6790E+00  3.2004E+44  7.7934E+43  1.9746E+42  2.4013E+44
  1.7780E+00  3.3192E+44  8.7855E+43  1.7864E+42  2.4228E+44
  1.8840E+00  3.4036E+44  9.6607E+43  1.5753E+42  2.4218E+44
  1.9950E+00  3.4518E+44  1.0356E+44  1.3540E+42  2.4027E+44
  2.1130E+00  3.4583E+44  1.0842E+44  1.1347E+42  2.3628E+44
  2.2390E+00  3.4213E+44  1.1086E+44  9.2808E+41  2.3034E+44
  2.3710E+00  3.3473E+44  1.1095E+44  7.4307E+41  2.2304E+44
  2.5120E+00  3.2386E+44  1.0897E+44  5.8388E+41  2.1431E+44
  2.6610E+00  3.1035E+44  1.0520E+44  4.5162E+41  2.0470E+44
  2.8180E+00  2.9492E+44  9.9999E+43  3.4467E+41  1.9457E+44
  2.9850E+00  2.7816E+44  9.3869E+43  2.6012E+41  1.8403E+44
  3.1620E+00  2.6070E+44  8.7129E+43  1.9453E+41  1.7338E+44
  3.3500E+00  2.4319E+44  8.0359E+43  1.4450E+41  1.6269E+44
  3.5480E+00  2.2597E+44  7.3535E+43  1.0674E+41  1.5233E+44
  3.7580E+00  2.0931E+44  6.6983E+43  7.8475E+40  1.4225E+44
  3.9810E+00  1.9335E+44  6.0774E+43  5.7464E+40  1.3252E+44
  4.2170E+00  1.7826E+44  5.4978E+43  4.1951E+40  1.2324E+44
  4.4670E+00  1.6408E+44  4.9621E+43  3.0542E+40  1.1442E+44
  4.7320E+00  1.5080E+44  4.4709E+43  2.2166E+40  1.0607E+44
  5.0120E+00  1.3869E+44  4.0233E+43  1.6075E+40  9.8441E+43
  5.3090E+00  1.2444E+44  3.6127E+43  1.1371E+40  8.8305E+43
  5.6230E+00  1.1093E+44  3.2391E+43  7.9745E+39  7.8531E+43
  5.9570E+00  9.8237E+43  2.9010E+43  5.5446E+39  6.9221E+43
  6.3100E+00  8.6398E+43  2.5802E+43  3.8191E+39  6.0593E+43
  6.6830E+00  7.5845E+43  2.3161E+43  2.6159E+39  5.2681E+43
  7.0790E+00  6.6144E+43  2.0635E+43  1.7685E+39  4.5507E+43
  7.4990E+00  5.7415E+43  1.8534E+43  1.1771E+39  3.8879E+43
  7.9430E+00  4.9813E+43  1.7582E+43  7.8790E+38  3.2230E+43
  8.4140E+00  4.3356E+43  1.7623E+43  5.6654E+38  2.5733E+43
  8.9130E+00  3.7839E+43  1.7416E+43  4.3614E+38  2.0422E+43
  9.4410E+00  3.3130E+43  1.6954E+43  3.7337E+38  1.6176E+43
  1.0000E+01  2.9078E+43  1.5150E+43  2.8077E+38  1.3928E+43
  1.0590E+01  2.5252E+43  1.3143E+43  2.0248E+38  1.2108E+43
  1.1220E+01  2.1583E+43  1.1060E+43  1.3393E+38  1.0523E+43
  1.1890E+01  1.8182E+43  9.1802E+42  8.7666E+37  9.0021E+42
  1.2590E+01  1.5265E+43  7.6112E+42  5.6021E+37  7.6541E+42
  1.3340E+01  1.2741E+43  6.3084E+42  3.5104E+37  6.4324E+42
  1.4130E+01  1.0730E+43  5.3820E+42  2.1807E+37  5.3478E+42
  1.4960E+01  9.3392E+42  4.9635E+42  1.4380E+37  4.3758E+42
  1.5850E+01  8.2414E+42  4.6932E+42  1.0013E+37  3.5482E+42
  1.6790E+01  7.3385E+42  4.4689E+42  7.3074E+36  2.8696E+42
  1.7780E+01  6.5163E+42  4.1891E+42  5.4777E+36  2.3272E+42
  1.8840E+01  5.6801E+42  3.7857E+42  4.0487E+36  1.8944E+42
  1.9950E+01  4.8464E+42  3.2910E+42  2.8521E+36  1.5554E+42
  2.1130E+01  4.1034E+42  2.8281E+42  1.9342E+36  1.2753E+42
  2.2390E+01  3.4719E+42  2.4311E+42  1.3058E+36  1.0408E+42
  2.3710E+01  2.9396E+42  2.0904E+42  8.7823E+35  8.4928E+41
  2.5120E+01  2.4792E+42  1.7889E+42  5.8970E+35  6.9033E+41
  2.6610E+01  2.0820E+42  1.5215E+42  3.9345E+35  5.6047E+41
  2.8180E+01  1.7402E+42  1.2854E+42  2.6206E+35  4.5482E+41
  2.9850E+01  1.4428E+42  1.0746E+42  1.7363E+35  3.6826E+41
  3.1620E+01  1.1854E+42  8.8759E+41  1.1409E+35  2.9778E+41
  3.3500E+01  9.6384E+41  7.2342E+41  7.4319E+34  2.4042E+41
  3.5480E+01  7.7653E+41  5.8239E+41  4.8053E+34  1.9414E+41
  3.7580E+01  6.1893E+41  4.6232E+41  3.0775E+34  1.5661E+41
  3.9810E+01  4.8765E+41  3.6147E+41  1.9517E+34  1.2617E+41
  4.2170E+01  3.8068E+41  2.7908E+41  1.2267E+34  1.0160E+41
  4.4670E+01  2.9477E+41  2.1302E+41  7.6417E+33  8.1751E+40
  4.7320E+01  2.2672E+41  1.6100E+41  4.7262E+33  6.5720E+40
  5.0120E+01  1.7350E+41  1.2068E+41  2.9072E+33  5.2823E+40
  5.3090E+01  1.3215E+41  8.9738E+40  1.7795E+33  4.2414E+40
  5.6230E+01  1.0038E+41  6.6332E+40  1.0858E+33  3.4047E+40
  5.9570E+01  7.5994E+40  4.8709E+40  6.6015E+32  2.7286E+40
  6.3100E+01  5.7488E+40  3.5622E+40  4.0098E+32  2.1866E+40
  6.6830E+01  4.3483E+40  2.5962E+40  2.4350E+32  1.7521E+40
  7.0790E+01  3.2882E+40  1.8857E+40  1.4780E+32  1.4025E+40
  7.4990E+01  2.4872E+40  1.3655E+40  8.9736E+31  1.1217E+40
  7.9430E+01  1.8842E+40  9.8705E+39  5.4562E+31  8.9711E+39
  8.4140E+01  1.4290E+40  7.1207E+39  3.3202E+31  7.1695E+39
  8.9130E+01  1.0859E+40  5.1327E+39  2.0240E+31  5.7268E+39
  9.4410E+01  8.2708E+39  3.6969E+39  1.2364E+31  4.5740E+39
  1.0000E+02  6.3128E+39  2.6605E+39  7.5664E+30  3.6523E+39
  1.0590E+02  4.8334E+39  1.9159E+39  4.6442E+30  2.9175E+39
  1.1220E+02  3.7050E+39  1.3792E+39  2.8512E+30  2.3257E+39
  1.1890E+02  2.8471E+39  9.9517E+38  1.7539E+30  1.8519E+39
  1.2590E+02  2.2026E+39  7.2384E+38  1.0855E+30  1.4787E+39
  1.3340E+02  1.7061E+39  5.2871E+38  6.7314E+29  1.1774E+39
  1.4130E+02  1.3221E+39  3.8354E+38  4.1918E+29  9.3856E+38
  1.4960E+02  1.0219E+39  2.7249E+38  2.6032E+29  7.4937E+38
  1.5850E+02  7.8873E+38  1.9221E+38  1.6096E+29  5.9652E+38
  1.7780E+02  4.7563E+38  9.6856E+37  6.2044E+28  3.7878E+38
  1.9950E+02  2.8922E+38  4.9103E+37  2.4061E+28  2.4011E+38
  2.2390E+02  1.7692E+38  2.4923E+37  9.3754E+27  1.5200E+38
  2.5120E+02  1.0896E+38  1.2669E+37  3.6728E+27  9.6295E+37
  2.8180E+02  6.7442E+37  6.4393E+36  1.4443E+27  6.1003E+37
  3.1620E+02  4.1865E+37  3.2684E+36  5.6900E+26  3.8597E+37
  3.5480E+02  2.6069E+37  1.6581E+36  2.2458E+26  2.4411E+37
  3.9810E+02  1.6277E+37  8.4065E+35  8.8835E+25  1.5437E+37
  4.4670E+02  1.0184E+37  4.2590E+35  3.5183E+25  9.7577E+36
  5.0120E+02  6.3839E+36  2.1569E+35  1.3954E+25  6.1682E+36
  5.6230E+02  4.0089E+36  1.0922E+35  5.5399E+24  3.8997E+36
  6.3100E+02  2.5178E+36  5.5218E+34  2.1993E+24  2.4626E+36
  7.0790E+02  1.5846E+36  2.7933E+34  8.7460E+23  1.5566E+36
  7.9430E+02  9.9728E+35  1.4112E+34  3.4770E+23  9.8317E+35
  8.9130E+02  6.2785E+35  7.1235E+33  1.3824E+23  6.2073E+35
  1.0000E+03  3.9571E+35  3.5959E+33  5.5018E+22  3.9211E+35
