  1.0000E-03  4.9855E+43  0.0000E+00  5.6480E+42  4.4207E+43
  1.1220E-03  2.8207E+43  0.0000E+00  4.9442E+42  2.3263E+43
  1.2590E-03  1.5678E+43  0.0000E+00  4.0301E+42  1.1648E+43
  1.4130E-03  8.7169E+42  0.0000E+00  3.1006E+42  5.6163E+42
  1.5850E-03  5.5077E+42  0.0000E+00  2.4550E+42  3.0527E+42
  1.7780E-03  5.2859E+42  0.0000E+00  2.6669E+42  2.6191E+42
  1.9950E-03  2.3598E+42  0.0000E+00  1.6419E+42  7.1793E+41
  2.2390E-03  1.3159E+42  0.0000E+00  1.0448E+42  2.7109E+41
  2.5120E-03  1.2764E+42  0.0000E+00  1.0922E+42  1.8417E+41
  2.8180E-03  5.5717E+41  0.0000E+00  5.2929E+41  2.7874E+40
  3.1620E-03  2.7692E+41  0.0000E+00  2.7175E+41  5.1705E+39
  3.5480E-03  1.4636E+41  0.0000E+00  1.4529E+41  1.0657E+39
  3.9810E-03  8.3077E+40  0.0000E+00  8.2820E+40  2.5697E+38
  4.4670E-03  2.5097E+42  0.0000E+00  2.3536E+42  1.5609E+41
  5.0120E-03  1.1060E+42  0.0000E+00  1.0862E+42  1.9741E+40
  5.6230E-03  5.0922E+41  0.0000E+00  5.0668E+41  2.5360E+39
  5.9570E-03  3.5589E+41  0.0000E+00  3.5494E+41  9.5241E+38
  6.6830E-03  1.9290E+41  0.0000E+00  1.9273E+41  1.6713E+38
  7.4990E-03  1.2306E+41  0.0000E+00  1.2302E+41  4.2677E+37
  8.4140E-03  7.4688E+40  0.0000E+00  7.4679E+40  8.3945E+36
  9.4410E-03  5.0522E+40  0.0000E+00  5.0520E+40  2.3018E+36
  1.0590E-02  3.9698E+40  0.0000E+00  3.9697E+40  1.3036E+36
  1.1890E-02  2.9267E+40  0.0000E+00  2.9267E+40  3.0131E+35
  1.3340E-02  2.1854E+40  0.0000E+00  2.1854E+40  1.0165E+35
  1.4960E-02  1.5900E+40  0.0000E+00  1.5900E+40  2.5283E+34
  1.6790E-02  1.1798E+40  0.0000E+00  1.1798E+40  7.1665E+33
  1.8840E-02  8.9741E+39  0.0000E+00  8.9741E+39  2.4014E+33
  2.1130E-02  6.9667E+39  0.0000E+00  6.9667E+39  6.9449E+32
  2.3710E-02  5.2982E+39  0.0000E+00  5.2982E+39  1.9041E+32
  2.6610E-02  3.9206E+39  0.0000E+00  3.9206E+39  4.6063E+31
  2.9850E-02  2.8895E+39  0.0000E+00  2.8895E+39  1.1365E+31
  3.3500E-02  2.1043E+39  4.5408E-82  2.1043E+39  2.7320E+30
  3.7580E-02  2.0630E+39  3.9934E-69  2.0630E+39  2.0490E+30
  4.2170E-02  1.8364E+39  4.4708E-58  1.8364E+39  4.8348E+29
  4.7320E-02  8.3093E+38  4.9017E-49  8.3093E+38  1.3746E+28
  5.3090E-02  2.9901E+38  1.9838E-41  2.9901E+38  1.7746E+26
  6.6830E-02  6.6698E+36  2.4197E-32  6.6698E+36  5.4643E+18
  7.4990E-02  6.1438E+35  6.1281E-30  6.1438E+35  8.2998E+13
  8.4140E-02  1.0126E+36  3.4569E-23  1.0126E+36  1.3016E+15
  9.4410E-02  1.5605E+36  2.1746E-17  1.5605E+36  8.8404E+15
  1.0590E-01  9.2702E+36  4.7958E-10  9.2702E+36  1.9393E+19
  1.1890E-01  6.4630E+37  6.9426E-03  6.4630E+37  1.1087E+23
  1.3340E-01  2.8070E+38  3.4225E+03  2.8070E+38  5.6400E+25
  1.4960E-01  6.5801E+38  1.3677E+08  6.5801E+38  3.0105E+27
  1.5850E-01  7.3073E+38  7.7578E+09  7.3073E+38  5.8650E+27
  1.7780E-01  4.3093E+38  1.3732E+12  4.3093E+38  1.3267E+27
  1.9950E-01  4.4301E+37  7.1382E+11  4.4301E+37  6.3616E+23
  2.2390E-01  1.0628E+37  1.9496E+12  1.0628E+37  5.6103E+21
  2.3710E-01  3.8865E+37  1.4277E+15  3.8865E+37  1.1949E+24
  2.5120E-01  1.4176E+38  1.1029E+18  1.4176E+38  3.2115E+26
  2.6610E-01  3.2019E+38  1.6621E+20  3.2019E+38  1.3808E+28
  2.8180E-01  5.4442E+38  9.1905E+21  5.4442E+38  2.0346E+29
  2.9850E-01  8.0927E+38  2.8001E+23  8.0927E+38  1.6688E+30
  3.1620E-01  1.1552E+39  6.3166E+24  1.1552E+39  1.0908E+31
  3.3500E-01  1.5968E+39  1.1318E+26  1.5968E+39  6.0530E+31
  3.5480E-01  2.1203E+39  1.5793E+27  2.1203E+39  2.7835E+32
  3.7580E-01  2.7990E+39  1.9952E+28  2.7990E+39  1.2430E+33
  3.9810E-01  3.6467E+39  2.0577E+29  3.6467E+39  4.8340E+33
  4.2170E-01  4.9166E+39  2.1460E+30  4.9166E+39  2.0877E+34
  4.4670E-01  6.7237E+39  1.9745E+31  6.7237E+39  8.5162E+34
  4.7320E-01  9.2928E+39  1.6557E+32  9.2924E+39  3.3455E+35
  5.0120E-01  1.2927E+40  1.2510E+33  1.2926E+40  1.2462E+36
  5.3090E-01  1.8392E+40  9.0242E+33  1.8388E+40  4.6666E+36
  5.6230E-01  2.5991E+40  5.5693E+34  2.5975E+40  1.5584E+37
  5.9570E-01  3.6671E+40  3.0806E+35  3.6622E+40  4.8508E+37
  6.3100E-01  5.2142E+40  1.5822E+36  5.1994E+40  1.4670E+38
  6.6830E-01  7.4373E+40  7.5412E+36  7.3935E+40  4.2993E+38
  7.0790E-01  1.0627E+41  3.3081E+37  1.0504E+41  1.2054E+39
  7.4990E-01  1.4992E+41  1.2994E+38  1.4665E+41  3.1315E+39
  7.9430E-01  2.1144E+41  4.7199E+38  2.0316E+41  7.8081E+39
  8.4140E-01  2.9951E+41  1.6018E+39  2.7910E+41  1.8809E+40
  8.9130E-01  4.3523E+41  5.2435E+39  3.8474E+41  4.5251E+40
  9.4410E-01  6.4122E+41  1.5902E+40  5.2147E+41  1.0385E+41
  1.0000E+00  9.5040E+41  4.3644E+40  6.8571E+41  2.2104E+41
  1.0590E+00  1.4297E+42  1.0953E+41  8.7934E+41  4.4087E+41
  1.1220E+00  2.1957E+42  2.5626E+41  1.1037E+42  8.3572E+41
  1.1890E+00  3.4375E+42  5.6344E+41  1.3561E+42  1.5179E+42
  1.2590E+00  5.4834E+42  1.1731E+42  1.6335E+42  2.6768E+42
  1.3340E+00  8.6606E+42  2.2785E+42  1.9107E+42  4.4714E+42
  1.4130E+00  1.3235E+43  4.0731E+42  2.1618E+42  7.0003E+42
  1.4960E+00  1.9568E+43  6.7950E+42  2.3727E+42  1.0401E+43
  1.5850E+00  2.8088E+43  1.0747E+43  2.5299E+42  1.4811E+43
  1.6790E+00  3.9184E+43  1.6171E+43  2.6206E+42  2.0392E+43
  1.7780E+00  5.3013E+43  2.3187E+43  2.6301E+42  2.7196E+43
  1.8840E+00  6.9387E+43  3.1780E+43  2.5515E+42  3.5056E+43
  1.9950E+00  8.7722E+43  4.1591E+43  2.3910E+42  4.3740E+43
  2.1130E+00  1.0703E+44  5.2099E+43  2.1649E+42  5.2767E+43
  2.2390E+00  1.2607E+44  6.2549E+43  1.8962E+42  6.1622E+43
  2.3710E+00  1.4365E+44  7.2148E+43  1.6116E+42  6.9888E+43
  2.5120E+00  1.5869E+44  8.0315E+43  1.3335E+42  7.7045E+43
  2.6610E+00  1.7054E+44  8.6547E+43  1.0782E+42  8.2916E+43
  2.8180E+00  1.7887E+44  9.0584E+43  8.5437E+41  8.7428E+43
  2.9850E+00  1.8362E+44  9.2470E+43  6.6546E+41  9.0485E+43
  3.1620E+00  1.8506E+44  9.2318E+43  5.1082E+41  9.2228E+43
  3.3500E+00  1.8356E+44  9.0576E+43  3.8757E+41  9.2591E+43
  3.5480E+00  1.7973E+44  8.7386E+43  2.9116E+41  9.2050E+43
  3.7580E+00  1.7400E+44  8.3199E+43  2.1687E+41  9.0582E+43
  3.9810E+00  1.6681E+44  7.8291E+43  1.6038E+41  8.8357E+43
  4.2170E+00  1.5863E+44  7.2949E+43  1.1791E+41  8.5563E+43
  4.4670E+00  1.4984E+44  6.7412E+43  8.6254E+40  8.2338E+43
  4.7320E+00  1.4070E+44  6.1877E+43  6.2791E+40  7.8758E+43
  5.0120E+00  1.3167E+44  5.6506E+43  4.5605E+40  7.5118E+43
  5.3090E+00  1.2038E+44  5.1348E+43  3.2396E+40  6.9004E+43
  5.6230E+00  1.0917E+44  4.6518E+43  2.2824E+40  6.2630E+43
  5.9570E+00  9.8254E+43  4.2076E+43  1.5957E+40  5.6162E+43
  6.3100E+00  8.7762E+43  3.7821E+43  1.1056E+40  4.9931E+43
  6.6830E+00  7.8313E+43  3.4329E+43  7.6348E+39  4.3976E+43
  7.0790E+00  6.9437E+43  3.0990E+43  5.2077E+39  3.8442E+43
  7.4990E+00  6.1056E+43  2.8346E+43  3.5124E+39  3.2706E+43
  7.9430E+00  5.2452E+43  2.7407E+43  2.4148E+39  2.5042E+43
  8.4140E+00  4.3430E+43  2.6663E+43  1.7826E+39  1.6765E+43
  8.9130E+00  3.5598E+43  2.4494E+43  1.3826E+39  1.1103E+43
  9.4410E+00  2.9097E+43  2.1718E+43  1.1756E+39  7.3777E+42
  1.0000E+01  2.7185E+43  2.0288E+43  9.0568E+38  6.8956E+42
  1.0590E+01  2.5586E+43  1.8836E+43  6.7201E+38  6.7493E+42
  1.1220E+01  2.3848E+43  1.7158E+43  4.5746E+38  6.6896E+42
  1.1890E+01  2.1514E+43  1.5214E+43  3.0668E+38  6.2993E+42
  1.2590E+01  1.9237E+43  1.3445E+43  2.0092E+38  5.7924E+42
  1.3340E+01  1.7002E+43  1.1844E+43  1.2930E+38  5.1581E+42
  1.4130E+01  1.5038E+43  1.0619E+43  8.2720E+37  4.4187E+42
  1.4960E+01  1.3525E+43  9.9635E+42  5.6293E+37  3.5614E+42
  1.5850E+01  1.2291E+43  9.4838E+42  4.0515E+37  2.8068E+42
  1.6790E+01  1.1272E+43  9.0739E+42  3.0588E+37  2.1980E+42
  1.7780E+01  1.0389E+43  8.6454E+42  2.3802E+37  1.7434E+42
  1.8840E+01  9.5510E+42  8.1310E+42  1.8401E+37  1.4199E+42
  1.9950E+01  8.7261E+42  7.5325E+42  1.3661E+37  1.1936E+42
  2.1130E+01  7.9473E+42  6.9427E+42  9.8032E+36  1.0046E+42
  2.2390E+01  7.2289E+42  6.3915E+42  7.0152E+36  8.3742E+41
  2.3710E+01  6.5682E+42  5.8725E+42  5.0015E+36  6.9575E+41
  2.5120E+01  5.9311E+42  5.3569E+42  3.5577E+36  5.7421E+41
  2.6610E+01  5.3168E+42  4.8442E+42  2.5098E+36  4.7258E+41
  2.8180E+01  4.7231E+42  4.3350E+42  1.7617E+36  3.8812E+41
  2.9850E+01  4.1434E+42  3.8257E+42  1.2255E+36  3.1769E+41
  3.1620E+01  3.5843E+42  3.3247E+42  8.4158E+35  2.5954E+41
  3.3500E+01  3.0528E+42  2.8412E+42  5.7011E+35  2.1160E+41
  3.5480E+01  2.5615E+42  2.3891E+42  3.8114E+35  1.7245E+41
  3.7580E+01  2.1155E+42  1.9751E+42  2.5107E+35  1.4038E+41
  3.9810E+01  1.7189E+42  1.6047E+42  1.6294E+35  1.1414E+41
  4.2170E+01  1.3771E+42  1.2843E+42  1.0427E+35  9.2741E+40
  4.4670E+01  1.0893E+42  1.0140E+42  6.5809E+34  7.5272E+40
  4.7320E+01  8.5202E+41  7.9101E+41  4.1046E+34  6.1007E+40
  5.0120E+01  6.6015E+41  6.1074E+41  2.5345E+34  4.9412E+40
  5.3090E+01  5.0687E+41  4.6692E+41  1.5503E+34  3.9956E+40
  5.6230E+01  3.8647E+41  3.5419E+41  9.4122E+33  3.2281E+40
  5.9570E+01  2.9252E+41  2.6650E+41  5.6714E+33  2.6024E+40
  6.3100E+01  2.2035E+41  1.9938E+41  3.4005E+33  2.0966E+40
  6.6830E+01  1.6532E+41  1.4844E+41  2.0309E+33  1.6879E+40
  7.0790E+01  1.2357E+41  1.1000E+41  1.2083E+33  1.3569E+40
  7.4990E+01  9.2057E+40  8.1164E+40  7.1675E+32  1.0893E+40
  7.9430E+01  6.8450E+40  5.9708E+40  4.2450E+32  8.7414E+39
  8.4140E+01  5.0798E+40  4.3792E+40  2.5096E+32  7.0066E+39
  8.9130E+01  3.7670E+40  3.2058E+40  1.4831E+32  5.6114E+39
  9.4410E+01  2.7921E+40  2.3429E+40  8.7648E+31  4.4921E+39
  1.0000E+02  2.0688E+40  1.7093E+40  5.1797E+31  3.5943E+39
  1.0590E+02  1.5345E+40  1.2469E+40  3.0663E+31  2.8763E+39
  1.1220E+02  1.1383E+40  9.0863E+39  1.8151E+31  2.2965E+39
  1.1890E+02  8.4644E+39  6.6333E+39  1.0773E+31  1.8311E+39
  1.2590E+02  6.3426E+39  4.8787E+39  6.4450E+30  1.4638E+39
  1.3340E+02  4.7695E+39  3.6027E+39  3.8740E+30  1.1667E+39
  1.4130E+02  3.5700E+39  2.6391E+39  2.3285E+30  9.3090E+38
  1.4960E+02  2.6337E+39  1.8898E+39  1.3813E+30  7.4396E+38
  1.5850E+02  1.9357E+39  1.3430E+39  8.1473E+29  5.9272E+38
  1.7780E+02  1.0634E+39  6.8651E+38  2.8789E+29  3.7689E+38
  1.9950E+02  5.9181E+38  3.5263E+38  1.0312E+29  2.3917E+38
  2.2390E+02  3.3262E+38  1.8110E+38  3.7348E+28  1.5152E+38
  2.5120E+02  1.8907E+38  9.3017E+37  1.3686E+28  9.6058E+37
  2.8180E+02  1.0860E+38  4.7713E+37  5.0673E+27  6.0883E+37
  3.1620E+02  6.2952E+37  2.4415E+37  1.8925E+27  3.8537E+37
  3.5480E+02  3.6856E+37  1.2476E+37  7.1282E+26  2.4381E+37
  3.9810E+02  2.1787E+37  6.3657E+36  2.7078E+26  1.5422E+37
  4.4670E+02  1.2993E+37  3.2433E+36  1.0360E+26  9.7501E+36
  5.0120E+02  7.8152E+36  1.6508E+36  3.9902E+25  6.1643E+36
  5.6230E+02  4.7374E+36  8.3965E+35  1.5457E+25  3.8977E+36
  6.3100E+02  2.8878E+36  4.2621E+35  6.0122E+24  2.4616E+36
  7.0790E+02  1.7725E+36  2.1636E+35  2.3508E+24  1.5561E+36
  7.9430E+02  1.0926E+36  1.0965E+35  9.2163E+23  9.8292E+35
  8.9130E+02  6.7611E+35  5.5507E+34  3.6228E+23  6.2061E+35
  1.0000E+03  4.2014E+35  2.8089E+34  1.4285E+23  3.9205E+35
