  1.0000E-03  8.8889E+44  0.0000E+00  1.2273E+43  8.7662E+44
  1.1220E-03  9.9534E+44  0.0000E+00  1.1767E+43  9.8357E+44
  1.2590E-03  1.1146E+45  0.0000E+00  1.0959E+43  1.1037E+45
  1.4130E-03  1.2486E+45  0.0000E+00  9.9378E+42  1.2387E+45
  1.5850E-03  1.3985E+45  0.0000E+00  9.0268E+42  1.3894E+45
  1.7780E-03  1.5682E+45  0.0000E+00  9.5894E+42  1.5586E+45
  1.9950E-03  1.7572E+45  0.0000E+00  8.3651E+42  1.7488E+45
  2.2390E-03  1.9697E+45  0.0000E+00  6.9741E+42  1.9627E+45
  2.5120E-03  2.2095E+45  0.0000E+00  7.4564E+42  2.2020E+45
  2.8180E-03  2.4767E+45  0.0000E+00  6.4409E+42  2.4702E+45
  3.1620E-03  2.7775E+45  0.0000E+00  5.6330E+42  2.7718E+45
  3.5480E-03  3.1153E+45  0.0000E+00  5.0023E+42  3.1103E+45
  3.9810E-03  3.4943E+45  0.0000E+00  4.4943E+42  3.4898E+45
  4.4670E-03  3.9529E+45  0.0000E+00  3.7025E+43  3.9158E+45
  5.0120E-03  4.4214E+45  0.0000E+00  2.7785E+43  4.3936E+45
  5.6230E-03  4.9509E+45  0.0000E+00  2.1707E+43  4.9292E+45
  5.9570E-03  5.2418E+45  0.0000E+00  1.9803E+43  5.2220E+45
  6.6830E-03  5.8764E+45  0.0000E+00  1.7865E+43  5.8585E+45
  7.4990E-03  6.5914E+45  0.0000E+00  1.7606E+43  6.5738E+45
  8.4140E-03  7.3940E+45  0.0000E+00  1.8188E+43  7.3758E+45
  9.4410E-03  8.2956E+45  0.0000E+00  1.9483E+43  8.2761E+45
  1.0590E-02  9.3046E+45  0.0000E+00  2.1273E+43  9.2833E+45
  1.1890E-02  1.0447E+46  0.0000E+00  2.3679E+43  1.0423E+46
  1.3340E-02  1.1720E+46  0.0000E+00  2.6371E+43  1.1694E+46
  1.4960E-02  1.3144E+46  0.0000E+00  2.9524E+43  1.3114E+46
  1.6790E-02  1.4752E+46  0.0000E+00  3.3148E+43  1.4718E+46
  1.8840E-02  1.6553E+46  0.0000E+00  3.7264E+43  1.6515E+46
  2.1130E-02  1.8565E+46  0.0000E+00  4.1921E+43  1.8524E+46
  2.3710E-02  2.0832E+46  0.0000E+00  4.7192E+43  2.0785E+46
  2.6610E-02  2.3379E+46  0.0000E+00  5.3154E+43  2.3326E+46
  2.9850E-02  2.6226E+46  6.7509E-83  5.9757E+43  2.6166E+46
  3.3500E-02  2.9433E+46  4.2499E-68  6.6741E+43  2.9367E+46
  3.7580E-02  3.3014E+46  5.3122E-55  7.1679E+43  3.2942E+46
  4.2170E-02  3.7062E+46  2.2760E-43  9.4958E+43  3.6967E+46
  4.7320E-02  4.1597E+46  5.8773E-33  1.1511E+44  4.1482E+46
  5.3090E-02  4.3339E+46  1.0364E-23  1.2631E+44  4.3212E+46
  6.6830E-02  4.1401E+46  3.4994E-08  1.3299E+44  4.1268E+46
  7.4990E-02  4.0460E+46  1.0871E-01  1.3159E+44  4.0328E+46
  8.4140E-02  3.9535E+46  5.4532E+04  1.2526E+44  3.9410E+46
  9.4410E-02  3.8635E+46  6.1793E+09  1.2218E+44  3.8513E+46
  1.0590E-01  3.5169E+46  1.5861E+14  1.1341E+44  3.5055E+46
  1.1890E-01  2.9551E+46  1.2348E+18  8.3279E+43  2.9467E+46
  1.3340E-01  2.4855E+46  2.8986E+21  5.9992E+43  2.4795E+46
  1.4960E-01  2.0913E+46  3.5585E+24  3.4846E+43  2.0878E+46
  1.5850E-01  1.9172E+46  1.0524E+26  2.6777E+43  1.9145E+46
  1.7780E-01  1.6137E+46  5.1791E+28  2.2544E+43  1.6114E+46
  1.9950E-01  1.3581E+46  1.3343E+31  2.3310E+43  1.3558E+46
  2.2390E-01  1.1429E+46  1.4108E+33  2.5378E+43  1.1403E+46
  2.3710E-01  1.0490E+46  9.7259E+33  2.5256E+43  1.0464E+46
  2.5120E-01  9.6184E+45  5.9773E+34  2.2595E+43  9.5958E+45
  2.6610E-01  8.8205E+45  3.3816E+35  1.9300E+43  8.8012E+45
  2.8180E-01  8.0925E+45  1.7290E+36  1.6399E+43  8.0761E+45
  2.9850E-01  7.4220E+45  7.9913E+36  1.4086E+43  7.4079E+45
  3.1620E-01  6.8069E+45  3.3066E+37  1.2283E+43  6.7947E+45
  3.3500E-01  6.2416E+45  1.2442E+38  1.0767E+43  6.2308E+45
  3.5480E-01  5.7260E+45  4.2647E+38  9.4963E+42  5.7165E+45
  3.7580E-01  5.2526E+45  1.3493E+39  8.4212E+42  5.2442E+45
  3.9810E-01  4.8173E+45  3.9232E+39  7.5174E+42  4.8097E+45
  4.2170E-01  4.4184E+45  1.0497E+40  6.7533E+42  4.4116E+45
  4.4670E-01  4.0527E+45  2.6019E+40  6.1064E+42  4.0466E+45
  4.7320E-01  3.7171E+45  6.0605E+40  5.5456E+42  3.7115E+45
  5.0120E-01  3.4100E+45  1.3303E+41  5.0591E+42  3.4048E+45
  5.3090E-01  3.1281E+45  2.7693E+41  4.6441E+42  3.1232E+45
  5.6230E-01  2.8700E+45  5.4498E+41  4.2986E+42  2.8651E+45
  5.9570E-01  2.6326E+45  1.0213E+42  4.0151E+42  2.6276E+45
  6.3100E-01  2.4159E+45  1.8228E+42  3.7874E+42  2.4103E+45
  6.6830E-01  2.2181E+45  3.1031E+42  3.6134E+42  2.2114E+45
  7.0790E-01  2.0370E+45  5.0603E+42  3.4953E+42  2.0284E+45
  7.4990E-01  1.8718E+45  7.9105E+42  3.4278E+42  1.8605E+45
  7.9430E-01  1.7219E+45  1.1885E+43  3.4118E+42  1.7066E+45
  8.4140E-01  1.5860E+45  1.7227E+43  3.4492E+42  1.5653E+45
  8.9130E-01  1.4635E+45  2.4209E+43  3.5412E+42  1.4357E+45
  9.4410E-01  1.3536E+45  3.2911E+43  3.6740E+42  1.3170E+45
  1.0000E+00  1.2552E+45  4.3295E+43  3.8250E+42  1.2081E+45
  1.0590E+00  1.1678E+45  5.5267E+43  3.9893E+42  1.1086E+45
  1.1220E+00  1.0896E+45  6.8925E+43  4.1574E+42  1.0165E+45
  1.1890E+00  1.0203E+45  8.4119E+43  4.3151E+42  9.3183E+44
  1.2590E+00  9.5996E+44  1.0031E+44  4.4492E+42  8.5520E+44
  1.3340E+00  9.0568E+44  1.1703E+44  4.5469E+42  7.8411E+44
  1.4130E+00  8.5682E+44  1.3296E+44  4.5957E+42  7.1927E+44
  1.4960E+00  8.1249E+44  1.4764E+44  4.5926E+42  6.6026E+44
  1.5850E+00  7.7109E+44  1.6112E+44  4.5342E+42  6.0543E+44
  1.6790E+00  7.3222E+44  1.7250E+44  4.4183E+42  5.5530E+44
  1.7780E+00  6.9500E+44  1.8119E+44  4.2395E+42  5.0957E+44
  1.8840E+00  6.5846E+44  1.8728E+44  3.9958E+42  4.6719E+44
  1.9950E+00  6.2282E+44  1.9038E+44  3.6956E+42  4.2875E+44
  2.1130E+00  5.8733E+44  1.9066E+44  3.3488E+42  3.9333E+44
  2.2390E+00  5.5169E+44  1.8811E+44  2.9714E+42  3.6061E+44
  2.3710E+00  5.1662E+44  1.8312E+44  2.5844E+42  3.3092E+44
  2.5120E+00  4.8193E+44  1.7628E+44  2.2053E+42  3.0344E+44
  2.6610E+00  4.4810E+44  1.6793E+44  1.8496E+42  2.7832E+44
  2.8180E+00  4.1536E+44  1.5845E+44  1.5273E+42  2.5538E+44
  2.9850E+00  3.8389E+44  1.4838E+44  1.2432E+42  2.3426E+44
  3.1620E+00  3.5380E+44  1.3793E+44  9.9943E+41  2.1487E+44
  3.3500E+00  3.2563E+44  1.2780E+44  7.9401E+41  1.9704E+44
  3.5480E+00  2.9906E+44  1.1766E+44  6.2508E+41  1.8078E+44
  3.7580E+00  2.7424E+44  1.0791E+44  4.8746E+41  1.6583E+44
  3.9810E+00  2.5107E+44  9.8594E+43  3.7688E+41  1.5210E+44
  4.2170E+00  2.2955E+44  8.9749E+43  2.8918E+41  1.3951E+44
  4.4670E+00  2.0959E+44  8.1407E+43  2.2029E+41  1.2796E+44
  4.7320E+00  1.9115E+44  7.3617E+43  1.6650E+41  1.1737E+44
  5.0120E+00  1.7443E+44  6.6392E+43  1.2516E+41  1.0791E+44
  5.3090E+00  1.5580E+44  5.9682E+43  9.1587E+40  9.6024E+43
  5.6230E+00  1.3839E+44  5.3524E+43  6.6222E+40  8.4805E+43
  5.9570E+00  1.2229E+44  4.7927E+43  4.7326E+40  7.4316E+43
  6.3100E+00  1.0737E+44  4.2624E+43  3.3451E+40  6.4710E+43
  6.6830E+00  9.4258E+43  3.8221E+43  2.3462E+40  5.6014E+43
  7.0790E+00  8.2265E+43  3.4058E+43  1.6230E+40  4.8190E+43
  7.4990E+00  7.2146E+43  3.0906E+43  1.0873E+40  4.1229E+43
  7.9430E+00  6.5944E+43  3.0827E+43  6.7963E+39  3.5109E+43
  8.4140E+00  6.3267E+43  3.3511E+43  4.2093E+39  2.9752E+43
  8.9130E+00  6.0417E+43  3.5311E+43  2.8430E+39  2.5104E+43
  9.4410E+00  5.7255E+43  3.6152E+43  2.1910E+39  2.1101E+43
  1.0000E+01  4.9434E+43  3.1762E+43  1.7825E+39  1.7671E+43
  1.0590E+01  4.1714E+43  2.6955E+43  1.4402E+39  1.4758E+43
  1.1220E+01  3.4476E+43  2.2208E+43  1.0917E+39  1.2267E+43
  1.1890E+01  2.8499E+43  1.8339E+43  8.0176E+38  1.0159E+43
  1.2590E+01  2.3685E+43  1.5272E+43  5.6969E+38  8.4119E+42
  1.3340E+01  1.9814E+43  1.2881E+43  3.9127E+38  6.9319E+42
  1.4130E+01  1.7041E+43  1.1335E+43  2.6026E+38  5.7050E+42
  1.4960E+01  1.5613E+43  1.0921E+43  1.7682E+38  4.6919E+42
  1.5850E+01  1.4696E+43  1.0855E+43  1.2620E+38  3.8414E+42
  1.6790E+01  1.4063E+43  1.0922E+43  9.4772E+37  3.1409E+42
  1.7780E+01  1.3453E+43  1.0887E+43  7.4421E+37  2.5663E+42
  1.8840E+01  1.2658E+43  1.0569E+43  5.9467E+37  2.0888E+42
  1.9950E+01  1.1682E+43  9.9803E+42  4.6663E+37  1.7013E+42
  2.1130E+01  1.0810E+43  9.4277E+42  3.5629E+37  1.3827E+42
  2.2390E+01  1.0126E+43  9.0059E+42  2.7172E+37  1.1203E+42
  2.3710E+01  9.5784E+42  8.6697E+42  2.0685E+37  9.0864E+41
  2.5120E+01  9.1101E+42  8.3753E+42  1.5767E+37  7.3479E+41
  2.6610E+01  8.6806E+42  8.0867E+42  1.1961E+37  5.9383E+41
  2.8180E+01  8.2643E+42  7.7844E+42  9.0548E+36  4.7994E+41
  2.9850E+01  7.8307E+42  7.4435E+42  6.8175E+36  3.8717E+41
  3.1620E+01  7.3594E+42  7.0474E+42  5.0834E+36  3.1199E+41
  3.3500E+01  6.8455E+42  6.5945E+42  3.7495E+36  2.5106E+41
  3.5480E+01  6.2951E+42  6.0930E+42  2.7340E+36  2.0210E+41
  3.7580E+01  5.7122E+42  5.5497E+42  1.9672E+36  1.6253E+41
  3.9810E+01  5.1023E+42  4.9718E+42  1.3953E+36  1.3054E+41
  4.2170E+01  4.4920E+42  4.3872E+42  9.7529E+35  1.0479E+41
  4.4670E+01  3.8993E+42  3.8153E+42  6.7131E+35  8.4074E+40
  4.7320E+01  3.3406E+42  3.2732E+42  4.5563E+35  6.7400E+40
  5.0120E+01  2.8264E+42  2.7724E+42  3.0518E+35  5.4034E+40
  5.3090E+01  2.3622E+42  2.3189E+42  2.0180E+35  4.3282E+40
  5.6230E+01  1.9528E+42  1.9182E+42  1.3192E+35  3.4667E+40
  5.9570E+01  1.5965E+42  1.5688E+42  8.5231E+34  2.7728E+40
  6.3100E+01  1.2930E+42  1.2708E+42  5.4540E+34  2.2180E+40
  6.6830E+01  1.0380E+42  1.0203E+42  3.4592E+34  1.7744E+40
  7.0790E+01  8.2652E+41  8.1233E+41  2.1756E+34  1.4183E+40
  7.4990E+01  6.5290E+41  6.4157E+41  1.3576E+34  1.1329E+40
  7.9430E+01  5.1226E+41  5.0321E+41  8.4161E+33  9.0505E+39
  8.4140E+01  3.9930E+41  3.9207E+41  5.1829E+33  7.2256E+39
  8.9130E+01  3.0959E+41  3.0382E+41  3.1758E+33  5.7665E+39
  9.4410E+01  2.3879E+41  2.3418E+41  1.9364E+33  4.6021E+39
  1.0000E+02  1.8326E+41  1.7959E+41  1.1751E+33  3.6722E+39
  1.0590E+02  1.4015E+41  1.3721E+41  7.1095E+32  2.9317E+39
  1.1220E+02  1.0677E+41  1.0443E+41  4.2843E+32  2.3358E+39
  1.1890E+02  8.1214E+40  7.9355E+40  2.5787E+32  1.8590E+39
  1.2590E+02  6.1971E+40  6.0487E+40  1.5581E+32  1.4838E+39
  1.3340E+02  4.7324E+40  4.6143E+40  9.4366E+31  1.1811E+39
  1.4130E+02  3.5818E+40  3.4877E+40  5.6870E+31  9.4117E+38
  1.4960E+02  2.6556E+40  2.5805E+40  3.3556E+31  7.5121E+38
  1.5850E+02  1.9529E+40  1.8931E+40  1.9594E+31  5.9781E+38
  1.7780E+02  1.0610E+40  1.0231E+40  6.7099E+30  3.7942E+38
  1.9950E+02  5.7508E+39  5.5104E+39  2.2968E+30  2.4043E+38
  2.2390E+02  3.1007E+39  2.9485E+39  7.8421E+29  1.5216E+38
  2.5120E+02  1.6656E+39  1.5692E+39  2.6744E+29  9.6376E+37
  2.8180E+02  8.9121E+38  8.3016E+38  9.1114E+28  6.1043E+37
  3.1620E+02  4.7506E+38  4.3644E+38  3.1017E+28  3.8617E+37
  3.5480E+02  2.5278E+38  2.2836E+38  1.0571E+28  2.4421E+37
  3.9810E+02  1.3439E+38  1.1895E+38  3.6135E+27  1.5442E+37
  4.4670E+02  7.1472E+37  6.1712E+37  1.2402E+27  9.7603E+36
  5.0120E+02  3.8082E+37  3.1912E+37  4.2812E+26  6.1695E+36
  5.6230E+02  2.0358E+37  1.6458E+37  1.4883E+26  3.9003E+36
  6.3100E+02  1.0920E+37  8.4566E+36  5.2119E+25  2.4629E+36
  7.0790E+02  5.8958E+36  4.3390E+36  1.8438E+25  1.5568E+36
  7.9430E+02  3.2030E+36  2.2198E+36  6.5822E+24  9.8325E+35
  8.9130E+02  1.7538E+36  1.1330E+36  2.3735E+24  6.2077E+35
  1.0000E+03  9.6967E+35  5.7754E+35  8.6552E+23  3.9214E+35
