  1.0000E-03  4.8418E+43  0.0000E+00  4.0443E+42  4.4374E+43
  1.1220E-03  2.7541E+43  0.0000E+00  4.1643E+42  2.3377E+43
  1.2590E-03  1.5752E+43  0.0000E+00  4.0314E+42  1.1720E+43
  1.4130E-03  9.3619E+42  0.0000E+00  3.7015E+42  5.6605E+42
  1.5850E-03  6.4415E+42  0.0000E+00  3.3587E+42  3.0828E+42
  1.7780E-03  6.2986E+42  0.0000E+00  3.6475E+42  2.6511E+42
  1.9950E-03  3.7323E+42  0.0000E+00  3.0035E+42  7.2879E+41
  2.2390E-03  2.6074E+42  0.0000E+00  2.3313E+42  2.7605E+41
  2.5120E-03  2.6843E+42  0.0000E+00  2.4962E+42  1.8817E+41
  2.8180E-03  1.8359E+42  0.0000E+00  1.8074E+42  2.8583E+40
  3.1620E-03  1.3079E+42  0.0000E+00  1.3026E+42  5.3205E+39
  3.5480E-03  9.4383E+41  0.0000E+00  9.4273E+41  1.1002E+39
  3.9810E-03  6.9872E+41  0.0000E+00  6.9845E+41  2.6604E+38
  4.4670E-03  1.0032E+43  0.0000E+00  9.8749E+42  1.5711E+41
  5.0120E-03  6.5121E+42  0.0000E+00  6.4921E+42  1.9989E+40
  5.6230E-03  4.1172E+42  0.0000E+00  4.1146E+42  2.5839E+39
  5.9570E-03  3.2790E+42  0.0000E+00  3.2780E+42  9.7336E+38
  6.6830E-03  2.1692E+42  0.0000E+00  2.1690E+42  1.7175E+38
  7.4990E-03  1.5387E+42  0.0000E+00  1.5387E+42  4.4085E+37
  8.4140E-03  1.0565E+42  0.0000E+00  1.0565E+42  8.7138E+36
  9.4410E-03  7.6137E+41  0.0000E+00  7.6137E+41  2.4002E+36
  1.0590E-02  5.9445E+41  0.0000E+00  5.9445E+41  1.3651E+36
  1.1890E-02  4.4694E+41  0.0000E+00  4.4694E+41  3.1690E+35
  1.3340E-02  3.3509E+41  0.0000E+00  3.3509E+41  1.0737E+35
  1.4960E-02  2.4358E+41  0.0000E+00  2.4358E+41  2.6822E+34
  1.6790E-02  1.7836E+41  0.0000E+00  1.7836E+41  7.6358E+33
  1.8840E-02  1.3259E+41  0.0000E+00  1.3259E+41  2.5698E+33
  2.1130E-02  9.8943E+40  0.0000E+00  9.8943E+40  7.4649E+32
  2.3710E-02  7.2533E+40  0.0000E+00  7.2533E+40  2.0560E+32
  2.6610E-02  5.1756E+40  0.0000E+00  5.1756E+40  4.9973E+31
  2.9850E-02  3.6710E+40  0.0000E+00  3.6710E+40  1.2391E+31
  3.3500E-02  2.5814E+40  1.1927E-81  2.5814E+40  2.9942E+30
  3.7580E-02  2.5704E+40  1.0638E-68  2.5704E+40  2.2471E+30
  4.2170E-02  2.1110E+40  1.2764E-57  2.1110E+40  5.3300E+29
  4.7320E-02  9.1830E+39  1.6626E-48  9.1830E+39  1.5359E+28
  5.3090E-02  3.7187E+39  8.2552E-41  3.7187E+39  2.0144E+26
  6.6830E-02  3.9350E+38  2.2169E-31  3.9350E+38  6.5449E+18
  7.4990E-02  1.3279E+38  9.7379E-29  1.3279E+38  1.0347E+14
  8.4140E-02  1.5378E+38  4.7296E-22  1.5378E+38  1.6021E+15
  9.4410E-02  1.8019E+38  2.6819E-16  1.8019E+38  1.0773E+16
  1.0590E-01  3.8741E+38  4.0283E-09  3.8741E+38  2.2861E+19
  1.1890E-01  1.0622E+39  3.6174E-02  1.0622E+39  1.2602E+23
  1.3340E-01  4.0436E+39  1.2358E+04  4.0436E+39  6.2391E+25
  1.4960E-01  1.2052E+40  3.9657E+08  1.2052E+40  3.2654E+27
  1.5850E-01  1.3883E+40  2.1720E+10  1.3883E+40  6.3429E+27
  1.7780E-01  6.1413E+39  4.2301E+12  6.1413E+39  1.4525E+27
  1.9950E-01  5.2422E+38  3.3069E+12  5.2422E+38  7.2449E+23
  2.2390E-01  2.1952E+38  1.1912E+13  2.1952E+38  6.5673E+21
  2.3710E-01  5.1180E+38  6.7375E+15  5.1180E+38  1.3740E+24
  2.5120E-01  1.3821E+39  3.9809E+18  1.3821E+39  3.6241E+26
  2.6610E-01  2.9405E+39  5.0330E+20  2.9405E+39  1.5392E+28
  2.8180E-01  5.0981E+39  2.4653E+22  5.0981E+39  2.2497E+29
  2.9850E-01  7.8834E+39  6.8446E+23  7.8834E+39  1.8339E+30
  3.1620E-01  1.1744E+40  1.4238E+25  1.1744E+40  1.1923E+31
  3.3500E-01  1.6893E+40  2.3732E+26  1.6893E+40  6.5849E+31
  3.5480E-01  2.3181E+40  3.1093E+27  2.3181E+40  3.0157E+32
  3.7580E-01  3.1198E+40  3.7005E+28  3.1198E+40  1.3416E+33
  3.9810E-01  4.1044E+40  3.6146E+29  4.1044E+40  5.1995E+33
  4.2170E-01  5.4787E+40  3.5623E+30  5.4787E+40  2.2377E+34
  4.4670E-01  7.2781E+40  3.1045E+31  7.2781E+40  9.0968E+34
  4.7320E-01  9.5530E+40  2.4710E+32  9.5530E+40  3.5618E+35
  5.0120E-01  1.2330E+41  1.7768E+33  1.2330E+41  1.3226E+36
  5.3090E-01  1.5786E+41  1.2210E+34  1.5786E+41  4.9380E+36
  5.6230E-01  1.9777E+41  7.2080E+34  1.9776E+41  1.6444E+37
  5.9570E-01  2.4384E+41  3.8240E+35  2.4378E+41  5.1047E+37
  6.3100E-01  2.9826E+41  1.8864E+36  2.9810E+41  1.5397E+38
  6.6830E-01  3.6108E+41  8.6497E+36  3.6062E+41  4.5010E+38
  7.0790E-01  4.3546E+41  3.6557E+37  4.3417E+41  1.2588E+39
  7.4990E-01  5.2025E+41  1.3867E+38  5.1685E+41  3.2620E+39
  7.9430E-01  6.2106E+41  4.8706E+38  6.1246E+41  8.1133E+39
  8.4140E-01  7.4228E+41  1.6003E+39  7.2119E+41  1.9496E+40
  8.9130E-01  9.0185E+41  5.0729E+39  8.4999E+41  4.6785E+40
  9.4410E-01  1.1118E+42  1.4924E+40  9.8979E+41  1.0711E+41
  1.0000E+00  1.3977E+42  3.9833E+40  1.1304E+42  2.2745E+41
  1.0590E+00  1.8219E+42  9.7393E+40  1.2719E+42  4.5267E+41
  1.1220E+00  2.4900E+42  2.2225E+41  1.4116E+42  8.5625E+41
  1.1890E+00  3.5710E+42  4.7711E+41  1.5420E+42  1.5519E+42
  1.2590E+00  5.3565E+42  9.7044E+41  1.6550E+42  2.7311E+42
  1.3340E+00  8.1328E+42  1.8435E+42  1.7362E+42  4.5531E+42
  1.4130E+00  1.2120E+43  3.2275E+42  1.7769E+42  7.1156E+42
  1.4960E+00  1.7609E+43  5.2779E+42  1.7766E+42  1.0555E+43
  1.5850E+00  2.4928E+43  8.1840E+42  1.7351E+42  1.5008E+43
  1.6790E+00  3.4362E+43  1.2073E+43  1.6533E+42  2.0635E+43
  1.7780E+00  4.5984E+43  1.6967E+43  1.5333E+42  2.7484E+43
  1.8840E+00  5.9544E+43  2.2778E+43  1.3815E+42  3.5384E+43
  1.9950E+00  7.4495E+43  2.9185E+43  1.2094E+42  4.4101E+43
  2.1130E+00  8.9942E+43  3.5764E+43  1.0289E+42  5.3150E+43
  2.2390E+00  1.0482E+44  4.1957E+43  8.5170E+41  6.2014E+43
  2.3710E+00  1.1822E+44  4.7250E+43  6.8812E+41  7.0279E+43
  2.5120E+00  1.2926E+44  5.1289E+43  5.4415E+41  7.7423E+43
  2.6610E+00  1.3753E+44  5.3829E+43  4.2254E+41  8.3274E+43
  2.8180E+00  1.4290E+44  5.4812E+43  3.2304E+41  8.7760E+43
  2.9850E+00  1.4540E+44  5.4370E+43  2.4376E+41  9.0789E+43
  3.1620E+00  1.4537E+44  5.2691E+43  1.8197E+41  9.2501E+43
  3.3500E+00  1.4312E+44  5.0151E+43  1.3474E+41  9.2834E+43
  3.5480E+00  1.3930E+44  4.6933E+43  9.9131E+40  9.2264E+43
  3.7580E+00  1.3419E+44  4.3349E+43  7.2538E+40  9.0768E+43
  3.9810E+00  1.2816E+44  3.9592E+43  5.2852E+40  8.8518E+43
  4.2170E+00  1.2158E+44  3.5842E+43  3.8397E+40  8.5703E+43
  4.4670E+00  1.1472E+44  3.2229E+43  2.7829E+40  8.2458E+43
  4.7320E+00  1.0771E+44  2.8832E+43  2.0120E+40  7.8861E+43
  5.0120E+00  1.0093E+44  2.5710E+43  1.4551E+40  7.5205E+43
  5.3090E+00  9.1940E+43  2.2854E+43  1.0253E+40  6.9076E+43
  5.6230E+00  8.2988E+43  2.0292E+43  7.1657E+39  6.2689E+43
  5.9570E+00  7.4241E+43  1.8027E+43  4.9679E+39  5.6209E+43
  6.3100E+00  6.5918E+43  1.5947E+43  3.4156E+39  4.9968E+43
  6.6830E+00  5.8331E+43  1.4323E+43  2.3368E+39  4.4006E+43
  7.0790E+00  5.1291E+43  1.2824E+43  1.5800E+39  3.8465E+43
  7.4990E+00  4.4218E+43  1.1492E+43  1.0494E+39  3.2724E+43
  7.9430E+00  3.5342E+43  1.0286E+43  6.8951E+38  2.5055E+43
  8.4140E+00  2.5888E+43  9.1148E+42  4.7745E+38  1.6773E+43
  8.9130E+00  1.9149E+43  8.0405E+42  3.5547E+38  1.1108E+43
  9.4410E+00  1.4453E+43  7.0713E+42  2.9629E+38  7.3811E+42
  1.0000E+01  1.3763E+43  6.8639E+42  2.2630E+38  6.8985E+42
  1.0590E+01  1.3422E+43  6.6695E+42  1.6737E+38  6.7519E+42
  1.1220E+01  1.3105E+43  6.4128E+42  1.1454E+38  6.6919E+42
  1.1890E+01  1.2280E+43  5.9790E+42  7.7506E+37  6.3013E+42
  1.2590E+01  1.1365E+43  5.5708E+42  5.1389E+37  5.7941E+42
  1.3340E+01  1.0331E+43  5.1715E+42  3.3471E+37  5.1595E+42
  1.4130E+01  9.2761E+42  4.8562E+42  2.1539E+37  4.4199E+42
  1.4960E+01  8.2581E+42  4.6957E+42  1.4509E+37  3.5623E+42
  1.5850E+01  7.4161E+42  4.6085E+42  1.0325E+37  2.8075E+42
  1.6790E+01  6.7662E+42  4.5676E+42  7.7449E+36  2.1986E+42
  1.7780E+01  6.2942E+42  4.5503E+42  6.0432E+36  1.7439E+42
  1.8840E+01  5.9576E+42  4.5373E+42  4.7402E+36  1.4203E+42
  1.9950E+01  5.7088E+42  4.5149E+42  3.6113E+36  1.1939E+42
  2.1130E+01  5.5083E+42  4.5034E+42  2.6801E+36  1.0048E+42
  2.2390E+01  5.3428E+42  4.5052E+42  1.9954E+36  8.3766E+41
  2.3710E+01  5.2038E+42  4.5079E+42  1.4879E+36  6.9596E+41
  2.5120E+01  5.0626E+42  4.4883E+42  1.1127E+36  5.7438E+41
  2.6610E+01  4.9066E+42  4.4339E+42  8.2858E+35  4.7273E+41
  2.8180E+01  4.7198E+42  4.3316E+42  6.1549E+35  3.8825E+41
  2.9850E+01  4.4877E+42  4.1699E+42  4.5394E+35  3.1779E+41
  3.1620E+01  4.2060E+42  3.9464E+42  3.3079E+35  2.5962E+41
  3.3500E+01  3.8762E+42  3.6646E+42  2.3775E+35  2.1166E+41
  3.5480E+01  3.5095E+42  3.3370E+42  1.6840E+35  1.7250E+41
  3.7580E+01  3.1196E+42  2.9792E+42  1.1737E+35  1.4042E+41
  3.9810E+01  2.7211E+42  2.6069E+42  8.0465E+34  1.1417E+41
  4.2170E+01  2.3329E+42  2.2402E+42  5.4284E+34  9.2764E+40
  4.4670E+01  1.9684E+42  1.8931E+42  3.6038E+34  7.5289E+40
  4.7320E+01  1.6371E+42  1.5760E+42  2.3588E+34  6.1021E+40
  5.0120E+01  1.3439E+42  1.2944E+42  1.5245E+34  4.9421E+40
  5.3090E+01  1.0895E+42  1.0496E+42  9.7349E+33  3.9963E+40
  5.6230E+01  8.7415E+41  8.4187E+41  6.1535E+33  3.2286E+40
  5.9570E+01  6.9407E+41  6.6804E+41  3.8506E+33  2.6027E+40
  6.3100E+01  5.4654E+41  5.2557E+41  2.3909E+33  2.0968E+40
  6.6830E+01  4.2721E+41  4.1033E+41  1.4745E+33  1.6881E+40
  7.0790E+01  3.3164E+41  3.1807E+41  9.0348E+32  1.3570E+40
  7.4990E+01  2.5580E+41  2.4491E+41  5.5045E+32  1.0894E+40
  7.9430E+01  1.9629E+41  1.8755E+41  3.3389E+32  8.7421E+39
  8.4140E+01  1.4988E+41  1.4287E+41  2.0161E+32  7.0071E+39
  8.9130E+01  1.1401E+41  1.0840E+41  1.2138E+32  5.6117E+39
  9.4410E+01  8.6430E+40  8.1938E+40  7.2870E+31  4.4924E+39
  1.0000E+02  6.5299E+40  6.1704E+40  4.3630E+31  3.5945E+39
  1.0590E+02  4.9243E+40  4.6366E+40  2.6098E+31  2.8765E+39
  1.1220E+02  3.7050E+40  3.4754E+40  1.5577E+31  2.2966E+39
  1.1890E+02  2.7885E+40  2.6054E+40  9.3056E+30  1.8312E+39
  1.2590E+02  2.1103E+40  1.9640E+40  5.5933E+30  1.4639E+39
  1.3340E+02  1.6012E+40  1.4846E+40  3.3758E+30  1.1668E+39
  1.4130E+02  1.2043E+40  1.1112E+40  2.0293E+30  9.3092E+38
  1.4960E+02  8.8608E+39  8.1168E+39  1.1950E+30  7.4398E+38
  1.5850E+02  6.4720E+39  5.8793E+39  6.9756E+29  5.9274E+38
  1.7780E+02  3.4885E+39  3.1116E+39  2.4023E+29  3.7690E+38
  1.9950E+02  1.8873E+39  1.6481E+39  8.3310E+28  2.3917E+38
  2.2390E+02  1.0211E+39  8.6957E+38  2.9018E+28  1.5153E+38
  2.5120E+02  5.5338E+38  4.5732E+38  1.0166E+28  9.6059E+37
  2.8180E+02  3.0039E+38  2.3951E+38  3.5828E+27  6.0884E+37
  3.1620E+02  1.6336E+38  1.2483E+38  1.2700E+27  3.8537E+37
  3.5480E+02  8.9202E+37  6.4821E+37  4.5346E+26  2.4381E+37
  3.9810E+02  4.8969E+37  3.3548E+37  1.6333E+26  1.5422E+37
  4.4670E+02  2.7058E+37  1.7308E+37  5.9352E+25  9.7501E+36
  5.0120E+02  1.5071E+37  8.9071E+36  2.1773E+25  6.1643E+36
  5.6230E+02  8.4723E+36  4.5745E+36  8.0624E+24  3.8978E+36
  6.3100E+02  4.8037E+36  2.3420E+36  3.0103E+24  2.4616E+36
  7.0790E+02  2.7541E+36  1.1980E+36  1.1348E+24  1.5561E+36
  7.9430E+02  1.5941E+36  6.1120E+35  4.3090E+23  9.8292E+35
  8.9130E+02  9.3183E+35  3.1122E+35  1.6475E+23  6.2061E+35
  1.0000E+03  5.5037E+35  1.5832E+35  6.3440E+22  3.9205E+35
