  1.0000E-03  8.8731E+44  0.0000E+00  1.0695E+43  8.7662E+44
  1.1220E-03  9.9530E+44  0.0000E+00  1.1728E+43  9.8357E+44
  1.2590E-03  1.1158E+45  0.0000E+00  1.2125E+43  1.1037E+45
  1.4130E-03  1.2506E+45  0.0000E+00  1.1935E+43  1.2387E+45
  1.5850E-03  1.4009E+45  0.0000E+00  1.1484E+43  1.3894E+45
  1.7780E-03  1.5711E+45  0.0000E+00  1.2460E+43  1.5586E+45
  1.9950E-03  1.7605E+45  0.0000E+00  1.1680E+43  1.7488E+45
  2.2390E-03  1.9730E+45  0.0000E+00  1.0239E+43  1.9627E+45
  2.5120E-03  2.2131E+45  0.0000E+00  1.1099E+43  2.2020E+45
  2.8180E-03  2.4803E+45  0.0000E+00  1.0085E+43  2.4702E+45
  3.1620E-03  2.7810E+45  0.0000E+00  9.1460E+42  2.7718E+45
  3.5480E-03  3.1186E+45  0.0000E+00  8.3440E+42  3.1103E+45
  3.9810E-03  3.4975E+45  0.0000E+00  7.6410E+42  3.4898E+45
  4.4670E-03  3.9678E+45  0.0000E+00  5.1967E+43  3.9158E+45
  5.0120E-03  4.4358E+45  0.0000E+00  4.2258E+43  4.3936E+45
  5.6230E-03  4.9646E+45  0.0000E+00  3.5325E+43  4.9292E+45
  5.9570E-03  5.2551E+45  0.0000E+00  3.3078E+43  5.2220E+45
  6.6830E-03  5.8893E+45  0.0000E+00  3.0803E+43  5.8585E+45
  7.4990E-03  6.6044E+45  0.0000E+00  3.0581E+43  6.5738E+45
  8.4140E-03  7.4073E+45  0.0000E+00  3.1442E+43  7.3758E+45
  9.4410E-03  8.3093E+45  0.0000E+00  3.3161E+43  8.2761E+45
  1.0590E-02  9.3187E+45  0.0000E+00  3.5420E+43  9.2833E+45
  1.1890E-02  1.0462E+46  0.0000E+00  3.8685E+43  1.0423E+46
  1.3340E-02  1.1736E+46  0.0000E+00  4.2209E+43  1.1694E+46
  1.4960E-02  1.3160E+46  0.0000E+00  4.6357E+43  1.3114E+46
  1.6790E-02  1.4770E+46  0.0000E+00  5.1121E+43  1.4718E+46
  1.8840E-02  1.6572E+46  0.0000E+00  5.6540E+43  1.6515E+46
  2.1130E-02  1.8586E+46  0.0000E+00  6.2712E+43  1.8524E+46
  2.3710E-02  2.0854E+46  0.0000E+00  6.9716E+43  2.0785E+46
  2.6610E-02  2.3404E+46  0.0000E+00  7.7648E+43  2.3326E+46
  2.9850E-02  2.6253E+46  1.3079E-82  8.6449E+43  2.6166E+46
  3.3500E-02  2.9462E+46  8.2458E-68  9.5829E+43  2.9367E+46
  3.7580E-02  3.3046E+46  1.0353E-54  1.0326E+44  3.2942E+46
  4.2170E-02  3.7101E+46  4.4416E-43  1.3372E+44  3.6967E+46
  4.7320E-02  4.1641E+46  1.1375E-32  1.5909E+44  4.1482E+46
  5.3090E-02  4.3385E+46  1.9869E-23  1.7288E+44  4.3212E+46
  6.6830E-02  4.1452E+46  6.6678E-08  1.8388E+44  4.1268E+46
  7.4990E-02  4.0516E+46  2.0932E-01  1.8758E+44  4.0328E+46
  8.4140E-02  3.9587E+46  1.0915E+05  1.7738E+44  3.9410E+46
  9.4410E-02  3.8684E+46  1.2997E+10  1.7163E+44  3.8513E+46
  1.0590E-01  3.5211E+46  3.7281E+14  1.5507E+44  3.5055E+46
  1.1890E-01  2.9582E+46  3.0755E+18  1.1454E+44  2.9467E+46
  1.3340E-01  2.4880E+46  7.0114E+21  8.4893E+43  2.4795E+46
  1.4960E-01  2.0931E+46  8.6815E+24  5.2547E+43  2.0878E+46
  1.5850E-01  1.9186E+46  2.5886E+26  4.1198E+43  1.9145E+46
  1.7780E-01  1.6148E+46  1.2654E+29  3.3797E+43  1.6114E+46
  1.9950E-01  1.3592E+46  3.2269E+31  3.3708E+43  1.3558E+46
  2.2390E-01  1.1439E+46  3.6041E+33  3.6242E+43  1.1403E+46
  2.3710E-01  1.0500E+46  2.5094E+34  3.5444E+43  1.0464E+46
  2.5120E-01  9.6275E+45  1.5203E+35  3.1715E+43  9.5958E+45
  2.6610E-01  8.8286E+45  8.4919E+35  2.7383E+43  8.8012E+45
  2.8180E-01  8.0996E+45  4.3015E+36  2.3560E+43  8.0761E+45
  2.9850E-01  7.4284E+45  1.9741E+37  2.0477E+43  7.4079E+45
  3.1620E-01  6.8127E+45  8.1210E+37  1.8056E+43  6.7947E+45
  3.3500E-01  6.2468E+45  3.0433E+38  1.6006E+43  6.2308E+45
  3.5480E-01  5.7307E+45  1.0414E+39  1.4272E+43  5.7165E+45
  3.7580E-01  5.2570E+45  3.2897E+39  1.2791E+43  5.2442E+45
  3.9810E-01  4.8213E+45  9.5623E+39  1.1539E+43  4.8097E+45
  4.2170E-01  4.4221E+45  2.5527E+40  1.0477E+43  4.4116E+45
  4.4670E-01  4.0563E+45  6.3134E+40  9.5765E+42  4.0466E+45
  4.7320E-01  3.7204E+45  1.4667E+41  8.7888E+42  3.7115E+45
  5.0120E-01  3.4132E+45  3.2088E+41  8.0955E+42  3.4048E+45
  5.3090E-01  3.1313E+45  6.6455E+41  7.4924E+42  3.1232E+45
  5.6230E-01  2.8734E+45  1.3013E+42  6.9793E+42  2.8651E+45
  5.9570E-01  2.6365E+45  2.4252E+42  6.5448E+42  2.6276E+45
  6.3100E-01  2.4208E+45  4.2983E+42  6.1808E+42  2.4103E+45
  6.6830E-01  2.2245E+45  7.2544E+42  5.8826E+42  2.2114E+45
  7.0790E-01  2.0458E+45  1.1711E+43  5.6567E+42  2.0284E+45
  7.4990E-01  1.8841E+45  1.8108E+43  5.4959E+42  1.8605E+45
  7.9430E-01  1.7389E+45  2.6857E+43  5.4031E+42  1.7066E+45
  8.4140E-01  1.6090E+45  3.8339E+43  5.3826E+42  1.5653E+45
  8.9130E-01  1.4940E+45  5.2835E+43  5.4362E+42  1.4357E+45
  9.4410E-01  1.3928E+45  7.0269E+43  5.5449E+42  1.3170E+45
  1.0000E+00  1.3041E+45  9.0347E+43  5.6770E+42  1.2081E+45
  1.0590E+00  1.2269E+45  1.1254E+44  5.8227E+42  1.1086E+45
  1.1220E+00  1.1591E+45  1.3663E+44  5.9612E+42  1.0165E+45
  1.1890E+00  1.0998E+45  1.6186E+44  6.0623E+42  9.3183E+44
  1.2590E+00  1.0479E+45  1.8659E+44  6.0916E+42  8.5520E+44
  1.3340E+00  1.0003E+45  2.1019E+44  6.0334E+42  7.8411E+44
  1.4130E+00  9.5585E+44  2.3070E+44  5.8781E+42  7.1927E+44
  1.4960E+00  9.1339E+44  2.4750E+44  5.6262E+42  6.6026E+44
  1.5850E+00  8.7156E+44  2.6085E+44  5.2815E+42  6.0543E+44
  1.6790E+00  8.2949E+44  2.6934E+44  4.8499E+42  5.5530E+44
  1.7780E+00  7.8638E+44  2.7246E+44  4.3445E+42  5.0957E+44
  1.8840E+00  7.4196E+44  2.7098E+44  3.7913E+42  4.6719E+44
  1.9950E+00  6.9682E+44  2.6485E+44  3.2229E+42  4.2875E+44
  2.1130E+00  6.5087E+44  2.5487E+44  2.6701E+42  3.9333E+44
  2.2390E+00  6.0425E+44  2.4149E+44  2.1582E+42  3.6061E+44
  2.3710E+00  5.5821E+44  2.2559E+44  1.7072E+42  3.3092E+44
  2.5120E+00  5.1296E+44  2.0819E+44  1.3252E+42  3.0344E+44
  2.6610E+00  4.6924E+44  1.8991E+44  1.0124E+42  2.7832E+44
  2.8180E+00  4.2746E+44  1.7132E+44  7.6310E+41  2.5538E+44
  2.9850E+00  3.8799E+44  1.5315E+44  5.6877E+41  2.3426E+44
  3.1620E+00  3.5101E+44  1.3572E+44  4.2008E+41  2.1487E+44
  3.3500E+00  3.1717E+44  1.1983E+44  3.0829E+41  1.9704E+44
  3.5480E+00  2.8611E+44  1.0510E+44  2.2505E+41  1.8078E+44
  3.7580E+00  2.5791E+44  9.1915E+43  1.6360E+41  1.6583E+44
  3.9810E+00  2.3240E+44  8.0187E+43  1.1854E+41  1.5210E+44
  4.2170E+00  2.0947E+44  6.9871E+43  8.5707E+40  1.3951E+44
  4.4670E+00  1.8889E+44  6.0865E+43  6.1865E+40  1.2796E+44
  4.7320E+00  1.7048E+44  5.3066E+43  4.4572E+40  1.1737E+44
  5.0120E+00  1.5430E+44  4.6354E+43  3.2132E+40  1.0791E+44
  5.3090E+00  1.3659E+44  4.0545E+43  2.2623E+40  9.6024E+43
  5.6230E+00  1.2038E+44  3.5559E+43  1.5812E+40  8.4805E+43
  5.9570E+00  1.0563E+44  3.1300E+43  1.0972E+40  7.4316E+43
  6.3100E+00  9.2199E+43  2.7482E+43  7.5526E+39  6.4710E+43
  6.6830E+00  8.0530E+43  2.4511E+43  5.1784E+39  5.6014E+43
  7.0790E+00  7.0000E+43  2.1806E+43  3.5095E+39  4.8190E+43
  7.4990E+00  6.0929E+43  1.9698E+43  2.3443E+39  4.1229E+43
  7.9430E+00  5.4146E+43  1.9035E+43  1.5740E+39  3.5109E+43
  8.4140E+00  4.9654E+43  1.9900E+43  1.1346E+39  2.9752E+43
  8.9130E+00  4.5880E+43  2.0775E+43  8.7745E+38  2.5104E+43
  9.4410E+00  4.2583E+43  2.1481E+43  7.5617E+38  2.1101E+43
  1.0000E+01  3.6692E+43  1.9021E+43  5.7309E+38  1.7671E+43
  1.0590E+01  3.1086E+43  1.6328E+43  4.1835E+38  1.4758E+43
  1.1220E+01  2.6036E+43  1.3768E+43  2.8214E+38  1.2267E+43
  1.1890E+01  2.1847E+43  1.1688E+43  1.8906E+38  1.0159E+43
  1.2590E+01  1.8522E+43  1.0110E+43  1.2456E+38  8.4119E+42
  1.3340E+01  1.5820E+43  8.8883E+42  8.0907E+37  6.9319E+42
  1.4130E+01  1.3797E+43  8.0918E+42  5.2191E+37  5.7050E+42
  1.4960E+01  1.2541E+43  7.8495E+42  3.5559E+37  4.6919E+42
  1.5850E+01  1.1641E+43  7.8000E+42  2.5665E+37  3.8414E+42
  1.6790E+01  1.0982E+43  7.8412E+42  1.9526E+37  3.1409E+42
  1.7780E+01  1.0417E+43  7.8510E+42  1.5411E+37  2.5663E+42
  1.8840E+01  9.8112E+42  7.7224E+42  1.2170E+37  2.0888E+42
  1.9950E+01  9.1498E+42  7.4484E+42  9.2900E+36  1.7013E+42
  2.1130E+01  8.5698E+42  7.1872E+42  6.8947E+36  1.3827E+42
  2.2390E+01  8.0983E+42  6.9780E+42  5.1282E+36  1.1203E+42
  2.3710E+01  7.7009E+42  6.7923E+42  3.8147E+36  9.0864E+41
  2.5120E+01  7.3257E+42  6.5909E+42  2.8415E+36  7.3479E+41
  2.6610E+01  6.9480E+42  6.3542E+42  2.1045E+36  5.9383E+41
  2.8180E+01  6.5473E+42  6.0673E+42  1.5530E+36  4.7994E+41
  2.9850E+01  6.1036E+42  5.7164E+42  1.1367E+36  3.8717E+41
  3.1620E+01  5.6127E+42  5.3007E+42  8.2155E+35  3.1199E+41
  3.3500E+01  5.0797E+42  4.8287E+42  5.8541E+35  2.5106E+41
  3.5480E+01  4.5217E+42  4.3196E+42  4.1108E+35  2.0210E+41
  3.7580E+01  3.9552E+42  3.7927E+42  2.8404E+35  1.6253E+41
  3.9810E+01  3.3969E+42  3.2664E+42  1.9307E+35  1.3054E+41
  4.2170E+01  2.8700E+42  2.7652E+42  1.2917E+35  1.0479E+41
  4.4670E+01  2.3883E+42  2.3042E+42  8.5057E+34  8.4074E+40
  4.7320E+01  1.9607E+42  1.8933E+42  5.5238E+34  6.7400E+40
  5.0120E+01  1.5901E+42  1.5360E+42  3.5430E+34  5.4034E+40
  5.3090E+01  1.2746E+42  1.2313E+42  2.2461E+34  4.3282E+40
  5.6230E+01  1.0118E+42  9.7711E+41  1.4098E+34  3.4667E+40
  5.9570E+01  7.9535E+41  7.6762E+41  8.7625E+33  2.7728E+40
  6.3100E+01  6.2047E+41  5.9829E+41  5.4054E+33  2.2180E+40
  6.6830E+01  4.8078E+41  4.6304E+41  3.3128E+33  1.7744E+40
  7.0790E+01  3.7017E+41  3.5599E+41  2.0178E+33  1.4183E+40
  7.4990E+01  2.8334E+41  2.7201E+41  1.2222E+33  1.1329E+40
  7.9430E+01  2.1586E+41  2.0681E+41  7.3727E+32  9.0505E+39
  8.4140E+01  1.6371E+41  1.5648E+41  4.4282E+32  7.2256E+39
  8.9130E+01  1.2374E+41  1.1797E+41  2.6523E+32  5.7665E+39
  9.4410E+01  9.3244E+40  8.8642E+40  1.5846E+32  4.6021E+39
  1.0000E+02  7.0051E+40  6.6379E+40  9.4429E+31  3.6722E+39
  1.0590E+02  5.2548E+40  4.9616E+40  5.6231E+31  2.9317E+39
  1.1220E+02  3.9339E+40  3.7003E+40  3.3418E+31  2.3358E+39
  1.1890E+02  2.9466E+40  2.7607E+40  1.9881E+31  1.8590E+39
  1.2590E+02  2.2199E+40  2.0715E+40  1.1902E+31  1.4838E+39
  1.3340E+02  1.6769E+40  1.5588E+40  7.1560E+30  1.1811E+39
  1.4130E+02  1.2562E+40  1.1621E+40  4.2862E+30  9.4117E+38
  1.4960E+02  9.2118E+39  8.4606E+39  2.5157E+30  7.5121E+38
  1.5850E+02  6.7073E+39  6.1095E+39  1.4638E+30  5.9781E+38
  1.7780E+02  3.5943E+39  3.2149E+39  5.0108E+29  3.7942E+38
  1.9950E+02  1.9344E+39  1.6939E+39  1.7280E+29  2.4043E+38
  2.2390E+02  1.0418E+39  8.8963E+38  5.9881E+28  1.5216E+38
  2.5120E+02  5.6234E+38  4.6597E+38  2.0880E+28  9.6376E+37
  2.8180E+02  3.0420E+38  2.4316E+38  7.3266E+27  6.1043E+37
  3.1620E+02  1.6494E+38  1.2633E+38  2.5867E+27  3.8617E+37
  3.5480E+02  8.9837E+37  6.5416E+37  9.2030E+26  2.4421E+37
  3.9810E+02  4.9214E+37  3.3772E+37  3.3040E+26  1.5442E+37
  4.4670E+02  2.7146E+37  1.7386E+37  1.1970E+26  9.7603E+36
  5.0120E+02  1.5099E+37  8.9299E+36  4.3798E+25  6.1695E+36
  5.6230E+02  8.4788E+36  4.5784E+36  1.6181E+25  3.9003E+36
  6.3100E+02  4.8035E+36  2.3405E+36  6.0293E+24  2.4629E+36
  7.0790E+02  2.7524E+36  1.1956E+36  2.2691E+24  1.5568E+36
  7.9430E+02  1.5925E+36  6.0927E+35  8.6030E+23  9.8325E+35
  8.9130E+02  9.3069E+35  3.0992E+35  3.2852E+23  6.2077E+35
  1.0000E+03  5.4964E+35  1.5751E+35  1.2637E+23  3.9214E+35
